
0.102082
-0.407749
0.90737
0.952627
0.00029939

0.48673
0.226958
0.843554
-0.40825
0.117762

-0.48673
-0.226958
-0.843554
0.767584
0.00329216

0.527268
-0.245278
0.813527
0.975621
0.00029664

-0.527268
0.245278
-0.813527
-23.9645
300.7

0.76848
0.478177
0.425188
0.992894
1.29429e-06

0.868869
0.384253
-0.312115
0.27832
0.0338601

-0.868869
-0.384253
0.312115
0.250293
0.0365394

0.744746
0.467339
0.47639
0.564856
0.0107328

-0.744746
-0.467339
-0.47639
0.108465
0.0449232

-0.46
0.6997
0.546644
0.991021
8.67963e-06

0.111874
-0.927786
0.355947
-1.1511
0.338661

-0.090808
0.633603
-0.76831
-0.574961
0.331837

0.090808
-0.633603
0.76831
-0.456145
0.283662

-0.524712
0.0599727
-0.849165
-3.4271
2.32216

0.524712
-0.0599727
0.849165
0.882313
0.00165365

0.510355
0.674637
0.533294
0.551184
0.0120389

-0.876575
-0.481265
0
0.23365
0.0543573

0.876575
0.481265
0
-0.38377
0.177201

0.3654
-0.181951
0.912894
-0.743991
0.24876

-0.3654
0.181951
-0.912894
0.604537
0.0127934

-0.0969403
0.788596
-0.607222
0.705597
0.00469366

0.0969403
-0.788596
0.607222
-0.0795217
0.0630907

-0.614707
-0.00452556
0.788742
0.851601
0.000945398

0.614707
0.00452556
-0.788742
0.00507486
0.0403319

0.557404
-0.738546
-0.379277
-0.992135
0.450292

-0.557404
0.738546
0.379277
0.24558
0.064619

-0.991924
-0.0438196
0.119022
0.582985
0.0236811

0.968483
0.0543553
0.243078
0.106425
0.0699839

-0.968483
-0.0543553
-0.243078
-0.0972235
0.105509

-0.448164
-0.364069
-0.816458
0.252221
0.0263385

-0.745691
-0.145656
0.650176
0.593792
0.0136632

0.745691
0.145656
-0.650176
-0.734964
0.24778

-0.0437145
-0.476606
0.87803
0.881102
0.00141614

0.0437145
0.476606
-0.87803
-2.42665
1.13123

-0.329467
-0.613258
0.71789
-0.00564933
0.0568008

0.329467
0.613258
-0.71789
0.637967
0.00737965

-0.278647
-0.0198171
-0.960189
-1.89473
1.01723

0.278647
0.0198171
0.960189
0.526938
0.0273904

0.874175
0.48561
0
0.0316449
0.0429515

-0.874175
-0.48561
0
0.825714
0.00242618

-0.940562
-0.339622
0
0.892203
0.00198227

0.940562
0.339622
0
-0.827713
0.194781

0.77223
-0.54407
-0.328099
0.879652
0.000463227

-0.77223
0.54407
0.328099
0.243697
0.0180305

-0.858833
-0.226873
0.459275
0.797985
0.00283335

0.858833
0.226873
-0.459275
-0.875822
0.243898

-0.414981
-0.787894
-0.454988
0.190886
0.0602361

-0.21415
0.239267
-0.947043
-20.4539
286.001

0.21415
-0.239267
0.947043
0.141849
0.457648

0.373268
-0.147577
-0.91591
0.223922
0.0204112

-0.373268
0.147577
0.91591
0.861998
0.000703701

-0.0821916
-0.801201
0.592725
0.716529
0.00224409

-0.0950145
-0.0246061
0.995172
0.558663
0.0226024

0.388883
0.903561
-0.179853
0.924281
0.000385664

-0.388883
-0.903561
0.179853
-1.43144
0.396172

0.400867
-0.37408
0.836283
-1.59
0.747596

-0.400867
0.37408
-0.836283
0.543124
0.0232675

-0.913727
-0.406328
0
0.660924
0.0356646

0.913727
0.406328
0
-6.03685
9.79354

-0.135376
0.556222
0.819933
0.782236
0.00215532

0.0508449
0.487328
0.871737
0.715052
0.00793895

-0.0890371
0.900685
0.425252
0.367295
0.0231911

0.0890371
-0.900685
-0.425252
0.322906
0.0265541

0.177027
0.235523
-0.95561
-1.34618
0.689716

-0.635027
-0.701052
-0.324449
0.9296
0.000560664

0.635027
0.701052
0.324449
-3.58102
2.35507

0.409969
0.150678
-0.899568
-6.27248
10.6806

-0.409969
-0.150678
0.899568
0.764372
0.0112246

0.115543
0.242044
0.963361
0.959725
0.000190687

-0.405702
-0.022957
0.913717
-0.142346
0.116006

0.405702
0.022957
-0.913717
0.119284
0.0689653

-0.423052
0.641045
-0.640381
-8.57616
22.9401

0.423052
-0.641045
0.640381
0.778246
0.0123558

0.248132
0.394669
-0.884685
-0.638781
0.168015

-0.248132
-0.394669
0.884685
0.803204
0.00250592

0.772817
0.634629
0
0.939062
0.000417772

-0.772817
-0.634629
0
-0.163931
0.0507711

0.546677
0.837343
0
-1.22604
0.810552

-0.546677
-0.837343
0
-0.519094
0.377503

-0.135468
-0.754586
-0.642065
-9.13534
23.4102

0.135468
0.754586
0.642065
0.920424
0.00146301

-0.708752
-0.248032
0.660417
-0.784634
0.177224

0.708752
0.248032
-0.660417
0.900193
0.000555879

0.693972
-0.41413
-0.588982
-0.0281137
0.0411987

-0.591431
-0.622653
0.512361
0.983571
1.32793e-05

0.591431
0.622653
-0.512361
-0.715853
0.116306

0.0519747
0.907098
-0.417699
-0.33584
0.0866814

-0.31325
0.850453
0.422615
0.941024
0.000463723

0.31325
-0.850453
-0.422615
-3.32224
1.93643

0.24178
0.0338779
0.969739
0.855599
0.00189689

0.59467
0.0201934
-0.803716
-1.60562
0.406805

0.112661
0.505509
0.855435
0.908055
0.00332031

-0.112661
-0.505509
-0.855435
-17.0212
125.978

0.056462
0.923672
-0.379001
-1.11788
0.364888

-0.056462
-0.923672
0.379001
0.739597
0.00553639

-0.935926
-0.151729
0.317839
0.36739
0.0131443

0.843524
0.236819
-0.482062
0.647437
0.00429206

-0.618058
-0.537897
0.573298
0.643229
0.00696422

0.618058
0.537897
-0.573298
0.0404295
0.0500524

0.932123
0.362142
0
-0.588139
0.27594

-0.932123
-0.362142
0
0.137743
0.0938789

0.138111
0.894046
0.426154
-0.0531877
0.0865542

-0.138111
-0.894046
-0.426154
0.268619
0.0417473

0.893611
0.448841
0
0.0311906
0.0382678

-0.316233
-0.626896
-0.712038
0.795244
0.0141328

0.316233
0.626896
0.712038
-12.7677
63.6137

-0.72223
0.430277
-0.541521
0.605227
0.010495

0.72223
-0.430277
0.541521
-0.271784
0.108414

0.422226
0.0546017
0.904845
0.810283
0.00645867

-0.422226
-0.0546017
-0.904845
-5.60404
7.81917

0.03598
0.0819201
0.995989
-0.611697
0.120953

-0.03598
-0.0819201
-0.995989
0.936803
0.000222866

0.173336
-0.178617
-0.96853
0.986327
4.80843e-05

-0.356601
-0.145605
0.922841
0.954485
0.000191949

0.356601
0.145605
-0.922841
-2.87102
1.36957

-0.566126
-0.644332
-0.514137
-0.374996
0.165325

0.566126
0.644332
0.514137
0.322151
0.040235

-0.832161
0.162514
0.530185
-4.50687
5.60413

0.832161
-0.162514
-0.530185
0.583543
0.032117

0.0794712
0.503381
0.860402
-3.29448
1.94081

-0.0794712
-0.503381
-0.860402
0.933936
0.000459449

-0.878154
-0.186694
-0.440445
0.198662
0.0498649

0.878154
0.186694
0.440445
0.0387589
0.0717453

0.143396
-0.689976
-0.709486
-4.0634
3.55145

-0.143396
0.689976
0.709486
0.847873
0.00325127

0.727358
0.679312
-0.0973964
-0.193766
0.248979

-0.727358
-0.679312
0.0973964
-2.01
1.58248

-0.18635
0.886884
-0.422741
0.850272
0.00133653

-0.715719
-0.627773
0.30602
0.416139
0.0292572

0.715719
0.627773
-0.30602
-0.483026
0.188728

0.0691487
-0.617087
0.783851
0.329569
0.0215202

-0.0691487
0.617087
-0.783851
0.570923
0.00882118

0.6612
-0.385179
-0.643779
-0.158507
0.094603

-0.6612
0.385179
0.643779
0.485109
0.018695

0.645835
-0.582634
0.493391
0.761279
0.0040073

0.451274
0.732501
0.509699
0.394912
0.0158342

0.501841
-0.107813
0.858214
0.960493
0.000148697

0.678519
-0.162017
-0.716493
-0.97893
0.172386

-0.678519
0.162017
0.716493
0.985999
1.29996e-05

-0.483153
0.703905
0.520654
-0.0437005
0.100481

0.483153
-0.703905
-0.520654
-0.0437005
0.100481

-0.426289
-0.0699162
-0.901881
-1.23308
0.541696

0.426289
0.0699162
0.901881
0.433326
0.0382993

0.289335
-0.269808
0.918416
-0.673392
0.3826

-0.289335
0.269808
-0.918416
-0.425858
0.27789

0.516515
0.856278
0
0.948293
0.0021025

0.801709
-0.597714
0
-0.870601
0.30828

-0.801709
0.597714
0
0.578697
0.0211713

0.180944
-0.304119
0.935292
0.903346
0.00115369

-0.952475
-0.304618
0
-2.6577
1.33867

0.952475
0.304618
0
0.890431
0.00120994

0.649516
0.760348
0
0.591594
0.0477696

0.0681082
-0.600517
0.796706
0.874288
0.00118079

-0.656995
0.00650307
0.753867
-2.5935
1.00661

0.656995
-0.00650307
-0.753867
0.979987
3.81489e-05

0.274807
-0.860846
-0.428282
-0.282421
0.154846

-0.274807
0.860846
0.428282
0.127153
0.0717636

-0.414685
-0.523577
0.744247
0.993043
6.96751e-06

-0.745367
0.279061
0.605436
0.598113
0.00606116

-0.0870168
0.293867
-0.951877
-1.49483
0.400522

0.0870168
-0.293867
0.951877
0.9464
0.000203552

-0.696314
-0.717737
0
-1.02536
0.548249

0.696314
0.717737
0
-0.0891962
0.162761

0.363939
-0.626362
0.689361
-0.126323
0.0623525

0.707457
-0.185022
0.682108
0.996219
1.48816e-06

-0.707457
0.185022
-0.682108
-0.412198
0.0577132

-0.152627
-0.2155
-0.964502
-1.40678
0.432692

0.152627
0.2155
0.964502
0.867951
0.00132028

0.763353
0.157978
0.626366
0.653746
0.0143681

-0.763353
-0.157978
-0.626366
-2.23277
1.24597

0.652701
-0.276794
-0.705242
-4.61701
5.67231

-0.652701
0.276794
0.705242
0.648937
0.0221825

-0.199326
-0.974521
-0.102853
-0.135012
0.0627359

0.199326
0.974521
0.102853
0.802027
0.00192583

0.136259
-0.697527
0.703484
0.356608
0.0451013

-0.136259
0.697527
-0.703484
-1.06532
0.464591

-0.441736
0.345899
-0.827782
-3.49989
2.33673

0.441736
-0.345899
0.827782
0.906391
0.00104968

0.0547978
0.438962
0.896833
0.919904
0.000733413

-0.0547978
-0.438962
-0.896833
-3.54553
2.34822

-0.13662
0.742028
-0.656299
0.28145
0.0215105

0.13662
-0.742028
0.656299
0.7161
0.00336294

-0.300233
-0.721335
0.624128
0.613831
0.0295142

0.300233
0.721335
-0.624128
-5.1787
7.55008

-0.684445
-0.163617
-0.710467
0.419006
0.0128539

0.684445
0.163617
0.710467
0.693422
0.00358406

-0.14903
-0.538968
-0.829038
-0.149312
0.192184

0.14903
0.538968
0.829038
-1.25264
0.737377

-0.388997
-0.30964
0.867643
-2.93976
1.59983

0.388997
0.30964
-0.867643
0.907589
0.000921813

0.983066
-0.0244941
-0.181606
0.474776
0.0145245

-0.983066
0.0244941
0.181606
0.327979
0.0237744

-0.490164
0.736749
-0.465769
-0.517671
0.0923033

0.50143
0.778481
-0.377537
0.936431
0.000136484

0.142941
-0.518824
0.842846
0.859117
0.00197204

0.894861
0.446345
0
-0.89525
0.182794

-0.894861
-0.446345
0
0.948827
0.000155389

0.514897
0.0383238
0.856395
0.942726
0.000848076

0.195902
0.311803
0.929732
0.934077
0.000395374

-0.220355
0.818235
-0.530976
-1.20525
0.538153

0.220355
-0.818235
0.530976
0.39743
0.040255

0.994295
0.106668
0
0.409081
0.0250222

-0.719635
-0.643658
0.260443
-1.19253
0.649871

0.719635
0.643658
-0.260443
-0.006145
0.136876

0.738437
-0.269788
0.618001
0.322221
0.021751

-0.385389
0.906638
0.171705
-0.131628
0.0975861

0.385389
-0.906638
-0.171705
0.363456
0.0308821

-0.332012
-0.474863
0.815029
0.96623
7.3642e-05

0.332012
0.474863
-0.815029
-1.14445
0.242419

-0.713739
-0.533953
-0.45329
-0.147174
0.0766223

0.713739
0.533953
0.45329
0.677613
0.00608052

-0.599253
0.099786
-0.794317
-13.417
64.4995

0.599253
-0.099786
0.794317
0.926444
0.00170727

0.0854611
-0.132327
0.987515
0.989468
3.25374e-05

0.72262
-0.378339
0.578515
-1.00115
0.322462

-0.72262
0.378339
-0.578515
0.713493
0.0066118

-0.282414
-0.837152
-0.468421
0.187186
0.0464732

0.282414
0.837152
0.468421
0.220027
0.0427947

-0.942805
0.240304
-0.231024
-1.5699
0.603705

0.942805
-0.240304
0.231024
0.758317
0.00534648

-0.741264
-0.289372
-0.605633
-1.74702
1.24054

0.741264
0.289372
0.605633
-0.174399
0.226886

0.126583
-0.703592
-0.699239
0.0856974
0.0568277

-0.126583
0.703592
0.699239
0.36044
0.0278127

0.490487
0.747669
-0.447676
-8.05305
22.3299

-0.490487
-0.747669
0.447676
0.566799
0.0511428

0.458677
-0.577168
0.675643
0.576303
0.0273017

-0.458677
0.577168
-0.675643
-3.18508
2.66111

-0.187063
-0.902874
0.387074
0.15721
0.0425729

0.187063
0.902874
-0.387074
0.464821
0.0171714

-0.359306
0.0546161
-0.93162
-17.3779
126.55

0.359306
-0.0546161
0.93162
0.952885
0.000834532

-0.937676
0.0261195
0.346527
0.387308
0.0115082

0.937676
-0.0261195
-0.346527
0.835122
0.000842252

0.873488
0.486847
0
-1.00511
0.380909

-0.873488
-0.486847
0
0.535168
0.0295948

0.806323
-0.295938
-0.512117
0.117622
0.118938

0.394303
0.324088
0.859937
0.839411
0.00165655

-0.394303
-0.324088
-0.859937
-0.742587
0.187283

-0.663765
-0.604841
0.43998
0.50835
0.0157424

0.663765
0.604841
-0.43998
-0.0401868
0.0703289

-0.047338
-0.637555
0.768949
0.775557
0.00276841

0.760023
0.0948177
0.642943
0.713667
0.00239836

0.375281
0.815811
0.440018
0.329705
0.022254

-0.375281
-0.815811
-0.440018
0.539405
0.010525

0.0391602
0.551362
0.833347
0.755418
0.0121488

-0.0391602
-0.551362
-0.833347
-6.24991
10.6648

-0.29936
0.814599
-0.496802
0.968089
0.000127266

0.393377
0.285451
-0.873941
0.251534
0.046526

-0.393377
-0.285451
0.873941
-0.156874
0.11108

-0.673242
0.195996
0.712973
0.1329
0.132625

0.673242
-0.195996
-0.712973
-2.72056
2.43795

0.643774
0.765216
0
0.676472
0.00770138

-0.643774
-0.765216
0
-0.0581677
0.0655323

0.294894
0.322088
-0.899609
-0.513289
0.29479

-0.294894
-0.322088
0.899609
-0.403274
0.253489

-0.529845
-0.210821
0.821473
0.820049
0.000729046

0.529845
0.210821
-0.821473
0.66804
0.00245197

-0.73976
-0.0291164
0.672241
0.645987
0.00774715

0.73976
0.0291164
-0.672241
-0.189873
0.0873249

0.0643581
-0.612175
-0.788099
-1.6594
1.20441

-0.0643581
0.612175
0.788099
-0.33432
0.303451

0.350419
-0.326154
0.877969
0.827911
0.00212288

-0.350419
0.326154
-0.877969
-0.989358
0.273771

0.186106
0.335305
-0.923545
-3.521
2.34055

-0.186106
-0.335305
0.923545
0.912789
0.000915625

-0.707859
0.104355
0.698602
-0.614314
0.128755

0.707859
-0.104355
-0.698602
0.917003
0.000363872

0.613549
0.174164
-0.77021
-0.763756
0.341252

-0.613549
-0.174164
0.77021
0.174313
0.0749471

-0.692033
-0.0452533
-0.720446
0.605227
0.0104633

-0.737728
0.577388
-0.349829
-0.768169
0.292291

0.737728
-0.577388
0.349829
0.445501
0.0287739

-0.264711
0.827944
0.494406
-1.60816
0.609391

0.264711
-0.827944
-0.494406
0.784421
0.00419296

-0.123979
-0.244153
0.961779
0.970325
0.000219502

0.100496
0.611124
0.785129
0.611983
0.0162452

-0.100496
-0.611124
-0.785129
-1.66156
0.762884

-0.70729
-0.202317
-0.677355
-1.70997
0.966538

0.70729
0.202317
0.677355
0.322514
0.0604434

-0.697849
0.188391
0.691025
0.504136
0.0169554

0.697849
-0.188391
-0.691025
-0.13391
0.0882358

0.00307732
-0.741604
0.670831
0.745607
0.00389641

-0.00307732
0.741604
-0.670831
-0.34574
0.107446

-0.307879
-0.61015
0.730019
0.889476
0.000368598

0.307879
0.61015
-0.730019
0.432782
0.00835417

0.780883
0.463265
-0.419055
-5.1436
12.4519

-0.780883
-0.463265
0.419055
-1.00607
1.3278

0.810505
-0.0730087
-0.581163
-1.10274
0.395447

-0.810505
0.0730087
0.581163
0.641862
0.0115329

-0.369449
0.843934
-0.38895
0.412407
0.0114052

0.970527
-0.144933
-0.192539
0.925168
0.000433181

-0.970527
0.144933
0.192539
-1.89273
0.644828

0.80615
-0.217322
0.550358
0.258785
0.0183662

-0.80615
0.217322
-0.550358
0.851762
0.000756595

0.821807
0.569767
0
0.420102
0.0224944

-0.821807
-0.569767
0
0.235554
0.037526

0.693743
0.479403
0.537488
-23.7544
300.473

-0.693743
-0.479403
-0.537488
0.960393
0.000770954

-0.707719
-0.144783
0.6915
0.865681
0.0071807

0.707719
0.144783
-0.6915
-16.7638
125.573

-0.199193
0.146079
0.969011
0.971534
0.000256186

0.050574
-0.640494
0.766296
0.76505
0.00283721

0.277862
0.958432
-0.0648088
0.310459
0.0316797

-0.277862
-0.958432
0.0648088
0.177085
0.0451195

0.925088
-0.0984541
-0.36677
0.94464
0.000114902

-0.925088
0.0984541
0.36677
-0.251203
0.0579685

0.936057
-0.199482
-0.289835
0.107447
0.077153

-0.936057
0.199482
0.289835
-0.325755
0.170187

-0.967559
0.252645
0
-1.08459
0.760221

0.967559
-0.252645
0
-0.881323
0.619444

0.325155
-0.536025
0.779071
0.63581
0.0026615

-0.325155
0.536025
-0.779071
0.876381
0.000314236

-0.222065
0.529359
0.81882
0.518892
0.0198713

-0.28795
-0.904115
-0.31569
0.65013
0.0220295

0.28795
0.904115
0.31569
-4.61913
5.67324

-0.0784297
0.791644
-0.605928
-0.799215
0.154946

0.0784297
-0.791644
0.605928
0.95384
0.000104514

0.491342
0.624936
-0.606661
-0.800323
0.3476

-0.491342
-0.624936
0.606661
0.239365
0.0621477

0.159188
-0.0124013
0.98717
0.821126
0.00627757

-0.000835084
0.891077
-0.453852
-0.867193
0.358948

0.000835084
-0.891077
0.453852
0.348026
0.0438172

-0.25487
-0.807966
-0.531255
-0.22528
0.167977

0.25487
0.807966
0.531255
-0.308336
0.191506

-0.049073
-0.974429
-0.219272
-0.422543
0.141668

0.325829
0.78043
-0.533632
-3.9446
2.90353

-0.325829
-0.78043
0.533632
0.933806
0.00053174

0.10855
-0.0374382
0.993386
0.971066
0.000406651

-0.898762
0.0604262
0.434253
0.226886
0.133817

0.898762
-0.0604262
-0.434253
-4.63597
7.10742

-0.200762
0.737347
-0.644992
-0.775494
0.271892

-0.505609
-0.0233614
-0.862446
-1.53371
0.489779

0.505609
0.0233614
0.862446
0.87815
0.00118561

-0.254796
0.709656
0.656862
-2.47215
1.71673

0.254796
-0.709656
-0.656862
0.471228
0.0399331

-0.658157
0.489013
-0.572447
0.548468
0.00509767

-0.699805
0.622805
0.349838
0.140716
0.0224146

0.699805
-0.622805
-0.349838
0.921302
0.000189353

0.3239
-0.00957896
-0.946043
-0.55599
0.12611

-0.3239
0.00957896
0.946043
0.884265
0.000756418

0.539281
0.817805
0.200923
0.249174
0.0163488

-0.539281
-0.817805
-0.200923
0.906181
0.000257292

0.8083
0.417361
0.415285
0.688345
0.0171755

-0.8083
-0.417361
-0.415285
-4.68964
5.71405

0.931374
0.364065
0
-1.54521
0.642159

-0.931374
-0.364065
0
0.633806
0.023373

-0.325003
0.608991
0.723535
0.783355
0.00322838

0.325003
-0.608991
-0.723535
-0.7907
0.219521

0.796384
0.604792
0
0.129227
0.0547945

-0.796384
-0.604792
0
0.524285
0.0211412

-0.529071
-0.714099
-0.458417
0.0327858
0.0657186

0.529071
0.714099
0.458417
0.357845
0.0289961

0.430574
0.289913
0.854726
0.846758
0.00452832

0.106711
-0.269916
-0.956953
-3.5524
4.02001

-0.106711
0.269916
0.956953
0.220517
0.117864

-0.677791
0.679195
-0.281591
0.372962
0.0369824

0.677791
-0.679195
0.281591
-0.647
0.255019

-0.624413
-0.0638404
-0.778481
-0.788749
0.204226

0.624413
0.0638404
0.778481
0.829859
0.00185126

0.782545
0.622594
0
0.767724
0.00148268

0.0993092
-0.775471
-0.623524
0.972832
2.18452e-05

-0.336501
0.849105
-0.407171
-0.329709
0.150601

0.336501
-0.849105
0.407171
0.332838
0.0379157

0.388212
-0.206493
0.898138
0.962744
0.000148842

0.811375
0.130496
0.569773
0.481922
0.0449958

-0.811375
-0.130496
-0.569773
-3.42667
3.28335

-0.988743
0.149329
-0.00939708
-0.0540972
0.175091

0.988743
-0.149329
0.00939708
-1.7554
1.19638

0.374171
-0.0538697
-0.925794
-0.0843647
0.104538

-0.374171
0.0538697
0.925794
0.0721918
0.076602

-0.262487
0.639765
0.722358
0.56163
0.0135852

0.262487
-0.639765
-0.722358
-0.282622
0.115511

-0.373782
-0.8839
0.281082
0.253801
0.0132468

0.199724
-0.331997
0.921894
0.943542
0.00120535

-0.199724
0.331997
-0.921894
-17.2922
126.448

-0.22492
-0.908938
-0.35106
0.918986
0.00332505

-0.115197
0.325411
-0.938529
-0.227946
0.111023

0.115197
-0.325411
0.938529
0.472901
0.0204634

0.230182
0.265687
0.936177
0.643482
0.0103117

-0.230182
-0.265687
-0.936177
-0.778239
0.25273

-0.242057
-0.301249
-0.922311
-0.0341671
0.140914

0.242057
0.301249
0.922311
-1.05339
0.555474

-0.428529
0.290225
-0.855647
-5.04438
7.44985

0.428529
-0.290225
0.855647
0.533612
0.0444028

-0.800126
-0.0530514
0.597482
-3.87587
5.14594

0.800126
0.0530514
-0.597482
0.0560331
0.192893

-0.552548
0.381266
-0.741166
-2.63453
2.0541

0.552548
-0.381266
0.741166
0.369005
0.0620879

0.446044
-0.895011
0
0.493008
0.283617

-0.446044
0.895011
0
-0.727403
0.427905

-0.573756
-0.71222
0.404409
0.949473
0.000569785

0.573756
0.71222
-0.404409
-9.31159
23.5215

0.936545
0.225104
-0.268721
-0.653715
0.180558

-0.936545
-0.225104
0.268721
0.769148
0.00352074

0.286106
0.0964534
-0.953331
-0.926832
0.368765

-0.286106
-0.0964534
0.953331
0.434662
0.0319675

-0.523164
-0.841247
0.136391
-2.04439
1.05548

0.523164
0.841247
-0.136391
0.657886
0.0133349

0.756746
0.387683
-0.526343
-0.183785
0.134889

-0.756746
-0.387683
0.526343
0.000399828
0.0962061

0.465034
-0.845182
-0.263459
0.829043
0.00112534

-0.465034
0.845182
0.263459
0.154301
0.0272876

-0.897712
0.259012
0.356407
0.0753717
0.0325433

0.897712
-0.259012
-0.356407
0.857804
0.000772007

0.961116
0.276146
0
0.289029
0.0424684

-0.961116
-0.276146
0
-0.134397
0.105254

-0.658609
0.195555
0.726631
0.261864
0.0523886

0.658609
-0.195555
-0.726631
-0.516465
0.220603

-0.397261
0.633725
-0.66376
-0.0726912
0.109133

0.397261
-0.633725
0.66376
-0.0726912
0.109133

-0.0931343
-0.753389
0.650946
0.692333
0.00681318

0.0931343
0.753389
-0.650946
-0.631852
0.191212

0.157599
0.396911
-0.904226
-9.00362
23.326

-0.157599
-0.396911
0.904226
0.893993
0.00262519

-0.155186
0.0305339
0.987413
0.941368
0.000504482

0.423337
-0.0133609
0.905874
0.833828
0.00187664

-0.423337
0.0133609
-0.905874
-0.857915
0.225087

-0.0193724
0.288611
0.95725
-0.716305
0.692043

0.0193724
-0.288611
-0.95725
-2.86169
3.5028

-0.495311
0.1215
-0.860177
-1.88271
0.719611

0.495311
-0.1215
0.860177
0.863226
0.00162231

-0.518972
-0.168444
-0.83803
-0.455132
0.212364

0.518972
0.168444
0.83803
0.138979
0.074505

-0.0442699
-0.967499
0.24897
-5.37485
9.87465

0.0442699
0.967499
-0.24897
0.236148
0.141801

-0.999509
0.0232434
-0.0210366
-2.97852
2.56847

0.999509
-0.0232434
0.0210366
0.405307
0.0573899

-0.799565
0.57181
-0.183655
0.0591701
0.0702391

0.799565
-0.57181
0.183655
0.142753
0.058315

0.43404
-0.0393883
-0.900032
-0.832763
0.278933

-0.43404
0.0393883
0.900032
0.623693
0.0119074

-0.988996
-0.147944
0
0.676299
0.00329603

0.988996
0.147944
0
0.741508
0.00221941

0.708298
-0.60141
-0.369621
-0.545347
0.125862

-0.708298
0.60141
0.369621
0.87755
0.000943243

0.136377
-0.256557
-0.956859
0.0402274
0.0877545

-0.136377
0.256557
0.956859
-0.198895
0.136761

0.369377
0.819977
0.437263
0.826374
0.00216651

-0.369377
-0.819977
-0.437263
-1.06452
0.303683

0.346457
0.0938032
0.933364
0.996637
5.3708e-06

-0.636637
0.562159
0.527892
0.415879
0.0167033

0.636637
-0.562159
-0.527892
0.478979
0.0132991

0.27059
-0.396013
-0.87747
0.114167
0.0576016

0.335123
-0.76471
-0.550374
0.63496
0.00265283

-0.0356492
-0.240213
0.970065
0.958761
0.000123221

0.0356492
0.240213
-0.970065
-1.35181
0.324793

0.123222
-0.902841
-0.411941
-1.6077
0.935946

-0.123222
0.902841
0.411941
0.185658
0.0913327

0.148327
0.452829
-0.879173
-3.47732
2.33156

-0.148327
-0.452829
0.879173
0.89926
0.00122697

-0.290662
0.364527
0.884667
0.796754
0.00430376

0.290662
-0.364527
-0.884667
-2.25196
1.10084

0.357603
0.338892
0.870214
0.960086
0.000597233

0.329277
0.230088
0.915771
-0.632109
0.343824

-0.329277
-0.230088
-0.915771
-0.301105
0.218641

-0.644926
0.705073
0.29486
0.173134
0.0371856

0.644926
-0.705073
-0.29486
0.559688
0.0105554

0.880096
0.142754
-0.452826
-0.830732
0.325546

-0.880096
-0.142754
0.452826
0.420747
0.0326409

-0.229306
0.68998
-0.686547
0.641815
0.00831516

0.229306
-0.68998
0.686547
-0.259247
0.101858

0.779315
0.0157393
0.626435
0.31157
0.0220499

0.366151
-0.150521
-0.918301
0.759075
0.0147724

-0.366151
0.150521
0.918301
-8.51901
22.8712

-0.113778
0.0426029
0.992592
0.982085
4.06306e-05

0.571775
0.69768
-0.431643
-0.972773
0.34612

-0.571775
-0.69768
0.431643
0.600516
0.0142292

-0.786921
0.482774
0.384298
0.512915
0.0332715

0.786921
-0.482774
-0.384298
-2.51808
1.73371

0.0224416
-0.202159
-0.979096
-0.29831
0.0842853

-0.0224416
0.202159
0.979096
0.839135
0.00130315

0.474152
-0.828374
-0.298289
0.970253
2.82404e-05

0.677643
-0.360308
0.641075
0.889832
0.00128097

-0.192154
-0.968921
0.155782
-0.074206
0.0797464

0.192154
0.968921
-0.155782
0.455643
0.0204828

0.286536
0.0454219
0.956992
-0.605237
0.249414

-0.286536
-0.0454219
-0.956992
0.302683
0.0472868

0.21417
-0.798833
0.562136
0.490368
0.0102377

-0.21417
0.798833
-0.562136
0.613402
0.00589581

-0.510513
0.0983119
0.854231
0.879165
0.00401422

0.510513
-0.0983119
-0.854231
-10.6841
37.0321

0.239345
0.760871
-0.603149
0.62488
0.00829388

-0.239345
-0.760871
0.603149
-0.0510767
0.0646938

-0.538476
0.313779
0.78204
0.766441
0.00514304

0.538476
-0.313779
-0.78204
-1.7144
0.694445

-0.381763
-0.623579
-0.682207
0.85377
0.00130636

0.381763
0.623579
0.682207
-0.763735
0.188654

-0.16738
-0.531853
0.83013
0.872154
0.00122782

0.827786
0.561045
0
0.504911
0.0309805

-0.827786
-0.561045
0
-0.980355
0.377601

0.312799
0.935158
-0.16624
-0.274151
0.0679898

-0.721488
-0.238184
0.650172
0.60993
0.0116117

0.721488
0.238184
-0.650172
-0.560279
0.184576

0.126156
-0.80655
-0.577548
0.997123
5.93369e-06

-0.193004
0.117481
0.974139
0.989766
1.30908e-05

0.337131
-0.250075
-0.907637
0.880572
0.00118053

-0.337131
0.250075
0.907637
-1.78163
0.632596

0.472421
0.0327138
-0.880766
-10.2961
36.5843

-0.472421
-0.0327138
0.880766
0.780065
0.0139709

0.00946733
0.64392
0.765034
0.821118
0.00206462

-0.00946733
-0.64392
-0.765034
-0.776669
0.203311

0.873025
0.19561
0.446726
0.602434
0.0224771

-0.873025
-0.19561
-0.446726
-2.90321
2.16233

0.416757
-0.892214
-0.173976
0.0555559
0.0333792

-0.801704
-0.195916
-0.564702
-0.080282
0.0662221

0.801704
0.195916
0.564702
0.668184
0.00629265

0.716689
-0.449386
-0.5333
-0.545759
0.195713

-0.716689
0.449386
0.5333
0.512817
0.0194992

-0.84877
0.528762
0
0.568258
0.0156838

0.84877
-0.528762
0
-0.04471
0.0734737

0.659207
-0.420595
0.623335
-0.478056
0.155319

-0.659207
0.420595
-0.623335
0.640821
0.00923673

0.18606
0.59081
0.785064
0.796008
0.00128099

-0.18606
-0.59081
-0.785064
0.470501
0.00855099

-0.578018
0.340839
0.741434
0.473288
0.0243189

0.578018
-0.340839
-0.741434
-0.643935
0.236853

-0.635721
0.603938
-0.480747
0.970745
0.00012392

0.635721
-0.603938
0.480747
-5.58243
6.06485

0.932039
0.362357
0
-0.519094
0.389113

-0.932039
-0.362357
0
-1.22604
0.802555

0.701567
-0.182857
0.688743
0.976395
3.38675e-05

-0.701567
0.182857
-0.688743
-1.51471
0.365082

-0.588353
-0.238321
-0.772687
-36.2852
1014.69

0.588353
0.238321
0.772687
0.952442
0.00165192

0.85578
-0.401886
-0.325773
0.471903
0.0333524

-0.85578
0.401886
0.325773
-1.67346
0.854062

0.0296546
-0.489962
-0.871239
-1.24042
0.496321

-0.0296546
0.489962
0.871239
0.573391
0.018156

-0.249749
-0.127272
0.95991
-0.0143725
0.0361468

0.840567
0.391658
-0.374234
-1.75834
0.874722

-0.840567
-0.391658
0.374234
0.558663
0.0224011

-0.68688
-0.726771
0
0.816823
0.00694897

0.776092
0.63062
0
-2.20169
0.750721

-0.776092
-0.63062
0
0.97019
9.75861e-05

-0.478911
-0.446263
-0.755972
-1.1228
0.284432

0.478911
0.446263
0.755972
0.903902
0.000586455

-0.164327
0.930512
0.32733
-0.65656
0.158371

0.164327
-0.930512
-0.32733
0.855758
0.00120938

0.241346
0.179705
0.953655
0.892399
0.00216258

-0.241346
-0.179705
-0.953655
-6.6729
10.9214

0.357909
0.180843
0.916077
0.916617
0.000749731

-0.352752
0.054762
-0.934113
-0.817327
0.145147

0.352752
-0.054762
0.934113
0.974532
2.99967e-05

-0.0774701
0.527493
0.84602
0.178364
0.049194

0.0774701
-0.527493
-0.84602
0.178364
0.049194

0.583629
0.135775
0.800589
0.847565
0.00284636

-0.583629
-0.135775
-0.800589
-3.33593
2.30002

0.408109
-0.169055
0.897144
0.835813
0.00170338

-0.0149573
0.42328
0.905875
0.869031
0.00295092

0.732191
-0.6811
0
0.687328
0.162455

0.0824309
0.943435
0.321148
-0.714727
0.426843

-0.0824309
-0.943435
-0.321148
-0.574795
0.360028

0.703056
-0.0504961
-0.709339
0.870933
0.000865295

-0.703056
0.0504961
0.709339
-0.492017
0.115498

-0.808386
0.529321
0.257549
0.960351
6.76703e-05

0.381583
-0.16355
-0.90975
-6.55175
10.8566

-0.381583
0.16355
0.90975
0.859575
0.00377143

0.45129
-0.530245
0.717759
0.710967
0.00492584

0.830621
-0.0163153
-0.5566
0.985147
4.12653e-05

-0.380677
-0.884773
-0.268816
0.145741
0.0608346

0.380677
0.884773
0.268816
-0.0384766
0.0898913

0.014527
-0.800555
-0.599083
0.774515
0.00463518

-0.014527
0.800555
0.599083
-1.59331
0.607124

-0.686909
-0.527509
-0.49989
-2.64058
1.16132

0.686909
0.527509
0.49989
0.950534
0.000221865

-0.238419
-0.0806907
0.967805
-0.918641
0.338555

0.238419
0.0806907
-0.967805
0.537625
0.0198634

-0.205435
-0.372359
-0.905066
-7.67658
15.5809

0.205435
0.372359
0.905066
0.889843
0.00251748

-0.059066
0.432296
0.899795
0.906831
0.000649765

0.059066
-0.432296
-0.899795
-1.59741
0.496346

-0.31248
0.402174
-0.860588
-8.67842
23.0499

0.31248
-0.402174
0.860588
0.810303
0.00885819

0.842017
0.520631
-0.141244
0.412362
0.019496

-0.842017
-0.520631
0.141244
0.306679
0.0271375

0.43223
-0.043729
0.900703
0.950467
0.000927458

-0.43223
0.043729
-0.900703
-17.355
126.513

-0.185176
0.00569987
0.982689
-0.287229
0.715795

0.185176
-0.00569987
-0.982689
-10.5851
57.9656

-0.882233
0.0967231
0.46077
0.642023
0.00222669

0.119993
0.823015
0.555201
0.247723
0.0510508

-0.119993
-0.823015
-0.555201
-0.337382
0.161149

0.342183
-0.529801
0.776029
0.797161
0.00105833

-0.0610805
-0.878801
-0.473263
-0.375251
0.248373

0.0610805
0.878801
0.473263
-0.604083
0.337896

-0.474928
0.00832728
0.879985
0.859134
0.000419153

0.474928
-0.00832728
-0.879985
0.640068
0.00270703

0.97152
-0.0456466
0.23252
0.186472
0.0395533

-0.97152
0.0456466
-0.23252
0.445339
0.0183881

0.17519
0.255417
-0.950826
0.977055
8.53155e-05

-0.17519
-0.255417
0.950826
-5.63119
6.06806

0.0543864
-0.403529
-0.913349
0.917749
0.000110616

-0.0543864
0.403529
0.913349
0.677231
0.00165772

-0.914897
-0.226626
-0.334072
-8.39013
22.7458

0.914897
0.226626
0.334072
0.712427
0.0213521

0.557499
-0.239644
0.794837
0.708424
0.00738556

-0.214984
0.363082
0.906616
0.86319
0.00125001

0.214984
-0.363082
-0.906616
-1.04546
0.278525

0.375638
-0.904443
0.202187
-0.187674
0.143628

-0.375638
0.904443
-0.202187
-0.118841
0.127464

-0.199479
0.87245
0.446138
0.348026
0.0438153

0.199479
-0.87245
-0.446138
-0.867193
0.358947

0.573389
-0.441974
-0.689843
0.619596
0.010924

-0.573389
0.441974
0.689843
-0.568082
0.185264

0.0688121
-0.373871
0.924925
0.94036
0.00134906

-0.0688121
0.373871
-0.924925
-17.2647
126.41

0.812034
0.58361
0
0.57759
0.00806529

-0.812034
-0.58361
0
0.388787
0.0168829

0.470713
0.687656
-0.552773
-0.61257
0.128643

-0.470713
-0.687656
0.552773
0.91612
0.000362953

-0.466689
0.407376
-0.785013
-0.483689
0.122105

0.466689
-0.407376
0.785013
0.833743
0.00154425

0.211695
-0.288905
0.933659
0.918337
0.000157998

0.0629173
-0.111586
-0.991761
-0.258983
0.197034

-0.0629173
0.111586
0.991761
-0.566282
0.30495

0.596989
-0.748403
0.288959
-0.112234
0.152088

-0.596989
0.748403
-0.288959
-0.710177
0.359525

-0.107452
0.495632
0.86186
0.757957
0.00997613

0.107452
-0.495632
-0.86186
-4.83305
5.7926

-0.128295
0.742862
-0.657036
0.751261
0.0140047

-0.959011
-0.283368
0
0.816833
0.00195469

0.959011
0.283368
0
-0.507064
0.131071

0.663826
0.123102
-0.737686
-4.40637
4.48387

-0.663826
-0.123102
0.737686
0.80385
0.00596525

-0.958085
-0.101032
-0.268079
-0.287231
0.18837

0.958085
0.101032
0.268079
-0.287231
0.18837

0.0920779
-0.115958
0.988977
0.800761
0.00534738

-0.0920779
0.115958
-0.988977
-3.56319
2.80331

-0.930813
0.365497
0
0.870565
0.00269689

-0.680571
0.623611
-0.384621
0.199309
0.0662234

0.680571
-0.623611
0.384621
-0.59518
0.26052

-0.532802
0.3949
-0.748449
-1.40444
0.782025

0.532802
-0.3949
0.748449
0.116821
0.105557

-0.186048
-0.735973
0.650945
0.705536
0.0123943

0.186048
0.735973
-0.650945
-3.38091
2.73942

0.96683
0.255422
0
0.729981
0.00551709

-0.148389
-0.314749
-0.937504
0.954436
0.000121069

0.0995262
-0.832426
0.545125
0.0145588
0.118663

-0.0995262
0.832426
-0.545125
-0.863089
0.423851

-0.375355
-0.898099
-0.229186
0.535449
0.0117702

0.375355
0.898099
0.229186
0.203889
0.0345489

0.00830437
0.954968
-0.296592
0.458316
0.0154416

-0.00830437
-0.954968
0.296592
0.3484
0.022337

0.675449
0.0532316
0.735483
0.935214
0.000279962

-0.675449
-0.0532316
-0.735483
-1.27899
0.320629

-0.470479
-0.228937
0.852195
0.919646
0.00170025

0.470479
0.228937
-0.852195
-10.8946
37.2516

-0.562417
-0.255295
0.786455
0.870847
0.00315145

-0.538155
0.454926
-0.709529
0.232133
0.0299273

0.538155
-0.454926
0.709529
0.586107
0.0086987

0.0953863
-0.532037
0.841331
-0.064806
0.121422

-0.0953863
0.532037
-0.841331
-0.367683
0.200153

-0.0929683
0.169599
0.981118
0.858547
0.0104483

0.0929683
-0.169599
-0.981118
-22.9057
298.394

-0.55113
-0.14334
0.822015
0.913594
0.000560004

0.55113
0.14334
-0.822015
-1.50527
0.441748

-0.558871
0.212388
0.801595
0.762277
0.00639499

0.558871
-0.212388
-0.801595
-2.3927
1.2848

0.965169
-0.255281
0.0572738
0.925057
0.000248809

-0.965169
0.255281
-0.0572738
-0.428158
0.0895148

0.00960452
0.792114
-0.610297
-1.5699
0.603687

-0.00960452
-0.792114
0.610297
0.758317
0.00535166

0.254097
-0.927892
0.272856
0.301458
0.0382351

-0.254097
0.927892
-0.272856
-0.102696
0.0952481

-0.236996
0.384517
0.892177
0.76885
0.00275906

-0.372413
0.448967
0.812242
0.787714
0.00755832

0.372413
-0.448967
-0.812242
-4.90193
5.82611

0.543998
0.651845
-0.52836
0.00750017
0.079094

-0.543998
-0.651845
0.52836
0.199665
0.0518608

-0.889645
-0.456652
0
-0.483028
0.204061

-0.60784
-0.172277
-0.775146
0.754667
0.00384176

-0.257945
0.632828
-0.730064
-0.775489
0.271844

0.257945
-0.632828
0.730064
0.556128
0.016997

0.624443
-0.740381
-0.248811
-1.89473
1.01796

-0.624443
0.740381
0.248811
0.526938
0.0271879

0.834611
0.55084
0
0.897731
0.00510357

-0.0650025
-0.0750016
0.995062
0.937654
0.00290074

0.0287314
-0.538802
-0.841943
-1.05108
0.387946

-0.0287314
0.538802
0.841943
0.587833
0.0158087

0.390771
-0.906779
-0.158269
0.469045
0.0139659

-0.390771
0.906779
0.158269
0.416007
0.0168809

0.326651
0.679871
0.656563
0.66844
0.0136381

0.555681
0.103629
-0.824912
0.869341
0.000515375

-0.555681
-0.103629
0.824912
0.417683
0.00939781

0.256357
-0.0849713
0.96284
0.969142
0.000131573

-0.256357
0.0849713
-0.96284
-4.52804
3.66346

0.386587
0.549164
-0.740925
-1.70426
1.22328

-0.0696406
-0.948567
0.308821
-0.247657
0.137008

0.0696406
0.948567
-0.308821
0.226844
0.0528914

0.0326132
-0.500073
-0.865369
0.521637
0.0434824

-0.0326132
0.500073
0.865369
-4.41222
5.54047

-0.543638
0.631811
-0.552515
-1.01571
0.324155

0.543638
-0.631811
0.552515
0.726398
0.00598324

-0.191651
-0.647923
-0.737201
0.897788
0.00052488

0.191651
0.647923
0.737201
-0.534773
0.117547

0.457387
-0.48111
-0.747884
-6.06714
10.5269

-0.457387
0.48111
0.747884
0.675489
0.0222076

0.155589
-0.36624
-0.917421
-0.006145
0.13692

-0.155589
0.36624
0.917421
-1.19253
0.649852

0.084917
-0.242797
0.966353
0.985152
0.000164697

0.848617
-0.0908664
0.521146
0.0731972
0.0575606

-0.848617
0.0908664
-0.521146
0.389524
0.0249765

-0.514793
-0.520219
-0.681439
-0.754602
0.269264

0.514793
0.520219
0.681439
0.529459
0.0194629

0.00315523
-0.239644
-0.970856
-0.403608
0.191964

-0.00315523
0.239644
0.970856
0.156954
0.0694462

-0.148407
-0.147415
0.977877
0.0560331
0.192889

0.148407
0.147415
-0.977877
-3.87587
5.146

-0.697007
-0.642174
0.319051
0.829829
0.00249748

0.697007
0.642174
-0.319051
-1.68238
0.620048

-0.0741339
0.33157
0.940513
0.800761
0.00534507

0.0741339
-0.33157
-0.940513
-3.56319
2.80339

-0.0938888
0.11185
-0.98928
-2.56214
1.32113

0.0938888
-0.11185
0.98928
0.850964
0.00233403

0.83175
0.52032
0.193544
0.915576
0.000326561

0.293893
-0.194805
0.935777
0.871116
0.0066557

-0.264391
-0.868611
-0.419062
-0.310217
0.168299

-0.898852
-0.438253
0
0.169901
0.0377554

0.898852
0.438253
0
0.697
0.00727135

0.885478
0.394186
0.246061
0.644575
0.0140791

-0.885478
-0.394186
-0.246061
-1.85443
0.896003

-0.462885
-0.583238
0.667511
0.122347
0.192497

0.462885
0.583238
-0.667511
-5.24111
9.72386

-0.0370392
-0.171892
-0.984419
-0.372079
0.187889

0.0370392
0.171892
0.984419
0.0868642
0.0833986

0.510946
0.439002
0.739061
-0.501763
0.343069

-0.510946
-0.439002
-0.739061
-0.96149
0.585212

-0.169142
0.497132
0.851029
0.645355
0.0268671

0.182622
0.947652
-0.261927
-1.20525
0.538183

-0.182622
-0.947652
0.261927
0.39743
0.0402

-0.210875
0.866936
0.451613
0.855704
0.000881464

0.210875
-0.866936
-0.451613
-0.0651901
0.0478218

0.858937
-0.388409
0.333714
0.904951
0.00209378

-0.858937
0.388409
-0.333714
-9.05576
23.3634

0.246933
-0.183136
-0.95157
0.592026
0.0142536

-0.246933
0.183136
0.95157
-0.805081
0.275603

0.674735
-0.710134
-0.201102
0.975444
1.98334e-05

0.826033
0.094213
0.555692
-1.27446
0.269156

-0.826033
-0.094213
-0.555692
0.979306
2.27112e-05

-0.276975
0.152191
-0.948748
-36.1595
1014.22

0.276975
-0.152191
0.948748
0.942853
0.00240066

0.855407
0.193885
0.480299
0.43269
0.011659

0.0206241
0.886148
-0.462944
-2.86169
3.50325

-0.0206241
-0.886148
0.462944
-0.716305
0.692013

-0.447208
-0.89443
0
0.908055
0.0105841

-0.960519
0.101764
0.258936
-3.68842
2.37357

0.960519
-0.101764
-0.258936
0.954769
0.000224165

-0.641173
0.286231
-0.712018
-0.972218
0.233233

0.641173
-0.286231
0.712018
0.90124
0.000613983

0.233932
0.758364
0.608407
0.727411
0.00615242

-0.233932
-0.758364
-0.608407
-1.10332
0.363101

0.568949
0.707422
-0.419347
0.914106
0.000546107

0.664327
0.709438
0.235303
0.970798
6.92628e-05

0.0382394
0.738045
-0.673667
-0.966322
0.27171

-0.0382394
-0.738045
0.673667
0.811916
0.00253328

0.666068
0.140731
0.732495
0.879898
0.00172285

-0.209911
-0.649097
0.731171
0.764243
0.00723069

-0.610629
0.791917
0
0.397004
0.0235736

0.610629
-0.791917
0
0.119582
0.0502446

0.313724
0.0685477
0.947037
0.944564
0.000940746

0.447832
-0.432544
0.782529
0.866532
0.00492239

-0.447832
0.432544
-0.782529
-10.6266
36.9773

-0.401972
0.446316
-0.799513
-1.4911
0.721281

0.401972
-0.446316
0.799513
0.434693
0.0399188

0.33697
0.396308
0.854044
0.479052
0.0195629

-0.33697
-0.396308
-0.854044
-0.192251
0.10239

-0.575235
0.296054
-0.762533
-5.97249
10.4441

0.575235
-0.296054
0.762533
0.628684
0.0297448
