
-0.673878
-0.719886
-0.166291
0.913645
0.000563511

0.122562
-0.94409
0.30606
0.630334
0.008534

-0.122562
0.94409
-0.30606
-0.178779
0.0866278

0.600374
0.213036
-0.770822
0.735098
0.00806439

0.842821
-0.349466
-0.4093
0.873847
0.000758508

0.313512
0.949584
0
-5.89684
7.74753

-0.313512
-0.949584
0
0.900947
0.00282811

-0.603608
0.738685
0.300004
0.466311
0.0166217

0.603608
-0.738685
-0.300004
0.197284
0.0375809

-0.128355
-0.0186844
-0.991552
-12.9324
63.9003

0.128355
0.0186844
0.991552
0.835393
0.00892584

0.666729
-0.226022
0.710202
0.746725
0.00760222

-0.666729
0.226022
-0.710202
-2.58965
1.52545

0.755299
0.0695827
-0.651676
-1.45402
0.397735

-0.755299
-0.0695827
0.651676
0.932666
0.000316467

0.32556
0.807122
0.492508
0.678784
0.00734739

-0.32556
-0.807122
-0.492508
-0.563019
0.173069

-0.33533
0.717895
0.610066
0.6063
0.00569723

0.33533
-0.717895
-0.610066
0.57132
0.00674592

0.21713
-0.695748
-0.684682
-0.813918
0.238272

-0.21713
0.695748
0.684682
0.746962
0.00469923

0.159057
-0.0832092
-0.983757
-2.42929
2.27678

-0.159057
0.0832092
0.983757
-0.270596
0.312569

-0.250057
0.872301
0.420193
-0.983291
0.252721

0.250057
-0.872301
-0.420193
0.869821
0.00109209

0.299641
-0.0419079
-0.953131
0.948602
0.000704387

-0.299641
0.0419079
0.953131
-11.0842
37.3621

0.701443
-0.416382
-0.57845
-0.757177
0.314152

-0.701443
0.416382
0.57845
0.307207
0.0489193

0.348316
0.708373
-0.613908
-0.540278
0.300057

-0.348316
-0.708373
0.613908
-0.32809
0.223122

-0.478084
-0.291442
-0.828551
-13.1151
64.1316

0.478084
0.291442
0.828551
0.874376
0.00513218

0.284235
-0.0361664
0.958072
-0.480311
0.312014

-0.284235
0.0361664
-0.958072
-0.748959
0.435361

-0.425601
0.520668
0.740114
0.627742
0.0160402

0.425601
-0.520668
-0.740114
-2.00695
1.04647

0.585731
-0.165223
-0.793486
-0.17575
0.0467136

-0.585731
0.165223
0.793486
0.955592
8.31202e-05

0.509165
0.860669
0
0.756617
0.0109753

-0.463964
-0.727389
-0.505611
0.995687
3.11361e-06

-0.585101
-0.34307
0.73482
0.863475
0.00172146

0.585101
0.34307
-0.73482
-2.03418
0.82897

-0.420973
0.462505
0.780302
0.816222
0.00197154

0.420973
-0.462505
-0.780302
-0.462004
0.12098

0.222479
0.667604
0.710498
0.785462
0.019011

-0.222479
-0.667604
-0.710498
-16.3776
124.719

-0.955675
-0.294424
0
0.399681
0.023443

0.955675
0.294424
0
0.261557
0.0345786

-0.559006
0.268286
0.78456
0.748361
0.00940272

0.559006
-0.268286
-0.78456
-3.83772
3.47151

0.937133
-0.0929619
0.336362
-0.131628
0.0976113

-0.0129905
0.962717
-0.270198
0.819131
0.00114673

0.0129905
-0.962717
0.270198
0.286536
0.0177494

0.778439
0.333045
0.532084
0.510292
0.0271972

-0.778439
-0.333045
-0.532084
-1.55846
0.740475

0.537635
-0.115994
0.835161
-4.22937
4.40509

-0.537635
0.115994
-0.835161
0.721512
0.0126057

0.865873
0.416755
-0.276729
-0.258541
0.107386

-0.865873
-0.416755
0.276729
0.58602
0.0116321

-0.134844
0.337947
0.931455
-2.41575
0.762912

0.134844
-0.337947
-0.931455
0.997364
6.0972e-07

-0.584999
-0.811034
0
-0.114273
0.0675736

0.584999
0.811034
0
0.748859
0.00454894

0.77143
0.219032
-0.597429
-2.25592
1.42746

-0.77143
-0.219032
0.597429
0.491095
0.0349669

-0.761655
-0.207797
-0.613761
0.541058
0.0579546

0.761655
0.207797
0.613761
-8.00094
22.2533

-0.477167
0.784834
0.395407
-1.07481
0.239208

0.477167
-0.784834
-0.395407
0.944695
0.000175117

-0.19374
-0.0920266
-0.976727
-1.45744
0.79693

-0.701641
-0.0712502
0.708959
0.621875
0.00735852

-0.845483
0.401351
-0.352244
-6.16281
14.047

0.845483
-0.401351
0.352244
0.133419
0.205664

-0.0712887
0.861284
-0.503098
0.971732
0.000199021

-0.671773
-0.486096
-0.558956
0.972536
2.23977e-05

-0.410423
-0.737738
0.535999
0.649885
0.00693384

0.304601
0.776883
-0.551064
-3.18508
2.66058

-0.304601
-0.776883
0.551064
0.576303
0.0273405

-0.363205
-0.686674
0.629731
0.761279
0.00402702

0.363205
0.686674
-0.629731
-0.764531
0.217279

-0.269328
0.258418
0.92773
0.768692
0.0098353

0.269328
-0.258418
-0.92773
-5.49744
7.75908

-0.744549
-0.284144
0.604078
0.963189
6.98398e-05

0.954206
-0.299151
0
0.0610126
0.0458305

0.696691
-0.191099
-0.691449
-2.21807
1.24255

-0.696691
0.191099
0.691449
0.642436
0.0153459

0.383284
-0.748911
0.540579
0.657352
0.00446469

-0.383284
0.748911
-0.540579
0.480168
0.0102278

-0.0992751
-0.628871
0.771146
0.988862
3.38948e-05

0.0992751
0.628871
-0.771146
-11.4992
37.5835

0.474245
0.145649
-0.868261
-2.71439
1.34674

-0.474245
-0.145649
0.868261
0.910563
0.000821109

0.760596
-0.266394
0.592055
-3.47055
2.77184

-0.760596
0.266394
-0.592055
0.755195
0.00832783

-0.187589
0.423157
-0.886425
-6.02125
8.00617

0.187589
-0.423157
0.886425
0.929788
0.000808982

0.413233
-0.310404
-0.856089
0.998952
5.26348e-07

-0.345162
-0.755503
0.556847
0.954897
9.51989e-05

0.226566
0.601914
-0.765746
-1.29312
0.46036

-0.226566
-0.601914
0.765746
0.723533
0.0067789

-0.625495
-0.0525601
-0.778456
0.870102
0.000938532

0.625495
0.0525601
0.778456
-0.449789
0.107233

0.354859
0.394901
0.847425
0.80627
0.0107069

-0.354859
-0.394901
-0.847425
-10.387
36.7011

0.258684
0.201744
0.94466
0.883878
0.00253492

-0.373298
-0.126625
0.919029
0.912553
0.00241119

0.373298
0.126625
-0.919029
-13.3274
64.4232

0.806468
0.591278
0
0.427238
0.0211315

0.573258
-0.34038
0.74533
0.777103
0.00182888

-0.573258
0.34038
-0.74533
0.317378
0.0170997

-0.094122
0.0208399
0.995343
0.990424
2.34315e-05

0.140274
-0.924694
0.353927
-0.558403
0.14262

0.854694
0.504224
0.123513
0.069936
0.0931768

-0.854694
-0.504224
-0.123513
-0.555537
0.260483

-0.710276
-0.391138
-0.585252
0.552269
0.0161476

0.428448
-0.0273359
0.903153
0.676542
0.00305476

-0.428448
0.0273359
-0.903153
0.713423
0.00242676

-0.958132
0.203885
0.20103
0.713996
0.0016093

-0.320597
-0.736509
-0.595628
-1.66299
0.409393

0.320597
0.736509
0.595628
0.985348
1.55596e-05

0.993269
0.115834
0
-0.0244701
0.0647651

-0.993269
-0.115834
0
0.581832
0.011596

0.223957
-0.610402
0.759771
0.763644
0.00821623

-0.223957
0.610402
-0.759771
-3.86837
3.48372

-0.723069
-0.265514
0.637709
0.961731
0.000112128

0.536806
-0.0773987
0.840148
-1.55846
0.740564

-0.536806
0.0773987
-0.840148
0.510292
0.0271508

-0.121111
-0.0667401
0.990393
0.948481
0.000588404

0.121111
0.0667401
-0.990393
-9.30478
23.5217

0.838
0.120351
0.532232
0.809037
0.00721049

-0.947395
-0.320066
0
0.144848
0.114076

0.947395
0.320066
0
-1.57968
0.908824

-0.196552
0.671905
-0.714081
0.9837
2.55268e-05

0.196552
-0.671905
0.714081
-2.6188
1.00837

0.00818283
0.867516
-0.497342
0.511329
0.0100583

-0.00818283
-0.867516
0.497342
0.534877
0.00911252

-0.356766
-0.0215469
-0.933945
-0.143281
0.0501283

0.356766
0.0215469
0.933945
0.913783
0.000285371

0.218055
0.968819
-0.11765
0.85568
0.00225155

-0.192375
-0.830563
0.522644
0.945965
0.00145144

-0.732566
-0.231429
0.640146
0.722846
0.0226618

0.732566
0.231429
-0.640146
-10.117
36.3517

0.102336
-0.602192
-0.791765
-7.48401
15.4507

-0.102336
0.602192
0.791765
0.838592
0.00560756

0.546377
0.736597
-0.398619
-0.110946
0.0624354

-0.546377
-0.736597
0.398619
0.77668
0.0028045

0.0324073
0.51889
-0.854227
-2.0062
0.824673

-0.0324073
-0.51889
0.854227
0.849962
0.00211795

-0.271814
0.465374
-0.842344
-1.08629
0.239761

0.271814
-0.465374
0.842344
0.948665
0.000166925

0.291495
-0.8474
0.443784
0.806564
0.00620664

0.370528
0.234365
0.898767
0.829771
0.00220282

-0.370528
-0.234365
-0.898767
-1.24265
0.378949

-0.80712
0.116342
-0.578811
-0.277767
0.164306

0.804364
-0.50317
0.31594
0.869069
0.00185171

-0.120931
-0.49182
-0.862258
-10.7021
37.0496

0.120931
0.49182
0.862258
0.882979
0.00375771

-0.0995944
0.766681
0.634256
0.273093
0.0807758

0.0995944
-0.766681
-0.634256
-2.28245
1.64426

-0.305635
0.585076
0.751181
0.814342
0.00370626

0.305635
-0.585076
-0.751181
-2.48625
1.30625

-0.0965319
-0.0889744
0.991345
0.945039
0.00117224

-0.444842
-0.642618
0.623825
0.811428
0.00268664

0.444842
0.642618
-0.623825
-1.12528
0.336058

-0.0288585
-0.483564
-0.874833
-2.04506
1.19338

0.0288585
0.483564
0.874833
0.490393
0.0336231

0.0441191
-0.326803
0.944062
0.945188
0.000379096

-0.0441191
0.326803
-0.944062
-4.39716
3.64375

-0.215306
-0.976547
0
-0.92013
0.311854

0.0902654
-0.0572327
0.994272
0.946408
0.000638611

-0.0902654
0.0572327
-0.994272
-9.29077
23.5138

-0.770697
0.602641
0.207003
0.998308
4.46453e-07

0.1991
-0.806831
0.556222
0.297874
0.0306525

-0.1991
0.806831
-0.556222
0.297874
0.0306525

0.614637
0.71731
0.328159
0.644348
0.00986512

-0.614637
-0.71731
-0.328159
-0.711269
0.227966

0.626906
0.445249
-0.639329
0.175213
0.0560928

-0.287186
0.0480724
0.956668
0.955338
0.000118476

0.0114631
-0.729035
-0.68438
-0.676396
0.240887

-0.0114631
0.729035
0.68438
0.518894
0.0199384

0.699507
-0.448118
0.556669
0.2201
0.0554439

-0.699507
0.448118
-0.556669
-0.324185
0.15966

-0.123466
-0.764308
0.632921
0.928484
0.000302525

0.123466
0.764308
-0.632921
-0.965498
0.215734

-0.328884
0.842088
-0.427461
0.908419
0.000585746

-0.0126405
-0.39322
0.919357
0.973749
5.96594e-05

0.0126405
0.39322
-0.919357
-1.94025
0.579477

-0.485392
0.856975
-0.173173
0.0159765
0.0558327

0.223365
0.766984
-0.601535
0.933514
0.000117041

0.064673
-0.345737
-0.9361
-23.4785
299.791

-0.064673
0.345737
0.9361
0.934511
0.00218085

-0.646602
0.35666
-0.674314
0.825285
0.00106561

0.826133
0.0944427
-0.555505
0.288958
0.0235579

-0.826133
-0.0944427
0.555505
0.627148
0.0065112

-0.360355
-0.696092
-0.620967
-0.727192
0.142152

0.360355
0.696092
0.620967
0.946045
0.000151064

-0.351137
-0.249426
-0.902491
-5.00502
5.86964

0.351137
0.249426
0.902491
0.828022
0.00489758

0.635164
-0.435514
0.637883
0.173969
0.0982821

-0.635164
0.435514
-0.637883
-1.77638
1.10866

-0.332174
-0.866312
0.373047
-0.2165
0.13051

0.332174
0.866312
-0.373047
0.194042
0.0572913

-0.010868
-0.0936395
-0.995547
-1.09254
0.332671

0.010868
0.0936395
0.995547
0.788151
0.00342257

-0.0877525
-0.955545
0.281483
-0.329709
0.150617

0.0877525
0.955545
-0.281483
0.332838
0.0379322

0.190071
0.42859
-0.88328
-0.501763
0.343049

-0.190071
-0.42859
0.88328
-0.96149
0.58521

0.360727
-0.427064
-0.829152
-12.563
63.267

-0.360727
0.427064
0.829152
0.738368
0.0235693

-0.389858
-0.277373
0.878109
0.272799
0.0157163

0.157316
0.293815
0.942828
0.912789
0.000872319

-0.157316
-0.293815
-0.942828
-3.521
2.34351

0.887199
0.461386
0
0.0232379
0.198704

0.0992637
-0.665475
0.73979
0.733135
0.00242749

-0.0992637
0.665475
-0.73979
0.468118
0.00964008

-0.507032
0.0594124
0.859877
0.901115
0.000846798

-0.470975
0.273418
0.838705
0.769764
0.00367017

0.470975
-0.273418
-0.838705
-0.712502
0.198299

-0.301685
-0.318259
-0.89872
-0.646007
0.130024

0.301685
0.318259
0.89872
0.932086
0.000224926

-0.531709
0.55928
0.635997
0.6701
0.00555799

0.531709
-0.55928
-0.635997
0.0905178
0.0421429

0.512076
0.0858908
0.854635
0.894681
0.00162873

-0.512076
-0.0858908
-0.854635
-4.66381
4.57663

0.14757
-0.300364
-0.94234
-0.520982
0.132064

-0.14757
0.300364
0.94234
0.827997
0.00177189

0.396323
-0.210628
0.893624
0.932928
0.00335576

-0.396323
0.210628
-0.893624
-36.0406
1013.44

-0.165781
-0.61769
0.768749
0.774065
0.001426

0.165781
0.61769
-0.768749
0.61243
0.00409582

0.279759
-0.146416
0.94884
0.943067
0.000115932

0.587106
0.80951
0
0.815777
0.0139894

0.297871
-0.773653
-0.559225
-3.64002
4.07735

-0.297871
0.773653
0.559225
0.304725
0.0915771

-0.178526
0.149168
0.972562
0.919646
0.00174473

0.178526
-0.149168
-0.972562
-10.8946
37.2177

-0.0710239
-0.286288
-0.955508
0.852861
0.00143812

0.0710239
0.286288
0.955508
-0.955061
0.250539

0.134808
-0.147705
0.979801
-1.2445
0.60105

-0.134808
0.147705
-0.979801
0.285776
0.0611474

0.476775
0.174565
0.861518
0.809456
0.0056309

-0.497896
-0.855436
0.142582
0.984952
1.32873e-05

0.855365
-0.249908
0.453757
0.36788
0.0462744

-0.855365
0.249908
-0.453757
-1.30385
0.614597

-0.626098
-0.305066
-0.717591
0.690414
0.0107972

0.034469
-0.999406
0
0.226844
0.0811687

-0.034469
0.999406
0
-0.247657
0.164991

-0.803148
-0.595779
0
0.790072
0.00257386

0.426565
0.677485
-0.599213
-0.93085
3.68697

-0.426565
-0.677485
0.599213
-29.8934
943.747

0.41218
0.638704
0.649742
0.785462
0.00510705

-0.41218
-0.638704
-0.649742
-2.43261
1.29409

0.193023
0.651833
0.733386
0.794695
0.0040558

-0.482523
0.664056
0.57114
0.612722
0.00365373

0.482523
-0.664056
-0.57114
0.815584
0.000833312

0.0110991
0.601878
0.798511
0.739954
0.0108811

-0.467012
0.497754
-0.730849
-2.56551
1.51835

0.467012
-0.497754
0.730849
0.731936
0.00866346

-0.42934
-0.276504
0.859775
0.795214
0.0104248

0.0584277
0.23698
0.969756
0.963287
0.00018444

-0.0584277
-0.23698
-0.969756
-4.49203
3.65731

0.578067
-0.642368
-0.503192
0.310414
0.0290277

-0.578067
0.642368
0.503192
0.310414
0.0290277

-0.350793
0.00863839
-0.936413
0.856867
0.00104111

0.350793
-0.00863839
0.936413
-0.392459
0.0984526

0.154253
0.0400925
0.987217
-0.236778
0.0702477

-0.154253
-0.0400925
-0.987217
0.866397
0.000890882

-0.132834
-0.140426
-0.98114
-2.27453
1.25688

0.132834
0.140426
0.98114
0.684617
0.0117014

0.0778091
0.749896
0.656964
0.760441
0.0106101

-0.0778091
-0.749896
-0.656964
-5.47766
7.74651

0.0348047
-0.146951
0.988531
-0.581999
0.174678

-0.0348047
0.146951
-0.988531
0.699412
0.00632244

0.354149
-0.0463421
0.93404
0.699089
0.0122481

-0.354149
0.0463421
-0.93404
-3.04558
2.21312

0.168296
-0.916761
-0.362252
0.668998
0.00861362

-0.168296
0.916761
0.362252
-0.802124
0.255254

-0.607689
0.48834
0.626289
0.701031
0.0146263

0.607689
-0.48834
-0.626289
-4.19044
4.3881

-0.16633
0.851014
-0.498106
-13.294
64.382

0.16633
-0.851014
0.498106
0.907037
0.00273724

0.255665
0.362373
0.896282
0.844742
0.00515851

-0.378379
0.925651
0
0.809012
0.000738252

0.378379
-0.925651
0
0.731404
0.00145732

0.600956
0.0253655
-0.798879
-1.05027
0.302323

-0.600956
-0.0253655
0.798879
0.816742
0.00248056

0.980223
0.168299
-0.104107
-0.348064
0.22646

-0.980223
-0.168299
0.104107
-0.475371
0.271237

-0.13073
0.624918
0.769667
0.834163
0.00291097

0.13073
-0.624918
-0.769667
-2.52607
1.31439

-0.445633
-0.176412
0.877662
0.859575
0.00646824

0.445633
0.176412
-0.877662
-13.0425
64.0265

0.374124
0.772259
0.513466
-1.78784
1.25703

-0.374124
-0.772259
-0.513466
-0.105203
0.197667

-0.23236
-0.672933
-0.702261
0.971771
0.000158977

0.23236
0.672933
0.702261
-8.1461
15.7964

-0.186093
-0.521402
-0.832772
-1.53371
0.490015

0.186093
0.521402
0.832772
0.87815
0.00114563

-0.561825
-0.0415173
0.826213
0.819987
0.00311035

0.64866
-0.0800253
0.756859
0.756183
0.00878615

-0.442543
-0.788031
0.427975
-2.50528
1.14411

0.442543
0.788031
-0.427975
0.910642
0.000753288

0.0646839
-0.26583
0.961847
0.900982
0.00315676

-0.0646839
0.26583
-0.961847
-13.2585
64.3031

0.710056
0.409732
-0.572661
-2.00354
1.18141

-0.710056
-0.409732
0.572661
0.448332
0.0399464

-0.308034
0.945268
-0.107623
-4.14755
2.93866

0.308034
-0.945268
0.107623
0.973528
8.07461e-05

-0.474472
-0.506492
0.71996
-0.355556
0.173804

0.474472
0.506492
-0.71996
0.174244
0.0644993

-0.23577
-0.0923634
0.96741
0.969747
8.61163e-05

0.446743
-0.0360937
0.893934
0.832555
0.0114191

-0.446743
0.0360937
-0.893934
-16.5921
125.149

-0.125504
-0.833058
0.538761
0.52817
0.0102725

0.599996
0.28213
0.748603
0.758316
0.00541249

0.887063
0.461649
0
0.0593312
0.0897078

-0.887063
-0.461649
0
-0.0422878
0.107358

0.0519108
-0.81807
0.572771
0.644348
0.00986053

-0.0519108
0.81807
-0.572771
-0.711269
0.227962

0.538468
0.0830333
-0.838545
-7.75615
15.6283

-0.538468
-0.0830333
0.838545
0.907891
0.00173375

-0.180595
-0.0732555
0.980826
0.792605
0.00274355

0.180595
0.0732555
-0.980826
-0.625971
0.166995

0.114611
0.88869
0.443954
0.427962
0.0167825

-0.254711
0.907729
-0.333391
-0.119062
0.0870805

0.254711
-0.907729
0.333391
0.477463
0.0190056

0.438217
0.666608
0.602992
0.0688112
0.134279

-0.00925583
-0.219089
-0.975661
-0.446078
0.304445

0.00925583
0.219089
0.975661
-0.867356
0.507668

0.524739
0.753919
-0.395291
-0.126279
0.0543613

-0.524739
-0.753919
0.395291
0.86626
0.000777798

-0.314238
-0.61662
0.721827
0.66287
0.0203302

-0.623525
-0.529876
0.574846
0.561493
0.0157842

0.623525
0.529876
-0.574846
-0.642685
0.220589

-0.743133
0.00273079
-0.669139
-4.61452
4.56437

0.743133
-0.00273079
0.669139
0.879761
0.00210145

-0.944476
0.252471
0.210294
0.664866
0.00786067

0.944476
-0.252471
-0.210294
-0.498109
0.156935

-0.404852
-0.914382
0
0.884444
0.0358482

-0.0420416
-0.810724
0.583916
0.524716
0.01036

-0.600609
0.690253
0.40351
-0.794047
0.535683

0.600609
-0.690253
-0.40351
-0.977929
0.651101

-0.241361
0.169204
0.95557
0.338577
0.0769875

0.241361
-0.169204
-0.95557
-3.26206
3.19525

-0.568985
0.749275
0.338886
0.537625
0.0196658

0.568985
-0.749275
-0.338886
-0.918641
0.338512

0.719501
-0.200475
0.664927
0.617314
0.00432005

-0.719501
0.200475
-0.664927
0.722492
0.00229238

0.457931
0.888988
0
0.708568
0.00197407

-0.457931
-0.888988
0
0.849914
0.000631921

-0.909315
-0.138074
0.392534
-3.64002
4.07707

0.909315
0.138074
-0.392534
0.304725
0.0915982

-0.173175
-0.508582
0.843418
0.63431
0.0108747

0.173175
0.508582
-0.843418
-0.769943
0.251786

0.683586
-0.694948
-0.223062
0.301458
0.0382282

-0.683586
0.694948
0.223062
-0.102696
0.0952406

0.467006
-0.586381
0.661864
-0.375251
0.248371

-0.467006
0.586381
-0.661864
-0.604083
0.337894

0.115282
-0.329608
-0.937053
-0.832302
0.207471

-0.115282
0.329608
0.937053
0.859094
0.0012969

-0.106331
0.252133
0.961833
-1.55554
1.31366

0.106331
-0.252133
-0.961833
-1.01918
0.820123

0.61912
0.0119203
0.785206
0.914089
0.00286064

-0.61912
-0.0119203
-0.785206
-17.0628
126.098

-0.0946254
0.396728
-0.913046
0.338577
0.077186

0.0946254
-0.396728
0.913046
-3.26206
3.19309

0.799266
0.125516
0.587724
0.975684
2.59664e-05

-0.799266
-0.125516
-0.587724
-0.725981
0.124438

-0.583914
-0.140551
-0.799556
0.913488
9.33066e-05

0.583914
0.140551
0.799556
0.789996
0.00054742

0.326863
-0.0844689
0.94129
0.854774
0.00138255

-0.744921
-0.186543
0.640542
0.413056
0.0148952

0.744921
0.186543
-0.640542
0.598002
0.00699068

-0.592247
-0.803685
0.0577391
0.38258
0.0756152

0.592247
0.803685
-0.0577391
-4.22512
5.41545

0.423634
-0.157858
-0.891972
-5.10181
5.91717

-0.423634
0.157858
0.891972
0.861453
0.003052

0.780329
0.029064
0.624694
0.904399
0.000968413

-0.780329
-0.029064
-0.624694
-2.93018
1.59901

0.192232
0.651406
-0.733974
-0.164639
0.0738468

-0.192232
-0.651406
0.733974
0.738683
0.00373451

-0.0334931
-0.423602
0.905229
0.938704
0.00190497

0.0334931
0.423602
-0.905229
-23.5187
299.888

-0.430965
0.788354
0.439052
-0.476529
0.11472

0.430965
-0.788354
-0.439052
0.86021
0.00102992

0.354756
0.496381
-0.792309
0.982355
2.78679e-05

-0.354756
-0.496381
0.792309
-2.12325
0.661775

0.100824
-0.0825158
0.991477
0.966757
0.000539813

0.10065
0.852489
0.512964
0.777786
0.00605846

-0.542985
0.683559
0.487764
0.29915
0.0627508

0.542985
-0.683559
-0.487764
-1.53006
0.816808

0.298544
0.916503
-0.26626
-1.6864
0.620565

-0.298544
-0.916503
0.26626
0.832101
0.0024309

-0.0162846
-0.999867
0
0.23379
0.0765889

0.118611
-0.856209
0.502829
0.904432
0.000394498

-0.118611
0.856209
-0.502829
-0.232935
0.0633878

0.334778
0.177299
0.925467
0.990033
1.22619e-05

-0.334778
-0.177299
-0.925467
-5.18781
4.69489

-0.00639734
-0.20885
-0.977927
0.526938
0.0271879

0.00639734
0.20885
0.977927
-1.89473
1.01796

0.00760897
-0.821738
-0.569815
0.666639
0.0162888

-0.00760897
0.821738
0.569815
-3.31706
2.71356

-0.364952
0.18299
-0.912866
0.684792
0.00621532

0.801194
0.298215
-0.518803
0.471209
0.0134484

-0.801194
-0.298215
0.518803
0.44056
0.0150512

-0.38251
0.469763
0.795618
0.1227
0.0336557

0.38251
-0.469763
-0.795618
0.764729
0.00242231

0.854209
0.170429
-0.491203
-3.79288
4.17222

-0.854209
-0.170429
0.491203
0.436594
0.0577258

-0.216889
0.226639
0.949523
0.994928
1.15802e-06

0.0988895
0.148334
0.983981
0.974048
0.000340878

0.220866
-0.40156
-0.888801
-6.17728
10.6036

-0.220866
0.40156
0.888801
0.725256
0.0156657

0.894709
0.0446631
0.44441
0.825332
0.00265936

-0.894709
-0.0446631
-0.44441
-1.67451
0.618875

-0.116936
0.848499
-0.516115
-1.40378
0.521468

0.116936
-0.848499
0.516115
0.724156
0.00751306

0.228312
-0.361923
0.903817
0.916278
0.0014205

-0.228312
0.361923
-0.903817
-7.79607
15.651

0.244207
0.445111
0.861533
-0.0702177
0.0316138

0.512951
0.0751968
-0.855118
-0.505536
0.271827

-0.512951
-0.0751968
0.855118
-0.219482
0.178351

-0.618752
0.619633
-0.482909
-1.04787
0.219776

0.618752
-0.619633
0.482909
0.958207
9.73825e-05

-0.935032
0.354565
0
0.351266
0.0600532

0.935032
-0.354565
0
-1.73333
0.961445

-0.361564
-0.702325
-0.613197
-1.48958
0.724669

0.361564
0.702325
0.613197
0.432898
0.0377028

0.0965971
-0.682642
-0.72434
-1.39258
0.573944

-0.0965971
0.682642
0.72434
0.610445
0.0153199

-0.551547
0.00596192
-0.834122
0.180873
0.0318311

0.551547
-0.00596192
0.834122
0.75607
0.00400652

0.198904
-0.860439
-0.469128
-7.01095
15.0463

-0.198904
0.860439
0.469128
0.662919
0.0266832

0.171002
-0.246347
0.953977
0.64392
0.0130433

-0.171002
0.246347
-0.953977
-0.851314
0.282304

-0.515723
-0.0890143
0.852118
-1.07242
0.359245

0.515723
0.0890143
-0.852118
0.700301
0.00762689

-0.645042
0.68134
0.345971
-2.3695
1.46335

0.645042
-0.68134
-0.345971
0.5912
0.0215862

0.478624
-0.369266
0.796594
0.812105
0.00335302

-0.478624
0.369266
-0.796594
-1.93516
0.814048

0.516
0.856589
0
0.766439
0.00441388

-0.730205
-0.353804
-0.584486
-1.05984
0.30325

0.730205
0.353804
0.584486
0.823249
0.00223657

0.699993
-0.252145
0.668156
0.707957
0.00200653

-0.699993
0.252145
-0.668156
0.76208
0.00133474

0.81554
0.468338
0.339932
0.923691
0.000333166

-0.81554
-0.468338
-0.339932
-0.95425
0.215108

-0.38501
0.466561
0.796297
-0.404253
0.205296

0.38501
-0.466561
-0.796297
0.0248272
0.0991197

-0.0227663
0.588735
0.808006
-0.00545549
0.114438

0.0227663
-0.588735
-0.808006
-0.594387
0.287388

0.124734
0.642387
-0.756161
-7.53489
15.4797

-0.124734
-0.642387
0.756161
0.853203
0.00462987

0.155469
0.832557
-0.531675
-0.308336
0.191506

-0.155469
-0.832557
0.531675
-0.22528
0.167977

0.765305
0.507603
0.395788
0.0214047
0.0430425

-0.69292
-0.721015
0
0.43754
0.0308343

-0.438434
-0.283257
0.85296
0.872226
0.000998008

0.438434
0.283257
-0.85296
-0.735739
0.174436

0.0909294
0.629867
-0.771362
-1.14538
0.479575

-0.0909294
-0.629867
0.771362
0.463653
0.0300105

0.276384
0
-0.961047
-2.2721
0.972105

-0.276384
0
0.961047
0.893771
0.00108272

-0.320048
-0.87099
-0.372755
0.954829
5.03477e-05

-0.827816
0.376179
-0.416184
0.72375
0.00838472

0.224173
-0.707126
0.670611
0.713829
0.00402526

-0.224173
0.707126
-0.670611
0.0611075
0.0432918

-0.529541
0.528147
-0.663813
0.582795
0.0114795

0.529541
-0.528147
0.663813
-0.181628
0.0914998

-0.848274
0.250539
0.466543
0.473406
0.0226898

0.848274
-0.250539
-0.466543
-0.462762
0.174729

-0.416816
0.302099
-0.857322
-0.743547
0.10935

0.416816
-0.302099
0.857322
0.994786
3.31854e-06

0.49142
-0.198837
0.847921
0.702947
0.0102485

-0.49142
0.198837
-0.847921
-2.30059
1.26362

0.174556
0.648628
-0.740818
0.587425
0.0194094

-0.174556
-0.648628
0.740818
-1.78898
0.881549

0.995346
0.0963668
0
0.89282
0.000181055

0.736056
0.457519
-0.498896
-0.178768
0.113029

-0.736056
-0.457519
0.498896
0.299595
0.0399163

0.719393
0.694604
0
-0.258983
0.21067

-0.719393
-0.694604
0
-0.566282
0.314879

0.803152
-0.44183
-0.399665
-0.282622
0.115409

-0.803152
0.44183
0.399665
0.56163
0.0135093

-0.128501
0.77054
0.624304
-1.21169
0.448575

0.128501
-0.77054
-0.624304
0.651723
0.0111934

-0.168627
0.640221
0.749454
0.193783
0.0312984

0.168627
-0.640221
-0.749454
0.657605
0.00565265

0.417092
0.188132
0.88918
-0.103613
0.0859739

-0.417092
-0.188132
-0.88918
0.448523
0.0214827

0.08745
0.733666
0.673859
-3.62442
1.97948

-0.08745
-0.733666
-0.673859
0.991114
7.58297e-06

0.336802
-0.246284
0.908795
-0.540582
0.0825491

-0.336802
0.246284
-0.908795
0.987565
6.93856e-06

-0.550906
-0.502339
-0.666453
0.583799
0.0108425

0.550906
0.502339
0.666453
-0.0837163
0.0730384

0.223729
0.367272
-0.902805
0.47898
0.0216296

-0.223729
-0.367272
0.902805
-0.413433
0.159105

-0.859018
0.371597
0.352141
-0.388228
0.109909

0.821024
-0.028012
-0.570206
-6.89891
14.9322

-0.821024
0.028012
0.570206
0.609931
0.0364881

0.51375
0.67124
0.53432
0.15922
0.0170507

-0.889726
-0.339367
-0.305316
-0.926832
0.36873

0.889726
0.339367
0.305316
0.434662
0.0317649

-0.0315648
0.444283
0.89533
-0.705089
0.1847

0.0315648
-0.444283
-0.89533
0.811788
0.00239593

0.288496
-0.569406
-0.769771
-35.6859
1012.1

-0.288496
0.569406
0.769771
0.898377
0.00776858

0.123613
-0.0979343
-0.987486
-0.0497928
0.0456309

-0.123613
0.0979343
0.987486
0.862114
0.000858747

0.84318
0.202119
0.498192
-0.367683
0.199973

-0.84318
-0.202119
-0.498192
-0.064806
0.121215

-0.943548
-0.331235
0
0.248902
0.0558012

0.943548
0.331235
0
-0.575435
0.245113

-0.514663
-0.399029
-0.75888
0.2201
0.0553956

-0.394282
0.271752
-0.877891
-3.83772
3.46856

0.394282
-0.271752
0.877891
0.748361
0.00949735

-0.108426
0.913799
0.391428
-0.901589
0.516686

0.108426
-0.913799
-0.391428
-0.361494
0.264901

0.0722259
0.472464
-0.878385
0.901094
0.000501386

-0.735483
0.66079
0.149735
0.758039
0.0032906

0.735483
-0.66079
-0.149735
-0.246868
0.0862297

-0.343261
-0.577145
0.740996
0.789745
0.00351873

0.343261
0.577145
-0.740996
-1.18303
0.372438

-0.310935
-0.940044
0.14013
0.745383
0.00644882

0.310935
0.940044
-0.14013
-1.82907
0.795799

0.509543
0.804229
-0.305912
-0.0208322
0.0508964

0.233253
-0.394976
-0.888587
-0.672873
0.182181

-0.233253
0.394976
0.888587
0.785725
0.00307933

0.0124393
0.822482
0.568656
0.0830019
0.0336735

-0.0124393
-0.822482
-0.568656
0.832385
0.0011522

0.75133
-0.434026
0.497117
0.323444
0.0239891

-0.75133
0.434026
-0.497117
0.48623
0.0138525

-0.365057
-0.930985
0
0.397432
0.0423597

-0.33398
0.430734
-0.838407
-1.60993
0.550178

0.33398
-0.430734
0.838407
0.858297
0.00167951

-0.74606
-0.47301
0.468675
0.399293
0.0587323

0.74606
0.47301
-0.468675
-2.97202
2.56488

-0.38973
-0.796318
0.462588
0.932443
0.000237593

0.38973
0.796318
-0.462588
-0.74414
0.152692

0.89684
-0.41573
-0.151151
-0.610532
0.216982

-0.89684
0.41573
0.151151
0.518208
0.0194945

0.645634
0.583194
-0.492992
0.874065
0.00100448

-0.645634
-0.583194
0.492992
-0.921619
0.229794

-0.588795
0.178272
-0.788378
-0.842366
0.180299

0.588795
-0.178272
0.788378
0.927961
0.00028225

-0.51546
-0.399882
-0.757889
-1.35788
0.626278

0.51546
0.399882
0.757889
0.436436
0.0359283

0.532456
0.526558
0.662743
0.204048
0.0621845

-0.532456
-0.526558
-0.662743
-0.486661
0.21659

0.65297
-0.637853
-0.40838
0.883376
0.000834613

-0.65297
0.637853
0.40838
-0.873043
0.210182

-0.384332
0.507998
-0.770861
-1.05339
0.555456

0.384332
-0.507998
0.770861
-0.0341671
0.14108

0.286332
0.135168
-0.948548
-0.863089
0.423898

-0.286332
-0.135168
0.948548
0.0145588
0.118848

0.500921
-0.625322
0.598373
0.715053
0.00798538

-0.500921
0.625322
-0.598373
-1.64283
0.682125

0.35119
0.842422
0.408645
0.793022
0.00215861

-0.35119
-0.842422
-0.408645
-0.154451
0.0666141

-0.374126
0.51306
-0.772528
0.519378
0.0144708

-0.269454
-0.214129
-0.938905
-0.061152
0.145044

0.269454
0.214129
0.938905
-0.927743
0.477826

0.391017
-0.124383
0.91194
0.814342
0.00372609

-0.391017
0.124383
-0.91194
-2.48625
1.30595

0.639515
0.306247
-0.705147
-0.471679
0.187557

-0.639515
-0.306247
0.705147
0.3972
0.0315752

-0.683093
-0.730331
0
-0.0191802
0.044487

-0.710643
0.588255
0.385931
0.402478
0.0289164

0.710643
-0.588255
-0.385931
-0.318931
0.140745

-0.307806
0.0484695
0.950214
0.964647
0.000140293

0.307806
-0.0484695
-0.950214
-4.02901
2.82702

0.313309
0.220476
0.923703
0.948602
0.000683064

0.639968
0.0603251
0.76603
0.754813
0.00384138

0.786174
-0.516305
-0.339646
0.970794
0.000214426

-0.786174
0.516305
0.339646
-11.2736
37.5061

0.400765
0.817514
-0.413591
-1.48079
0.408827

-0.400765
-0.817514
0.413591
0.933926
0.000292208

0.407573
0.561967
-0.719776
0.653007
0.00941166

-0.407573
-0.561967
0.719776
-0.71907
0.228843

-0.306948
0.165442
-0.937236
0.14573
0.0433731

0.0987826
0.139993
0.985213
0.996451
5.87371e-06

-0.500434
-0.329975
-0.800426
-0.434339
0.151458

0.500434
0.329975
0.800426
0.584126
0.0127614

0.0445559
0.510529
-0.858705
-8.57616
22.9482

-0.0445559
-0.510529
0.858705
0.778246
0.0123118

0.779431
0.204848
0.592051
0.798798
0.00299959

-0.779431
-0.204848
-0.592051
-1.02494
0.299882

0.645142
0.292604
-0.705815
0.622665
0.0147172

-0.645142
-0.292604
0.705815
-1.53299
0.662083

0.0431275
0.144223
0.988605
0.967428
8.64282e-05

-0.0431275
-0.144223
-0.988605
-2.52293
1.00205

-0.0496505
0.0921645
0.994505
0.858894
0.00158208

0.0496505
-0.0921645
-0.994505
-1.38983
0.430737

-0.103037
0.634744
0.765822
0.965141
0.000595622

0.736526
-0.359783
0.572788
-0.118561
0.174355

0.307375
-0.756005
0.577908
0.615455
0.00448288

-0.655745
-0.535183
-0.53252
-4.75513
5.74962

0.655745
0.535183
0.53252
0.721452
0.0135148

0.350431
0.823164
-0.446765
0.733329
0.00270598

-0.350431
-0.823164
0.446765
0.367117
0.015135

-0.208574
0.665078
0.717056
0.649691
0.00626813

0.208574
-0.665078
-0.717056
0.143506
0.0370801

-0.0426984
-0.970235
0.238372
0.327303
0.0120315

-0.0209719
0.450761
-0.892398
0.7373
0.00363339

0.0209719
-0.450761
0.892398
-0.0507975
0.0565962

-0.364168
-0.216242
0.905881
-10.5851
57.9707

0.364168
0.216242
-0.905881
-0.287229
0.715752

-0.19018
-0.422942
-0.885975
-36.2125
1014.42

0.19018
0.422942
0.885975
0.947009
0.0020586

0.00927814
-0.10637
0.994283
0.991267
5.4895e-05

-0.379976
0.329212
-0.864429
-0.416855
0.0996295

0.379976
-0.329212
0.864429
0.874285
0.00079746

0.803976
0.22167
-0.551802
-1.31276
0.385969

-0.803976
-0.22167
0.551802
0.870268
0.001217

-0.438714
0.573567
0.691774
0.987902
0.000106882

0.438714
-0.573567
-0.691774
-36.9393
1016.26

0.479388
-0.703425
-0.524767
-1.00236
0.350141

-0.479388
0.703425
0.524767
0.63222
0.0118629

-0.308426
-0.726348
0.614241
0.9557
0.000172567

0.308426
0.726348
-0.614241
-2.46962
0.996585

0.577508
-0.81197
0.0847863
0.984617
1.52919e-05

-0.253163
-0.523436
0.813587
-1.7901
0.633625

0.253163
0.523436
-0.813587
0.884411
0.00109872

0.675404
0.593628
-0.437533
0.610823
0.00927489

-0.333337
-0.579556
0.74364
-1.03135
0.419503

0.333337
0.579556
-0.74364
0.448959
0.0310058

0.37336
0.88207
0.287324
0.291501
0.0219253

-0.37336
-0.88207
-0.287324
0.675195
0.00461023

-0.593146
-0.741687
-0.313173
-0.0507979
0.0781557

0.593146
0.741687
0.313173
0.408926
0.0247445

-0.0275298
-0.754207
0.65606
0.77247
0.00330921

0.0275298
0.754207
-0.65606
-0.551276
0.151445

-0.290622
0.898156
-0.329932
0.0401182
0.0600323

0.290622
-0.898156
0.329932
0.461266
0.0191659

-0.656968
-0.63387
0.408168
0.264441
0.0545203

0.656968
0.63387
-0.408168
-0.655007
0.275798

-0.740373
0.0131934
-0.672066
-17.0628
126.102

0.740373
-0.0131934
0.672066
0.914089
0.00285856

-0.22731
-0.72303
0.652348
0.613764
0.00759672

0.22731
0.72303
-0.652348
0.200661
0.0323145

0.194163
0.261319
-0.945523
-0.551275
0.125875

-0.194163
-0.261319
0.945523
0.881319
0.000796772

0.57983
-0.372294
-0.724703
0.965242
2.34871e-05

-0.0400265
0.140842
-0.989223
-0.84361
0.458155

0.0400265
-0.140842
0.989223
-0.243957
0.208829

-0.248458
0.822555
0.511539
0.369005
0.0619599

0.248458
-0.822555
-0.511539
-2.63453
2.05498

0.244675
0.0446151
-0.968578
-1.43209
0.71084

-0.244675
-0.0446151
0.968578
0.361954
0.049194

0.707072
0.426928
-0.563721
-1.61177
1.05148

-0.707072
-0.426928
0.563721
-0.0793519
0.17961

-0.29688
-0.488777
0.820341
-0.260897
0.096516

0.0738905
-0.788483
-0.610602
0.893216
0.000694723

-0.0738905
0.788483
0.610602
-0.956476
0.232188

0.547039
-0.210815
-0.810127
-1.51069
1.14125

-0.547039
0.210815
0.810127
-0.64533
0.490348

0.632679
-0.602352
0.486713
0.221676
0.0123722

-0.231483
-0.137952
0.963008
0.974564
3.77234e-05

0.231483
0.137952
-0.963008
-0.451148
0.0765798

-0.553359
0.377692
0.74239
0.926444
0.0017038

0.076318
0.997083
0
-0.935787
0.198645

-0.076318
-0.997083
0
0.941749
0.000182501

0.577205
-0.145604
-0.803513
-4.68964
5.7147

-0.577205
0.145604
0.803513
0.688345
0.0171593

0.727446
0.323568
-0.605083
-4.10453
4.34554

-0.727446
-0.323568
0.605083
0.652623
0.0201976

-0.162752
-0.0916788
0.982399
0.954597
0.000274255

0.242869
-0.655693
0.714899
0.718985
0.00256467

0.825418
-0.103472
0.554958
0.793075
0.0054852

-0.825418
0.103472
-0.554958
-3.21501
2.26606

-0.0131836
-0.866147
-0.499616
-2.12055
1.21567

0.0131836
0.866147
0.499616
0.561171
0.024098

0.944017
-0.160593
0.288169
0.998744
1.54752e-07

0.708104
-0.36276
0.6058
0.639294
0.00952822

0.116714
-0.074648
0.990356
0.91338
0.00081847

-0.326252
0.153396
-0.932754
0.475207
0.00673456

0.326252
-0.153396
0.932754
0.883234
0.000333801

-0.327477
-0.635522
0.699193
0.751261
0.0140123

0.327477
0.635522
-0.699193
-7.22397
15.2384

-0.610035
-0.33213
0.719407
0.843445
0.0128886

-0.267497
0.337477
0.902526
0.789362
0.0127668

0.267497
-0.337477
-0.902526
-10.3276
36.6236

-0.827947
-0.117192
-0.548425
0.84135
0.00125643

0.827947
0.117192
0.548425
-0.300997
0.084383

-0.768386
0.50453
-0.393741
0.977292
7.3355e-05

-0.683705
-0.0026446
0.729754
0.69205
0.0332808

0.683705
0.0026446
-0.729754
-12.4143
62.9628

0.313878
0.0949429
0.944705
-0.277763
0.164462

-0.313878
-0.0949429
-0.944705
-0.00959182
0.102789

0.960276
0.106331
0.257998
-0.36507
0.0971375

-0.960276
-0.106331
-0.257998
0.835531
0.00141598

0.316228
0.948683
0
0.463655
0.0518727

-0.0504662
-0.715295
0.696998
0.440337
0.0341765

0.0504662
0.715295
-0.696998
-1.23867
0.544833

-0.680646
-0.207225
0.702694
-0.147427
0.147639

0.680646
0.207225
-0.702694
-0.397106
0.21879

0.692329
-0.213031
0.689419
0.732815
0.00172198

-0.137055
-0.664477
-0.734633
-2.79331
1.57223

0.137055
0.664477
0.734633
0.851775
0.0024477

-0.444517
0.590847
0.673279
0.83153
0.00177531

0.444517
-0.590847
-0.673279
-0.731489
0.186413

0.545849
0.528756
-0.649974
0.846939
0.00177139

-0.545849
-0.528756
0.649974
-1.27095
0.381808

0.122052
-0.445643
0.886852
0.841774
0.00163567

-0.122052
0.445643
-0.886852
-0.869654
0.225948

0.929487
0.368855
0
0.186043
0.0463575

-0.304653
0.789919
-0.532179
0.411552
0.0158027

0.304653
-0.789919
0.532179
0.54947
0.00926377

-0.840439
0.14687
0.521624
0.272831
0.0170231

0.840439
-0.14687
-0.521624
0.862216
0.000629782

0.401555
0.649206
0.645976
-1.54501
0.599671

-0.401555
-0.649206
-0.645976
0.740296
0.00630399

-0.116733
0.951473
-0.284734
-0.953747
0.483766

0.116733
-0.951473
0.284734
-0.00930262
0.129129

0.626286
-0.621274
-0.47094
0.237124
0.0516371

-0.626286
0.621274
0.47094
-0.282464
0.14572

0.00131254
0.340557
0.940223
-2.31002
8.61102

-0.00131254
-0.340557
-0.940223
-17.0212
255.243

-0.303915
-0.639077
0.706553
0.60248
0.0109082

0.682191
-0.60534
0.410096
0.890727
0.00380864

-0.0284013
0.542977
0.839267
0.847076
0.0022367

0.0284013
-0.542977
-0.839267
-2.16588
0.956937

-0.590611
0.541312
-0.598465
-3.39638
3.26676

0.590611
-0.541312
0.598465
0.457275
0.0498879

0.367307
-0.290446
0.883587
-0.617327
0.203326

0.8455
0.533976
0
0.725286
0.0266461

-0.8455
-0.533976
0
-8.42436
21.7113

0.825625
0.399956
0.397968
0.547123
0.00608743

-0.249087
0.606844
0.754782
-0.241254
0.133038

0.249087
-0.606844
-0.754782
0.249114
0.0486972

0.353803
-0.439481
0.825639
-1.48671
1.27894

-0.353803
0.439481
-0.825639
-1.20273
1.00352

-0.640459
-0.580774
0.502508
0.59847
0.0163225

0.640459
0.580774
-0.502508
-1.38036
0.571819

-0.383751
-0.286712
0.877799
0.820886
0.0107169

0.383751
0.286712
-0.877799
-12.8705
63.7681

-0.613643
-0.245916
0.750312
0.839411
0.00164058

0.613643
0.245916
-0.750312
-0.742587
0.187259

-0.303417
-0.145893
-0.941623
-0.761476
0.25086

0.303417
0.145893
0.941623
0.624776
0.0115435

-0.598713
-0.193988
-0.777117
0.388953
0.0160711

0.598713
0.193988
0.777117
0.628029
0.00600928

0.590882
0.236827
0.771214
0.843696
0.00523376

0.17728
0.275107
-0.944927
0.97335
1.8986e-05

-0.378338
0.925667
0
0.140135
0.0435303

0.378338
-0.925667
0
0.501781
0.0146804

-0.494114
-0.0855426
-0.865178
-1.77507
0.704076

0.494114
0.0855426
0.865178
0.805032
0.00347764

-0.313146
0.199572
0.928499
0.866694
0.0021263

0.313146
-0.199572
-0.928499
-0.783929
0.191638

0.921615
-0.388104
0
0.0192552
0.11994

-0.921615
0.388104
0
-0.532414
0.267352

-0.0281199
-0.102776
0.994307
0.992464
1.38188e-05

-0.671846
0.251996
0.696506
-0.354186
0.21204

0.671846
-0.251996
-0.696506
-0.265414
0.185153

-0.122409
-0.40897
-0.904301
0.0159392
0.0948493

0.122409
0.40897
0.904301
-0.237078
0.149735

-0.130056
0.183735
0.974334
-0.270596
0.312566

0.130056
-0.183735
-0.974334
-2.42929
2.27679

0.124287
0.0237452
0.991962
0.995277
1.11264e-05

-0.124287
-0.0237452
-0.991962
-24.3982
301.204

-0.810908
0.410455
-0.417078
0.496672
0.0112082

0.810908
-0.410455
0.417078
0.507639
0.0107272

-0.697438
0.546337
0.463784
0.972495
0.000281036

0.697438
-0.546337
-0.463784
-17.5933
126.773

0.653841
-0.305811
0.692077
-2.97203
2.56427

0.319983
0.110539
0.940953
0.956471
0.000438734

0.463479
0.831339
-0.306697
0.973294
5.47262e-05

-0.463479
-0.831339
0.306697
-2.37746
0.867312

-0.0635792
-0.869482
0.489856
-1.03135
0.419514

0.0635792
0.869482
-0.489856
0.448959
0.0308771

-0.440145
-0.361699
0.821856
0.473406
0.0227986

0.440145
0.361699
-0.821856
-0.462762
0.174839

-0.736916
-0.469986
-0.485868
-0.972363
0.446337

0.736916
0.469986
0.485868
0.21324
0.071036

0.170759
0.0807472
-0.981999
-2.08216
0.660094

-0.170759
-0.0807472
0.981999
0.975314
4.24627e-05

-0.331564
-0.0236966
0.943135
0.87253
0.00279427

0.331564
0.0236966
-0.943135
-5.79285
7.91371

-0.16831
0.932751
-0.318821
0.989375
4.79016e-06

0.16831
-0.932751
0.318821
-0.6632
0.101277

-0.256683
-0.966496
0
-0.133642
0.13708

0.256683
0.966496
0
-0.28463
0.17602

0.577037
-0.274388
0.769246
0.809037
0.00718229

-0.935572
-0.353135
0
0.586248
0.0267456

0.935572
0.353135
0
-1.25265
0.489926

-0.985599
0.169101
0
0.403943
0.0236941

0.985599
-0.169101
0
0.0922879
0.0544822

0.498789
0.415497
-0.760639
-12.9895
63.9596

-0.498789
-0.415497
0.760639
0.848204
0.00758372

0.400923
-0.180527
0.898148
0.915633
0.00111636

-0.400923
0.180527
-0.898148
-5.29263
5.98172

0.583937
-0.0135958
0.811685
0.369235
0.0933167

0.388496
0.245464
0.888155
0.922206
0.00188777

-0.388496
-0.245464
-0.888155
-13.3887
64.5009

-0.531373
-0.51082
-0.6758
0.991926
4.17751e-06

0.531373
0.51082
0.6758
-0.352729
0.0542341

0.708309
0.696973
-0.111924
-0.0922263
0.12445

-0.708309
-0.696973
0.111924
-0.273445
0.169146

-0.315076
0.245413
-0.916788
-2.85967
1.58678

0.315076
-0.245413
0.916788
0.878966
0.00156133

0.306685
-0.444166
-0.84182
-34.1061
1000.78

-0.306685
0.444166
0.84182
0.648939
0.100229

0.607076
-0.443374
-0.659453
0.976782
3.44171e-05

-0.607076
0.443374
0.659453
-1.26223
0.268636

0.472742
-0.300107
0.828524
0.595847
0.0325443

-0.472742
0.300107
-0.828524
-5.14717
7.52791

-0.886834
0.296257
0.354624
0.332838
0.0379449

0.886834
-0.296257
-0.354624
-0.329709
0.15063

-0.0131363
0.865677
-0.500431
-1.16979
0.530891

0.0131363
-0.865677
0.500431
0.349315
0.0478132

-0.868234
-0.496155
0
0.931957
0.00223301

0.660193
0.23897
0.712067
0.95054
0.000112512

-0.660193
-0.23897
-0.712067
-0.414494
0.0799

-0.270142
-0.94628
-0.177698
-0.889323
0.394155

0.270142
0.94628
0.177698
0.237789
0.0642939

-0.477296
0.728144
-0.491931
0.855687
0.000576389

-0.619073
-0.0394136
0.784344
0.57784
0.0052462

-0.579324
-0.584705
-0.567895
-1.12181
0.398134

0.579324
0.584705
0.567895
0.660511
0.0102485

-0.439013
-0.898481
0
0.204256
0.0946612

0.439013
0.898481
0
-1.99848
1.33707
