
-0.260323
-0.508624
0.820691
0.804371
0.0128671

0.0787372
0.525763
0.846979
0.616306
0.0117956

-0.0787372
-0.525763
-0.846979
-0.686889
0.225477

-0.689801
0.509635
-0.514244
-0.604083
0.337936

0.689801
-0.509635
0.514244
-0.375251
0.248428

0.26992
0.529431
-0.804267
0.951037
3.21191e-05

0.46706
0.610605
-0.639544
-0.367683
0.200074

-0.46706
-0.610605
0.639544
-0.064806
0.121331

0.0384692
0.553797
-0.831762
0.144848
0.101925

-0.0384692
-0.553797
0.831762
-1.57968
0.927383

-0.417109
-0.116167
0.901402
0.317402
0.0141056

0.417109
0.116167
-0.901402
0.869446
0.000526385

0.512449
-0.0742164
0.855505
0.879322
0.000950964

-0.72717
0.414711
0.547027
0.219098
0.0581197

0.72717
-0.414711
-0.547027
-0.433412
0.195607

-0.0166593
0.660272
-0.750842
-1.09288
0.394059

0.0166593
-0.660272
0.750842
0.631951
0.0121933

-0.190946
-0.862899
-0.467916
0.96159
6.20717e-05

0.638546
-0.694098
-0.332395
0.970856
7.84243e-05

0.734972
0.0611603
-0.675334
-1.61177
1.05146

-0.734972
-0.0611603
0.675334
-0.0793519
0.179621

-0.188041
0.747105
-0.637554
0.98067
1.0179e-05

0.188041
-0.747105
0.637554
0.495376
0.00378293

-0.291352
-0.339983
-0.894162
-4.96326
5.85075

0.291352
0.339983
0.894162
0.812291
0.00588619

0.0125565
0.637243
0.770561
-3.04662
1.61608

-0.0125565
-0.637243
-0.770561
0.939075
0.000404953

-0.305902
0.776028
-0.551548
0.529611
0.0105068

-0.0208299
-0.883441
-0.468079
0.26536
0.0437597

0.0208299
0.883441
0.468079
-0.123832
0.102327

-0.761386
-0.309306
-0.569756
0.861692
0.000597521

-0.0872991
0.685678
-0.722651
-2.90766
2.5342

0.0872991
-0.685678
0.722651
0.337453
0.0728715

0.236654
-0.100086
0.966425
0.956192
0.000741336

-0.236654
0.100086
-0.966425
-17.4104
126.512

-0.574816
-0.10534
0.811474
-23.8865
300.7

0.574816
0.10534
-0.811474
0.970409
0.000425478

0.822128
-0.398886
0.406197
0.794659
0.00931064

-0.822128
0.398886
-0.406197
-7.34518
15.3446

-0.623669
0.692477
0.362648
-0.614811
0.290761

0.623669
-0.692477
-0.362648
0.0390306
0.103002

0.616721
0.787182
0
0.866261
0.0136964

-0.616721
-0.787182
0
-35.4101
1010.31

-0.00761958
-0.567001
0.823682
0.895663
0.00118009

0.603133
0.00745101
0.797606
0.0255315
0.0888443

-0.603133
-0.00745101
-0.797606
-0.148681
0.123448

0.857296
-0.000926712
-0.514823
-1.08631
0.428767

-0.857296
0.000926712
0.514823
0.51777
0.0229674

0.0135805
0.138618
-0.990253
-0.510877
0.157994

-0.0135805
-0.138618
0.990253
0.679566
0.00710966

0.266731
-0.821246
-0.50439
0.851243
0.00172177

-0.66973
-0.253868
-0.697863
0.117231
0.0549263

0.66973
0.253868
0.697863
0.281836
0.0363568

0.358111
0.933679
0
0.956776
0.00023744

-0.65315
0.735047
0.181937
0.288765
0.0288301

0.65315
-0.735047
-0.181937
0.417344
0.0193522

0.193374
-0.685288
-0.70213
-0.953747
0.483777

-0.193374
0.685288
0.70213
-0.00930262
0.129255

-0.217632
-0.53813
-0.814281
-1.48281
0.484387

0.217632
0.53813
0.814281
0.851827
0.00176152

-0.700928
-0.184968
-0.68883
-1.02536
0.548462

0.700928
0.184968
0.68883
-0.0891962
0.158655

-0.455638
-0.160282
0.875616
0.667477
0.0153369

0.455638
0.160282
-0.875616
-2.99617
2.19437

0.163323
0.552312
-0.817482
0.966768
0.000123166

0.991804
-0.127771
0
-0.831635
0.498223

-0.991804
0.127771
0
-0.539073
0.351854

-0.137579
-0.147648
0.979424
0.512915
0.0332922

0.137579
0.147648
-0.979424
-2.51808
1.73356

-0.615472
0.747347
0.250332
0.100545
0.0385571

0.615472
-0.747347
-0.250332
0.716696
0.00383261

0.67905
-0.417293
0.603952
0.87575
0.00264761

0.60862
0.565925
0.556157
0.688691
0.00570143

-0.0762502
-0.596956
0.798642
0.667913
0.0290829

0.0762502
0.596956
-0.798642
-8.27809
22.6037

-0.626888
0.755335
0.190998
-2.38785
0.988279

0.626888
-0.755335
-0.190998
0.93373
0.000379598

-0.635526
0.0552308
0.770101
0.670861
0.00389821

0.603523
-0.247562
-0.75794
0.636547
0.0101088

0.444071
0.0465737
0.894781
0.222377
0.0265442

-0.444071
-0.0465737
-0.894781
0.718242
0.00357297

-0.742298
0.474991
0.472628
0.880052
0.00101025

0.84318
0.202119
0.498192
-0.367683
0.199973

-0.84318
-0.202119
-0.498192
-0.064806
0.121215

-0.516606
0.099709
0.850398
0.92372
0.00153478

0.516606
-0.099709
-0.850398
-10.9188
37.2652

-0.0774856
0.518612
0.851492
0.821672
0.00567794

0.0774856
-0.518612
-0.851492
-5.63558
7.8349

-0.867817
-0.264377
0.420711
0.948452
0.000310372

0.0818762
0.461708
-0.883245
0.948931
4.90253e-05

-0.0818762
-0.461708
0.883245
0.484729
0.00494169

0.084937
-0.00625839
0.996367
0.995853
1.21299e-05

-0.778821
-0.263715
0.569116
0.7003
0.00756418

-0.476378
-0.197644
0.856738
-0.88166
0.56188

0.476378
0.197644
-0.856738
-0.714494
0.466549

-0.121311
0.921829
0.368124
-0.0222114
0.0841173

0.121311
-0.921829
-0.368124
0.192325
0.0525284

-0.246827
-0.354592
0.901854
0.912341
0.000842508

-0.650433
0.720033
0.241845
0.102839
0.0610379

0.650433
-0.720033
-0.241845
0.179159
0.0510973

-0.815682
0.391965
-0.425471
-14.0177
115.964

0.815682
-0.391965
0.425471
-0.225932
0.772892

0
-1
0
0.986376
0.00301608

0
1
0
-36.8982
871.36

0.582668
0
-0.81271
-0.615678
0.106816

0.451445
0.682946
-0.574266
0.996873
2.92215e-06

0.588787
-0.088198
-0.803462
-1.64749
1.06394

-0.588787
0.088198
0.803462
-0.0199621
0.15816

0.476018
-0.646374
-0.596328
-0.958073
0.215327

-0.476018
0.646374
0.596328
0.925341
0.000328686

-0.675188
-0.701163
0.229108
0.492378
0.0242391

0.675188
0.701163
-0.229108
-0.882873
0.333322

0.0327263
-0.83825
0.544302
0.243115
0.0256991

-0.449696
0.259235
-0.854734
-1.01179
0.351403

0.449696
-0.259235
0.854734
0.641946
0.0111639

0.526284
-0.510136
0.680284
0.265355
0.0628906

-0.526284
0.510136
-0.680284
-1.11229
0.518799

0.623656
-0.590863
-0.511795
-1.34042
0.622628

-0.623656
0.590863
0.511795
0.414896
0.0389318

0.148811
-0.518371
0.842109
0.812903
0.0117288

-0.148811
0.518371
-0.842109
-12.8377
63.7188

-0.040762
-0.591537
0.805247
-0.440734
0.196744

0.040762
0.591537
-0.805247
0.233784
0.0558984

0.941816
0.0926104
0.323121
0.400913
0.0279352

-0.941816
-0.0926104
-0.323121
-0.229248
0.117529

-0.582695
-0.169733
0.794769
-0.870601
0.306229

0.582695
0.169733
-0.794769
0.578697
0.0155372

-0.765007
0.157586
0.624445
0.724049
0.00920143

0.765007
-0.157586
-0.624445
-2.55298
1.51529

-0.827877
-0.273365
0.489787
0.805022
0.00432745

0.827877
0.273365
-0.489787
-2.69443
1.55123

0.890255
0.0567714
-0.451911
-0.838897
0.549123

-0.890255
-0.0567714
0.451911
-0.838897
0.549123

0.393351
-0.265395
0.88025
0.869785
0.00362155

-0.395033
0.673319
-0.624972
0.438847
0.0255764

0.37675
-0.546806
-0.747705
-0.435911
0.183365

-0.37675
0.546806
0.747705
0.334371
0.0394333

-0.635144
0.215957
0.74159
0.982472
2.56052e-05

0.635144
-0.215957
-0.74159
-2.80664
1.17688

-0.807221
0.451054
0.380717
-0.213588
0.138163

0.807221
-0.451054
-0.380717
0.0776459
0.0798272

-0.380638
-0.513621
0.768966
-0.617751
0.128841

0.380638
0.513621
-0.768966
0.918727
0.000332166

0.455554
-0.864097
-0.214026
0.907888
0.000321561

-0.455554
0.864097
0.214026
-0.0877203
0.0445102

-0.523848
-0.812305
0.256406
0.812766
0.00195582

0.523848
0.812305
-0.256406
-0.415952
0.111482

0.557993
0.292654
-0.776529
0.989149
8.69772e-05

0.236642
-0.171102
-0.956412
0.55972
0.0115284

-0.236642
0.171102
0.956412
0.0408151
0.05451

-0.269019
0.263768
-0.926313
-8.00094
22.2587

0.269019
-0.263768
0.926313
0.541058
0.0578937

-0.0196645
-0.908029
0.418446
-4.01997
2.40767

0.0196645
0.908029
-0.418446
0.996688
1.13662e-06

-0.681214
0.330428
-0.653273
-7.9941
15.7475

0.681214
-0.330428
0.653273
0.951551
0.000458348

0.414598
0.560424
-0.716961
-2.21809
1.61858

-0.414598
-0.560424
0.716961
0.195485
0.101181

-0.376725
0.269738
-0.886183
0.779235
0.00218518

-0.025028
0.845154
0.533936
0.539959
0.00753338

0.658564
-0.71237
-0.242532
0.711914
0.00479228

-0.658564
0.71237
0.242532
-0.206563
0.0839229

0.838448
0.43419
0.329368
-0.0904505
0.058081

0.0287281
-0.745777
0.665576
0.713949
0.00267602

-0.0287281
0.745777
-0.665576
0.553046
0.00646502

-0.793539
-0.608519
0
-0.291539
0.250805

0.793539
0.608519
0
-1.18268
0.716114

-0.274852
0.465134
0.841491
0.86568
0.00723402

0.696395
0.479979
0.53353
0.930651
0.00061456

-0.696395
-0.479979
-0.53353
-4.33292
3.62981

0.40723
-0.393465
0.824226
0.760441
0.0106839

0.487871
-0.492798
-0.720508
0.564471
0.0099976

-0.0867674
-0.996229
0
0.939085
0.000356424

0.690185
-0.487874
-0.534437
0.538389
0.0161041

-0.166586
0.739694
-0.651999
-0.22528
0.168019

0.166586
-0.739694
0.651999
-0.308336
0.191546

0.487256
-0.488577
-0.723791
-1.1296
0.969632

-0.487256
0.488577
0.723791
-1.73536
1.59968

-0.878325
-0.275632
-0.390605
0.995641
2.88033e-06

0.817257
-0.465645
-0.339509
0.071661
0.0661382

-0.817257
0.465645
0.339509
0.188801
0.0505075

0.375856
-0.123075
0.918469
0.955613
0.00143738

-0.375856
0.123075
-0.918469
-36.3296
1014.82

-0.304718
-0.766691
-0.565095
-0.0883919
0.0697674

0.304718
0.766691
0.565095
0.637741
0.00773189

-0.574902
-0.459736
-0.676854
0.985873
1.27267e-05

0.574902
0.459736
0.676854
-0.978209
0.172368

0.814447
-0.225067
0.534809
0.899046
0.000468335

-0.814447
0.225067
-0.534809
-0.314683
0.0766552

0.384164
0.578512
0.719543
-0.131629
0.218106

-0.384164
-0.578512
-0.719543
-1.98823
1.51929

-0.214832
-0.371594
0.903197
0.865048
0.00248957

0.91394
0.0143596
0.405595
0.504911
0.0235853

-0.91394
-0.0143596
-0.405595
-0.980355
0.377215

-0.58254
-0.548046
0.600244
0.594764
0.00360041

-0.79542
0.0390086
-0.604802
0.887287
0.000310117

0.79542
-0.0390086
0.604802
0.528423
0.00509215

-0.0905207
0.646998
0.757099
0.824095
0.00387252

0.0905207
-0.646998
-0.757099
-3.28112
2.28502

-0.977203
0.123528
0.17267
0.502129
0.00704589

-0.347253
-0.220218
0.911548
0.608117
0.0262977

0.347253
0.220218
-0.911548
-4.0319
4.30546

0.760086
-0.0121413
-0.649709
0.975003
3.51757e-05

0.838981
0.36605
-0.40264
-0.04471
0.067347

-0.838981
-0.36605
0.40264
0.568258
0.0115272

0.860247
-0.482892
0.16368
0.576545
0.0222366

-0.860247
0.482892
-0.16368
-2.13802
1.22081

-0.260556
0.604845
0.752511
0.725331
0.00303424

0.260556
-0.604845
-0.752511
0.314567
0.0188067

0.42826
0.593516
0.681419
0.643958
0.0198715

-0.42826
-0.593516
-0.681419
-3.65383
3.3933

-0.63731
0.282996
0.716763
0.678783
0.00739222

-0.682999
0.620259
0.385734
-0.551464
0.279892

0.470293
0.56328
0.679367
0.585926
0.0175122

-0.470293
-0.56328
-0.679367
-1.36782
0.569483

0.376227
-0.815159
-0.440418
0.866423
0.00168634

-0.195394
-0.942614
0.27074
0.406807
0.0431736

0.195394
0.942614
-0.27074
-1.61597
0.839537

-0.0218132
0.805988
-0.59153
0.822418
0.00124654

-0.591104
-0.529088
-0.60882
0.601477
0.00281749

-0.763823
0.0972431
0.638059
0.840591
0.00448822

0.54335
-0.0630987
0.837131
0.855579
0.0017564

-0.601197
-0.281812
0.747759
-0.922479
0.573869

0.601197
0.281812
-0.747759
-0.602684
0.398918

-0.854436
0.326846
-0.403869
0.996483
5.87189e-07

0.854436
-0.326846
0.403869
0.0911179
0.0158357

-0.498836
-0.740074
-0.451058
0.720695
0.0025753

0.498836
0.740074
0.451058
0.524812
0.0074127

0.422711
-0.848206
0.319159
0.810457
0.00371035

-0.152981
-0.551958
0.819719
0.812408
0.000754664

0.0858651
0.959293
0.269043
0.951047
0.00012043

-0.0858651
-0.959293
-0.269043
-0.844862
0.168039

-0.241202
-0.651001
0.719736
0.789573
0.00111273

0.241202
0.651001
-0.719736
0.662934
0.00279071

0.340652
0.327255
0.881397
0.866262
0.000711923

0.0713184
-0.125041
-0.989585
-3.04322
1.38611

-0.0713184
0.125041
0.989585
0.984844
1.96606e-05

0.746622
0.522412
-0.411875
-4.43311
4.49686

-0.746622
-0.522412
0.411875
0.814824
0.00524232

0.134743
-0.015558
0.990758
0.987794
5.34799e-05

-0.968842
-0.11774
-0.217906
0.956739
0.000700815

-0.162459
-0.214705
0.963073
0.803803
0.00309118

0.162459
0.214705
-0.963073
-1.29894
0.420919

-0.555774
-0.787787
0.26553
0.526276
0.0202021

0.555774
0.787787
-0.26553
-0.827818
0.300529

0.661947
-0.709101
0.242902
0.0192552
0.105189

-0.661947
0.709101
-0.242902
-0.532414
0.256778

-0.790517
0.37031
-0.487804
-7.69298
21.8096

0.790517
-0.37031
0.487804
0.369887
0.114675

0.375517
-0.629946
0.67982
0.996727
1.48264e-06

0.957173
-0.158972
0.241966
0.647706
0.00809362

-0.957173
0.158972
-0.241966
-0.302863
0.110569

-0.381541
0.47732
0.791576
0.960148
0.000125379

0.381541
-0.47732
-0.791576
-1.87932
0.575744

-0.0545269
-0.887021
-0.458498
-0.205597
0.251636

0.0545269
0.887021
0.458498
-1.94338
1.49935

-0.741398
-0.0336789
-0.67022
-1.16472
0.370373

0.741398
0.0336789
0.67022
0.77635
0.00400859

0.0688247
0.309746
-0.948325
-0.183785
0.135073

-0.0688247
-0.309746
0.948325
0.000399828
0.0963966

-0.739824
-0.0934594
0.666278
0.492519
0.0293803

0.739824
0.0934594
-0.666278
-1.542
0.736864

-0.424091
0.508217
-0.749575
-1.40765
0.298743

0.424091
-0.508217
0.749575
0.988443
1.0842e-05

-0.284667
-0.616881
-0.733773
0.861855
0.00261963

0.284667
0.616881
0.733773
-4.10156
3.56581

-0.750803
0.388975
-0.533848
0.394245
0.0304979

-0.242459
0.970162
0
0.893319
0.0133065

0.242459
-0.970162
0
-10.7526
31.3093

0.67445
-0.137982
0.725313
0.797464
0.00242272

-0.67445
0.137982
-0.725313
-0.440255
0.119675

0.5431
-0.839668
0
0.321489
0.0389029

-0.5431
0.839668
0
-0.276149
0.136836

-0.892431
-0.0606912
-0.447082
-0.421593
0.133214

0.892431
0.0606912
0.447082
0.688166
0.00643962

0.958645
0.190914
0.21107
-1.18384
0.587104

-0.958645
-0.190914
-0.21107
0.193914
0.0800038

0.524177
-0.58168
0.622002
0.96959
8.89876e-05

-0.524177
0.58168
-0.622002
-2.94443
1.37683

0.456324
0.329322
0.826629
0.622708
0.0034441

-0.456324
-0.329322
-0.826629
0.812008
0.000859452

-0.152839
-0.344222
-0.926365
-10.8143
37.1783

0.152839
0.344222
0.926365
0.905254
0.00239658

-0.128219
0.950622
0.282625
0.98143
8.52505e-05

0.779624
0.339038
-0.526536
-2.60569
1.75635

-0.779624
-0.339038
0.526536
0.586236
0.0241367

-0.289035
0.163765
-0.943207
-0.734214
0.230461

0.289035
-0.163765
0.943207
0.669394
0.00852135

-0.0956795
0.326846
0.940222
0.267875
0.0298874

0.0956795
-0.326846
-0.940222
0.470111
0.0157355

-0.492117
-0.260839
0.830532
0.820972
0.0013957

0.492117
0.260839
-0.830532
-0.00589323
0.0439383

-0.908562
0.417749
0
-7.10394
11.0764

0.908562
-0.417749
0
0.971855
0.000153821

-0.261243
0.602314
0.754301
0.756456
0.00417342

0.301139
-0.327335
-0.895638
0.912064
6.58497e-05

-0.301139
0.327335
0.895638
0.898126
8.81579e-05

-0.207314
0.121938
0.970645
0.897738
0.00409182

-0.236996
0.384517
0.892177
0.76885
0.00275906

0.062449
0.977354
0.202184
0.233465
0.0356479

0.544311
-0.227341
0.807491
0.148606
0.0638356

-0.544311
0.227341
-0.807491
-0.14537
0.11525

0.978808
0.0969382
0.180385
0.0717911
0.0602928

-0.978808
-0.0969382
-0.180385
0.33086
0.0313371

0.782343
-0.382726
-0.491386
-8.45721
22.8179

-0.782343
0.382726
0.491386
0.737301
0.017644

0.036819
0.748544
-0.662062
0.124747
0.0377718

-0.036819
-0.748544
0.662062
0.680276
0.00509474

0.410651
0.509084
-0.756439
-8.80747
23.1556

-0.410651
-0.509084
0.756439
0.846759
0.00570604

-0.104082
0.915854
-0.387786
-0.528952
0.170035

0.104082
-0.915854
0.387786
0.639293
0.00948908

-0.731867
0.624909
0.271769
-0.747164
0.152807

0.731867
-0.624909
-0.271769
0.933743
0.000222638

0.678239
-0.62181
0.391592
0.400772
0.0479402

-0.678239
0.62181
-0.391592
-1.95915
1.168

0.206485
-0.720188
-0.66234
-0.260812
0.162204

-0.206485
0.720188
0.66234
-0.0539343
0.113388

0.702412
-0.685915
-0.190101
0.383482
0.085465

-0.702412
0.685915
0.190101
-5.21806
8.67344

-0.582393
0.181129
0.792471
0.638461
0.0150503

-0.911946
-0.217762
-0.347757
-0.544677
0.224238

0.911946
0.217762
0.347757
0.313476
0.0443222

0.911368
0.409839
0.0379557
0.520819
0.0143441

-0.911368
-0.409839
-0.0379557
0.00982594
0.0612335

0.801705
0.59772
0
-2.40195
0.987775

-0.801705
-0.59772
0
0.937875
0.000385413

-0.698011
-0.405122
0.590471
0.144848
0.102016

0.698011
0.405122
-0.590471
-1.57968
0.927243

0.445527
0.816952
0.366191
0.924563
0.000260315

0.359059
-0.51043
0.78137
0.387034
0.0447609

-0.359059
0.51043
-0.78137
-1.45186
0.715869

-0.31502
0.472167
0.823299
0.783961
0.00852344

0.31502
-0.472167
-0.823299
-5.53516
7.7796

-0.0380292
-0.531952
-0.84592
-0.522528
0.149306

0.0380292
0.531952
0.84592
0.745196
0.00420499

0.648404
0.0662612
-0.758407
0.948763
0.000115905

-0.597426
0.744273
0.298562
0.641945
0.0111472

0.259096
-0.128671
0.957242
0.956399
0.00012993

-0.0344737
-0.287133
-0.95727
-9.3376
23.5368

0.0344737
0.287133
0.95727
0.953167
0.00048597

-0.656486
0.0425757
-0.753136
-2.05992
0.83313

0.656486
-0.0425757
0.753136
0.875238
0.00138763

0.284954
-0.666822
0.688585
-0.735284
0.21472

-0.284954
0.666822
-0.688585
0.734885
0.0051273

-0.182757
0.599182
-0.779474
0.928931
0.000350808

0.182757
-0.599182
0.779474
-1.3497
0.355439

0.856833
0.515594
0
0.913464
0.00417829

0.90729
0.420506
0
-1.30963
0.839367

-0.90729
-0.420506
0
-0.334036
0.280083

0.621
-0.107293
0.776432
-0.703683
0.389262

-0.691305
-0.448417
0.566585
0.688345
0.0171995

0.691305
0.448417
-0.566585
-4.68964
5.7131

-0.32013
0.283864
-0.903846
0.738227
0.00616721

0.32013
-0.283864
0.903846
-1.42184
0.525374

-0.0389904
-0.489192
0.871304
-10.5407
36.8796

0.0389904
0.489192
-0.871304
0.846351
0.00660754

0.844029
0.536297
0
-4.08117
4.09256

-0.844029
-0.536297
0
0.638672
0.0311025

0.656855
-0.531409
-0.534926
0.958053
5.16775e-05

-0.656855
0.531409
0.534926
0.170321
0.0174861

-0.550832
-0.282788
0.785249
0.872529
0.0011389

-0.836226
0.343615
0.427382
-0.0442491
0.0816685

0.338665
-0.870196
0.357861
0.38623
0.038211

-0.338665
0.870196
-0.357861
-0.892715
0.36317

-0.305752
-0.0613847
0.95013
0.902588
0.00126399

0.0905871
-0.620979
0.778575
0.304725
0.0915741

-0.0905871
0.620979
-0.778575
-3.64002
4.07739

0.278657
-0.346941
0.895535
0.553654
0.0178405

-0.278657
0.346941
-0.895535
-0.849714
0.303533

0.755736
-0.268831
0.597154
0.867951
0.00179351

-0.755736
0.268831
-0.597154
-2.60118
1.32874

-0.27003
-0.151809
0.950809
0.984193
2.14302e-05

0.27003
0.151809
-0.950809
-1.30071
0.269855

-0.953636
0.300964
0
0.898508
0.000378804

0.953636
-0.300964
0
0.911948
0.000320552

-0.412822
-0.657757
-0.630027
-0.355556
0.173825

0.412822
0.657757
0.630027
0.174244
0.0645226

0.258812
0.212295
-0.942309
-0.151315
0.280978

-0.258812
-0.212295
0.942309
-3.22947
3.79119

-0.543258
-0.360871
0.758052
0.660839
0.00502088

0.543258
0.360871
-0.758052
0.338037
0.0189048

-0.00187275
0.587807
-0.808999
-2.21806
0.965249

0.00187275
-0.587807
0.808999
0.871277
0.0015464

0.0990489
0.548979
0.829946
0.869584
0.00167311

-0.386373
0.0525798
0.920843
0.908884
0.00069245

0.386373
-0.0525798
-0.920843
-1.98878
0.732702

0.586192
0.810172
0
-0.0873458
0.123361

-0.586192
-0.810172
0
-0.152255
0.137631

-0.23947
0.246456
-0.939103
-2.37593
0.985662

0.23947
-0.246456
0.939103
0.930108
0.000459442

0.734922
-0.610119
0.296048
0.248541
0.0158868

0.84991
-0.318004
0.42015
0.645514
0.0138246

0.447213
0.894428
0
-0.784806
0.806849

-0.447213
-0.894428
0
-3.26291
4.57091

-0.214608
0.9767
0
-0.686948
0.150684

-0.422347
0.535637
0.731243
0.559921
0.0193988

0.422347
-0.535637
-0.731243
-1.22789
0.494202

-0.693505
-0.361172
-0.623382
0.693516
0.00565471

0.693505
0.361172
0.623382
-0.22593
0.0895993

0.614998
-0.459528
0.640791
0.616895
0.0207734

-0.614998
0.459528
-0.640791
-2.92298
2.16912

-0.0640384
0.197007
-0.978308
-11.3002
37.5232

0.0640384
-0.197007
0.978308
0.973391
0.000176041

0.329783
0.0941862
-0.939347
0.896804
0.000397922

0.235888
0.636248
0.734538
0.400378
0.00971275

0.422343
0.410076
-0.808371
-0.769939
0.217786

-0.422343
-0.410076
0.808371
0.765958
0.00388933

0.637748
-0.394187
-0.661736
-9.45703
23.5931

-0.637748
0.394187
0.661736
0.968232
0.000219875

-0.80139
-0.441389
-0.40367
-0.0199465
0.0409142

0.80139
0.441389
0.40367
0.87348
0.00064062

0.568823
0.747438
-0.343186
0.915355
0.000274574

-0.568823
-0.747438
0.343186
-0.145812
0.0501987

0.436289
0.899807
0
0.214881
0.0468883

0.650017
0.75992
0
-0.175833
0.106569

-0.650017
-0.75992
0
0.44954
0.026667

-0.589848
0.429026
0.684116
-8.9897
23.3173

0.589848
-0.429026
-0.684116
0.890957
0.00277946

0.772681
0.417219
-0.478428
0.824709
0.00117893

-0.368525
0.45467
-0.810842
0.891552
0.000990512

-0.103613
0.289106
0.951673
0.877407
0.0035629

0.103613
-0.289106
-0.951673
-8.93006
23.266

-0.197443
0.78255
-0.590451
-0.709803
0.283901

-0.441295
-0.897362
0
-0.970019
0.409

0.441295
0.897362
0
0.364016
0.0456309

0.738501
0.298082
0.604783
0.51608
0.0345257

-0.738501
-0.298082
-0.604783
-2.79394
2.1207

-0.274735
0.834379
-0.477842
-0.538748
0.150484

0.274735
-0.834379
0.477842
0.760841
0.00365333

-0.129928
-0.170426
-0.976767
0.574674
0.00872757

0.129928
0.170426
0.976767
0.314162
0.0226923

-0.519936
-0.711042
-0.473377
-0.502058
0.116821

0.519936
0.711042
0.473377
0.877596
0.00102602

-0.408707
-0.355456
0.840601
0.828837
0.00111721

0.408707
0.355456
-0.840601
0.154108
0.0272797

-0.129169
0.545932
-0.827812
-2.38213
1.28232

0.129169
-0.545932
0.827812
0.75589
0.00677519

0.592925
0.100371
0.798978
0.812073
0.000973894

-0.592925
-0.100371
-0.798978
0.537592
0.00583035

0.604724
-0.239834
-0.759466
-1.18072
0.443885

-0.604724
0.239834
0.759466
0.621404
0.0134067

-0.033746
0.755337
0.654467
0.57555
0.0168117

0.033746
-0.755337
-0.654467
-1.04001
0.386309

0.249153
0.387471
0.887575
-3.50531
3.98558

-0.249153
-0.387471
-0.887575
0.172497
0.134782

-0.66654
-0.146081
0.731016
0.747277
0.00107749

-0.493865
-0.813766
0.306403
0.382662
0.0156187

0.493865
0.813766
-0.306403
0.664127
0.00462615

0.135369
-0.884165
-0.447133
0.627397
0.0106598

-0.135369
0.884165
0.447133
-0.633415
0.204813

-0.444497
0.620007
-0.64654
0.338136
0.00814289

0.444497
-0.620007
0.64654
0.978864
1.35425e-05

0.710651
0.703545
0
-2.11645
1.76658

-0.710651
-0.703545
0
-0.325528
0.337656

-0.829885
0.175155
0.529728
0.810283
0.00648281

0.829885
-0.175155
-0.529728
-5.60404
7.81703

0.495193
0.0299963
0.868265
0.841128
0.00223727

-0.166144
-0.736831
0.655345
0.68989
0.00187515

-0.612426
-0.19496
0.76611
0.800775
0.000866686

0.421563
-0.671262
0.609666
0.471903
0.0334156

-0.421563
0.671262
-0.609666
-1.67346
0.853916

0.401966
-0.523169
0.751477
0.718095
0.00549019

-0.401966
0.523169
-0.751477
-0.599987
0.176207

-0.805131
-0.244397
-0.540402
-0.856594
0.944913

0.805131
0.244397
0.540402
-3.75284
6.19114

0.80702
-0.0590499
0.587565
-10.0761
36.2946

-0.80702
0.0590499
-0.587565
0.708734
0.0251582

-0.815459
0.531115
0.230094
0.75886
0.00240979

0.815459
-0.531115
-0.230094
0.210415
0.0257786

0.850103
0
0.526616
0.973573
8.18977e-05

-0.471633
0.747397
-0.467931
-0.754602
0.26921

0.471633
-0.747397
0.467931
0.529459
0.0193726

0.281033
-0.737068
0.614614
0.212592
0.01449

0.358063
0.362471
-0.860468
-5.58758
7.80378

-0.358063
-0.362471
0.860468
0.804174
0.00698212

0.896459
0.391128
-0.208278
-2.03516
1.05327

-0.896459
-0.391128
0.208278
0.650611
0.0139653

0.438507
-0.713153
0.546922
-1.87044
1.01111

-0.438507
0.713153
-0.546922
0.502918
0.0304553

0.0285856
-0.76053
0.648673
0.466518
0.0083736

0.860997
0.35423
0.364972
-0.0916021
0.0636808

-0.860997
-0.35423
-0.364972
0.721199
0.00415824

0.798195
0.6024
0
0.754814
0.00719732

-0.764562
0.250011
0.594087
0.188938
0.0633051

0.764562
-0.250011
-0.594087
-0.418716
0.193671

-0.942333
-0.334675
0
0.37665
0.0472308

0.400809
0.413517
-0.81753
0.441455
0.0103693

-0.400809
-0.413517
0.81753
0.7668
0.00182145

0.516888
0.151887
-0.842471
-0.303935
0.0587097

0.215578
-0.519394
0.826896
0.84306
0.00155651

-0.423052
0.641045
-0.640381
-8.57616
22.9401

0.423052
-0.641045
0.640381
0.778246
0.0123558

-0.552803
0.221985
-0.803201
0.709648
0.0075512

-0.118738
-0.824302
-0.553559
0.40252
0.0165309

0.118738
0.824302
0.553559
0.544207
0.00962526

0.557774
-0.447659
-0.698921
0.00308263
0.0517749

-0.557774
0.447659
0.698921
0.699034
0.0047817

0.0810878
-0.77135
0.631225
0.668811
0.00308044

0.721761
-0.343714
-0.600767
-0.817789
0.350605

-0.721761
0.343714
0.600767
0.268991
0.0567958

0.0644575
-0.00782668
0.99789
0.89183
0.000715033

-0.0644575
0.00782668
-0.99789
-0.953829
0.232011

0.643722
-0.186476
-0.742192
-0.863667
0.209582

-0.643722
0.186476
0.742192
0.87804
0.000935988

0.220016
0.43852
-0.871374
0.54992
0.00988816

0.991945
0.108377
-0.0655678
0.912409
0.00100127

-0.991945
-0.108377
0.0655678
-4.26215
3.61231

0.474632
-0.316422
-0.821341
-16.794
125.575

-0.474632
0.316422
0.821341
0.871116
0.00664083

-0.570323
-0.600379
0.560604
0.873991
0.00217536

0.454238
0.314943
0.833354
0.841919
0.00326379

0.607919
-0.399192
0.686353
0.729573
0.00494344

-0.607919
0.399192
-0.686353
-0.557653
0.161871

0.0278152
-0.78369
-0.620529
0.944956
0.000160719

-0.55942
-0.786495
-0.261678
-1.44358
0.644051

0.55942
0.786495
0.261678
0.534047
0.0236746

-0.888786
-0.458323
0
-0.148681
0.12358

0.888786
0.458323
0
0.0255315
0.0889786

-0.447105
0.669604
0.593066
0.472317
0.0537219

0.447105
-0.669604
-0.593066
-4.34226
5.49575

-0.471631
0.422873
-0.773784
0.97127
3.67271e-05

0.564783
-0.605755
-0.560429
0.883365
0.00119981

0.728464
0.600055
-0.330568
-5.21674
5.96102

-0.728464
-0.600055
0.330568
0.895886
0.00167876

0.984674
0.144098
0.0982511
0.31685
0.0641492

-0.984674
-0.144098
-0.0982511
-1.88651
1.14521

0.0852504
0.754479
0.650764
-0.571424
0.0936196

-0.0852504
-0.754479
-0.650764
0.978481
2.30614e-05

0.595573
-0.533142
-0.600876
-0.14711
0.080551

-0.595573
0.533142
0.600876
0.632789
0.00830972

0.297976
0.548514
-0.781244
-0.555811
0.15169

-0.297976
-0.548514
0.781244
0.776584
0.003136

0.821766
-0.130095
0.554776
0.549254
0.0191268

0.850088
0.210023
-0.48295
-0.402158
0.148582

-0.850088
-0.210023
0.48295
0.538391
0.0161478

-0.546571
-0.812438
0.202987
0.833777
0.00221548

0.546571
0.812438
-0.202987
-1.45105
0.480867

-0.364512
0.104618
0.925303
0.788151
0.00343463

0.364512
-0.104618
-0.925303
-1.09254
0.332665

-0.538565
0.248753
0.805028
0.62145
0.00447391

0.538565
-0.248753
-0.805028
0.688738
0.00304675

-0.356392
0.515893
-0.778999
0.852495
0.00134088

0.356392
-0.515893
0.778999
-0.705158
0.172493

0.67004
0.235245
0.704064
0.440337
0.034179

-0.67004
-0.235245
-0.704064
-1.23867
0.544831

0.221043
-0.575075
0.787673
0.859236
0.00180941

-0.221043
0.575075
-0.787673
-0.395661
0.1012

0.69608
-0.131205
0.705874
0.67142
0.0122867

-0.826629
0.0614895
0.559378
0.188486
0.0665454

0.826629
-0.0614895
-0.559378
-0.543904
0.240594

-0.0794667
-0.528391
0.845274
0.929873
0.00249918

0.0794667
0.528391
-0.845274
-23.4356
299.722

-0.00404265
-0.864444
-0.502713
0.52005
0.0115335

0.00404265
0.864444
0.502713
0.337817
0.0219502

0.318674
0.284011
0.904315
0.850636
0.00332818

-0.318674
-0.284011
-0.904315
-4.52751
4.53307

0.532123
-0.321958
0.783063
-3.56319
2.80338

-0.532123
0.321958
-0.783063
0.800761
0.00534522

0.422697
-0.630695
0.650808
0.567316
0.0456009

-0.422697
0.630695
-0.650808
-6.81532
14.8428

0.081434
0.906225
-0.41488
-0.0962647
0.0812407

-0.081434
-0.906225
0.41488
0.496926
0.0171115

0.91191
-0.1604
0.377745
-0.732804
0.395716

-0.91191
0.1604
-0.377745
-0.273083
0.213628

-0.348927
0.256365
0.901403
0.417175
0.0394395

0.348927
-0.256365
-0.901403
-1.1093
0.471989

-0.965456
-0.260565
0
0.963778
0.000697739

0.965456
0.260565
0
-2.69891
1.11617

-0.853625
0.0444599
0.518987
0.413979
0.0317268

0.853625
-0.0444599
-0.518987
-0.673058
0.258539

-0.744549
-0.284144
0.604078
0.963189
6.98398e-05

0.125256
-0.849596
0.512345
0.397865
0.055916

-0.125256
0.849596
-0.512345
-2.66365
2.06703

-0.156609
0.606897
0.779198
0.840511
0.00174474

0.786259
-0.38717
0.481555
0.221171
0.0394935

-0.786259
0.38717
-0.481555
0.305305
0.0314324

0.813152
-0.0288343
-0.581337
-0.357282
0.136065

-0.813152
0.0288343
0.581337
0.542393
0.0155292

-0.584994
0.726135
-0.361262
-2.88279
2.15508

0.584994
-0.726135
0.361262
0.587133
0.0243741

0.745395
0.0585187
0.664049
0.696039
0.0053688

-0.745395
-0.0585187
-0.664049
-0.161208
0.0774698

0.372673
-0.736886
-0.564016
0.473406
0.0158964

0.412634
0.611034
0.675552
0.328693
0.0570413

-0.412634
-0.611034
-0.675552
-1.55263
0.822752

-0.525448
-0.130785
0.840714
-2.59427
1.32754

0.525448
0.130785
-0.840714
0.865035
0.00187584

-0.33481
0.721364
0.606248
-1.70317
0.560839

0.33481
-0.721364
-0.606248
0.901925
0.000740617

0.148745
0.545451
0.824838
0.717474
0.00173104

0.936655
-0.208743
-0.281253
0.924558
0.000788135

-0.936655
0.208743
0.281253
-4.77603
4.61462

-0.657513
-0.322437
-0.680964
-3.86837
3.48189

0.657513
0.322437
0.680964
0.763644
0.00827082

0.389362
0.633941
-0.668218
-1.3913
0.633524

-0.389362
-0.633941
0.668218
0.476059
0.0304411

-0.7428
0.570333
-0.350667
-0.448132
0.184774

0.7428
-0.570333
0.350667
0.356384
0.0365257

-0.248531
-0.899702
-0.358844
0.602473
0.00815388

0.248531
0.899702
0.358844
0.188722
0.0338936

-0.496642
0.368714
0.785746
0.834426
0.00053653

-0.520618
-0.106421
0.847131
0.796135
0.00210551

0.409959
0.0602953
-0.910109
-23.2874
299.347

-0.409959
-0.0602953
0.910109
0.912566
0.0039237

-0.0684383
-0.318519
-0.945443
-0.813319
0.450925

0.0684383
0.318519
0.945443
-0.315838
0.237642

0.731021
0.316198
-0.604671
-0.488372
0.202418

-0.731021
-0.316198
0.604671
0.324041
0.0417601

-0.041802
0.435028
0.899446
0.456797
0.03316

0.041802
-0.435028
-0.899446
-1.37484
0.629841

-0.498515
0.745943
0.441647
0.859839
0.00140681

0.498515
-0.745943
-0.441647
-1.20271
0.343579

-0.149347
0.9812
0.122238
-0.274123
0.0831381

0.149347
-0.9812
-0.122238
0.818272
0.00169383

0.270951
-0.166737
-0.948042
-1.49463
1.00823

-0.270951
0.166737
0.948042
-0.293216
0.271292

0.470017
-0.355025
-0.80811
-22.9893
298.65

-0.470017
0.355025
0.80811
0.871562
0.00856278

0.794184
-0.535472
0.287299
0.310233
0.0409314

-0.794184
0.535472
-0.287299
-0.318081
0.149403

-0.611286
-0.0922551
0.786014
0.756471
0.00822891

0.611286
0.0922551
-0.786014
-3.473
2.77284

0.073644
0.0500501
-0.996028
-0.714494
0.466588

-0.073644
-0.0500501
0.996028
-0.88166
0.561898

0.397847
0.76624
0.504574
0.817713
0.0047192

-0.397847
-0.76624
-0.504574
-3.98756
3.52778

0.389837
-0.31041
0.866991
0.8321
0.00548849

-0.353786
-0.831021
0.429233
0.171595
0.0259108

0.664137
-0.104336
-0.740295
0.846758
0.00152133

-0.664137
0.104336
0.740295
-0.877208
0.226522

0.0637741
0.246444
-0.967057
-7.03377
11.0731

-0.0637741
-0.246444
0.967057
0.962653
0.000239735

0.22513
-0.89392
-0.387587
0.918643
0.000126766

-0.22513
0.89392
0.387587
0.599748
0.00292384

-0.487076
0.115993
-0.865622
0.989232
5.77408e-06

-0.938178
0.346152
0
0.499024
0.0282855

0.938178
-0.346152
0
-1.17437
0.483558

-0.605365
-0.0728506
0.792607
0.956351
0.000104917

0.605365
0.0728506
-0.792607
-0.75564
0.14324

-0.829421
-0.422444
-0.365516
-36.4975
1015.34

0.829421
0.422444
0.365516
0.966587
0.00080892

0.437903
0.790147
0.428845
0.635876
0.00906285

-0.437903
-0.790147
-0.428845
-0.378834
0.129906

-0.431948
0.737012
0.51984
-0.0793519
0.179668

0.431948
-0.737012
-0.51984
-1.61177
1.05139

0.289632
-0.437259
0.851421
-0.317391
0.0728677

-0.289632
0.437259
-0.851421
0.919387
0.000281245

-0.292967
0.166872
0.941448
0.914382
0.000198298

0.292967
-0.166872
-0.941448
0.348444
0.0108994

0.138111
0.894046
0.426154
-0.0531877
0.0865542

-0.138111
-0.894046
-0.426154
0.268619
0.0417473

0.126932
-0.199154
0.971713
-2.06208
0.657887

-0.126932
0.199154
-0.971713
0.971403
7.37636e-05

0.0974856
0.957097
0.272878
0.304316
0.0303059

-0.0974856
-0.957097
-0.272878
0.278312
0.0326126

0.372081
0.0697648
-0.925575
-36.3077
1014.44

-0.372081
-0.0697648
0.925575
0.954068
0.00156169

0.554693
0.214806
-0.803849
0.994195
1.48198e-06

0.354401
0.135296
0.925254
0.850946
0.00174846

-0.354401
-0.135296
-0.925254
-1.48121
0.484359

-0.176529
0.101817
-0.979015
-1.06705
0.258616

0.176529
-0.101817
0.979015
0.912879
0.000471654

0.235915
0.0180155
0.971607
0.972935
0.000113473

-0.235915
-0.0180155
-0.971607
-6.27951
8.08327

0.0135156
-0.837622
0.546083
-2.47356
0.997445

-0.0135156
0.837622
-0.546083
0.956635
0.000157412

0.663256
-0.462391
-0.588461
-0.556436
0.17363

-0.663256
0.462391
0.588461
0.671404
0.00863066

0.0972539
0.184301
0.978046
0.770527
0.00726396

0.173091
0.10291
-0.979515
0.610837
0.013975

-0.536777
0.166263
0.82718
0.634012
0.00948166

0.536777
-0.166263
-0.82718
-0.423572
0.141729

-0.90825
-0.418427
0
0.298649
0.0627525

0.90825
0.418427
0
-0.362777
0.182344

-0.659651
-0.449158
-0.602593
-1.55056
0.918292

0.659651
0.449158
0.602593
0.100834
0.11416

-0.307185
-0.950437
0.0480338
0.948919
0.000209573

0.307185
0.950437
-0.0480338
-2.26915
0.858104

-0.480223
0.191186
0.856057
0.889843
0.00251687

-0.510854
-0.0696186
-0.856844
-0.918849
0.312441

0.510854
0.0696186
0.856844
0.63272
0.0114494

0.868992
-0.124885
0.478807
0.397791
0.0531558

-0.868992
0.124885
-0.478807
-2.39687
1.68906

0.214886
-0.204716
0.954943
0.864759
0.00270101

0.311933
0.354379
0.88154
0.782676
0.0039227

0.568189
-0.179823
-0.80301
-6.57849
10.8722

-0.568189
0.179823
0.80301
0.867245
0.00334907

-0.0972574
0.146153
-0.98447
-1.39056
0.358326

0.0972574
-0.146153
0.98447
0.943418
0.000204382

0.303562
-0.355389
0.884052
0.628906
0.0328767

0.580096
-0.580258
0.571655
0.694879
0.00150913

0.604891
0.699144
0.381187
0.137743
0.0783181

-0.604891
-0.699144
-0.381187
-0.588139
0.265565

-0.178622
0.34699
0.920702
0.960969
0.000458635

0.178622
-0.34699
-0.920702
-13.6896
64.7855

-0.0326488
0.494441
-0.868598
0.647587
0.00352129

0.927623
0.1501
-0.342031
-1.08086
0.331425

0.230527
-0.01314
0.972977
0.729663
0.00477122

-0.217555
-0.721439
-0.657416
-0.741016
0.163189

0.217555
0.721439
0.657416
0.906082
0.000480755

-0.744331
0.25176
0.618537
0.00982165
0.188725

0.744331
-0.25176
-0.618537
-2.96071
3.0168

0.650452
-0.571689
0.500084
0.712427
0.0213447

-0.650452
0.571689
-0.500084
-8.39013
22.7468

0.0293561
0
0.999569
0.868884
0.00168142

-0.0293561
0
-0.999569
-2.21265
0.963254

-0.727442
-0.686169
0
0.59891
0.0226579

0.0196313
0.651074
0.758761
0.662091
0.0150296

-0.0196313
-0.651074
-0.758761
-2.7078
1.79654

0.624176
0.274967
-0.731299
0.667913
0.0289974

-0.624176
-0.274967
0.731299
-8.27809
22.6141

-0.748416
0.367567
0.552058
0.51221
0.0420966

0.748416
-0.367567
-0.552058
-3.89148
4.23106

-0.127289
0.445347
0.886264
0.927314
0.000289615

0.127289
-0.445347
-0.886264
-0.635558
0.129719

0.277097
0.0871559
0.956881
0.932487
0.000263573

-0.277097
-0.0871559
-0.956881
-1.04224
0.237459

-0.601467
-0.278788
0.748675
-1.25264
0.7374

0.601467
0.278788
-0.748675
-0.149312
0.192146

-0.293909
0.121691
0.948055
0.861083
0.00122806

0.828846
0.178277
0.530312
0.625535
0.0186804

-0.828846
-0.178277
-0.530312
-2.65692
1.78131

-0.547932
-0.342076
0.763384
0.795677
0.0035806

0.547932
0.342076
-0.763384
-1.50294
0.536906

0.692404
-0.391672
0.605945
0.0411056
0.0751516

-0.692404
0.391672
-0.605945
0.10797
0.0650408

-0.573427
-0.271846
0.772839
0.513233
0.0749497

0.573427
0.271846
-0.772839
-9.6007
35.5264

-0.380866
-0.399472
-0.833884
-0.760827
0.401877

0.380866
0.399472
0.833884
-0.205994
0.188558

0.122674
-0.785266
0.606884
0.563505
0.0248973

-0.122674
0.785266
-0.606884
-2.33637
1.45335

-0.705157
0.278511
-0.652063
0.79634
0.00386715

-0.267223
-0.283946
0.920851
0.813444
0.00283996

-0.0206666
0.342231
-0.939389
0.928434
0.00159689

0.0206666
-0.342231
0.939389
-13.4305
64.5364

0.269148
0.0524106
-0.961672
-3.36878
2.30563

-0.269148
-0.0524106
0.961672
0.860689
0.00242084

0.583676
-0.781018
0.22211
0.920326
0.000476991

-0.583676
0.781018
-0.22211
-1.74998
0.565462

-0.255088
0.110337
0.960602
0.547387
0.0200875

0.255088
-0.110337
-0.960602
-1.11171
0.432885

0.790161
0.483088
-0.377188
0.0751563
0.0629162

-0.790161
-0.483088
0.377188
0.254273
0.0409184

-0.635172
0.71908
0.281923
0.23046
0.043991

0.635172
-0.71908
-0.281923
0.0841842
0.0622958

0.353362
-0.848141
0.394707
-0.936608
0.402801

-0.353362
0.848141
-0.394707
0.313845
0.0506075

-0.337997
-0.52777
-0.779241
-0.590543
0.247296

0.337997
0.52777
0.779241
0.276557
0.0513071

0.338092
-0.101875
0.935583
0.8249
0.00464219

-0.338092
0.101875
-0.935583
-4.45851
4.50774

-0.583525
-0.129964
0.801628
-0.559893
0.242958

0.583525
0.129964
-0.801628
0.219587
0.0609656

0.899721
0.423829
0.104264
-0.121979
0.10781

-0.899721
-0.423829
-0.104264
0.169289
0.0591015

-0.8197
0.572793
0
0.181411
0.0417611

0.8197
-0.572793
0
0.408571
0.021925

-0.484709
-0.637554
0.598818
0.490019
0.0197662

0.484709
0.637554
-0.598818
-0.323746
0.13306

0.296622
0.0359658
0.954317
0.976259
0.000165956

-0.490063
-0.000817668
0.871686
0.888679
0.000413642

0.490063
0.000817668
-0.871686
0.182365
0.0217111

0.0331419
-0.578265
0.815175
0.940222
0.000374034

-0.0331419
0.578265
-0.815175
-3.31901
1.94469

-0.318384
0.772427
0.549535
-0.0873458
0.116978

0.318384
-0.772427
-0.549535
-0.152255
0.131348

-0.926491
-0.0389645
-0.374294
0.999261
3.00662e-07

-0.403048
0.307584
-0.861942
-22.9893
298.641

0.403048
-0.307584
0.861942
0.871562
0.00856694

-0.298099
0.393332
-0.869728
-0.329021
0.141689

0.298099
-0.393332
0.869728
0.420416
0.0269561

-0.919412
0.134416
0.369613
0.423367
0.0278063

0.919412
-0.134416
-0.369613
-0.431785
0.171415

-0.532022
-0.694236
-0.484757
0.871562
0.00857816

0.532022
0.694236
0.484757
-22.9893
298.616

-0.437689
0.860981
0.259114
0.958503
0.000520162

0.129081
-0.246461
0.960518
0.091127
0.0333762

-0.129081
0.246461
-0.960518
0.823804
0.00126329

0.0353711
0.805178
0.591978
0.44597
0.0163341

-0.0353711
-0.805178
-0.591978
0.353005
0.0222523

-0.0820342
-0.607932
-0.78974
0.0255023
0.0693528

0.0820342
0.607932
0.78974
0.307248
0.0350667

-0.243239
0.779795
0.576849
0.722226
0.00262729

-0.398049
0.198688
0.895589
0.947022
0.000856815

0.634609
-0.514676
-0.576524
-4.22937
4.40698

-0.634609
0.514676
0.576524
0.721512
0.0125521

-0.354638
0.0586144
-0.933165
0.286456
0.0553033

0.354638
-0.0586144
0.933165
-0.91914
0.399626

0.531179
-0.71629
-0.452524
0.506307
0.0128867

-0.531179
0.71629
0.452524
0.285058
0.0270153

0.0490338
-0.15875
0.9861
0.902483
0.00254481

-0.882699
0.469939
0
0.80385
0.00987388

0.882699
-0.469939
0
-4.40637
4.28044

0.669957
0.0549195
0.740366
0.746962
0.00470998

-0.669957
-0.0549195
-0.740366
-0.813918
0.23828

-0.10519
-0.0912274
0.990259
0.895517
0.000996928

-0.443854
-0.478222
0.757824
0.543926
0.00885527

0.427202
0.224669
-0.875798
-0.294998
0.0935042

-0.427202
-0.224669
0.875798
0.771562
0.00293167

-0.0116791
0.783541
-0.62123
-0.0153549
0.0598621

0.0116791
-0.783541
0.62123
0.611683
0.00875793

0.385409
0.199906
-0.900832
-1.95499
0.728891

-0.385409
-0.199906
0.900832
0.895521
0.000911808

0.389896
-0.857797
-0.334912
-0.00150466
0.0618987

-0.389896
0.857797
0.334912
0.541699
0.0129793

0.511222
-0.0538781
0.857758
-0.532423
0.455106

-0.113036
0.480665
0.869588
0.935048
0.000631176

0.113036
-0.480665
-0.869588
-5.37764
6.01358

0.65968
-0.170132
0.732037
0.797994
0.00629227

-0.95213
-0.305694
0
-1.21334
0.405101

0.95213
0.305694
0
0.74096
0.0107334

-0.498148
-0.847284
0.184277
0.439706
0.0174609

0.631109
0.697907
-0.338567
-0.444924
0.106766

-0.631109
-0.697907
0.338567
0.866726
0.000916798

-0.0757816
0.559776
-0.825172
-17.0212
125.983

0.0757816
-0.559776
0.825172
0.908055
0.00331758

0.985727
-0.168352
0
0.554862
0.00933393

-0.985727
0.168352
0
0.61679
0.00724082

0.366055
0.771466
-0.520426
-0.338882
0.142693

-0.366055
-0.771466
0.520426
0.43754
0.0252368

-0.0616148
0.448147
-0.891834
-1.1296
0.96957

0.0616148
-0.448147
0.891834
-1.73536
1.59923

0.589668
0.155342
-0.792566
-0.456093
0.127969

-0.589668
-0.155342
0.792566
0.771853
0.00321565

0.331896
-0.116428
0.936103
-3.5524
4.01695

-0.331896
0.116428
-0.936103
0.220517
0.118115

-0.774206
0.0158973
0.632734
0.434662
0.0318412

0.774206
-0.0158973
-0.632734
-0.926832
0.368743

0.538479
0.409408
0.736495
0.684617
0.0117505

-0.30736
-0.274692
0.911084
0.983848
4.30973e-05

0.904699
0.426051
0
-0.0733099
0.0549565
