
0.0847389
0.70296
0.706164
-1.31354
0.295372

-0.0847389
-0.70296
-0.706164
0.970572
5.66625e-05

0.140781
0.980728
-0.135473
0.60129
0.00699311

-0.140781
-0.980728
0.135473
0.389876
0.016369

-0.0859612
-0.222326
0.971175
0.439434
0.072178

0.0859612
0.222326
-0.971175
-5.65069
10.1581

-0.84466
-0.0375791
-0.533982
-3.85995
4.21188

0.84466
0.0375791
0.533982
0.488799
0.0466808

0.849919
-0.124634
-0.511962
0.79451
0.00189705

-0.849919
0.124634
0.511962
0.0187787
0.0431059

0.292927
0.140908
-0.945695
-2.08934
0.942925

-0.292927
-0.140908
0.945695
0.806915
0.00378251

-0.412534
-0.113544
-0.903838
0.311543
0.0378656

0.643283
-0.734939
0.214597
-0.425858
0.277681

-0.643283
0.734939
-0.214597
-0.673392
0.382461

0.664665
-0.538908
0.517493
0.674378
0.00448269

-0.664665
0.538908
-0.517493
0.343148
0.0181313

0.0490143
0.699144
0.713299
0.016701
0.125594

-0.0490143
-0.699144
-0.713299
-1.08037
0.562157

-0.458548
-0.699268
0.548414
0.783961
0.00851231

0.458548
0.699268
-0.548414
-5.53516
7.78045

0.94012
0.00631445
0.340785
-6.80139
10.9852

-0.94012
-0.00631445
-0.340785
0.921986
0.00109913

-0.0689289
0.286209
-0.955685
-0.627034
0.156538

0.12261
-0.862244
-0.491428
0.267875
0.0296532

-0.12261
0.862244
0.491428
0.470111
0.015539

0.296245
-0.679145
0.671566
0.535448
0.011765

0.118989
-0.948927
0.292197
0.869195
0.000821804

0.128852
-0.742811
-0.656984
-0.218968
0.0805339

-0.128852
0.742811
0.656984
0.764008
0.00306878

0.329783
0.0941862
-0.939347
0.896804
0.000397922

0.418379
0.908272
0
-0.258983
0.197118

-0.418379
-0.908272
0
-0.566282
0.305011

-0.419353
-0.137519
-0.897347
-21.9863
294.693

0.419353
0.137519
0.897347
0.668999
0.061268

0.115815
0.277557
-0.953703
-0.96149
0.585214

-0.115815
-0.277557
0.953703
-0.501763
0.34309

0.827106
-0.482024
-0.289046
-10.5173
36.8761

-0.827106
0.482024
0.289046
0.84059
0.00707239

0.679596
0.543381
-0.492835
0.996163
8.62906e-07

-0.801435
-0.523779
-0.288717
-0.259533
0.0828173

0.59762
-0.19194
0.778466
0.832887
0.00232952

-0.59762
0.19194
-0.778466
-1.56354
0.544776

0.409807
0.487877
0.770736
0.328693
0.0570789

-0.409807
-0.487877
-0.770736
-1.55263
0.822693

-0.111914
0.993718
0
-4.17002
4.37981

0.111914
-0.993718
0
0.689929
0.0157657

-0.031102
-0.927473
0.372593
0.98857
7.12186e-06

0.031102
0.927473
-0.372593
-1.18248
0.224407

0.509856
0.106843
0.853599
0.66308
0.0090366

-0.509856
-0.106843
-0.853599
-0.796473
0.254688

0.983899
-0.112954
-0.138507
0.762447
0.00497051

-0.983899
0.112954
0.138507
-1.45448
0.530161

0.45164
0.786252
0.421699
0.959405
0.000120346

-0.45164
-0.786252
-0.421699
-2.00852
0.654982

-0.100985
0.762573
-0.638972
0.6289
0.0103338

-0.638277
0.331212
0.694911
0.635141
0.00397949

-0.0840883
-0.325376
0.941839
0.789303
0.00538112

0.0840883
0.325376
-0.941839
-2.9185
1.85887

0.894588
-0.409386
-0.179208
0.988486
1.21079e-05

0.192481
-0.94185
-0.275445
-0.245457
0.0955639

-0.192481
0.94185
0.275445
0.672874
0.00660397

0.0924857
-0.309152
0.946505
0.926723
0.00100312

0.852576
0.43255
-0.293284
-0.267728
0.153114

-0.852576
-0.43255
0.293284
0.0923396
0.0785028

0.692672
0.342794
0.634584
-1.39136
1.08895

-0.692672
-0.342794
-0.634584
-0.936213
0.713968

-0.666273
-0.745707
0
0.725584
0.00953287

0.666273
0.745707
0
-0.934613
0.291496

0.00985245
-0.197051
0.980344
-0.0833738
0.123656

-0.00985245
0.197051
-0.980344
-0.303195
0.178772

-0.332242
-0.00473953
0.943182
0.933428
0.000327479

0.332242
0.00473953
-0.943182
-1.45615
0.397731

-0.682826
-0.0880729
0.725253
-8.05551
15.7724

0.682826
0.0880729
-0.725253
0.960416
0.000302791

0.267394
-0.654269
0.707413
0.722579
0.0145685

-0.267394
0.654269
-0.707413
-5.39176
7.69034

0.136542
0.821241
0.554003
-0.530276
0.415065

-0.136542
-0.821241
-0.554003
-1.5628
1.16382

0.889907
-0.129908
0.437251
-1.06804
0.304017

-0.889907
0.129908
-0.437251
0.828698
0.00209197

0.871575
0.490262
0
-0.0199621
0.170914

-0.871575
-0.490262
0
-1.64749
1.04207

0.694048
-0.267674
0.668317
0.402359
0.0615765

-0.694048
0.267674
-0.668317
-3.33202
3.23346

0.259734
0.130581
0.956811
0.839096
0.00214286

-0.259734
-0.130581
-0.956811
-1.57445
0.546163

0.106817
-0.646941
0.755022
0.537625
0.0197836

-0.106817
0.646941
-0.755022
-0.918641
0.338538

0.511081
0.756419
-0.408198
-5.87465
7.95077

-0.511081
-0.756419
0.408198
0.895219
0.00184819

-0.476698
-0.0400006
0.878157
-0.830732
0.325529

0.476698
0.0400006
-0.878157
0.420747
0.0325946

-0.0241604
-0.162926
0.986342
0.966971
0.000169049

-0.48204
0.444607
-0.754958
-4.56402
5.64084

0.48204
-0.444607
0.754958
0.618343
0.0265546

-0.424138
-0.432987
-0.79538
-8.27809
22.6038

0.424138
0.432987
0.79538
0.667913
0.029082

-0.319222
0.574976
-0.753326
-1.42184
0.525261

0.319222
-0.574976
0.753326
0.738227
0.00621783

-0.298716
0.156683
-0.941392
0.286627
0.0132465

0.14707
0.680793
0.717559
0.71846
0.00412137

-0.690434
-0.499781
-0.522991
-0.659632
0.158588

-0.01092
-0.992508
0.121688
0.887068
0.00237814

-0.302395
-0.671439
0.676555
0.636547
0.0101035

-0.702873
0.306438
-0.641923
-0.838897
0.549159

0.702873
-0.306438
0.641923
-0.838897
0.549159

-0.288029
0.288556
0.913113
0.678549
0.0141306

-0.280868
-0.952912
-0.11433
-2.31274
1.65681

0.280868
0.952912
0.11433
0.307712
0.0723596

0.206481
0.105362
-0.972761
0.884479
0.00319645

-0.206481
-0.105362
0.972761
-8.96071
23.2726

-0.0351587
0.335821
0.941269
0.952675
0.000571938

0.933482
-0.358623
0
0.588952
0.0209497

-0.933482
0.358623
0
-1.9616
1.03082

0.158723
-0.970396
0.182038
0.943501
0.000200414

-0.844106
0.411592
0.343623
0.736419
0.00603932

0.844106
-0.411592
-0.343623
-1.30918
0.462698

-0.551225
-0.79539
0.252003
-0.178768
0.11303

0.551225
0.79539
-0.252003
0.299595
0.0399166

-0.84331
-0.399468
-0.359517
0.678822
0.0127386

0.84331
0.399468
0.359517
-2.48516
1.49722

-0.49885
-0.687559
0.527646
0.582596
0.0144435

0.240979
-0.89675
0.371172
0.26092
0.050062

-0.240979
0.89675
-0.371172
-0.39732
0.178839

0.743572
-0.412801
0.52602
-0.573283
0.152916

-0.319842
-0.828436
-0.459777
0.546224
0.00867611

0.319842
0.828436
0.459777
0.499109
0.0105709

-0.0334931
-0.423602
0.905229
0.938704
0.00190497

0.0334931
0.423602
-0.905229
-23.5187
299.888

-0.124133
0.236474
0.963676
0.0663218
0.0635292

0.124133
-0.236474
-0.963676
0.276961
0.0381212

-0.864685
-0.476376
0.15933
0.984856
0.000162845

0.774724
-0.330756
-0.538891
0.215602
0.0448826

-0.604097
-0.796911
0
0.33086
0.0327152

0.604097
0.796911
0
0.0717911
0.0618323

0.83468
-0.18219
0.519726
0.710967
0.00494728

0.277961
-0.93252
0.230529
-0.84361
0.458073

-0.277961
0.93252
-0.230529
-0.243957
0.208562

-0.219849
-0.790307
0.57191
-6.50884
14.4927

0.219849
0.790307
-0.57191
0.387035
0.0966898

-0.837543
0.286789
0.465052
0.54009
0.0116974

-0.32242
-0.609077
-0.724618
-1.32821
0.562135

0.32242
0.609077
0.724618
0.544519
0.0216326

0.378484
0.0300416
-0.92512
0.682947
0.0029891

0.529503
0.142233
-0.836299
-9.6007
35.511

-0.529503
-0.142233
0.836299
0.513233
0.0750738

0.534162
-0.253349
-0.806526
-10.7845
37.1315

-0.534162
0.253349
0.806526
0.899588
0.00273552

-0.617202
0.434935
0.655663
0.611002
0.00617878

-0.903557
-0.0331141
-0.427187
-0.563156
0.162823

0.903557
0.0331141
0.427187
0.735076
0.00507567

-0.273337
-0.282956
0.91936
0.369843
0.0589375

0.273337
0.282956
-0.91936
-2.36989
1.6779

0.245739
-0.952283
-0.181023
0.505202
0.0313416

-0.744311
0.29261
0.600317
0.851806
0.00609602

0.744311
-0.29261
-0.600317
-10.5632
36.918

0.015298
-0.592871
0.805152
0.696582
0.00318256

0.166384
-0.985556
-0.0315481
-2.23444
1.09735

-0.166384
0.985556
0.0315481
0.786755
0.00477182

0.24853
-0.757741
-0.603375
0.749705
0.00185175

-0.24853
0.757741
0.603375
0.586248
0.00499985

0.0925001
0.152814
-0.983917
-17.8069
126.873

-0.0925001
-0.152814
0.983917
0.986626
7.20811e-05

0.851148
-0.0909256
0.516991
0.804373
0.0128013

-0.851148
0.0909256
-0.516991
-12.8035
63.695

-0.454769
0.777378
-0.434591
-1.48958
0.724805

0.454769
-0.777378
0.434591
0.432898
0.0376121

0.181513
0.878301
0.442313
0.777572
0.00723318

0.418733
0.57663
0.701542
0.780586
0.00306458

0.704831
0.475854
0.526096
0.937078
0.000349438

-0.704831
-0.475854
-0.526096
-2.3992
0.989245

0.222815
0.0974822
0.969975
0.872018
0.0016639

0.591437
0.139673
0.794162
0.108414
0.0284077

0.289193
0.110221
-0.950904
-6.6729
10.9124

-0.289193
-0.110221
0.950904
0.892399
0.00220478

0.58663
0.809855
0
-0.394331
0.271478

-0.58663
-0.809855
0
-0.781796
0.443256

0.727446
0.323568
-0.605083
-4.10453
4.34554

-0.727446
-0.323568
0.605083
0.652623
0.0201976

-0.833794
0.0529268
-0.549533
-35.5843
1011.47

0.833794
-0.0529268
0.549533
0.887085
0.00965622

-0.260741
0.225528
-0.938697
-22.6572
297.524

0.260741
-0.225528
0.938697
0.815817
0.0180587

-0.292201
0.368645
0.882451
0.495423
0.0380044

0.292201
-0.368645
-0.882451
-2.76974
2.10966

-0.421841
0.0229107
0.90638
0.84059
0.00707308

0.0791134
0.996866
0
0.426837
0.0310946

-0.373955
-0.392427
-0.840332
0.987258
1.30285e-05

0.373955
0.392427
0.840332
-2.84364
1.17943

-0.115603
-0.242043
-0.963354
-3.73428
3.42529

0.115603
0.242043
0.963354
0.69239
0.0146243

0.524544
-0.59647
0.607517
0.343805
0.0103478

-0.524544
0.59647
-0.607517
0.931767
0.000113422

0.0460551
-0.314117
0.948266
0.709061
0.00944567

-0.0460551
0.314117
-0.948266
-2.13323
1.09001

-0.0430577
-0.764948
-0.642651
-0.15979
0.158902

0.0430577
0.764948
0.642651
-0.5289
0.276016

0.359729
-0.181289
0.915276
0.535168
0.0204853

-0.662562
-0.289177
-0.690933
-0.658619
0.180961

0.662562
0.289177
0.690933
0.773469
0.00338987

-0.39202
-0.066617
-0.917542
-0.865093
0.194965

0.39202
0.066617
0.917542
0.911406
0.000450793

0.209781
0.497115
-0.841943
-0.973646
0.294681

-0.209781
-0.497115
0.841943
0.75906
0.00441465

-0.945833
-0.0731833
0.316298
0.400772
0.0479265

0.945833
0.0731833
-0.316298
-1.95915
1.16804

0.341406
-0.753203
0.562251
0.731318
0.012516

-0.341406
0.753203
-0.562251
-4.77555
5.7604

0.352999
0.81775
-0.454618
0.499024
0.0257853

-0.352999
-0.81775
0.454618
-1.17437
0.48482

0.322454
0.620007
0.715272
-7.34518
15.3467

-0.322454
-0.620007
-0.715272
0.794659
0.00929563

0.483472
0.40736
0.774798
0.794292
0.00711814

-0.483472
-0.40736
-0.774798
-4.91792
5.83077

0.592949
0.80524
0
-15.4479
121.9

-0.592949
-0.80524
0
0.502518
0.111794

-0.0498607
-0.424832
-0.903898
-1.02332
0.255642

0.0498607
0.424832
0.903898
0.891712
0.000783547

0.531968
0.544779
-0.648248
-0.0679229
0.0547338

-0.531968
-0.544779
0.648248
0.787164
0.00221789

-0.0855714
0.246658
0.965317
0.979589
0.000297516

0.0855714
-0.246658
-0.965317
-36.7391
1016.03

0.218862
-0.500553
0.837584
-0.0756052
0.0660949

-0.218862
0.500553
-0.837584
0.661514
0.0066452

-0.193181
0.791484
-0.579857
-0.334101
0.0956358

0.193181
-0.791484
0.579857
0.808996
0.00199403

-0.409816
0.261485
-0.873886
-1.7136
0.561637

0.409816
-0.261485
0.873886
0.90622
0.00069797

0.325364
-0.326268
0.887518
-2.12612
0.950091

-0.325364
0.326268
-0.887518
0.826927
0.00293187

-0.586741
0.0709357
0.806662
-0.0944118
0.382275

0.312802
0.559335
0.767658
0.355375
0.0190154

-0.312802
-0.559335
-0.767658
0.599485
0.00739529

0.138927
0.937934
-0.317772
0.432514
0.0120449

-0.138927
-0.937934
0.317772
0.698507
0.00341522

0.0952974
0.713315
-0.694334
0.317377
0.0461072

-0.0952974
-0.713315
0.694334
-0.685654
0.280422

0.548433
-0.284093
0.786456
0.787931
0.00170428

-0.548433
0.284093
-0.786456
0.26028
0.0206922

0.528267
0.281742
-0.800971
0.591597
0.0363889

0.149378
-0.0804665
-0.985501
-17.625
126.731

-0.149378
0.0804665
0.985501
0.974918
0.000244736

0.512497
0.0780418
-0.855135
0.777103
0.00182694

0.767695
-0.235164
0.596106
0.693308
0.00650265

-0.767695
0.235164
-0.596106
-0.523192
0.159082

0.617347
0.786691
0
0.88071
0.000796547

-0.617347
-0.786691
0
-0.596114
0.136187

-0.641203
-0.21755
0.735888
0.872424
0.00198577

0.641203
0.21755
-0.735888
-1.76416
0.624945

-0.617065
-0.331657
0.713607
-0.287222
0.414507

0.617065
0.331657
-0.713607
-4.14892
6.62737

-0.0719086
0.0997373
0.992412
0.566799
0.0511552

0.0719086
-0.0997373
-0.992412
-8.05305
22.3288

0.877376
0.479803
0
0.621403
0.0353497

0.0686757
0.545609
-0.835222
-1.18941
0.314292

-0.0686757
-0.545609
0.835222
0.897455
0.000731217

-0.0550709
0.439302
0.89665
0.887788
0.00296221

0.0550709
-0.439302
-0.89665
-8.97541
23.302

0.347196
-0.196551
-0.916964
0.992077
9.85039e-06

-0.347196
0.196551
0.916964
-3.63548
1.97724

0.262214
0.79409
-0.548329
-1.31635
0.321945

-0.262214
-0.79409
0.548329
0.948053
0.000313572

0.654967
-0.41043
-0.634481
-0.302863
0.110665

-0.654967
0.41043
0.634481
0.647706
0.00815478

-0.264457
0.120208
0.956877
0.868884
0.00167515

-0.563832
0.56232
0.604889
-0.678999
0.418033

0.563832
-0.56232
-0.604889
-0.678999
0.418033

0.6891
-0.533707
-0.490202
-0.799353
0.727566

-0.6891
0.533707
0.490202
-2.44965
2.67371

-0.626498
-0.654572
0.423127
0.796338
0.00201815

0.626498
0.654572
-0.423127
-0.102371
0.0585937

-0.28086
-0.049666
0.958463
0.925587
0.000913868

0.647113
-0.458896
0.608818
0.527783
0.0283452

-0.647113
0.458896
-0.608818
-2.08399
1.20512

0.170978
0.602991
0.77921
0.926862
0.00107205

0.946267
-0.112138
-0.303321
0.902186
0.00160452

-0.946267
0.112138
0.303321
-5.90173
7.96134

0.664917
0.338948
-0.665583
0.750956
0.00431758

-0.664917
-0.338948
0.665583
-0.691395
0.196492

0.761976
0.605195
-0.230502
0.988403
3.90743e-05

-0.835107
-0.384996
-0.392905
-1.36934
0.517463

0.835107
0.384996
0.392905
0.69598
0.00854482

0.397484
0.420168
0.81576
0.0916913
0.0232244

-0.397484
-0.420168
-0.81576
0.950975
7.2384e-05

-0.302325
-0.124654
-0.945019
-11.8723
61.7784

0.302325
0.124654
0.945019
0.485108
0.0988465

-0.731142
-0.541126
0.415469
0.950728
0.00177918

0.731142
0.541126
-0.415469
-36.2618
1014.55

0.699194
0.489694
0.520891
0.540118
0.011963

-0.699194
-0.489694
-0.520891
0.14265
0.0415643

0.828621
0.124508
0.545789
0.976387
2.55592e-05

-0.828621
-0.124508
-0.545789
-0.56319
0.093418

-0.715081
-0.136727
0.68554
-0.662211
0.495449

-0.644272
-0.199535
0.738309
0.780871
0.000683332

0.644272
0.199535
-0.738309
0.886624
0.000183017

-0.230939
-0.255839
0.93873
0.559593
0.0234003

0.230939
0.255839
-0.93873
-1.92915
1.0262

0.865309
0.457548
0.204669
0.712672
0.00873246

0.649212
0.306144
-0.696276
-8.60315
22.9759

-0.649212
-0.306144
0.696276
0.786983
0.0113089

-0.721263
0.205481
0.661481
0.913288
0.00126552

0.67625
-0.647768
-0.350832
0.901306
0.000555358

0.602345
0.467052
-0.647335
-0.512319
0.148602

-0.602345
-0.467052
0.647335
0.734997
0.004619

0.50698
-0.559861
0.655383
0.610445
0.0152398

-0.50698
0.559861
-0.655383
-1.39258
0.574064

-0.161407
-0.428402
0.889056
0.869184
0.00294438

0.161407
0.428402
-0.889056
-5.7815
7.90925

0.700847
0.332868
-0.630883
-0.737926
0.152441

-0.700847
-0.332868
0.630883
0.929725
0.000265693

0.156332
-0.70451
-0.692261
0.73781
0.00257524

-0.156332
0.70451
0.692261
0.414248
0.0124777

-0.134844
0.337947
0.931455
-2.41575
0.762912

0.134844
-0.337947
-0.931455
0.997364
6.0972e-07

-0.691098
-0.304896
-0.655303
-3.71513
3.41901

0.691098
0.304896
0.655303
0.681258
0.0157022

-0.553842
0.588296
-0.589209
0.99661
3.94862e-06

-0.580853
0.204555
0.787888
0.787775
0.00209851

0.707107
0.707107
0
-22.1654
45.5081

-0.707107
-0.707107
0
0.919843
0.0701276

0.346244
-0.162502
-0.923963
-0.369855
0.175749

-0.346244
0.162502
0.923963
0.204802
0.0593981

0.0588067
0.3829
-0.921916
-2.56666
1.15246

-0.0588067
-0.3829
0.921916
0.930387
0.000447898

0.477427
-0.50105
0.721811
0.504486
0.0242552

-0.477427
0.50105
-0.721811
-0.811036
0.299121

0.546133
0.221971
-0.807755
-1.80368
0.884856

-0.546133
-0.221971
0.807755
0.600756
0.0180798

0.446788
0.626416
-0.638736
-0.660197
0.25687

-0.446788
-0.626416
0.638736
0.393998
0.034321

-0.669545
-0.232032
-0.705599
-0.772716
0.316575

0.669545
0.232032
0.705599
0.332487
0.0449185

0.168296
-0.916761
-0.362252
0.668998
0.00861362

-0.168296
0.916761
0.362252
-0.802124
0.255254

-0.77136
0.443566
0.456347
0.907026
0.000648008

0.77136
-0.443566
-0.456347
-0.742841
0.163734

-0.586304
-0.429903
-0.686608
0.818573
0.00234586

-0.715058
-0.425187
-0.554894
0.236148
0.141872

0.715058
0.425187
0.554894
-5.37485
9.87255

0.202967
-0.721055
-0.662483
-4.61701
5.67035

-0.202967
0.721055
0.662483
0.648937
0.0222383

0.821216
-0.389316
0.417178
0.424775
0.0505268

-0.821216
0.389316
-0.417178
-2.69168
2.07897

0.589121
0.560919
0.58164
-1.19205
0.265668

-0.589121
-0.560919
-0.58164
0.959118
0.000100717

0.169891
-0.284469
0.943512
0.900355
0.00157676

-0.768477
-0.451787
0.453135
0.952714
0.000184033

0.768477
0.451787
-0.453135
-2.28375
0.859239

0.687516
-0.319263
0.652222
0.861049
0.00132222

-0.687516
0.319263
-0.652222
-1.04182
0.278218

-0.641607
-0.525015
-0.559196
-0.0541956
0.163736

0.641607
0.525015
0.559196
-1.45591
0.888011

0.133174
0.66912
0.731124
0.495204
0.0128222

-0.133174
-0.66912
-0.731124
0.361118
0.0205352

-0.0963401
-0.518009
0.849933
0.804117
0.00289387

-0.726986
0.448123
0.520266
0.377291
0.0117394

0.1508
0.229793
-0.961486
0.636468
0.00290414

-0.0852036
-0.297862
0.950799
0.898997
0.000839172

0.0852036
0.297862
-0.950799
-1.69622
0.559622

0.877433
-0.328663
-0.349418
-0.732279
0.199831

-0.877433
0.328663
0.349418
0.786504
0.00304933

0.474618
-0.0860916
0.875972
0.874798
0.000439818

0.152581
-0.601947
-0.783824
-0.145525
0.110167

-0.152581
0.601947
0.783824
0.225568
0.0504456

0.530387
-0.805511
-0.264275
-0.265414
0.185167

-0.530387
0.805511
0.264275
-0.354186
0.212054

-0.156612
0.61385
0.773732
0.630334
0.00851978

0.156612
-0.61385
-0.773732
-0.178779
0.086605

0.589759
0.337403
-0.733719
-2.87227
1.91904

-0.589759
-0.337403
0.733719
0.724262
0.00975823

-0.70934
-0.170375
-0.683966
-0.302621
0.0822777

0.70934
0.170375
0.683966
0.868621
0.00138584

-0.229742
0.407966
0.883619
0.132414
0.0566544

0.229742
-0.407966
-0.883619
0.16973
0.0519028

0.0188536
0.181406
0.983228
0.533599
0.0146147

-0.0188536
-0.181406
-0.983228
-0.117086
0.0829159

0.855592
0.517651
0
0.463655
0.0596486

-0.855592
-0.517651
0
-3.82711
4.05683

-0.0109298
-0.875512
0.483073
-0.0327779
0.0849289

0.0109298
0.875512
-0.483073
0.219073
0.0485612

-0.199815
-0.073646
0.977062
0.979718
4.78773e-05

-0.907164
0.0316265
0.419587
0.392391
0.0294416

0.907164
-0.0316265
-0.419587
-0.267725
0.128015

0.450358
-0.153659
-0.879526
-4.58743
4.55548

-0.450358
0.153659
0.879526
0.87108
0.00242894

0.231397
0.0201097
0.972652
0.980196
9.68656e-05

0.0821294
0.817981
-0.569352
0.769527
0.000925368

0.178741
0.0493785
0.982656
0.921934
0.00307754

-0.178741
-0.0493785
-0.982656
-23.3655
299.673

0.338012
0.549248
-0.764248
0.35079
0.0399982

-0.928572
0.311665
0.201541
0.798163
0.00197153

0.928572
-0.311665
-0.201541
-0.053306
0.0518992

0.566872
-0.43479
-0.699724
0.332435
0.0365764

-0.566872
0.43479
0.699724
-0.23675
0.125222

0.634467
0.201945
-0.746103
-0.0753765
0.0629045

-0.634467
-0.201945
0.746103
0.700101
0.00490048

0.26333
0.316306
0.911377
0.861599
0.00139588

-0.26333
-0.316306
-0.911377
-1.20582
0.343817

0.787245
-0.26641
-0.556121
-0.544194
0.182987

-0.787245
0.26641
0.556121
0.589447
0.0129917

0.930816
0.365488
0
-0.785577
0.279302

-0.930816
-0.365488
0
0.568609
0.0269039

-0.842979
0.272799
-0.463646
-1.6575
1.55496

0.842979
-0.272799
0.463646
-1.33571
1.20123

-0.6735
-0.739187
0
0.810738
0.00513857

0.2802
-0.327479
-0.902355
-9.38087
35.1182

-0.2802
0.327479
0.902355
0.402061
0.116545

-0.668598
-0.361729
-0.649715
-0.360866
0.121365

0.668598
0.361729
0.649715
0.668561
0.00726378

0.37974
0.36274
0.851009
0.849962
0.00211748

-0.643353
0.0429956
0.764361
0.787713
0.00760707

-0.351423
-0.249397
0.902387
-1.85171
2.22081

0.351423
0.249397
-0.902387
-2.3468
3.05858

0.480397
0.339184
-0.808809
-1.06408
0.238647

-0.480397
-0.339184
0.808809
0.94083
0.000201869

0.0210919
-0.772019
0.635249
0.69556
0.00207964

-0.0210919
0.772019
-0.635249
0.792731
0.000966112

0.804667
0.187583
-0.563315
0.599847
0.00578004

-0.804667
-0.187583
0.563315
0.591378
0.00602562

-0.936749
-0.0974106
0.336173
0.526254
0.00786918

0.783352
-0.1231
-0.609267
0.647706
0.00809055

-0.783352
0.1231
0.609267
-0.302863
0.110564

-0.985126
-0.0568902
0.162144
-1.6417
0.554194

0.985126
0.0568902
-0.162144
0.874246
0.00125779

-0.170253
0.85299
-0.493379
-0.425097
0.0758523

0.833393
0.14098
0.534397
0.782056
0.00412515

-0.833393
-0.14098
-0.534397
-1.48251
0.534089

0.232758
-0.400751
0.886128
0.70018
0.0171477

-0.565379
0.312231
0.763451
0.177337
0.0614516

0.565379
-0.312231
-0.763451
-0.255352
0.142858

-0.103987
-0.464982
-0.879192
0.504688
0.00857147

0.469277
-0.27099
0.840443
0.311181
0.042598

-0.443105
-0.89647
0
-0.662516
0.13069

0.443105
0.89647
0
0.939237
0.000179026

0.814181
0.521331
-0.255586
0.622791
0.00808443

-0.814181
-0.521331
0.255586
0.00392807
0.056307

-0.390646
0.538426
-0.746655
0.255812
0.025319

0.390646
-0.538426
0.746655
0.66202
0.0052293

-0.00747309
-0.595158
-0.803574
-16.8782
125.737

0.00747309
0.595158
0.803574
0.88558
0.00519511

0.542953
0.0943446
0.834446
0.882313
0.00165322

0.621485
-0.758636
0.195519
-2.02792
0.73721

-0.621485
0.758636
-0.195519
0.923046
0.000477929

0.348993
-0.937125
0
-0.0873458
0.117281

-0.348993
0.937125
0
-0.152255
0.131646

0.721788
-0.00109012
0.692114
0.413978
0.0318408

0.203228
0.868029
0.453016
0.840096
0.0103266

-0.203228
-0.868029
-0.453016
-16.6295
125.28

0.39859
-0.106802
0.910889
0.928283
0.000662351

-0.353572
-0.452345
0.818762
0.437091
0.0140652

0.350056
-0.139634
0.926263
0.816833
0.00194522

-0.350056
0.139634
-0.926263
-0.507064
0.131049

-0.00178666
0.940337
-0.34024
-3.24028
2.27362

0.00178666
-0.940337
0.34024
0.805293
0.00480712

0.697361
-0.681566
-0.22171
0.740902
0.0029417

-0.697361
0.681566
0.22171
0.175086
0.0297226

0.809316
0.53303
-0.246753
0.775722
0.0018048

-0.809316
-0.53303
0.246753
0.351568
0.0150054

-0.0315766
0.986449
0.161003
0.264441
0.0544802

0.0315766
-0.986449
-0.161003
-0.655007
0.275773

-0.226938
0.168697
0.959187
0.954028
0.000490347

-0.508327
0.824553
0.248427
-1.25466
0.548071

0.508327
-0.824553
-0.248427
0.460069
0.0314461

-0.454995
0.00284818
0.890489
0.935244
7.2927e-05

-0.829427
0.309589
0.464979
0.277773
0.0254741

0.829427
-0.309589
-0.464979
0.590396
0.00819956

-0.295478
0.946518
0.129599
-0.177554
0.0536062

0.295478
-0.946518
-0.129599
0.918921
0.000266736

0.0423821
-0.173061
0.983999
0.89926
0.00123842

0.774
0.596899
-0.21127
0.933416
0.000137836

-0.774
-0.596899
0.21127
0.061736
0.0272855

0.263724
0.0453761
-0.96353
0.838012
0.00344136

-0.263724
-0.0453761
0.96353
-3.6489
2.82984

0.427051
-0.152671
0.891246
-0.250453
0.26179

-0.427051
0.152671
-0.891246
-1.70425
1.22284

0.168048
0.797893
-0.578901
0.930763
0.000221656

-0.461407
-0.195675
0.865341
0.091611
0.0647208

0.461407
0.195675
-0.865341
0.13243
0.0590369

0.103611
0.275097
0.955817
0.727857
0.00788814

-0.103611
-0.275097
-0.955817
-1.96361
0.919055

-0.00111228
-0.467577
-0.883951
-7.19698
15.2211

0.00111228
0.467577
0.883951
0.740934
0.0152174

-0.302329
0.253415
0.9189
0.926591
0.000261964

0.402182
0.292816
0.867473
0.94143
0.000911354

-0.402182
-0.292816
-0.867473
-11.0328
37.3319

-0.604921
0.13793
0.784249
0.857633
0.00434658

0.0369238
0.235921
0.971071
0.98157
3.96965e-05

-0.615329
0.117504
0.779463
0.747152
0.0035955

0.615329
-0.117504
-0.779463
-0.203645
0.079793

0.772681
0.417219
-0.478428
0.824709
0.00117893

-0.916991
-0.0171374
-0.398541
0.966135
5.26276e-05

0.916991
0.0171374
0.398541
-0.786495
0.144208

-0.707137
-0.707076
0
0.469994
0.0417292

0.707137
0.707076
0
-2.02464
1.16718

-0.787011
0.616939
0
0.830628
0.00426552

0.787011
-0.616939
0
-1.44573
0.473353

0.614569
0.404288
-0.677389
0.96169
8.95551e-05

-0.614569
-0.404288
0.677389
-1.45186
0.361996

0.232646
0.258535
0.937569
0.881022
0.00339239

-0.232646
-0.258535
-0.937569
-8.9456
23.2625

-0.79543
-0.606046
0
0.955129
0.00466108

-0.681593
0.152653
0.715631
0.535483
0.0315697

0.681593
-0.152653
-0.715631
-2.8173
2.1298

-0.592272
-0.232589
-0.771438
-5.41433
7.70364

0.592272
0.232589
0.771438
0.732848
0.0134565

0.242055
0.923372
-0.297982
0.659294
0.00835848

-0.242055
-0.923372
0.297982
-0.545857
0.171545

0.0300653
0.887285
-0.46024
0.127153
0.0717722

-0.0300653
-0.887285
0.46024
-0.282421
0.154854

-0.782748
0.120774
-0.610508
0.0594509
0.100784

0.782748
-0.120774
0.610508
-0.704406
0.330643

-0.891813
0.452404
0
0.580623
0.0174155

0.891813
-0.452404
0
0.614159
0.015781

0.523756
0.665774
-0.531436
-0.282622
0.115384

-0.523756
-0.665774
0.531436
0.56163
0.0134906

-0.763094
0.576999
-0.291137
-0.126327
0.0921947

0.763094
-0.576999
0.291137
0.425345
0.0240025

-0.0218659
-0.708496
0.705375
0.723996
0.00517397

0.0218659
0.708496
-0.705375
-0.552153
0.161442

0.0205207
0.0322799
0.999268
0.708734
0.0251087

-0.0205207
-0.0322799
-0.999268
-10.0761
36.3046

-0.686816
0.204185
-0.697561
-2.99796
1.86006

0.686816
-0.204185
0.697561
0.82803
0.00423695

0.271549
0.279664
0.920896
0.764008
0.00312187

-0.271549
-0.279664
-0.920896
-0.218968
0.0806553

0.356387
0.0312831
0.933815
0.911126
0.000367762

0.667434
-0.185998
0.721066
-0.117219
0.16306

-0.667434
0.185998
-0.721066
-0.900754
0.471556

-0.339692
0.287952
0.895373
0.730102
0.00635425

0.731009
0.440912
0.52079
0.879055
0.00186408

-0.731009
-0.440912
-0.52079
-2.8599
1.57719

-0.654529
0.710283
-0.259018
0.931748
0.00052403

0.654529
-0.710283
0.259018
-3.58925
2.35675

0.091207
-0.761909
0.64123
0.370669
0.0264956

-0.091207
0.761909
-0.64123
0.10657
0.0533049

0.963874
0.146821
-0.222241
-0.909022
0.433421

-0.963874
-0.146821
0.222241
0.102369
0.0958406

0.548769
-0.0835943
-0.831784
-0.703308
0.227217

-0.548769
0.0835943
0.831784
0.635357
0.0105348

-0.422502
-0.193259
0.885519
0.920424
0.00145289

0.422502
0.193259
-0.885519
-9.13534
23.4157

0.656861
0.181672
0.731798
0.626354
0.00502021

-0.656861
-0.181672
-0.731798
0.557771
0.00703187

-0.426641
0.600429
0.676359
0.601077
0.0070159

-0.0737073
0.805145
-0.588481
-0.0199621
0.158069

0.0737073
-0.805145
0.588481
-1.64749
1.0641

-0.496651
0.214338
-0.841069
0.644386
0.00708445

0.581728
-0.66319
0.470927
0.769764
0.00358931

-0.581728
0.66319
-0.470927
-0.712502
0.198202

0.104708
0.68968
0.716504
0.857903
0.00223695

-0.104708
-0.68968
-0.716504
-2.80759
1.57527

0.582747
0.0610801
0.810355
-1.1296
0.969581

-0.582747
-0.0610801
-0.810355
-1.73536
1.59931

-0.207505
-0.956861
0.20337
0.884104
0.00213937

0.207505
0.956861
-0.20337
-5.17527
5.94112

0.0335472
0.766438
-0.641441
-1.07938
0.281209

-0.0335472
-0.766438
0.641441
0.882122
0.000910715

0.0672237
-0.697385
0.713537
0.0805531
0.260987

-0.0672237
0.697385
-0.713537
-7.27506
21.1195

-0.576657
0.0234789
-0.816649
-1.2184
0.727081

0.576657
-0.0234789
0.816649
-0.217246
0.218962

0.741875
0.644392
0.185419
0.698102
0.00179059

-0.741875
-0.644392
-0.185419
0.844813
0.000475944

-0.221657
-0.0638419
-0.973033
-0.0167618
0.0246615

-0.936759
-0.349974
0
0.19822
0.0532701

0.386889
0.0885624
0.917864
0.882949
0.000509008

-0.315422
0.428359
-0.846769
-1.89765
0.807343

0.315422
-0.428359
0.846769
0.789963
0.00432743

-0.15692
0.590424
0.791692
0.787168
0.00366818

0.15692
-0.590424
-0.791692
-1.27473
0.418082

-0.332575
-0.575833
-0.746867
0.964133
7.99046e-05

0.332575
0.575833
0.746867
-1.55764
0.404605

0.438836
-0.271273
-0.856641
-7.98842
15.7445

-0.438836
0.271273
0.856641
0.950681
0.000476465

0.685913
0.0631156
-0.724941
0.620711
0.00385708

-0.685913
-0.0631156
0.724941
0.765553
0.0014809

0.194751
0.137659
0.971145
-0.539073
0.351944

-0.194751
-0.137659
-0.971145
-0.831635
0.498263

0.0627017
-0.152809
-0.986265
0.91984
0.000620817

-0.567276
0.506042
-0.649708
0.87575
0.00267125

0.958952
-0.00837222
-0.283444
-1.03004
0.353816

0.672533
-0.145837
0.725555
0.526752
0.0261395

-0.672533
0.145837
-0.725555
-1.72588
0.866968

0.0558996
-0.992605
0.10775
0.0638311
0.0607838

-0.0558996
0.992605
-0.10775
0.349885
0.0293144

0.448343
-0.646213
0.617573
0.611787
0.0103233

-0.448343
0.646213
-0.617573
-0.317336
0.118133

0.95407
0.299583
0
0.684617
0.0117157

-0.669281
0.296095
0.681462
0.621887
0.0143363

0.669281
-0.296095
-0.681462
-1.40449
0.576087

0.830833
0.0286376
0.555784
0.87529
0.000920451

-0.830833
-0.0286376
-0.555784
-0.798051
0.190907

-0.480189
0.534406
-0.695578
0.132481
0.067893

0.480189
-0.534406
0.695578
-0.190442
0.12783

0.0927453
-0.219606
0.97117
0.769302
0.00494312

-0.0927453
0.219606
-0.97117
-1.58566
0.605702

-0.154436
0.0165471
0.987864
0.540277
0.0944033

0.154436
-0.0165471
-0.987864
-15.5501
122.309

-0.32139
-0.876066
0.359467
0.233688
0.0156288

0.647944
0.655562
-0.387823
0.558663
0.0224254

-0.647944
-0.655562
0.387823
-1.75834
0.874648

-0.378039
-0.527557
0.76077
0.795213
0.0104693

0.378039
0.527557
-0.76077
-8.62915
22.9896

-0.048585
0.191346
-0.980319
0.465381
0.00654354

0.048585
-0.191346
0.980319
0.907336
0.000197836

0.154092
0.348449
0.924575
0.963483
0.000496391

-0.632354
0.200537
0.748274
0.736158
0.00671356

0.632354
-0.200537
-0.748274
-1.67113
0.687175

-0.532771
-0.559501
0.634912
0.949065
0.000105626

0.532771
0.559501
-0.634912
-0.234508
0.0549644

0.676102
0.415961
0.608163
0.79133
0.00300169

-0.676102
-0.415961
-0.608163
-0.800587
0.220388

0.866502
0.39896
0.300009
0.471903
0.0333486

-0.866502
-0.39896
-0.300009
-1.67346
0.854071

-0.948442
0.253444
-0.190327
-0.549532
0.209819

0.948442
-0.253444
0.190327
0.427486
0.0286508

-0.320803
0.038643
0.946357
0.954929
0.000320133

0.320803
-0.038643
-0.946357
-6.15548
8.05164

0.321513
0.0946871
-0.942159
-1.1016
0.624947

-0.321513
-0.0946871
0.942159
-0.182148
0.198019

0.932968
-0.0877139
-0.349109
-0.177967
0.183999

-0.932968
0.0877139
0.349109
-0.872731
0.464968

0.774792
-0.162758
-0.610906
-0.260489
0.0745219

-0.774792
0.162758
0.610906
0.86105
0.000911168

-0.982208
-0.187797
0
0.711515
0.00962072

0.982208
0.187797
0
-2.31312
1.26668

0.303881
-0.713629
0.631181
0.790726
0.00483945

-0.303881
0.713629
-0.631181
-2.44204
1.2962

-0.564285
0.154495
0.810995
0.705777
0.00666043

0.564285
-0.154495
-0.810995
-0.838903
0.259203

0.641911
-0.706093
0.29897
0.304615
0.0768599

-0.641911
0.706093
-0.29897
-2.57271
2.02802

-0.87964
0.323848
-0.348363
-6.94405
20.5215

0.87964
-0.323848
0.348363
-0.201414
0.469441

-0.631155
-0.713097
-0.305182
0.935249
0.000217847

0.631155
0.713097
0.305182
-0.803639
0.166262

0.453808
-0.812425
0.366092
0.915224
0.000356688

-0.453808
0.812425
-0.366092
-0.610812
0.12851

-0.795346
-0.225568
0.562622
-0.446078
0.304448

0.795346
0.225568
-0.562622
-0.867356
0.507668

-0.288605
-0.948019
-0.134039
-12.0332
62.1626

0.288605
0.948019
0.134039
0.553043
0.0731118

0.102795
-0.390715
0.914754
0.814381
0.00303243

-0.102795
0.390715
-0.914754
-1.65587
0.616283

0.726705
-0.301845
-0.617081
0.553214
0.00876592

-0.726705
0.301845
0.617081
0.451388
0.0132096

-0.717576
-0.61473
0.327401
0.988769
1.02636e-05

0.717576
0.61473
-0.327401
-2.65896
1.01142

0.0407585
-0.975185
-0.217609
-0.7491
0.201264

-0.0407585
0.975185
0.217609
0.800093
0.00271231

-0.802679
0.490606
0.339134
0.359545
0.0199415

0.802679
-0.490606
-0.339134
0.531523
0.0106708

0.3596
0.435437
-0.825277
0.323444
0.023968

-0.3596
-0.435437
0.825277
0.48623
0.0138346

-0.227804
0.352689
0.907588
0.204802
0.0593893

0.227804
-0.352689
-0.907588
-0.369855
0.175742

0.89533
0.040365
0.44357
0.542393
0.0154668

-0.89533
-0.040365
-0.44357
-0.357282
0.135988

0.408309
-0.86607
-0.288456
0.351868
0.0253742

-0.408309
0.86607
0.288456
0.279234
0.0313791

-0.105712
0.771383
-0.62753
0.909775
0.00110186

0.239329
0.132909
0.961799
0.903405
0.000357089

-0.375037
-0.445101
0.813162
0.971861
1.78228e-05

0.375037
0.445101
-0.813162
0.227943
0.0130868

-0.822016
-0.358172
0.442721
0.116821
0.105574

0.822016
0.358172
-0.442721
-1.40444
0.782008

-0.0259545
-0.824155
-0.565769
0.398178
0.01623

0.0259545
0.824155
0.565769
0.582068
0.00785198

-0.441401
-0.8787
0.181803
0.0576732
0.064039

0.441401
0.8787
-0.181803
0.298599
0.0354828

0.73699
0.3806
-0.55856
-16.794
125.626

-0.73699
-0.3806
0.55856
0.871116
0.00659677

0.726791
-0.589564
-0.352405
0.789431
0.00603052

-0.726791
0.589564
0.352405
-3.53905
2.79508

0.661971
-0.468212
-0.585297
0.929435
0.000150069

-0.661971
0.468212
0.585297
0.142627
0.0216528

-0.141299
0.270372
0.952331
0.936038
0.000661875

0.0294617
-0.735128
0.677288
-0.685098
0.354543

-0.0294617
0.735128
-0.677288
-0.170212
0.171081

0.989044
-0.0874203
-0.118951
-0.638678
0.294803

-0.989044
0.0874203
0.118951
0.0889666
0.0911767

-0.0431753
0.64415
-0.76368
0.887085
0.00963729

-0.813183
-0.582008
0
0.36255
0.0251248

0.813183
0.582008
0
0.292425
0.0307752

0.446314
-0.388796
0.806003
0.840812
0.00183741

-0.446314
0.388796
-0.806003
-1.08686
0.305716

-0.11787
-0.574317
-0.810103
-1.40449
0.576176

0.11787
0.574317
0.810103
0.621887
0.0142799

-0.353833
0.799311
0.4857
-0.256931
0.119917

0.353833
-0.799311
-0.4857
0.451298
0.0228635

-0.730616
0.477872
0.487687
-0.645328
0.490272

-0.733246
-0.619866
0.279494
-0.618586
0.19001

0.634551
0.350785
-0.688691
-0.0199621
0.158108

-0.634551
-0.350785
0.688691
-1.64749
1.06403

-0.912047
0.119563
0.392268
-1.92992
0.725667

0.912047
-0.119563
-0.392268
0.884906
0.00113021

-0.558627
0.792014
0.246273
-0.673058
0.258544

0.558627
-0.792014
-0.246273
0.413979
0.0317346

-0.835225
0.483408
-0.262135
0.843636
0.000999051

0.835225
-0.483408
0.262135
0.0337255
0.0377792

0.223378
-0.437655
0.870954
-0.655007
0.275901

-0.223378
0.437655
-0.870954
0.264441
0.0546889

0.148297
0.391713
-0.908058
0.543334
0.0512946

-0.835705
0.0995108
-0.540088
0.398817
0.0505197

-0.852376
0.230475
-0.469399
-7.75615
15.6257

0.852376
-0.230475
0.469399
0.907891
0.0017414

0.48322
0.656876
0.578802
0.980652
1.85865e-05

-0.371017
0.200029
-0.906827
-0.52744
0.238153

-0.00655803
0.673622
0.739047
0.132665
0.0978659

0.00655803
-0.673622
-0.739047
-1.27354
0.671223

0.895217
-0.296923
0.3323
-1.94054
0.518296

-0.895217
0.296923
-0.3323
0.992469
3.90768e-06

0.0482238
0.74818
-0.661741
0.0613947
0.0952093

-0.0482238
-0.74818
0.661741
-0.551569
0.259897

-0.342512
-0.619966
0.705923
0.796229
0.00218057

0.342512
0.619966
-0.705923
-0.250518
0.0820005

-0.680571
0.623611
-0.384621
0.199309
0.0662234

0.680571
-0.623611
0.384621
-0.59518
0.26052

0.0963085
-0.420302
0.902259
0.955843
0.000260779

0.772811
0.519284
0.364837
-0.229248
0.117538

-0.772811
-0.519284
-0.364837
0.400913
0.0279425

-0.392319
0.429551
0.81337
0.858894
0.00155578

0.392319
-0.429551
-0.81337
-1.38983
0.430831

-0.664111
-0.68539
-0.298661
0.420747
0.0326117

0.664111
0.68539
0.298661
-0.830732
0.325535

0.707457
-0.706756
0
0.927366
0.00809227

-0.219979
0.975505
0
0.931018
5.30208e-05

0.0804886
-0.0720628
0.994147
0.975858
0.000186011

-0.0804886
0.0720628
-0.994147
-13.848
64.8441

0.0561567
0.400857
-0.914418
-17.3183
126.408

-0.0561567
-0.400857
0.914418
0.946477
0.0011065

0.709179
-0.629633
-0.317217
-3.22475
3.17438

-0.709179
0.629633
0.317217
0.302752
0.086499

0.807143
0
0.590357
0.859484
0.00256769

0.787244
0.616641
0
0.364705
0.0411045

-0.787244
-0.616641
0
-0.714647
0.285751

-0.216214
0.0899884
-0.97219
-1.1218
0.39808

-0.677157
-0.21895
-0.702509
0.993805
1.07341e-06

0.674831
-0.0758834
0.73406
0.411215
0.0112336

-0.674831
0.0758834
-0.73406
0.801646
0.00131834

-0.690861
-0.108061
-0.714866
0.0718555
0.0551516

0.690861
0.108061
0.714866
0.449
0.0194398

-0.0776378
0.436609
0.896295
0.929788
0.000804534

0.0776378
-0.436609
-0.896295
-6.02125
8.00733

0.0462189
0.161005
-0.985871
-0.585883
0.144331

-0.0462189
-0.161005
0.985871
0.8414
0.00144883

-0.479503
0.859588
0.176592
0.685233
0.00591366

0.479503
-0.859588
-0.176592
-0.185315
0.0828426

0.585961
-0.209768
0.782718
0.837646
0.00244954

0.397112
0.503608
0.767256
0.400772
0.0480521

-0.397112
-0.503608
-0.767256
-1.95915
1.16762

-0.875902
-0.0542055
-0.479434
0.798081
0.011621

0.875902
0.0542055
0.479434
-10.3579
36.6808

0.0594857
0.648373
-0.758996
-0.690308
0.303419

-0.0594857
-0.648373
0.758996
0.189858
0.0698489

-0.570825
-0.338687
0.747964
0.760885
0.0238621

0.570825
0.338687
-0.747964
-16.276
124.455

-0.446452
-0.116238
-0.887226
-13.3274
64.392

0.446452
0.116238
0.887226
0.912553
0.00244069

0.783035
0.399535
0.476684
0.96658
4.82219e-05

-0.783035
-0.399535
-0.476684
-0.649
0.11463

-0.510146
0.195571
-0.837558
0.963772
6.5667e-05

0.510146
-0.195571
0.837558
-0.449813
0.0808626

-0.0677782
-0.829885
0.553803
0.736532
0.00294416

-0.526731
0.0411481
0.849036
-1.15565
0.223703

0.526731
-0.0411481
-0.849036
0.984163
1.22676e-05

0.610997
0.138031
-0.779507
0.900422
0.000517804

-0.610997
-0.138031
0.779507
-0.497585
0.109293

-0.194267
-0.723323
-0.662619
0.684318
0.00315905

0.194267
0.723323
0.662619
0.598722
0.00509713

0.592067
0.20557
0.779229
0.736264
0.00271291

-0.592067
-0.20557
-0.779229
0.33195
0.0173114

0.0422225
0.548544
-0.835055
0.955515
6.44727e-05

-0.0422225
-0.548544
0.835055
0.2714
0.0125098

0.88784
-0.262738
-0.377768
0.813902
0.00147739

0.0472898
-0.596094
0.801521
-0.683301
0.326765

-0.0472898
0.596094
-0.801521
0.0156457
0.111759

-0.859142
0.136321
0.493245
0.825513
0.000375151

0.764434
0.240467
0.598178
0.542393
0.0155335

-0.764434
-0.240467
-0.598178
-0.357282
0.13607

-0.368681
0.0986158
0.92431
0.905604
0.000765308

0.232515
-0.76839
-0.59625
-1.68577
0.959451

-0.232515
0.76839
0.59625
0.291775
0.0667442

-0.250738
0.411818
0.876091
0.445261
0.0268594

0.250738
-0.411818
-0.876091
-0.560879
0.211315

-0.924001
-0.0197889
0.381878
0.518374
0.0119154

-0.00807398
-0.59541
0.803381
0.820077
0.00246483

-0.906386
-0.275542
-0.320221
-0.059063
0.0402341

-0.739122
-0.518947
0.42941
0.214048
0.024

-0.0354364
-0.677961
0.734244
0.660244
0.00964145

0.693057
0.338963
0.63622
0.65708
0.00807577

-0.693057
-0.338963
-0.63622
-0.432092
0.140477

-0.198958
0.403831
0.892937
0.68384
0.0262263

0.198958
-0.403831
-0.892937
-8.3171
22.6468

-0.071217
0.625003
-0.777367
-0.373046
0.28875

0.071217
-0.625003
0.777367
-1.14537
0.7045

0.701207
-0.110866
-0.704285
-1.13104
0.399441

-0.701207
0.110866
0.704285
0.669289
0.00962931

-0.805141
-0.141674
-0.575913
-0.0266931
0.0695359

0.805141
0.141674
0.575913
0.482914
0.0176903

0.202281
0.8124
-0.546891
-1.06726
0.203808

-0.202281
-0.8124
0.546891
0.979805
2.31125e-05

0.709578
-0.442526
0.548333
0.809365
0.00138663

-0.709578
0.442526
-0.548333
0.201858
0.024293

0.425479
0.156754
0.891289
0.702754
0.00992823

-0.425479
-0.156754
-0.891289
-2.10434
1.06862

-0.755597
0.402507
-0.51678
0.790402
0.00294556

0.20772
0.000491593
0.978188
0.949226
0.000735235
