
0.433815
0.901002
0
-1.37641
0.769683

-0.433815
-0.901002
0
0.0717084
0.122947

-0.746226
-0.189545
0.638138
0.586985
0.0122734

0.746226
0.189545
-0.638138
-0.388188
0.138621

0.91123
0.411898
0
0.897205
0.00719569

-0.91123
-0.411898
0
-23.1684
294.271

0.742277
-0.486851
-0.460436
0.995151
1.38487e-06

-0.742277
0.486851
0.460436
-0.556394
0.0779889

0.174149
0.281007
0.943773
0.970007
5.53414e-05

-0.174149
-0.281007
-0.943773
-0.751171
0.133825

0.288712
-0.516013
-0.806459
-12.3014
62.749

-0.288712
0.516013
0.806459
0.653972
0.0424992

0.908327
0.33721
-0.247451
-1.27636
0.4581

-0.908327
-0.33721
0.247451
0.709647
0.00746249

-0.346981
0.0638106
0.935699
0.470196
0.0638692

0.346981
-0.0638106
-0.935699
-5.69778
10.2029

0.756376
-0.144896
0.637888
0.958968
0.000112079

-0.756376
0.144896
-0.637888
-1.44181
0.361321

-0.17469
0.205642
0.96291
0.873491
0.00337149

-0.131562
0.464736
0.875621
-1.74404
0.457288

0.131562
-0.464736
-0.875621
0.981305
2.99438e-05

-0.155278
-0.398976
0.903719
0.93799
0.000362201

-0.833936
-0.0654138
-0.547971
0.173969
0.0982505

0.833936
0.0654138
0.547971
-1.77638
1.10873

-0.456825
-0.267423
-0.848408
0.962896
9.24105e-05

-0.198955
0.424215
0.883436
0.993128
1.04814e-05

-0.494275
-0.0680743
0.866636
0.705536
0.0123852

0.494275
0.0680743
-0.866636
-3.38091
2.73961

-0.38913
0.604627
-0.694984
-3.85995
4.21103

0.38913
-0.604627
0.694984
0.488799
0.046727

-0.501998
0.29918
-0.811474
-2.72152
1.55728

0.501998
-0.29918
0.811474
0.818599
0.00371743

-0.670185
0.0385672
0.741191
0.691809
0.00444514

0.670185
-0.0385672
-0.741191
0.173179
0.0319901

0.0140743
0.824355
0.565898
0.448331
0.0437463

-0.0140743
-0.824355
-0.565898
-2.44795
1.70847

0.141544
-0.406355
0.902685
-1.54545
0.490961

-0.141544
0.406355
-0.902685
0.883782
0.0010788

-0.619967
0.421152
0.662021
0.587053
0.013412

0.619967
-0.421152
-0.662021
-0.600566
0.201456

0.543996
-0.571306
0.614555
0.530742
0.0137541

-0.543996
0.571306
-0.614555
0.00449061
0.0616432

-0.478614
-0.539529
-0.692702
-2.75505
1.56415

0.478614
0.539529
0.692702
0.834596
0.00308133

-0.595855
-0.601627
0.531978
-1.03005
0.353818

0.595855
0.601627
-0.531978
0.660262
0.00992184

0.369072
0.657557
0.656814
0.598907
0.0100806

-0.88041
0.229407
0.415031
0.46086
0.00889947

0.88041
-0.229407
-0.415031
0.799656
0.00124218

0.201868
0.0113967
0.979347
-0.984887
0.273378

-0.89553
-0.445001
0
0.873097
0.00714505

0.225337
-0.898249
-0.377322
-1.86416
1.28724

-0.225337
0.898249
0.377322
0.0157597
0.152065

0.69064
0.636147
0.343996
0.844297
0.00157301

-0.69064
-0.636147
-0.343996
-0.873458
0.226234

-0.48018
-0.145453
-0.865026
-0.875878
0.617485

-0.26096
0.93996
-0.219944
0.70018
0.0171179

0.26096
-0.93996
0.219944
-5.3442
7.66406

-0.166816
-0.828752
-0.534175
0.96728
0.00010612

-0.101334
-0.728528
0.67748
0.364016
0.0427265

0.101334
0.728528
-0.67748
-0.970019
0.408802

-0.525642
-0.0883652
-0.846104
0.812903
0.0117295

0.525642
0.0883652
0.846104
-12.8377
63.7184

-0.827822
0.00302228
-0.560982
-22.3311
296.263

0.827822
-0.00302228
0.560982
0.750322
0.0339764

-0.617786
0.786346
0
-0.223157
0.11335

0.617786
-0.786346
0
0.53126
0.0218927

-0.477538
0.562692
0.674785
-0.263558
0.0457411

-0.786277
0.309147
-0.534973
0.314162
0.0227705

0.786277
-0.309147
0.534973
0.574674
0.00878567

0.977809
0.209499
0
0.823249
0.00236852

-0.977809
-0.209499
0
-1.05984
0.303199

0.912274
0.409579
0
0.912552
0.00580319

0.371093
-0.0681603
0.926091
0.928205
0.000521814

-0.371093
0.0681603
-0.926091
-3.0068
1.61247

-0.995678
-0.0928771
0
0.78353
0.00868044

0.995678
0.0928771
0
-0.0399281
0.0678962

0.151142
-0.709278
0.688536
0.735281
0.00488898

0.373988
-0.676937
-0.633948
0.52391
0.0156424

-0.551983
0.102256
-0.827562
-5.37485
9.87371

0.551983
-0.102256
0.827562
0.236148
0.141832

0.318959
0.641462
-0.697705
-0.297781
0.104298

-0.318959
-0.641462
0.697705
0.691189
0.00591335

-0.384297
-0.923209
0
-0.714494
0.467

0.384297
0.923209
0
-0.88166
0.562085

-0.65727
0.731354
0.181983
-0.145526
0.109993

-0.124974
0.787943
0.602933
0.961373
0.000381796

-0.246667
-0.0262768
-0.968744
-13.579
64.6811

0.246667
0.0262768
0.968744
0.948345
0.000819368

-0.429315
-0.903155
0
0.434051
0.0147955

0.429315
0.903155
0
0.518813
0.0106984

-0.259738
-0.785744
0.561376
0.783066
0.002705

0.259738
0.785744
-0.561376
-0.383087
0.109596

0.00725269
0.181228
0.983414
0.313243
0.0193926

-0.00725269
-0.181228
-0.983414
0.706401
0.0035464

-0.901462
0.346126
-0.259928
-0.748959
0.435246

0.901462
-0.346126
0.259928
-0.480311
0.311813

-0.376443
-0.413798
0.828892
-0.912165
0.247092

0.376443
0.413798
-0.828892
0.824534
0.00219933

0.149841
0.495438
-0.855622
0.950928
8.75145e-05

-0.149841
-0.495438
0.855622
-0.165137
0.0463658

0.75768
-0.561232
-0.333076
0.838445
0.00103042

-0.75768
0.561232
0.333076
0.0951172
0.0320436

-0.785546
0.0063418
0.618771
-0.212612
0.297323

0.785546
-0.0063418
-0.618771
-2.79567
2.91125

0.553719
0.482922
-0.678366
0.976387
7.32028e-05

0.678534
0.111522
0.726054
0.380476
0.0415499

-0.678534
-0.111522
-0.726054
-1.08228
0.467799

0.161776
0.18126
0.970038
0.195727
0.0593321

-0.0379004
0.741074
0.670353
-1.20158
0.591214

0.0379004
-0.741074
-0.670353
0.221647
0.0740359

0.209682
-0.146939
0.966666
0.965648
0.000256837

0.571316
0.149497
0.807
0.764352
0.00882177

-0.571316
-0.149497
-0.807
-4.31682
4.44516

0.438827
-0.0493768
0.897214
0.713948
0.0169624

-0.438827
0.0493768
-0.897214
-6.15127
10.592

0.19727
-0.35181
0.915049
0.607333
0.00464388

-0.19727
0.35181
-0.915049
0.706448
0.00259575

-0.40258
0.426763
0.809816
-5.7799
6.09254

0.40258
-0.426763
-0.809816
0.991408
1.32312e-05

-0.108734
-0.226953
-0.967817
-24.002
300.702

0.108734
0.226953
0.967817
0.977942
0.000246707

0.55938
-0.4714
0.681818
0.698338
0.00359819

-0.585186
-0.759975
0.282834
0.690102
0.00594136

0.585186
0.759975
-0.282834
-0.223209
0.0897011

-0.504389
-0.33541
0.795671
0.927287
0.000121137

-0.467761
-0.883855
0
0.488648
0.0298518

0.467761
0.883855
0
-0.967496
0.37558

0.905291
0.424793
0
0.0785389
0.0581419

-0.905291
-0.424793
0
0.434582
0.0233736

0.406889
0.79188
-0.455375
0.212802
0.0295509

-0.406889
-0.79188
0.455375
0.654055
0.00571327

-0.51705
-0.855955
0
0.892938
0.000606012

0.51705
0.855955
0
0.0867543
0.029873

0.557404
-0.738546
-0.379277
-0.992135
0.450292

-0.557404
0.738546
0.379277
0.24558
0.064619

0.18914
-0.0707462
0.979398
0.324205
0.133447

-0.18914
0.0707462
-0.979398
-7.61985
21.696

-0.656933
0.339099
-0.673387
-1.00871
0.298273

0.656933
-0.339099
0.673387
0.786729
0.00336567

-0.324259
-0.919595
-0.221816
-0.431306
0.171559

0.324259
0.919595
0.221816
0.422567
0.0280907

0.71082
-0.495689
0.499027
0.965674
8.30083e-05

-0.2165
0.506697
-0.834498
-0.477991
0.102358

0.2165
-0.506697
0.834498
0.911872
0.000399271

0.24405
-0.80575
-0.539635
0.449902
0.0458174

-0.919966
-0.157185
-0.359104
-0.823735
0.277785

0.919966
0.157185
0.359104
0.613564
0.0124962

0.300362
-0.470977
-0.829436
-0.156644
0.0736043

-0.300362
0.470977
0.829436
0.729195
0.00412216

-0.0058281
-0.773012
-0.634364
0.410555
0.0274578

0.0058281
0.773012
0.634364
-0.277588
0.1289

-0.653709
0.657537
-0.374578
-3.3781
1.95363

0.653709
-0.657537
0.374578
0.953946
0.000217159

-0.376698
0.574374
0.726769
0.559593
0.0232427

0.376698
-0.574374
-0.726769
-1.92915
1.02683

0.563514
0.177788
-0.806748
-16.6295
125.242

-0.563514
-0.177788
0.806748
0.840096
0.0103668

-0.56748
-0.620999
0.540672
-1.32282
0.684003

0.56748
0.620999
-0.540672
0.209595
0.0792237

-0.372936
-0.811956
-0.44905
-0.0835412
0.0345253

0.372936
0.811956
0.44905
0.969233
3.15293e-05

0.1669
0.833385
0.526892
0.288571
0.0200802

-0.390629
0.352532
-0.850371
0.924544
0.000185954

-0.247451
-0.711347
-0.65784
-1.82165
0.637052

0.247451
0.711347
0.65784
0.89805
0.000857694

0.948784
0.212385
0.233882
0.806622
0.00210737

-0.948784
-0.212385
-0.233882
-0.331475
0.0956491

-0.562937
-0.486714
0.66799
0.403478
0.0454783

-0.296898
-0.606783
0.737337
-0.418716
0.193798

0.296898
0.606783
-0.737337
0.188938
0.0634541

0.700164
0.713982
0
-0.164669
0.108732

-0.700164
-0.713982
0
0.353406
0.0352694

-0.374618
-0.0696884
0.924556
0.918088
0.000314547

0.374618
0.0696884
-0.924556
-0.451341
0.0955729

-0.204041
0.641214
0.739738
0.967819
0.000382289

-0.382634
-0.550037
-0.742328
0.970471
0.000203316

0.638383
-0.135492
0.7577
-1.17104
0.371141

-0.638383
0.135492
-0.7577
0.781035
0.00378024

0.156484
-0.161576
0.974375
0.960476
0.000158212

-0.596163
0.195639
0.778662
-4.83963
7.28251

0.596163
-0.195639
-0.778662
0.39234
0.0790576

-0.349068
-0.861517
-0.368701
-0.373046
0.288626

0.349068
0.861517
0.368701
-1.14537
0.704545

-0.600461
0.579617
0.550901
0.852085
0.00163674

0.365243
0.449359
0.815276
0.8738
0.0121528

-0.365243
-0.449359
-0.815276
-35.4714
1010.72

0.0937788
0.727143
-0.68005
-0.408995
0.11119

-0.0937788
-0.727143
0.68005
0.806722
0.00213948

-0.466646
0.0564231
-0.882642
-4.03993
2.86361

0.466646
-0.0564231
0.882642
0.954898
0.000575206

0.435595
0.134181
-0.890086
-1.18624
0.341976

-0.435595
-0.134181
0.890086
0.850291
0.00167126

-0.307435
-0.558351
0.770537
0.718757
0.00341004

0.307435
0.558351
-0.770537
0.266105
0.0227905

0.778207
-0.0515576
0.625888
0.559873
0.0108973

-0.778207
0.0515576
-0.625888
0.132604
0.0421232

0.728574
0.118648
-0.674613
-0.10079
0.0740474

-0.728574
-0.118648
0.674613
0.610823
0.00932551

-0.938075
-0.288478
0.191824
0.370486
0.0168608

0.938075
0.288478
-0.191824
0.643357
0.00541522

0.668797
-0.622083
0.407092
0.273663
0.0217495

-0.668797
0.622083
-0.407092
0.728745
0.00305065

0.0411868
-0.22037
0.974547
-0.0793519
0.179875

-0.0411868
0.22037
-0.974547
-1.61177
1.05105

0.209664
-0.26445
0.941333
0.899041
0.00146243

-0.209664
0.26445
-0.941333
-4.67896
4.58465

-0.0874716
0.541117
-0.836386
-0.134861
0.0598376

0.0874716
-0.541117
0.836386
0.828369
0.00136958

-0.0166302
-0.11821
-0.992849
-12.9021
63.8441

0.0166302
0.11821
0.992849
0.828369
0.00975653

-0.101653
0.219414
0.970322
0.85754
0.00151727

0.0377754
-0.339125
-0.939983
-3.00231
2.57957

-0.0377754
0.339125
0.939983
0.426987
0.0528921

0.04301
-0.480856
0.875744
0.885384
0.000966918

-0.04301
0.480856
-0.875744
-1.44153
0.436169

-0.80073
-0.3003
0.518315
0.679583
0.00960749

0.80073
0.3003
-0.518315
-1.35027
0.51446

-0.741007
-0.634295
-0.220405
-0.0621171
0.08295

0.741007
0.634295
0.220405
0.364396
0.0297136

0.458332
0.500216
-0.734654
0.678948
0.00473238

-0.874903
0.408777
0.259705
0.0157597
0.152042

0.874903
-0.408777
-0.259705
-1.86416
1.2873

0.307121
0.471414
0.826707
0.59274
0.0250566

-0.307121
-0.471414
-0.826707
-3.20765
2.67047

0.47055
0.710724
-0.522928
-1.59782
0.406607

-0.47055
-0.710724
0.522928
0.973435
4.69223e-05

0.284564
0.551266
0.784301
0.774852
0.00397019

-0.284564
-0.551266
-0.784301
-1.07486
0.330751

-0.808725
0.434406
0.396555
-0.877209
0.760606

0.808725
-0.434406
-0.396555
-2.10314
2.07842

-0.0943899
-0.428881
-0.898416
0.860756
0.00157891

0.0943899
0.428881
0.898416
-1.61468
0.550983

0.586343
0.2011
-0.784704
-6.77047
14.7996

-0.586343
-0.2011
0.784704
0.543333
0.0511223

0.29012
-0.305312
-0.906981
0.0834
0.10389

-0.464423
-0.437177
0.770187
-1.73333
0.973019

0.464423
0.437177
-0.770187
0.351266
0.0549913

-0.726986
0.448123
0.520266
0.377291
0.0117394

0.539182
0.821122
-0.187193
0.349447
0.0273104

-0.539182
-0.821122
0.187193
0.183945
0.0429691

0.365047
0.0456214
0.929871
0.901801
0.000810953

-0.365047
-0.0456214
-0.929871
-1.97053
0.730573

0.544018
0.839073
0
0.0783862
0.022932

-0.544018
-0.839073
0
0.964167
6.17552e-05

-0.145771
0.176616
-0.973426
-3.67216
2.37053

0.145771
-0.176616
0.973426
0.951352
0.000263991

-0.321737
0.031701
0.946298
0.790283
0.00188279

0.786996
0.462133
-0.408742
0.730971
0.0116326

-0.43932
-0.731554
0.52137
0.921934
0.0030888

0.43932
0.731554
-0.52137
-23.3655
299.632

0.088036
0.2166
-0.972283
0.291665
0.050028

-0.088036
-0.2166
0.972283
-0.670547
0.278116

0.210357
0.367442
-0.905945
-1.98523
0.732439

-0.210357
-0.367442
0.905945
0.90753
0.000705596

-0.704321
0.43839
-0.558342
-7.51843
15.4727

0.704321
-0.43839
0.558342
0.848562
0.0049185

-0.398175
-0.458967
-0.794233
0.469433
0.0186955

0.398175
0.458967
0.794233
-0.0197542
0.069023

-0.549841
0.32809
0.768135
0.644392
0.00313904

-0.92169
-0.387927
0
0.41736
0.030222

0.92169
0.387927
0
-0.0237962
0.0807381

0.361909
-0.523335
0.771454
0.621404
0.0106545

-0.361909
0.523335
-0.771454
-0.514392
0.168818

0.0410173
-0.12454
-0.991366
-0.0103856
0.0335187

-0.750112
0.661311
0
-0.513152
0.326325

0.750112
-0.661311
0
-0.641869
0.38135

0.471248
-0.343179
0.812498
-0.472935
0.10821

-0.471248
0.343179
-0.812498
0.885418
0.000697561

-0.312886
0.822344
0.47524
-0.146347
0.0695042

0.312886
-0.822344
-0.47524
0.752507
0.00326654

-0.794157
-0.505106
0.33791
0.463822
0.00732695

0.809719
-0.381399
0.44597
0.602121
0.00975035

-0.809719
0.381399
-0.44597
-0.095196
0.0736418

-0.511629
0.670476
0.537305
0.29064
0.0242128

0.257849
-0.284717
-0.923282
-23.2303
299.301

-0.257849
0.284717
0.923282
0.905351
0.00457927

-0.132313
-0.702636
-0.69914
-2.83695
1.83543

0.132313
0.702636
0.69914
0.744471
0.00821182

0.54394
-0.165356
0.822671
0.680448
0.00702202

-0.54394
0.165356
-0.822671
-0.461897
0.144798

0.974111
0.226072
0
-1.00235
0.186671

-0.974111
-0.226072
0
0.979151
3.94116e-05

-0.738313
0.264924
0.620249
0.636293
0.0038335

0.587118
0.321909
0.742743
0.705875
0.00440743

-0.587118
-0.321909
-0.742743
0.0219573
0.0486867

-0.222479
-0.842331
-0.490898
0.223599
0.0291761

0.222479
0.842331
0.490898
0.63458
0.00646625

-0.111697
-0.141037
0.983683
-2.04506
1.19389

0.111697
0.141037
-0.983683
0.490393
0.0335013

-0.736581
-0.676349
0
0.503501
0.0113312

0.736581
0.676349
0
0.579348
0.00836938

-0.179232
0.703099
-0.688133
0.33086
0.0314574

0.179232
-0.703099
0.688133
0.0717911
0.0604271

0.586227
-0.285707
0.758096
0.666274
0.0117397

-0.586227
0.285707
-0.758096
-1.72429
0.775447

0.684623
-0.242238
0.687468
0.81611
0.00323326

-0.684623
0.242238
-0.687468
-1.94223
0.814934

-0.173833
-0.792796
0.584171
0.341376
0.0506932

-0.452891
-0.113864
-0.884265
-0.970019
0.408794

0.452891
0.113864
0.884265
0.364016
0.0426103

0.550093
0.0705499
-0.832118
-2.21153
1.41319

-0.550093
-0.0705499
0.832118
0.447864
0.041792

0.260135
-0.567483
0.781213
0.795798
0.00461541

-0.260135
0.567483
-0.781213
-2.45127
1.29788

-0.966039
-0.0899849
0.24222
0.83883
0.00106205

0.958251
0.180201
-0.221998
-1.61177
1.05149

-0.958251
-0.180201
0.221998
-0.0793519
0.179601

0.729605
-0.683869
0
0.97827
2.10841e-05

-0.729605
0.683869
0
-0.832892
0.145569

-0.673375
-0.728824
0.124019
-0.449949
0.162652

0.673375
0.728824
-0.124019
0.534408
0.0167743

-0.117305
0.689608
-0.714619
0.206903
0.056369

0.117305
-0.689608
0.714619
-0.268549
0.144153

0.176569
0.387733
0.904703
0.925903
0.000793991

0.299037
0.740474
-0.601893
-0.435079
0.210888

-0.299037
-0.740474
0.601893
0.0953839
0.0850004

0.214653
-0.425255
-0.879251
-17.1017
126.169

-0.214653
0.425255
0.879251
0.919548
0.00249459

0.670726
0.269158
0.691145
0.535483
0.0315678

-0.670726
-0.269158
-0.691145
-2.8173
2.12982

-0.0619976
-0.224779
-0.972436
-20.8829
288.815

0.0619976
0.224779
0.972436
0.31853
0.280097

0.123694
0.329272
0.936098
0.451392
0.0254291

-0.703217
0.429407
0.566653
0.933496
0.000207188

0.703217
-0.429407
-0.566653
-0.482174
0.0967075

0.302838
0.229804
0.924921
0.635356
0.0104259

-0.294762
0.929965
-0.219728
-2.84171
2.13784

0.294762
-0.929965
0.219728
0.555204
0.0288467

0.0713776
-0.411018
-0.908829
-0.742587
0.187295

-0.0713776
0.411018
0.908829
0.839411
0.00166437

0.171951
-0.960799
0.217481
0.772613
0.00432263

-0.171951
0.960799
-0.217481
-1.25454
0.415501

0.650582
0.476358
0.591461
0.413454
0.0107902

-0.650582
-0.476358
-0.591461
0.811054
0.00112275

0.319925
0.940936
-0.110852
0.705187
0.00543234

-0.319925
-0.940936
0.110852
-0.349579
0.113774

-0.129083
-0.766975
-0.628559
-0.324185
0.159684

0.129083
0.766975
0.628559
0.2201
0.0554687

-0.04333
-0.358685
0.932452
0.87412
0.000542635

-0.936452
-0.169703
0.307016
0.402061
0.116546

0.936452
0.169703
-0.307016
-9.38087
35.1181

-0.288563
0.824431
-0.486873
0.0288978
0.0724687

0.288563
-0.824431
0.486873
0.224523
0.0462181

0.505699
-0.772116
-0.384844
-2.49551
1.72582

-0.505699
0.772116
0.384844
0.49272
0.0363568

0.10855
-0.0374382
0.993386
0.971066
0.000406651

-0.358512
0.661745
-0.658454
0.638289
0.00818854

0.358512
-0.661745
0.658454
-0.184373
0.0870779

0.61365
-0.124418
0.779714
0.726338
0.00797179

-0.61365
0.124418
-0.779714
-1.29658
0.458908

-0.495175
-0.216672
0.841341
0.768692
0.00983916

0.495175
0.216672
-0.841341
-5.49744
7.75881

-0.927453
0.209236
-0.309921
-0.221115
0.0851732

0.927453
-0.209236
0.309921
0.729226
0.00438902

0.719961
-0.0914053
0.687969
0.949748
0.000327965

-0.719961
0.0914053
-0.687969
-4.41921
3.64622

0.286443
0.337884
-0.89654
-0.0420425
0.173187

-0.286443
-0.337884
0.89654
-1.82685
1.27214

-0.315636
0.192591
-0.92913
-4.4518
6.93473

0.315636
-0.192591
0.92913
0.0535111
0.20912

0.751166
-0.652938
0.0970662
-1.59555
0.83425

-0.751166
0.652938
-0.0970662
0.382374
0.0472405

0.666997
0.629889
-0.39794
0.630636
0.026827

-0.666997
-0.629889
0.39794
-5.20898
7.57109

-0.537015
0.32952
0.776551
0.835345
0.00322455

0.700874
0.239409
0.671907
-2.12055
1.21545

-0.700874
-0.239409
-0.671907
0.561171
0.0241404

0.152581
-0.601947
-0.783824
-0.145525
0.110167

-0.152581
0.601947
0.783824
0.225568
0.0504456

0.117751
0.207399
-0.971144
-0.084358
0.104348

0.758615
-0.406357
-0.509291
0.316627
0.0287677

-0.758615
0.406357
0.509291
0.291548
0.0309137

-0.461118
-0.0666939
0.884829
-23.4574
299.76

0.461118
0.0666939
-0.884829
0.932251
0.00233254

0.598414
0.728566
0.333306
0.546478
0.0124781

-0.598414
-0.728566
-0.333306
0.0225369
0.0578862

-0.648836
-0.161898
0.743506
-1.54617
1.70868

0.648836
0.161898
-0.743506
-2.46562
3.1655

-0.282712
0.021835
-0.958956
0.898868
8.07749e-05

-0.0181667
-0.525817
0.850404
0.713088
0.00532449

0.0181667
0.525817
-0.850404
-0.443786
0.134804

0.856588
-0.489765
-0.162443
0.786271
0.00242246

-0.856588
0.489765
0.162443
-0.240422
0.0814999

0.0470798
0.838596
-0.542715
-0.379173
0.231738

-0.0470798
-0.838596
0.542715
-0.379173
0.231738

0.0580902
-0.782073
0.620473
0.920929
0.000578131

-0.0580902
0.782073
-0.620473
-0.49507
0.104307

0.828001
0.4481
0.337076
0.587053
0.0134324

-0.828001
-0.4481
-0.337076
-0.600566
0.201476

-0.0830433
0.651978
0.753676
0.83122
0.00105702

0.0830433
-0.651978
-0.753676
0.183104
0.0247479

0.219477
0.226505
-0.94896
-6.85809
14.8934

-0.219477
-0.226505
0.94896
0.589456
0.0406651

0.508201
0.0575739
-0.859312
-1.07294
0.280712

-0.508201
-0.0575739
0.859312
0.878665
0.000967479

0.0080836
0.839839
0.542775
0.536109
0.00647816

-0.565919
0.585094
-0.580862
-4.44506
5.56429

0.565919
-0.585094
0.580862
0.543734
0.0391563

-0.664049
-0.219727
-0.714674
0.931553
0.000364828

-0.372285
-0.73701
-0.56411
-0.026052
0.104317

0.372285
0.73701
0.56411
-0.221088
0.147699

0.636366
0.578932
0.509781
0.326397
0.0230487

0.484147
0.392869
0.781829
0.696168
0.00995914

-0.484147
-0.392869
-0.781829
-1.9198
0.910321

0.795935
-0.345596
0.497043
0.849612
0.0026325

-0.795935
0.345596
-0.497043
-3.04699
1.8905

0.991482
0.00941641
0.129903
0.949673
0.000170205

-0.991482
-0.00941641
-0.129903
-1.50542
0.401334

0.821766
-0.130095
0.554776
0.549254
0.0191268

0.327329
-0.457115
0.826983
0.762277
0.0064003

-0.327329
0.457115
-0.826983
-2.3927
1.28474

0.240077
0.916502
-0.31998
0.366833
0.0256689

-0.240077
-0.916502
0.31998
0.177136
0.0433382

0.347313
0.937749
0
0.622663
0.0169335

-0.550962
-0.297206
0.779813
0.930924
0.000240906

0.524544
-0.59647
0.607517
0.343805
0.0103478

-0.524544
0.59647
-0.607517
0.931767
0.000113422

0.156481
0.911154
-0.381198
-3.10925
1.62699

-0.156481
-0.911154
0.381198
0.954185
0.000206279

0.257146
0.147785
0.955006
0.779034
0.00351266

-0.257146
-0.147785
-0.955006
-0.851741
0.241787

-0.562986
0.589068
-0.579695
0.0073595
0.100855

0.562986
-0.589068
0.579695
-0.338665
0.183328

0.0420628
0.499897
0.865063
0.49272
0.0365218

-0.0420628
-0.499897
-0.865063
-2.49551
1.72468

-0.783951
-0.620823
0
-2.57773
1.4704

0.783951
0.620823
0
0.739488
0.0122518

-0.134843
0.762758
0.632469
0.916243
0.000400106

0.904828
0.183427
-0.38424
0.758646
0.0072202

0.912839
0.408319
0
-2.23411
1.366

-0.912839
-0.408319
0
0.470148
0.0488235

-0.637601
-0.478308
-0.603893
0.412843
0.0133323

0.637601
0.478308
0.603893
0.686444
0.00380576

-0.428547
0.3906
-0.814727
-0.795607
0.236542

0.428547
-0.3906
0.814727
0.730377
0.00542651

-0.177162
-0.562833
0.807362
-1.22388
0.345489

0.177162
0.562833
-0.807362
0.87155
0.00116836

0.256985
0.613119
-0.747023
0.947137
0.000131737

-0.0969601
-0.0683881
0.992936
-1.43679
0.299361

0.0969601
0.0683881
-0.992936
0.992222
7.732e-06

-0.109906
0.925597
0.362202
-2.44707
1.13559

0.109906
-0.925597
-0.362202
0.88925
0.00117437

0.885393
-0.089908
-0.456065
-36.1865
1014.26

-0.885393
0.089908
0.456065
0.94499
0.00222653

0.126919
0.303681
0.944282
0.963943
0.000283095

-0.126919
-0.303681
-0.944282
-9.42044
23.5789

-0.825201
0.49592
-0.270385
0.785052
0.00294682

0.518423
-0.673258
0.527221
0.532936
0.0213931

-0.518423
0.673258
-0.527221
-1.09917
0.430885

0.854074
-0.309574
0.417998
0.84827
0.00117429

-0.854074
0.309574
-0.417998
-0.344474
0.0910711

0.434009
0.177532
0.883243
0.828022
0.00483794

-0.434009
-0.177532
-0.883243
-5.00502
5.87421

-0.711975
0.361143
0.602219
0.286728
0.0461466

0.711975
-0.361143
-0.602219
-0.410517
0.180385

-0.867783
0.248673
0.430249
-0.383841
0.15619

0.867783
-0.248673
-0.430249
0.430505
0.0264901

0.183471
0.525986
0.830468
-0.820508
0.179239

-0.183471
-0.525986
-0.830468
0.918086
0.000395926

0.253145
-0.943539
-0.213663
-0.403789
0.158149

-0.253145
0.943539
0.213663
0.463545
0.0231048

0.801194
0.298215
-0.518803
0.471209
0.0134484

-0.801194
-0.298215
0.518803
0.44056
0.0150512

0.154123
0.703367
-0.693917
0.875078
0.000823524

-0.268354
-0.818034
-0.50873
0.810836
0.00210442

0.268354
0.818034
0.50873
-0.499818
0.130644

0.102024
-0.966339
0.236179
0.866624
0.00214437

-0.102024
0.966339
-0.236179
-3.38422
2.31224

0.646785
0.449197
0.616353
0.75026
0.00414007

-0.646785
-0.449197
-0.616353
-0.578759
0.163494

-0.764878
-0.602258
-0.228575
0.8766
0.00162965

0.108302
0.477684
-0.87183
-1.08228
0.467787

-0.108302
-0.477684
0.87183
0.380476
0.0416109

0.162648
-0.506166
-0.84696
-1.52848
0.540032

-0.162648
0.506166
0.84696
0.81193
0.0030642

-0.280148
-0.745122
0.605236
0.76205
0.00409659

0.544253
-0.327509
-0.772351
0.598729
0.00842579

-0.544253
0.327509
0.772351
0.17212
0.0358292

0.30252
0.255291
-0.918318
-5.15346
5.93786

-0.30252
-0.255291
0.918318
0.877619
0.00234993

0.704038
0.113557
-0.701025
0.80834
0.00219735

0.564112
-0.557432
-0.609136
0.970174
4.59075e-05

-0.564112
0.557432
0.609136
-0.504478
0.0868894

0.202942
0.336976
0.919381
0.835941
0.00384397

-0.202942
-0.336976
-0.919381
-4.03243
3.53958

-0.5551
0.564074
0.611298
0.980196
9.63346e-05

0.0954914
0.19434
0.976275
0.610445
0.0154023

-0.0954914
-0.19434
-0.976275
-1.39258
0.57382

-0.199005
-0.845774
0.495039
0.837992
0.00235291

-0.421795
0.131798
0.897061
0.941795
0.000426503

-0.274789
0.526329
0.804654
0.835709
0.0015291

0.639125
0.435848
-0.633684
-1.94338
1.49919

-0.639125
-0.435848
0.633684
-0.205597
0.251692

0.285176
-0.338487
-0.896717
0.0934091
0.061658

-0.285176
0.338487
0.896717
0.205451
0.0473603

0.21153
-0.296993
-0.931155
-0.838894
0.418723

-0.21153
0.296993
0.931155
-0.0343812
0.132548

-0.361422
0.51734
-0.775715
-0.796473
0.255728

0.361422
-0.51734
0.775715
0.66308
0.0106308

-0.539798
-0.334731
-0.772382
-0.464044
0.154166

0.539798
0.334731
0.772382
0.623302
0.0103085

0.102821
-0.856838
0.50523
0.566712
0.0257163

0.101599
-0.172964
0.979674
0.912517
0.000324265

-0.335057
0.725293
0.601404
0.364705
0.0391657

0.335057
-0.725293
-0.601404
-0.714647
0.284657

0.104614
-0.920492
-0.376499
0.9506
0.000199504

-0.706895
0.592846
0.385788
0.997816
4.96114e-07

-0.0253533
0.536785
0.843338
-2.24512
2.16588

0.0253533
-0.536785
-0.843338
-0.590098
0.520375

-0.609995
0.0955741
0.786621
0.862865
0.000615024

0.609995
-0.0955741
-0.786621
0.336273
0.0134411

0.689795
0.291145
0.662886
0.871116
0.00659191

-0.689795
-0.291145
-0.662886
-16.794
125.632

-0.276256
-0.657459
0.701021
0.104349
0.0469445

0.276256
0.657459
-0.701021
0.529693
0.0129467

-0.185798
0.916997
0.35298
-0.456266
0.26308

0.185798
-0.916997
-0.35298
-0.354095
0.227467

-0.0820234
0.176681
0.980845
0.993407
4.94809e-06

0.243243
-0.301147
0.922032
0.773675
0.0213603

-0.213594
0.348137
-0.912786
-2.47537
1.13869

0.213594
-0.348137
0.912786
0.899984
0.000992642

0.687941
0.725766
0
-1.06554
0.679082

-0.687941
-0.725766
0
-0.561864
0.389829

0.261372
0.846611
0.463611
0.813345
0.00114073

-0.261372
-0.846611
-0.463611
0.385241
0.0121885

0.385689
0.54025
0.747913
0.876686
0.00147592

-0.442331
0.536702
0.718536
0.637864
0.00986094

0.442331
-0.536702
-0.718536
-0.583225
0.186789

-0.712136
-0.144912
-0.686923
-0.117018
0.0748667

0.712136
0.144912
0.686923
0.635259
0.00799035

-0.876575
-0.481265
0
0.23365
0.0543573

0.876575
0.481265
0
-0.38377
0.177201

-0.687227
-0.701916
-0.187171
0.750342
0.00147765

0.687227
0.701916
0.187171
0.715051
0.00192339

0.47251
-0.794682
0.381072
0.205451
0.0473993

-0.47251
0.794682
-0.381072
0.0934091
0.0616983

0.669046
-0.554433
0.494955
0.330559
0.0178943

-0.384647
-0.619362
0.684425
0.650209
0.00350258

0.598051
-0.460646
-0.655851
-3.65383
3.39187

-0.598051
0.460646
0.655851
0.643958
0.0199394

0.589887
0.757269
-0.280317
0.586813
0.0193905

-0.589887
-0.757269
0.280317
-1.78832
0.88167

-0.153002
0.306827
-0.939387
0.987135
1.57769e-05

0.344861
0.0724932
0.93585
0.595988
0.0504809

-0.344861
-0.0724932
-0.93585
-9.78489
35.8238

-0.0473292
-0.353094
0.93439
0.920653
0.000125033

-0.489958
0.133357
-0.861485
0.870091
0.00145173

0.489958
-0.133357
0.861485
-1.75929
0.629552

-0.130507
-0.408546
-0.903359
0.689131
0.0203788

0.130507
0.408546
0.903359
-6.09627
10.5416

-0.921802
0.375965
0.0945075
0.283257
0.0919503

0.921802
-0.375965
-0.0945075
-3.205
3.16307

0.567569
-0.115178
0.81523
0.804405
0.000564323

0.148336
0.687791
-0.710592
-1.35788
0.626296

-0.148336
-0.687791
0.710592
0.436436
0.0359111

0.139257
0.596043
0.790784
0.681258
0.0157344

-0.139257
-0.596043
-0.790784
-3.71513
3.41825

-0.0765625
0.144588
0.986525
0.801964
0.00861029

-0.243747
-0.792
-0.559753
-0.501767
0.147723

0.243747
0.792
0.559753
0.724165
0.00498838

0.731516
0.562771
0.384932
-2.54929
0.876237

-0.731516
-0.562771
-0.384932
0.995347
1.9276e-06

0.296414
-0.443762
0.845703
0.889138
0.0014494

0.672973
-0.338689
0.657569
0.646447
0.00526805

-0.278837
0.95256
0.12198
0.308059
0.0141382

-0.340019
-0.068515
-0.937919
0.994613
5.53464e-06

0.28138
0.0620781
0.957587
0.971427
0.000300475

-0.28138
-0.0620781
-0.957587
-17.5798
126.777

0.199257
0.521234
0.829826
0.773217
0.00191891

-0.199257
-0.521234
-0.829826
0.308272
0.0178154

0.251211
0.353778
-0.900963
-3.47143
2.33258

-0.251211
-0.353778
0.900963
0.89735
0.00123485

0.205854
0.74344
0.636334
0.765959
0.00249377

-0.950393
-0.109696
0.291067
0.356726
0.0227875

0.950393
0.109696
-0.291067
0.396919
0.0200308

0.391476
-0.39642
-0.83042
-1.65432
0.555259

-0.391476
0.39642
0.83042
0.880265
0.00117817

-0.0571803
0.324231
0.944248
0.94344
0.000144288

-0.00661213
0.469067
-0.883138
-0.832849
0.223094

0.00661213
-0.469067
0.883138
0.816014
0.00232711

0.782222
0.0258978
0.622461
0.57701
0.00733131

-0.782222
-0.0258978
-0.622461
0.511283
0.00975481

-0.0487359
0.705962
-0.706571
0.478167
0.00696944

0.942138
-0.0807104
0.325365
0.699611
0.00561577

-0.942138
0.0807104
-0.325365
-0.230842
0.0902767

0.278455
0.960449
0
0.540117
0.012128

-0.146049
0.514621
0.844888
0.832101
0.00548754

0.146049
-0.514621
-0.844888
-6.4622
10.8042

0.471749
-0.142115
-0.870205
0.656921
0.00635355

-0.471749
0.142115
0.870205
0.0316969
0.0504072

-0.0214062
-0.667216
-0.744557
-7.1729
20.938

0.0214062
0.667216
0.744557
-0.00117183
0.314495

0.422503
-0.0920386
-0.901676
-22.7643
297.803

-0.422503
0.0920386
0.901676
0.834971
0.0144431

0.366536
0.595056
0.715234
0.778012
0.00234633

-0.266144
-0.125557
-0.955721
-2.21807
0.851758

0.266144
0.125557
0.955721
0.934325
0.000390745

-0.031102
-0.927473
0.372593
0.98857
7.12186e-06

0.031102
0.927473
-0.372593
-1.18248
0.224407

-0.548681
0.615591
-0.565683
-2.46992
1.98163

0.548681
-0.615591
0.565683
0.187585
0.108658

-0.242203
0.115605
0.963314
0.955498
0.000172854

0.152158
-0.407271
0.900543
0.796339
0.0039104

-0.152158
0.407271
-0.900543
-1.76079
0.701355

0.0856519
0.747094
0.659177
0.543065
0.0146115

-0.0856519
-0.747094
-0.659177
-0.230509
0.105409

-0.485383
0.438339
0.75648
0.630052
0.0215897

0.485383
-0.438339
-0.75648
-3.63201
3.38343

0.836571
0.547859
0
0.876228
0.00189803

-0.836571
-0.547859
0
-1.32417
0.384452

0.212549
0.920741
0.3272
0.676006
0.00557258

-0.759084
0.163628
-0.630093
-0.58117
0.394657

0.759084
-0.163628
0.630093
-0.9967
0.627276

-0.838393
-0.545067
0
-4.61701
5.59174

0.838393
0.545067
0
0.648937
0.0244781

-0.459051
-0.84277
0.281087
-2.50564
1.99799

0.459051
0.84277
-0.281087
0.229717
0.0964915

-0.782818
-0.0238056
0.621795
0.881
0.000150943

-0.35224
0.435692
0.828311
-7.29925
15.2989

0.35224
-0.435692
-0.828311
0.77878
0.0109605

-0.547382
-0.468689
-0.693328
0.776472
0.00255503

0.547382
0.468689
0.693328
-0.110756
0.0617931

-0.919598
-0.39286
0
-22.5379
287.632

0.919598
0.39286
0
0.793124
0.0298955

0.395851
0.138331
0.907836
0.979903
0.000156667

-0.395851
-0.138331
-0.907836
-17.6955
126.805

0.0244465
-0.937491
0.347149
0.812467
0.00186781

-0.0244465
0.937491
-0.347149
-0.118256
0.059771

-0.267715
-0.340775
0.901222
0.931109
0.000802891

0.267715
0.340775
-0.901222
-6.02757
8.00175

-0.18422
-0.494444
-0.849463
0.664867
0.00786677

-0.699542
0.0179494
-0.714366
0.250303
0.0381032

0.699542
-0.0179494
0.714366
0.220016
0.0412341

-0.947381
-0.197048
-0.252273
0.790781
0.00184448

0.947381
0.197048
0.252273
0.120028
0.0325195

0.803034
0.273637
0.529396
0.989091
5.72702e-06

-0.803034
-0.273637
-0.529396
-0.450409
0.0683831

-0.313972
-0.929977
-0.191217
-0.787338
0.287392

0.313972
0.929977
0.191217
0.50774
0.0218138

-0.326269
-0.0769317
-0.942141
-9.53186
35.4041

0.326269
0.0769317
0.942141
0.479904
0.0863563

-0.515849
0.523755
0.677924
-2.36989
1.67844

0.515849
-0.523755
-0.677924
0.369843
0.0588355

-0.530149
-0.442232
0.723445
0.718295
0.00722772

0.530149
0.442232
-0.723445
-1.39643
0.521608

0.279671
-0.423712
-0.861541
-0.470352
0.136826

-0.279671
0.423712
0.861541
0.741049
0.0043061

0.0369973
0.722619
-0.690255
-6.81532
14.842

-0.0369973
-0.722619
0.690255
0.567316
0.0456118

0.823925
0.122355
-0.553332
0.84799
0.0010914

-0.823925
-0.122355
0.553332
-0.184677
0.0647793

0.394069
-0.498102
0.772401
0.374076
0.0438001

-0.394069
0.498102
-0.772401
-1.18779
0.53461

0.803072
-0.573383
-0.162196
-0.182362
0.161947

-0.803072
0.573383
0.162196
-0.449301
0.243321

0.385733
0.727335
0.56762
0.557914
0.0140782

-0.385733
-0.727335
-0.56762
-0.32271
0.125507

-0.185847
-0.193626
-0.963312
-2.66326
3.98365

0.185847
0.193626
0.963312
-2.07816
2.813

-0.707798
-0.649347
-0.278156
0.835262
0.00191814

0.707798
0.649347
0.278156
-1.07813
0.304953

0.152703
-0.0585874
-0.986534
0.561171
0.0242499

-0.616723
0.683958
-0.389684
-1.89625
0.905803

0.616723
-0.683958
0.389684
0.678192
0.0111895

0.778447
0.0112769
0.627609
0.702656
0.00168821

0.0856745
0.494422
0.864989
0.0428298
0.0970488

-0.0856745
-0.494422
-0.864989
-0.475022
0.230444

0.397593
-0.47018
-0.787941
0.987258
1.32617e-05

0.228038
-0.231921
-0.945627
0.797882
0.00271662

-0.228038
0.231921
0.945627
-0.746313
0.20097

-0.47458
-0.504011
-0.721628
0.986194
3.98161e-05

-0.746551
0.471883
0.469029
-4.35185
3.63216

0.746551
-0.471883
-0.469029
0.935131
0.000548904

0.600508
-0.242244
0.762042
0.929733
0.000226989

-0.600508
0.242244
-0.762042
-0.336789
0.0735846

-0.629907
-0.147085
0.762616
0.479904
0.0863775

0.629907
0.147085
-0.762616
-9.53186
35.4016

0.461191
0.0756389
0.884071
0.851764
0.00090638

-0.461191
-0.0756389
-0.884071
-0.016142
0.0424764

-0.165329
0.886222
0.432755
-1.59426
0.496122

0.165329
-0.886222
-0.432755
0.905517
0.000660669

0.0319944
-0.13641
-0.990136
0.634105
0.00637162

0.305055
-0.584248
0.752061
0.800571
0.00666246

-0.305055
0.584248
-0.752061
-4.93346
5.83845

0.0151566
0.874377
0.485011
0.501389
0.0150215

0.0423444
-0.999103
0
0.70018
0.0171199

0.807602
-0.264787
-0.52694
-1.11142
0.661849

-0.807602
0.264787
0.52694
-0.30842
0.254244

-0.658778
0.524107
0.539743
-2.3695
1.46292

0.658778
-0.524107
-0.539743
0.5912
0.0216468

0.784653
0.619935
0
0.854349
0.00365961

-0.784653
-0.619935
0
-3.35269
2.26356

0.610675
-0.791882
0
-1.63574
0.834721

-0.610675
0.791882
0
0.429798
0.0443406

0.516322
-0.725582
0.45491
0.445665
0.0184097

-0.516322
0.725582
-0.45491
0.186332
0.0396158

0.45594
0.881491
-0.122851
0.178726
0.0782886

-0.45594
-0.881491
0.122851
-0.951939
0.442212

0.373446
0.0406039
0.926763
0.900884
0.000232494

0.81174
-0.491888
0.314841
0.587725
0.00301299

-0.0340165
-0.466383
0.883929
0.576543
0.022249

0.297495
0.0836331
-0.951053
-0.729922
0.173981

-0.428301
-0.156524
-0.889977
-0.492218
0.250358

0.428301
0.156524
0.889977
-0.0742915
0.129797

0.212197
0.249638
0.944803
0.701427
0.0103582

-0.212197
-0.249638
-0.944803
-2.29839
1.26311

-0.787216
-0.215231
0.577899
0.339398
0.0227051

0.787216
0.215231
-0.577899
0.481764
0.0139961

0.0347157
0.0301182
0.998943
0.341758
0.0811645

-0.0347157
-0.0301182
-0.998943
-3.68084
4.10364

-1
0
0
0.347486
0.233187

1
0
0
0.140048
0.27759

-0.0638037
-0.702759
0.708561
0.796711
0.00138505

-0.310796
0.768799
-0.558886
-5.04438
7.44888

0.310796
-0.768799
0.558886
0.533612
0.0444311

-0.137087
0.201749
-0.969796
0.421338
0.0211838

0.137087
-0.201749
0.969796
0.132369
0.0475613

0.815551
-0.535198
0.220089
-0.191138
0.0590795

-0.815551
0.535198
-0.220089
0.895068
0.000463512

0.884686
-0.353865
-0.303496
0.590881
0.00666692

-0.884686
0.353865
0.303496
0.507159
0.00966905

-0.62656
-0.285462
-0.725213
0.513913
0.0150639

-0.310292
-0.908993
0.278298
0.673744
0.0106734

0.310292
0.908993
-0.278298
-1.59118
0.67304

-0.229913
-0.0627234
0.971188
0.973989
0.000249311

0.229913
0.0627234
-0.971188
-17.6126
126.801

0.612176
0.782479
-0.113873
0.875743
0.00054389

-0.612176
-0.782479
0.113873
0.123281
0.0270342

0.445964
-0.401877
0.799757
0.780862
0.00968821

-0.445964
0.401877
-0.799757
-6.3154
10.7037

0.189004
-0.755915
0.626794
0.978519
3.10822e-05

-0.189004
0.755915
-0.626794
-1.96567
0.581591

0.216509
-0.475713
0.852538
0.777935
0.00499762

-0.216509
0.475713
-0.852538
-2.04004
0.934709

0.0541616
-0.579087
0.813465
0.764456
0.00593564

0.937261
-0.348629
0
0.0192552
0.113353

-0.937261
0.348629
0
-0.532414
0.26263

0.727484
-0.62079
0.29221
-0.131629
0.217976

-0.727484
0.62079
-0.29221
-1.98823
1.51968

0.215901
0.736051
0.641572
0.676892
0.00817964

-0.215901
-0.736051
-0.641572
-0.809772
0.256093

0.229998
-0.129252
0.96457
0.97053
0.000258087

-0.229998
0.129252
-0.96457
-13.7866
64.8595

0.0116756
-0.302376
0.953117
0.684617
0.01181

0.641473
0.0467182
-0.765721
-1.19819
0.408414

-0.641473
-0.0467182
0.765721
0.728638
0.00630938

0.632957
-0.487793
0.601185
0.805201
0.00182091

-0.632957
0.487793
-0.601185
-0.0849501
0.0553878

-0.0729667
0.624924
-0.777268
0.993674
1.64737e-05

0.0729667
-0.624924
0.777268
-17.9621
126.996

-0.507702
0.52988
-0.679312
-0.0290141
0.0276688

0.507702
-0.52988
0.679312
0.980626
1.5181e-05

-0.282139
0.00191849
-0.959372
0.920223
0.000403804

-0.533863
0.23283
-0.812884
-4.18236
5.38106

0.533863
-0.23283
0.812884
0.34749
0.0855383

0.335418
0.0648136
-0.939837
-0.761796
0.271957

-0.335418
-0.0648136
0.939837
0.538771
0.0216261

0.329652
-0.487519
0.80849
0.857633
0.0043497

-0.329652
0.487519
-0.80849
-7.55088
15.4894

-0.570937
0.448198
-0.687859
-4.69091
7.15766

0.570937
-0.448198
0.687859
0.27412
0.11647

0.0684251
-0.423625
0.90325
0.887446
0.00111779

-0.317154
-0.922631
-0.219468
0.105779
0.0527196

0.317154
0.922631
0.219468
0.386001
0.0248652

0.536682
0.843785
0
0.599888
0.0149348

0.0847896
-0.354986
-0.931019
-2.10837
0.74518

-0.0847896
0.354986
0.931019
0.947943
0.000210701

-0.0294495
-0.356614
0.933788
0.962689
0.000100773

-0.401152
-0.31163
0.861373
0.920305
0.00114892

0.401152
0.31163
-0.861373
-6.79343
10.9817

-0.148876
0.0988819
0.983899
-2.27782
2.54746

0.148876
-0.0988819
-0.983899
-1.16389
1.11065

0.696456
-0.0503766
-0.715829
0.667147
0.00333614

-0.696456
0.0503766
0.715829
0.65526
0.00357771

0.4632
-0.727215
0.506561
0.507881
0.0190609

-0.4632
0.727215
-0.506561
-0.432088
0.160985

0.9122
0.0977804
-0.397906
-0.455385
0.0855168

-0.9122
-0.0977804
0.397906
0.953221
9.27392e-05

0.673775
0.738937
0
-3.64002
3.87484

-0.673775
-0.738937
0
0.304725
0.106574

-0.255076
0.428341
-0.866868
-9.98854
36.1687

0.255076
-0.428341
0.866868
0.677072
0.0312728

-0.00750373
0.912787
-0.408367
-0.724826
0.334262

0.00750373
-0.912787
0.408367
0.100324
0.0909455

-0.837053
0.370459
0.402619
0.408092
0.00719246

-0.304267
-0.296697
0.905203
0.890431
0.000885888

0.971605
-0.138522
-0.191822
0.155748
0.0765634

-0.971605
0.138522
0.191822
-0.672305
0.300369

0.708843
0.705366
0
-0.0161059
0.0563954

-0.708843
-0.705366
0
0.75565
0.00554562

-0.663757
0.107595
0.740168
0.268619
0.0859595

0.663757
-0.107595
-0.740168
-2.53988
2.01355

0.353725
-0.348876
0.86785
-22.6572
297.44

-0.353725
0.348876
-0.86785
0.815817
0.0181132

0.749645
0.549516
-0.36887
0.711609
0.00252158

-0.749645
-0.549516
0.36887
0.5979
0.00489773

0.266077
0.446092
-0.85452
0.0920758
0.139513

-0.187165
0.447252
0.874605
0.909448
0.00111372

0.187165
-0.447252
-0.874605
-4.25147
3.60554

-0.305902
0.484056
-0.819825
0.0145588
0.118624

0.305902
-0.484056
0.819825
-0.863089
0.423841

-0.316733
-0.556099
0.768397
0.986943
1.32793e-05

-0.27085
-0.319926
-0.907903
0.647786
0.00310939

0.812383
0.532257
0.238193
0.0358826
0.0834797

-0.812383
-0.532257
-0.238193
-0.0711672
0.103043

0.634102
0.422891
-0.647362
-1.52753
0.596894

-0.634102
-0.422891
0.647362
0.727131
0.00701935
