
-0.198729
-0.499163
-0.843412
0.936296
0.000322591

0.198729
0.499163
0.843412
-1.79602
0.569183

-0.586451
-0.519045
-0.621825
0.568757
0.00693764

0.586451
0.519045
0.621825
0.595844
0.00609949

-0.217796
-0.723804
-0.65473
-1.22789
0.494281

0.217796
0.723804
0.65473
0.559921
0.019292

-0.539654
0.395115
-0.74341
0.993106
2.34806e-06

0.956053
-0.239302
-0.169402
0.23379
0.0765934

-0.956053
0.239302
0.169402
-1.4825
0.803938

-0.0293718
-0.191706
0.981013
-0.158507
0.0945928

0.0293718
0.191706
-0.981013
0.485109
0.018687

0.765805
-0.643072
0
-1.01179
0.351294

-0.765805
0.643072
0
0.641946
0.0138622

0.255828
-0.317603
0.913061
-0.296718
0.1565

-0.255828
0.317603
-0.913061
0.159948
0.0657182

0.0138638
0.675818
0.736938
0.910454
0.00213444

0.472565
0.184556
-0.861755
0.219098
0.0582489

-0.472565
-0.184556
0.861755
-0.433412
0.195718

-0.957823
0.287359
0
0.0926032
0.197569

0.957823
-0.287359
0
-1.24919
0.614446

-0.579579
-0.38342
-0.719081
0.786745
0.00393321

0.579579
0.38342
0.719081
-1.48945
0.535052

0.574062
-0.211148
0.791119
0.746982
0.0268399

-0.574062
0.211148
-0.791119
-16.221
124.323

-0.459264
-0.569433
-0.681779
-2.43261
1.29403

0.459264
0.569433
0.681779
0.785462
0.00511206

0.6866
0.102478
-0.719777
-0.184128
0.101889

-0.545102
-0.709004
-0.447412
-0.27778
0.263807

0.545102
0.709004
0.447412
-1.50255
1.01138

-0.158754
-0.796685
0.583172
0.593792
0.0136468

0.158754
0.796685
-0.583172
-0.734964
0.247769

0.678519
-0.162017
-0.716493
-0.97893
0.172386

-0.678519
0.162017
0.716493
0.985999
1.29996e-05

0.552074
-0.242515
-0.797747
-3.14504
1.63163

-0.552074
0.242515
0.797747
0.961763
0.000140486

-0.725616
-0.178822
-0.664458
0.378579
0.0228422

0.725616
0.178822
0.664458
0.286635
0.0300731

0.0268529
-0.622644
-0.782044
-5.49744
7.75373

-0.0268529
0.622644
0.782044
0.768692
0.00991025

-0.955209
-0.0234709
0.295
0.27412
0.11648

0.955209
0.0234709
-0.295
-4.69091
7.15744

-0.174691
-0.0163483
0.984488
-0.617331
0.203225

-0.515772
-0.310897
0.798324
0.828177
0.0228386

0.29173
-0.399703
0.868983
0.850089
0.00214029

-0.29173
0.399703
-0.868983
-2.17209
0.957994

0.583206
-0.772135
0.252343
0.123317
0.0624512

-0.583206
0.772135
-0.252343
0.0356971
0.0755545

-0.172505
0.375568
-0.910599
0.346005
0.0131739

0.452109
0.282475
0.846053
-1.27354
0.671191

-0.452109
-0.282475
-0.846053
0.132665
0.0979169

-0.707137
-0.707076
0
0.469994
0.0417292

0.707137
0.707076
0
-2.02464
1.16718

-0.702741
0.182583
0.687618
0.772452
0.00427763

0.702741
-0.182583
-0.687618
-0.602766
0.166734

-0.562232
-0.268375
0.782221
0.625532
0.0155991

0.562232
0.268375
-0.782221
-1.83189
0.891684

-0.877365
0.181229
0.444283
0.17239
0.0713273

0.877365
-0.181229
-0.444283
-0.605604
0.268279

-0.188616
0.682687
-0.705948
0.421716
0.014297

0.188616
-0.682687
0.705948
0.602056
0.00677976

0.534593
0.086006
-0.840722
-0.621572
0.166762

-0.534593
-0.086006
0.840722
0.78888
0.00290623

-0.584703
-0.639543
0.499107
0.824866
0.00227757

0.584703
0.639543
-0.499107
-1.14538
0.338093

0.763296
-0.428159
-0.483795
-1.72588
0.866846

-0.763296
0.428159
0.483795
0.526752
0.026184

0.772704
0.634766
0
-0.00206804
0.0305709

-0.772704
-0.634766
0
0.949987
7.6361e-05

-0.20602
-0.415511
0.885949
0.488622
0.0212076

0.20602
0.415511
-0.885949
-0.472624
0.175722

-0.72275
-0.465424
-0.510895
0.96374
4.02135e-05

0.72275
0.465424
0.510895
0.0935011
0.0216553

-0.44684
0.526826
-0.723041
-0.0675128
0.0755067

0.44684
-0.526826
0.723041
0.502687
0.0163964

-0.224357
-0.560707
-0.797039
0.633767
0.00195421

-0.647122
-0.570643
-0.505569
0.602338
0.00673428

0.647122
0.570643
0.505569
0.547973
0.00854454

-0.522953
-0.443212
-0.728068
0.0316969
0.0505115

0.522953
0.443212
0.728068
0.656921
0.00641288

-0.318384
0.772427
0.549535
-0.0873458
0.116978

0.318384
-0.772427
-0.549535
-0.152255
0.131348

0.278264
0.126141
-0.952186
-1.19039
0.407354

-0.278264
-0.126141
0.952186
0.722142
0.00668973

0.29462
-0.857699
-0.421368
-2.35494
1.45895

-0.29462
0.857699
0.421368
0.579174
0.0229951

0.324322
0.369467
-0.87081
-5.36114
6.00997

-0.324322
-0.369467
0.87081
0.931497
0.000698239

0.967123
0.14444
-0.209311
0.84194
0.00170709

-0.967123
-0.14444
0.209311
-1.01071
0.275623

0.0407585
-0.975185
-0.217609
-0.7491
0.201264

-0.0407585
0.975185
0.217609
0.800093
0.00271231

0.0427385
0.130988
-0.990462
0.987505
1.27836e-05

-0.0427385
-0.130988
0.990462
-0.50609
0.0775477

0.22283
0.700909
0.67755
0.831693
0.00224201

-0.22283
-0.700909
-0.67755
-1.34262
0.425833

-0.735936
-0.231919
-0.636091
0.119132
0.040966

0.735936
0.231919
0.636091
0.622868
0.0075225

0.492253
-0.739321
0.459448
0.680938
0.00574708

-0.492253
0.739321
-0.459448
-0.0894233
0.0666625

0.0521311
-0.90026
-0.43222
0.447746
0.0177756

-0.0521311
0.90026
0.43222
0.224268
0.0350368

0.156095
-0.358441
0.92041
0.943542
0.00121168

0.57012
0.585966
0.575853
0.553818
0.00759144

-0.0409761
-0.359934
0.932078
0.889832
0.00133346

0.0409761
0.359934
-0.932078
-2.88863
1.59039

0.364803
-0.693911
-0.62081
0.228244
0.0391833

0.738999
0.673707
0
0.876686
0.00351176

0.4593
-0.707365
0.537287
-2.42929
2.27639

-0.4593
0.707365
-0.537287
-0.270596
0.312643

0.998187
0.0601977
0
-1.65619
1.78404

-0.998187
-0.0601977
0
-2.08055
2.39956

-0.25101
0.19075
0.949004
-0.481341
0.26774

0.25101
-0.19075
-0.949004
-0.284058
0.201269

0.325364
-0.326268
0.887518
-2.12612
0.950091

-0.325364
0.326268
-0.887518
0.826927
0.00293187

-0.778438
-0.473816
-0.411744
0.141472
0.0400056

0.778438
0.473816
0.411744
0.582477
0.00946732

-0.616986
-0.208755
-0.758782
0.835333
0.00172394

0.616986
0.208755
0.758782
-0.796519
0.204806

-0.400858
0.813143
-0.422031
0.624776
0.0114112

-0.888761
-0.337157
0.310529
0.342013
0.0233056

0.888761
0.337157
-0.310529
0.437931
0.0170109

0.745395
0.0585187
0.664049
0.696039
0.0053688

-0.745395
-0.0585187
-0.664049
-0.161208
0.0774698

-0.522592
0.0427893
0.851508
0.733837
0.006693

0.522592
-0.0427893
-0.851508
-1.53636
0.598175

0.277363
-0.803142
-0.527288
-2.36684
1.92687

-0.277363
0.803142
0.527288
0.0567427
0.153116

0.650019
-0.187554
0.736409
0.234852
0.0289378

-0.650019
0.187554
-0.736409
0.613373
0.0074521

-0.912128
0.349577
0.214054
-0.0384766
0.0898832

0.912128
-0.349577
-0.214054
0.145741
0.0608267

-0.227531
0.85371
-0.468412
-0.2988
0.0937203

0.227531
-0.85371
0.468412
0.775405
0.00282748

-0.250143
0.913247
0.321573
0.414407
0.0122858

0.250143
-0.913247
-0.321573
0.737526
0.00247739

0.0745453
-0.908417
-0.411366
-1.80956
0.707381

-0.0745453
0.908417
0.411366
0.825065
0.00301813

0.346542
-0.924124
-0.160945
0.936974
0.000814436

-0.904402
-0.377732
0.198432
0.566799
0.0511406

0.904402
0.377732
-0.198432
-8.05305
22.3301

0.346125
-0.484465
-0.803424
-13.4305
64.513

-0.346125
0.484465
0.803424
0.928434
0.00161485

0.0530002
-0.224121
0.973119
0.531917
0.0304571

-0.0530002
0.224121
-0.973119
-2.5399
1.74163

0.326593
0.589727
-0.73862
-4.1271
4.35849

-0.326593
-0.589727
0.73862
0.665776
0.0185328

-0.666879
-0.579899
0.467964
0.809866
0.00262294

-0.823386
0.0332116
0.566509
-11.5408
37.619

0.823386
-0.0332116
-0.566509
0.991238
1.85531e-05

-0.290894
-0.956755
0
0.75088
0.00136297

0.290894
0.956755
0
0.757145
0.00129569

0.794342
0.0381647
0.606271
0.723986
0.00534695

-0.794342
-0.0381647
-0.606271
-0.662929
0.193967

-0.217346
-0.0992279
-0.971038
-1.8179
0.636927

0.217346
0.0992279
0.971038
0.896482
0.000860454

0.348408
-0.855677
-0.382661
-1.09874
0.470928

-0.348408
0.855677
0.382661
0.403022
0.0381411

-0.777849
0.398895
0.485628
0.859894
0.00785432

-0.778821
-0.263715
0.569116
0.7003
0.00756418

0.74253
-0.26147
-0.616671
-0.120722
0.123221

-0.74253
0.26147
0.616671
-0.0975835
0.118195

0.582695
-0.660861
-0.473
-0.721359
0.264957

-0.582695
0.660861
0.473
0.484635
0.0237994

-0.693895
0.0628078
0.717331
0.661256
0.0130534

-0.444047
-0.627096
-0.639979
-1.64749
1.06407

0.444047
0.627096
0.639979
-0.0199621
0.158088

0.201419
-0.243642
-0.94872
-2.17628
2.12403

-0.201419
0.243642
0.94872
-0.724524
0.626237

-0.574814
-0.198703
-0.793792
-2.47046
1.49326

0.574814
0.198703
0.793792
0.66844
0.0136329

0.533571
-0.536686
-0.653659
0.572544
0.0193604

-0.597857
0.594474
0.537742
0.789363
0.0126763

0.0105458
-0.85746
0.514443
-0.421573
0.0717593

-0.879628
-0.274696
-0.388326
0.945372
0.000128117

-0.373137
-0.657671
-0.654399
-2.78343
1.81998

0.373137
0.657671
0.654399
0.712084
0.0106095

-0.0902539
0.829782
0.550742
-2.76974
2.11063

0.0902539
-0.829782
-0.550742
0.495423
0.0378946

-0.527205
0.304034
0.793485
-12.5159
63.1564

0.527205
-0.304034
-0.793485
0.724166
0.0264083

-0.382958
-0.543498
-0.746962
-5.43615
7.71744

0.382958
0.543498
0.746962
0.742554
0.0124324

0.852424
0.0905664
0.514947
0.56163
0.0135314

-0.852424
-0.0905664
-0.514947
-0.282622
0.115439

-0.326729
-0.751356
0.573335
0.396923
0.0141209

-0.0535286
0.776655
-0.627648
0.576303
0.0272834

0.0535286
-0.776655
0.627648
-3.18508
2.66136

0.743879
-0.0943959
0.661615
0.61789
0.0113566

-0.743879
0.0943959
-0.661615
-0.625454
0.204087

-0.136471
-0.981695
0.132853
0.433585
0.0213547

0.136471
0.981695
-0.132853
0.0263247
0.0630959

0.667613
-0.369217
-0.646507
0.48193
0.0180155

-0.667613
0.369217
0.646507
-0.0563577
0.0748099

-0.511939
-0.367188
0.77659
0.57349
0.0314259

0.511939
0.367188
-0.77659
-3.97891
4.28032

0.586177
-0.305529
-0.750366
0.432968
0.0294817

-0.586177
0.305529
0.750366
-0.685592
0.260234

0.0615886
0.730993
-0.6796
0.71802
0.00360717

-0.274753
0.632218
0.724439
-1.2184
0.727028

0.274753
-0.632218
-0.724439
-0.217246
0.219067

0.743537
-0.14236
0.653365
0.724049
0.00920681

-0.743537
0.14236
-0.653365
-2.55298
1.51523

-0.346129
-0.564709
-0.749198
-2.63452
1.53588

0.346129
0.564709
0.749198
0.772842
0.0060728

-0.604022
0.796968
0
-0.544675
0.332853

0.604022
-0.796968
0
-0.544675
0.332853

0.165316
0.0330209
0.985688
0.988654
3.7773e-05

-0.708765
0.200092
0.676472
0.427898
0.0257445

0.708765
-0.200092
-0.676472
-0.287229
0.12988

-0.33302
-0.397444
-0.855065
-1.0619
0.389557

0.33302
0.397444
0.855065
0.599585
0.0147273

0.671903
0.657085
0.34174
0.873624
0.00378775

-0.671903
-0.657085
-0.34174
-8.91407
23.2559

0.666526
0.204161
0.71698
0.885994
0.00205718

0.625609
-0.691181
-0.361776
-0.315837
0.0510747

0.578302
0.0501241
-0.814281
-1.17437
0.484843

-0.578302
-0.0501241
0.814281
0.499024
0.0257393

-0.89977
-0.00359957
-0.43635
-0.528822
0.0925858

0.89977
0.00359957
0.43635
0.966446
4.84269e-05

0.617732
-0.40273
-0.675438
0.995203
9.67624e-07

0.210155
-0.863282
0.45889
0.259122
0.0311372

0.363589
-0.551045
0.751101
0.731318
0.0124742

-0.363589
0.551045
-0.751101
-4.77555
5.76236

0.264443
0.801656
0.536113
-0.0743229
0.0760134

-0.264443
-0.801656
-0.536113
0.515034
0.0155366

-0.792945
-0.592565
-0.141792
-0.0343812
0.132488

0.792945
0.592565
0.141792
-0.838894
0.418705

0.723412
0.596512
0.347632
0.487299
0.00755422

0.743467
0.131788
-0.655659
-0.4373
0.224885

-0.743467
-0.131788
0.655659
-0.0456517
0.1191

-0.743737
-0.521562
-0.418124
0.441199
0.0146388

0.743737
0.521562
0.418124
0.499215
0.0117625

-0.654355
-0.186242
0.732894
0.739597
0.00553509

0.654355
0.186242
-0.732894
-1.11788
0.364888

0.0159242
0.228278
0.973466
0.914089
0.0028542

-0.0159242
-0.228278
-0.973466
-17.0628
126.11

-0.592954
0.126541
-0.795231
-5.63558
7.83594

0.592954
-0.126541
0.795231
0.821672
0.00566689

-0.308772
-0.739028
0.598746
0.636547
0.010148

0.308772
0.739028
-0.598746
-0.641217
0.205659

-0.940906
0.0825253
-0.32846
-2.25093
1.63194

0.940906
-0.0825253
0.32846
0.235783
0.0902209

0.0151375
0.724383
0.689232
0.186561
0.0554125

-0.0151375
-0.724383
-0.689232
-0.0905888
0.0994965

-0.400854
0.0330683
0.915545
0.9259
0.000668364

0.400854
-0.0330683
-0.915545
-3.91331
2.89728

0.363188
0.884098
0.29405
0.211901
0.0432506

0.815941
0.549322
-0.180238
0.990868
2.39624e-06

-0.815941
-0.549322
0.180238
-0.18328
0.0372079

-0.37255
0.780945
-0.501329
0.579348
0.00720203

0.37255
-0.780945
0.501329
0.503501
0.0100196

-0.661092
-0.118756
0.740847
-0.0194371
0.0443782

0.661092
0.118756
-0.740847
0.834446
0.00117224

-0.31584
-0.792664
-0.521468
0.993266
2.24029e-05

-0.755767
0.159569
0.635102
0.716449
0.00470783

0.755767
-0.159569
-0.635102
-0.244791
0.0906141

0.356813
0.749138
0.558101
0.562454
0.00921629

-0.356813
-0.749138
-0.558101
0.333319
0.0213924

-0.879216
0.137527
-0.456143
-0.155132
0.0896275

0.879216
-0.137527
0.456143
0.540409
0.0142233

-0.509001
-0.0830285
0.856752
0.868028
0.00150173

-0.895804
0.221458
0.385346
0.500272
0.0221928

0.895804
-0.221458
-0.385346
-0.732707
0.266417

0.378082
0.397195
0.836235
0.717309
0.00461167

-0.378082
-0.397195
-0.836235
-0.21103
0.0842081

-0.664546
-0.558618
-0.496311
-0.314878
0.125878

0.664546
0.558618
0.496311
0.546124
0.0157258

0.832444
0.295894
-0.468491
-0.715869
0.159602

-0.832444
-0.295894
0.468491
0.898656
0.000579444

-0.841665
-0.269806
0.467766
0.462563
0.0125811

0.841665
0.269806
-0.467766
0.548962
0.00886183

0.332205
-0.467489
0.819203
0.900355
0.00152757

-0.332205
0.467489
-0.819203
-5.23315
5.96749

0.811366
-0.301846
0.500573
0.80012
0.00509935

-0.294655
-0.104578
-0.949864
-7.80551
15.657

0.294655
0.104578
0.949864
0.918195
0.00135186

-0.453359
-0.795166
-0.402712
-0.926832
0.368726

0.453359
0.795166
0.402712
0.434662
0.0317443

0.828492
-0.171448
0.53311
0.877623
0.0028329

-0.828492
0.171448
-0.53311
-6.61611
10.8911

-0.653962
-0.159779
0.739462
0.187585
0.108796

0.653962
0.159779
-0.739462
-2.46992
1.9809

-0.567856
0.785217
-0.246931
0.7498
0.00420945

-0.849467
0.288567
-0.441741
-6.00533
10.4754

0.849467
-0.288567
0.441741
0.645355
0.0268876

-0.619508
0.203206
0.758233
0.622856
0.0211794

0.27712
0.478829
0.833023
-0.159603
0.0404238

-0.370856
0.430137
-0.823072
0.346166
0.111333

0.370856
-0.430137
0.823072
-6.44754
14.4128

0.84161
0.160665
0.515634
0.850243
0.00173148

-0.84161
-0.160665
-0.515634
-0.758423
0.188838

-0.0174235
0.52384
0.851639
0.892731
0.00194519

-0.462708
-0.514121
0.722206
0.179159
0.0511186

0.462708
0.514121
-0.722206
0.102839
0.0610597

-0.475447
-0.734349
0.484439
-0.405445
0.110871

0.475447
0.734349
-0.484439
0.803589
0.00216562

0.978075
-0.208252
0
0.826636
0.00321399

0.738111
-0.42284
-0.525736
0.999457
1.40808e-07

-0.738111
0.42284
0.525736
-24.6266
301.339

0.046177
-0.517328
-0.85454
-0.884556
0.227118

-0.046177
0.517328
0.85454
0.851509
0.00147122

0.997021
0.0771301
0
0.405062
0.0299091

-0.997021
-0.0771301
0
-0.420969
0.170318

0.476018
-0.646374
-0.596328
-0.958073
0.215327

-0.476018
0.646374
0.596328
0.925341
0.000328686

0.757021
-0.451319
-0.472474
-0.329444
0.0660511

-0.757021
0.451319
0.472474
0.954201
7.98993e-05

-0.288903
0.730591
0.618686
-1.2184
0.727049

0.288903
-0.730591
-0.618686
-0.217246
0.219025

-0.348557
-0.169502
-0.921834
-3.41336
2.74899

0.348557
0.169502
0.921834
0.724166
0.0108728

0.546983
-0.703601
-0.453603
-1.14006
0.400675

-0.546983
0.703601
0.453603
0.677729
0.00912071

0.944347
-0.00873471
0.328836
0.598909
0.0152262

-0.448399
-0.487958
-0.74889
-0.355556
0.173948

0.448399
0.487958
0.74889
0.174244
0.0646597

0.229963
0.194755
-0.953513
0.980968
3.62641e-05

-0.229963
-0.194755
0.953513
-2.26149
0.755586

-0.965114
0.140633
-0.220856
0.604798
0.00990977

0.965114
-0.140633
0.220856
-0.161408
0.0855171

-0.430007
-0.0109231
0.902759
0.863337
0.00027746

0.654443
0.0541088
-0.754173
-0.674029
0.170342

-0.654443
-0.0541088
0.754173
0.830521
0.00175182

0.943787
-0.22853
-0.238829
-0.340606
0.146323

0.486915
0.510594
0.708666
0.0370846
0.0409163

-0.486915
-0.510594
-0.708666
0.797721
0.00185475

0.0610857
-0.162597
0.9848
0.98719
7.80912e-05

-0.0610857
0.162597
-0.9848
-24.1767
301.068

0.58817
-0.71935
-0.369584
-1.98823
1.51964

-0.58817
0.71935
0.369584
-0.131629
0.217991

-0.410866
-0.38663
-0.825655
0.948295
0.000142049

0.410866
0.38663
0.825655
-0.953751
0.199484

0.863408
0.0147818
0.50429
0.678192
0.0111938

-0.863408
-0.0147818
-0.50429
-1.89625
0.905783

-0.918473
0.203919
-0.338857
0.678192
0.0112022

0.918473
-0.203919
0.338857
-1.89625
0.905742

-0.384122
-0.704168
-0.597158
-0.540278
0.300052

0.384122
0.704168
0.597158
-0.32809
0.223117

-0.114868
0.437058
0.892068
0.424131
0.0459041

0.377768
0.480693
-0.791344
-4.74302
7.19981

-0.377768
-0.480693
0.791344
0.317119
0.102027

-0.219203
-0.361254
0.906336
0.876684
0.000813933

-0.808786
-0.252844
-0.530976
0.953777
0.000177081

0.444258
0.855495
-0.266013
-0.471117
0.246902

-0.444258
-0.855495
0.266013
-0.126326
0.144741

0.252092
-0.403971
0.87935
0.86526
0.000941737

0.322304
-0.821013
0.47123
-0.188214
0.290857

-0.322304
0.821013
-0.47123
-2.96222
3.23198

0.819501
0.573078
0
-0.650295
1.23538

-0.819501
-0.573078
0
-10.156
56.4026

-0.139895
-0.0248699
-0.989854
0.990997
2.00438e-05

-0.931798
-0.362977
0
0.931953
0.00066947

0.609766
-0.472622
-0.63625
-3.95088
4.26327

-0.609766
0.472622
0.63625
0.554421
0.034633

0.188356
-0.128894
0.973606
0.693518
0.0122262

-0.188356
0.128894
-0.973606
-2.75444
1.81021

0.378071
0.691947
0.615037
0.814447
0.00040791

-0.0542078
-0.848618
-0.526222
-0.0259104
0.0764673

-0.235994
0.268471
0.933933
0.610806
0.0329584

0.235994
-0.268471
-0.933933
-5.93826
10.4121

0.651087
-0.349965
-0.673505
-0.87034
0.33147

-0.651087
0.349965
0.673505
0.475789
0.0260406

-0.261685
-0.837395
0.479885
0.770865
0.0068032

0.261685
0.837395
-0.479885
-3.17127
2.25347

-0.517647
-0.483019
-0.706211
0.966599
0.000135743

-0.352369
0.935861
0
-2.57456
1.00554

0.352369
-0.935861
0
0.976938
4.76664e-05

-0.332359
0.717983
-0.611586
0.141472
0.040021

0.332359
-0.717983
0.611586
0.582477
0.00947767

-0.966039
-0.0899849
0.24222
0.83883
0.00106205

-0.759098
-0.501269
0.415331
0.0842335
0.135272

-0.345433
0.838612
-0.421196
-0.714647
0.284609

0.345433
-0.838612
0.421196
0.364705
0.0390815

0.0965142
-0.526879
-0.844442
0.70553
0.00634496

-0.0965142
0.526879
0.844442
-0.704987
0.211819

0.26292
-0.533707
0.80376
0.757957
0.0100583

-0.26292
0.533707
-0.80376
-4.83305
5.78828

-0.765683
0.25458
-0.590693
0.959616
0.000101219

0.514214
-0.711511
-0.47889
-0.348369
0.0665411

-0.514214
0.711511
0.47889
0.961505
5.94887e-05

-0.945158
-0.288597
0.152928
0.976297
0.000276405

-0.615861
0.613917
-0.493783
0.87804
0.000901624

0.615861
-0.613917
0.493783
-0.863667
0.209544

0.204315
0.483946
0.850912
0.399293
0.0587223

-0.204315
-0.483946
-0.850912
-2.97202
2.56497

0.749821
0.535199
0.389012
0.977949
2.53781e-05

-0.893427
-0.449209
0
-0.113022
0.11206

-0.0959076
-0.327288
-0.940045
-7.16896
15.1839

0.0959076
0.327288
0.940045
0.729952
0.0167347

-0.442096
0.0450156
0.895838
0.481922
0.0451654

0.442096
-0.0450156
-0.895838
-3.42667
3.28097

0.671062
-0.680636
-0.293956
0.914095
0.000243045

-0.671062
0.680636
0.293956
0.0750979
0.0280542

-0.359304
0.293449
-0.885883
-7.76648
15.6214

0.359304
-0.293449
0.885883
0.910102
0.00168551

-0.87974
-0.273029
0.389247
0.567712
0.00687625

0.87974
0.273029
-0.389247
0.598835
0.00592196

-0.109192
-0.533105
0.838973
0.934241
0.00115113

0.109192
0.533105
-0.838973
-10.9845
37.298

0.138024
0.630457
-0.763854
0.810899
0.00232958

-0.138024
-0.630457
0.763854
-0.76302
0.202258

-0.237651
0.266017
0.934215
0.907909
0.00230146

0.00514574
-0.781673
0.623667
0.383849
0.0268445

-0.00514574
0.781673
-0.623667
-0.00803375
0.0716979

0.758647
-0.203459
0.618918
0.783313
0.00708548

-0.758647
0.203459
-0.618918
-4.08256
3.85085

-0.664365
0.747408
0
0.810283
0.0110496

0.0328186
0.793663
0.607472
0.916278
0.00143612

0.103343
-0.197069
-0.974928
0.063347
0.0813385

-0.103343
0.197069
0.974928
-0.162978
0.125232

-0.752964
0.658062
0
0.847332
0.00418277

0.714494
0.633967
0.295947
0.448332
0.0398876

-0.714494
-0.633967
-0.295947
-2.00354
1.18164

-0.317262
-0.294443
0.90147
-6.00533
10.4688

0.317262
0.294443
-0.90147
0.645355
0.026998

-0.963623
0.236459
-0.124571
-12.6078
63.3574

0.963623
-0.236459
0.124571
0.751499
0.0211311

-0.712164
0.265511
0.649866
0.292663
0.0181519

0.0745507
-0.697298
0.712893
0.843993
0.00303143

-0.0745507
0.697298
-0.712893
-3.32728
2.29632

0.227733
-0.775045
-0.589444
0.18532
0.0352952

-0.227733
0.775045
0.589444
0.573337
0.0096856

-0.547687
0.469706
-0.692398
-0.494104
0.190078

0.547687
-0.469706
0.692398
0.434184
0.027363

0.822579
0.199083
-0.532662
-16.794
125.63

-0.822579
-0.199083
0.532662
0.871116
0.00659334

0.346134
0.809626
-0.474021
0.666016
0.00763024

-0.293344
0.898494
0.326584
0.132481
0.0678849

0.293344
-0.898494
-0.326584
-0.190442
0.127822

-0.260852
0.369844
0.891724
0.829771
0.00225941

0.260852
-0.369844
-0.891724
-1.24265
0.37885

0.181818
0.627633
0.75698
0.729981
0.00523638

-0.181818
-0.627633
-0.75698
-0.730069
0.214145

0.108831
0.390462
-0.914164
0.438901
0.0123085

-0.108831
-0.390462
0.914164
0.671882
0.00427881

0.690009
0.634542
0.348202
0.398225
0.0109653

0.347046
-0.491627
0.798663
0.893397
0.00306415

-0.347046
0.491627
-0.798663
-10.753
37.1193

0.529861
0.448092
-0.720043
0.361923
0.0172024

-0.529861
-0.448092
0.720043
0.660746
0.00491334

-0.783058
-0.369533
-0.500265
-1.86416
1.28734

0.783058
0.369533
0.500265
0.0157597
0.152024

-0.291638
0.0586554
0.954729
0.942834
0.000212913

-0.0882786
-0.148484
-0.984967
-1.13145
0.574529

0.0882786
0.148484
0.984967
0.107591
0.101022

-0.740395
-0.0960978
-0.665267
-1.14538
0.479588

0.740395
0.0960978
0.665267
0.463653
0.0299777

-0.904926
-0.42557
0
0.448146
0.0235831

0.904926
0.42557
0
-0.0389396
0.0771403

0.332033
-0.139874
0.93284
0.932396
0.00082447

-0.0590827
-0.913749
-0.40196
-0.115001
0.0720035

-0.416128
-0.248992
-0.874551
-11.3002
37.5239

0.416128
0.248992
0.874551
0.973391
0.000175766

0.223581
0.540178
0.811307
0.811197
0.0047809

-0.223581
-0.540178
-0.811307
-3.58617
2.81017

-0.100569
0.369667
0.923706
-2.35278
1.92528

0.100569
-0.369667
-0.923706
0.037787
0.15893

0.411967
-0.0482249
0.909922
0.912553
0.00244278

-0.411967
0.0482249
-0.909922
-13.3274
64.3898

0.398257
0.228903
-0.888254
0.988974
2.94813e-06

0.122724
0.0591599
-0.990676
-10.415
36.7553

-0.122724
-0.0591599
0.990676
0.813969
0.00977414

-0.712365
-0.2179
0.667125
0.68384
0.0261689

0.712365
0.2179
-0.667125
-8.3171
22.6542

0.749154
0.295556
-0.592802
-0.00739706
0.0623015

-0.512717
-0.723215
0.462689
0.420102
0.0199015

-0.290463
0.142126
0.946272
0.634064
0.0169052

0.290463
-0.142126
-0.946272
-2.42382
1.47984

-0.347709
-0.273654
-0.896779
0.933302
0.000303696

0.347709
0.273654
0.896779
-1.55752
0.446289

0.400562
0.158713
0.902419
0.869663
0.00409174

-0.833248
0.108954
-0.542058
-9.04323
23.3554

0.833248
-0.108954
0.542058
0.902377
0.00221105

0.304404
-0.234838
0.923141
0.842472
0.00179199

-0.304404
0.234838
-0.923141
-1.17324
0.340838

-0.554007
-0.141219
-0.820447
-1.22055
0.657276

0.554007
0.141219
0.820447
0.0436859
0.122131

0.0574311
0.956354
0.286511
0.911149
0.00306186

-0.0574311
-0.956354
-0.286511
-17.0423
126.071

0.187514
-0.0901092
0.97812
0.959805
0.00117556

-0.866984
0.498336
0
0.757176
0.00785831

0.541483
-0.652562
0.530055
-1.1275
0.241744

-0.541483
0.652562
-0.530055
0.961539
8.06292e-05

-0.326373
-0.734509
0.59496
-0.729593
0.133061

0.898363
-0.117012
0.423382
0.669508
0.0169347

-0.0433827
-0.414226
0.90914
0.909994
0.00039111

-0.989982
-0.141194
0
-1.6002
0.549297

0.989982
0.141194
0
0.853179
0.00176224

-0.118852
-0.29534
0.947971
-0.331617
0.208758

0.118852
0.29534
-0.947971
-0.331617
0.208758

0.562521
-0.480431
0.672872
0.408828
0.0309132

-0.562521
0.480431
-0.672872
-0.537905
0.208523

-0.372238
0.55798
-0.741686
0.344262
0.0160556

0.372238
-0.55798
0.741686
0.753236
0.00228665

0.38576
-0.322088
-0.864551
-0.584007
0.127376

-0.38576
0.322088
0.864551
0.900829
0.000526593

-0.125848
0.679341
0.722951
0.955796
0.00059069

0.38012
0.736827
-0.559102
-0.678999
0.418024

-0.38012
-0.736827
0.559102
-0.678999
0.418024

0.430625
-0.902531
0
0.448146
0.0233494

0.198681
-0.447033
0.872174
0.763667
0.019018

-0.198681
0.447033
-0.872174
-12.6506
63.4341

-0.060611
-0.57444
0.816299
0.959788
0.00010535

0.060611
0.57444
-0.816299
-1.19435
0.265735

-0.608544
-0.286158
-0.740127
0.944091
0.000119009

-0.256122
-0.281896
-0.924628
-8.48873
22.8388

0.256122
0.281896
0.924628
0.748541
0.0161676

0.48338
-0.629167
-0.608681
-5.66537
7.85133

-0.48338
0.629167
0.608681
0.832064
0.00499336

0.137195
-0.202791
0.969563
0.495877
0.0168382

-0.137195
0.202791
-0.969563
-0.0335027
0.0701446

0.136537
0.740881
-0.657611
-0.926829
0.368729

-0.326491
0.794307
-0.512328
-0.593387
0.128561

0.326491
-0.794307
0.512328
0.906023
0.000677765

-0.159418
-0.428507
0.889363
0.834145
0.000382925

0.159418
0.428507
-0.889363
0.850816
0.000309877

-0.793613
-0.309605
-0.523758
0.64536
0.00959507

0.793613
0.309605
0.523758
-0.648863
0.206405

-0.877828
-0.132664
0.460237
0.685892
0.00698703

0.877828
0.132664
-0.460237
-0.56946
0.173622

-0.118703
0.621054
0.774727
0.888595
0.00192995

0.833021
0.529196
-0.16133
0.332487
0.0448864

-0.833021
-0.529196
0.16133
-0.772716
0.316561

-0.622652
-0.782499
0
0.802495
0.000739412

0.622652
0.782499
0
0.796242
0.000785223

-0.391024
-0.437435
0.809784
0.793124
0.00212095

0.599167
-0.484382
-0.637474
0.294923
0.025898

-0.599167
0.484382
0.637474
0.51318
0.0123464

0.366135
-0.0273259
0.930161
0.875161
0.00430383

0.353918
0.935276
0
0.736159
0.00801799

0.100781
-0.829081
0.549971
0.0784837
0.0444508

0.252616
-0.569787
0.782003
0.684761
0.0082604

0.979311
0.0101559
-0.202106
0.448332
0.0860023

-0.979311
-0.0101559
0.202106
-7.82673
22.0134

0.414193
-0.0992299
-0.904764
0.980355
1.94505e-05

-0.414193
0.0992299
0.904764
-1.06993
0.203898

-0.00785595
0.264236
0.964426
0.751261
0.0139506

0.00785595
-0.264236
-0.964426
-7.22397
15.2457

0.753075
0.580189
0.310258
0.779001
0.00258348

-0.753075
-0.580189
-0.310258
-0.0862398
0.0583468

-0.731085
-0.00857062
0.682233
-0.245703
0.170736

0.731085
0.00857062
-0.682233
-0.245703
0.170736

-0.556507
0.59207
-0.582883
0.93886
0.000181694

0.129118
-0.926419
0.353662
0.153531
0.0254689

-0.129118
0.926419
-0.353662
0.862029
0.000685494

-0.0802567
0.842692
0.532381
-0.478156
0.400247

0.0802567
-0.842692
-0.532381
-1.79466
1.43026

0.517223
0.731406
-0.444438
-0.516465
0.220496

-0.517223
-0.731406
0.444438
0.261864
0.0522521

0.410879
-0.0620328
-0.909577
0.872235
0.00107875

0.0879565
-0.192772
0.977293
0.650752
0.0324282

-0.0879565
0.192772
-0.977293
-8.23727
22.5477

-0.872951
0.454537
0.177069
0.19404
0.0572908

0.302703
0.466897
0.83089
0.842714
0.00196962

-0.158667
-0.483632
0.86077
-0.632452
0.129454

0.158667
0.483632
-0.86077
0.925857
0.000269042

0.717044
0.186171
-0.671705
-7.66405
15.5668

-0.717044
-0.186171
0.671705
0.886837
0.0026865

-0.561869
-0.474711
-0.67746
-0.613114
0.10041

0.561869
0.474711
0.67746
0.979235
2.23997e-05

-0.0055043
-0.590348
0.80713
0.572732
0.0200598

-0.0198689
-0.35982
0.93281
0.645355
0.0270083

0.0198689
0.35982
-0.93281
-6.00533
10.4682

-0.0607529
0.439511
0.89618
0.798693
0.0023431

0.0607529
-0.439511
-0.89618
-0.399973
0.11069

0.201869
-0.0115379
0.979345
0.861161
0.00460149

-0.201869
0.0115379
-0.979345
-8.86319
23.2164

0.57378
0.752713
-0.322801
0.4343
0.00489379

0.234224
-0.271713
-0.933441
0.919319
0.000410733

-0.185378
0.602025
-0.77666
0.90465
0.000661283

-0.578122
0.786117
-0.218622
0.335482
0.0323592

0.578122
-0.786117
0.218622
-0.0168695
0.0757572

-0.641691
-0.534832
-0.549716
0.849487
0.00082199

-0.268018
0.432972
-0.86064
0.987593
4.01611e-06

0.268018
-0.432972
0.86064
-0.0904614
0.0304929

-0.500066
-0.404116
-0.765914
-1.11186
0.240995

0.500066
0.404116
0.765914
0.956901
0.000115541

-0.258369
-0.0619051
0.964061
0.583041
0.0281799

-0.977945
0.121593
0.169822
0.359298
0.0181946

0.977945
-0.121593
-0.169822
0.617431
0.0064898

0.352229
0.480327
-0.803256
-0.838897
0.54918

-0.352229
-0.480327
0.803256
-0.838897
0.54918

-0.640412
0.388483
-0.662536
-0.368842
0.321705

0.640412
-0.388483
0.662536
-1.64159
1.19691

0.638625
0.204992
-0.741712
-2.76913
1.81545

-0.638625
-0.204992
0.741712
0.70302
0.0113631

-0.162731
0.930604
0.327864
0.948052
9.33232e-05

0.162731
-0.930604
-0.327864
-0.114375
0.041444

-0.100228
-0.74528
0.659175
0.526276
0.0202827

0.100228
0.74528
-0.659175
-0.827818
0.300564

-0.729043
0.537255
-0.424092
0.0741265
0.0311058

0.413345
-0.658185
0.629237
-0.132295
0.152146

-0.413345
0.658185
-0.629237
-0.540008
0.27926

0.527842
0.562952
-0.635978
-1.07247
0.391092

-0.527842
-0.562952
0.635978
0.610839
0.0138683

-0.851713
0.215927
0.477451
0.543609
0.0224271

-0.141991
0.347078
0.927025
0.896176
0.000742807

0.141991
-0.347078
-0.927025
-1.2726
0.349652

0.104124
-0.172274
-0.979531
0.922416
0.000448429

0.32363
0.531178
0.783016
0.58304
0.0280232

-0.931947
0.154721
0.327928
0.476707
0.0167904

0.931947
-0.154721
-0.327928
0.107287
0.0488231

0.327473
-0.371137
0.868918
0.976814
8.49257e-05

0.731085
-0.682286
0
-0.813319
0.458385

-0.731085
0.682286
0
-0.315838
0.257481

-0.452626
0.399974
0.796963
0.509628
0.0307542

0.378136
0.760648
0.527662
-1.37641
0.774014

-0.378136
-0.760648
-0.527662
0.0717084
0.118131

0.333853
0.340819
0.878854
0.880399
0.0010227

0.643328
0.752389
0.141562
0.267095
0.0286382

-0.867655
-0.241407
-0.434623
0.26985
0.0306934

0.867655
0.241407
0.434623
0.423089
0.0191759

-0.5672
0.731666
-0.378087
0.632615
0.0163244

0.182679
0.0587135
-0.981418
-0.962449
0.344711

-0.182679
-0.0587135
0.981418
0.58902
0.0153099

-0.0349343
-0.802889
0.595105
-0.262566
0.102127

0.0349343
0.802889
-0.595105
0.646279
0.00811366

-0.707633
-0.298189
-0.640577
-0.490862
0.0969531

0.707633
0.298189
0.640577
0.937492
0.000174197

0.239561
0.467671
0.85082
0.833626
0.000927596

-0.120565
0.80663
0.578629
-4.53599
5.62198

0.120565
-0.80663
-0.578629
0.601514
0.0292048

0.859425
0.0569137
0.508084
0.533839
0.00988861

-0.672997
0.533682
0.512113
0.930581
0.0005858

0.672997
-0.533682
-0.512113
-3.93159
2.90093

0.00772859
-0.788322
-0.615215
0.0532677
0.128355

-0.00772859
0.788322
0.615215
-1.52027
0.908631

0.486736
0.503221
-0.714042
-16.8232
125.645

-0.486736
-0.503221
0.714042
0.876228
0.00609768

-0.590873
0.0584075
0.804647
0.159948
0.0658492

0.590873
-0.0584075
-0.804647
-0.296718
0.156623

-0.392467
0.330661
-0.858273
-0.0726919
0.414419

0.392467
-0.330661
0.858273
-8.65421
33.533

-0.329595
0.768267
0.548755
0.690414
0.0107201

-0.0941013
-0.870409
0.483252
0.529398
0.0294073

-0.838962
0.470793
-0.272942
-0.372271
0.103034

0.838962
-0.470793
0.272942
0.809357
0.00199607

-0.483938
0.458607
-0.745308
-4.18236
5.3837

0.483938
-0.458607
0.745308
0.34749
0.0853978

0.956934
-0.00798086
0.290196
0.94512
0.000190974

-0.956934
0.00798086
-0.290196
-1.39575
0.358664

0.793457
-0.544576
-0.271778
-0.264801
0.135406

-0.793457
0.544576
0.271778
0.298603
0.0416552

-0.620831
0.381376
0.684924
0.7846
0.00388051

0.620831
-0.381376
-0.684924
-1.37422
0.471398

-0.528352
-0.157221
0.834341
0.712849
0.00648579

0.528352
0.157221
-0.834341
-0.920602
0.288982

-0.258758
0.209287
-0.942997
-13.7446
64.7796

0.258758
-0.209287
0.942997
0.966565
0.000351259

-0.260433
-0.14302
-0.95484
-23.5379
299.913

0.260433
0.14302
0.95484
0.94065
0.00178758

-0.099163
0.598948
-0.794624
-1.4062
0.39417

0.099163
-0.598948
0.794624
0.91422
0.000504499

0.0302735
-0.493635
-0.869142
-1.25887
0.319374

-0.0302735
0.493635
0.869142
0.927614
0.000336068

-0.0714633
0.834533
0.546303
0.242802
0.0843635

0.0714633
-0.834533
-0.546303
-2.02876
1.34938

-0.198018
-0.387206
0.900478
0.698837
0.00681029

0.851757
-0.403501
-0.334211
-0.225342
0.157607

-0.851757
0.403501
0.334211
-0.152207
0.13936

-0.375403
0.115529
-0.919634
-16.3281
124.591

0.375403
-0.115529
0.919634
0.773674
0.0212673

0.893465
-0.0911588
-0.439783
0.771621
0.00205484

-0.893465
0.0911588
0.439783
0.245026
0.0224429

-0.470686
-0.882301
0
0.627714
0.00683925

0.992516
-0.122116
0
0.122394
0.0191539

0.403064
0.700709
-0.588683
-12.563
63.2711

-0.403064
-0.700709
0.588683
0.738368
0.0235574

0.99934
0.0363189
0
0.680345
0.0184826

-0.99934
-0.0363189
0
-0.744628
0.240289

-0.164373
-0.116891
0.979448
0.945039
0.00114028

-0.90172
0.43232
0
0.92147
7.64563e-05

0.285842
-0.896774
-0.337774
0.555004
0.0093988

-0.285842
0.896774
0.337774
0.362437
0.019274

0.386595
0.53589
0.750578
0.596745
0.0209154

0.0300458
-0.112296
-0.99322
-2.25592
1.42667

-0.0300458
0.112296
0.99322
0.491095
0.0351132

0.271575
-0.769609
-0.577883
-0.758415
0.18898

0.267742
0.345714
0.899331
0.21324
0.0712551

-0.267742
-0.345714
-0.899331
-0.972363
0.446349

-0.370693
-0.105436
0.922751
0.890152
0.00209336

0.370693
0.105436
-0.922751
-5.85558
7.93409

0.413851
0.83994
-0.351037
-0.794323
0.254414

0.418615
0.30969
-0.853729
-1.37182
0.429111

-0.418615
-0.30969
0.853729
0.848869
0.0017462

-0.417508
-0.282127
0.863766
0.899575
0.00125322

-0.91857
0.207076
0.336674
0.194042
0.0573145

0.91857
-0.207076
-0.336674
-0.2165
0.130533

-0.757723
-0.497742
-0.42203
0.949156
0.000156065

0.757723
0.497742
0.42203
-1.2372
0.291665

-0.0640753
0.96321
-0.260999
-0.426538
0.150727

0.0640753
-0.96321
0.260999
0.573362
0.0134848

-0.364506
0.503208
0.783529
-1.52512
0.815131

0.364506
-0.503208
-0.783529
0.292556
0.0643195

-0.551839
-0.564015
-0.614297
-0.968241
0.17212

0.551839
0.564015
0.614297
0.984057
1.22066e-05

-0.9193
0.303384
-0.250692
-0.494104
0.189982

0.9193
-0.303384
0.250692
0.434184
0.0272595

0.905983
-0.240833
0.348131
0.219073
0.0485576

0.192084
-0.382279
-0.903862
-7.29925
15.3095

-0.192084
0.382279
0.903862
0.77878
0.0108806

-0.153124
-0.0248207
0.987895
0.735281
0.0050096

0.153124
0.0248207
-0.987895
-0.67461
0.195144

0.079137
0.459384
0.884705
-0.47518
0.200964

0.657294
-0.515588
0.549667
-0.641869
0.375349

-0.657294
0.515588
-0.549667
-0.513152
0.318806

0.293155
0.0384023
0.955293
0.948708
0.000467418

-0.827375
0.439975
-0.349103
0.763906
0.00508981

0.827375
-0.439975
0.349103
-1.57786
0.604895

-0.0427655
0.680242
0.731739
0.818553
0.00260108

-0.0638037
-0.702759
0.708561
0.796711
0.00138505

-0.0306216
0.908238
0.417331
0.676696
0.00426391

0.0306216
-0.908238
-0.417331
0.376342
0.0158046

0.138475
-0.829427
-0.54118
-0.762787
0.233274

-0.138475
0.829427
0.54118
0.698837
0.00685358

0.340323
0.39781
0.852013
0.711515
0.00960551

-0.295492
0.0433878
-0.954359
-36.1024
1013.65

0.295492
-0.0433878
0.954359
0.938188
0.00284779

0.690953
0.242098
0.681155
0.813378
0.00112071

0.881895
-0.127852
-0.453779
-1.5628
1.16393

-0.881895
0.127852
0.453779
-0.530276
0.415009

-0.709355
0.541233
0.451533
0.706196
0.00712184

-0.00780073
0.236006
-0.97172
-1.14538
0.871987

0.00780073
-0.236006
0.97172
-1.14538
0.871987

-0.670124
0.0383646
0.741257
0.686222
0.00302267

0.670124
-0.0383646
-0.741257
0.617719
0.00448478

-0.378883
0.719949
-0.581481
0.613773
0.00669968

0.378883
-0.719949
0.581481
0.348776
0.0190435

0.0227926
0.628378
-0.777574
-5.86522
10.3516

-0.0227926
-0.628378
0.777574
0.570924
0.040585

0.645634
0.583194
-0.492992
0.874065
0.00100448

-0.645634
-0.583194
0.492992
-0.921619
0.229794

0.715867
0.640838
0.277239
0.286154
0.0140365

-0.715867
-0.640838
-0.277239
0.911338
0.000220187

-0.38463
0.150371
0.910741
0.9435
0.00101474

0.222633
0.270553
0.936609
0.930812
0.000174591

-0.520444
-0.335406
0.785265
0.906106
0.000995563

0.683143
-0.447541
0.577081
0.674941
0.020364

-0.683143
0.447541
-0.577081
-5.29312
7.62998

0.0823298
-0.788359
-0.609682
0.50621
0.0173911

-0.0823298
0.788359
0.609682
-0.208014
0.103687

-0.897713
0.248458
-0.363841
-0.754602
0.26922

0.897713
-0.248458
0.363841
0.529459
0.0193897

-0.83114
-0.348425
-0.433365
0.981212
4.05496e-05

0.33534
-0.934909
-0.11616
-5.7914
6.10022

-0.33534
0.934909
0.11616
0.99222
8.06959e-06

0.703356
0.00976119
-0.71077
-12.8705
63.8042

-0.703356
-0.00976119
0.71077
0.820886
0.0106456

0.200561
0.0164077
0.979544
0.958796
0.000289162

-0.200561
-0.0164077
-0.979544
-6.17947
8.04788

0.31844
0.273638
0.907589
0.899575
0.0012965

0.0279355
0.899276
-0.436489
-0.399646
0.11705

-0.0279355
-0.899276
0.436489
0.759069
0.00347414

0.100628
0.94927
-0.297927
-1.46168
0.717731

-0.100628
-0.94927
0.297927
0.399222
0.0431494

-0.995997
-0.0893865
0
-0.724524
0.626209

0.995997
0.0893865
0
-2.17628
2.12425

-0.321703
0.209935
0.923274
0.730103
0.00638012

0.675346
-0.143593
-0.723387
-1.78882
0.7061

-0.675346
0.143593
0.723387
0.813179
0.00318265

-0.0621871
-0.374482
0.925147
0.941984
0.00127554

0.468853
-0.551436
0.689996
0.371492
0.0404134

-0.468853
0.551436
-0.689996
-0.882732
0.361549

-0.635225
-0.64839
-0.419619
0.997215
1.44281e-06

0.352062
-0.879466
-0.3203
0.915198
0.000490553

0.00539813
-0.636494
-0.771263
-3.32848
2.71794

-0.00539813
0.636494
0.771263
0.673824
0.0155437

0.612554
0.00768754
-0.790392
-8.96071
23.2917

-0.612554
-0.00768754
0.790392
0.884479
0.00314377

0.601863
-0.422515
0.677674
0.225568
0.0504005

-0.601863
0.422515
-0.677674
-0.145525
0.110121

-0.218411
-0.352143
-0.910106
-3.6772
2.83759

0.218411
0.352143
0.910106
0.849321
0.00296347

-0.161376
-0.268406
0.949693
0.934988
0.000786944

-0.27983
0.300596
-0.911777
0.141123
0.0266303

0.27983
-0.300596
0.911777
0.859078
0.000718587

-0.348147
-0.0592564
-0.935565
-3.79489
2.86948

0.348147
0.0592564
0.935565
0.89134
0.00148785

0.17528
0.166612
-0.970318
0.210217
0.0191976

-0.516211
0.35292
0.780368
0.380476
0.0415713

0.516211
-0.35292
-0.780368
-1.08228
0.467795

0.794034
-0.127935
0.594257
0.793642
0.00178316

-0.3226
0.850625
0.41517
0.805032
0.00348005

0.3226
-0.850625
-0.41517
-1.77507
0.704062

0.965246
0.111271
-0.236471
-2.06152
1.77898

-0.965246
-0.111271
0.236471
-0.423229
0.384482

0.0437957
-0.298575
-0.953381
0.221394
0.0314842

0.805284
0.503591
0.312912
0.0620193
0.0668083

-0.805284
-0.503591
-0.312912
0.214881
0.0468149

0.24877
-0.625968
-0.739106
0.449063
0.0115903

-0.24877
0.625968
0.739106
0.669512
0.00417156

-0.604766
0.183844
-0.774893
0.0781994
0.0574407

0.604766
-0.183844
0.774893
0.37802
0.026226

0.130691
-0.466086
0.875033
0.835393
0.00892299

-0.130691
0.466086
-0.875033
-12.9324
63.9018
