
-0.153721
-0.387598
0.908921
0.912379
0.000433044

0.153721
0.387598
-0.908921
-0.652003
0.13901

-0.268992
-0.429205
0.862222
-0.0343812
0.132709

0.268992
0.429205
-0.862222
-0.838894
0.418771

-0.909482
-0.22737
-0.34806
-0.130326
0.0794636

-0.195834
-0.602078
-0.774048
-1.36239
0.428105

0.195834
0.602078
0.774048
0.843449
0.00188214

-0.0171979
0.771839
0.635585
0.402061
0.116533

0.0171979
-0.771839
-0.635585
-9.38087
35.1194

0.904365
0
0.42676
0.272939
0.0294436

-0.493415
0.0113245
0.869721
0.886931
0.00150949

0.493415
-0.0113245
-0.869721
-3.44035
2.32577

-0.627687
-0.274144
0.728597
0.731635
0.00564072

0.627687
0.274144
-0.728597
-0.941423
0.291269

0.764075
-0.186227
-0.617665
-5.78539
10.2821

-0.764075
0.186227
0.617665
0.524551
0.0505856

-0.333202
0.648178
-0.684721
0.570925
0.0153711

0.333202
-0.648178
0.684721
-0.71631
0.24557

0.0691355
-0.582633
-0.809789
0.843449
0.00193798

0.859434
-0.0924743
0.502813
0.936378
3.61296e-05

-0.842267
-0.425878
0.330475
0.135845
0.037252

0.842267
0.425878
-0.330475
0.66244
0.00569797

0.627664
0.363282
-0.688523
-2.42288
1.69849

-0.627664
-0.363282
0.688523
0.4239
0.0482537

-0.261163
0.519683
0.813464
-0.194407
0.0449758

0.444616
-0.19633
-0.87394
-12.9324
63.8645

-0.444616
0.19633
0.87394
0.835393
0.00899083

-0.0728579
-0.407807
0.910157
0.870722
0.000848646

0.0728579
0.407807
-0.910157
-0.305491
0.0805148

-0.698549
-0.593205
0.400172
0.343765
0.0331505

0.698549
0.593205
-0.400172
-0.122198
0.0968635

0.425486
0.0103949
0.904905
0.92681
0.00208716

-0.425486
-0.0103949
-0.904905
-17.1557
126.183

-0.50942
0.361314
0.780989
-7.34166
11.1343

0.50942
-0.361314
-0.780989
0.993103
1.01858e-05

0.0932959
0.820906
0.563391
0.572421
0.0276705

-0.0932959
-0.820906
-0.563391
-3.12293
2.56048

-0.847836
0.38372
-0.36597
0.171101
0.0473786

0.847836
-0.38372
0.36597
0.265751
0.0371779

-0.775737
-0.182164
0.604192
0.602434
0.0225094

0.775737
0.182164
-0.604192
-2.90321
2.16195

-0.290879
0.627824
0.72196
0.72115
0.00129082

-0.0327047
-0.341135
0.939445
0.905813
0.000440089

0.0327047
0.341135
-0.939445
-0.507003
0.109609

0.901376
0.0511386
0.430008
-1.24063
0.452937

-0.901376
-0.0511386
-0.430008
0.678514
0.00932642

-0.443609
0.896221
0
0.814797
0.00184896

-0.0100403
0.516357
0.856314
-4.0319
4.30592

0.0832116
-0.836616
-0.541433
-8.10256
22.3949

-0.0832116
0.836616
0.541433
0.590427
0.0453579

-0.00923593
-0.20545
0.978624
0.936306
0.000244824

0.00923593
0.20545
-0.978624
-1.12363
0.26208

0.164294
0.742919
0.648905
0.628712
0.00398431

-0.164294
-0.742919
-0.648905
0.716372
0.00232936

0.420434
0.286488
-0.860906
-17.3998
126.517

-0.420434
-0.286488
0.860906
0.955129
0.000772725

0.29639
-0.713854
0.634481
-0.16056
0.0669523

-0.29639
0.713854
-0.634481
0.799226
0.00204469

0.855467
0.499654
0.136097
0.807656
0.00293872

-0.88598
-0.0509371
0.460917
-1.66156
0.762852

0.88598
0.0509371
-0.460917
0.611983
0.0162564

0.0482757
-0.119132
0.991704
0.51729
0.0576117

-0.0482757
0.119132
-0.991704
-6.72338
14.7476

-0.166759
-0.920866
0.352417
0.172495
0.0678676

0.849558
-0.336684
-0.406072
-1.85816
1.00819

-0.849558
0.336684
0.406072
0.490471
0.0320515

-0.615652
-0.373686
-0.69378
0.386512
0.036229

0.615652
0.373686
0.69378
-0.728562
0.28669

0.449037
-0.368189
-0.814127
-6.71373
10.9425

-0.449037
0.368189
0.814127
0.902373
0.00176256

0.120901
-0.968544
-0.217498
-0.169445
0.0672319

-0.120901
0.968544
0.217498
0.808018
0.00181655

-0.53011
-0.83632
-0.139832
0.949631
0.000148296

0.53011
0.83632
0.139832
-1.23866
0.291772

0.461084
0.226351
-0.858001
-10.2961
36.6034

-0.461084
-0.226351
0.858001
0.780065
0.0139

-0.60984
-0.792525
0
-12.8377
62.3678

0.60984
0.792525
0
0.812903
0.0145261

-0.382518
-0.458028
-0.802428
-2.16588
0.956958

0.382518
0.458028
0.802428
0.847076
0.00223512

0.310108
0.41828
0.853742
0.601514
0.0291482

0.211862
-0.821457
-0.529455
-0.544677
0.224272

-0.211862
0.821457
0.529455
0.313476
0.0443662

0.337279
0.551243
0.763134
0.890266
0.00139745

-0.337279
-0.551243
-0.763134
-1.17472
0.312132

-0.542782
-0.281011
-0.791468
-0.823735
0.277779

0.542782
0.281011
0.791468
0.613564
0.0124848

-0.136648
0.548706
-0.824772
0.949618
0.000193377

0.136648
-0.548706
0.824772
-1.4099
0.35921

0.892617
0.13997
0.428535
0.436309
0.0156371

-0.892617
-0.13997
-0.428535
0.452299
0.0147643

-0.342939
-0.063775
-0.93719
-13.6073
64.67

0.342939
0.063775
0.93719
0.951753
0.000731385

-0.0734971
-0.42082
-0.904162
-3.48691
2.77773

0.0734971
0.42082
0.904162
0.763656
0.00771397

-0.768478
-0.326653
-0.550217
-0.0962647
0.0812578

0.768478
0.326653
0.550217
0.496926
0.0171245

0.24634
0.426321
0.870383
0.846978
0.000786468

-0.131102
0.563982
0.815313
0.760979
0.012902

0.131102
-0.563982
-0.815313
-7.24997
15.2579

-0.574013
0.487145
0.658178
0.606209
0.0123644

0.574013
-0.487145
-0.658178
-0.678421
0.224457

0.449577
-0.257848
0.855217
0.832101
0.00553963

-0.449577
0.257848
-0.855217
-6.4622
10.7973

0.0921924
-0.673005
0.73387
0.858547
0.0104909

-0.752512
-0.204478
0.626031
0.923261
0.000333189

0.752512
0.204478
-0.626031
-0.831754
0.179787

0.324388
-0.624967
-0.710063
0.854794
0.0011935

-0.540514
0.419098
-0.729521
-1.50927
0.594088

0.540514
-0.419098
0.729521
0.712933
0.0077846

-0.818494
0.118308
-0.562201
-0.00832903
0.0521468

0.818494
-0.118308
0.562201
0.71471
0.00418433

0.0529255
0.00326536
-0.998593
-6.71373
10.9447

-0.0529255
-0.00326536
0.998593
0.902373
0.00175339

0.978962
0.204044
0
-3.26117
2.23124

-0.978962
-0.204044
0
0.815053
0.00598997

-0.0158101
-0.72302
0.690646
0.841456
0.00607939

0.0158101
0.72302
-0.690646
-8.7877
23.1503

0.347041
-0.578267
-0.738356
-2.26043
1.10238

-0.347041
0.578267
0.738356
0.801483
0.00410232

0.0587151
-0.84892
-0.52525
0.551789
0.0140025

0.18732
-0.0966054
-0.977537
0.0374625
0.109433

-0.18732
0.0966054
0.977537
-0.780301
0.373483

-0.617985
0.00564067
-0.78617
-3.0055
1.87969

0.617985
-0.00564067
0.78617
0.83146
0.00338909

-0.219174
0.281647
0.934151
0.945737
0.000218043

0.209776
-0.0734893
-0.974984
-0.0708892
0.115135

-0.960704
-0.277575
0
-3.79288
4.04811

0.960704
0.277575
0
0.436594
0.06523

0.755205
0.655489
0
0.307451
0.0334382

-0.755205
-0.655489
0
0.155652
0.0493

0.414408
0.903123
0.112408
-0.204628
0.145651

-0.414408
-0.903123
-0.112408
-0.0708857
0.115105

0.944792
0.327671
0
0.928994
0.00220237

0.941816
0.0926104
0.323121
0.400913
0.0279352

-0.941816
-0.0926104
-0.323121
-0.229248
0.117529

-0.297397
-0.780352
0.550096
0.560516
0.00642503

0.286226
0.387494
0.876312
0.916414
0.0016081

0.0532253
-0.612135
-0.78896
-1.00511
0.381038

-0.0532253
0.612135
0.78896
0.535168
0.020614

0.385257
0.852554
0.35317
0.894349
0.000599745

-0.385257
-0.852554
-0.35317
-0.667653
0.148957

-0.0374818
-0.638334
-0.768846
-1.3913
0.633387

0.0374818
0.638334
0.768846
0.476059
0.0305547

-0.365056
0.796968
-0.481224
0.871809
0.000838637

0.365056
-0.796968
0.481224
-0.45228
0.107104

0.743707
0.415875
0.523401
0.433122
0.0229225

-0.743707
-0.415875
-0.523401
-0.0956532
0.0854591

-0.675153
-0.481502
-0.558859
-34.1061
1001.02

0.675153
0.481502
0.558859
0.648939
0.100109

-0.44206
-0.612932
0.654903
0.273869
0.0471197

0.44206
0.612932
-0.654903
-0.350241
0.162623

0.283731
-0.150921
-0.946953
-17.3998
126.503

-0.283731
0.150921
0.946953
0.955129
0.000776904

-0.251438
-0.414471
-0.874638
-0.769597
0.234011

0.251438
0.414471
0.874638
0.705577
0.00659287

0.997066
0.029744
0.070535
-0.354605
0.173685

-0.997066
-0.029744
-0.070535
0.172177
0.0648671

0.178016
0.66999
-0.72071
0.458362
0.0281477

0.75455
0.300044
-0.583633
0.363957
0.0333858

-0.75455
-0.300044
0.583633
-0.298044
0.138767

-0.847065
0.511846
-0.143162
-1.00511
0.38104

0.847065
-0.511846
0.143162
0.535168
0.0204824

0.406901
-0.516754
-0.753258
-7.34518
15.338

-0.406901
0.516754
0.753258
0.794659
0.00935606

-0.347835
0.526812
-0.775551
-0.780703
0.294107

0.347835
-0.526812
0.775551
0.463254
0.0268596

-0.266235
0.963908
0
0.811566
0.00237294

-0.704812
-0.278647
0.652377
0.885539
0.00115945

0.365943
-0.508349
0.77953
0.897205
0.00541358

-0.365943
0.508349
-0.77953
-23.1684
299.167

0.362245
0.412916
0.835631
0.910102
0.00168096

-0.707121
-0.707093
0
0.679479
0.238604

0.184109
-0.551794
0.813405
0.680448
0.00693792

-0.184109
0.551794
-0.813405
-0.461897
0.144675

-0.220245
-0.803595
-0.552927
-2.83458
1.58181

0.220245
0.803595
0.552927
0.869069
0.00184567

-0.0707465
-0.0458983
-0.996438
-24.452
301.234

0.0707465
0.0458983
0.996438
0.996637
5.76927e-06

0.313516
0.354014
0.881125
0.843696
0.00523553

-0.313516
-0.354014
-0.881125
-7.50148
15.4644

0.889977
-0.179117
0.419355
0.977156
3.24858e-05

-0.417798
-0.744914
0.520142
0.540275
0.0123453

-0.10087
-0.962451
0.252017
0.787757
0.00274061

0.0169753
0.554968
0.831698
0.89926
0.00118281

-0.0169753
-0.554968
-0.831698
-3.47732
2.33412

-0.0160476
0.0316935
0.999369
0.778158
0.00638804

0.0160476
-0.0316935
-0.999369
-1.59872
0.600388

-0.847957
-0.466826
-0.251083
-0.493024
0.233115

0.847957
0.466826
0.251083
0.0828083
0.0879883

-0.855578
-0.0639013
0.513714
0.627663
0.00428261

0.855578
0.0639013
-0.513714
0.671985
0.00332382

0.103611
0.275097
0.955817
0.727857
0.00788814

-0.103611
-0.275097
-0.955817
-1.96361
0.919055

0.612201
-0.721539
0.323407
-6.97523
15.0127

-0.612201
0.721539
-0.323407
0.646529
0.0295121

-0.742692
-0.445974
-0.499516
-0.882732
0.361534

0.742692
0.445974
0.499516
0.371492
0.0403536

-0.631993
-0.4864
0.603324
0.354266
0.109802

0.631993
0.4864
-0.603324
-6.59642
15.1634

-0.294884
-0.384513
0.874753
0.854683
0.000283437

-0.0551674
-0.250908
-0.966438
0.722632
0.00334902

0.0551674
0.250908
0.966438
0.219557
0.0264247

-0.232138
-0.440624
-0.867157
0.990957
3.49331e-06

0.306694
0.039219
0.951
0.259121
0.0553494

-0.306694
-0.039219
-0.951
-0.627316
0.265122

0.38361
0.377023
0.843029
0.853203
0.00464145

-0.38361
-0.377023
-0.843029
-7.53489
15.4774

0.081434
0.906225
-0.41488
-0.0962647
0.0812407

-0.081434
-0.906225
0.41488
0.496926
0.0171115

0.893194
-0.200401
0.402547
0.617557
0.00718737

-0.893194
0.200401
-0.402547
0.321272
0.0217912

-0.642204
0.766534
0
0.339724
0.015101

-0.354638
0.0586144
-0.933165
0.286456
0.0553033

0.354638
-0.0586144
0.933165
-0.91914
0.399626

0.103665
-0.331576
0.937716
0.924724
0.00286501

-0.103665
0.331576
-0.937716
-23.3897
299.698

-0.299287
-0.248028
0.921363
-15.734
122.916

0.299287
0.248028
-0.921363
0.603929
0.0688622

-0.0536939
-0.993023
0.104989
0.97285
0.000115407

0.0536939
0.993023
-0.104989
-6.27883
8.08224

-0.19046
0.0866765
0.977861
0.988903
2.24997e-05

-0.276845
-0.54623
0.790563
0.881833
0.00238742

0.276845
0.54623
-0.790563
-5.8253
7.92786

0.564466
0.502375
0.654979
0.56163
0.0134783

-0.564466
-0.502375
-0.654979
-0.282622
0.115367

-0.286065
0.297507
0.910855
-22.473
296.747

0.286065
-0.297507
-0.910855
0.780171
0.0261373

-0.452544
-0.617905
0.64296
0.649119
0.00870485

0.452544
0.617905
-0.64296
-0.484865
0.155814

0.044857
-0.501149
-0.864198
-1.43794
0.643203

-0.044857
0.501149
0.864198
0.528016
0.0241513

-0.299778
-0.0478785
0.952807
0.987303
6.48086e-05

-0.956288
-0.028698
0.291016
0.8249
0.00464706

0.956288
0.028698
-0.291016
-4.45851
4.50746

0.751405
0.186304
-0.632995
-5.41433
7.70533

-0.751405
-0.186304
0.632995
0.732848
0.013429

-0.742485
-0.656386
-0.13369
-23.2874
299.481

0.742485
0.656386
0.13369
0.912566
0.0038822

-0.327255
0.705677
-0.62843
-0.754602
0.269209

0.327255
-0.705677
0.62843
0.529459
0.0193702

0.529528
-0.809472
0.253684
0.445396
0.011377

-0.529528
0.809472
-0.253684
0.69569
0.00343065

0.321023
-0.278799
0.905105
0.973238
0.000136449

-0.236698
-0.354075
-0.904768
0.787326
0.0019546

0.236698
0.354075
0.904768
0.104732
0.0342762

0.276756
0.439939
-0.854318
0.734933
0.00219193

-0.276756
-0.439939
0.854318
0.543382
0.00650282

0.283608
-0.885145
0.368897
0.309746
0.018894

-0.283608
0.885145
-0.368897
0.733277
0.00282456

0.241217
-0.834553
0.495313
0.557914
0.014062

-0.241217
0.834553
-0.495313
-0.32271
0.125486

-0.470462
-0.0217615
-0.882152
0.991008
4.05987e-06

-0.693301
0.00519479
-0.720629
0.298649
0.0434283

-0.709355
0.541233
0.451533
0.706196
0.00712184

-0.00400132
-0.372986
0.927828
0.96128
0.000128058

0.00400132
0.372986
-0.927828
-2.01625
0.6548

0.344545
-0.801241
0.489184
0.595847
0.0325878

-0.344545
0.801241
-0.489184
-5.14717
7.52619

-0.716489
-0.412504
-0.562569
-0.510492
0.235741

0.716489
0.412504
0.562569
0.120278
0.0800342

-0.302497
-0.698661
-0.648359
-0.225932
0.124075

0.302497
0.698661
0.648359
0.310412
0.0392668

-0.0102016
-0.998633
0.0512685
-2.43106
2.84006

0.0102016
0.998633
-0.0512685
-1.12619
1.09064

0.286378
-0.308446
-0.90711
0.0805485
0.0289973

-0.286378
0.308446
0.90711
0.897839
0.000360846

-0.536455
0.595813
0.597681
-4.88051
4.63909

0.536455
-0.595813
-0.597681
0.947499
0.000381164

0.610229
-0.396999
-0.685574
-1.19039
0.40741

-0.610229
0.396999
0.685574
0.722142
0.00662574

-0.750425
-0.423371
-0.507563
0.907496
0.000443328

0.750425
0.423371
0.507563
-0.596104
0.127893

-0.693203
-0.320491
0.645566
0.47062
0.0348862

0.693203
0.320491
-0.645566
-1.83901
1.003

-0.70889
-0.320151
-0.628473
-0.587076
0.155135

0.70889
0.320151
0.628473
0.803598
0.00305095

0.795137
0.378794
0.473574
0.854313
0.001446

-0.795137
-0.378794
-0.473574
-1.03056
0.277296

-0.312792
-0.198349
0.92888
-1.22376
0.556271

-0.137559
-0.0119085
0.990422
0.572777
0.0120203

0.137559
0.0119085
-0.990422
-0.175186
0.090938

0.0706453
0.913911
-0.39972
-0.690241
0.123459

-0.0706453
-0.913911
0.39972
0.96575
5.39761e-05

-0.446322
0.695804
-0.562719
-3.97891
4.28026

0.446322
-0.695804
0.562719
0.57349
0.0314284

-0.0453529
0.862148
-0.504622
-1.96695
1.32639

0.0453529
-0.862148
0.504622
0.162643
0.105744

-0.236996
0.384517
0.892177
0.76885
0.00275906

-0.063646
0.352253
-0.933738
-0.0766233
0.050578

-0.586019
0.501611
0.636371
-1.21445
0.344617

0.586019
-0.501611
-0.636371
0.86641
0.00128529

0.784184
-0.12228
0.608361
0.451298
0.0229394

-0.784184
0.12228
-0.608361
-0.256931
0.120006

-0.227194
-0.681581
-0.695579
0.678193
0.0241523

0.227194
0.681581
0.695579
-7.04519
15.0809

-0.980301
-0.197509
0
0.538399
0.0865031

0.980301
0.197509
0
0.886067
0.0250268

0.88379
0.467885
0
0.235783
0.101334

-0.88379
-0.467885
0
-2.25093
1.58408

0.436537
-0.824634
0.359741
0.604798
0.00992543

-0.436537
0.824634
-0.359741
-0.161408
0.0855411

-0.439934
-0.35566
0.824599
0.763199
0.00464133

-0.639991
-0.768382
0
0.568906
0.00923818

-0.546496
-0.731
-0.408634
-2.80039
2.48019

0.546496
0.731
0.408634
0.224896
0.103232

0.611168
0.200119
0.765785
0.932583
0.000219016

-0.611168
-0.200119
-0.765785
-0.602189
0.120425

0.655534
-0.625667
0.422867
0.93781
0.000251758

-0.370558
-0.38859
0.843614
0.434662
0.0319186

0.370558
0.38859
-0.843614
-0.926832
0.368756

0.27588
-0.140359
0.950889
0.940636
0.000166027

-0.27588
0.140359
-0.950889
-0.620668
0.12112

-0.891363
-0.0113853
-0.453147
-1.50425
0.486907

0.891363
0.0113853
0.453147
0.863293
0.00145508

-0.160943
-0.317188
0.934606
0.928532
6.20419e-05

0.557774
-0.719563
0.413664
0.821218
0.00899939

-0.557774
0.719563
-0.413664
-10.442
36.7856

-0.317096
-0.545688
-0.775676
-3.13268
2.23995

0.317096
0.545688
0.775676
0.750106
0.00827654

-0.759042
0.497553
0.419876
0.918319
0.000299459

0.759042
-0.497553
-0.419876
-0.38051
0.0831709

-0.462532
0.575869
-0.674121
0.837971
0.00167153

0.602432
-0.58576
0.542182
0.272988
0.0138089

-0.602432
0.58576
-0.542182
0.929439
0.000132947

-0.338379
0.485922
-0.805841
-0.195287
0.17474

0.338379
-0.485922
0.805841
-0.591357
0.309706

0.345272
-0.165229
0.923843
0.907037
0.00272666

-0.345272
0.165229
-0.923843
-13.294
64.3925

-0.358372
-0.335617
0.871166
0.897622
0.00176447

0.778774
-0.382504
-0.497194
0.307712
0.0724245

-0.778774
0.382504
0.497194
-2.31274
1.65649

0.632038
0.675869
0.379117
0.867835
0.000495683

0.566639
0.0137995
0.82385
0.869663
0.00404361

-0.484088
-0.875019
0
0.696848
0.00549311

0.484088
0.875019
0
0.0510796
0.0471475

0.658517
-0.00308105
0.752559
0.612168
0.0403764

-0.658517
0.00308105
-0.752559
-8.14965
22.4544

0.548645
-0.695041
0.464658
0.692
0.00757497

-0.548645
0.695041
-0.464658
-0.898543
0.286522

-0.913557
0.0897023
0.396694
0.0226595
0.0804866

0.913557
-0.0897023
-0.396694
0.0697514
0.0729215

-0.437739
0.85798
-0.268801
-0.504922
0.191191

0.437739
-0.85798
0.268801
0.451392
0.025423

-0.598449
-0.801161
0
0.487176
0.022151

0.598449
0.801161
0
-0.236239
0.115315

-0.787601
0.381152
0.484157
0.718297
0.00724301

0.105927
0.56912
0.815403
0.652075
0.00820502

-0.105927
-0.56912
-0.815403
-0.391581
0.130922

0.176656
0.609703
0.772693
0.824073
0.00115296

-0.93949
0.282099
-0.194367
-5.66537
7.85186

0.93949
-0.282099
0.194367
0.832064
0.00498819

-0.0880106
0.0597343
0.994327
0.964507
0.000261976

0.0880106
-0.0597343
-0.994327
-8.08633
15.7658

-0.555316
0.81509
-0.165082
-6.50884
14.4965

0.555316
-0.81509
0.165082
0.387035
0.0966117

-0.293299
-0.364183
-0.883938
0.880572
0.00122011

-0.95573
0.0972376
-0.277713
0.917325
0.000288416

0.95573
-0.0972376
0.277713
-0.31371
0.0727014

0.361773
-0.588022
0.72343
0.766779
0.00389144

-0.361773
0.588022
-0.72343
-0.836883
0.240388

-0.680663
0.732597
0
0.373359
0.0411691

-0.708294
-0.705917
0
0.89576
0.00048952

0.708294
0.705917
0
-0.140473
0.0526137

0.510927
0.0692557
-0.85683
-0.189568
0.127863

-0.507456
-0.856809
0.0914668
0.66752
0.0137139

0.880583
-0.473892
0
0.828369
0.0145406

-0.880583
0.473892
0
-12.9021
61.3216

-0.331116
-0.169152
0.928305
0.851827
0.00290007

0.331116
0.169152
-0.928305
-1.48281
0.479413

0.526202
0.815331
0.241549
0.731343
0.00354814

-0.526202
-0.815331
-0.241549
0.0262158
0.046524

-0.903168
-0.429288
0
-1.19819
0.404047

0.903168
0.429288
0
0.728638
0.0110112

-0.307708
-0.86639
-0.3933
0.988512
5.73744e-06

0.307708
0.86639
0.3933
-0.58152
0.0882651

-0.0443775
0.989306
0.138939
-0.00545549
0.114244

0.0443775
-0.989306
-0.138939
-0.594387
0.287263

0.0607955
-0.515429
-0.854773
-5.43614
23.5372

-0.0607955
0.515429
0.854773
-5.43614
23.5372

0.811866
-0.221599
-0.540155
-1.36858
0.390963

-0.811866
0.221599
0.540155
0.897829
0.000744936

-0.139741
-0.0124374
-0.99011
-1.56875
0.668793

0.139741
0.0124374
0.99011
0.654647
0.0121334

0.268744
0.0139654
-0.96311
0.178726
0.0785591

-0.268744
-0.0139654
0.96311
-0.951939
0.442238

0.639996
-0.682782
0.35244
-0.51783
0.116747

-0.639996
0.682782
-0.35244
0.887615
0.00064037

0.139569
0.020728
-0.989995
-22.3311
296.307

-0.139569
-0.020728
0.989995
0.750322
0.0339379

0.48685
0.851085
0.196545
0.945915
0.000154928

-0.48685
-0.851085
-0.196545
-0.947074
0.199176

-0.68519
0.219644
-0.694457
-0.479938
0.0813902

0.68519
-0.219644
0.694457
0.973226
2.71231e-05

0.151574
0.525755
-0.837023
-1.57445
0.82841

-0.151574
-0.525755
0.837023
0.356383
0.0519836

-0.508765
-0.0052005
0.86089
0.866028
0.000709268

-0.623638
0.606009
-0.493791
0.989943
3.95051e-06

0.623638
-0.606009
0.493791
-0.751049
0.11693

0.796191
-0.167816
-0.581307
0.535668
0.00891267

-0.796191
0.167816
0.581307
0.541804
0.00868091

-0.0685795
-0.774899
-0.628354
-0.549532
0.20982

0.0685795
0.774899
0.628354
0.427486
0.0286527

-0.795169
-0.427378
-0.43018
-0.632109
0.343678

0.795169
0.427378
0.43018
-0.301105
0.21842

0.7428
-0.283169
-0.606683
-0.189873
0.0874002

-0.7428
0.283169
0.606683
0.645987
0.00779267

-0.193456
-0.658134
0.727622
0.562468
0.011769

0.193456
0.658134
-0.727622
-0.0131848
0.0626778

0.20013
0.453605
0.868442
0.883134
0.000265837

0.894429
-0.0633178
-0.442704
-7.10955
15.1404

-0.894429
0.0633178
0.442704
0.705777
0.0199636

0.960276
0.106331
0.257998
-0.36507
0.0971375

-0.960276
-0.106331
-0.257998
0.835531
0.00141598

0.835759
0.549097
0
0.402359
0.0736402

0.0299016
-0.12459
0.991758
0.995486
1.48725e-05

0.112429
0.414277
0.90318
0.798081
0.0116181

0.296816
0.886818
0.354196
0.940485
0.000108231

-0.296816
-0.886818
-0.354196
0.0961431
0.0239777

0.250754
0.31095
-0.916751
-0.219762
0.0847056

0.121376
0.394412
0.910883
-1.02278
0.665628

-0.121376
-0.394412
-0.910883
-0.671732
0.454788

0.307163
0.151521
-0.939517
-4.91075
4.64698

-0.307163
-0.151521
0.939517
0.953298
0.000296371

-0.437559
0.279144
-0.854764
-17.3054
126.464

0.437559
-0.279144
0.854764
0.945039
0.00114156

0.0382543
-0.505762
0.861825
-0.641869
0.375377

-0.0382543
0.505762
-0.861825
-0.513152
0.318841

0.799324
-0.573947
0.177947
0.0915949
0.0404347

-0.799324
0.573947
-0.177947
0.700214
0.0044076

0.226119
-0.842329
0.489236
0.525758
0.0171607

0.148889
-0.0685666
0.986474
0.981934
2.85376e-05

0.206901
-0.400288
-0.892727
-0.144208
0.167248

-0.206901
0.400288
0.892727
-0.787812
0.407824

0.356441
0.116458
0.927031
0.905398
0.0004981

0.291324
-0.582731
0.758653
0.7609
0.00276175

0.626767
-0.321087
0.709976
0.772842
0.0104362

-0.626767
0.321087
-0.709976
-6.2943
10.6909

-0.244281
0.14062
0.959454
0.948869
0.000511482

-0.506979
-0.567562
0.648726
0.7874
0.00313185

-0.383818
-0.197021
0.902146
0.123189
0.0570426

-0.313813
0.475272
-0.821972
0.936758
0.000325683

0.0995262
-0.832426
0.545125
0.0145588
0.118663

-0.0995262
0.832426
-0.545125
-0.863089
0.423851

0.739236
-0.314266
0.595623
0.816222
0.00194557

-0.636475
-0.664214
0.392069
-1.14538
0.479575

0.636475
0.664214
-0.392069
0.463653
0.0300117

-0.359967
-0.3388
0.869275
0.902467
0.000440512

-0.941053
-0.248069
-0.22996
-2.50564
1.99803

0.941053
0.248069
0.22996
0.229717
0.0964839

-0.750905
0.266523
0.604241
0.445261
0.0267605

0.750905
-0.266523
-0.604241
-0.560879
0.21123

0.140328
-0.209043
0.967786
0.905381
0.000761553

-0.140328
0.209043
-0.967786
-1.83965
0.638662

-0.0932222
0.750579
-0.654171
0.919992
0.000104616

0.144337
-0.558123
-0.817108
-3.06244
1.89461

-0.144337
0.558123
0.817108
0.856059
0.00238211

0.73833
-0.0679806
0.671005
0.678514
0.00939892

-0.73833
0.0679806
-0.671005
-1.24063
0.452865

-0.110833
-0.751564
0.650283
0.752526
0.00567849

-0.310943
-0.139493
-0.940136
-3.20926
1.92532

0.310943
0.139493
0.940136
0.909304
0.000899197

0.791657
0.443333
-0.420398
-0.321301
0.0907126

-0.791657
-0.443333
0.420398
0.82936
0.00177382

0.334318
0.291466
0.896259
0.661598
0.00595779

-0.334318
-0.291466
-0.896259
0.0743986
0.044541

0.119473
0.944244
-0.306805
-0.0173213
0.0412575

-0.119473
-0.944244
0.306805
0.871293
0.000765487

0.0637741
0.246444
-0.967057
-7.03377
11.0731

-0.0637741
-0.246444
0.967057
0.962653
0.000239735

-0.115978
0.0124766
-0.993173
-2.46992
1.98137

0.115978
-0.0124766
0.993173
0.187585
0.108707

-0.294686
0.188308
-0.936857
-15.0904
120.658

0.294686
-0.188308
0.936857
0.35639
0.19307

0.193885
0.103768
0.975521
0.973393
0.000210118

-0.537494
-0.0580997
0.841264
0.699197
0.00726755

0.537494
0.0580997
-0.841264
-0.90604
0.287392

0.34224
0.746137
0.571096
0.718775
0.00601735

0.24296
0.655509
-0.715037
-36.6633
1015.64

-0.24296
-0.655509
0.715037
0.975861
0.000424768

0.397615
-0.759643
0.514631
0.896062
0.00145005

-0.397615
0.759643
-0.514631
-4.2055
3.59568

0.477938
-0.818303
-0.319306
0.260821
0.0227939

-0.27819
0.229757
0.932643
-0.691395
0.19643

0.27819
-0.229757
-0.932643
0.750956
0.00426568

-0.715081
-0.136727
0.68554
-0.662211
0.495449

-0.993573
-0.113191
0
0.905901
0.00119439

-0.807797
-0.589461
0
-0.094712
0.136911

0.807797
0.589461
0
-0.417527
0.225647

0.454947
0.47873
-0.750893
-0.0343812
0.132484

-0.454947
-0.47873
0.750893
-0.838894
0.418704

0.151734
0.658534
-0.737095
0.995063
2.26673e-06

0.0171427
0.420724
0.907027
0.543131
0.0243505

-0.0171427
-0.420724
-0.907027
-1.74235
0.87043

-0.951894
-0.183365
-0.245509
0.702853
0.00346833

0.951894
0.183365
0.245509
0.373476
0.0153932

-0.893117
-0.049151
-0.447131
0.937616
0.000392976

-0.717791
0.0523328
0.694289
0.658559
0.0128154

0.717791
-0.0523328
-0.694289
-1.8715
0.900113

0.410898
-0.128173
-0.902626
-0.79366
0.177817

-0.410898
0.128173
0.902626
0.904897
0.000544839

-0.918605
-0.314448
0.239347
0.800687
0.00432192

0.918605
0.314448
-0.239347
-2.46029
1.30068

-0.0429575
-0.805412
0.591157
-0.436452
0.119326

0.0429575
0.805412
-0.591157
0.794057
0.00245689

-0.281732
-0.888404
0.362444
0.905321
0.000362088

0.392518
-0.327336
-0.859524
0.812105
0.00334504

-0.392518
0.327336
0.859524
-1.93516
0.814112

-0.110201
-0.867132
0.485734
-0.135793
0.129459

0.110201
0.867132
-0.485734
-0.135793
0.129459

-0.484169
0.675028
0.556703
0.355747
0.0301315

0.484169
-0.675028
-0.556703
-0.0259104
0.0763931

-0.110631
0.824276
0.555274
-2.18057
0.750924

0.110631
-0.824276
-0.555274
0.965749
9.34839e-05

-0.428354
-0.700115
-0.571272
0.965539
0.00030471

0.862679
-0.342825
0.371828
0.485108
0.0265519

-0.862679
0.342825
-0.371828
-1.05957
0.424308

-0.595855
-0.601627
0.531978
-1.03005
0.353818

0.595855
0.601627
-0.531978
0.660262
0.00992184

-0.602114
-0.182641
-0.777239
-15.4479
121.925

0.602114
0.182641
0.777239
0.502518
0.111717

-0.585937
0.745757
-0.317055
-0.398544
0.16786

0.585937
-0.745757
0.317055
0.365678
0.0345528

-0.608948
0.694203
-0.38375
0.983816
1.80541e-05

0.42188
-0.714754
0.557803
0.420318
0.0152087

-0.42188
0.714754
-0.557803
0.554613
0.00899785

-0.467371
0.0590997
0.882083
-0.137703
0.0480255

-0.771587
-0.19119
-0.606712
-0.61733
0.203196

0.771587
0.19119
0.606712
0.608012
0.0119528

-0.364176
0.917768
-0.158359
0.521637
0.043321

0.364176
-0.917768
0.158359
-4.41222
5.54456

-0.647
0.0500343
-0.760847
0.859378
0.00226484

0.883625
0.468195
0
-0.293941
0.147264

-0.883625
-0.468195
0
0.261336
0.0482909

-0.671745
-0.163384
-0.72254
0.308823
0.0262761

0.671745
0.163384
0.72254
0.447661
0.0168155

-0.487851
-0.289087
0.823669
0.800378
0.00225231

0.487851
0.289087
-0.823669
-0.401846
0.110684

-0.682318
-0.731056
0
-0.478156
0.40818

0.682318
0.731056
0
-1.79466
1.40742

0.394528
0.555942
0.731626
0.931434
0.0002476

-0.394528
-0.555942
-0.731626
-0.644553
0.130045

-0.841965
0.316866
0.436681
-0.697811
0.261864

0.841965
-0.316866
-0.436681
0.451034
0.0274205

0.087561
-0.203256
-0.975203
-2.0222
0.65515

-0.087561
0.203256
0.975203
0.962689
0.000121319

0.416183
-0.149309
-0.896939
0.481301
0.013731

-0.560721
0.691115
0.456018
0.98161
1.29952e-05

0.560721
-0.691115
-0.456018
-0.623352
0.100538

-0.245566
0.492808
0.834768
0.958063
0.000360192

0.245566
-0.492808
-0.834768
-0.622875
0.115962

0.189887
0.294099
-0.936722
0.97651
0.00022337

-0.659058
0.130275
0.740723
0.846759
0.00566834

0.659058
-0.130275
-0.740723
-8.80747
23.1658

0.831323
-0.516218
0.205964
0.998359
4.20772e-07

-0.831323
0.516218
-0.205964
-6.61158
8.13262

0.405443
-0.0117114
-0.914045
0.387035
0.0968222

-0.405443
0.0117114
0.914045
-6.50884
14.4862

-0.19806
-0.0687862
0.977773
-7.84971
15.6628

0.19806
0.0687862
-0.977773
0.926862
0.00111226

-0.883269
-0.0468847
0.466517
-0.064806
0.121273

0.883269
0.0468847
-0.466517
-0.367683
0.200023

-0.692931
0.661785
-0.28616
0.850213
0.00120236

0.692931
-0.661785
0.28616
-0.462761
0.114024

-0.999614
-0.027773
0
0.102839
0.0610613

0.765305
0.507603
0.395788
0.0214047
0.0430425

0.328693
0.473727
-0.817034
-0.838897
0.180116

-0.328693
-0.473727
0.817034
0.926444
0.00028999

-0.00330816
0.66644
-0.745552
-5.99475
7.99272

0.00330816
-0.66644
0.745552
0.924102
0.000966604

0.181368
0.46651
0.865722
0.713088
0.0053516

0.383115
0.0694273
-0.921088
-6.72338
14.7449

-0.383115
-0.0694273
0.921088
0.51729
0.0576558

-0.0839089
0.174344
0.981103
0.951891
0.00017129

0.00586452
-0.441644
0.897171
-3.72047
2.85061

-0.00586452
0.441644
-0.897171
0.865697
0.00230827

-0.0956579
-0.463422
0.88096
0.722579
0.0145079

0.0956579
0.463422
-0.88096
-5.39176
7.6939

-0.265497
0.464461
-0.844859
0.909448
0.00111101

-0.781529
-0.271825
0.561537
-0.456093
0.127825

0.781529
0.271825
-0.561537
0.771853
0.00314222

0.0150604
0
0.999887
-6.76854
10.9569

-0.0150604
0
-0.999887
0.91492
0.00136573

0.941454
-0.337142
0
0.756509
0.00695174

0.806361
-0.120231
0.579075
0.688166
0.00646145

-0.806361
0.120231
-0.579075
-0.421593
0.133248

-0.936717
-0.350087
0
0.871277
0.00250438

0.936717
0.350087
0
-2.21806
0.949659

0.407792
-0.102581
-0.907294
-1.52505
0.733012

-0.407792
0.102581
0.907294
0.473748
0.0318447

0.583676
-0.781018
0.22211
0.920326
0.000476991

-0.583676
0.781018
-0.22211
-1.74998
0.565462

0.00966338
0.0251157
0.999638
0.6644
0.0113717

-0.313556
-0.0147641
0.949455
-2.685
1.54741

0.313556
0.0147641
-0.949455
0.800156
0.00465544

0.760716
0.437614
0.47938
0.364016
0.0426656

-0.760716
-0.437614
-0.47938
-0.970019
0.408798

0.124986
0.2395
0.962818
0.92681
0.00209183

-0.124986
-0.2395
-0.962818
-17.1557
126.173

-0.92169
-0.387927
0
0.41736
0.030222

0.92169
0.387927
0
-0.0237962
0.0807381

-0.862128
0.50669
0
-2.78343
1.72749

0.862128
-0.50669
0
0.712084
0.0173666

-0.0240698
0.841281
-0.540062
0.829632
0.00438347

0.844647
0.535323
0
0.750136
0.00401056

0.423978
0.905673
0
0.731238
0.00790279

-0.423978
-0.905673
0
-2.14549
1.07841

0.341571
-0.704001
0.622665
0.725254
0.0156075

-0.0397586
-0.289642
-0.956309
-0.936167
0.268938

0.0397586
0.289642
0.956309
0.789573
0.00328171

0.551366
0.192722
0.811698
0.783203
0.00475478

-0.551366
-0.192722
-0.811698
-2.04869
0.936248

-0.578837
-0.505363
-0.639966
0.995614
2.19679e-06

0.578837
0.505363
0.639966
-4.78181
3.69812

-0.782517
0.175138
-0.597489
0.785462
0.00509941

-0.264549
-0.735099
0.624215
0.87253
0.00278784

0.617657
0.54939
0.562734
0.0255315
0.0889358

-0.617657
-0.54939
-0.562734
-0.148681
0.123538

-0.892033
0.312109
0.326902
0.72638
0.00998347

0.892033
-0.312109
-0.326902
-3.09092
2.22792

0.91952
0.0295418
0.391931
0.924401
0.000248647

-0.91952
-0.0295418
-0.391931
-0.358521
0.078125

-0.580782
0.461011
0.67094
0.73578
0.00347333

-0.687293
-0.0554664
-0.72426
0.664526
0.0133545

0.687293
0.0554664
0.72426
-2.24707
1.25009

-0.152893
-0.386475
0.909539
0.337997
0.0691132

0.152893
0.386475
-0.909539
-2.60424
2.04054

0.816046
-0.577987
0
0.589364
0.0166868

-0.816046
0.577987
0
0.024026
0.0658452

0.637575
0.770388
0
0.81923
0.00203389

-0.637575
-0.770388
0
0.733701
0.00334414

-0.257662
-0.956054
-0.139897
-0.530276
0.415002

0.257662
0.956054
0.139897
-1.5628
1.16394

-0.789857
0.57163
-0.222182
0.818286
0.00198832

0.789857
-0.57163
0.222182
-0.605286
0.155077

-0.372444
0.384229
-0.84478
-10.6266
36.9976

0.372444
-0.384229
0.84478
0.866532
0.00487718

0.0739939
0.351691
0.933187
0.916582
0.000448355

0.893584
-0.0687308
-0.443604
0.960361
0.000275209

-0.975516
-0.111492
0.189571
0.522195
0.007244

0.975516
0.111492
-0.189571
0.739699
0.0021506

-0.288533
-0.188678
-0.938695
-2.72056
2.43722

0.288533
0.188678
0.938695
0.1329
0.132737

0.127467
-0.280856
-0.951248
-0.665829
0.239684

-0.127467
0.280856
0.951248
0.504382
0.0214094

-0.181259
-0.624867
-0.759399
-4.69091
7.15707

0.181259
0.624867
0.759399
0.27412
0.116496

0.291496
0.119232
-0.949112
0.0867621
0.052281

-0.291496
-0.119232
0.949112
0.469866
0.0177403

0.506906
0.340459
0.791918
0.777935
0.00499628

-0.34117
-0.0800082
-0.93659
0.19819
0.0545233

0.34117
0.0800082
0.93659
-0.133897
0.108977

-0.268053
-0.412814
-0.870479
-1.2234
0.596323

0.268053
0.412814
0.870479
0.254765
0.0670511

-0.478863
0.134926
-0.867459
-0.347288
0.113637

0.478863
-0.134926
0.867459
0.702536
0.00555133

0.719893
0.475466
0.505654
0.549416
0.0189338

-0.719893
-0.475466
-0.505654
-0.846262
0.303364

0.596237
-0.200532
0.77736
0.54494
0.0260565

-0.596237
0.200532
-0.77736
-2.10255
1.21079

-0.0560789
0.30408
-0.950994
-1.05027
0.302336

0.0560789
-0.30408
0.950994
0.816742
0.00243854

-0.507961
0.494095
0.705582
-1.90153
0.577658

0.507961
-0.494095
-0.705582
0.965469
8.44157e-05

-0.624608
-0.15389
-0.765626
-4.48264
4.51393

0.624608
0.15389
0.765626
0.834173
0.0041871

-0.491624
0.432777
0.755652
0.906985
0.0012238

0.811923
-0.583764
0
-0.532413
0.457578

-0.811923
0.583764
0
-2.00354
1.73756

0.901227
0.433348
0
0.0708745
0.0947011

-0.901227
-0.433348
0
-0.310216
0.177417

-0.181863
0.227661
0.956607
0.122987
0.075803

0.181863
-0.227661
-0.956607
-0.388069
0.189774

0.0834835
-0.263739
-0.960975
-2.39042
1.46863

0.454407
0.0618723
0.888643
0.931428
0.000307816

-0.454407
-0.0618723
-0.888643
-1.11095
0.261302

-0.666407
0.435751
0.604999
0.620625
0.00643538

0.666407
-0.435751
-0.604999
0.345541
0.0191397

0.627224
0.674432
-0.389526
-0.703528
0.132188

-0.627224
-0.674432
0.389526
0.955016
9.31905e-05

0.0227576
0.228604
0.973253
0.977525
6.98375e-05

-0.0227576
-0.228604
-0.973253
-5.63509
6.07721

0.491367
0.576753
0.652621
0.508183
0.0226666

-0.491367
-0.576753
-0.652621
-0.895095
0.335133

-0.984248
-0.0938758
0.149813
-0.329709
0.150597

0.984248
0.0938758
-0.149813
0.332838
0.0379122

-0.374182
-0.0697021
-0.924732
0.128321
0.0260119

0.374182
0.0697021
0.924732
0.885058
0.000458099

-0.299899
-0.424621
0.854259
0.895981
0.000701758

0.299899
0.424621
-0.854259
-1.10638
0.283234

0.930823
-0.357466
0.076065
0.974246
1.76415e-05

-0.930823
0.357466
-0.076065
0.00716257
0.0260863

-0.316836
-0.82244
-0.472449
-12.7677
63.6278

0.316836
0.82244
0.472449
0.795244
0.0141008

-0.667365
-0.74473
0
0.898185
0.000437833

0.667365
0.74473
0
-0.0519111
0.0419754

0.54022
0.383684
0.748966
0.739463
0.00300714

-0.54022
-0.383684
-0.748966
0.159036
0.0313049

0.340801
0.147741
0.928454
0.946542
0.000237333

0.300678
-0.842449
0.447071
0.524255
0.00793909

0.39223
0.370766
0.841836
0.663814
0.00811739

-0.39223
-0.370766
-0.841836
-0.549774
0.171895

-0.197276
-0.610265
-0.767241
0.929216
0.000237775

-0.196116
-0.980581
0
-0.966613
1.00475

0.196116
0.980581
0
-3.16074
4.49289

0.926799
-0.375557
0
-1.99848
1.33818

-0.926799
0.375557
0
0.204256
0.0943074

0.281612
-0.0841137
0.955835
0.964974
0.000141687

-0.291758
0.282279
-0.913891
0.247565
0.0535481

0.291758
-0.282279
0.913891
-0.447709
0.197545

-0.001752
-0.624669
0.780888
0.964132
0.000220466

0.699992
-0.643169
0.310396
0.352293
0.0113843

-0.699992
0.643169
-0.310396
0.894887
0.000301118

0.300225
-0.7933
-0.529661
-3.82173
3.46422

-0.300225
0.7933
0.529661
0.740156
0.0101029

0.122698
-0.237278
-0.963662
-4.96521
4.65988

-0.122698
0.237278
0.963662
0.96282
0.000181863

0.53727
0.686949
-0.489328
-0.685098
0.354507

-0.53727
-0.686949
0.489328
-0.170212
0.171016

0.842588
-0.111402
0.52691
-1.38543
0.430482

-0.842588
0.111402
-0.52691
0.856484
0.00158114

-0.12512
-0.331961
-0.934958
-0.747468
0.142867

0.12512
0.331961
0.934958
0.95352
0.000102045

0.0665127
0.288026
0.95531
0.893122
0.000788683

-0.0665127
-0.288026
-0.95531
-1.10064
0.282764

0.175308
0.224316
-0.958619
0.12978
0.0322754

-0.175308
-0.224316
0.958619
0.77871
0.00211028

0.58922
0.367582
0.719516
0.69536
0.00128114

0.464251
0.575284
-0.673438
0.944276
0.00155835

0.756665
0.3311
-0.563766
-0.882572
0.392872

-0.756665
-0.3311
0.563766
0.226425
0.0663587

0.322322
0.48719
0.811637
0.740156
0.0100868

-0.322322
-0.48719
-0.811637
-3.82173
3.4647

0.334339
0.387433
-0.859135
-0.483026
0.188742

-0.334339
-0.387433
0.859135
0.416139
0.029272

-0.143819
0.66714
0.730917
0.700598
0.00458695

0.143819
-0.66714
-0.730917
0.0257084
0.0485279

0.121029
0.0089707
-0.992608
-2.28077
0.757793

-0.121029
-0.0089707
0.992608
0.983895
1.84582e-05

-0.962671
0.0140832
0.270309
0.966069
3.34196e-05

0.962671
-0.0140832
-0.270309
0.0128094
0.0270481

-0.328591
0.873777
0.358528
-0.0800214
0.0344514

0.00202336
0.737995
0.674803
0.666239
0.00322098

-0.00202336
-0.737995
-0.674803
0.680883
0.00294504

0.0947407
-0.558865
-0.823829
-23.6866
300.248

-0.0947407
0.558865
0.823829
0.954657
0.00103173

-0.944983
-0.327119
0
0.88051
0.00514968

-0.550278
0.82388
-0.135704
-0.938781
0.230985

0.550278
-0.82388
0.135704
0.883737
0.000831432

-0.916617
0
0.399767
0.864841
0.00107939

0.916617
0
-0.399767
-0.723965
0.173624

0.320689
-0.137354
0.937172
0.925667
0.000304345

-0.320689
0.137354
-0.937172
-0.837136
0.180043

-0.290882
-0.684464
0.668503
0.708626
0.0114877

0.290882
0.684464
-0.668503
-3.06112
2.21724

0.310937
-0.212784
0.926305
0.741631
0.00393987

-0.310937
0.212784
-0.926305
-0.266795
0.0921156

0.139699
0.0579505
-0.988497
-3.61863
2.81728

-0.139699
-0.0579505
0.988497
0.825376
0.00412784

0.439527
-0.420623
-0.793657
-0.512639
0.253639

-0.439527
0.420623
0.793657
-0.0258791
0.116696

-0.591101
-0.806598
0
0.61789
0.0152559

0.591101
0.806598
0
-0.625454
0.207927

-0.68982
0.317585
-0.650605
0.199833
0.0762572

0.583734
0.25501
0.77086
-0.622555
0.270872

-0.583734
-0.25501
-0.77086
0.204946
0.0650737

-0.621219
-0.37373
-0.688777
-4.77555
5.75935

0.621219
0.37373
0.688777
0.731318
0.0125386

-0.302325
-0.124654
-0.945019
-11.8723
61.7784

0.302325
0.124654
0.945019
0.485108
0.0988465

0.560314
-0.103241
0.821821
0.770137
0.0117993

0.115277
0.768189
0.629759
0.859094
0.00122672

0.509285
0.761928
0.400119
0.322511
0.0274629

0.411969
0.591844
0.692822
0.761624
0.00460707

-0.411969
-0.591844
-0.692822
-1.14539
0.36813

0.0892382
-0.535511
0.8398
0.907615
0.000837426

0.760609
-0.327804
-0.560373
0.593891
0.00619836

-0.760609
0.327804
0.560373
0.556566
0.00738811

0.690185
-0.487874
-0.534437
0.538389
0.0161041

-0.310401
-0.0226776
0.950335
0.905004
0.00213527

0.255864
-0.0266955
-0.966344
-0.0894233
0.0668821

-0.255864
0.0266955
0.966344
0.680938
0.00586579

0.73927
0.315806
0.594766
0.657544
0.0146325

-0.084832
0.773405
-0.62821
-0.365239
0.367896

-0.0282976
0.655565
0.754608
0.713528
0.00275498

0.14326
0.0436745
0.988721
-0.063318
0.106818

-0.14326
-0.0436745
-0.988721
-0.0758276
0.109345

0.884892
0.12139
0.449701
0.509625
0.0307237

-0.884892
-0.12139
-0.449701
-2.06483
1.19991

-0.283993
0.534454
-0.796057
-0.3994
0.124156

0.283993
-0.534454
0.796057
0.713614
0.00528824

-0.89854
-0.42302
-0.116962
0.225568
0.050271

0.89854
0.42302
0.116962
-0.145525
0.109987

-0.330027
-0.706189
-0.626402
0.785063
0.00450832

0.330027
0.706189
0.626402
-1.88969
0.806243

0.680326
-0.355789
0.640758
0.553654
0.0177574

-0.680326
0.355789
-0.640758
-0.849714
0.3035

-0.71088
0.514873
0.479119
-1.55764
0.404511

0.71088
-0.514873
-0.479119
0.964133
8.45229e-05

-0.585408
0.49502
0.64207
0.737485
0.00535938

0.585408
-0.49502
-0.64207
-0.948106
0.291984

0.112586
-0.9313
-0.346417
0.667739
0.00598903

-0.112586
0.9313
0.346417
0.000173688
0.0540832

-0.353509
-0.297439
0.886883
-0.319026
0.0461629

-0.730755
-0.68264
0
0.698642
0.0055999

0.730755
0.68264
0
0.778594
0.00383017

-0.110357
-0.328009
-0.938207
-1.25264
0.737344

0.110357
0.328009
0.938207
-0.149312
0.192242

-0.310796
-0.926678
-0.211362
0.805886
0.000944865

0.310796
0.926678
0.211362
0.605226
0.0039073

0.490358
-0.109165
0.864657
-1.35992
0.957073

-0.490358
0.109165
-0.864657
-0.579783
0.429129

0.911993
-0.0611479
0.405623
0.493745
0.0202956

-0.911993
0.0611479
-0.405623
-0.422862
0.160061

0.058399
0.545967
0.835769
0.469994
0.0366467

-0.058399
-0.545967
-0.835769
-2.02464
1.1874

0.110582
-0.63207
-0.766981
-2.21807
1.85924

-0.110582
0.63207
0.766981
-0.158506
0.241225

0.610092
-0.0792302
0.788359
0.856974
0.00564503

0.746855
-0.343388
0.569466
0.986393
9.07415e-05

-0.351677
-0.000688275
-0.936121
0.796351
0.017052

0.351677
0.000688275
0.936121
-16.4247
124.833
