
0.336111
0.453919
0.82522
0.808272
0.00164813

-0.336111
-0.453919
-0.82522
-0.0159041
0.046159

-0.361385
0.0813449
0.928862
0.660434
0.009507

0.361385
-0.0813449
-0.928862
-0.86701
0.282963

-0.539836
0.663359
-0.518201
-6.20236
10.6304

0.539836
-0.663359
0.518201
0.735903
0.0143037

-0.181863
0.227661
0.956607
0.122987
0.075803

0.181863
-0.227661
-0.956607
-0.388069
0.189774

0.109434
0.702655
0.703065
0.638289
0.00811096

-0.109434
-0.702655
-0.703065
-0.184373
0.0869515

0.751882
0.148873
0.642269
0.442757
0.0168501

-0.751882
-0.148873
-0.642269
0.325738
0.0246661

0.186678
0.458111
-0.869072
0.698091
0.00151754

0.595936
0.169653
-0.784906
-0.736065
0.214677

-0.595936
-0.169653
0.784906
0.735614
0.00498224

-0.172626
0.0247399
-0.984677
-1.04565
0.42195

0.172626
-0.0247399
0.984677
0.467501
0.0286499

-0.908946
0.234051
0.345017
0.291775
0.0667526

0.908946
-0.234051
-0.345017
-1.68577
0.959434

-0.380049
-0.157257
-0.9115
-0.0199621
0.158217

0.380049
0.157257
0.9115
-1.64749
1.06385

-0.147696
0.980152
-0.132241
0.968847
0.000242685

0.275141
-0.338183
0.899961
0.869184
0.0029456

-0.275141
0.338183
-0.899961
-5.7815
7.90909

0.118579
-0.925909
-0.358652
0.414896
0.0389478

-0.118579
0.925909
0.358652
-1.34042
0.622612

-0.503702
0.863877
0
-2.08154
0.921725

0.503702
-0.863877
0
0.802496
0.0060845

-0.620313
-0.708894
0.335678
-6.44754
14.4198

0.620313
0.708894
-0.335678
0.346166
0.111181

-0.686249
0.480326
0.546214
0.47898
0.021688

0.686249
-0.480326
-0.546214
-0.413433
0.159168

0.212137
0.86571
0.45337
0.157448
0.0443702

0.373602
-0.452922
-0.809495
-1.542
0.736608

-0.373602
0.452922
0.809495
0.492519
0.0295209

0.859372
0.511351
0
0.70001
0.022986

-0.859372
-0.511351
0
-4.71221
5.42898

0.405659
0.0686993
0.911439
0.795655
0.00299387

-0.297009
-0.275639
-0.914226
-8.9456
23.2635

0.297009
0.275639
0.914226
0.881022
0.00338942

0.761189
-0.648531
0
0.774514
0.0100688

-0.230584
0.789985
-0.568115
-0.483026
0.188798

0.230584
-0.789985
0.568115
0.416139
0.029333

-0.030823
0.0751256
0.996698
-10.5632
36.8966

0.030823
-0.0751256
-0.996698
0.851806
0.00614923

-0.183352
0.376466
-0.908105
0.763635
0.00347191

0.87896
0.0657157
-0.472346
0.814091
0.00147331

0.0363639
-0.378211
0.925005
0.540276
0.0189224

-0.0363639
0.378211
-0.925005
-0.838897
0.302036

0.346291
-0.853727
0.388887
0.737689
0.00511733

-0.346291
0.853727
-0.388887
-0.677144
0.195607

0.624026
-0.457929
0.633161
0.673744
0.0106776

-0.624026
0.457929
-0.633161
-1.59118
0.673028

0.2466
-0.299357
-0.921723
-1.23527
0.344308

-0.2466
0.299357
0.921723
0.877598
0.00200878

-0.38815
-0.389874
-0.835068
-6.67387
14.6825

0.38815
0.389874
0.835068
0.488943
0.0653229

-0.658513
0.0911639
-0.747027
0.779332
0.00255282

0.0587151
-0.84892
-0.52525
0.551789
0.0140025

-0.922409
-0.0345722
-0.384664
-1.66068
0.951966

-0.637106
0.386656
0.666779
0.426837
0.0309968

0.637106
-0.386656
-0.666779
-0.755311
0.290469

-0.0850764
0.785487
-0.613003
-1.74609
1.09841

0.0850764
-0.785487
0.613003
0.131121
0.110101

0.800593
0.101829
0.590493
0.622151
0.0148317

0.412434
-0.159233
-0.896963
-2.33453
0.863726

-0.648653
-0.761084
0
-1.55944
0.0409285

0.648653
0.761084
0
0.802512
0.133838

-0.480741
0.412785
-0.773626
-1.33767
0.42305

0.480741
-0.412785
0.773626
0.828668
0.00321635

-0.71081
0.199585
0.674474
-1.98823
1.51935

0.71081
-0.199585
-0.674474
-0.131629
0.218087

-0.0772978
-0.264017
-0.961416
-0.0498239
0.0911108

0.0772978
0.264017
0.961416
0.175213
0.0563369

0.169271
0.746027
-0.644043
-0.703308
0.227174

-0.169271
-0.746027
0.644043
0.635357
0.0104842

-0.548101
-0.26399
0.793659
0.996239
8.62861e-07

0.548101
0.26399
-0.793659
-0.757599
0.109425

0.127331
0.0435689
0.990903
0.821218
0.0090068

-0.127331
-0.0435689
-0.990903
-10.442
36.7832

0.0937727
0.0710377
0.993056
0.818582
0.0035315

-0.0937727
-0.0710377
-0.993056
-2.49454
1.30791

-0.825079
0.133352
0.549055
0.458009
0.0218005

0.825079
-0.133352
-0.549055
-0.219478
0.110333

-0.380462
0.879878
0.284716
0.169935
0.0219118

0.380462
-0.879878
-0.284716
0.899195
0.000327557

0.144619
-0.989487
0
-0.303948
0.350113

-0.144619
0.989487
0
-2.73438
2.87132

0.655129
-0.0567867
-0.753379
0.961423
5.5125e-05

-0.655129
0.0567867
0.753379
0.0238457
0.0270482

0.691005
0.294682
-0.660057
-0.35878
0.12844

-0.691005
-0.294682
0.660057
0.609291
0.0106939

-0.0836191
0.511512
0.855198
0.748951
0.00877658

-0.221836
0.967363
-0.122468
0.146994
0.0295327

0.221836
-0.967363
0.122468
0.799921
0.00164763

0.402372
0.243872
0.882396
0.662772
0.00746316

0.168268
0.625021
0.762256
0.810702
0.0022915

-0.168268
-0.625021
-0.762256
-0.70369
0.1844

-0.373135
0.306047
0.875846
0.903345
0.0011526

-0.418468
-0.44523
0.791616
-0.639015
0.273355

0.418468
0.44523
-0.791616
0.235577
0.0594649

-0.336535
0.56362
-0.754372
-2.64508
1.53846

0.336535
-0.56362
0.754372
0.778737
0.00574124

-0.836695
-0.303523
0.455868
-0.851203
0.356254

0.836695
0.303523
-0.455868
0.323197
0.0476323

-0.777968
-0.0786309
-0.623364
-0.354095
0.227436

0.777968
0.0786309
0.623364
-0.456266
0.263052

-0.989702
-0.0861611
-0.11431
0.594471
0.00791422

0.989702
0.0861611
0.11431
0.290639
0.0242115

0.308301
-0.554515
0.772958
0.869449
0.0020562

-0.409232
0.524996
0.746263
0.918553
0.000781941

-0.790298
0.506653
0.344574
0.540276
0.0326298

0.790298
-0.506653
-0.344574
-3.13752
2.64062

0.757621
0.332524
-0.561639
-0.227946
0.111019

-0.757621
-0.332524
0.561639
0.472901
0.0204597

0.0889986
0.447218
0.889986
0.872096
0.00131582

-0.0889986
-0.447218
-0.889986
-1.52145
0.48847

-0.535671
0.545008
-0.644998
-1.13712
0.262826

0.535671
-0.545008
0.644998
0.941268
0.000213053

0.121097
0.870142
-0.47769
-0.836883
0.240381

-0.121097
-0.870142
0.47769
0.766779
0.00388213

0.673957
-0.609772
-0.417085
0.291775
0.066768

-0.673957
0.609772
0.417085
-1.68577
0.959403

-0.512518
0.599
0.615243
0.7846
0.00388284

0.414996
-0.209292
-0.885424
-0.321201
0.180939

-0.414996
0.209292
0.885424
-0.0364697
0.111367

-0.847501
0.0720069
-0.525888
-0.39732
0.178875

0.847501
-0.0720069
0.525888
0.26092
0.0501016

-0.526731
0.0411481
0.849036
-1.15565
0.223703

0.526731
-0.0411481
-0.849036
0.984163
1.22676e-05

-0.470887
-0.327153
-0.81929
-1.62288
0.678447

0.470887
0.327153
0.81929
0.699533
0.0090127

0.792806
0.309874
-0.52482
0.0466552
0.0518499

-0.792806
-0.309874
0.52482
0.593069
0.00945673

-0.585041
0.549797
-0.596197
-0.0267212
0.0663633

0.585041
-0.549797
0.596197
0.536846
0.0135597

0.0132016
-0.999913
0
0.430279
0.0263028

-0.310368
0.172252
0.93488
-1.79466
1.43044

0.310368
-0.172252
-0.93488
-0.478156
0.400182

-0.237127
0.248655
-0.939117
-0.867356
0.507734

0.237127
-0.248655
0.939117
-0.446078
0.304661

-0.729536
-0.683942
0
-3.22947
3.70588

0.729536
0.683942
0
-0.151315
0.289818

0.579895
-0.0637697
-0.812192
0.826351
0.000724843

0.747256
-0.643611
-0.165447
0.0390306
0.10297

-0.747256
0.643611
0.165447
-0.614811
0.290741

-0.131243
-0.873225
-0.469312
-0.0149283
0.0879295

0.274793
-0.898624
0.342001
-1.85816
1.00813

-0.274793
0.898624
-0.342001
0.490471
0.0320692

-0.331856
0.584606
0.740343
-0.281404
0.145513

0.032942
-0.288509
0.95691
0.927212
0.000769844

0.680944
-0.599849
-0.420115
0.724165
0.00251867

-0.680944
0.599849
0.420115
0.509627
0.00794992

0.527953
-0.168082
0.832475
0.646099
0.0157214

-0.448542
0.0346741
0.893089
0.420747
0.0327902

0.448542
-0.0346741
-0.893089
-0.830732
0.325602

-0.221559
0.847701
0.481991
0.780065
0.0138849

0.221559
-0.847701
-0.481991
-10.2961
36.6074

-0.0920461
0.646765
0.757115
0.773277
0.0026063

0.133927
-0.756908
0.639651
0.600756
0.0180321

-0.133927
0.756908
-0.639651
-1.80368
0.885024

-0.770365
-0.210632
0.601807
0.729981
0.0052677

0.770365
0.210632
-0.601807
-0.730069
0.214176

-0.358964
-0.341488
-0.868637
0.0145588
0.11863

0.358964
0.341488
0.868637
-0.863089
0.423842

0.52699
0.758988
0.382386
0.298603
0.0416754

-0.52699
-0.758988
-0.382386
-0.264801
0.135427

0.25291
-0.490972
-0.833656
-0.564381
0.134402

-0.25291
0.490972
0.833656
0.859943
0.00109085

0.857678
-0.0397112
-0.512651
0.71114
0.00765552

0.833711
0.312326
-0.455389
0.797375
0.0031018

-0.517647
-0.483019
-0.706211
0.966599
0.000135743

0.0531114
0.641162
-0.765566
-8.36165
32.8177

-0.0531114
-0.641162
0.765566
-0.316494
0.649403

0.157011
-0.975826
0.152023
0.0781994
0.0572597

-0.157011
0.975826
-0.152023
0.37802
0.0260699

0.506842
-0.205988
-0.837067
0.951227
0.000331026

-0.159658
-0.281709
0.946123
0.935638
0.00309014

0.159658
0.281709
-0.946123
-36.0721
1013.53

0.643283
-0.734939
0.214597
-0.425858
0.277681

-0.643283
0.734939
-0.214597
-0.673392
0.382461

0.334392
-0.237949
0.9119
-1.13312
0.633701

-0.334392
0.237949
-0.9119
-0.118559
0.174318

0.594398
-0.331374
-0.732722
0.832827
0.00454137

-0.594398
0.331374
0.732722
-5.01822
5.88129

-0.586392
0.805225
0.0880773
0.763881
0.00252167

0.586392
-0.805225
-0.0880773
0.0855086
0.0376232

0.399264
-0.188787
0.897189
0.956502
0.000172879

0.335515
0.34523
-0.876496
0.996263
5.30794e-07

-0.0884773
-0.49443
-0.864703
-5.78539
10.285

0.0884773
0.49443
0.864703
0.524551
0.0505193

0.119153
0.28112
0.952247
0.910609
0.00112575

-0.119153
-0.28112
-0.952247
-4.72102
4.59857

-0.396272
-0.461638
-0.793636
-6.66208
10.9168

0.396272
0.461638
0.793636
0.889666
0.0022742

-0.830299
-0.435748
0.34746
-1.68175
1.37606

0.830299
0.435748
-0.34746
-0.716293
0.563663

-0.43932
-0.731554
0.52137
0.921934
0.0030888

0.43932
0.731554
-0.52137
-23.3655
299.632

0.307612
0.224724
-0.924594
-1.31701
0.353005

-0.307612
-0.224724
0.924594
0.915936
0.000507091

-0.0801419
0.785046
0.614232
0.498564
0.0176145

0.0801419
-0.785046
-0.614232
-0.166154
0.0951796

-0.105828
-0.848245
-0.518923
-35.8615
1012.95

0.105828
0.848245
0.518923
0.916414
0.00521192

-0.516112
-0.275807
0.8109
0.93238
0.000341999

0.516112
0.275807
-0.8109
-1.78417
0.568519

-0.062772
-0.491149
0.868811
-1.95632
3.20128

0.062772
0.491149
-0.868811
-4.58929
11.4423

0.117835
0.550347
0.826579
0.890084
0.00325521

-0.117835
-0.550347
-0.826579
-10.7365
37.1088

-0.831052
-0.556194
0
-1.70425
1.19155

0.831052
0.556194
0
-0.250453
0.277191

0.212137
-0.634739
-0.743037
-0.410517
0.180503

-0.212137
0.634739
0.743037
0.286728
0.0462763

0.903722
0.42812
0
-1.96695
1.29456

-0.903722
-0.42812
0
0.162643
0.116547

0.194604
-0.509195
0.838362
0.841396
0.000347177

-0.194604
0.509195
-0.838362
0.859835
0.000272898

0.202967
-0.721055
-0.662483
-4.61701
5.67035

-0.202967
0.721055
0.662483
0.648937
0.0222383

0.0154895
-0.996718
-0.0794515
-1.1831
0.795489

-0.0154895
0.996718
0.0794515
-0.622163
0.439241

-0.791469
0.245477
0.559748
-0.710177
0.359559

0.791469
-0.245477
-0.559748
-0.112234
0.152158

-0.149485
-0.6886
0.709566
0.601334
0.00401596

0.149485
0.6886
-0.709566
0.804994
0.000961351

-0.865221
-0.470544
0.173152
0.0644538
0.0354305

0.865221
0.470544
-0.173152
0.832321
0.0011407

-0.112164
0.718481
-0.686443
-1.88149
0.719397

0.112164
-0.718481
0.686443
0.862636
0.00164232

-0.88259
-0.470144
0
-2.01768
0.790476

0.88259
0.470144
0
0.855599
0.00508626

0.951107
-0.145328
0.272533
0.858736
0.000897811

-0.951107
0.145328
-0.272533
-0.169704
0.0611691

-0.691305
-0.448417
0.566585
0.688345
0.0171995

0.691305
0.448417
-0.566585
-4.68964
5.7131

-0.340097
-0.768144
-0.542484
-0.785577
0.273133

0.340097
0.768144
0.542484
0.568609
0.0160016

0.152016
-0.676183
0.72088
0.693389
0.00148302

-0.00807398
-0.59541
0.803381
0.820077
0.00246483

0.575197
0.524432
0.62779
0.304725
0.0916649

-0.575197
-0.524432
-0.62779
-3.64002
4.07616

0.892617
0.13997
0.428535
0.436309
0.0156371

-0.892617
-0.13997
-0.428535
0.452299
0.0147643

0.417919
0.635833
0.648892
0.614715
0.00404085

-0.417919
-0.635833
-0.648892
0.769201
0.00147389

-0.39325
-0.258897
0.882228
0.870127
0.0010768

0.39325
0.258897
-0.882228
-0.949613
0.24094

0.601287
-0.704322
-0.377338
-1.03005
0.353818

-0.601287
0.704322
0.377338
0.660262
0.00991577

-0.390646
0.538426
-0.746655
0.255812
0.025319

0.390646
-0.538426
0.746655
0.66202
0.0052293

0.272271
0.862594
-0.42638
-0.427418
0.0801668

-0.272271
-0.862594
0.42638
0.955661
8.21345e-05

-0.216826
-0.167111
0.961801
0.328693
0.0571693

0.216826
0.167111
-0.961801
-1.55263
0.82255

-0.0369985
0.370876
-0.927945
-0.25543
0.176031

0.0369985
-0.370876
0.927945
-0.216827
0.165692

-0.288121
-0.0957558
-0.952794
-10.5851
36.9506

0.288121
0.0957558
0.952794
0.856974
0.0056406

0.204259
0.978917
0
0.824469
0.000480287

-0.204259
-0.978917
0
0.824469
0.000480287

-0.266609
-0.716384
-0.644759
0.391479
0.0284811

0.387993
0.266052
0.882427
0.865914
0.0038043

-0.0571306
-0.37238
0.92632
0.968947
0.000484978

-0.0368451
0.528991
-0.847827
-7.04519
15.0815

0.0368451
-0.528991
0.847827
0.678193
0.0241455

-0.296338
-0.571813
-0.764992
-9.83982
35.9226

0.296338
0.571813
0.764992
0.618912
0.0445308

-0.407233
0.0430272
-0.91231
0.975349
8.43911e-05

0.282917
-0.867415
0.409327
0.978814
1.78384e-05

-0.282917
0.867415
-0.409327
-0.434696
0.071982

0.3512
0.688162
-0.634895
-0.592538
0.0884771

-0.3512
-0.688162
0.634895
0.99038
5.58889e-06

-0.328133
-0.287187
-0.899918
-4.97756
5.85726

0.328133
0.287187
0.899918
0.817767
0.00553145

0.188885
-0.465553
0.864629
0.863293
0.00145755

-0.188885
0.465553
-0.864629
-1.50425
0.486895

0.175037
0.214465
0.96092
0.825789
0.0160942

-0.175037
-0.214465
-0.96092
-22.7122
297.715

-0.530135
0.798154
-0.286192
-16.9042
125.832

0.530135
-0.798154
0.286192
0.889862
0.0047671

0.392384
0.0617838
0.917724
0.904681
0.00105288

0.190839
0.850302
-0.490477
0.542696
0.00945644

0.441536
-0.226834
0.868097
0.886421
0.00129873

-0.51431
-0.343229
-0.785926
0.83833
0.000570535

0.51431
0.343229
0.785926
0.703901
0.00182065

0.861013
-0.0823693
-0.501869
-0.527431
0.181279

-0.861013
0.0823693
0.501869
0.567281
0.0145611

0.411707
0.0236885
0.911008
0.906106
0.000961962

0.418664
0.182792
0.889555
0.834971
0.0143692

0.387737
-0.503493
-0.772111
0.684943
0.0143508

-0.387737
0.503493
0.772111
-3.34649
2.72625

-0.887575
-0.0555339
0.457304
-0.581371
0.119602

0.887575
0.0555339
-0.457304
0.922769
0.000294682

0.0343867
-0.896156
0.442406
0.523371
0.0139756

-0.0343867
0.896156
-0.442406
0.0409129
0.0563824

0.434758
0.0365916
-0.899804
-22.9485
298.515

-0.434758
-0.0365916
0.899804
0.86529
0.00945251

-0.0553999
0.699149
0.712826
0.985157
6.05807e-06

0.324165
-0.0498222
0.944688
-0.0673437
0.0290519

-0.420949
-0.427522
-0.800017
0.0781994
0.057261

0.420949
0.427522
0.800017
0.37802
0.026071

0.755964
0.128997
0.641778
-0.0149289
0.0878657

-0.755964
-0.128997
-0.641778
0.0816694
0.0719366

-0.371141
-0.679818
0.632536
0.0940311
0.0388968

0.371141
0.679818
-0.632536
0.725945
0.00360613

-0.227674
0.796874
0.559603
0.792382
0.00303881

0.227674
-0.796874
-0.559603
-0.868555
0.243275

0.0728223
-0.566939
-0.820535
-1.571
0.493811

-0.0728223
0.566939
0.820535
0.895494
0.000826235

-0.595797
-0.562247
0.573502
0.594952
0.00508643

0.595797
0.562247
-0.573502
0.706498
0.00268696

-0.820938
-0.571018
0
0.821895
0.00297978

0.820938
0.571018
0
-0.46887
0.12411

0.413773
-0.20547
-0.88689
-4.67146
4.58245

-0.413773
0.20547
0.88689
0.896896
0.00152666

0.563941
0.606048
-0.560961
-1.77419
0.56753

-0.563941
-0.606048
0.560961
0.92898
0.000385277

0.00425505
0.654988
-0.755628
-36.5441
1015.47

-0.00425505
-0.654988
0.755628
0.969352
0.000679388

0.296583
-0.293946
0.908644
0.868132
0.00238534

-0.916452
-0.136189
-0.376257
-0.883094
0.284755

0.916452
0.136189
0.376257
0.676799
0.00839408

-0.347045
0.453699
0.820803
-3.75284
6.18961

0.347045
-0.453699
-0.820803
-0.856594
0.944944

-0.0196645
-0.908029
0.418446
-4.01997
2.40767

0.0196645
0.908029
-0.418446
0.996688
1.13662e-06

0.783502
0.211408
-0.584321
0.95642
0.000260358

0.187994
-0.648589
-0.737557
-6.2943
10.6904

-0.187994
0.648589
0.737557
0.772842
0.0104411

0.241628
-0.399858
-0.884155
0.994236
1.83103e-05

-0.233658
-0.230662
0.944563
0.741071
0.00487815

0.233658
0.230662
-0.944563
-0.741956
0.215331

-0.488525
-0.142152
0.860892
0.604607
0.023249

0.488525
0.142152
-0.860892
-3.16707
2.57992

0.0537766
0.689554
0.722235
0.530969
0.0222352

-0.187914
-0.0269082
0.981817
0.982398
5.77154e-05

-0.231862
0.928367
-0.290475
-0.621451
1.02864

0.231862
-0.928367
0.290475
-8.04307
31.9915

0.2524
-0.852783
0.457226
0.519035
0.0047486

-0.2524
0.852783
-0.457226
0.9197
0.00014093

-0.356857
-0.64978
-0.671147
-0.893981
0.211518

0.356857
0.64978
0.671147
0.894768
0.000659818

-0.704019
0.43197
0.5637
0.442583
0.0105915

0.704019
-0.43197
-0.5637
0.750257
0.0021328

-0.13827
0.656109
0.741891
0.788465
0.00898187

-0.132553
-0.504068
0.853431
0.671318
0.00357159

0.132553
0.504068
-0.853431
0.603711
0.00515562

0.365946
-0.0350484
0.929976
0.943543
0.00120638

0.502368
-0.853029
-0.141308
0.251549
0.0394234

-0.502368
0.853029
0.141308
0.152952
0.050493

0.367373
-0.721035
-0.587491
0.406069
0.0165041

-0.367373
0.721035
0.587491
0.535224
0.010128

0.0822807
0.203747
0.97556
0.845686
0.00310022

0.690381
-0.535588
-0.486333
-0.24693
0.0618256

-0.814214
0.25218
-0.522934
0.988841
6.00805e-06

-0.27762
-0.205679
0.938415
-7.83774
15.6455

0.27762
0.205679
-0.938415
0.924566
0.00121121

-0.768674
0.576614
-0.276869
0.0805521
0.151032

0.768674
-0.576614
0.276869
-2.6778
2.416

0.74949
-0.202695
-0.630221
-3.03837
6.56001

-0.74949
0.202695
0.630221
-4.11106
10.5076

-0.366834
-0.888332
-0.276223
0.996401
4.70502e-06

-0.0723136
0.403116
0.912287
0.870723
0.00155605

0.0723136
-0.403116
-0.912287
-2.04988
0.830929

0.536422
-0.84395
0
-0.57328
0.152903

-0.536422
0.84395
0
0.791963
0.00267444

0.772488
0.574489
0.270602
0.707768
0.00544293

-0.528044
0.270161
-0.805098
0.910208
0.000694367

0.528044
-0.270161
0.805098
-1.99228
0.732706

0.999256
-0.0385624
0
0.11138
0.076718

-0.999256
0.0385624
0
0.559334
0.0332608

0.469049
0.617872
0.631053
0.49272
0.0364406

-0.469049
-0.617872
-0.631053
-2.49551
1.72524

0.613549
0.174164
-0.77021
-0.763756
0.341252

-0.613549
-0.174164
0.77021
0.174313
0.0749471

-0.0463338
-0.927903
-0.369931
0.699646
0.00735587

0.0463338
0.927903
0.369931
-0.986008
0.320676

-0.644647
0.367994
-0.670082
-0.499911
0.140442

0.644647
-0.367994
0.670082
0.76989
0.0041743

0.0610129
0.315247
-0.947046
0.687944
0.00916779

-0.0610129
-0.315247
0.947046
-1.35991
0.515805

-0.398382
-0.686148
-0.608681
0.599888
0.0122133

-0.0427776
-0.755531
0.653715
0.708076
0.00281976

0.409773
0.457506
0.78916
0.58304
0.028118

-0.409773
-0.457506
-0.78916
-3.56188
3.34848

0.131014
-0.926789
0.351991
-0.107895
0.0536907

-0.131014
0.926789
-0.351991
0.850855
0.000974106

-0.937825
-0.34711
0
-0.19217
0.0541017

0.41148
0.325167
0.85144
-0.602684
0.398815

-0.41148
-0.325167
-0.85144
-0.922479
0.573844

-0.523118
0.300559
-0.797504
0.190886
0.0602762

0.523118
-0.300559
0.797504
-0.310636
0.158079

-0.107347
0.470707
0.875735
-0.446078
0.30445

0.107347
-0.470707
-0.875735
-0.867356
0.507669

-0.725142
0.369904
-0.58081
-0.235508
0.090153

0.725142
-0.369904
0.58081
0.705322
0.00517481

-0.564688
0.162634
-0.809121
-2.71866
2.09017

0.564688
-0.162634
0.809121
0.449903
0.0457862

0.225954
0.903831
-0.363366
-0.130674
0.253973

-0.21672
-0.272014
0.937572
0.942735
0.000275341

0.319373
-0.474137
0.820485
0.787756
0.00281147

-0.319373
0.474137
-0.820485
-0.519505
0.140242

-0.107807
0.946372
-0.304562
-0.696662
0.387909

0.107807
-0.946372
0.304562
-0.364249
0.251045

0.636406
-0.317851
-0.702821
-1.45993
0.585712

-0.636406
0.317851
0.702821
0.672134
0.0104907

0.665155
0.484176
0.568457
0.175666
0.125357

-0.665155
-0.484176
-0.568457
-3.10216
3.10352

-0.931657
0.227449
0.283342
-0.330207
0.126035

0.931657
-0.227449
-0.283342
0.568982
0.0132361

-0.0414626
0.392458
-0.918835
-0.502296
0.139125

0.0414626
-0.392458
0.918835
0.772117
0.0033012

0.446523
0.140038
0.883746
0.904899
0.00054204

-0.446523
-0.140038
-0.883746
-0.979656
0.233705

0.857223
-0.514946
0
-1.74702
1.20999

-0.857223
0.514946
0
-0.174399
0.24132

-0.284988
-0.276694
0.917727
0.93218
0.00142966

0.284988
0.276694
-0.917727
-13.4566
64.564

0.0757857
-0.850268
0.520866
0.832101
0.00549629

-0.0757857
0.850268
-0.520866
-6.4622
10.803

0.347156
0.372932
-0.860468
0.846351
0.00655767

0.108315
0.911282
-0.397282
-0.0848823
0.0633569

-0.108315
-0.911282
0.397282
0.712597
0.00445047

-0.653383
-0.29178
-0.698538
-0.177967
0.183999

0.653383
0.29178
0.698538
-0.872731
0.464968

-0.404678
-0.0677131
0.911949
0.793566
0.00314026

0.404678
0.0677131
-0.911949
-0.941398
0.269425

0.476329
0.423417
0.770603
0.757266
0.00164559

-0.476329
-0.423417
-0.770603
0.606809
0.00429566

-0.9794
-0.180034
0.091455
0.0437994
0.0519726

0.9794
0.180034
-0.091455
0.597997
0.00918831

-0.537552
0.0608695
0.841031
0.752456
0.00510065

0.537552
-0.0608695
-0.841031
-1.2279
0.412299

0.558322
-0.14071
-0.817605
0.989022
1.82015e-05

0.51796
0.695066
-0.498598
0.291548
0.0308488

-0.51796
-0.695066
0.498598
0.316627
0.0287038

0.382319
-0.184485
-0.905427
-0.158507
0.0945989

0.122856
0.0498063
-0.991174
-1.94338
1.4995

-0.122856
-0.0498063
0.991174
-0.205597
0.251586

-0.828896
0.355706
0.431747
0.434606
0.0113162

0.828896
-0.355706
-0.431747
0.733586
0.00252861

-0.526297
-0.25168
0.8122
0.821247
0.00133002

0.526297
0.25168
-0.8122
0.0558403
0.0370856

-0.712884
-0.46808
0.522203
0.921719
0.000718218

0.712884
0.46808
-0.522203
-2.17894
0.843382

-0.300038
-0.0219471
0.953675
0.951937
0.000223748

-0.413353
-0.263554
0.871595
0.328693
0.0571242

0.413353
0.263554
-0.871595
-1.55263
0.822621

0.297902
-0.545194
-0.783593
-0.686889
0.22546

-0.297902
0.545194
0.783593
0.616306
0.011776

-0.19451
0.590419
0.783308
0.361954
0.0489625

0.19451
-0.590419
-0.783308
-1.43209
0.71112

-0.513668
-0.857989
0
0.159316
0.0384512

0.104639
-0.120471
0.987186
0.994457
4.54722e-06

0.361987
-0.3153
0.877241
0.888945
0.000479861

0.236824
-0.864857
-0.442648
0.917595
0.000434583

-0.236824
0.864857
0.442648
-1.23416
0.317689

0.663544
0.626047
0.409604
0.936971
0.000369294

-0.663544
-0.626047
-0.409604
-2.61093
1.17511

-0.196367
0.703828
-0.68269
-0.232979
0.19289

0.196367
-0.703828
0.68269
-0.659094
0.349212

0.453895
0.196528
-0.869112
-13.0425
64.0272

-0.453895
-0.196528
0.869112
0.859575
0.00646705

0.245595
-0.269546
-0.931144
-0.952309
0.214997

-0.245595
0.269546
0.931144
0.922845
0.000338242

0.919898
0.168608
-0.354061
-0.494496
0.115646

-0.919898
-0.168608
0.354061
0.872599
0.000849354

0.331623
-0.148255
0.93169
0.920403
0.000823463

-0.482114
0.371334
0.793522
-6.50884
14.4948

0.482114
-0.371334
-0.793522
0.387035
0.0966456

0.373632
-0.448232
0.812088
-0.34882
0.0866377

-0.373632
0.448232
-0.812088
0.877495
0.00075966

0.316571
-0.30101
-0.899542
-6.73281
10.9429

-0.316571
0.30101
0.899542
0.906848
0.0016336

-0.734987
0.145594
-0.662266
-4.72102
9.09164

0.734987
-0.145594
0.662266
-0.430254
0.568516

0.0980612
0.743745
-0.661232
0.955365
7.21883e-05

0.564987
-0.0648544
-0.822547
-0.275147
0.0923663

-0.564987
0.0648544
0.822547
0.750763
0.00353797

-0.310292
-0.908993
0.278298
0.673744
0.0106734

0.310292
0.908993
-0.278298
-1.59118
0.67304

0.730508
0.563077
0.386397
0.189858
0.0697229

-0.730508
-0.563077
-0.386397
-0.690308
0.303351

-0.0440318
-0.928442
0.368859
-1.08409
0.846929

0.0440318
0.928442
-0.368859
-1.33647
1.06446

0.656673
-0.0210145
0.753882
0.717535
0.00810359

-0.656673
0.0210145
-0.753882
-1.79005
0.788473

-0.733577
-0.136154
0.665829
0.703835
0.00407938

0.733577
0.136154
-0.665829
0.182887
0.0306619

-0.740884
-0.671633
0
-1.74609
1.07062

0.740884
0.671633
0
0.131121
0.123431

-0.298806
-0.729557
-0.615193
-12.8035
63.6976

0.298806
0.729557
0.615193
0.804373
0.0127958

0.830038
0.557707
0
-3.03143
2.51602

-0.830038
-0.557707
0
0.452799
0.0552745

-0.423421
0.792856
-0.438284
-1.0619
0.389557

0.423421
-0.792856
0.438284
0.599585
0.0147291

-0.416815
-0.209868
-0.884432
-0.865796
0.225636

0.416815
0.209868
0.884432
0.83919
0.00167698

-0.63311
0.346496
-0.692179
0.298603
0.0416681

0.63311
-0.346496
0.692179
-0.264801
0.135419

0.0172342
0.859615
0.510652
0.779707
0.00248825

-0.0172342
-0.859615
-0.510652
-0.141754
0.0660774

-0.417458
-0.242066
-0.875861
-0.568381
0.162771

0.417458
0.242066
0.875861
0.740228
0.00456722

0.622962
-0.36504
-0.691856
0.955515
5.86477e-05

-0.622962
0.36504
0.691856
0.2714
0.0124478

-0.198296
0.1815
-0.963191
-0.8389
0.418791

-0.881424
0.276517
0.382922
0.468238
0.0255152

0.881424
-0.276517
-0.382922
-0.709729
0.263426

0.220325
-0.842374
-0.491796
-0.00118029
0.0647656

-0.220325
0.842374
0.491796
0.489194
0.0168682

-0.777106
0.187356
-0.600836
0.712968
0.0125222

0.777106
-0.187356
0.600836
-3.77085
3.44301

0.0482988
0.0280718
-0.998438
0.399293
0.0587399

-0.0482988
-0.0280718
0.998438
-2.97202
2.56481

0.335537
-0.932512
0.133554
0.870722
0.000788613

-0.335537
0.932512
-0.133554
-0.305491
0.0802897

0.433859
0.638677
0.635499
0.771723
0.00817699

-0.433859
-0.638677
-0.635499
-4.33281
4.45515

0.938284
0.0728449
-0.338109
-0.0711057
0.0577973

-0.938284
-0.0728449
0.338109
0.761819
0.00306828

-0.316037
0.948747
0
-1.02865
0.412518

0.316037
-0.948747
0
0.302641
0.756923

-0.365642
-0.0494346
0.929442
0.908471
0.00132269

0.365642
0.0494346
-0.929442
-5.26406
5.97163

0.43825
-0.411052
-0.799358
-0.627971
0.17861

-0.43825
0.411052
0.799358
0.745548
0.0044474

0.286061
-0.731242
-0.619237
0.974918
0.000231455

0.00183402
-0.869433
-0.494048
0.0140618
0.0241817

0.135974
-0.471706
0.871209
0.93218
0.00145167

-0.135974
0.471706
-0.871209
-13.4566
64.5338

0.386263
-0.915084
-0.11585
-1.07823
0.420381

-0.386263
0.915084
0.11585
0.530525
0.0214557

0.41956
0.597439
-0.683401
0.799506
0.00676677

-0.41956
-0.597439
0.683401
-4.9308
5.83533

-0.36503
0.852036
-0.375217
0.257888
0.0348289

0.36503
-0.852036
0.375217
0.310876
0.030037

0.279258
-0.773898
-0.568416
0.546059
0.00940331

-0.218275
0.29838
0.929153
0.960361
0.000275664

-0.0317274
0.530342
-0.84719
-2.09952
1.0676

0.0317274
-0.530342
0.84719
0.699295
0.0101679

0.416001
-0.422076
0.805478
0.85112
0.00197961

-0.416001
0.422076
-0.805478
-0.313157
0.0878304

-0.293278
0.30866
0.90483
-0.177967
0.184023

0.293278
-0.30866
-0.90483
-0.872731
0.464974

-0.711197
-0.0818652
0.69821
0.841852
0.00407852

0.179935
-0.0493676
-0.982439
0.945039
0.00117166

-0.179935
0.0493676
0.982439
-17.3054
126.38

-0.195834
-0.602078
-0.774048
-1.36239
0.428105

0.195834
0.602078
0.774048
0.843449
0.00188214

-0.635835
-0.147342
0.757631
0.821672
0.00566037

-0.953802
0.177875
-0.24212
-0.655013
0.238221

0.953802
-0.177875
0.24212
0.489195
0.0227055

0.281106
0.846077
0.452916
0.828176
0.00203939

-0.281106
-0.846077
-0.452916
-0.568295
0.143928

0.648087
0.709981
-0.275519
0.684921
0.00735157

0.490481
-0.0586888
0.869474
0.889998
0.000715596

-0.490481
0.0586888
-0.869474
-0.711485
0.161688

0.0639068
-0.56244
-0.824365
-0.868504
0.35998

-0.0639068
0.56244
0.824365
0.350031
0.0464199

-0.026282
-0.788273
-0.614764
-0.441114
0.16189

0.026282
0.788273
0.614764
0.521424
0.0179276

0.391813
-0.182668
-0.901729
-17.2051
126.256

-0.391813
0.182668
0.901729
0.933131
0.00173658

0.165798
0.284669
0.94418
0.470196
0.0640587

-0.165798
-0.284669
-0.94418
-5.69778
10.1953

-0.67184
0.290942
0.681163
0.302855
0.0815804

0.0299963
0.927473
-0.372685
-0.715946
0.185298

-0.0299963
-0.927473
0.372685
0.820079
0.00205087

0.567898
-0.68075
-0.462678
0.998806
2.52426e-07

-0.887762
0.381188
-0.258022
-0.843642
0.385556

0.887762
-0.381188
0.258022
0.158305
0.0803793

-0.883198
0.374811
0.281919
-2.16273
0.749798

0.883198
-0.374811
-0.281919
0.961731
0.000111617

-0.435859
-0.131636
0.890336
0.116868
0.166445

0.435859
0.131636
-0.890336
-3.93386
5.19235

-0.962055
0.183882
-0.201586
0.718775
0.0060113

0.962055
-0.183882
0.201586
-0.852651
0.260626

-0.0816047
0.429368
0.899435
0.966464
0.000417319

-0.675262
-0.648195
0.351944
0.023236
0.172909

0.675262
0.648195
-0.351944
-2.63294
2.39178

-0.209004
0.929463
-0.304
-1.85616
0.800621

0.209004
-0.929463
0.304
0.763638
0.00549524

0.206666
0.806732
-0.553599
-0.226723
0.0632035

-0.206666
-0.806732
0.553599
0.90044
0.000433479

0.80044
-0.270796
-0.534758
-0.204695
0.0700565

-0.80044
0.270796
0.534758
0.840333
0.00162403

-0.912873
-0.29367
-0.283585
-0.425858
0.277699

0.912873
0.29367
0.283585
-0.673392
0.382472

-0.8321
0.388172
-0.396146
0.691859
0.00718683

0.8321
-0.388172
0.396146
-0.755847
0.23256

0.500397
-0.767411
-0.400853
0.737414
0.00237815

-0.500397
0.767411
0.400853
0.465873
0.00974356

-0.817336
-0.576161
0
0.836406
0.00171264

0.817336
0.576161
0
0.041093
0.0395871

0.587416
-0.100873
0.802974
0.242802
0.0845279

-0.587416
0.100873
-0.802974
-2.02876
1.34883

0.24028
0.48363
-0.841646
0.0248272
0.0991424

-0.24028
-0.48363
0.841646
-0.404253
0.205315

-0.0491424
0.739952
0.670862
0.830802
0.00323045

-0.438313
-0.77279
0.458997
0.64204
0.0118574

-0.745468
0.299278
-0.595576
-0.746949
0.521452

0.745468
-0.299278
0.595576
-1.1341
0.778082

-0.322089
-0.767173
-0.554711
-0.475173
0.200849

0.322089
0.767173
0.554711
0.299925
0.0453041

-0.165781
-0.61769
0.768749
0.774065
0.001426

0.165781
0.61769
-0.768749
0.61243
0.00409582

-0.240134
-0.928022
0.2848
0.89735
0.0012343

-0.422865
-0.831698
0.359809
0.957424
0.000130069

0.273893
0.468901
-0.839711
-0.709033
0.161463

-0.273893
-0.468901
0.839711
0.888592
0.000697375

-0.320786
0.532258
0.783453
0.892336
0.000907922

0.320786
-0.532258
-0.783453
-1.56395
0.492914

-0.701187
0.273041
0.658624
0.889863
0.00478947

-0.433442
0.68567
0.584794
0.699089
0.0122978

-0.0536141
0.81059
0.583155
0.730377
0.00534381

0.0536141
-0.81059
-0.583155
-0.795607
0.236477

0.689329
-0.134153
0.711919
0.708832
0.00167184

0.288984
0.00047789
0.957334
0.488102
0.00929267

-0.288984
-0.00047789
-0.957334
0.70868
0.0030801

-0.147715
0.814632
0.560853
0.701855
0.00914383

0.147715
-0.814632
-0.560853
-1.76916
0.784382

-0.285492
-0.763373
-0.579444
-1.58278
0.445689

0.285492
0.763373
0.579444
0.941787
0.000416171

0.108094
-0.00480516
0.994129
0.600391
0.0134737

-0.108094
0.00480516
-0.994129
-0.193228
0.0968711

-0.253043
0.322865
0.911991
0.9398
0.000246047

0.551574
-0.472401
0.687462
0.909804
0.00187504

0.584776
0.130696
0.800597
-16.6652
125.318

-0.584776
-0.130696
-0.800597
0.847137
0.00944331

0.474415
0.232589
0.849019
0.549253
0.0191258

-0.474415
-0.232589
-0.849019
-1.01703
0.382858

-0.305042
-0.320774
0.89669
0.929273
0.00131435

0.305042
0.320774
-0.89669
-10.9528
37.2918

-0.24076
0.24348
-0.939549
-0.325528
0.327295

0.24076
-0.24348
0.939549
-2.11645
1.8069

-0.190668
-0.943775
-0.270063
-1.48958
0.724782

0.190668
0.943775
0.270063
0.432898
0.0376273

-0.675141
0.331222
-0.659149
-0.452674
0.173726

0.675141
-0.331222
0.659149
0.45749
0.02432

-0.451961
0.143776
-0.880375
0.977806
0.000189779

0.451961
-0.143776
0.880375
-17.6648
126.784

0.735914
0.583291
-0.343805
0.966463
3.39481e-05

0.115511
-0.39599
0.910961
0.91784
8.51843e-05

0.963676
0.16144
-0.212757
0.887833
0.00051387

0.110115
-0.621469
-0.775661
-2.57271
2.02714

-0.110115
0.621469
0.775661
0.304615
0.0770023

0.190896
0.938293
0.288384
0.984806
1.84906e-05

0.742173
0.670208
0
-0.318081
0.149491

-0.742173
-0.670208
0
0.310233
0.0410198

0.0637298
-0.589332
-0.805373
0.840223
0.00153658

0.372989
-0.213831
0.90286
0.741049
0.00606551

-0.372989
0.213831
-0.90286
-0.470352
0.139865

0.0815361
-0.972921
0.21628
-0.334699
0.0905882

-0.0815361
0.972921
-0.21628
0.840472
0.00130125

-0.137892
-0.336754
-0.931441
-0.898541
0.286515

0.814653
0.376013
-0.441537
-0.683301
0.326785

-0.814653
-0.376013
0.441537
0.0156457
0.111797

0.958426
0.205876
0.197573
0.393998
0.0342255

-0.958426
-0.205876
-0.197573
-0.660197
0.256806

-0.615119
-0.358694
-0.702117
-7.22397
15.2452

0.615119
0.358694
0.702117
0.751261
0.0139544

-0.490476
0.802844
-0.338932
-1.77771
0.985965

0.490476
-0.802844
0.338932
0.403479
0.0455045

0.0671923
0.87032
0.487882
0.59891
0.0152517

-0.0671923
-0.87032
-0.487882
-1.15882
0.440464

-0.106918
0.755844
0.645963
0.952398
0.00044089

-0.364619
0.138804
-0.920753
-0.602684
0.39882

0.364619
-0.138804
0.920753
-0.922479
0.573845

0.891296
0.136568
-0.432366
-4.00589
4.29449

-0.891296
-0.136568
0.432366
0.591357
0.0286608

0.473777
0.394616
-0.787283
-7.67658
15.5715

-0.473777
-0.394616
0.787283
0.889843
0.00255119

-0.468861
0.563765
0.679955
0.877407
0.00357953

0.428651
0.0478543
0.902202
0.91371
0.000632767

-0.493415
0.0113245
0.869721
0.886931
0.00150949

0.493415
-0.0113245
-0.869721
-3.44035
2.32577

0.421876
0.624664
-0.657127
-0.46171
0.107638

-0.421876
-0.624664
0.657127
0.878143
0.000777622

0.136311
-0.00791257
0.990635
-0.967496
0.375207

-0.136311
0.00791257
-0.990635
0.488648
0.0254013

-0.166963
-0.788886
-0.591424
-2.63453
2.05447

0.166963
0.788886
0.591424
0.369005
0.0620351

0.895802
0.140389
0.421698
0.981338
6.66206e-05

-0.895802
-0.140389
-0.421698
-8.23898
15.8308

-0.77168
0.066484
-0.632527
-0.122251
0.0751648

0.77168
-0.066484
0.632527
0.642888
0.00761767

-0.129634
0.309018
-0.94218
-0.847209
0.193924

0.129634
-0.309018
0.94218
0.902504
0.000543003

0.563449
-0.394872
0.725673
0.571655
0.0108341

-0.563449
0.394872
-0.725673
0.286648
0.0275653

-0.558577
0.195429
0.806101
-6.15548
8.04458

0.558577
-0.195429
-0.806101
0.954929
0.000336996

0.332008
-0.358115
-0.872654
0.978191
2.33442e-05

0.860778
-0.278361
0.426117
0.589456
0.0406902

-0.860778
0.278361
-0.426117
-6.85809
14.8916

0.640584
-0.371478
-0.672054
0.0636387
0.058257

-0.640584
0.371478
0.672054
0.411015
0.0231104

0.84687
0.344888
0.404799
0.174851
0.154443

-0.84687
-0.344888
-0.404799
-4.57799
7.05441

-0.7782
-0.496571
0.384476
0.982188
7.33564e-05

0.444355
-0.795534
-0.411916
0.834063
0.00278486

-0.444355
0.795534
0.411916
-2.32244
1.11428

0.423373
0.251478
0.870353
0.902373
0.00176391

-0.423373
-0.251478
-0.870353
-6.71373
10.9422

-0.0514365
0.882155
0.468142
-0.0867815
0.208732

0.0514365
-0.882155
-0.468142
-2.26516
1.88326

-0.146518
0.850467
0.505212
0.365678
0.0345938

0.146518
-0.850467
-0.505212
-0.398544
0.1679

-0.213606
-0.362154
0.907313
-1.30385
0.614595

0.213606
0.362154
-0.907313
0.36788
0.0462771

-0.0321213
-0.43194
-0.90133
-0.92999
0.340164

0.0321213
0.43194
0.90133
0.551355
0.018553

0.90351
0.428566
0
-1.30385
0.599008

-0.90351
-0.428566
0
0.36788
0.06553

0.623053
-0.525877
0.579015
0.700464
0.00349218

0.382615
-0.12647
-0.915211
0.965754
0.000437955

-0.77995
0.625841
0
0.236789
0.047537

0.77995
-0.625841
0
0.133993
0.0597998

0.447078
-0.549413
-0.70588
0.364396
0.029833

-0.447078
0.549413
0.70588
-0.0621171
0.0830872

-0.877709
0.259226
0.403025
-0.666323
0.148931

0.877709
-0.259226
-0.403025
0.893594
0.000624831

-0.52298
-0.852345
0
-2.63453
2.02835

0.52298
0.852345
0
0.369005
0.0658331

-0.424985
-0.277543
0.861602
0.981616
6.42501e-05

-0.366172
0.109526
-0.924079
-6.82434
10.9923

0.366172
-0.109526
0.924079
0.926723
0.000973605

-0.437702
0.0451249
0.897987
0.903463
0.00106517

0.0504939
0.842507
0.536313
0.904585
0.000430744

-0.0504939
-0.842507
-0.536313
-0.391003
0.0882187

0.644386
0.396874
-0.65365
0.53045
0.0174902

0.23211
0.521197
-0.821267
-6.42879
10.7774

-0.23211
-0.521197
0.821267
0.821126
0.00632055

-0.494682
-0.312046
-0.811121
-2.62496
1.33316

0.494682
0.312046
0.811121
0.877709
0.00151919

0.59738
0.0952797
0.796278
0.912552
0.00240241

0.320856
-0.372028
0.871003
0.855579
0.00181506

-0.320856
0.372028
-0.871003
-1.73008
0.625898

0.118099
0.144575
0.982421
0.116821
0.105807

-0.118099
-0.144575
-0.982421
-1.40444
0.781779

-0.392396
-0.0231027
0.919506
0.896562
0.00287462

-0.967172
-0.254123
0
-1.74727
0.779786

0.967172
0.254123
0
0.684821
0.0104132

-0.891832
-0.0298432
-0.451381
0.599583
0.005372

0.891832
0.0298432
0.451381
0.64269
0.00427917

0.488543
0.0883258
-0.868058
-0.310216
0.168458

-0.488543
-0.0883258
0.868058
0.0708745
0.0848389

-0.75201
0.153146
0.641114
-3.39737
2.74456

0.75201
-0.153146
-0.641114
0.715079
0.0115893

0.204813
0.613311
-0.762824
-0.123291
0.0622318

0.284954
-0.666822
0.688585
-0.735284
0.21472

-0.284954
0.666822
-0.688585
0.734885
0.0051273

0.643528
0.0443914
0.764134
0.568067
0.0037276

0.261962
0.929695
0.258926
-2.17628
2.12422

-0.261962
-0.929695
-0.258926
-0.724524
0.626214

-0.157364
0.697584
-0.699009
-0.292826
0.0759034

0.157364
-0.697584
0.699009
0.884651
0.000635675

-0.776099
0.0875707
0.624501
-0.735941
0.133261

0.776099
-0.0875707
-0.624501
0.965588
5.43795e-05

-0.617172
0.419766
0.665504
0.666244
0.00568598

0.1991
-0.806831
0.556222
0.297874
0.0306525

-0.1991
0.806831
-0.556222
0.297874
0.0306525

-0.970345
-0.241726
0
0.624045
0.00441477

0.970345
0.241726
0
0.669181
0.00341958

0.683963
0.669706
-0.289288
-1.20015
0.289362

-0.683963
-0.669706
0.289288
0.936317
0.000293834

-0.0482969
-0.998177
0.0361995
0.863757
0.00224061

0.0482969
0.998177
-0.0361995
-3.37671
2.31048

-0.597303
-0.617383
0.511926
-0.0576181
0.101813

0.597303
0.617383
-0.511926
-0.00268054
0.0915188

0.83486
-0.00684968
0.55042
-0.683301
0.326754

-0.83486
0.00684968
-0.55042
0.0156457
0.111739

0.56229
0.82694
0
0.0295733
0.0682996

-0.56229
-0.82694
0
0.482633
0.0233771

0.484291
-0.125098
0.865918
0.546503
0.0336267

-0.484291
0.125098
-0.865918
-3.5108
3.32577

-0.915823
0.401583
0
-1.57968
0.911617

0.915823
-0.401583
0
0.144848
0.112247

-0.0145195
0.500797
-0.865443
-0.35213
0.152927

0.170221
-0.285487
-0.943145
-5.15346
5.93785

-0.170221
0.285487
0.943145
0.877619
0.00234999

0.654443
0.0541088
-0.754173
-0.674029
0.170342

-0.654443
-0.0541088
0.754173
0.830521
0.00175182

-0.919412
0.134416
0.369613
0.423367
0.0278063

0.919412
-0.134416
-0.369613
-0.431785
0.171415

0.903499
0.00762779
-0.428523
0.0525897
0.0674917

-0.903499
-0.00762779
0.428523
0.239685
0.0434841

-0.662041
-0.593364
-0.457843
-0.609033
0.367908

0.662041
0.593364
0.457843
-0.609033
0.367908

0.0855565
-0.532478
-0.842109
0.444915
0.0158118
