
0.550434
0.75838
-0.349116
-0.34898
0.120418

-0.550434
-0.75838
0.349116
0.653701
0.00795489

-0.689062
0.464917
0.555919
-2.46992
1.98127

0.689062
-0.464917
-0.555919
0.187585
0.108725

0.563752
0.201263
0.801047
-2.49214
0.999084

-0.563752
-0.201263
-0.801047
0.960895
0.000129078

-0.256291
0.781128
-0.569346
0.419488
0.0369818

-0.787002
0.61695
0
-0.685592
0.260591

0.787002
-0.61695
0
0.432968
0.0300292

-0.650341
-0.759642
0
-2.21807
2.92974

0.650341
0.759642
0
-2.21807
2.92974

-0.453606
0.766081
0.45537
0.174851
0.154456

0.453606
-0.766081
-0.45537
-4.57799
7.05415

0.972627
0.0670778
-0.22248
0.952849
0.00109882

-0.547849
-0.50928
-0.663698
0.75835
0.00204384

0.547849
0.50928
0.663698
0.429441
0.0111844

-0.150134
0.815769
0.558553
0.591572
0.00622527

0.150134
-0.815769
-0.558553
0.563889
0.00709712

-0.599587
0.384519
0.701883
0.998382
2.29595e-06

-0.558177
-0.183698
0.809131
0.745891
0.00445728

0.558177
0.183698
-0.809131
-0.685895
0.195959

0.0347822
-0.672735
0.739065
0.774852
0.00396175

-0.0347822
0.672735
-0.739065
-1.07486
0.330754

0.566375
-0.1697
0.806487
0.925242
0.00112795

-0.566375
0.1697
-0.806487
-7.84124
15.6731

-0.334726
-0.942316
0
0.447865
0.0418521

-0.339753
0.400194
0.851125
0.929013
0.0019345

0.339753
-0.400194
-0.851125
-17.1726
126.265

0.835412
0.135496
0.532661
-0.287222
0.414443

-0.835412
-0.135496
-0.532661
-4.14892
6.62848

0.0928783
-0.968637
0.230467
-0.0660269
0.065382

-0.0928783
0.968637
-0.230467
0.647544
0.00714905

-0.232423
-0.609435
-0.758003
-3.33202
3.23203

0.232423
0.609435
0.758003
0.402359
0.0616953

0.0892325
-0.648658
-0.755831
0.120952
0.0167418

-0.0892325
0.648658
0.755831
0.985951
4.37477e-06

-0.40071
-0.202957
0.893443
0.911818
0.000609375

0.40071
0.202957
-0.893443
-1.60964
0.497197

0.91994
-0.0998354
-0.379136
-0.953747
0.483768

-0.91994
0.0998354
0.379136
-0.00930262
0.129148

-0.912036
-0.41011
0
-1.32242
0.614887

0.912036
0.41011
0
0.392078
0.0467092

0.581755
-0.283836
-0.762232
0.944246
8.78463e-05

-0.581755
0.283836
0.762232
0.18357
0.0178457

0.588571
0.522748
0.6167
0.647544
0.00715091

0.699836
-0.170215
-0.693727
-0.92999
0.340135

-0.699836
0.170215
0.693727
0.551355
0.0184055

-0.866504
0.353737
-0.352194
0.938411
0.000270097

0.866504
-0.353737
0.352194
-1.68286
0.503833

0.591279
0.0349675
-0.805709
0.185658
0.0914745

-0.591279
-0.0349675
0.805709
-1.6077
0.935714

0.46546
-0.860721
-0.206172
-1.73506
0.457331

-0.46546
0.860721
0.206172
0.979728
2.5648e-05

0.360053
-0.551416
0.75253
-0.625291
0.190702

-0.360053
0.551416
-0.75253
0.685344
0.00723569

0.0694813
0.784066
0.616776
0.755889
0.00668729

-0.13562
0.816915
-0.560587
-0.349158
0.135354

0.13562
-0.816915
0.560587
0.530097
0.0164785

-0.818254
-0.39969
0.413169
-1.13104
0.399431

0.818254
0.39969
-0.413169
0.669289
0.00964885

0.562446
0.59785
0.571165
-0.558229
0.225983

-0.562446
-0.59785
-0.571165
0.33724
0.0408826

-0.330983
-0.0663969
0.941298
0.835333
0.00180262

0.330983
0.0663969
-0.941298
-0.796519
0.204901

-0.740932
-0.67158
0
0.419244
0.0207534

0.740932
0.67158
0
0.583303
0.0124039

0.856976
0.334736
0.391848
0.557914
0.0140426

-0.856976
-0.334736
-0.391848
-0.32271
0.12546

0.448302
0.549596
-0.704961
-4.97756
5.85954

-0.448302
-0.549596
0.704961
0.817767
0.00549971

-0.763325
0.452134
0.461422
0.382733
0.0277859

0.763325
-0.452134
-0.461422
-0.0707657
0.083586

0.638985
-0.110504
0.76124
0.507825
0.0140988

0.204435
-0.85353
-0.479263
-0.696804
0.196881

-0.204435
0.85353
0.479263
0.75587
0.00407668

0.731108
0.194771
-0.65387
-0.86701
0.28293

-0.731108
-0.194771
0.65387
0.660434
0.00943184

-0.585039
0.234109
0.776481
0.334609
0.027132

0.377008
-0.160435
0.912209
0.812767
0.00242129

-0.377008
0.160435
-0.912209
-0.82845
0.222743

-0.991075
-0.0880322
0.100108
-0.029788
0.149478

0.991075
0.0880322
-0.100108
-1.317
0.756701

0.467436
-0.327638
0.821071
-0.491695
0.17782

-0.467436
0.327638
-0.821071
0.517106
0.0187696

0.850775
0.350858
-0.391255
-0.22528
0.167906

-0.850775
-0.350858
0.391255
-0.308336
0.191439

-0.111393
0.930355
-0.34933
-0.291947
0.0797583

0.7995
0.478255
-0.363418
0.852768
0.000800734

-0.7995
-0.478255
0.363418
0.13163
0.0278161

-0.592743
-0.317056
-0.740359
0.902587
0.000308074

-0.0723034
-0.148676
0.986239
-13.7112
214.365

0.0723034
0.148676
-0.986239
-7.27504
67.8267

0.977741
0.209815
0
0.615231
0.0054987

-0.977741
-0.209815
0
0.542092
0.00778707

-0.918999
0.234097
0.317237
0.690414
0.0107308

0.918999
-0.234097
-0.317237
-2.0873
1.06545

0.594164
-0.284731
-0.752262
-0.794323
0.254464

-0.594164
0.284731
0.752262
0.660809
0.00918846

0.133241
-0.991084
0
0.273337
0.0471568

0.56321
0.102997
0.81987
0.0600314
0.106648

-0.56321
-0.102997
-0.81987
-0.886449
0.428772

0.341808
0.0538074
-0.938228
-2.63453
2.0547

-0.341808
-0.0538074
0.938228
0.369005
0.0620008

0.683368
0.391227
-0.6164
0.930623
0.000263813

-0.682472
0.365445
0.632994
0.142642
0.0533603

0.682472
-0.365445
-0.632994
0.212597
0.0450088

1
0
0
0.972239
6.09295e-05

0.321023
-0.278799
0.905105
0.973238
0.000136449

0.0526352
-0.0453907
-0.997582
-34.8584
1006.7

-0.0526352
0.0453907
0.997582
0.787818
0.0353765

-0.119931
0.577992
0.807181
-1.39416
0.431466

0.119931
-0.577992
-0.807181
0.861244
0.00145006

0.778193
-0.628025
0
0.931126
0.000290488

0.55257
-0.345523
0.758472
0.89011
0.00147179

-0.55257
0.345523
-0.758472
-1.4515
0.433985

0.376748
-0.379601
-0.844964
-0.641217
0.205723

-0.376748
0.379601
0.844964
0.636547
0.0102127

-0.930433
-0.366461
0
0.610794
0.0142765

0.309655
-0.752404
0.581379
0.891354
0.000847557

-0.309655
0.752404
-0.581379
-0.213149
0.0642696

0.582918
0.43619
-0.685525
-4.07326
3.55691

-0.582918
-0.43619
0.685525
0.851561
0.00304763

-0.0300841
0.927406
0.372846
0.658785
0.00527441

0.0300841
-0.927406
-0.372846
0.272349
0.0239785

0.0201061
-0.819735
0.57239
-0.79432
0.488198

-0.0201061
0.819735
-0.57239
-0.64169
0.408703

0.691872
0.652944
-0.308183
-1.83901
1.00296

-0.691872
-0.652944
0.308183
0.47062
0.0348978

0.0165244
-0.162884
0.986507
0.770137
0.015351

0.759612
-0.500938
-0.414791
0.735074
0.00479111

-0.759612
0.500938
0.414791
-0.617062
0.177631

-0.438312
0.323432
0.838614
0.302854
0.081744

0.438312
-0.323432
-0.838614
-2.87342
2.51587

0.322272
-0.0790042
0.943345
0.835941
0.00384809

-0.0519402
0.837845
0.543432
0.931921
0.00019057

0.0566621
0.0439947
0.997424
0.909277
0.000457389

0.127579
0.322067
0.938081
-0.444924
0.106954

-0.127579
-0.322067
-0.938081
0.866726
0.000975112

-0.921524
-0.38832
0
0.237196
0.0667437

-0.457851
0.889029
0
0.707798
0.0096825

0.457851
-0.889029
0
-2.11144
1.06942

0.0842235
0.424657
-0.901428
-4.74656
4.60628

-0.0842235
-0.424657
0.901428
0.91725
0.000956281

0.0205672
-0.707244
0.70667
0.646366
0.024403

0.210747
-0.718355
0.662987
0.239365
0.0621683

-0.210747
0.718355
-0.662987
-0.800323
0.347608

0.264699
0.69926
0.664056
-0.596055
0.36505

-0.264699
-0.69926
-0.664056
-0.648389
0.389356

-0.00267346
0.367955
0.92984
0.313476
0.0443038

0.00267346
-0.367955
-0.92984
-0.544677
0.224224

0.519675
-0.733576
0.437955
0.372886
0.0303994

-0.519675
0.733576
-0.437955
-0.174311
0.106582

-0.0956264
0.344032
0.934076
-1.41355
0.523944

0.0956264
-0.344032
-0.934076
0.731827
0.00659589

-1
0
0
0.786127
0.0197268

1
0
0
-2.05355
0.809908

-0.106639
0.177446
0.978336
0.82992
0.00170233

0.106639
-0.177446
-0.978336
-0.478834
0.122028

-0.894379
-0.0980345
0.436434
-3.12791
1.62922

0.894379
0.0980345
-0.436434
0.958231
0.000171639

0.139163
0.990269
0
-0.352268
0.212396

-0.139163
-0.990269
0
-0.270925
0.187727

0.67836
-0.355437
-0.643034
-0.854105
0.194355

-0.67836
0.355437
0.643034
0.905998
0.000522175

0.208974
-0.350241
-0.913051
-0.120866
0.0434018

-0.520373
-0.699987
-0.489112
-0.617062
0.177644

0.520373
0.699987
0.489112
0.735074
0.00480057

-0.265934
0.154847
-0.951473
-0.579683
0.112406

0.265934
-0.154847
0.951473
0.941471
0.000154801

-0.639013
-0.580249
-0.504949
0.31756
0.0297747

0.639013
0.580249
0.504949
0.236545
0.0372495

-0.0699077
0.367382
-0.927439
-1.96673
0.730228

0.0699077
-0.367382
0.927439
0.900285
0.000830583

-0.20213
-0.915227
-0.348573
0.979067
8.9173e-06

0.20213
0.915227
0.348573
0.403204
0.00602617

0.39062
-0.798516
0.458026
0.356384
0.0894727

-0.39062
0.798516
-0.458026
-4.79253
7.24657

0.60358
-0.741386
0.293321
-2.43261
1.96428

-0.60358
0.741386
-0.293321
0.141845
0.122802

0.467779
-0.221193
0.85572
-0.867356
0.507723

-0.467779
0.221193
-0.85572
-0.446078
0.304624

0.220727
0.963881
0.149042
-0.401707
0.501488

-0.220727
-0.963881
-0.149042
-4.06014
6.53519

-0.702328
-0.339799
-0.625518
0.399064
0.00843202

0.390289
-0.321431
0.862761
-1.93115
0.912573

-0.390289
0.321431
-0.862761
0.704593
0.00939012

0.624026
-0.457929
0.633161
0.673744
0.0106776

-0.624026
0.457929
-0.633161
-1.59118
0.673028

0.635999
-0.133669
0.760025
0.841993
0.00824206

0.696654
-0.36155
-0.619641
0.663132
0.00653287

-0.400101
-0.769793
0.49733
0.543058
0.0133431

0.400101
0.769793
-0.49733
-0.0595145
0.0715263

-0.590146
0.726265
-0.352515
-0.0821956
0.055208

-0.213999
0.106735
0.970985
0.268619
0.0860233

0.213999
-0.106735
-0.970985
-2.53988
2.01318

0.755127
0.0137232
-0.655435
0.965635
9.25463e-05

-0.138691
0.641356
-0.754604
0.994084
2.2583e-06

0.416617
-0.805586
0.421262
-1.13585
0.436842

-0.416617
0.805586
-0.421262
0.57433
0.0173605

0.520204
-0.41385
-0.747071
-4.75513
5.74781

-0.520204
0.41385
0.747071
0.721452
0.0135551

0.430243
-0.0101873
0.902656
0.854959
0.000239349

0.604162
-0.0200148
0.79661
0.221673
0.110347

-0.604162
0.0200148
-0.79661
-3.14492
3.12868

-0.994785
-0.102
0
0.876679
0.000204512

0.790197
-0.300305
0.534233
0.155439
0.0728917

-0.790197
0.300305
-0.534233
-0.527443
0.238206

-0.483327
-0.0824799
0.871546
-0.270925
0.190525

0.483327
0.0824799
-0.871546
-0.352268
0.215041

-0.11776
-0.843274
0.524424
0.892399
0.00216555

-0.682667
0.287027
-0.671998
-0.604859
0.188804

0.682667
-0.287027
0.671998
0.662869
0.00840539

0.359876
-0.818331
0.448133
0.30983
0.0168371

-0.359876
0.818331
-0.448133
0.803965
0.00138894

0.46354
0.408631
-0.786226
-9.17525
23.4306

-0.46354
-0.408631
0.786226
0.927626
0.0012126

-0.158559
0.930889
0.329097
0.875238
0.00139285

0.158559
-0.930889
-0.329097
-2.05992
0.833057

0.426106
0.904673
0
-2.31274
1.65609

-0.426106
-0.904673
0
0.307712
0.0725093

-0.840187
0.054227
0.539578
0.700101
0.00493629

0.840187
-0.054227
-0.539578
-0.0753765
0.0629743

0.100781
-0.829081
0.549971
0.0784837
0.0444508

0.371954
0.0206485
-0.928021
-9.11396
23.3849

-0.371954
-0.0206485
0.928021
0.916414
0.00164094

-0.0159861
-0.642914
-0.765772
-3.80813
2.87311

0.0159861
0.642914
0.765772
0.89558
0.00136427

0.830141
0.557553
0
0.875116
0.0048452

-0.183162
-0.732651
0.655496
0.600028
0.00584531

0.183162
0.732651
-0.655496
0.573517
0.00664503

0.820314
0.125011
-0.558084
-1.58566
0.605994

-0.820314
-0.125011
0.558084
0.769302
0.00486415

-0.355929
0.494928
-0.792692
-17.9242
126.975

0.355929
-0.494928
0.792692
0.992198
2.45832e-05

-0.920551
0.137757
0.365526
0.662043
0.00859849

-0.693308
0.572254
0.438006
-17.9542
127.033

0.693308
-0.572254
-0.438006
0.993378
1.62839e-05

-0.764878
-0.602258
-0.228575
0.8766
0.00162965

-0.995728
0.0923305
0
0.911157
0.000856374

0.995728
-0.0923305
0
-3.21517
1.92669

0.288477
-0.0360597
0.956807
0.947579
0.00139088

-0.993306
-0.115517
0
-0.101376
0.125976

0.993306
0.115517
0
-0.243344
0.160374

-0.0948666
-0.494656
0.863896
0.833993
0.00161208

-0.0215133
0.65656
-0.753967
0.989326
9.90667e-06

-0.238119
0.620138
-0.747481
0.993945
3.19136e-06

0.238119
-0.620138
0.747481
-0.450944
0.0647649

0.0584026
-0.85616
-0.513399
0.958101
0.00011997

0.12933
-0.177838
0.975524
0.973517
2.42199e-05

-0.12933
0.177838
-0.975524
0.606938
0.00216405

0.186463
0.539801
-0.820881
-17.2051
126.268

-0.186463
-0.539801
0.820881
0.933131
0.00173107

0.385376
0.530941
0.75471
0.745891
0.00452911

-0.385376
-0.530941
-0.75471
-0.685895
0.196044

-0.362196
0.286882
0.886856
0.878478
0.000461531

0.511428
0.66735
-0.541373
-0.318931
0.140785

-0.511428
-0.66735
0.541373
0.402478
0.0289534

0.29443
-0.723926
-0.623892
-0.456457
0.227755

-0.29443
0.723926
0.623892
0.000100851
0.107421

-0.299899
-0.424621
0.854259
0.895981
0.000701758

0.299899
0.424621
-0.854259
-1.10638
0.283234

-0.162754
-0.0344224
-0.986066
-24.193
301.083

0.162754
0.0344224
0.986066
0.98792
6.93753e-05

0.568115
-0.0155
0.822803
-0.672305
0.300477

-0.568115
0.0155
-0.822803
0.155748
0.0767548

-0.380132
0.285413
-0.879795
-0.154605
0.0578976

0.380132
-0.285413
0.879795
0.86822
0.000768051

0.173058
-0.685333
0.707368
0.459032
0.0174762

-0.619611
0.641654
-0.452064
0.172495
0.0678913

0.619611
-0.641654
0.452064
-0.471123
0.214428

-0.630539
0.649318
0.425214
0.19983
0.0761866

0.630539
-0.649318
-0.425214
-1.07077
0.509878

0.188802
-0.583468
-0.789885
0.699089
0.0064736

-0.188802
0.583468
0.789885
-0.638294
0.191779

0.114784
0.426778
0.897043
0.986542
1.81875e-05

-0.24491
-0.108356
-0.963472
0.351868
0.0253963

0.395219
-0.559802
0.728302
0.854076
0.00340456

-0.395219
0.559802
-0.728302
-5.07938
5.9079

0.302703
0.466897
0.83089
0.842714
0.00196962

0.852684
0.0389556
-0.520973
-0.749736
0.187689

-0.852684
-0.0389556
0.520973
0.844361
0.0014909

-0.433537
0.122729
-0.892739
0.576651
0.00509864

0.648405
-0.639531
0.413003
0.164136
0.0568817

-0.648405
0.639531
-0.413003
-0.0113946
0.0832582

0.0733928
-0.645929
-0.759861
0.833199
0.00174026

-0.0733928
0.645929
0.759861
-0.677678
0.170674

0.629535
0.676747
-0.381707
0.153319
0.0576217

-0.629535
-0.676747
0.381707
0.0248803
0.0764166

0.706733
0.566374
-0.423968
0.68519
0.00840348

0.37621
-0.294946
0.878335
0.763539
0.00485929

-0.37621
0.294946
-0.878335
-0.36311
0.111711

-0.483643
0.110966
-0.868203
0.425161
0.0233817

0.483643
-0.110966
0.868203
-0.0587585
0.0789074

-0.653686
-0.649348
-0.388642
-0.123832
0.102306

0.653686
0.649348
0.388642
0.26536
0.0437403

-0.536612
-0.686993
-0.489987
0.801965
0.00106469

0.536612
0.686993
0.489987
0.554421
0.0053849

-0.0180055
0.124626
0.99204
0.990198
3.34133e-05

-0.0868035
0.23884
0.967171
0.977055
0.000253884

0.0868035
-0.23884
-0.967171
-23.9874
300.845

0.282793
0.79841
0.531573
0.496179
0.00962184

-0.282793
-0.79841
-0.531573
0.638606
0.00495181

-0.000647599
-0.670806
-0.741632
-4.96326
5.85256

0.000647599
0.670806
0.741632
0.812291
0.00586019

0.513104
0.707948
-0.485319
0.414896
0.0389302

-0.513104
-0.707948
0.485319
-1.34042
0.622629

-0.329082
0.918864
0.217701
0.834383
0.00135753

0.329082
-0.918864
-0.217701
-0.169026
0.0643034

-0.889776
-0.436289
-0.133982
-1.20123
0.489586

0.889776
0.436289
0.133982
0.530287
0.0223585

-0.460545
0.785243
-0.413874
-0.711991
0.141518

0.460545
-0.785243
0.413874
0.94001
0.000179842

0.104887
0.923318
-0.369434
-0.23675
0.12512

-0.104887
-0.923318
0.369434
0.332435
0.0364802

-0.288903
0.730591
0.618686
-1.2184
0.727049

0.288903
-0.730591
-0.618686
-0.217246
0.219025

-0.213265
0.971448
-0.103957
0.496263
0.0231683

0.213265
-0.971448
0.103957
-0.804843
0.297386

0.939447
-0.0257574
-0.341726
0.731936
0.00860412

-0.939447
0.0257574
0.341726
-2.56551
1.51907

-0.419362
-0.701768
0.575897
0.71617
0.00197498

0.419362
0.701768
-0.575897
0.731935
0.00176243

-0.610086
-0.720991
0.328582
0.297874
0.0305963

-0.578018
0.340839
0.741434
0.473288
0.0243189

0.578018
-0.340839
-0.741434
-0.643935
0.236853

0.0679095
-0.101701
0.992494
0.989287
2.76368e-05

-0.471329
-0.684578
-0.556059
-11.3469
37.5347

0.471329
0.684578
0.556059
0.977643
0.0001273

-0.171456
-0.537426
-0.825697
-12.6506
63.4273

0.171456
0.537426
0.825697
0.763667
0.0190359

0.0305755
0.20425
0.978441
0.996818
2.89642e-06

-0.470544
-0.367309
0.802292
0.71839
0.00596422

0.470544
0.367309
-0.802292
-0.782841
0.2353

-0.610482
-0.79203
0
0.0110301
0.088506

0.610482
0.79203
0
0.102978
0.074001

-0.620842
-0.321476
-0.714988
0.796536
0.00230844

0.620842
0.321476
0.714988
-0.32055
0.0949721

-0.223859
0.265096
0.937876
-3.13753
8.47867

0.223859
-0.265096
-0.937876
-6.35559
26.7965

-0.834939
-0.0438446
0.548594
0.441177
0.00631934

-0.658893
-0.301455
0.689192
-1.22604
0.810564

0.658893
0.301455
-0.689192
-0.519094
0.377486

0.922611
-0.272578
-0.272927
0.632219
0.0483369

-0.922611
0.272578
0.272927
-12.2401
62.623

-0.549001
0.645379
-0.531116
-1.18268
0.716106

0.549001
-0.645379
0.531116
-0.291539
0.250824

-0.696398
-0.35515
-0.623617
0.637416
0.00417837

0.696398
0.35515
0.623617
0.644099
0.00402593

0.247904
0.139701
-0.958659
-22.0814
295.238

-0.247904
-0.139701
0.958659
0.692703
0.0523384

-0.519569
0.811464
0.267534
0.966322
0.000149041

0.519569
-0.811464
-0.267534
-4.98712
4.66398

-0.229882
-0.141129
0.962931
0.950681
0.000474824

0.712535
0.40645
-0.571921
-3.56188
3.34954

-0.712535
-0.40645
0.571921
0.58304
0.0280582

0.421987
-0.251657
0.870974
0.972955
7.0851e-05

-0.421987
0.251657
-0.870974
-3.20588
1.63803

0.509543
0.804229
-0.305912
-0.0208322
0.0508964

-0.181068
-0.579152
0.794856
0.49789
0.0481495

0.458459
0.738301
-0.494699
-2.63452
1.53646

-0.458459
-0.738301
0.494699
0.772842
0.00603375

0.323513
0.694413
0.642752
0.602535
0.0186015

-0.323513
-0.694413
-0.642752
-1.97714
1.03875

-0.572781
-0.411394
-0.708997
-0.18929
0.0650149

0.572781
0.411394
0.708997
0.851854
0.00104877

-0.258895
0.6315
0.730877
0.430752
0.0123096

0.258895
-0.6315
-0.730877
0.688748
0.00369518

-0.274127
-0.210434
0.938388
0.182713
0.229249

0.274127
0.210434
-0.938388
-9.01178
34.341

0.272137
0.0418549
0.961348
0.931793
0.00143932

-0.304805
-0.309309
-0.900789
0.935908
0.000330363

-0.373197
-0.277985
0.885126
0.742316
0.00754363

0.373197
0.277985
-0.885126
-2.36024
1.2779

-0.184793
0.982205
0.0335383
-10.4399
65.3776

0.184793
-0.982205
-0.0335383
-1.10916
2.22233

-0.819013
0.483471
-0.308989
0.240455
0.047212

0.819013
-0.483471
0.308989
-0.113015
0.101349

-0.428354
-0.700115
-0.571272
0.965539
0.00030471

-0.179852
-0.663624
0.726125
0.65379
0.00386026

0.88659
-0.462557
0
-0.743783
0.27085

-0.88659
0.462557
0
0.515199
0.0256807

0.87997
0.475029
0
0.9648
8.62645e-05

-0.71774
0.605996
-0.342957
0.540118
0.011982

0.71774
-0.605996
0.342957
0.14265
0.0415905

0.186816
-0.029606
-0.981949
-20.8829
288.688

-0.186816
0.029606
0.981949
0.31853
0.280359

-0.302911
-0.427401
-0.851806
0.71749
0.00397551

0.302911
0.427401
0.851806
0.0354621
0.0462427

-0.78337
-0.56305
0.263261
-0.28315
0.0587168

0.78337
0.56305
-0.263261
0.958328
6.36404e-05

-0.565276
0.760226
0.320188
-1.20183
0.489718

0.565276
-0.760226
-0.320188
0.530967
0.0222452

-0.674272
-0.114561
0.729544
-4.30982
6.79508

0.674272
0.114561
-0.729544
-0.0970721
0.290143

-0.113343
-0.109261
0.98753
0.419839
0.0304482

0.113343
0.109261
-0.98753
-0.282721
0.133797

0.283077
0.619654
-0.732049
0.0412507
0.0478573

-0.283077
-0.619654
0.732049
0.677982
0.00540024

0.151734
0.658534
-0.737095
0.995063
2.26673e-06

-0.522054
0.154547
-0.838794
-0.640586
0.157373

0.522054
-0.154547
0.838794
0.844678
0.00141731

0.748798
-0.581515
0.318028
0.293538
0.0249634

-0.748798
0.581515
-0.318028
0.556629
0.00984267

0.12363
0.550578
-0.825578
-0.506696
0.139386

-0.12363
-0.550578
0.825578
0.776187
0.00315522

0.326003
-0.869076
0.37206
0.920926
0.000510818

-0.326003
0.869076
-0.37206
-2.02181
0.736456

-0.0985228
-0.308235
0.946195
0.793493
0.00153783

0.0985228
0.308235
-0.946195
0.305906
0.017337

0.190971
-0.979127
-0.0695792
0.836437
0.00121188

-0.190971
0.979127
0.0695792
-0.117202
0.0565053

-0.357685
0.718606
-0.596378
0.0248272
0.0990345

0.357685
-0.718606
0.596378
-0.404253
0.205225

0.225428
0.132737
0.965175
0.875664
0.00205679

0.248662
-0.904609
0.346194
0.632789
0.00826543

0.283757
-0.915652
-0.284718
-0.71065
0.151128

-0.283757
0.915652
0.284718
0.917025
0.000359484

0.157159
0.955135
0.251033
-2.22437
0.666601

-0.157159
-0.955135
-0.251033
0.994462
2.17947e-06

0.517125
0.0949862
0.850623
0.92592
0.0012483

0.245146
0.428166
0.869814
0.457593
0.0124011

0.603551
0.486792
0.631474
-0.136016
0.0798032

0.146152
0.989262
0
-1.25267
1.15722

-0.146152
-0.989262
0
-1.94223
1.97236

-0.223892
0.789903
-0.570899
0.649705
0.00466273

0.223892
-0.789903
0.570899
0.491515
0.00977907

-0.385093
-0.403012
-0.830232
-1.41087
0.433152

0.385093
0.403012
0.830232
0.870078
0.0012637

-0.324249
0.803013
-0.500033
0.987036
6.35361e-06

0.324249
-0.803013
0.500033
-0.537798
0.0824746

0.768845
-0.00339173
-0.639426
-2.27702
1.43467

-0.768845
0.00339173
0.639426
0.510813
0.0319817

0.674169
-0.609315
0.41741
0.338647
0.0157244

-0.85693
-0.136971
-0.4969
0.82414
0.000710017

0.85693
0.136971
0.4969
0.642573
0.0029148

0.722076
0.216947
0.656918
0.634882
0.00240747

-0.722076
-0.216947
-0.656918
0.912458
0.000155987

0.417952
0.044883
0.90736
0.858313
0.00348603

0.952738
-0.0864923
0.29122
0.853802
0.00137

-0.952738
0.0864923
-0.29122
-0.888154
0.227345

-0.714207
-0.361435
0.599394
-0.239044
0.331397

0.358117
0.887401
-0.290297
0.946199
0.00026885

0.172052
0.71014
0.682715
0.848204
0.00757405

-0.172052
-0.71014
-0.682715
-12.9895
63.9654

0.476768
0.513766
-0.713258
0.140805
0.0490732

-0.476768
-0.513766
0.713258
0.345592
0.0284711

-0.137579
-0.147648
0.979424
0.512915
0.0332922

0.137579
0.147648
-0.979424
-2.51808
1.73356

-0.313996
0.559103
-0.76734
-6.93792
14.9758

0.313996
-0.559103
0.76734
0.628906
0.0327441

0.45985
0.358452
0.812435
0.839707
0.000294648

-0.902599
-0.0323559
-0.429265
-5.43615
7.72192

0.902599
0.0323559
0.429265
0.742554
0.012362

0.142003
-0.807483
0.572543
-0.560279
0.184491

-0.142003
0.807483
-0.572543
0.60993
0.0115344

0.879558
-0.24043
0.410574
0.0624992
0.036883

-0.642314
0.403488
-0.651637
0.995788
2.22006e-06

-0.0046684
-0.576676
0.816959
0.103327
0.0815983

0.0046684
0.576676
-0.816959
-0.438672
0.209968

-0.563965
0.706937
-0.42683
0.751954
0.00664029

-0.9816
-0.161822
0.10137
-0.255157
0.166739

0.9816
0.161822
-0.10137
-0.142772
0.138227

-0.675188
-0.701163
0.229108
0.492378
0.0242391

0.675188
0.701163
-0.229108
-0.882873
0.333322

0.801608
-0.198379
0.563977
0.646025
0.0133058

0.547344
0.524401
-0.652241
-4.591
5.65495

-0.547344
-0.524401
0.652241
0.634121
0.0243063

0.189308
-0.41227
-0.891177
0.513233
0.0750952

-0.189308
0.41227
0.891177
-9.6007
35.5084

-0.585586
0.300022
0.753044
-0.213588
0.138286

0.585586
-0.300022
-0.753044
0.0776459
0.0799557

-0.0727858
-0.997348
0
0.309504
0.0207586

0.0727858
0.997348
0
0.666726
0.00484322

-0.663931
-0.136096
-0.735305
-0.84361
0.45808

0.663931
0.136096
0.735305
-0.243957
0.208586

0.753816
0.657086
0
0.42796
0.0163458

-0.753816
-0.657086
0
0.44442
0.0154208

-0.069407
0.0500657
-0.996331
-3.16457
3.74196

0.069407
-0.0500657
0.996331
-0.239045
0.331366

0.503009
0.712628
-0.489023
-0.691786
0.171561

-0.772361
-0.376974
-0.511224
0.766707
0.00636258

0.55489
0.256438
0.791414
-0.545759
0.195787

-0.55489
-0.256438
-0.791414
0.512817
0.0195764

-0.953441
0.221323
-0.204857
-0.061152
0.144778

0.953441
-0.221323
0.204857
-0.927743
0.477789

-0.476024
-0.682618
-0.554467
9.05991e-05
0.0711265

0.476024
0.682618
0.554467
0.365969
0.0286413

0.222443
-0.130695
-0.966146
0.75171
0.0077793

-0.222443
0.130695
0.966146
-2.84949
1.83802

-0.698445
0.2114
0.683728
0.651376
0.0108295

0.698445
-0.2114
-0.683728
-1.11238
0.396827

0.309457
-0.087351
0.946893
0.932163
0.000193759

-0.0716635
0.971462
-0.226112
0.450083
0.0171339

0.0716635
-0.971462
0.226112
0.259123
0.0310916

0.848581
-0.0834924
0.522437
0.560138
0.0100498

-0.848581
0.0834924
-0.522437
0.244755
0.0295372

0.527533
0.791081
-0.309675
0.804256
0.00114287

-0.527533
-0.791081
0.309675
0.47965
0.00802562

-0.875031
-0.484068
0
0.722846
0.0286333

0.875031
0.484068
0
-10.117
35.0842

0.0739245
0.309628
-0.94798
-1.68172
0.558488

-0.0739245
-0.309628
0.94798
0.892731
0.00090776

-0.429963
0.281674
-0.857783
0.900379
0.00046004

0.429963
-0.281674
0.857783
-0.383998
0.0878961

0.644348
-0.764732
0
-1.70997
0.966305

-0.644348
0.764732
0
0.322514
0.060552

-0.908324
-0.418267
0
-0.337378
0.412222

0.908324
0.418267
0
-3.09573
3.50774

0.333233
-0.0941457
-0.938133
-0.540696
0.104522

-0.333233
0.0941457
0.938133
0.942284
0.000147512

0.21473
0.107317
0.97076
0.736083
0.00509137

-0.117612
-0.301619
0.946146
0.914184
0.000223327

0.117612
0.301619
-0.946146
0.227663
0.0172424

0.0896372
-0.00972554
0.995927
-0.745918
0.320311

-0.0896372
0.00972554
-0.995927
0.255982
0.0623752

-0.987697
-0.15638
0
-0.242846
0.181847

0.987697
0.15638
0
-0.426728
0.239622

0.288647
0.573172
-0.766914
-0.65447
0.130454

-0.288647
-0.573172
0.766914
0.935811
0.000218589

-0.00163931
-0.930081
-0.367351
0.978475
2.4589e-05

-0.066898
0.63312
0.771158
-3.04558
2.21168

0.066898
-0.63312
-0.771158
0.699089
0.0123374

0.858056
0.513555
0
0.155439
0.073146

-0.858056
-0.513555
0
-0.527443
0.238394

0.79929
-0.139461
-0.58454
0.987409
6.72058e-06

0.286368
-0.44711
0.8474
-1.90817
0.908225

-0.286368
0.44711
-0.8474
0.687375
0.0105261

-0.567293
-0.343472
0.748469
0.715409
0.00699467

0.567293
0.343472
-0.748469
-1.18243
0.406351

0.0935439
-0.989327
-0.111725
0.960505
9.43067e-05

-0.0935439
0.989327
0.111725
-1.44744
0.361768

0.198986
0.334289
0.921225
0.728776
0.00236568

-0.198986
-0.334289
-0.921225
0.569405
0.0058311

-0.609808
0.549545
-0.571082
-0.446078
0.304524

0.609808
-0.549545
0.571082
-0.867356
0.507692

0.282054
-0.349548
-0.893455
-4.24794
4.41731

-0.282054
0.349548
0.893455
0.730971
0.0116111

0.748096
-0.39078
-0.536325
0.375758
0.0172395

-0.748096
0.39078
0.536325
0.607344
0.00682734

-0.0130876
0.93732
0.348225
-0.257085
0.0502539

0.0130876
-0.93732
-0.348225
0.976145
1.82899e-05

-0.966092
0.161785
-0.201225
0.681258
0.0156384

0.966092
-0.161785
0.201225
-3.71513
3.42054

-0.397791
0.106842
-0.911234
-10.9946
37.3281

0.397791
-0.106842
0.911234
0.935781
0.00107362

0.364078
-0.766448
0.529155
0.68355
0.0129906

-0.364078
0.766448
-0.529155
-2.73933
1.80693

0.0328841
-0.1881
-0.981599
0.656922
0.00648833

-0.149839
-0.147385
0.977663
0.962709
0.000237493

0.297948
0.632898
0.71461
0.693956
0.00628224

-0.297948
-0.632898
-0.71461
-0.473784
0.145574

-0.845476
-0.534014
0
0.724166
0.0336272

0.845476
0.534014
0
-12.5159
60.7939

-0.281812
-0.601198
0.747759
0.509625
0.0308453

0.281812
0.601198
-0.747759
-2.06483
1.19938

0.156091
0.828765
-0.537387
0.952814
0.000682737

-0.156091
-0.828765
0.537387
-13.6163
64.7112

0.895969
-0.147274
0.418988
-1.03653
0.326532

-0.895969
0.147274
-0.418988
0.744168
0.00517694

-0.505345
-0.442749
0.740675
0.778737
0.00567678

0.505345
0.442749
-0.740675
-2.64508
1.53944

0.454963
0.0945522
0.885476
0.222006
0.125728

-0.454963
-0.0945522
-0.885476
-4.04091
5.27752

0.79144
-0.605816
-0.0812998
-0.43387
0.106226

-0.79144
0.605816
0.0812998
0.858847
0.00103778

0.0869974
-0.959086
-0.269415
0.371579
0.0324264

-0.0869974
0.959086
0.269415
-0.302096
0.139104

0.129509
-0.0249054
-0.991265
-9.61963
54.3388

-0.129509
0.0249054
0.991265
-1.19414
2.32069

-0.423404
-0.289026
0.8586
0.855704
0.000937736

0.423404
0.289026
-0.8586
-0.0651901
0.048031

-0.440566
-0.212697
0.872159
-0.237078
0.149718

0.440566
0.212697
-0.872159
0.0159392
0.0948318

-0.2835
-0.762252
-0.581893
0.843247
0.00195244

0.2835
0.762252
0.581893
-1.46744
0.482773

0.339326
-0.821371
-0.458483
-1.22188
0.492728

-0.339326
0.821371
0.458483
0.553361
0.0206554

-0.513324
0.298214
0.804715
-4.5167
14.8259

0.513324
-0.298214
-0.804715
-4.5167
14.8259

0.378934
0.149213
-0.913315
-4.09041
5.31172

-0.378934
-0.149213
0.913315
0.267611
0.110275

-0.384196
-0.298958
0.873509
-0.817789
0.350646

0.384196
0.298958
-0.873509
0.268991
0.05691

-0.11838
0.656013
0.745408
0.302752
0.0865097

0.11838
-0.656013
-0.745408
-3.22475
3.17427

0.420523
-0.200107
-0.884939
-0.860769
0.194765

-0.420523
0.200107
0.884939
0.909301
0.000504123

-0.808417
0.384393
0.445762
0.718063
0.00560793

0.808417
-0.384393
-0.445762
-0.656934
0.193444

-0.951916
-0.301304
0.0554283
-19.8761
249.924

0.951916
0.301304
-0.0554283
0.361158
0.234061

0.0120729
-0.0224213
0.999676
0.997028
2.51289e-06

-0.253241
0.32915
0.909687
0.882805
0.000416899

0.253241
-0.32915
-0.909687
0.275214
0.0159261

-0.0342466
-0.754473
0.655437
0.701031
0.014582

0.0342466
0.754473
-0.655437
-4.19044
4.38954

-0.35437
-0.568782
0.742233
0.780254
0.00238192

0.511507
0.859279
0
0.853067
0.00184054

-0.511507
-0.859279
0
-0.509414
0.125322

0.0977662
-0.129223
-0.986784
0.15808
0.03849

-0.0977662
0.129223
0.986784
0.571119
0.00999357

-0.524099
0.78874
-0.321262
0.970836
8.56102e-05

0.524099
-0.78874
0.321262
-3.46622
1.9648

-0.248286
0.820253
0.515305
-0.462766
0.199343

0.248286
-0.820253
-0.515305
0.276643
0.0488533

-0.012803
-0.198855
0.979945
0.998023
3.25081e-07

0.425662
-0.318198
-0.84709
-1.04786
0.461208

-0.425662
0.318198
0.84709
0.33131
0.0493731

-0.698284
0.615999
-0.364615
-0.242846
0.181822

0.698284
-0.615999
0.364615
-0.426728
0.2396

-0.604166
0.118784
0.787956
0.821117
0.00156138

-0.157255
-0.494115
-0.855056
0.555814
0.0116805

0.233005
0.197523
-0.952205
-11.0328
37.3596

-0.233005
-0.197523
0.952205
0.94143
0.00088531

-0.45622
0.294341
0.839778
0.80369
0.00374404

0.339681
-0.7849
0.518216
0.430505
0.0264607

-0.339681
0.7849
-0.518216
-0.383841
0.156159

-0.358187
-0.0162881
0.933508
0.951498
0.000207241

0.43124
0.0976539
-0.896937
0.47156
0.027302

-0.947968
-0.318367
0
0.543089
0.0267941

0.947968
0.318367
0
-0.765167
0.275637

0.488815
0.270862
-0.829273
-0.919306
0.24766

-0.488815
-0.270862
0.829273
0.829469
0.00202057

-0.681427
-0.161422
-0.713863
0.469648
0.0102201

0.681427
0.161422
0.713863
0.69805
0.00335341

-0.377459
-0.861385
0.339913
-6.50884
10.8343

0.377459
0.861385
-0.339913
0.846758
0.0045136

-0.363555
-0.509477
-0.779911
-0.305884
0.0764237

0.363555
0.509477
0.779911
0.893397
0.000545756

0.816077
-0.175704
0.550588
-1.9048
0.722136

-0.816077
0.175704
-0.550588
0.873648
0.00140602

-0.65751
0.269872
0.703456
-0.598536
0.165019

0.65751
-0.269872
-0.703456
0.768642
0.00351664

-0.658087
-0.563993
0.498833
0.451298
0.0228559

0.658087
0.563993
-0.498833
-0.256931
0.119908

-0.602246
0
0.798311
0.798014
0.00323711

0.602246
0
-0.798311
-1.19471
0.373728

0.248943
0.909045
0.334163
0.15721
0.0425951

-0.248943
-0.909045
-0.334163
0.464821
0.0171892

0.31561
0.00788729
0.948856
0.975246
0.000439942

-0.31561
-0.00788729
-0.948856
-36.6514
1015.8

-0.0415558
-0.198424
0.979235
0.154471
0.0282976

-0.363218
0.164981
-0.916981
-10.5851
36.9537

0.363218
-0.164981
0.916981
0.856974
0.00563308

-0.482888
0.780003
-0.398012
0.864502
0.00181364

-0.699054
-0.143821
0.700456
-2.91217
1.37329

0.699054
0.143821
-0.700456
0.963362
0.000131355

0.642075
-0.152581
-0.751305
-1.44573
0.528731

-0.642075
0.152581
0.751305
0.756104
0.00533401

-0.599197
0.720684
0.348679
-2.49491
1.49982

-0.48956
0.272415
0.828324
-3.17127
2.25164

0.48956
-0.272415
-0.828324
0.770865
0.00688528

0.708404
-0.665671
0.234618
0.938614
0.000148512

-0.708404
0.665671
-0.234618
-0.294322
0.0651477

0.999555
0.0298377
0
-0.904532
0.343087

-0.999555
-0.0298377
0
0.494575
0.0247384

0.761262
0.613507
-0.209972
0.908517
0.000219321

-0.761262
-0.613507
0.209972
0.346451
0.0111578

-0.863435
-0.00281847
0.504453
-1.12014
0.284224

-0.405734
-0.285935
-0.868113
0.648989
0.00220874

0.0419374
-0.921514
-0.386075
-0.423378
0.181908

-0.0419374
0.921514
0.386075
0.311182
0.0426335

-0.186563
-0.982443
0
0.397791
0.0537316

0.186563
0.982443
0
-2.39687
1.68582

-0.585778
-0.688239
0.428009
0.615311
0.0235289

0.405791
-0.548513
0.731072
0.767476
0.00147237

-0.405791
0.548513
-0.731072
0.603021
0.00429034

-0.516624
-0.241694
0.821391
0.958503
0.000520357

-0.752504
0.347897
-0.559202
-0.0284399
0.0553822

0.752504
-0.347897
0.559202
0.708259
0.00446664

0.760372
0.285577
0.583335
0.621402
0.0182172

-0.760372
-0.285577
-0.583335
-2.40736
1.47495

0.727936
-0.253048
0.637241
0.819988
0.00308259

-0.727936
0.253048
-0.637241
-1.94917
0.81611

0.301338
-0.254006
0.919063
0.485108
0.0988581

-0.301338
0.254006
-0.919063
-11.8723
61.7763

0.202569
0.115186
0.97247
0.966565
0.000333742

-0.202569
-0.115186
-0.97247
-13.7446
64.8297

-0.95545
-0.0852004
-0.282589
0.566334
0.0122292

0.95545
0.0852004
0.282589
-0.136772
0.0839399

-0.456253
0.768524
-0.448558
0.811916
0.00250691

0.456253
-0.768524
0.448558
-0.966322
0.271705

0.346927
0.654527
0.671741
-1.79466
1.43014

-0.346927
-0.654527
-0.671741
-0.478156
0.400287

-0.525672
-0.119474
-0.842256
-0.344537
0.0935327

0.525672
0.119474
0.842256
0.834057
0.00144534

0.763382
0.540991
0.352954
0.997697
3.84792e-06

-0.763382
-0.540991
-0.352954
-37.3195
1016.89

0.27258
0.0128914
0.962047
0.944625
0.000149925

0.732496
0.0213695
0.680436
0.76896
0.0134347

-0.318384
0.772427
0.549535
-0.0873458
0.116978

0.318384
-0.772427
-0.549535
-0.152255
0.131348

0.661505
0.659045
0.357869
0.993948
2.5775e-06

-0.661505
-0.659045
-0.357869
-2.36787
0.761635

0.0858033
0.905516
-0.415546
-0.0952972
0.0618181

-0.0858033
-0.905516
0.415546
0.759033
0.0033144

-0.875323
-0.24325
0.417899
0.851735
0.00107168

-0.536992
0.559942
-0.630956
-6.69834
14.6329

0.536992
-0.559942
0.630956
0.503078
0.0628074

-0.390088
0.386479
-0.835742
-3.74436
2.85647

0.390088
-0.386479
0.835742
0.874271
0.00201917

-0.576062
0.719466
0.38797
0.0708745
0.0846207

0.576062
-0.719466
-0.38797
-0.310216
0.16826

0.0438864
0.740893
0.670188
-0.934426
0.525251

-0.0438864
-0.740893
-0.670188
-0.284315
0.231648

0.669013
-0.0926422
0.737454
0.857633
0.00434081

-0.669013
0.0926422
-0.737454
-7.55088
15.4912

0.136311
-0.00791257
0.990635
-0.967496
0.375207

-0.136311
0.00791257
-0.990635
0.488648
0.0254013

0.555122
0.195434
-0.808483
0.96533
7.12632e-05

0.555977
-0.810153
-0.185853
0.671076
0.00612725

-0.555977
0.810153
0.185853
-0.0823321
0.0662503

-0.651501
-0.465782
-0.598827
-0.252325
0.113079

0.651501
0.465782
0.598827
0.514011
0.0170947

0.110277
0.398661
-0.910444
-0.45228
0.107292

-0.110277
-0.398661
0.910444
0.871809
0.000895295

-0.179248
0.960601
0.212405
0.372962
0.0369733

0.179248
-0.960601
-0.212405
-0.647
0.255013

0.67625
-0.647768
-0.350832
0.901306
0.000555358

-0.607255
-0.625474
-0.489921
-0.270597
0.312579

-0.00867628
0.153919
-0.988045
-0.711429
0.212406

0.00867628
-0.153919
0.988045
0.711949
0.00602606

-0.771579
-0.582229
-0.256271
0.838338
0.00057421

0.771579
0.582229
0.256271
0.652063
0.00263129

0.55451
-0.282688
-0.782692
-4.64208
5.68766

-0.55451
0.282688
0.782692
0.662868
0.0203122

-0.949655
0.150641
0.274704
-0.31789
0.0657708

0.949655
-0.150641
-0.274704
0.949372
9.93144e-05

-0.0196643
-0.163823
0.986294
0.492519
0.0295946

0.0196643
0.163823
-0.986294
-1.542
0.736474

-0.586837
-0.0418464
0.808623
-0.0891962
0.158818

0.586837
0.0418464
-0.808623
-1.02536
0.548453

0.966062
-0.136208
-0.219482
-3.45579
3.29831

-0.966062
0.136208
0.219482
0.504912
0.0407327

0.273201
0.49019
-0.827693
-1.15496
0.338996

0.275237
-0.173161
-0.945653
-4.85545
4.63485

-0.275237
0.173161
0.945653
0.94241
0.00045182

0.532726
0.142675
0.834174
0.491067
0.0180348

-0.532726
-0.142675
-0.834174
-0.126559
0.0877858

-0.33084
0.816451
-0.473236
0.582335
0.00856791

0.33084
-0.816451
0.473236
0.28163
0.0253384

0.925932
0.0293238
-0.376549
0.107182
0.0274267

-0.925932
-0.0293238
0.376549
0.889597
0.000427787

0.127759
-0.927225
-0.352038
0.864759
0.00269297

-0.493684
0.708467
0.504332
0.513233
0.0749734

0.493684
-0.708467
-0.504332
-9.6007
35.5235

-0.0881839
-0.780981
0.618299
0.577017
0.016196

0.0881839
0.780981
-0.618299
-0.951884
0.343229

0.30265
0.415657
0.85769
-0.144208
0.167034

-0.30265
-0.415657
-0.85769
-0.787812
0.407741

0.00956145
-0.665603
-0.746244
0.661733
0.00411801

-0.607397
0.490581
0.624819
0.307207
0.0488332

0.607397
-0.490581
-0.624819
-0.757177
0.314111

0.258197
0.393608
-0.882274
-0.376206
0.146157

-0.258197
-0.393608
0.882274
0.498853
0.0193981

0.61085
-0.742714
-0.274296
0.504057
0.011938

-0.61085
0.742714
0.274296
0.395015
0.0177585

0.140774
0.978642
-0.149811
-4.83963
7.28652

-0.140774
-0.978642
0.149811
0.39234
0.0789063

-0.371768
-0.0851612
0.924411
0.871562
0.00856785

0.371768
0.0851612
-0.924411
-22.9893
298.639

0.093584
0.0579576
0.993923
0.989996
2.21808e-05

0.348604
-0.00294655
0.937265
0.944432
0.000499978

0.426359
-0.452585
-0.783189
0.91116
0.000368191

0.383341
0.235436
0.893095
0.812554
0.00495795

0.381964
0.137763
0.913852
0.587133
0.0243862

-0.381964
-0.137763
-0.913852
-2.88279
2.15495

-0.860757
0.0634464
0.505046
0.558843
0.029807

-0.697049
-0.295432
-0.653331
0.221171
0.0394337

0.697049
0.295432
0.653331
0.305305
0.0313754

0.88546
0.026156
0.463979
-0.143106
0.0728135

0.973847
0.0553645
0.220356
-0.0299737
0.0634556

-0.876131
-0.482074
0
-2.45127
1.29429

0.876131
0.482074
0
0.795798
0.00487828

-0.255488
0.709522
-0.656738
0.951083
7.84517e-05

-0.0515853
-0.755216
-0.653443
0.922011
0.00057752

0.413421
-0.806623
0.422424
0.204946
0.0650825

-0.413421
0.806623
-0.422424
-0.622555
0.270878

0.615128
0.598431
0.513321
0.686042
0.00601394

-0.16207
-0.761872
-0.627123
0.0954007
0.0494057

0.16207
0.761872
0.627123
0.501389
0.0150137

-0.441703
0.756647
-0.482063
0.90634
0.000637018

0.441703
-0.756647
0.482063
-1.48782
0.440396

-0.540639
-0.161892
-0.82553
-3.32848
2.71969

0.540639
0.161892
0.82553
0.673824
0.0154488

-0.998888
-0.0471416
0
-0.744599
0.337807

0.998888
0.0471416
0
0.138533
0.082405

0.326896
0.0943001
0.940344
0.91458
0.000341485

-0.326896
-0.0943001
-0.940344
-0.482981
0.102401

0.827875
-0.289646
0.480342
0.58304
0.0280388

-0.827875
0.289646
-0.480342
-3.56188
3.34988

-0.845926
0.0169896
0.53303
0.614857
0.0121128

-0.0690611
-0.579999
-0.811684
0.680747
0.00249695

0.0690611
0.579999
0.811684
0.763371
0.0013745

0.367765
0.59354
-0.715863
-2.25196
1.10024

-0.367765
-0.59354
0.715863
0.796754
0.00435757

-0.447877
-0.541481
-0.711481
0.990408
5.49112e-06

0.360727
-0.427064
-0.829152
-12.563
63.267

-0.360727
0.427064
0.829152
0.738368
0.0235693

-0.588051
-0.554654
-0.588688
0.859597
0.000911879

0.293248
0.457101
0.839681
-0.831635
0.49824

-0.293248
-0.457101
-0.839681
-0.539073
0.351893

-0.618994
0.448283
-0.644895
0.730971
0.0116153

0.618994
-0.448283
0.644895
-4.24794
4.41716

-0.789584
-0.106294
0.604367
0.250293
0.0365376

0.789584
0.106294
-0.604367
0.27832
0.0338584

-0.58899
0.53508
0.605624
0.836904
0.0012711

0.58899
-0.53508
-0.605624
-0.200738
0.0685555

0.520466
0.0829448
-0.849845
-23.2874
299.365

-0.520466
-0.0829448
0.849845
0.912566
0.00391827

0.78517
0.118594
0.607819
0.723104
0.0039753

-0.78517
-0.118594
-0.607819
-0.0053792
0.0513487

0.140363
0.724194
-0.675161
-2.69443
1.55125

-0.140363
-0.724194
0.675161
0.805022
0.00432645

0.2005
-0.37841
-0.903662
-6.63965
10.8965

-0.2005
0.37841
0.903662
0.883878
0.00257468

-0.769788
0.433331
-0.468669
-1.37121
2.1384

0.769788
-0.433331
0.468669
-5.96847
18.4663

0.594868
0.803824
0
-0.227885
0.144338

-0.594868
-0.803824
0
0.112856
0.0777566

-0.418551
-0.74095
0.525175
-1.10932
0.334439

0.418551
0.74095
-0.525175
0.8003
0.00300532

-0.446719
-0.607108
0.657163
-0.425858
0.277706

0.446719
0.607108
-0.657163
-0.673392
0.382477

-0.55881
-0.811114
0.172702
-1.64548
0.500777

0.55881
0.811114
-0.172702
0.925525
0.000398203

0.825364
0.0424362
0.563004
0.768308
0.00444446

-0.825364
-0.0424362
-0.563004
-1.24872
0.414864

0.495456
-0.800554
-0.337102
-1.97714
1.03901

-0.495456
0.800554
0.337102
0.602535
0.0185431

-0.686586
-0.716656
0.12249
0.214881
0.0467907

0.686586
0.716656
-0.12249
0.0620193
0.066783

0.507151
0.600819
0.617912
-7.19698
15.2165

-0.507151
-0.600819
-0.617912
0.740934
0.0152581

0.899195
-0.401082
-0.174874
0.564856
0.0106919

-0.899195
0.401082
0.174874
0.108465
0.0448638

0.882137
-0.418403
-0.216271
-1.54528
0.403882

-0.882137
0.418403
0.216271
0.960957
9.6135e-05

0.115543
0.242044
0.963361
0.959725
0.000190687

0.936695
0.00691459
0.35008
-2.8109
1.82871

-0.936695
-0.00691459
-0.35008
0.729006
0.00926611

0.538472
0.729784
-0.421265
-0.504552
0.103264

-0.538472
-0.729784
0.421265
0.925701
0.0002595

-0.0126101
-0.147265
0.989017
0.888786
0.000916916

0.0126101
0.147265
-0.989017
-1.44868
0.436798

-0.710374
0.0487721
0.702133
0.424133
0.0458848

0.710374
-0.0487721
-0.702133
-2.18817
1.40531

-0.948556
-0.31661
0
-0.831635
0.498175

0.948556
0.31661
0
-0.539073
0.351744
