
-0.192225
-0.309973
0.93111
0.919296
0.000701732

-0.085341
0.455591
-0.886089
0.775405
0.00289656

-0.382055
0.830739
0.404853
-0.378472
0.0787276

0.382055
-0.830739
-0.404853
0.934483
0.000179408

0.0218974
-0.455147
0.890147
0.849545
0.00173915

-0.0218974
0.455147
-0.890147
-1.27541
0.382184

-0.196269
0.602528
-0.773588
-4.28341
4.43052

0.196269
-0.602528
0.773588
0.748492
0.0101277

-0.411227
0.714919
0.565494
0.302854
0.0815707

0.411227
-0.714919
-0.565494
-2.87342
2.51725

0.344179
0.133935
0.929302
0.940589
0.00262669

-0.344179
-0.133935
-0.929302
-36.1315
1013.78

0.758713
0.148574
0.634256
0.684943
0.014392

-0.758713
-0.148574
-0.634256
-3.34649
2.72546

0.575274
-0.586904
-0.56974
-1.93412
1.31397

-0.575274
0.586904
0.56974
0.117626
0.118955

-0.38778
0.270517
0.881162
0.80092
0.00124886

-0.174428
-0.152971
0.972715
0.967739
0.000226802

-0.269727
0.277966
-0.921945
-0.555401
0.19687

0.269727
-0.277966
0.921945
0.526536
0.0184133

0.636922
-0.565768
0.523677
0.569372
0.00808734

-0.636922
0.565768
-0.523677
0.445121
0.0134007

-0.252224
-0.108715
0.961543
0.900744
0.00203424

-0.569647
0.180463
-0.801833
-5.69359
7.86512

0.569647
-0.180463
0.801833
0.841572
0.00442131

0.348771
0.0597564
0.935301
0.914732
0.00042869

-0.786854
-0.500932
-0.360454
-2.97202
2.56509

0.786854
0.500932
0.360454
0.399293
0.0587092

0.568076
-0.662029
0.488884
0.393165
0.0254161

-0.568076
0.662029
-0.488884
0.0170232
0.0666791

-0.475695
-0.0734103
0.876541
0.936229
0.000725957

0.755073
0.140276
0.640459
0.549919
0.00602428

0.327965
0.219018
-0.918951
-0.674901
0.139915

-0.327965
-0.219018
0.918951
0.923666
0.000291204

-0.868168
0.496271
0
0.144848
0.118864

0.868168
-0.496271
0
-1.57968
0.901511

-0.452135
0.430416
-0.781227
-0.84361
0.458122

0.452135
-0.430416
0.781227
-0.243957
0.208723

-0.288648
-0.0117434
0.957363
0.926472
0.000282173

0.924453
-0.101278
0.367599
-2.83695
1.8362

-0.924453
0.101278
-0.367599
0.744471
0.00816354

0.0648176
-0.846974
0.527669
0.926862
0.00108302

-0.0648176
0.846974
-0.527669
-7.84971
15.6753

-0.552839
-0.0213459
0.833015
0.769302
0.00482869

0.552839
0.0213459
-0.833015
-1.58566
0.606126

0.632512
0.162628
0.757285
0.518383
0.00666711

-0.632512
-0.162628
-0.757285
0.804966
0.0011341

-0.494744
0.869039
0
0.936991
0.0003368

0.494744
-0.869039
0
-1.67853
0.502689

0.481309
-0.604351
-0.634903
-0.844706
0.208826

-0.481309
0.604351
0.634903
0.866791
0.00158377

0.12641
-0.157064
-0.979465
0.634733
0.00296174

-0.12641
0.157064
0.979465
0.838508
0.000580011

-0.98195
0.189139
0
0.988806
1.46632e-05

0.309446
-0.253314
-0.916556
0.257367
0.0362276

-0.309446
0.253314
0.916556
0.257367
0.0362276

-0.770606
0.54323
-0.333268
0.996507
3.66625e-06

0.588584
0.808436
0
-0.456457
0.230196

-0.588584
-0.808436
0
0.000100851
0.110504

-0.0278271
0.265558
0.963693
0.433122
0.0230854

0.0278271
-0.265558
-0.963693
-0.0956532
0.0856578

0.540536
0.711796
0.448517
0.506944
0.050097

-0.64816
-0.547178
0.529608
-0.535854
0.11081

0.442385
-0.516789
0.732956
-0.591357
0.309799

-0.442385
0.516789
-0.732956
-0.195287
0.174877

-0.586639
0.809849
0
0.622789
0.0121714

0.586639
-0.809849
0
-0.909622
0.311278

0.0153904
-0.197036
0.980275
0.152607
0.218514

-0.0153904
0.197036
-0.980275
-7.37017
21.2758

-0.0606529
0.656912
0.751524
0.762277
0.00633067

0.0606529
-0.656912
-0.751524
-2.3927
1.28553

-0.193518
0.891066
0.410551
0.613443
0.0167283

0.193518
-0.891066
-0.410551
-1.81798
0.888539

-0.520198
0.145266
0.841601
0.992245
1.55592e-06

0.852159
-0.47729
-0.214522
-0.797533
0.320516

-0.852159
0.47729
0.214522
0.371397
0.0393835

0.131663
0.695899
0.705968
0.875429
0.00102574

-0.131663
-0.695899
-0.705968
-0.993125
0.253461

0.532123
-0.321958
0.783063
-3.56319
2.80338

-0.532123
0.321958
-0.783063
0.800761
0.00534522

0.790197
-0.300305
0.534233
0.155439
0.0728917

-0.790197
0.300305
-0.534233
-0.527443
0.238206

0.242841
-0.530471
-0.812175
-0.877328
0.284845

-0.242841
0.530471
0.812175
0.670996
0.0105263

0.730844
0.0262755
0.682038
-0.507002
0.0868097

-0.730844
-0.0262755
-0.682038
0.97093
3.32053e-05

0.190839
0.850302
-0.490477
0.542696
0.00945644

-0.00833953
0.9809
0.194335
-0.653684
0.107715

0.00833953
-0.9809
-0.194335
0.979256
1.74232e-05

-0.207822
0.645946
-0.73455
0.729393
0.007163

0.123613
-0.0979343
-0.987486
-0.0497928
0.0456309

-0.123613
0.0979343
0.987486
0.862114
0.000858747

0.283628
0.935432
0.211003
0.746806
0.00535399

-0.283628
-0.935432
-0.211003
-1.22069
0.411387

-0.135975
0.259124
0.956225
0.967349
7.46406e-05

0.135975
-0.259124
-0.956225
-1.78765
0.511146

-0.412371
0.00510887
-0.911002
-3.26764
3.81819

0.412371
-0.00510887
0.911002
-0.101887
0.254807

0.0577636
-0.331267
-0.941767
-12.1063
62.33

-0.0577636
0.331267
0.941767
0.582069
0.063385

-0.977349
-0.211633
0
0.649547
0.00346624

0.977349
0.211633
0
0.736175
0.00199939

0.192084
-0.382279
-0.903862
-7.29925
15.3095

-0.192084
0.382279
0.903862
0.77878
0.0108806

-0.283181
-0.255483
-0.924412
-1.01666
0.416972

0.283181
0.255483
0.924412
0.429419
0.0335934

-0.192868
-0.848041
0.493588
0.412802
0.0284089

-0.10083
0.525379
0.844873
0.897737
0.00408827

-0.600537
0.388435
0.698909
0.851958
0.00151888

0.600537
-0.388435
-0.698909
-1.02671
0.27697

-0.203854
0.595479
-0.777077
-1.68016
0.688661

0.203854
-0.595479
0.777077
0.742672
0.00636985

0.89905
0.437846
0
0.377455
0.0225584

-0.89905
-0.437846
0
0.415177
0.0200648

0.803662
0.0804098
-0.589628
-1.42167
0.876819

-0.803662
-0.0804098
0.589628
-0.115074
0.186031

-0.723604
-0.575754
-0.380664
-1.28531
0.554041

0.723604
0.575754
0.380664
0.496494
0.0269293

-0.978264
0.113408
-0.173606
-0.0972238
0.1055

-0.0144165
0.552126
0.833636
0.85814
0.0019151

-0.951056
0.0529954
0.304442
0.572423
0.0127581

0.717728
-0.683798
0.131478
0.901115
0.000845133

-0.486903
-0.0806841
-0.869722
-6.41132
10.7654

0.486903
0.0806841
0.869722
0.81523
0.00677458

0.410073
-0.528759
0.743138
-1.17901
0.585965

-0.410073
0.528759
-0.743138
0.186235
0.0817351

-0.52799
-0.849251
0
-0.64169
0.408677

0.52799
0.849251
0
-0.79432
0.488182

-0.00283072
0.0418382
0.99912
0.892039
0.000852648

0.00283072
-0.0418382
-0.99912
-1.45564
0.4375

0.151905
-0.700641
-0.697156
0.489277
0.0158844

-0.151905
0.700641
0.697156
0.101292
0.0491346

-0.732723
-0.680527
0
0.529724
0.0170736

0.732723
0.680527
0
0.147798
0.0474277

0.875283
0.153351
-0.458654
0.850322
0.0011431

0.67327
0.573922
-0.466177
-5.3442
7.66227

-0.67327
-0.573922
0.466177
0.70018
0.017151

0.265258
0.822872
0.502513
0.104536
0.128675

-0.265258
-0.822872
-0.502513
-2.14813
1.58917

0.520121
-0.186293
0.833528
0.850293
0.00396944

0.781755
0.520293
0.343736
0.71431
0.0106563

-0.781755
-0.520293
-0.343736
-2.78698
1.81795

0.319706
0.678711
-0.661165
-0.173088
0.0862749

-0.319706
-0.678711
0.661165
0.622108
0.00896995

-0.0929683
0.169599
0.981118
0.858547
0.0104483

0.0929683
-0.169599
-0.981118
-22.9057
298.394

-0.217895
-0.823222
0.524241
0.641254
0.00620813

-0.629265
0.363364
0.687017
0.681944
0.0146142

0.629265
-0.363364
-0.687017
-3.28346
2.62334

-0.408707
-0.355456
0.840601
0.828837
0.00111721

0.408707
0.355456
-0.840601
0.154108
0.0272797

-0.842185
0.0539162
-0.536486
0.856946
0.000859048

0.069297
0.974739
-0.212323
-0.0362325
0.0489026

-0.069297
-0.974739
0.212323
0.805419
0.00172869

0.0774057
0.613565
-0.785841
-0.0905888
0.0993991

-0.0774057
-0.613565
0.785841
0.186561
0.0553177

0.251726
-0.373496
0.892824
0.900982
0.000714477

-0.406418
0.795854
-0.448821
-2.37131
1.2805

0.406418
-0.795854
0.448821
0.749241
0.00711288

-0.80971
-0.102654
-0.577781
0.907199
0.000529853

-0.38269
-0.844941
0.373661
-0.730069
0.214144

0.38269
0.844941
-0.373661
0.729981
0.00523586

-0.0851004
0.788956
0.608529
0.648057
0.0136104

0.0851004
-0.788956
-0.608529
-1.85864
0.897647

-0.839862
-0.27065
0.470511
0.877407
0.00045309

0.839862
0.27065
-0.470511
0.332547
0.0130284

0.646772
0.186283
0.739584
0.766706
0.00636002

0.0476115
-0.804867
0.591542
-0.773947
0.154012

0.00761953
0.173737
0.984763
0.488648
0.0255701

-0.00761953
-0.173737
-0.984763
-0.967496
0.375221

-0.0440749
0.993305
0.106781
0.449998
0.029886

0.0440749
-0.993305
-0.106781
-0.938085
0.370541

-0.25046
0.286555
0.924747
0.326939
0.030401

0.242707
0.774508
0.584149
0.801267
0.00235252

-0.242707
-0.774508
-0.584149
-0.488564
0.129967

-0.31584
-0.792664
-0.521468
0.993266
2.24029e-05

0.0158806
0.0885434
0.995946
0.964675
0.000213535

-0.327316
-0.303519
0.894841
0.972249
7.11124e-05

0.895441
0.0105145
0.445057
0.938047
0.000212264

-0.895441
-0.0105145
-0.445057
-0.989355
0.216992

-0.0650621
-0.471035
0.879712
0.883584
0.00120058

-0.501499
0.245705
0.829535
0.837646
0.00244253

-0.683449
0.105078
0.722396
-0.145525
0.11

0.683449
-0.105078
-0.722396
0.225568
0.0502839

-0.576267
0.81667
0.0310882
0.304437
0.011324

0.576267
-0.81667
-0.0310882
0.946901
6.60447e-05

0.215934
0.859918
0.462508
0.793124
0.0229761

-0.215934
-0.859918
-0.462508
-22.5379
297.088

0.47011
0.679422
0.563368
0.387035
0.0966873

-0.47011
-0.679422
-0.563368
-6.50884
14.4928

0.420681
-0.599087
-0.681265
-0.992135
0.450293

-0.420681
0.599087
0.681265
0.24558
0.0647112

0.329054
0.702014
0.631585
0.655096
0.00507934

-0.329054
-0.702014
-0.631585
0.364743
0.0171003

-0.888617
0.372335
-0.267819
0.537252
0.00720031

-0.304248
0.627362
0.716833
0.756618
0.00152636

0.782512
-0.417241
-0.462152
0.90983
0.000511486

-0.782512
0.417241
0.462152
-1.13563
0.285336

0.504652
0.167765
0.846865
-0.258983
0.197036

-0.504652
-0.167765
-0.846865
-0.566282
0.304951

-0.173187
-0.133679
0.975775
0.977637
6.78311e-05

-0.297759
0.672466
0.67759
0.726398
0.00603861

0.297759
-0.672466
-0.67759
-1.01571
0.324152

0.171271
-0.924493
-0.340558
-0.0632198
0.0498859

-0.655278
-0.318434
0.68499
0.679413
0.0015687

0.655278
0.318434
-0.68499
0.92675
8.59574e-05

-0.0251371
-0.818707
-0.573661
0.32511
0.0340917

0.0251371
0.818707
0.573661
-0.0442548
0.0816165

0.653303
0.634065
0.413712
-0.133642
0.137113

-0.653303
-0.634065
-0.413712
-0.28463
0.176051

-0.327437
0.944873
0
-1.4665
0.482645

0.327437
-0.944873
0
0.842714
0.0019719

-0.647811
-0.16802
-0.743041
-0.425858
0.277817

0.647811
0.16802
0.743041
-0.673392
0.382551

0.4558
0.307764
0.835181
0.835709
0.00153252

-0.607629
0.557678
-0.565493
0.832101
0.00243175

-0.265299
0.631281
-0.728767
0.974355
2.79173e-05

0.539474
-0.290328
0.790366
0.138532
0.0823837

-0.208027
0.0978066
-0.973221
-6.5653
10.8547

0.208027
-0.0978066
0.973221
0.863491
0.00361194

0.208616
-0.100483
0.972822
0.96836
7.40899e-05

0.675942
0.580326
-0.454229
-2.42288
1.69912

-0.675942
-0.580326
0.454229
0.4239
0.0481475

0.0243343
0.375381
-0.926551
-8.89761
23.2248

-0.0243343
-0.375381
0.926551
0.869663
0.00409501

0.174006
-0.070536
0.982215
0.0868642
0.0831774

-0.174006
0.070536
-0.982215
-0.372079
0.187697

0.674373
0.323495
0.663756
-5.69778
10.1996

-0.674373
-0.323495
-0.663756
0.470196
0.0639511

-0.753965
-0.0709965
0.653066
0.551452
0.00715117

0.753965
0.0709965
-0.653066
0.642981
0.00453522

-0.201081
-0.838093
0.507116
0.561171
0.0240517

0.201081
0.838093
-0.507116
-2.12055
1.2159

0.490227
0.82599
-0.27824
0.306679
0.0271534

-0.490227
-0.82599
0.27824
0.412362
0.0195106

0.563875
0.186255
-0.804583
0.972012
6.60974e-05

-0.563875
-0.186255
0.804583
-2.54661
1.00373

-0.0867056
-0.175524
0.980649
0.986117
3.62592e-05

0.0867056
0.175524
-0.980649
-8.29499
15.8465

-0.795999
0.277162
0.538114
0.71395
0.0169597

0.197654
0.942361
-0.269978
0.497273
0.0142965

-0.197654
-0.942361
0.269978
0.202809
0.0359285

0.166727
0.959271
-0.228038
-0.0159566
0.0795076

-0.166727
-0.959271
0.228038
0.258758
0.0423296

-0.662065
0.0282248
0.748915
0.0483892
0.0914396

0.662065
-0.0282248
-0.748915
-0.355617
0.185513

-0.274924
-0.4914
0.826403
0.731828
0.0303259

0.274924
0.4914
-0.826403
-16.1631
124.165

0.0722129
0.530512
0.844596
0.369843
0.0589026

-0.0722129
-0.530512
-0.844596
-2.36989
1.67808

0.226224
-0.974075
0
0.920728
0.000788522

-0.226224
0.974075
0
-3.89384
2.89122

-0.0830558
-0.38839
-0.917745
-0.927743
0.477798

0.0830558
0.38839
0.917745
-0.061152
0.144839

0.656572
0.0909278
-0.748763
-3.68084
4.10163

-0.656572
-0.0909278
0.748763
0.341758
0.0813053

0.51951
-0.386807
0.761899
0.254153
0.0222495

0.203933
-0.844561
0.495104
0.313476
0.0443565

-0.203933
0.844561
-0.495104
-0.544677
0.224265

-0.46446
0.218623
-0.858185
-1.98199
0.820988

0.46446
-0.218623
0.858185
0.837646
0.00250284

0.766078
0.282062
0.577551
0.722488
0.0116429

-0.766078
-0.282062
-0.577551
-3.78832
3.45038

-0.00819783
-0.852792
0.522187
0.712932
0.00781683

0.889171
0.148927
0.43266
-0.774282
0.583386

-0.889171
-0.148927
-0.43266
-1.45576
1.11748

0.998869
0.0475498
0
0.702536
0.00560485

-0.998869
-0.0475498
0
-0.347288
0.11373

0.787086
-0.101939
-0.608362
0.722907
0.00304365

-0.787086
0.101939
0.608362
0.328133
0.0178881

0.0338987
0.561067
0.827076
0.977299
4.36186e-05

-0.0338987
-0.561067
-0.827076
-1.95889
0.580665

-0.0546743
-0.659376
0.749823
0.473406
0.0415657

0.0546743
0.659376
-0.749823
-2.74466
2.10101

-0.122035
-0.639608
0.758953
0.843294
0.00148439

-0.466427
-0.884559
0
0.813179
0.00565599

0.4957
0.570734
0.654633
0.779995
0.00535257

0.851811
0.35667
-0.383672
0.635249
0.00512481

-0.851811
-0.35667
0.383672
0.489599
0.0100164

-0.28113
0.503562
0.81694
0.810303
0.00892526

0.28113
-0.503562
-0.81694
-8.67842
23.0354

0.282045
0.0758266
0.9564
0.953651
0.000310024

-0.0346555
-0.0564544
0.997804
0.692328
0.0110398

0.0346555
0.0564544
-0.997804
-1.25618
0.452354

-0.629203
0.672667
0.389388
0.933363
0.000218508

0.629203
-0.672667
-0.389388
-0.648877
0.130152

0.89938
0.0616204
-0.432803
0.907062
0.000408577

-0.89938
-0.0616204
0.432803
-0.469357
0.10185

-0.0522594
-0.246392
0.96776
-1.33867
0.388156

0.0522594
0.246392
-0.96776
0.883555
0.00102578

-0.127775
0.361355
0.923632
0.862098
0.00217264

-0.159272
0.123053
-0.979536
-1.48034
0.588979

0.159272
-0.123053
0.979536
0.689445
0.00939289

0.521626
0.327444
-0.787836
-0.544677
0.224346

-0.521626
-0.327444
0.787836
0.313476
0.0444602

0.714422
-0.222264
0.663476
0.311857
0.0681399

-0.714422
0.222264
-0.663476
-2.08591
1.36997

-0.365732
-0.241127
0.898943
-5.3398
5.99159

0.365732
0.241127
-0.898943
0.926751
0.000863259

0.0113225
-0.223768
-0.974577
-1.32451
0.29595

-0.0113225
0.223768
0.974577
0.973124
3.98781e-05

0.284755
0.943412
0.169965
-0.232979
0.192865

-0.284755
-0.943412
-0.169965
-0.659094
0.349197

-0.113469
0.699197
0.705867
-0.60543
0.128363

0.113469
-0.699197
-0.705867
0.912444
0.000407058

0.517984
0.85539
0
-1.1016
0.622904

0.508355
-0.0169612
-0.860981
0.158309
0.08058

0.20089
-0.747019
0.633723
0.867245
0.00334446

-0.20089
0.747019
-0.633723
-6.57849
10.873

-0.148991
0.341095
0.928147
0.789362
0.0127722

0.714288
-0.610689
-0.341834
-0.703678
0.389254

-0.714288
0.610689
0.341834
-0.346129
0.243034

-0.42087
-0.29138
0.859049
0.815318
0.00342549

0.723042
0.257663
0.640952
0.851283
0.0116206

0.911922
0.410363
0
0.828005
0.00550509

-0.278178
0.811953
0.513176
0.982883
0.000208426

0.219501
-0.914653
0.339456
0.455403
0.016958

-0.219501
0.914653
-0.339456
0.239364
0.0330757

0.869558
0.433034
0.237381
-0.0411427
0.0584962

-0.869558
-0.433034
-0.237381
0.690239
0.00518551

-0.58
0.759859
-0.293623
0.940545
0.000181734

0.58
-0.759859
0.293623
-0.816728
0.166848

-0.0579661
0.685154
0.726088
0.780061
0.00214494

0.0579661
-0.685154
-0.726088
0.0724868
0.0380393

0.106104
0.137998
-0.984733
0.809171
0.00342037

-0.106104
-0.137998
0.984733
-1.78201
0.704507

-0.106639
0.177446
0.978336
0.82992
0.00170233

0.106639
-0.177446
-0.978336
-0.478834
0.122028

-0.236953
0.0904667
0.9673
0.943542
0.001236

-0.697408
0.154598
-0.699801
-0.376963
0.115585

0.697408
-0.154598
0.699801
0.735594
0.00426444

-0.717579
-0.514263
-0.469695
0.845506
0.000802842

0.717579
0.514263
0.469695
0.310213
0.0154327

0.915079
0.00900586
0.403174
0.674656
0.00599541

-0.915079
-0.00900586
-0.403174
-0.0848876
0.0664136

-0.953636
0.300964
0
0.898508
0.000378804

0.953636
-0.300964
0
0.911948
0.000320552

0.212288
-0.438766
0.873165
0.0568663
0.0513864

-0.212288
0.438766
-0.873165
0.575066
0.0104587

0.599923
-0.227871
0.76692
0.38258
0.0757681

-0.599923
0.227871
-0.76692
-4.22512
5.41243

-0.2319
-0.744322
0.626264
-0.986847
0.348048

0.2319
0.744322
-0.626264
0.615824
0.0131446

-0.129154
0.149444
-0.980299
0.936761
0.000240011

0.565655
0.350159
0.746608
0.642778
0.0104829

-0.565655
-0.350159
-0.746608
-0.850246
0.28094

0.513964
0.712427
-0.477795
0.795677
0.00360363

0.825894
0.563826
0
0.423367
0.0357138

-0.825894
-0.563826
0
-0.431785
0.179253

-0.331337
0.272359
0.903347
0.856595
0.00498915

-0.803925
0.397854
0.44206
0.375758
0.017272

-0.0942443
-0.659246
-0.745998
0.788132
0.0011072

0.0942443
0.659246
0.745998
0.645962
0.0030827

-0.476157
-0.185619
-0.859547
-0.890144
0.182574

0.476157
0.185619
0.859547
0.946992
0.000166907

-0.530251
0.671477
0.517641
0.656155
0.00593331

0.530251
-0.671477
-0.517641
0.139649
0.037094

0.372664
0.68266
0.628567
0.572731
0.0200673

-0.372664
-0.68266
-0.628567
-1.6198
0.754072

-0.12465
-0.669033
0.732705
0.748464
0.00660801

0.12465
0.669033
-0.732705
-1.99388
0.925407

-0.619466
-0.482058
0.619582
0.869184
0.00294397

0.427954
-0.865088
-0.261683
0.368604
0.035759

-0.427954
0.865088
0.261683
-0.513765
0.205519

-0.0338272
0.328614
-0.943858
-0.96149
0.585209

0.0338272
-0.328614
0.943858
-0.501763
0.343042

0.502082
-0.686744
0.52564
-4.32319
3.6261

-0.502082
0.686744
-0.52564
0.928283
0.000670148

0.368888
-0.841763
-0.394153
-6.15127
10.5913

-0.368888
0.841763
0.394153
0.713948
0.0169723

-0.665343
0.472569
0.577925
0.625535
0.0187405

0.665343
-0.472569
-0.577925
-2.65692
1.78071

0.50234
-0.215752
0.83732
0.787168
0.00368049

-0.50234
0.215752
-0.83732
-1.27473
0.418062

0.467383
0.734416
0.492125
0.536178
0.0178757

-0.467383
-0.734416
-0.492125
-0.623612
0.218439

0.925614
0.37847
0
-3.79288
4.01172

-0.925614
-0.37847
0
0.436594
0.0674305

0.505833
-0.0432923
-0.861544
-3.33593
2.29785

-0.505833
0.0432923
0.861544
0.847565
0.00290693

-0.536659
0.634092
-0.556709
-13.403
64.5173

0.536659
-0.634092
0.556709
0.92437
0.00178053

0.597688
-0.440365
0.66996
-0.591918
0.200644

-0.597688
0.440365
-0.66996
0.575929
0.0143239

0.725698
-0.300989
0.618682
0.727223
0.00315536

-0.725698
0.300989
-0.618682
0.260822
0.022874

0.569872
-0.678168
0.464042
0.593117
0.0102263

-0.12912
-0.386221
0.913324
0.633806
0.0139076

0.12912
0.386221
-0.913324
-1.54521
0.664113

0.411774
-0.881171
0.232337
0.383762
0.0121712

-0.411774
0.881171
-0.232337
0.815416
0.00109628

-0.264286
-0.860797
0.434949
-0.355617
0.185526

0.264286
0.860797
-0.434949
0.0483892
0.0914546

0.221104
0.192181
0.956127
0.952041
0.000369785

0.443721
-0.214792
-0.870044
0.775405
0.00289312

-0.443721
0.214792
0.870044
-0.2988
0.0938702

0.621053
-0.565666
0.542508
0.502618
0.00567813

0.0723439
-0.391766
-0.917216
-3.12643
1.3889

-0.0723439
0.391766
0.917216
0.993456
6.85976e-06

0.647611
-0.0439345
0.760703
0.795179
0.000894944

-0.647611
0.0439345
-0.760703
0.783841
0.000989263

0.156234
-0.629999
-0.760719
0.950988
0.000138546

-0.156234
0.629999
0.760719
-0.901405
0.183048

-0.980576
-0.0734522
-0.181869
0.685846
0.0085951

0.980576
0.0734522
0.181869
-1.1489
0.401903

-0.361434
-0.360141
0.860037
0.874303
0.00298127

0.361434
0.360141
-0.860037
-6.60389
10.8872

0.259
0.331082
-0.90736
0.0229769
0.132643

-0.259
-0.331082
0.90736
-1.34729
0.765585

0.224886
-0.151127
0.962594
0.901362
0.00384572

-0.224886
0.151127
-0.962594
-16.9768
125.887

0.132264
0.0239841
0.990924
0.373103
0.00806103

0.840908
-0.22475
-0.492301
0.0889666
0.0912374

-0.840908
0.22475
0.492301
-0.638678
0.294839

-0.506645
-0.176945
-0.843802
0.976035
4.24023e-05

0.506645
0.176945
0.843802
-2.08605
0.660156

0.215428
0.886258
0.410046
0.118675
0.0444327

-0.215428
-0.886258
-0.410046
0.545265
0.0118517

-0.934408
0.356204
0
0.43055
0.0153585

0.883593
0.402462
-0.239348
0.948386
0.000523829

-0.883593
-0.402462
0.239348
-7.97366
15.7377

0.256629
0.125211
-0.958365
0.90038
0.000670182

-0.256629
-0.125211
0.958365
-1.28159
0.350418

-0.842063
-0.423344
-0.33423
0.834971
0.00151857

0.491817
-0.358788
-0.79334
-0.912536
0.366417

-0.491817
0.358788
0.79334
0.414726
0.0343535

-0.108238
-0.716764
-0.688864
-0.331617
0.208643

0.108238
0.716764
0.688864
-0.331617
0.208643

0.245343
0.157118
-0.956619
0.722979
0.00139602

-0.245343
-0.157118
0.956619
0.863197
0.000353105

0.495072
-0.605875
-0.622752
0.653008
0.00938875

-0.0281044
-0.677363
-0.735112
-5.18654
5.91383

0.0281044
0.677363
0.735112
0.890927
0.00190104

-0.735629
-0.015673
0.677203
0.662494
0.00683869

0.735629
0.015673
-0.677203
-0.168217
0.081731

-0.128906
-0.254615
0.958413
0.935845
0.000176549

0.128906
0.254615
-0.958413
-0.0904789
0.0411936

0.167769
0.663339
0.72927
0.71267
0.00873597

-0.0943083
-0.284639
-0.953985
0.852281
0.000653374

0.464049
0.329893
-0.822088
-6.53783
10.8427

-0.464049
-0.329893
0.822088
0.855488
0.00404391

0.796384
0.604792
0
0.129227
0.0547945

-0.796384
-0.604792
0
0.524285
0.0211412

-0.509308
-0.63778
0.577791
-0.328756
0.194477

0.509308
0.63778
-0.577791
-0.167847
0.150256

-0.14643
0.752657
0.641924
0.644934
0.00354147

-0.0158822
-0.178329
0.983843
0.946477
0.00108045

0.0571674
-0.107139
-0.992599
-0.419497
0.125393

-0.0571674
0.107139
0.992599
0.735309
0.00436806

0.331021
0.280259
0.901044
0.878418
0.00105089

0.657216
-0.726818
0.199504
-0.934613
0.290513

-0.657216
0.726818
-0.199504
0.725584
0.00585088

-0.132798
-0.885797
-0.444666
0.151279
0.0632888

0.132798
0.885797
0.444666
-0.155206
0.117248

-0.495801
-0.437865
0.74997
0.691504
0.00539092

0.495801
0.437865
-0.74997
-0.126738
0.0718491

-0.0816559
0.392311
-0.916201
0.568052
0.00404517

-0.717899
-0.696148
0
0.265355
0.0688296

0.717899
0.696148
0
-1.11229
0.517284

0.416021
-0.452385
-0.788844
-8.27809
22.6137

-0.416021
0.452385
0.788844
0.667913
0.0290011

0.385546
0.470092
0.793957
0.679583
0.00956737

-0.385546
-0.470092
-0.793957
-1.35027
0.514521

-0.592247
-0.803685
0.0577391
0.38258
0.0756152

0.592247
0.803685
-0.0577391
-4.22512
5.41545

-0.0320295
-0.993647
-0.107884
-1.32782
0.685249

0.0320295
0.993647
0.107884
0.217104
0.0775701

0.202116
-0.293955
0.934205
0.951669
0.000574203

-0.202116
0.293955
-0.934205
-1.84711
0.563393

-0.711407
-0.186881
0.677478
0.777838
0.00305736

-0.372174
0.0928136
0.923511
0.392078
0.0426145

0.372174
-0.0928136
-0.923511
-1.32242
0.61851

-0.472836
-0.517054
0.713499
0.702538
0.00254834

0.16677
-0.716288
-0.677584
0.304615
0.0769627

-0.16677
0.716288
0.677584
-2.57271
2.02739

-0.316836
-0.82244
-0.472449
-12.7677
63.6278

0.316836
0.82244
0.472449
0.795244
0.0141008

-0.233302
-0.96507
-0.119205
0.913657
0.000225448

0.233302
0.96507
0.119205
0.178525
0.0203463

0.772804
-0.296159
-0.561305
0.535808
0.0132006

-0.772804
0.296159
0.561305
0.028326
0.0576364

0.859491
0.0433679
0.509309
0.356384
0.0895358

-0.859491
-0.0433679
-0.509309
-4.79253
7.24498

0.539016
-0.369248
0.757045
0.87253
0.00282894

-0.539016
0.369248
-0.757045
-5.79285
7.90898

0.335483
0.289747
-0.89638
-13.3274
64.434

-0.335483
-0.289747
0.89638
0.912553
0.00240088

0.591628
0.786783
-0.175925
0.770137
0.00447407

-0.591628
-0.786783
0.175925
-1.35379
0.468727

-0.404678
-0.0677131
0.911949
0.793566
0.00314026

0.404678
0.0677131
-0.911949
-0.941398
0.269425

-0.244633
0.93665
0.250684
-0.0594572
0.0437521

0.244633
-0.93665
-0.250684
0.887789
0.00049466

0.688517
-0.134717
-0.712598
0.763384
0.00334824

-0.688517
0.134717
0.712598
-0.40398
0.117344

0.339746
0.908835
0.242057
0.741075
0.00938709

-0.339746
-0.908835
-0.242057
-3.444
2.76264

-0.292026
-0.696728
0.655202
0.693518
0.0120831

0.292026
0.696728
-0.655202
-2.75444
1.81203

-0.422984
0.641496
0.639975
0.755407
0.00405026

0.422984
-0.641496
-0.639975
-0.638521
0.179418

0.445527
0.816952
0.366191
0.924563
0.000260315

-0.218299
0.0211174
0.975653
0.916426
0.00137408

0.865309
0.501239
0
0.771723
0.0204885

-0.4164
-0.205809
0.885581
-0.0313704
0.124609

0.4164
0.205809
-0.885581
-0.661485
0.322893

-0.666061
0.315405
0.67593
0.760639
0.00396119

0.666061
-0.315405
-0.67593
-0.702123
0.197398

-0.31286
0.594852
0.740452
0.840629
0.00200322

0.31286
-0.594852
-0.740452
-1.35757
0.427446

-0.270291
-0.110986
0.95636
0.969057
9.53917e-05

0.167787
0.805889
-0.567795
0.904914
0.000842412

-0.708589
-0.593961
-0.380936
0.996253
9.24881e-07

0.708589
0.593961
0.380936
-1.1176
0.18916

-0.89629
-0.234448
0.376429
0.267271
0.0151393

-0.435313
-0.145104
0.888508
0.976113
0.000286652

0.0690421
0.272146
0.959776
0.976236
0.000166426

-0.473646
0.0401188
-0.879801
-0.403368
0.23576

0.473646
-0.0401188
0.879801
-0.308256
0.204896

-0.406363
-0.232403
-0.883662
-36.4286
1014.87

0.406363
0.232403
0.883662
0.962279
0.00104882

0.622432
-0.681483
0.384915
-0.102696
0.0952704

-0.622432
0.681483
-0.384915
0.301458
0.0382556

0.203278
0.979121
0
0.821097
0.00075493

0.922714
-0.385484
0
0.952878
0.000396688

-0.922714
0.385484
0
-0.169498
0.0497926

0.806819
0.00742127
-0.590752
0.927886
0.000161021

-0.660575
0.696997
0.278991
0.475701
0.0119559

0.660575
-0.696997
-0.278991
0.538431
0.00926677

-0.428547
0.3906
-0.814727
-0.795607
0.236542

0.428547
-0.3906
0.814727
0.730377
0.00542651

0.0746437
-0.473475
-0.877639
-6.70387
10.9295

-0.0746437
0.473475
0.877639
0.900014
0.0018876

0.0364548
-0.571238
-0.819974
-1.1341
0.778113

-0.0364548
0.571238
0.819974
-0.746949
0.521405

0.519682
-0.820319
-0.238761
-0.144773
0.0938484

-0.519682
0.820319
0.238761
0.460235
0.0210255

-0.0763495
0.519313
0.851167
0.815781
0.0138393

0.0763495
-0.519313
-0.851167
-16.5123
125.035

-0.82337
0.062093
0.564097
0.804117
0.00290877

0.82337
-0.062093
-0.564097
-1.11473
0.334982

-0.839099
0.542123
0.0448914
-1.29264
1.04467

0.839099
-0.542123
-0.0448914
-1.20914
0.96996

0.33594
-0.751613
-0.567646
0.912771
0.000625087

-0.519781
-0.274983
0.808834
0.818566
0.0014497

0.142325
-0.966195
-0.214968
0.491095
0.0348947

-0.142325
0.966195
0.214968
-2.25592
1.42785

0.589302
-0.0994198
0.801772
0.646502
0.00936979

-0.589302
0.0994198
-0.801772
-0.590576
0.187508

-0.554309
-0.0806547
0.828394
0.612015
0.0203145

0.554309
0.0806547
-0.828394
-2.63892
1.77417

-0.63159
0.630732
-0.450856
0.998554
2.3334e-07

-0.686432
-0.0290196
-0.726614
-1.10638
0.568494

0.686432
0.0290196
0.726614
0.0638323
0.112463

-0.449384
0.0944672
0.88833
0.910325
0.000442061

0.449384
-0.0944672
-0.88833
-0.804418
0.178317

0.118655
-0.356279
-0.926815
-0.459481
0.135989

0.328436
0.616946
-0.715197
-1.45993
0.585706

-0.328436
-0.616946
0.715197
0.672134
0.0104936

-0.361897
-0.902997
0.231573
-3.86287
6.31756

0.361897
0.902997
-0.231573
-0.682646
0.756433

-0.305947
0.186244
0.933654
-5.56488
13.1576

0.305947
-0.186244
-0.933654
-0.453805
0.645298

-0.848428
-0.320399
0.421324
-0.605604
0.268244

0.848428
0.320399
-0.421324
0.17239
0.0712745

0.72339
-0.19281
-0.662972
0.896477
0.000346486

-0.72339
0.19281
0.662972
0.249039
0.0169682

0.754945
0.447659
-0.479228
-4.22512
5.41428

-0.754945
-0.447659
0.479228
0.38258
0.0756744

-0.0336913
-0.12445
0.991654
0.544519
0.0217313

0.0336913
0.12445
-0.991654
-1.32821
0.562027

-0.44684
0.526826
-0.723041
-0.0675128
0.0755067

0.44684
-0.526826
0.723041
0.502687
0.0163964

-0.879634
-0.345253
-0.327176
0.691846
0.00736672

-0.110037
0.975452
0.190751
0.963492
5.67037e-05

-0.802069
-0.125503
-0.583896
0.150139
0.087266

0.802069
0.125503
0.583896
-0.97488
0.462374

-0.744305
-0.66784
0
-0.527443
0.238268

0.744305
0.66784
0
0.155439
0.0729758

0.712557
-0.264504
-0.649847
-2.23897
0.854552

-0.712557
0.264504
0.649847
0.940545
0.000303032

0.481108
-0.660724
0.576176
0.132869
0.0211524

-0.481108
0.660724
-0.576176
0.943844
9.93904e-05

-0.85162
-0.00219514
0.524155
0.375891
0.0722563

0.496975
0.458908
-0.736491
0.482149
0.0751594

-0.496975
-0.458908
0.736491
-7.88802
22.0926

0.522312
-0.342483
0.780958
0.684295
0.00327698

0.14901
-0.678631
0.719205
0.652623
0.0201357

-0.14901
0.678631
-0.719205
-4.10453
4.34724

-0.0375102
0.761683
-0.646863
-0.776279
0.234629

0.0375102
-0.761683
0.646863
0.712091
0.00622593

-0.331989
0.0774405
0.940099
0.585936
0.00225119

0.331989
-0.0774405
-0.940099
0.975448
8.41514e-06

0.161309
0.00102883
0.986903
0.976893
8.98702e-05

0.990947
0.134251
0
0.138746
0.064288

-0.990947
-0.134251
0
-0.109759
0.106711

0.475639
0.875756
0.0825791
0.880717
0.000961707

-0.350427
0.760329
0.546901
0.293052
0.236035

0.350427
-0.760329
-0.546901
-14.9505
120.094

-0.231004
0.502417
-0.833195
-0.835623
0.207686

0.231004
-0.502417
0.833195
0.861181
0.00124235

-0.19451
0.873553
-0.446174
0.275932
0.0589064

0.19451
-0.873553
0.446174
-1.01129
0.454084

0.541899
0.827132
-0.148987
-0.14937
0.0551787

-0.541899
-0.827132
0.148987
0.884077
0.000584274

0.156365
0.795955
-0.584813
0.509215
0.00453839

-0.656114
0.513823
-0.552721
-1.22789
0.494273

0.656114
-0.513823
0.552721
0.559921
0.0193024

0.51155
0.248039
0.822675
0.773569
0.00873382

-0.51155
-0.248039
-0.822675
-4.86852
5.80602

0.00418696
-0.166461
0.986039
0.107738
0.0193072

-0.00418696
0.166461
-0.986039
0.974297
1.66159e-05

-0.276684
0.374889
0.884819
0.905641
0.000248561

0.273168
0.585794
0.763037
0.818582
0.00358409

0.229595
-0.973286
0
-1.84392
0.461221

-0.229595
0.973286
0
0.994363
2.17948e-06

0.304817
-0.422274
0.853681
0.970382
5.12244e-05

-0.304817
0.422274
-0.853681
-0.752523
0.133843

0.145989
-0.41497
0.898046
0.325738
0.0247087

-0.145989
0.41497
-0.898046
0.442757
0.0168884

-0.255417
0.65344
0.712585
0.978501
1.99166e-05

0.255417
-0.65344
-0.712585
-0.650522
0.10766

0.730112
-0.105762
0.675093
0.838698
0.00198452

-0.730112
0.105762
-0.675093
-1.25713
0.380402

-0.91253
0.256283
-0.31876
0.779552
0.0043834

0.91253
-0.256283
0.31876
-1.6008
0.608368

-0.381594
-0.562334
-0.733599
-4.591
5.6572

0.381594
0.562334
0.733599
0.634121
0.0242394

-0.0129937
-0.89629
-0.443278
0.248902
0.0557527

0.0129937
0.89629
0.443278
-0.575435
0.245078

-0.28734
-0.364909
0.885594
-0.571618
0.11916

0.28734
0.364909
-0.885594
0.917891
0.000326744

-0.667205
0.0243315
0.744476
0.778766
0.00317855

0.73702
0.328162
-0.590857
-0.0726912
0.109105

-0.73702
-0.328162
0.590857
-0.0726912
0.109105

0.00590296
0.460554
-0.887612
0.972039
3.6415e-05

-0.00590296
-0.460554
0.887612
-0.712052
0.124086

-0.236597
0.515898
0.823329
0.869449
0.00205067

-0.304734
0.907796
-0.288173
0.921113
0.0004864

0.304734
-0.907796
0.288173
-1.88124
0.643644

0.494615
0.231517
-0.837709
-10.156
36.4142

-0.494615
-0.231517
0.837709
0.735953
0.0204271

-0.46345
0.118774
0.878127
0.915544
0.000411601

-0.447626
0.752093
0.483723
-1.08208
0.239575

0.447626
-0.752093
-0.483723
0.947228
0.000161279

0.000839615
-0.966052
0.258348
0.0681602
0.0430264

-0.000839615
0.966052
-0.258348
0.703764
0.00435665

-0.877903
0.478839
0
0.0131773
0.0368535

0.877903
-0.478839
0
0.87953
0.000553199

0.0724686
-0.84695
0.52671
0.854056
0.00696477

-0.0724686
0.84695
-0.52671
-13.0165
64.0146

0.555232
-0.564847
-0.610464
-1.42747
0.580162

-0.555232
0.564847
0.610464
0.643299
0.0125965

-0.0430213
0.305389
0.951255
-1.18119
0.79472

0.0430213
-0.305389
-0.951255
-0.626876
0.442344

-0.93791
0.346878
0
-0.315838
0.239032

0.93791
-0.346878
0
-0.813319
0.451448

-0.167723
-0.748014
0.642141
0.850293
0.00391921

0.167723
0.748014
-0.642141
-5.72034
7.87904

0.147877
0.191744
-0.970241
0.968946
3.90666e-05

-0.147877
-0.191744
0.970241
0.234709
0.0132934

0.686338
0.641987
-0.341751
0.251326
0.0351269

-0.686338
-0.641987
0.341751
0.329393
0.0281882

0.123824
-0.195542
0.972847
0.672301
0.00538918

-0.123824
0.195542
-0.972847
0.109841
0.0397303

0.559208
0.499004
0.662028
0.788284
0.00450053

0.189887
0.294099
-0.936722
0.97651
0.00022337

-0.696111
0.717934
0
0.0112348
0.0949825

0.696111
-0.717934
0
-0.101684
0.116702

0.304314
-0.947276
0.100307
0.566146
0.00959985

-0.304314
0.947276
-0.100307
0.25824
0.0280084

0.53649
-0.408253
0.738585
0.576479
0.0130946

-0.53649
0.408253
-0.738585
-0.380692
0.138125

-0.43942
-0.687334
-0.578344
-7.87657
15.5927

0.43942
0.687334
0.578344
0.93187
0.00114317

0.488543
0.0883258
-0.868058
-0.310216
0.168458

-0.488543
-0.0883258
0.868058
0.0708745
0.0848389

0.238362
0.207715
0.948704
0.977055
0.000253935

-0.284206
-0.829747
-0.480361
-3.3858
1.95409

0.284206
0.829747
0.480361
0.955589
0.00020658

0.370148
0.928973
0
-0.0156764
0.0550857

-0.370148
-0.928973
0
0.72448
0.00511652

0.668999
0.533843
-0.517157
0.83644
0.00106867

-0.668999
-0.533843
0.517157
0.0790615
0.0337059

0.484037
-0.0219786
0.874771
0.895385
0.00128155

-0.484037
0.0219786
-0.874771
-3.46543
2.33144

-0.633974
-0.773354
0
0.485108
0.0322757

0.633974
0.773354
0
-1.05957
0.42339

-0.0867515
0.138852
0.986506
0.125403
0.143267

0.0867515
-0.138852
-0.986506
-3.05731
3.07444

0.903367
-0.281462
-0.323584
-0.419852
0.160153

-0.903367
0.281462
0.323584
0.489067
0.0210786

0.287871
0.661367
0.692621
-1.77771
0.985723

-0.287871
-0.661367
-0.692621
0.403479
0.045598

0.927588
-0.373604
0
0.997164
5.48203e-07

0.773501
-0.0159192
0.633595
0.987186
1.1725e-05

-0.773501
0.0159192
-0.633595
-2.15687
0.663987

0.395834
-0.700804
0.593455
-0.323902
0.11862

0.578202
0.425579
-0.696107
0.856
0.000765608

-0.578202
-0.425579
0.696107
0.12835
0.027907

-0.0774856
0.518612
0.851492
0.821672
0.00567794

0.0774856
-0.518612
-0.851492
-5.63558
7.8349

0.21689
0.821493
-0.527359
-0.149881
0.0990602

-0.21689
-0.821493
0.527359
0.400216
0.0269638

-0.160302
0.1415
0.976873
0.179197
0.0162398

0.160302
-0.1415
-0.976873
0.96505
3.02262e-05

0.146721
-0.278027
-0.949302
-8.80747
23.1677

-0.146721
0.278027
0.949302
0.846759
0.00566133

0.680915
-0.623901
-0.383538
0.991885
4.75018e-05

-0.680915
0.623901
0.383538
-37.061
1016.56

0.887666
-0.218859
0.405154
0.509218
0.029499

-0.887666
0.218859
-0.405154
-1.87673
1.01316

-0.335511
-0.900367
0.277079
0.504382
0.0212203

0.335511
0.900367
-0.277079
-0.665829
0.239543

-0.434246
0.505697
-0.745454
0.725286
0.0194422

0.434246
-0.505697
0.745454
-8.42436
22.7748

-0.0659882
-0.643827
-0.76232
-0.934613
0.290517

0.0659882
0.643827
0.76232
0.725584
0.00586618

0.627542
0.560328
0.540577
-0.232967
0.0433405

-0.512043
-0.185829
0.838618
0.780586
0.00232254

0.512043
0.185829
-0.838618
-0.0619633
0.0543707

0.742207
-0.103877
0.662071
0.938656
0.000222041

-0.742207
0.103877
-0.662071
-0.990945
0.217075

0.139349
-0.104377
0.984727
0.674137
0.00418947

-0.139349
0.104377
-0.984727
0.409045
0.0137764

0.693205
0.0181029
0.720513
0.773531
0.00389812

-0.693205
-0.0181029
-0.720513
-0.991636
0.296543

-0.70231
-0.221398
-0.676567
0.87704
0.00319305

-0.662815
0.603047
-0.443859
-0.661211
0.139844

-0.137287
0.188478
0.972434
0.928434
0.00158839

-0.0162759
-0.310442
-0.950453
0.995057
1.41481e-05

0.0918899
-0.637466
0.764979
0.0345777
0.0794649

-0.0918899
0.637466
-0.764979
0.0345777
0.0794649

0.543405
0.00650578
0.839446
0.0159392
0.0948147

-0.785971
-0.406922
0.465472
0.267758
0.0344372

0.785971
0.406922
-0.465472
0.282175
0.0330978

0.658371
-0.0660453
0.749791
0.825309
0.0023838

-0.658371
0.0660453
-0.749791
-1.33224
0.424786

-0.567512
-0.823365
0
0.945174
0.0397676

-0.186509
-0.426755
0.884926
0.802593
0.00292561

0.186509
0.426755
-0.884926
-1.03017
0.300386

-0.0408206
-0.383826
-0.922503
0.712278
0.00141812

0.0408206
0.383826
0.922503
0.879622
0.000249692

0.210106
0.438151
0.874002
0.994694
2.15641e-06

-0.68519
0.219644
-0.694457
-0.479938
0.0813902

0.68519
-0.219644
0.694457
0.973226
2.71231e-05

0.876572
0.179989
-0.446348
0.787048
0.00423042

-0.876572
-0.179989
0.446348
-1.74594
0.699414

0.0143772
-0.824448
0.565756
0.72638
0.0100143

-0.0143772
0.824448
-0.565756
-3.09092
2.22736

-0.26643
0.820476
0.5058
0.341689
0.0423547

0.26643
-0.820476
-0.5058
-0.700348
0.282515

0.0688652
-0.238685
0.968652
0.976295
5.2448e-05

-0.93382
-0.186603
0.305219
0.531917
0.0304733

0.93382
0.186603
-0.305219
-2.5399
1.74151

0.884096
0.332398
-0.328461
0.391381
0.0273919

-0.884096
-0.332398
0.328461
-0.109209
0.0909221

0.454886
-0.685245
-0.568786
0.366833
0.0257275

-0.454886
0.685245
0.568786
0.177136
0.0434038

0.721926
0.691971
0
0.704547
0.00307232

-0.721926
-0.691971
0
0.669072
0.00375019

0.750525
-0.474168
0.460301
0.363381
0.0175987

0.0890327
-0.8328
-0.546368
0.239685
0.0434406

-0.0890327
0.8328
0.546368
0.0525897
0.0674457

0.0269652
0.367823
-0.929505
-7.48401
15.4532

-0.0269652
-0.367823
0.929505
0.838592
0.00559386

-0.333457
0.211591
0.918714
0.285776
0.060884

0.333457
-0.211591
-0.918714
-1.2445
0.601207

0.244827
-0.696094
0.674917
0.618343
0.0266287

-0.244827
0.696094
-0.674917
-4.56402
5.63846

-0.523415
0.0852054
-0.847807
-1.44868
0.436638

0.523415
-0.0852054
0.847807
0.888786
0.000947424

0.14487
0.806131
0.57373
0.795678
0.00828992

-0.14487
-0.806131
-0.57373
-6.3556
10.738

-0.405554
0.350501
-0.844201
0.639784
0.00862535

-0.229695
0.367441
-0.901236
-0.243001
0.0668513

0.229695
-0.367441
0.901236
0.89221
0.000508164

-0.84959
0.430973
-0.30407
0.994204
1.24319e-06

0.84959
-0.430973
0.30407
-0.657302
0.0949445

-0.312472
-0.0622049
-0.947888
0.243425
0.0401087

0.312472
0.0622049
0.947888
0.179061
0.0471848

0.681128
-0.669868
0.295536
0.83502
0.00140087

-0.681128
0.669868
-0.295536
-0.32805
0.0902737

-0.0703907
0.496119
0.865397
0.817599
0.00177109

0.0703907
-0.496119
-0.865397
-0.343809
0.0960503

-0.717685
0.0507289
-0.694517
-1.09187
0.514453

0.717685
-0.0507289
0.694517
0.233663
0.0690582

0.639672
0.313806
0.701673
0.397865
0.0559752

-0.639672
-0.313806
-0.701673
-2.66365
2.0666

0.951083
-0.308935
0
-0.00959182
0.102531

-0.951083
0.308935
0
-0.277763
0.164224

0.479842
-0.259155
-0.838207
0.72168
0.00295506

-0.479842
0.259155
0.838207
0.373779
0.0149466

-0.695261
0.408575
0.591336
0.65231
0.00961967

0.0380708
-0.128335
0.991
0.582662
0.0236968

-0.0380708
0.128335
-0.991
-2.6012
1.76261
