
-0.404678
0.810093
0.424246
0.296894
0.0519585

0.404678
-0.810093
-0.424246
-0.834743
0.35348

0.126073
0.171834
0.977025
0.972309
0.000145393

-0.845856
-0.0267699
-0.532739
-0.471116
0.1547

0.845856
0.0267699
0.532739
0.632219
0.00971679

-0.500453
0.0204408
0.865522
0.890033
0.00174003

0.500453
-0.0204408
-0.865522
-4.64805
4.57566

0.0409099
0.411724
0.91039
0.478377
0.023261

-0.0409099
-0.411724
-0.91039
-0.582775
0.213758

0.534806
-0.0318228
-0.844375
-0.170209
0.311375

-0.534806
0.0318228
0.844375
-3.68084
4.98046

-0.659377
-0.357319
-0.661472
0.380476
0.0414405

0.659377
0.357319
0.661472
-1.08228
0.467821

0.157307
-0.970621
-0.182069
0.622856
0.0211736

-0.157307
0.970621
0.182069
-3.25057
2.68863

-0.870229
-0.372213
0.322736
0.258912
0.0120865

-0.00307109
0.999995
0
0.947531
3.72494e-05

-0.06151
-0.593503
0.802478
0.552184
0.00856348

0.06151
0.593503
-0.802478
0.479675
0.0115598

0.229548
0.73603
0.636842
0.654647
0.0121615

-0.229548
-0.73603
-0.636842
-1.56875
0.668721

0.237412
0
0.971409
0.942853
0.00243083

-0.237412
0
-0.971409
-36.1595
1013.86

0.0740235
-0.402083
0.912606
0.940852
0.000647633

0.351876
-0.290626
-0.889786
-0.183785
0.135041

-0.351876
0.290626
0.889786
0.000399828
0.0963637

0.293615
-0.88351
-0.364966
0.080552
0.0377926

-0.293615
0.88351
0.364966
0.770137
0.00237612

0.0821949
-0.909313
-0.407915
0.787179
0.00106591

-0.0821949
0.909313
0.407915
0.673878
0.0025006

0.342007
0.888054
0.307233
0.771667
0.00639253

-0.342007
-0.888054
-0.307233
-2.88525
1.84996

0.649248
0.359418
0.670295
0.945957
0.000514585

0.89877
-0.265751
-0.348697
-0.481341
0.267535

-0.89877
0.265751
0.348697
-0.284058
0.201024

-0.140576
-0.322254
-0.936158
0.800917
0.00492876

-0.17839
0.360006
0.915736
0.883078
0.00171586

0.17839
-0.360006
-0.915736
-0.811378
0.193171

0.254707
0.448504
0.85672
0.477463
0.0189862

-0.254707
-0.448504
-0.85672
-0.119062
0.0870558

-0.257143
0.024273
0.966068
0.962522
0.000180454

-0.201172
-0.270923
0.941345
0.852888
0.00249321

0.201172
0.270923
-0.941345
-3.05479
1.8929

0.658003
0.0689673
0.74985
0.374263
0.0283187

-0.658003
-0.0689673
-0.74985
-0.0343788
0.0771508

0.357659
0.213083
0.909217
0.920223
0.000364933

-0.553665
0.754158
0.35313
0.950467
0.000925146

0.553665
-0.754158
-0.35313
-17.355
126.52

0.0926784
-0.917839
0.385983
-1.18001
0.681712

-0.0926784
0.917839
-0.385983
-0.164822
0.195431

0.188056
0.878516
0.43914
0.911968
0.000539355

-0.188056
-0.878516
-0.43914
-1.40079
0.393694

-0.678875
0.0122305
-0.734152
0.97446
0.000239149

0.134002
0.147721
-0.979909
0.932503
0.000149552

-0.134002
-0.147721
0.979909
0.325608
0.0113634

0.253751
0.92248
0.290932
-0.142745
0.0934454

-0.253751
-0.92248
-0.290932
0.456483
0.0211539

-0.61356
0.270099
-0.742018
-0.39554
0.13927

0.61356
-0.270099
0.742018
0.5971
0.0116324

-0.584264
0.118228
0.802906
0.825582
0.00084843

0.584264
-0.118228
-0.802906
0.505564
0.00672842

0.344373
-0.46668
-0.814627
-2.46562
3.16456

-0.344373
0.46668
0.814627
-1.54617
1.70842

-0.284658
-0.107699
0.95256
0.915128
0.0022595

0.916101
0.0725269
-0.394334
0.95714
0.000270486

-0.916101
-0.0725269
0.394334
-5.4937
6.04434

-0.77854
0.248191
0.576435
0.473406
0.0415706

0.77854
-0.248191
-0.576435
-2.74466
2.10097

0.322149
0.167765
0.931705
0.810283
0.00654458

0.32707
0.798606
0.505227
-0.714647
0.284641

-0.32707
-0.798606
-0.505227
0.364705
0.0391375

0.240729
-0.185193
0.952761
0.94009
0.000928273

-0.240729
0.185193
-0.952761
-11.0236
37.3521

-0.336014
-0.478867
-0.811037
-1.75343
0.700306

0.336014
0.478867
0.811037
0.791772
0.00408269

0.00162131
-0.811505
-0.584343
-0.298044
0.138768

-0.00162131
0.811505
0.584343
0.363957
0.0333861

-0.0601897
-0.238651
0.969238
0.938071
0.000860777

0.548236
-0.340219
0.763995
0.802477
0.00112963

-0.548236
0.340219
-0.763995
0.500971
0.00720752

-0.377841
0.393238
-0.838212
0.774188
0.00359824

0.121095
0.380181
-0.916951
-0.503292
0.109405

-0.121095
-0.380181
0.916951
0.903711
0.000450144

-0.350584
-0.690589
0.632596
0.711706
0.0157407

0.350584
0.690589
-0.632596
-5.36839
7.6796

-0.600019
-0.342871
-0.722784
-1.83314
0.712351

0.600019
0.342871
0.722784
0.837992
0.00237822

-0.91713
0.304175
-0.257585
-0.134621
0.0928174

0.347581
-0.929771
0.121296
0.188486
0.066454

-0.347581
0.929771
-0.121296
-0.543904
0.240527

0.0997914
-0.501848
0.85918
0.866732
0.000582238

0.924503
0.261707
0.277136
0.983919
6.77617e-06

-0.360472
-0.801317
0.477443
-0.241792
0.141281

0.335047
0.111705
0.935556
0.100811
0.0864303

-0.335047
-0.111705
-0.935556
-0.570133
0.262906

-0.027074
-0.725587
0.687597
0.830521
0.00179074

0.027074
0.725587
-0.687597
-0.674029
0.17041

0.90372
0.427474
-0.0235706
-2.15789
0.95566

-0.90372
-0.427474
0.0235706
0.843151
0.00235842

-0.274206
-0.313652
0.909084
-6.17947
8.05776

0.274206
0.313652
-0.909084
0.958796
0.000267715

0.141521
0.715101
-0.684545
0.387035
0.0967266

-0.141521
-0.715101
0.684545
-6.50884
14.4909

-0.316551
0.277248
0.907154
0.868884
0.00166819

0.103215
0.919055
0.380374
0.549824
0.0279832

0.0680289
0.792512
-0.60605
0.918686
0.00027523

0.50859
0.494589
-0.704782
0.986046
6.82828e-06

-0.012803
-0.198855
0.979945
0.998023
3.25081e-07

0.25654
0.923276
0.285917
0.632221
0.0360373

-0.25654
-0.923276
-0.285917
-8.19451
22.5125

0.511021
-0.751527
-0.417211
0.878052
0.000660547

-0.630547
-0.059106
0.773898
0.141846
0.0559872

0.630547
0.059106
-0.773898
0.141846
0.0559872

0.846294
-0.113705
-0.520439
-1.11171
0.432932

-0.846294
0.113705
0.520439
0.547387
0.0199476

0.810745
-0.47716
0.339133
0.722579
0.0145121

-0.810745
0.47716
-0.339133
-5.39176
7.69365

0.317941
0.939245
-0.129353
0.961442
0.000181536

-0.48157
-0.390355
-0.784674
-0.951311
0.250237

0.48157
0.390355
0.784674
0.850509
0.00147077

0.159215
0.932009
-0.325593
-0.863089
0.423836

-0.159215
-0.932009
0.325593
0.0145588
0.118605

0.234574
-0.849706
-0.472203
-0.414819
0.0995259

-0.234574
0.849706
0.472203
0.872887
0.00081351

0.837107
-0.266645
0.477654
0.138533
0.0824313

-0.837107
0.266645
-0.477654
-0.744599
0.337819

0.454024
-0.394703
-0.798794
-0.90159
0.212025

-0.454024
0.394703
0.798794
0.898732
0.000638778

0.112741
0.7358
-0.667748
0.678192
0.017143

-0.112741
-0.7358
0.667748
-4.14892
4.36749

0.53701
0.561963
-0.62914
0.938436
0.000227797

-0.53701
-0.561963
0.62914
-1.05764
0.238294

-0.0484997
-0.635253
0.77078
0.818272
0.00266609

0.0484997
0.635253
-0.77078
-0.274123
0.0858594

-0.698832
0.70666
0.110747
0.0192511
0.0635235

0.698832
-0.70666
-0.110747
0.448332
0.0201008

-0.46081
-0.223023
0.85902
0.796234
0.00288489

0.46081
0.223023
-0.85902
-0.873537
0.243695

0.584783
0.0354084
0.810417
0.825947
0.00190178

-0.584783
-0.0354084
-0.810417
-0.723828
0.185859

-0.239667
0.765369
0.597303
0.562702
0.0179464

0.239667
-0.765369
-0.597303
-1.02866
0.384612

-0.0892859
-0.116395
0.989182
0.990677
3.98952e-06

-0.516974
-0.846306
-0.128469
-0.244721
0.063691

0.516974
0.846306
0.128469
0.911726
0.000321161

0.471201
0.793541
0.385047
-0.205994
0.18855

-0.471201
-0.793541
-0.385047
-0.760827
0.401874

-0.364114
-0.631236
0.684808
0.212136
0.023255

0.240328
0.338319
0.909826
0.893397
0.00305634

-0.240328
-0.338319
-0.909826
-10.753
37.1237

0.577801
0.732488
0.36001
-20.3298
252.075

-0.577801
-0.732488
-0.36001
0.520448
0.12802

-0.723242
-0.610019
0.323725
0.291665
0.050028

0.723242
0.610019
-0.323725
-0.670547
0.278116

-0.486644
-0.767006
0.418186
-0.872731
0.464972

0.486644
0.767006
-0.418186
-0.177967
0.184015

0.676879
0.289653
-0.67671
0.864976
0.00207823

-0.676879
-0.289653
0.67671
-3.0845
1.89964

0.670163
-0.685362
0.284888
0.892395
0.00166234

0.33275
0.803871
0.49302
-0.30628
0.084684

-0.33275
-0.803871
-0.49302
0.845645
0.00120269

0.330963
-0.753864
-0.567586
-1.10723
0.260776

-0.330963
0.753864
0.567586
0.929958
0.000504784

-0.236291
-0.0822158
0.968198
0.89842
0.000484631

0.236291
0.0822158
-0.968198
-0.416772
0.0941751

-0.883773
-0.00935048
-0.467823
-0.301035
0.0591367

0.883773
0.00935048
0.467823
0.965013
4.73298e-05

-0.707607
-0.706606
0
0.941256
0.000804057

-0.477285
0.822667
0.308897
0.688344
0.0171632

-0.590279
0.591329
-0.549456
-0.596699
0.18892

0.590279
-0.591329
0.549456
0.653586
0.00970588

-0.643645
0.664651
0.379421
-4.63163
4.56989

0.643645
-0.664651
-0.379421
0.885069
0.00191325

-0.312513
0.904141
-0.291316
0.789303
0.00538451

0.312513
-0.904141
0.291316
-2.9185
1.8588

-0.0992179
0.942749
0.318401
0.0157597
0.152052

0.0992179
-0.942749
-0.318401
-1.86416
1.28727

0.686243
-0.65059
-0.325274
-1.30233
0.322176

-0.686243
0.65059
0.325274
0.943426
0.000198112

-0.246306
0.120805
0.961634
0.826927
0.00292275

0.925128
-0.196047
0.32512
0.17239
0.0713001

-0.925128
0.196047
-0.32512
-0.605604
0.268261

-0.249463
-0.790527
0.559316
0.92347
0.000230953

0.249463
0.790527
-0.559316
-0.13547
0.0478297

-0.64866
-0.0569091
-0.758947
0.958503
0.000518716

-0.105103
-0.141891
0.984287
0.980928
0.000259824

0.412913
0.339699
-0.845049
-1.30125
0.461464

-0.412913
-0.339699
0.845049
0.730102
0.00645178

-0.636041
-0.122168
0.761923
0.881041
0.00558551

-0.244729
-0.120855
-0.96203
-0.0258791
0.116931

0.84702
0.0619013
-0.527944
-2.73933
1.80694

-0.84702
-0.0619013
0.527944
0.68355
0.0129904

0.0293736
-0.173142
-0.984459
-0.0531874
0.1274

-0.0293736
0.173142
0.984459
-0.573286
0.283837

0.0708168
0.783555
-0.617273
0.927193
9.92482e-05

-0.0708168
-0.783555
0.617273
0.580631
0.00317636

-0.147715
0.814632
0.560853
0.701855
0.00914383

0.147715
-0.814632
-0.560853
-1.76916
0.784382

0.68935
-0.325268
0.6473
0.867115
0.000763904

-0.68935
0.325268
-0.6473
-0.078643
0.0483616

0.963511
0.174005
0.203396
0.863061
0.000229999

-0.748975
0.105792
0.654099
0.655821
0.0164077

0.748975
-0.105792
-0.654099
-2.97871
2.18986

-0.210573
-0.371089
0.904407
0.904899
0.000550677

0.210573
0.371089
-0.904407
-0.979656
0.233707

-0.0628974
-0.00847059
-0.997984
-37.0651
1016.25

0.0628974
0.00847059
0.997984
0.992005
4.97108e-05

-0.417735
0.221397
0.881181
0.40811
0.0169003

0.417735
-0.221397
-0.881181
0.500199
0.0120597

-0.00436936
-0.49377
0.869582
-5.43614
12.9424

0.00436936
0.49377
-0.869582
-0.609047
0.809471

-0.547547
0.0140138
0.836658
-0.530762
0.222419

0.547547
-0.0140138
-0.836658
0.288386
0.0481076

-0.155673
-0.306698
-0.93899
-0.858571
0.194649

0.155673
0.306698
0.93899
0.908219
0.000521795

0.80824
-0.411616
0.421095
0.45661
0.0261261

-0.80824
0.411616
-0.421095
-0.632586
0.235477

0.746138
-0.604517
0.278994
0.307207
0.0488481

-0.746138
0.604517
-0.278994
-0.757177
0.314118

0.643511
-0.244159
0.725451
0.79152
0.00355921

0.31818
-0.715238
-0.62225
0.0856974
0.0568406

-0.31818
0.715238
0.62225
0.36044
0.027824

0.211048
-0.914014
0.346464
0.188938
0.063329

-0.211048
0.914014
-0.346464
-0.418716
0.193691

-0.0781645
-0.878
-0.472235
0.775211
0.00165945

-0.239913
-0.0764203
0.967782
0.642438
0.0718609

0.239913
0.0764203
-0.967782
-21.8841
294.33

-0.119488
-0.992836
0
-0.284315
0.231689

0.119488
0.992836
0
-0.934426
0.525257

-0.143973
-0.822634
-0.55004
0.433813
0.0236422

-0.292026
-0.696728
0.655202
0.693518
0.0120831

0.292026
0.696728
-0.655202
-2.75444
1.81203

-0.55501
-0.831843
0
0.308115
0.0226764

0.55501
0.831843
0
0.616825
0.00715433

0.161138
0.442318
-0.882264
-16.9994
125.999

-0.161138
-0.442318
0.882264
0.904796
0.00353

-0.307035
-0.103007
-0.946107
0.806269
0.010726

0.536113
-0.2324
0.811525
0.901264
0.00100143

-0.536113
0.2324
-0.811525
-2.68738
1.34263

-0.658903
0.139823
-0.739119
0.298605
0.0416514

0.80858
0.556066
0.192323
0.317968
0.0225821

0.0227984
0.330421
0.943558
0.985145
1.17649e-05

-0.0227984
-0.330421
-0.943558
-0.974132
0.172267

0.0182754
0.487633
-0.872858
-16.1631
124.156

-0.0182754
-0.487633
0.872858
0.731828
0.0303422

0.829771
-0.184273
-0.526805
-0.563156
0.163145

-0.829771
0.184273
0.526805
0.735076
0.00529263

0.662886
-0.669504
-0.335181
-2.79567
2.91199

-0.662886
0.669504
0.335181
-0.212612
0.297219

0.449284
0.830914
0.328217
0.156954
0.0691969

-0.449284
-0.830914
-0.328217
-0.403608
0.19175

-0.237836
0.0485469
0.970091
0.793493
0.0035667

0.237836
-0.0485469
-0.970091
-1.38722
0.472998

0.387141
0.823421
0.41485
-0.0864122
0.263767

-0.387141
-0.823421
-0.41485
-3.74967
5.0398

-0.546363
-0.543463
0.637288
0.75587
0.0040888

0.546363
0.543463
-0.637288
-0.696804
0.196895

0.501841
-0.107813
0.858214
0.960493
0.000148697

-0.66973
-0.253868
-0.697863
0.117231
0.0549263

0.66973
0.253868
0.697863
0.281836
0.0363568

0.798302
-0.359962
0.482847
0.978496
8.55105e-05

-0.137916
-0.990444
0
0.54587
0.0109186

0.137916
0.990444
0
0.234593
0.0309652

-0.369489
-0.141031
0.918471
0.914816
0.000589206

0.615
0.41382
0.671213
0.423367
0.0279157

-0.615
-0.41382
-0.671213
-0.431785
0.171524

-0.142652
-0.638574
0.756223
0.621618
0.0130653

0.142652
0.638574
-0.756223
-1.08279
0.392579

0.375047
0.202204
0.904684
-0.105203
0.197614

-0.375047
-0.202204
-0.904684
-1.78784
1.25715

0.74748
0.448579
0.48995
0.944677
0.000151673

0.467195
-0.629598
-0.620753
0.782305
0.00184854

-0.467195
0.629598
0.620753
0.264385
0.0206943

-0.221299
-0.210924
0.952123
0.959228
0.000190729

0.729303
-0.402911
0.552974
-0.403368
0.235789

-0.729303
0.402911
-0.552974
-0.308256
0.204928

0.202574
0.957428
0.205659
-1.86481
0.802188

-0.202574
-0.957428
-0.205659
0.769287
0.00520822

0.332762
0.0559748
0.941348
0.841993
0.00819271

0.243946
0.769841
-0.589776
-0.617994
0.101917

0.48095
-0.431949
0.762959
-0.93392
0.213943

-0.0974928
-0.728673
0.677887
0.604634
0.00277896

-0.357999
-0.861195
-0.360805
0.992872
1.26593e-05

0.357999
0.861195
0.360805
-11.5729
37.6242

0.460849
0.592277
0.660928
0.605406
0.00500224

0.324784
0.807527
0.492357
0.906082
0.000488122

-0.324784
-0.807527
-0.492357
-0.741016
0.163208

0.661438
0.653373
0.368243
0.361954
0.0489805

-0.661438
-0.653373
-0.368243
-1.43209
0.711098

0.888332
0.232443
0.396026
-0.00101733
0.0647525

-0.653215
0.249814
0.714775
0.63194
0.0126634

0.653215
-0.249814
-0.714775
-1.19128
0.445463

0.44404
-0.0490902
0.894661
0.895077
0.00158601

-0.44404
0.0490902
-0.894661
-1.46225
0.433632

-0.445557
0.579501
-0.682391
0.854157
0.000433323

0.445557
-0.579501
0.682391
0.662271
0.00231861

0.558338
-0.466383
-0.686109
-1.86051
1.13646

-0.558338
0.466383
0.686109
0.284873
0.0711833

0.250012
-0.889029
0.383565
-0.838897
0.549125

-0.250012
0.889029
-0.383565
-0.838897
0.549125

-0.394584
0.342725
0.852551
0.632221
0.0360307

0.394584
-0.342725
-0.852551
-8.19451
22.5132

-0.481112
-0.0143422
0.876542
0.898882
0.000968972

0.481112
0.0143422
-0.876542
-2.2853
0.97415

-0.719876
0.247092
-0.648632
-3.86287
6.31767

0.719876
-0.247092
0.648632
-0.682646
0.756429

-0.698205
0.0220924
0.715557
0.901892
0.000505556

0.698205
-0.0220924
-0.715557
-0.632288
0.137943

-0.326806
0.945091
0
-2.90438
0.789797

0.326806
-0.945091
0
0.895496
0.0226015

-0.055827
0.220463
-0.973796
-0.513765
0.205521

0.055827
-0.220463
0.973796
0.368604
0.0357614

0.577352
-0.0573348
0.81448
0.875021
0.00122736

0.810097
0.52432
0.262358
0.816634
0.00170133

-0.810097
-0.52432
-0.262358
-0.239556
0.0774461

-0.386615
-0.110422
0.915607
0.577114
0.00787178

-0.0118713
0.261491
-0.965133
0.957722
0.000118201

0.0118713
-0.261491
0.965133
-1.53325
0.403091

0.547349
0.819305
-0.170729
0.637058
0.0145623

-0.536983
-0.321388
-0.779974
0.401363
0.0194026

0.536983
0.321388
0.779974
0.382206
0.020657

0.545045
-0.32254
-0.773882
-13.6969
64.7858

-0.545045
0.32254
0.773882
0.961743
0.00044249

-0.400792
0.0726916
-0.913281
-1.29894
0.420924

0.400792
-0.0726916
0.913281
0.803803
0.00308865

0.499588
-0.0430978
-0.86519
-10.753
37.1183

-0.499588
0.0430978
0.86519
0.893397
0.00306586

0.103014
-0.572321
-0.813533
-0.215717
0.0989088

-0.103014
0.572321
0.813533
0.579337
0.0119539

0.242429
0.296887
0.923627
0.918578
0.000489761

-0.039538
-0.334953
0.941405
0.526752
0.0263283

0.039538
0.334953
-0.941405
-1.72588
0.866451

-0.269853
-0.861062
-0.430989
-0.726716
0.229588

0.269853
0.861062
0.430989
0.66135
0.00886195

0.107161
-0.622221
-0.775472
-1.2279
0.412217

-0.107161
0.622221
0.775472
0.752456
0.00517011

-0.159272
0.123053
-0.979536
-1.48034
0.588979

0.159272
-0.123053
0.979536
0.689445
0.00939289

0.857772
-0.424383
-0.290045
0.894715
0.000757164

-0.857772
0.424383
0.290045
-1.26953
0.349424

0.613872
-0.685712
-0.391101
0.967693
4.99108e-05

-0.613872
0.685712
0.391101
-0.791861
0.144392

-0.259796
-0.909225
-0.325294
0.659696
0.00457314

0.259796
0.909225
0.325294
0.435326
0.0125487

-0.381719
-0.758646
-0.527965
-0.0905888
0.0994369

0.381719
0.758646
0.527965
0.186561
0.0553545

0.0550594
0.215556
-0.974938
-7.17716
11.1124

-0.0550594
-0.215556
0.974938
0.980004
6.69151e-05

0.010113
0.416636
0.909017
0.895426
0.000565688

0.511123
0.859508
0
0.297874
0.0211039

-0.511123
-0.859508
0
0.687944
0.00418662

0.413813
-0.759588
-0.501782
0.492535
0.0109864

-0.413813
0.759588
0.501782
0.540836
0.008995

-0.393201
0.780466
-0.486071
0.35107
0.0245652

0.393201
-0.780466
0.486071
0.328501
0.0263027

-0.606538
-0.785968
-0.119856
0.718846
0.0050911

0.606538
0.785968
0.119856
-0.449105
0.135192

-0.915585
-0.355198
0.188514
0.944497
9.39283e-05

0.915585
0.355198
-0.188514
0.0423374
0.0276248

0.36435
-0.881009
0.301781
0.0951447
0.0402958

-0.36435
0.881009
-0.301781
0.694929
0.00458321

0.309145
0.805302
-0.505883
-2.02124
1.04972

-0.309145
-0.805302
0.505883
0.639449
0.0149995

0.168317
-0.846828
-0.504531
-1.12816
0.493371

-0.168317
0.846828
0.504531
0.386927
0.0409529

-0.965746
0.0198123
-0.258731
0.673353
0.00726858

-0.229452
-0.305339
-0.924186
-2.18386
1.60348

0.229452
0.305339
0.924186
0.151865
0.114111

0.801221
0.418788
-0.427389
0.23365
0.054399

-0.801221
-0.418788
0.427389
-0.38377
0.177239

-0.727679
-0.503378
0.465934
-0.373046
0.288648

0.727679
0.503378
-0.465934
-1.14537
0.704537

0.510518
-0.0313804
0.859294
0.920057
0.000181065

0.384962
-0.517789
-0.764002
0.0192552
0.105191

-0.384962
0.517789
0.764002
-0.532414
0.256779

0.504943
-0.445718
-0.739167
-3.19541
2.25928

-0.504943
0.445718
0.739167
0.783294
0.00609662

0.513572
0.234654
0.825337
0.783853
0.00358277

-0.513572
-0.234654
-0.825337
-1.08675
0.332051

0.0583614
-0.801581
0.595031
0.846995
0.00137269

-0.0583614
0.801581
-0.595031
-0.643864
0.157581

0.68612
-0.689332
-0.232509
0.265355
0.0627742

-0.68612
0.689332
0.232509
-1.11229
0.518829

0.143152
0.401128
-0.904767
0.556408
0.00872515

-0.143152
-0.401128
0.904767
0.440285
0.0138728

-0.227123
0.973866
0
0.740452
0.00548144

0.227123
-0.973866
0
-1.11892
0.365021

-0.43439
0.371161
0.820698
0.722488
0.0116187

0.43439
-0.371161
-0.820698
-3.78832
3.45106

0.079472
0.299572
-0.950758
0.992107
7.49978e-06

0.0451635
-0.775562
0.629654
0.684609
0.0138971

-0.0451635
0.775562
-0.629654
-2.74092
1.79516

-0.561869
-0.474711
-0.67746
-0.613114
0.10041

0.561869
0.474711
0.67746
0.979235
2.23997e-05

0.433858
-0.435864
-0.788537
-3.11913
2.23687

-0.433858
0.435864
0.788537
0.742555
0.00876074

-0.257989
0.64682
0.717681
-1.42747
0.580117

0.257989
-0.64682
-0.717681
0.643299
0.0126221

0.509881
0.486595
0.709399
-1.20525
0.538123

-0.509881
-0.486595
-0.709399
0.39743
0.0403121

0.392911
0.131752
0.910089
0.918872
0.000670377

-0.750428
0.227623
-0.620521
-3.71513
3.41919

0.750428
-0.227623
0.620521
0.681258
0.0156949

-0.182909
-0.176367
0.967181
0.819547
0.0026318

-0.660969
0.0410238
-0.749291
0.452492
0.00955871

0.660969
-0.0410238
0.749291
0.788567
0.00147012

0.0253732
0.718418
-0.695148
-2.05789
1.35952

-0.0253732
-0.718418
0.695148
0.278586
0.0758309

-0.680254
-0.13223
-0.72095
-3.60944
3.37309

0.680254
0.13223
0.72095
0.61531
0.0234962

0.656673
-0.0210145
0.753882
0.717535
0.00810359

-0.656673
0.0210145
-0.753882
-1.79005
0.788473

-0.558627
0.792014
0.246273
-0.673058
0.258544

0.558627
-0.792014
-0.246273
0.413979
0.0317346

-0.568372
0.616812
-0.544514
-0.588139
0.265596

0.568372
-0.616812
0.544514
0.137743
0.0783636

-0.0918516
0.567435
0.818279
0.862098
0.00222393

0.792039
0.50473
0.343398
0.356384
0.0235517

0.442565
0.556482
0.703182
-9.94143
36.0869

-0.442565
-0.556482
-0.703182
0.659261
0.0350981

-0.888909
0.443989
0.112761
-0.25295
0.0864569

-0.625581
-0.109966
-0.77237
0.918195
0.00137999

0.625581
0.109966
0.77237
-7.80551
15.6462

-0.619767
-0.53062
0.578214
0.571081
0.00788197

0.619767
0.53062
-0.578214
0.463479
0.0123051

0.588743
0.417403
0.692211
0.526752
0.0262382

-0.588743
-0.417403
-0.692211
-1.72588
0.866697

-0.425165
-0.621979
0.657553
0.844155
0.00243931

0.425165
0.621979
-0.657553
-2.34313
1.11797

0.363125
-0.0900944
-0.927374
-0.972363
0.446336

-0.363125
0.0900944
0.927374
0.21324
0.0710288

-0.588417
0.0607726
0.806271
0.810604
0.00143329

-0.93521
0.0392387
0.351913
0.299595
0.0399335

0.93521
-0.0392387
-0.351913
-0.178768
0.113047

-0.394951
0.72774
0.560722
0.722142
0.00656839

0.935349
0.353726
0
0.613831
0.00744977

-0.935349
-0.353726
0
0.613831
0.00744977

0.543493
0.605437
0.581431
0.642505
0.0122334

-0.543493
-0.605437
-0.581431
-1.30943
0.507914

-0.853962
0.222665
0.470286
0.74055
0.00274061

0.557499
-0.239644
0.794837
0.708424
0.00738556

0.953453
-0.282007
0.106772
0.304459
0.0537465

-0.953453
0.282007
-0.106772
-1.02985
0.457729

0.234067
0.788248
-0.569103
0.702735
0.00267837

-0.234067
-0.788248
0.569103
0.620672
0.00434051

0.420636
-0.186675
0.887816
0.785462
0.0156139

-0.420636
0.186675
-0.887816
-12.7304
63.5365

-0.91242
0.0366965
0.407606
0.313845
0.0505695

0.91242
-0.0366965
-0.407606
-0.936608
0.402796

-0.143949
-0.921707
0.360187
0.440668
0.0077567

0.48721
-0.412428
-0.76976
-3.36878
2.30809

-0.48721
0.412428
0.76976
0.860689
0.00235918

-0.281358
0.177698
0.943007
0.850052
0.000777097

0.281358
-0.177698
-0.943007
0.248
0.0191337

-0.560721
0.691115
0.456018
0.98161
1.29952e-05

0.560721
-0.691115
-0.456018
-0.623352
0.100538

0.391959
0.29317
0.87202
0.81523
0.00670557

-0.391959
-0.29317
-0.87202
-6.41132
10.7736

0.517813
-0.650908
0.555147
-0.0895061
0.0733399

-0.29516
0.210731
-0.931919
-13.3887
64.4562

0.29516
-0.210731
0.931919
0.922206
0.00192528

-0.627558
0.0970451
0.772498
-0.966613
1.00472

0.627558
-0.0970451
-0.772498
-3.16074
4.49685

0.181557
0.836591
-0.516868
-0.82322
0.381685

-0.342705
0.222277
-0.912769
-1.50759
0.657197

0.342705
-0.222277
0.912769
0.598785
0.016835

0.0833905
0.641654
0.762447
0.597201
0.00530706

0.216008
0.84759
-0.484698
0.0387576
0.115502

-0.216008
-0.84759
0.484698
-0.978822
0.489469

-0.960883
0.130385
-0.244345
0.0904256
0.0346704

0.960883
-0.130385
0.244345
0.804173
0.00161267

-0.115197
0.325411
-0.938529
-0.227946
0.111023

0.115197
-0.325411
0.938529
0.472901
0.0204634

0.512327
0.0935397
0.853681
0.914025
0.00103522

-0.512327
-0.0935397
-0.853681
-4.73403
4.60272

-0.141315
-0.335887
0.931241
0.966464
0.00043302

0.141315
0.335887
-0.931241
-17.5203
126.639

0.150942
0.448561
0.880914
0.867366
0.000504286

0.503562
0.0108527
0.863891
0.870498
0.00176953

-0.384332
0.507998
-0.770861
-1.05339
0.555456

0.384332
-0.507998
0.770861
-0.0341671
0.14108

0.0694647
0.358738
0.93085
0.93284
0.000931913

-0.0694647
-0.358738
-0.93085
-7.88188
15.6804

-0.816308
0.09009
0.570547
0.575546
0.00546803

0.816308
-0.09009
-0.570547
0.72727
0.00225807

-0.146995
0.521368
-0.840576
0.896656
0.000812653

0.146995
-0.521368
0.840576
-1.46574
0.438231

0.860842
0.508872
0
-2.21807
1.85964

-0.860842
-0.508872
0
-0.158506
0.241126

0.299737
-0.864601
-0.403266
-0.362952
0.154067

-0.299737
0.864601
0.403266
0.394245
0.0304663

0.550193
0.144026
-0.822523
0.48281
0.0165665

-0.550193
-0.144026
0.822523
0.080549
0.0523467

-0.406274
0.377978
0.83191
-0.0891962
0.158829

0.406274
-0.377978
-0.83191
-1.02536
0.548453

-0.443688
-0.224545
-0.867595
-0.338885
0.142672

0.152607
0.966921
0.204391
0.154301
0.027255

0.0638753
0.81625
0.574157
0.274871
0.0766609

0.36368
-0.53678
0.761317
0.838536
0.00390852

-0.36368
0.53678
-0.761317
-4.49427
4.5216

-0.933055
-0.359733
0
0.564472
0.0172056

0.933055
0.359733
0
-0.941067
0.341699

-0.898317
0.128758
-0.420057
-1.4825
0.803884

0.898317
-0.128758
0.420057
0.23379
0.0766362

0.804071
0.184586
-0.565153
-3.75285
3.43561

-0.804071
-0.184586
0.565153
0.702946
0.0134749

-0.557121
-0.830431
0
-2.26757
0.968553

0.557121
0.830431
0
0.89198
0.00126427

-0.355157
-0.700219
-0.61932
-0.251479
0.225477

0.355157
0.700219
0.61932
-1.06875
0.615813

0.0712124
0.997461
0
-8.08533
20.9999

-0.0712124
-0.997461
0
-0.112107
0.550201

-0.669058
0.7112
-0.215771
-0.0225567
0.0694077

0.669058
-0.7112
0.215771
0.474911
0.0184201

0.108766
0.562123
-0.81987
-0.488372
0.202565

-0.108766
-0.562123
0.81987
0.324041
0.0419332

-0.902087
0.305635
-0.304673
-0.84361
0.458069

0.902087
-0.305635
0.304673
-0.243957
0.208548

-0.160609
0.117764
0.979968
0.678192
0.0112009

0.093564
0.479242
0.872681
0.669289
0.00962262

-0.093564
-0.479242
-0.872681
-1.13104
0.399445

-0.637477
-0.462661
0.616091
-0.247315
0.12618

0.637477
0.462661
-0.616091
0.353392
0.0339817

0.166147
-0.640359
0.74989
0.509218
0.0295216

-0.166147
0.640359
-0.74989
-1.87673
1.01309

-0.26043
-0.054624
-0.963946
-0.640415
0.138332

0.26043
0.054624
0.963946
0.906303
0.000456891

0.666047
0.29896
-0.683377
-8.42436
22.7767

-0.666047
-0.29896
0.683377
0.725286
0.0194293

0.589643
-0.777086
0.22013
0.695177
0.00477822

-0.589643
0.777086
-0.22013
0.0295118
0.0483712

0.570322
0.249955
-0.782468
-0.255352
0.142735

-0.570322
-0.249955
0.782468
0.177337
0.0613241

-0.212528
-0.274864
0.9377
0.970539
0.000320841

-0.264831
0.254714
0.930046
0.94499
0.000560482

-0.613537
0.645569
0.454767
0.395886
0.0113813

-0.601263
-0.612022
0.513724
0.470623
0.0348904

-0.265168
0.131986
-0.955126
-0.613574
0.146005

0.265168
-0.131986
0.955126
0.860861
0.00110341

-0.22652
0.11662
-0.967
-0.761476
0.250866

0.22652
-0.11662
0.967
0.624776
0.0115525

0.110712
-0.48891
0.86528
0.791283
0.00383292

-0.110712
0.48891
-0.86528
-1.49626
0.535722

0.569256
0.721717
-0.393792
-1.74609
1.09855

-0.569256
-0.721717
0.393792
0.131121
0.110035

0.145872
0.756061
-0.638039
0.315538
0.0206854

-0.145872
-0.756061
0.638039
0.655277
0.00528961

0.190839
0.850302
-0.490477
0.542696
0.00945644

-0.427341
-0.280705
0.859409
0.660262
0.0100372

0.427341
0.280705
-0.859409
-1.03005
0.353805

-0.695156
0.181218
0.695642
0.801471
0.00259406

0.695156
-0.181218
-0.695642
-0.750848
0.201307

-0.113575
0.315594
0.942073
0.940177
0.000308461

0.113575
-0.315594
-0.942073
-2.41001
0.99073

0.0420851
0.488088
0.87178
0.804875
0.00163422

-0.0420851
-0.488088
-0.87178
0.125787
0.031387

-0.731867
0.624909
0.271769
-0.747164
0.152807

0.731867
-0.624909
-0.271769
0.933743
0.000222638

0.815191
-0.579192
0
0.599665
0.0372008

-0.815191
0.579192
0
-3.58608
3.14774

-0.54386
-0.280128
0.79104
-3.7595
2.85869

0.54386
0.280128
-0.79104
0.879537
0.00187626

-0.900528
-0.363048
-0.23926
-0.393929
0.157169

0.900528
0.363048
0.23926
0.447402
0.0247121

0.265279
-0.124907
0.956047
0.951241
0.000318397

-0.0552605
0.329321
0.9426
0.804373
0.0128902

0.0552605
-0.329321
-0.9426
-12.8035
63.654

-0.463218
0.777574
-0.425215
-1.2702
0.551098

0.463218
-0.777574
0.425215
0.478763
0.0290963

0.405628
-0.13154
-0.904524
-2.06965
0.834315

-0.405628
0.13154
0.904524
0.879519
0.00129975

0.75612
0.144339
-0.638317
-13.0918
64.1302

-0.75612
-0.144339
0.638317
0.869713
0.00548998

0.00613876
-0.232685
-0.972533
0.868281
0.000853132

0.929579
-0.34193
0.137723
0.1516
0.030412

-0.929579
0.34193
-0.137723
0.77302
0.00217874

-0.0421632
-0.589021
0.807017
0.936901
0.00151577

0.0421632
0.589021
-0.807017
-17.2358
126.367

-0.230017
-0.217911
0.948476
0.95712
0.000489405

0.230017
0.217911
-0.948476
-11.1505
37.4055

0.0432272
-0.793348
0.607232
-1.55554
1.31354

-0.0432272
0.793348
-0.607232
-1.01918
0.82012

0.0296546
-0.489962
-0.871239
-1.24042
0.496321

-0.0296546
0.489962
0.871239
0.573391
0.018156

0.800881
0.116337
-0.587414
-0.805414
0.220758

-0.800881
-0.116337
0.587414
0.795153
0.00284627

0.688047
0.725666
0
-2.21153
1.37353

-0.688047
-0.725666
0
0.447864
0.0499422

-0.459743
-0.844664
-0.274189
0.934391
0.000244558

0.588018
-0.273341
0.761262
0.800486
0.000658672

-0.588018
0.273341
-0.761262
0.858089
0.000347781

0.23685
0.912571
0.333341
0.893471
0.00126261

0.822027
-0.417906
0.386816
-0.178264
0.0823288

-0.580583
0.814201
0
0.891118
0.00108076

0.580583
-0.814201
0
-2.09709
0.837506

0.149591
0.482009
-0.863302
0.119378
0.0842997

-0.149591
-0.482009
0.863302
-0.653738
0.297282

0.392386
-0.212987
-0.894801
0.507882
0.0190063

0.148514
-0.332075
-0.931488
0.254765
0.0672453

-0.148514
0.332075
0.931488
-1.2234
0.59622

0.372911
0.731479
-0.570855
0.262881
0.045831

-0.372911
-0.731479
0.570855
-0.203507
0.122023

0.227407
-0.0926251
-0.969385
-3.57681
2.35125

-0.227407
0.0926251
0.969385
0.928487
0.000614557

-0.699972
-0.106458
-0.706191
-0.703308
0.22713

0.699972
0.106458
0.706191
0.635357
0.0104312

-0.231106
-0.35029
0.907682
0.920084
0.000797159

-0.401124
0.609735
0.68361
0.861877
0.00524623

0.401124
-0.609735
-0.68361
-10.6062
36.9727

0.603622
-0.0698405
0.794205
0.724165
0.0107721

0.186098
0.862645
-0.470331
-0.551469
0.27991

-0.186098
-0.862645
0.470331
-0.104506
0.141906

-0.672886
-0.739746
0
-2.90859
2.92993

0.672886
0.739746
0
-0.0568824
0.225597

-0.361392
-0.652785
-0.665784
-16.7322
125.501

0.361392
0.652785
0.665784
0.859893
0.00784446

-0.447057
0.712831
0.540381
0.0898361
0.109065

0.447057
-0.712831
-0.540381
-1.24754
0.664469

0.199293
-0.958471
-0.204
0.957984
0.000146604

-0.199293
0.958471
0.204
-2.47933
0.998057

0.937061
-0.168917
0.305587
0.706361
0.00500616

-0.937061
0.168917
-0.305587
-0.202028
0.0836767

-0.777053
-0.629435
0
-0.501763
0.354135

0.777053
0.629435
0
-0.96149
0.586329

-0.225813
-0.928928
-0.293431
0.827991
0.000868184

0.225813
0.928928
0.293431
0.449551
0.00882699

-0.219516
0.0245045
-0.975301
0.914292
0.00153662

0.59599
-0.493919
-0.633119
0.016701
0.12571

-0.59599
0.493919
0.633119
-1.08037
0.562138

-0.365896
0.831957
0.417094
0.509218
0.0295292

0.365896
-0.831957
-0.417094
-1.87673
1.01306

-0.248413
0.757861
-0.603273
0.643884
0.00803916

0.248413
-0.757861
0.603273
-0.223635
0.0942499

0.275518
-0.480975
0.832318
0.932404
0.0010576

-0.275518
0.480975
-0.832318
-9.20293
23.4458

-0.863538
0.366752
0.346114
0.378274
0.0129563

0.946544
0.294904
-0.130718
0.0192562
0.0731562

-0.946544
-0.294904
0.130718
0.249115
0.0428851

-0.648172
0.589551
-0.481977
-3.05946
2.60596

0.648172
-0.589551
0.481977
0.476889
0.0432896

0.707457
-0.185022
0.682108
0.996219
1.48816e-06

-0.707457
0.185022
-0.682108
-0.412198
0.0577132

0.212471
0.977167
0
0.206904
0.0563334

0.923078
0.384613
0
-0.79336
0.659041

-0.923078
-0.384613
0
-1.87733
1.63411

0.454336
-0.46001
0.762869
0.845673
0.0014266

-0.082334
0.587708
0.804873
0.800687
0.00433345

-0.682588
0.652889
0.328343
0.981703
3.32564e-05

0.0357068
0.628122
-0.777295
-0.619983
0.156069

-0.0357068
-0.628122
0.777295
0.8296
0.00174087

-0.155278
-0.398976
0.903719
0.93799
0.000362201

-0.0879286
0.916027
-0.39136
0.676704
0.00410012

0.0879286
-0.916027
0.39136
0.417664
0.013259

0.889977
-0.179117
0.419355
0.977156
3.24858e-05

-0.650434
-0.167765
-0.740804
-1.16004
0.223825

0.650434
0.167765
0.740804
0.984937
1.1361e-05

0.610834
-0.70525
-0.359867
-1.25264
0.737475

-0.610834
0.70525
0.359867
-0.149312
0.192017

-0.266126
-0.701823
0.660773
0.785725
0.00303797

0.266126
0.701823
-0.660773
-0.672873
0.182122

0.225596
0.294526
0.928634
0.943876
0.000620196

-0.225596
-0.294526
-0.928634
-7.94565
15.7264

0.649717
-0.549057
0.525741
0.573391
0.0180568

-0.649717
0.549057
-0.525741
-1.24042
0.4964

-0.379918
0.595458
-0.707878
0.151279
0.0633226

0.379918
-0.595458
0.707878
-0.155206
0.117282

0.772811
0.519284
0.364837
-0.229248
0.117538

-0.772811
-0.519284
-0.364837
0.400913
0.0279425

-0.44298
0.627465
-0.640356
-2.43261
1.96379

0.44298
-0.627465
0.640356
0.141845
0.1229

0.587261
-0.485587
0.647557
0.413979
0.0317458

-0.587261
0.485587
-0.647557
-0.673058
0.258551

0.575214
0.579761
-0.577067
-1.47102
0.72043

-0.575214
-0.579761
0.577067
0.410643
0.0409925

0.63851
0.0193306
-0.769371
0.608001
0.0101093

-0.63851
-0.0193306
0.769371
-0.235045
0.100109

-0.652738
0.19389
0.732353
0.670732
0.0156101

0.652738
-0.19389
-0.732353
-3.26555
2.61897

-0.0723839
-0.553572
-0.82965
-0.620958
0.233996

0.0723839
0.553572
0.82965
0.439116
0.0280195

-0.453136
-0.23747
-0.85923
-7.13984
15.1708

0.453136
0.23747
0.85923
0.718254
0.0181807

0.424246
-0.350595
0.834924
0.751499
0.0211316

-0.424246
0.350595
-0.834924
-12.6078
63.3572

-0.526157
-0.245724
-0.814112
0.287122
0.0182663

0.526157
0.245724
0.814112
0.802819
0.00139841

-0.457934
-0.138632
-0.87811
-4.0319
4.30574

0.457934
0.138632
0.87811
0.608117
0.0262861

0.123502
0.151603
0.980695
0.986998
0.000120382

0.169684
-0.593066
-0.787071
-0.000548124
0.113779

0.43581
-0.524229
0.73161
0.608348
0.0552418

-0.43581
0.524229
-0.73161
-12.1752
62.479

-0.52696
-0.662847
0.531927
0.96734
8.13226e-05

0.637533
-0.316001
0.702634
0.562166
0.0143934

-0.637533
0.316001
-0.702634
-0.418576
0.150134

-0.729224
-0.553984
-0.401663
0.732304
0.00262267

0.729224
0.553984
0.401663
0.407936
0.0127582

0.379048
0.740185
-0.555382
-0.833566
0.179872

-0.379048
-0.740185
0.555382
0.924076
0.000322156

0.262522
-0.197381
-0.944523
0.910076
0.000299251

0.149438
0.348702
-0.925243
-1.07077
0.509848

-0.149438
-0.348702
0.925243
0.19983
0.0763851

0.355314
-0.139339
0.924304
0.99154
3.48241e-05

-0.0427302
0.590839
0.805657
0.993897
1.55718e-05

0.0427302
-0.590839
-0.805657
-17.9682
126.995

0.407655
-0.0943217
0.908251
0.934967
0.000254373

-0.407655
0.0943217
-0.908251
-1.12009
0.261879

-0.747735
0.55928
0.357908
-0.781796
0.443232

0.747735
-0.55928
-0.357908
-0.394331
0.271426

0.0423821
-0.173061
0.983999
0.89926
0.00123842

-0.268218
-0.487585
-0.830855
-1.36875
0.695597

0.268218
0.487585
0.830855
0.276581
0.0648794

-0.732311
0.29497
0.61377
0.233663
0.0690699

0.732311
-0.29497
-0.61377
-1.09187
0.51445

-0.267968
0.532192
0.803097
0.841919
0.00327645

0.267968
-0.532192
-0.803097
-3.65854
2.83231

-0.0244716
0.285614
0.958032
0.53045
0.0175303

-0.712782
-0.319896
-0.624187
-0.686718
0.242113

0.712782
0.319896
0.624187
0.532767
0.0186586

0.230648
0.661061
0.714003
0.338577
0.0769655

-0.741095
-0.314416
-0.59323
0.906949
0.000414756

0.741095
0.314416
0.59323
-0.469157
0.101864

0.55198
-0.299768
-0.778112
-0.449949
0.162665

-0.55198
0.299768
0.778112
0.534408
0.0167856

-0.44257
-0.772089
-0.456082
-0.722548
0.199052

-0.271636
0.65047
-0.709297
-4.47658
5.58363

0.271636
-0.65047
0.709297
0.564323
0.0354603

-0.600208
0.425436
0.677314
0.913556
0.000451389

0.600208
-0.425436
-0.677314
-0.931774
0.213835

0.366984
0.887915
0.277364
0.427963
0.0168003

-0.366984
-0.887915
-0.277364
0.410496
0.0178412

0.503009
0.712628
-0.489023
-0.691786
0.171561

-0.235806
0.252112
-0.938528
-9.22042
23.4684

0.235806
-0.252112
0.938528
0.935331
0.000948272

0.853275
0.521461
0
0.676799
0.0112479

-0.853275
-0.521461
0
-0.883094
0.285914

0.591872
-0.57137
0.568528
-0.513765
0.205533

-0.591872
0.57137
-0.568528
0.368604
0.0357758

-0.129427
-0.157628
0.97898
0.988246
3.0392e-05

0.129427
0.157628
-0.97898
-9.67912
23.6672

0.711364
0.177133
0.680136
0.0674169
0.0509471

-0.711364
-0.177133
-0.680136
0.555815
0.0116236

-0.0249064
0.196998
-0.980088
-1.83189
0.891018

0.0249064
-0.196998
0.980088
0.625532
0.015771

-0.586631
0.235055
-0.774993
-6.49373
10.8179

0.586631
-0.235055
0.774993
0.842094
0.00486025

-0.493477
-0.324411
-0.806993
-0.975751
0.272563

0.493477
0.324411
0.806993
0.818572
0.00236404

-0.290508
0.885004
0.363831
0.453211
0.0360271

0.290508
-0.885004
-0.363831
-1.65647
0.849816

0.60862
0.565925
0.556157
0.688691
0.00570143

-0.765948
-0.642902
0
0.910766
0.00100488

-0.262952
0.123415
0.956883
-3.93386
5.18917

0.262952
-0.123415
-0.956883
0.116868
0.166662

-0.626107
-0.320287
-0.71092
0.318869
0.0257941

0.626107
0.320287
0.71092
0.42114
0.0186364

0.39062
-0.798516
0.458026
0.356384
0.0894727

-0.39062
0.798516
-0.458026
-4.79253
7.24657

0.438696
0.328592
0.836405
0.917591
0.00212493

-0.438696
-0.328592
-0.836405
-13.3589
64.469

-0.639047
-0.690331
-0.339208
0.878979
0.00125478

0.61604
0.124807
0.777765
0.897738
0.00408784

-0.61604
-0.124807
-0.777765
-16.9535
125.924

0.628818
0.0278832
-0.777053
-8.67842
23.0491

-0.628818
-0.0278832
0.777053
0.810303
0.00886213

-0.211048
0.91748
0.337178
-0.170212
0.170953

0.211048
-0.91748
-0.337178
-0.685098
0.354473

-0.235044
-0.8198
0.52219
0.247235
0.0203513

0.235044
0.8198
-0.52219
0.821498
0.00115176

-0.812587
-0.457721
0.360823
-0.778593
0.323678

0.812587
0.457721
-0.360823
0.310926
0.0491296

-0.86197
0.140341
-0.487147
-0.922019
0.158711

0.86197
-0.140341
0.487147
0.985769
1.07535e-05

0.0152672
0.608939
-0.79307
-0.980355
0.377222

-0.0152672
-0.608939
0.79307
0.504911
0.0237194

0.504497
0.526388
0.684397
0.769016
0.00218621

-0.504497
-0.526388
-0.684397
0.202735
0.0260057

0.733965
-0.359872
0.576009
-0.430096
0.0947256

-0.733965
0.359872
-0.576009
0.906311
0.000410996

0.560329
0.412377
0.718315
0.772322
0.00183677

-0.560329
-0.412377
-0.718315
0.364228
0.014315

1
0
0
0.780389
0.0195697

-1
0
0
-0.3038
0.133177

-0.00779977
-0.481542
-0.876388
-1.50758
0.728923

0.00779977
0.481542
0.876388
0.453901
0.0346214

0.364543
0.864462
-0.346141
-0.965954
0.53337

-0.364543
-0.864462
0.346141
-0.213671
0.203309

-0.474815
0.439664
0.762395
0.742554
0.00574578

0.474815
-0.439664
-0.762395
-1.31701
0.463759

0.628225
0.116166
0.76931
0.495877
0.0166363

-0.628225
-0.116166
-0.76931
-0.0335027
0.0698772

0.785407
0.335281
-0.52031
-0.772716
0.316593

-0.785407
-0.335281
0.52031
0.332487
0.0449583

0.0936952
-0.42891
-0.898475
-1.33951
0.466641

-0.0936952
0.42891
0.898475
0.759666
0.00503114

-0.372506
0.792766
-0.482453
0.639533
0.00931478

0.372506
-0.792766
0.482453
-0.47701
0.155235

0.50726
-0.537896
0.673316
-0.39369
0.147778

-0.50726
0.537896
-0.673316
0.525758
0.0171328
