
-0.346344
-0.863861
0.365772
0.302486
0.0113804

0.336868
-0.427558
-0.838877
-17.1202
126.202

-0.336868
0.427558
0.838877
0.922084
0.00233406

0.497941
0.621309
0.605004
-0.870601
0.306255

-0.497941
-0.621309
-0.605004
0.578697
0.0156082

0.0901933
-0.391678
-0.915671
-0.287229
0.129987

-0.0901933
0.391678
0.915671
0.427898
0.0258397

-0.766095
-0.203004
0.609827
0.905089
0.0012937

0.326962
-0.357944
0.874627
0.411203
0.0267692

-0.326962
0.357944
-0.874627
-0.202542
0.110622

-0.63629
-0.75979
-0.133618
0.933541
5.14002e-05

0.99799
0.0633786
0
-0.878662
0.263306

-0.99799
-0.0633786
0
0.742296
0.00499875

0.172065
-0.0709872
0.982524
-0.464044
0.154254

-0.172065
0.0709872
-0.982524
0.623302
0.0103775

0.326163
-0.149098
0.933481
0.911591
0.000383065

-0.682074
-0.704147
-0.197364
0.179774
0.0306437

0.874934
-0.150349
-0.46031
0.789857
0.00510068

0.195055
0.422528
0.885112
0.30965
0.0151156

-0.195055
-0.422528
-0.885112
0.858372
0.000690206

0.281257
-0.213961
-0.935476
0.99413
9.96322e-06

-0.281257
0.213961
0.935476
-14.1486
65.0423

0.569643
-0.580996
0.581335
0.784405
0.00540393

0.9546
0.231722
0.187202
0.618598
0.00760071

-0.9546
-0.231722
-0.187202
0.141847
0.0384555

-0.157644
-0.540496
-0.826445
-0.0350298
0.0811346

-0.379401
0.849466
-0.366692
-0.597335
0.336914

0.379401
-0.849466
0.366692
-0.393638
0.256702

-0.828811
0.169133
0.533353
0.993519
2.30886e-06

0.47411
-0.569442
0.671532
-1.77419
0.56744

-0.47411
0.569442
-0.671532
0.92898
0.000390994

0.0754573
-0.558721
-0.825916
-1.51069
1.14124

-0.0754573
0.558721
0.825916
-0.64533
0.490352

0.0887323
-0.790269
0.606302
-13.5886
64.6823

-0.0887323
0.790269
-0.606302
0.94952
0.000785769

0.416836
-0.0273932
0.908569
0.920135
0.000649354

0.587329
-0.647618
-0.485422
0.406079
0.0224451

-0.587329
0.647618
0.485422
0.13893
0.0471643

-0.394559
-0.515845
0.760413
-0.781796
0.443299

0.394559
0.515845
-0.760413
-0.394331
0.271572

0.825977
-0.150164
0.543334
0.310959
0.0336043

-0.825977
0.150164
-0.543334
0.0799168
0.0598624

0.646091
0.763261
0
0.65255
0.00615105

-0.646091
-0.763261
0
0.566473
0.00882675

0.357726
-0.184018
-0.915516
-0.40398
0.117335

-0.357726
0.184018
0.915516
0.763384
0.00334391

-0.761873
-0.647727
0
0.922034
4.77017e-05

0.761873
0.647727
0
0.912485
5.96257e-05

-0.0359089
-0.840251
-0.541007
-1.45187
0.992391

0.0359089
0.840251
0.541007
-0.379169
0.314104

-0.218726
0.192287
0.956653
0.972913
0.000370226

0.310022
-0.950729
0
0.808887
0.00870877

-0.310022
0.950729
0
-7.3881
15.2689

0.506342
0.485157
0.71291
0.804678
0.00321408

-0.506342
-0.485157
-0.71291
-1.38366
0.463963

-0.351628
0.0469816
0.93496
0.954068
0.00153863

0.351628
-0.0469816
-0.93496
-36.3077
1014.77

-0.712092
0.647061
-0.272464
0.225186
0.0135216

0.712092
-0.647061
0.272464
0.968706
2.34222e-05

0.528616
0.694739
-0.487752
0.720971
0.00648212

-0.528616
-0.694739
0.487752
-1.0958
0.362174

-0.357645
0.053237
0.932339
0.911947
0.000654048

0.641125
-0.160281
-0.750512
0.226886
0.133926

-0.641125
0.160281
0.750512
-4.63597
7.10507

-0.650434
-0.167765
-0.740804
-1.16004
0.223825

0.650434
0.167765
0.740804
0.984937
1.1361e-05

-0.0160476
0.0316935
0.999369
0.778158
0.00638804

0.0160476
-0.0316935
-0.999369
-1.59872
0.600388

-0.661639
-0.468885
0.585133
0.498564
0.0176125

0.661639
0.468885
-0.585133
-0.166154
0.095177

0.0811054
-0.19641
0.977162
0.30524
0.161333

-0.0811054
0.19641
-0.977162
-9.20904
34.7539

0.509552
-0.401527
-0.761008
-2.11904
0.948463

-0.509552
0.401527
0.761008
0.823182
0.00310727

0.83819
-0.490971
-0.237455
0.587053
0.0134209

-0.83819
0.490971
0.237455
-0.600566
0.201465

-0.276203
-0.961099
0
0.530018
0.0133375

0.276203
0.961099
0
0.0567701
0.0536363

-0.505548
-0.215201
0.83553
0.609291
0.0106437

0.505548
0.215201
-0.83553
-0.35878
0.128371

-0.0601897
-0.238651
0.969238
0.938071
0.000860777

0.10273
0.513652
0.851826
0.936171
0.000608542

0.837107
-0.266645
0.477654
0.138533
0.0824313

-0.837107
0.266645
-0.477654
-0.744599
0.337819

0.00596488
-0.352722
0.935709
0.89947
0.000204549

-0.00596488
0.352722
-0.935709
0.615819
0.00284199

-0.1864
-0.404846
-0.895184
-0.909622
0.311313

0.1864
0.404846
0.895184
0.622789
0.0122956

-0.105324
-0.682452
-0.723302
0.498564
0.0176003

0.105324
0.682452
0.723302
-0.166154
0.0951612

-0.641417
0.377551
-0.667862
0.942726
0.000860497

0.641417
-0.377551
0.667862
-11.0418
37.3498

-0.888866
-0.458167
0
0.613601
0.0133784

0.470582
0.882356
0
0.844618
0.0043418

-0.470582
-0.882356
0
-1.70918
0.608295

0.57114
-0.484422
-0.662672
-1.17431
0.405288

-0.57114
0.484422
0.662672
0.708425
0.00735611

-0.747771
0.381726
-0.543253
-2.52859
1.14721

0.325354
-0.432979
-0.840639
-0.074206
0.0797525

-0.325354
0.432979
0.840639
0.455643
0.0204876

0.3265
-0.3217
-0.888767
-17.0825
126.141

-0.3265
0.3217
0.888767
0.916886
0.00266654

0.823052
-0.501881
0.265895
0.151865
0.113876

-0.823052
0.501881
-0.265895
-2.18386
1.60438

0.52314
-0.187969
0.83126
0.914185
0.00122046

-0.52314
0.187969
-0.83126
-5.95103
7.98127

-0.605364
-0.680767
0.412422
0.706355
0.00602832

0.605364
0.680767
-0.412422
-0.437662
0.135037

0.107503
-0.590154
0.800101
0.821646
0.00240784

-0.107503
0.590154
-0.800101
-1.14048
0.337568

-0.30775
-0.525006
0.79351
0.780638
0.00108141

-0.539363
-0.287809
-0.791362
-0.46982
0.116794

0.539363
0.287809
0.791362
0.855395
0.00194148

0.015298
-0.592871
0.805152
0.696582
0.00318256

-0.830173
0.22973
0.507973
-0.0088017
0.121606

0.830173
-0.22973
-0.507973
-0.757732
0.368984

0.0807757
0.148578
0.985596
0.963683
0.000337015

-0.62883
0.699203
-0.340131
-0.746949
0.52142

0.62883
-0.699203
0.340131
-1.1341
0.778103

0.762293
0.581901
-0.283372
0.0744466
0.0526651

-0.762293
-0.581901
0.283372
0.495273
0.0156627

0.179513
-0.903271
-0.389715
0.878194
0.00254376

-0.780462
-0.625203
0
-0.376116
0.0810453

0.780462
0.625203
0
0.933338
0.000545038

-0.171055
-0.735111
0.656012
-0.163073
0.0813992

-0.483292
-0.25788
0.836616
0.861375
0.000477599

0.483292
0.25788
-0.836616
0.521887
0.00562542

-0.304059
-0.335251
0.891714
0.870268
0.00122926

-0.754312
0.131149
-0.643283
-2.51808
1.73395

0.754312
-0.131149
0.643283
0.512915
0.0332388

0.239573
0.608345
-0.756652
-0.578759
0.163533

-0.239573
-0.608345
0.756652
0.75026
0.00416586

0.188124
-0.663198
-0.724415
0.80313
0.000900225

-0.188124
0.663198
0.724415
0.66334
0.00262402

0.568787
-0.107233
0.815464
0.693516
0.0280703

-0.568787
0.107233
-0.815464
-10.0334
36.2217

-0.161904
-0.138131
0.977091
0.462613
0.01956

0.370637
0.658785
0.654699
-0.270925
0.189002

-0.370637
-0.658785
-0.654699
-0.352268
0.213602

0.851309
-0.519524
-0.0732704
-0.276664
0.0790988

0.555821
-0.500373
0.663845
0.720737
0.00993509

-0.555821
0.500373
-0.663845
-2.79734
1.82407

0.358567
-0.355006
-0.863366
0.738444
0.00551329

-0.358567
0.355006
0.863366
-1.02973
0.325749

-0.297014
0.788679
0.538301
0.717535
0.00812554

0.297014
-0.788679
-0.538301
-1.79005
0.788373

0.624443
-0.740381
-0.248811
-1.89473
1.01796

-0.624443
0.740381
0.248811
0.526938
0.0271879

0.415115
0.265276
0.870234
-0.656934
0.19345

-0.415115
-0.265276
-0.870234
0.718063
0.00561304

-0.229789
-0.0122257
0.973164
0.986998
0.000121409

0.229789
0.0122257
-0.973164
-36.9147
1016.31

-0.348958
0.673638
0.65149
0.849775
0.00198983

0.348958
-0.673638
-0.65149
-1.84971
0.711697

0.637558
-0.644856
0.421521
0.815451
0.00743507

-0.637558
0.644856
-0.421521
-7.40852
15.394

0.497233
0.107757
-0.860899
-0.398433
0.179058

-0.554193
-0.723337
0.411891
0.632219
0.0096958

0.554193
0.723337
-0.411891
-0.471116
0.154673

-0.160652
-0.820752
0.548231
-0.144209
0.205064

0.160652
0.820752
-0.548231
-1.57446
1.03798

-0.0533342
0.714797
-0.697295
-0.588139
0.265634

0.0533342
-0.714797
0.697295
0.137743
0.0784206

0.590786
0.665257
0.456515
0.481798
0.0278045

-0.590786
-0.665257
-0.456515
-1.16007
0.482243

-0.602283
0.437168
0.667937
-0.306591
0.464506

0.602283
-0.437168
-0.667937
-4.82318
9.22502

-0.0294896
0.745615
-0.665725
-0.956387
0.250826

0.0294896
-0.745615
0.665725
0.853686
0.00199883

-0.597409
0.195413
0.777763
-0.703678
0.38933

0.597409
-0.195413
-0.777763
-0.346129
0.243166

-0.349676
-0.183901
0.918644
0.324205
0.133439

0.349676
0.183901
-0.918644
-7.61985
21.6965

-0.153939
-0.263214
-0.952377
-1.66156
0.762478

0.153939
0.263214
0.952377
0.611983
0.0163895

-0.443609
0.896221
0
0.814797
0.00184896

-0.343709
0.0571886
0.937333
0.81894
0.00397112

0.343709
-0.0571886
-0.937333
-2.97841
1.87238

0.52571
0.193265
-0.828419
0.471906
0.0164298

-0.893481
0.435117
-0.111201
0.95424
0.000174295

0.893481
-0.435117
0.111201
-2.46356
0.996552

-0.014329
0.310451
-0.950481
0.932153
0.0017922

-0.415955
0.252429
0.873648
0.788465
0.0090065

0.415955
-0.252429
-0.873648
-6.33582
10.7161

-0.551763
-0.15586
0.819308
0.210109
0.0538185

-0.483153
0.703905
0.520654
-0.0437005
0.100481

0.483153
-0.703905
-0.520654
-0.0437005
0.100481

-0.800888
-0.598814
0
0.731827
0.00658197

0.800888
0.598814
0
-1.41355
0.523974

-0.403177
0.0483452
0.913844
0.793132
0.00395626

0.403177
-0.0483452
-0.913844
-1.75561
0.701037

-0.530151
0.175148
0.829616
0.917464
0.00123731

-0.230622
0.845872
0.480951
0.492378
0.0242806

0.230622
-0.845872
-0.480951
-0.882873
0.333334

-0.264286
-0.860797
0.434949
-0.355617
0.185526

0.264286
0.860797
-0.434949
0.0483892
0.0914546

-0.344427
0.450196
-0.823828
-7.19698
15.2218

0.344427
-0.450196
0.823828
0.740934
0.0152113

0.570103
-0.423796
-0.703832
-0.458598
0.163597

-0.570103
0.423796
0.703832
0.54686
0.0158843

0.0444636
-0.680034
-0.731831
-0.707281
0.173866

-0.0444636
0.680034
0.731831
0.853922
0.00198344

0.587313
0.71131
-0.386136
-1.9616
1.03508

-0.587313
-0.71131
0.386136
0.588952
0.0199715

0.152656
-0.442502
0.883679
0.918871
0.00038407

-0.152656
0.442502
-0.883679
-0.766784
0.164592

-0.814675
-0.397681
-0.422083
-0.0962647
0.0812484

0.814675
0.397681
0.422083
0.496926
0.0171173

0.54444
0.232835
0.805837
0.800156
0.00462768

-0.14464
0.595579
-0.790168
-3.77085
3.44195

0.14464
-0.595579
0.790168
0.712968
0.0125619

0.60682
0.278357
0.744504
0.102369
0.0958443

-0.60682
-0.278357
-0.744504
-0.909022
0.433422

0.728393
0.120929
-0.674403
0.513233
0.013832

-0.728393
-0.120929
0.674403
0.134635
0.0436691

-0.299153
-0.164142
0.939981
0.842594
0.00104993

0.299153
0.164142
-0.939981
-0.0279955
0.0446588

-0.708508
-0.705703
0
0.0336373
0.0253464

0.708508
0.705703
0
0.98474
0.000100977

0.504943
-0.445718
-0.739167
-3.19541
2.25928

-0.504943
0.445718
0.739167
0.783294
0.00609662

-0.047605
-0.295654
-0.954108
-1.3717
0.391303

0.047605
0.295654
0.954108
0.899251
0.000707614

-0.842826
-0.263361
0.469345
0.500273
0.0222092

0.622289
0.425348
-0.657142
0.274469
0.0490857

-0.622289
-0.425348
0.657142
-0.461624
0.199113

0.976579
0.215158
0
0.478855
0.0150731

-0.976579
-0.215158
0
0.529666
0.0126571

0.237287
0.949012
0.207536
0.239128
0.0307495

-0.237287
-0.949012
-0.207536
0.536109
0.0114312

-0.397286
0.440067
-0.805298
-0.0651382
0.0596147

0.397286
-0.440067
0.805298
0.722264
0.00405836

0.440158
-0.369087
-0.818557
0.480957
0.00781045

-0.440158
0.369087
0.818557
0.813143
0.00101421

-0.113843
0.800368
0.588601
0.976541
3.14922e-05

0.113843
-0.800368
-0.588601
-1.05217
0.203333

-0.0441344
0.379152
0.924281
0.947542
0.000343806

0.0441344
-0.379152
-0.924281
-4.40841
3.64654

0.341338
-0.0236084
0.939644
0.754158
0.00529318

0.693584
-0.535325
0.482047
0.439874
0.0185714

-0.929726
0.27235
-0.247861
-0.203642
0.129197

0.929726
-0.27235
0.247861
0.164138
0.0623153

0.0217755
0.962118
-0.271764
-0.241258
0.100516

-0.0217755
-0.962118
0.271764
0.616896
0.00958712

0.413148
0.310559
0.856074
0.773674
0.0212658

-0.413148
-0.310559
-0.856074
-16.3281
124.592

-0.866684
0.255237
0.428617
-0.906231
0.447795

0.866684
-0.255237
-0.428617
0.0237505
0.118318

0.107999
0.819489
0.562826
0.616896
0.0096332

-0.107999
-0.819489
-0.562826
-0.241258
0.100586

-0.00769559
0.733856
0.679261
0.645355
0.0268619

0.00769559
-0.733856
-0.679261
-6.00533
10.477

-0.176891
0.663573
-0.726898
0.922226
0.000583055

0.176891
-0.663573
0.726898
-2.75067
1.35371

-0.519352
0.564501
-0.64157
-0.968947
0.15964

0.723228
-0.0519632
0.688651
0.541409
0.00819816

-0.132164
-0.383366
0.914092
0.929273
0.0011312

0.132164
0.383366
-0.914092
-9.18468
23.4521

-0.650287
0.244861
-0.719146
-7.10955
15.1356

0.650287
-0.244861
0.719146
0.705777
0.020013

0.837809
0.0388826
-0.544577
0.190886
0.0603168

-0.837809
-0.0388826
0.544577
-0.310636
0.158117

0.789931
-0.613196
0
-4.36346
10.5982

-0.789931
0.613196
0
-2.43261
4.39727

0.474551
-0.588072
-0.65496
0.740883
0.00179895

-0.474551
0.588072
0.65496
0.669699
0.00289928

-0.293295
0.0419842
-0.9551
-1.58307
2.0059

0.293295
-0.0419842
0.9551
-3.36538
5.72886

0.454451
0.816094
0.357023
0.420197
0.0128722

-0.454451
-0.816094
-0.357023
0.691055
0.00367466

0.714462
-0.699674
0
-0.82653
0.647813

-0.714462
0.699674
0
-0.540588
0.693615

0.216503
-0.634117
0.742308
0.80627
0.010689

-0.216503
0.634117
-0.742308
-10.387
36.7065

0.212855
-0.515149
-0.830249
-7.19698
15.2118

-0.212855
0.515149
0.830249
0.740934
0.0153006

0.390489
-0.19984
0.898656
0.487176
0.0194074

-0.390489
0.19984
-0.898656
-0.236239
0.111918

0.308843
0.0492338
-0.949838
-1.69124
0.504564

-0.308843
-0.0492338
0.949838
0.941108
0.000241782

0.596831
-0.63715
-0.487682
-3.20765
2.67028

-0.596831
0.63715
0.487682
0.59274
0.0250699

-0.890831
0.270537
-0.365005
0.117599
0.0379178

0.291279
0.347155
0.891426
0.813969
0.0097834

-0.291279
-0.347155
-0.891426
-10.415
36.7523

0.0334802
0.466393
0.883944
0.853513
0.00155097

-0.0334802
-0.466393
-0.883944
-1.10759
0.307553

-0.750279
-0.166436
0.639829
0.911591
0.000402454

0.750279
0.166436
-0.639829
-0.559527
0.118723

-0.0507895
-0.69898
0.713336
0.820337
0.00176263

0.0507895
0.69898
-0.713336
-0.346962
0.0963448

-0.367411
-0.918304
0.147398
-12.9918
74.2182

0.367411
0.918304
-0.147398
0.601866
0.0601761

0.957826
0.287348
0
0.796351
0.0170882

-0.419053
0.487536
-0.765965
-2.561
1.74892

0.419053
-0.487536
0.765965
0.549821
0.0279666

0.257619
-0.467437
0.845657
-0.474246
0.366079

-0.257619
0.467437
-0.845657
-1.40701
0.975203

-0.10317
0.402836
-0.909439
-13.3887
64.4923

0.10317
-0.402836
0.909439
0.922206
0.00189498

0.35956
0.352288
-0.864066
-0.530946
0.132619

-0.35956
-0.352288
0.864066
0.835709
0.00159432

-0.0243889
-0.913713
0.405628
-0.620105
0.106931

0.0243889
0.913713
-0.405628
0.970452
3.84917e-05

0.0272564
-0.774468
0.632025
0.374076
0.043866

-0.0272564
0.774468
-0.632025
-1.18779
0.534578

-0.410141
0.310892
0.857397
0.881004
0.00120576

0.35959
0.19013
-0.913535
0.989648
1.74475e-05

0.0452909
0.699165
-0.713525
-35.5843
1011.39

-0.0452909
-0.699165
0.713525
0.887085
0.00966974

0.727689
0.00861597
-0.685853
-2.27702
1.43413

-0.727689
-0.00861597
0.685853
0.510813
0.0320779

-0.563771
-0.540315
-0.624677
-0.907013
0.336842

0.563771
0.540315
0.624677
0.523249
0.0210738

-0.869319
0.337744
-0.36085
0.783034
0.00438142

-0.310877
0.690224
0.653412
0.403022
0.038213

0.310877
-0.690224
-0.653412
-1.09874
0.47091

-0.0693862
-0.754401
0.652737
0.950311
0.00181738

-0.554998
-0.0960148
0.826292
0.948919
0.00191426

0.0846243
-0.566928
-0.819409
0.952799
0.000246507

-0.0846243
0.566928
0.819409
-3.37282
1.95085

-0.710459
0.55385
0.434164
0.764701
0.00369341

0.710459
-0.55385
-0.434164
-0.648732
0.180193

-0.653723
-0.507622
-0.561219
-0.690185
0.115744

0.653723
0.507622
0.561219
0.977832
2.41318e-05

-0.82264
-0.148256
0.548893
0.534433
0.0158121

0.82264
0.148256
-0.548893
-0.307262
0.124231

-0.727706
-0.134191
0.672635
0.855853
0.00200435

0.460757
-0.669251
0.582929
0.427486
0.0286511

0.830731
-0.203894
-0.51799
0.842743
0.00108404

-0.263265
0.656026
-0.707334
-0.976364
0.295078

0.263265
-0.656026
0.707334
0.761284
0.00534795

0.65419
-0.361618
0.66428
-0.195287
0.174848

-0.65419
0.361618
-0.66428
-0.591357
0.309779

0.506117
-0.758277
-0.410926
0.112773
0.0506551

-0.506117
0.758277
0.410926
0.412763
0.0222117

-0.139489
-0.741728
-0.656035
-1.23497
0.413133

0.139489
0.741728
0.656035
0.757917
0.0049039

0.167053
-0.969915
0.177081
-36.729
1016

-0.167053
0.969915
-0.177081
0.979112
0.00031182

-0.0575412
-0.689409
0.722083
0.730971
0.0116832

-0.501631
0.00469344
0.865069
0.491947
0.00645407

0.501631
-0.00469344
-0.865069
0.877826
0.000415762

0.448541
0.139549
-0.882801
-0.64533
0.49037

-0.448541
-0.139549
0.882801
-1.51069
1.1412

-0.871847
0.392496
0.292968
-0.026052
0.104246

0.871847
-0.392496
-0.292968
-0.221088
0.147632

-0.31942
-0.359133
0.876923
-0.787824
0.319014

0.31942
0.359133
-0.876923
0.356385
0.041538

0.527727
-0.59042
-0.610663
-0.92999
0.340146

-0.527727
0.59042
0.610663
0.551355
0.0184593

-0.00272145
0.863033
-0.505141
0.348026
0.0438304

-0.176978
0.250202
-0.951881
-1.02102
0.352618

0.176978
-0.250202
0.951881
0.651286
0.010658

0.221504
0.0379476
-0.974421
-9.78489
35.8423

-0.221504
-0.0379476
0.974421
0.595988
0.0503548

-0.256467
-0.966553
0
0.250564
0.0795805

0.256467
0.966553
0
-1.83352
1.12629

0.577153
-0.681297
0.450254
0.909418
0.00042227

-0.577153
0.681297
-0.450254
-0.646296
0.138604

-0.273528
0.89628
-0.349092
-3.14492
3.12854

0.273528
-0.89628
0.349092
0.221673
0.110362

0.536365
-0.461582
0.706579
0.76499
0.00475492

-0.536365
0.461582
-0.706579
-1.34672
0.467674

0.129875
0.794645
0.593019
0.369521
0.0653107

-0.129875
-0.794645
-0.593019
-2.9405
2.5501

0.35453
0.785375
0.507438
0.601334
0.00402002

-0.35453
-0.785375
-0.507438
0.804994
0.000963587

0.546899
-0.247072
-0.799911
-0.386251
0.202766

-0.546899
0.247072
0.799911
-0.0184641
0.109552

0.665748
0.230312
-0.709743
0.846158
0.000615634

-0.665748
-0.230312
0.709743
0.563375
0.00471134

0.707556
0.332824
0.623372
0.0532639
0.128248

-0.0132528
-0.712422
-0.701626
-0.67461
0.195063

0.0132528
0.712422
0.701626
0.735281
0.00494156

-0.015844
0.520071
0.853976
-0.248759
0.0607864

0.015844
-0.520071
-0.853976
0.929878
0.000193521

0.0681082
-0.600517
0.796706
0.874288
0.00118079

0.050387
0.875456
-0.480663
-0.565863
0.118919

-0.050387
-0.875456
0.480663
0.914928
0.000353261

-0.386286
-0.63843
0.665725
-0.760312
0.134026

0.386286
0.63843
-0.665725
0.972495
4.0071e-05

-0.481504
0.375898
-0.791741
-0.739444
0.281017

0.481504
-0.375898
0.791741
0.441214
0.029258

-0.0871413
0.755644
-0.64916
0.306713
0.0229532

0.0871413
-0.755644
0.64916
0.590772
0.0080082

-0.753413
-0.244878
-0.610249
-0.548878
0.125644

0.753413
0.244878
0.610249
0.879804
0.000781926

0.961112
0.121889
-0.247804
0.521415
0.0121327

-0.961112
-0.121889
0.247804
0.262489
0.0288085

0.401223
-0.759353
-0.512254
-0.861889
0.225353

-0.431308
-0.236188
0.87074
0.922509
9.85555e-05

0.475391
0.639544
0.604141
0.799263
0.00200693

-0.475391
-0.639544
-0.604141
-0.132287
0.0626795

0.311974
0.538745
-0.782576
0.86095
0.00155363

-0.66165
0.098056
-0.743374
-2.9405
2.55022

0.66165
-0.098056
0.743374
0.369521
0.0652966

-0.804809
0.593534
0
0.47898
0.0313496

0.13271
-0.0393982
0.990372
0.986562
2.48534e-05

0.931551
0.322098
0.168719
0.821949
0.0015064

-0.931551
-0.322098
-0.168719
-0.101764
0.0560644

-0.343261
-0.577145
0.740996
0.789745
0.00351873

0.343261
0.577145
-0.740996
-1.18303
0.372438

-0.230452
0.0488357
0.971858
0.223579
0.0822756

0.230452
-0.0488357
-0.971858
-1.63469
0.943754

-0.529051
0.801714
0.278137
0.332981
0.0350261

0.529051
-0.801714
-0.278137
-0.154808
0.104947

0.940027
0.262917
-0.217309
0.812107
0.0014506

-0.940027
-0.262917
0.217309
0.10177
0.033053

0.375755
0.53321
-0.757955
0.237196
0.0496502

-0.375755
-0.53321
0.757955
-0.191878
0.12098

-0.498836
-0.740074
-0.451058
0.720695
0.0025753

0.498836
0.740074
0.451058
0.524812
0.0074127

-0.558929
0.568638
0.60353
0.478979
0.0216392

-0.0142858
0.883052
-0.469058
-0.370763
0.122909

0.0142858
-0.883052
0.469058
0.680581
0.00720933

-0.521683
0.279483
0.806062
0.361795
0.0233471

0.521683
-0.279483
-0.806062
0.339975
0.0249708

0.74769
0.248742
-0.6157
0.99306
1.86513e-05

-0.427339
0.282483
0.858828
0.849376
0.00168267

0.569304
-0.355934
0.741083
0.693422
0.00359698

-0.569304
0.355934
-0.741083
0.419006
0.0128744

-0.0200472
0.462194
-0.886552
0.98874
2.59991e-05

0.917023
0.116836
-0.381338
0.676472
0.00582332

-0.917023
-0.116836
0.381338
-0.0581677
0.0620814

-0.768273
0.114715
-0.629759
0.933312
0.000352912

0.121669
0.87006
-0.477694
0.783355
0.00323989

-0.121669
-0.87006
0.477694
-0.7907
0.219532

-0.454799
0.185782
0.871001
0.835812
0.00163018

0.454799
-0.185782
-0.871001
-0.681276
0.170823

0.493689
0.412823
-0.765408
-5.41433
7.70372

-0.493689
-0.412823
0.765408
0.732848
0.0134552

0.0469755
-0.402055
-0.91441
-0.509948
0.179705

-0.0469755
0.402055
0.91441
0.543242
0.0166072

0.724061
0.689736
0
0.370669
0.0284357

-0.724061
-0.689736
0
0.10657
0.0555285

0.0825664
0.717874
0.69126
0.68355
0.0129536

0.533938
0.290307
0.794123
-2.84949
1.84005

-0.533938
-0.290307
-0.794123
0.75171
0.00765555

-0.0544782
0.957894
-0.281906
-1.88778
0.720252

0.0544782
-0.957894
0.281906
0.865659
0.00156498

0.165091
-0.445973
0.879689
0.49291
0.0183898

-0.165091
0.445973
-0.879689
-0.200213
0.102989

0.351603
0.313969
0.881929
-2.49705
1.14197

-0.351603
-0.313969
-0.881929
0.907778
0.000836962

-0.0335736
-0.516954
-0.855354
-0.105203
0.197808

0.0335736
0.516954
0.855354
-1.78784
1.25672

0.15515
-0.000643926
0.987891
0.823264
0.00368866

0.769034
0.407051
-0.492845
0.541952
0.0254097

-0.525414
-0.744774
0.411403
0.855773
0.00127231

0.525414
0.744774
-0.411403
-0.766789
0.188867

0.73184
0.214033
0.646993
0.729723
0.00510283

-0.690582
-0.239991
0.682276
-15.8949
123.375

0.690582
0.239991
-0.682276
0.655207
0.051481

-0.624455
0.710264
0.324933
0.905594
0.00044061

0.624455
-0.710264
-0.324933
-0.5485
0.118158

0.453038
0.0397821
0.890603
0.124941
0.0933244

-0.453038
-0.0397821
-0.890603
-1.02638
0.500128

0.516869
0.104603
0.84965
0.310583
0.0162396

-0.516869
-0.104603
-0.84965
0.817938
0.00113312

0.640013
0.160475
0.75142
0.706615
0.00573611

0.0527666
-0.381908
-0.922693
-1.78417
0.568594

-0.0527666
0.381908
0.922693
0.93238
0.00033755

0.31181
0.424481
-0.850053
-1.57977
0.546864

-0.31181
-0.424481
0.850053
0.842071
0.00205049

-0.0649982
0.997885
0
0.722063
0.00343018

0.0649982
-0.997885
0
0.647291
0.00501325

-0.237348
-0.559895
0.793841
0.351266
0.0550013

0.237348
0.559895
-0.793841
-1.73333
0.972996

-0.571396
-0.284538
0.769769
0.673824
0.0154552

0.571396
0.284538
-0.769769
-3.32848
2.71957

0.852277
-0.484788
0.196479
0.903702
0.000556158

-0.852277
0.484788
-0.196479
-0.977204
0.233547

-0.630475
-0.0389551
-0.775231
0.99807
2.43247e-06

0.630475
0.0389551
0.775231
-24.5226
301.203

0.100765
0.99491
0
0.19983
0.0761978

-0.100765
-0.99491
0
-1.07077
0.509876

0.427306
0.400352
0.810634
0.605323
0.00950615

-0.427306
-0.400352
-0.810634
-0.0672847
0.0687836

-0.519963
-0.147449
-0.841366
-5.85558
7.93555

0.519963
0.147449
0.841366
0.890152
0.00208423

-0.743386
-0.668863
0
0.183945
0.0464045

0.743386
0.668863
0
0.349447
0.0304319

0.0609927
0.616752
0.784791
0.824867
0.00225695

0.326863
-0.0844689
0.94129
0.854774
0.00138255

0.229295
-0.579109
-0.782341
-0.787812
0.407803

-0.229295
0.579109
0.782341
-0.144208
0.167193

-0.673878
-0.719886
-0.166291
0.913645
0.000563511

0.24316
0.20638
0.947777
0.958237
0.000857564

-0.24316
-0.20638
-0.947777
-23.7284
300.436

-0.361084
-0.736245
0.57233
-1.24581
0.292162

0.361084
0.736245
-0.57233
0.951905
0.000134372

0.512443
0.364834
-0.777366
-1.84576
0.461297

-0.512443
-0.364834
0.777366
0.994529
1.92927e-06

-0.836754
-0.535786
-0.113029
0.845645
0.00118259

0.836754
0.535786
0.113029
-0.30628
0.0846201

0.421923
-0.4643
0.77872
0.684539
0.00795642

0.0749576
0.874786
0.478676
0.701855
0.00910385

-0.0749576
-0.874786
-0.478676
-1.76916
0.78455

0.784922
0.619594
0
-0.449301
0.262369

-0.784922
-0.619594
0
-0.182362
0.185019

0.0933354
0.509163
-0.855594
0.434051
0.0149617

-0.0933354
-0.509163
0.855594
0.518813
0.010848

-0.402096
0.240466
-0.883456
-6.85972
11.0095

0.402096
-0.240466
0.883456
0.933711
0.000785092

0.0041921
0.286071
-0.958199
-1.00155
0.414353

-0.0041921
-0.286071
0.958199
0.408805
0.0363834

0.895455
-0.0921018
0.435519
-5.68369
13.344

-0.895455
0.0921018
-0.435519
-0.320235
0.520784

0.938097
0.346374
0
-1.45187
0.992312

-0.938097
-0.346374
0
-0.379169
0.314166

-0.883677
-0.379219
-0.274423
0.700445
0.00412718

-0.311704
0.920705
0.234825
0.771621
0.00451836

0.311704
-0.920705
-0.234825
-1.35585
0.468776

-0.152617
0.856712
-0.4927
0.65849
0.00411715

0.152617
-0.856712
0.4927
0.545327
0.00727534

0.126085
-0.286361
0.949789
0.6309
0.0595017

-0.126085
0.286361
-0.949789
-15.817
123.107

-0.952967
-0.303075
0
-0.613751
0.224221

0.952967
0.303075
0
0.522678
0.0271062

0.623394
0.26176
0.736792
0.718605
0.00203452

-0.623394
-0.26176
-0.736792
0.699671
0.00231741

0.870143
0.203067
-0.449016
0.504911
0.0236219

-0.870143
-0.203067
0.449016
-0.980355
0.377217

-0.660912
0.686881
0.302308
0.339981
0.0258619

0.660912
-0.686881
-0.302308
0.31662
0.0277237

-0.650433
0.720033
0.241845
0.102839
0.0610379

0.650433
-0.720033
-0.241845
0.179159
0.0510973

0.844642
0.398168
0.357829
0.527034
0.00376855

0.142348
0.179984
0.973315
-0.102696
0.0952973

-0.142348
-0.179984
-0.973315
0.301458
0.0382803

0.474152
-0.828374
-0.298289
0.970253
2.82404e-05

-0.0320987
-0.43521
-0.899757
-37.0404
1016.62

0.0320987
0.43521
0.899757
0.991267
5.37512e-05

0.225843
-0.853946
0.468798
0.449903
0.0457596

-0.225843
0.853946
-0.468798
-2.71866
2.09039

-0.803087
-0.407285
-0.434936
0.761624
0.00265584

0.803087
0.407285
0.434936
0.0464969
0.042162

0.17401
0.3673
-0.91368
-1.3363
0.354429

-0.17401
-0.3673
0.91368
0.92376
0.000415146

-0.974484
-0.224457
0
0.827707
0.00067345

0.504704
-0.157643
0.848777
0.707186
0.0104131

-0.615557
-0.0984436
-0.78192
-0.686889
0.22546

0.615557
0.0984436
0.78192
0.616306
0.0117755

0.0921633
0.720033
-0.687793
0.31712
0.101984

-0.64313
-0.447255
0.621568
0.663934
0.0114872

0.64313
0.447255
-0.621568
-1.57395
0.666674

0.200797
0.385176
-0.900733
-1.15882
0.440404

-0.200797
-0.385176
0.900733
0.59891
0.0153643

0.0699168
0.818831
0.56976
0.679583
0.00961672

-0.0699168
-0.818831
-0.56976
-1.35027
0.514445

-0.533274
-0.721214
0.442118
0.606842
0.0109944

0.533274
0.721214
-0.442118
-0.40275
0.13985

0.0749807
0.212165
0.974353
-12.8705
63.8017

-0.0749807
-0.212165
-0.974353
0.820886
0.0106505

-0.396982
-0.870501
0.290917
0.50947
0.0283123

0.396982
0.870501
-0.290917
-1.70893
0.862822

0.401808
-0.637593
-0.657287
-0.501772
0.21862

-0.401808
0.637593
0.657287
0.233794
0.0570074

-0.496411
-0.663535
-0.55973
-1.55263
0.822814

0.496411
0.663535
0.55973
0.328693
0.0570022

-0.127252
-0.742962
0.657125
-0.0871594
0.148625

0.127252
0.742962
-0.657125
-0.813819
0.413388

-0.637816
0.565225
0.523175
0.986393
9.0323e-05

0.637816
-0.565225
-0.523175
-24.1595
301.005

-0.877828
-0.132664
0.460237
0.685892
0.00698703

0.877828
0.132664
-0.460237
-0.56946
0.173622

-0.661092
-0.118756
0.740847
-0.0194371
0.0443782

0.661092
0.118756
-0.740847
0.834446
0.00117224

0.546531
-0.228813
-0.805573
-0.822071
0.206728

-0.546531
0.228813
0.805573
0.852539
0.00140788

-0.899289
0.0861849
-0.42878
-0.289832
0.115937

0.899289
-0.0861849
0.42878
0.572423
0.0127485

0.454801
-0.295517
-0.840134
-0.191558
0.0650054

-0.454801
0.295517
0.840134
0.85373
0.000993427

-0.677564
-0.624543
0.388398
0.396612
0.0194383

0.677564
0.624543
-0.388398
0.396612
0.0194383

-0.199642
0.136523
0.970311
0.760441
0.0107178

0.199642
-0.136523
-0.970311
-5.47766
7.73911

0.537972
0.193758
0.820392
0.792323
0.00326807

-0.141424
0.183024
0.972883
0.958724
0.000432671

0.234767
-0.802917
0.547913
0.155414
0.0364709

-0.234767
0.802917
-0.547913
0.629138
0.00703446

0.173582
-0.892147
0.417064
0.936659
0.0020118

-0.173582
0.892147
-0.417064
-23.4989
299.954

0.506948
0.622579
0.596154
0.442246
0.0179992

-0.0523634
0.835576
-0.546874
-0.970487
0.185666

0.0523634
-0.835576
0.546874
0.97169
4.34361e-05

0.0694647
0.358738
0.93085
0.93284
0.000931913

-0.0694647
-0.358738
-0.93085
-7.88188
15.6804

0.953589
-0.0229494
0.300236
0.977942
0.000234493

-0.953589
0.0229494
-0.300236
-24.002
300.863

-0.420344
0.414332
0.807242
0.594595
0.00965492

0.420344
-0.414332
-0.807242
-0.00497568
0.059319

-0.654529
0.227195
0.721093
0.805293
0.00480865

0.654529
-0.227195
-0.721093
-3.24028
2.27358

0.0875733
0.80303
-0.589469
-17.389
126.565

-0.0875733
-0.80303
0.589469
0.954027
0.000793471

-0.894253
-0.447561
0
-2.39687
1.68925

0.894253
0.447561
0
0.397791
0.0531224

0.458383
-0.37293
-0.806727
-1.80079
0.459561

-0.458383
0.37293
0.806727
0.989712
1.0286e-05

0.412268
0.651734
0.636614
-0.211414
0.0801374

-0.412268
-0.651734
-0.636614
0.7558
0.00330482

-0.574803
0.455476
0.679812
0.72375
0.00836696

0.574803
-0.455476
-0.679812
-2.13442
1.07613

-0.0417227
0.684953
-0.727391
-0.639384
0.179432

0.0417227
-0.684953
0.727391
0.756202
0.00398158

-0.660825
-0.0714909
0.747128
0.822816
0.00320624

0.660825
0.0714909
-0.747128
-2.30025
1.11014

0.413104
0.470262
-0.779871
-5.63558
7.83597

-0.413104
-0.470262
0.779871
0.821672
0.00566663

0.377246
-0.545253
0.748589
0.131121
0.110157

-0.377246
0.545253
-0.748589
-1.74609
1.09829

0.715742
0.420356
0.557686
0.621402
0.0182686

-0.715742
-0.420356
-0.557686
-2.40736
1.47454

0.790988
0.582236
-0.187989
0.913684
0.000234422

-0.10249
-0.421404
-0.901063
0.336369
0.0322484

0.10249
0.421404
0.901063
-0.017261
0.0757721

0.116734
0.172032
-0.97815
-4.22937
4.40815

-0.116734
-0.172032
0.97815
0.721512
0.0125189

0.650561
0.288327
-0.702594
-13.2765
64.3679

-0.650561
-0.288327
0.702594
0.904081
0.00291277

0.155238
-0.662675
-0.732642
-1.09874
0.470903

-0.155238
0.662675
0.732642
0.403022
0.0382412

0.0657349
0.0604773
-0.996003
0.860631
0.00106023

0.596066
0.799954
-0.0691298
-0.578902
0.10576

0.611825
0.25895
0.747406
0.380719
0.0476151

-0.611825
-0.25895
-0.747406
-1.59418
0.833731

0.283916
-0.0481214
0.957641
0.858026
0.0154182

-0.283916
0.0481214
-0.957641
-35.3452
1010.23

0.60164
-0.733104
0.317155
0.0717058
0.118141

0.640875
0.543481
0.542132
0.0345765
0.0548292

-0.640875
-0.543481
-0.542132
0.570924
0.0108733

-0.0158822
-0.178329
0.983843
0.946477
0.00108045

0.830098
0.0965896
0.549188
0.80322
0.00216462

-0.830098
-0.0965896
-0.549188
-0.365405
0.10272

0.732857
0.22737
-0.641268
-1.18072
0.443852

-0.732857
-0.22737
0.641268
0.621404
0.0134569

-0.238585
0.657015
-0.715128
0.313476
0.0444301

-0.363718
-0.000619079
0.931509
0.935789
0.000318018

0.363718
0.000619079
-0.931509
-1.33788
0.343712

-0.136144
-0.872152
0.46991
0.373231
0.029327

0.136144
0.872152
-0.46991
-0.100374
0.0902803

0.967638
0.252342
0
-0.00564933
0.0585613

-0.967638
-0.252342
0
0.637967
0.00842361

-0.739231
0.1794
0.649117
0.669941
0.00995234

0.739231
-0.1794
-0.649117
-1.2312
0.45148

0.184416
-0.405001
-0.895525
-0.152255
0.131318

-0.184416
0.405001
0.895525
-0.0873458
0.116947

-0.990553
-0.137129
0
-1.62044
1.34595

0.990553
0.137129
0
-0.858258
0.676892

-0.394857
0.213063
0.893696
0.346839
0.023165

0.725368
-0.591813
-0.351566
-1.10932
0.334435

-0.725368
0.591813
0.351566
0.8003
0.00301134

-0.191104
0.491117
-0.849872
-0.639015
0.273483

0.191104
-0.491117
0.849872
0.235577
0.0596687

0.313506
-0.190119
0.93036
0.257989
0.0300307

0.543998
0.651845
-0.52836
0.00750017
0.079094

-0.543998
-0.651845
0.52836
0.199665
0.0518608

0.048801
0.28241
-0.958052
-17.7866
126.864

-0.048801
-0.28241
0.958052
0.985504
8.36747e-05

0.658223
-0.0969128
-0.746559
-0.752827
0.24984

-0.658223
0.0969128
0.746559
0.614859
0.0121647

0.896103
-0.0625621
-0.439414
0.0436823
0.121985

0.741366
-0.169662
0.649301
0.582022
0.00880392

0.773404
0.0381556
0.632764
0.64815
0.00344405

-0.773404
-0.0381556
-0.632764
0.719853
0.00218393

0.587185
0.408292
-0.698936
0.107447
0.0772754

-0.587185
-0.408292
0.698936
-0.325755
0.170298

-0.703632
-0.325364
-0.631697
-2.46562
3.16544

0.703632
0.325364
0.631697
-1.54617
1.70866

0.0375349
-0.0999252
0.994287
0.983772
0.000135498

0.49729
0.335106
0.800254
0.905254
0.00239524

-0.49729
-0.335106
-0.800254
-10.8143
37.1792

-0.428832
0.522788
0.736746
-0.427153
0.353694

0.428832
-0.522788
-0.736746
-1.61231
1.18496

-0.760449
0.578155
0.295728
0.994535
1.2395e-06

0.573405
0.59532
-0.562851
0.984165
3.43807e-05

-0.573405
-0.59532
0.562851
-5.12472
4.68477

-0.285592
-0.0244324
-0.95804
-5.09073
5.91243

0.285592
0.0244324
0.95804
0.857836
0.00322423

0.470017
-0.355025
-0.80811
-22.9893
298.65

-0.470017
0.355025
0.80811
0.871562
0.00856278

-0.588205
0.112676
0.800824
0.866624
0.00218901

0.588205
-0.112676
-0.800824
-3.38422
2.31036

0.802438
0.102491
0.587868
0.93284
0.000900895

-0.29221
-0.714016
-0.636235
-0.170209
0.0778438

0.29221
0.714016
0.636235
0.707448
0.00487128

-0.676847
-0.155891
0.719428
-0.590098
0.520259

0.676847
0.155891
-0.719428
-2.24512
2.1666

0.162927
-0.581993
0.796705
0.79248
0.00143076

-0.162927
0.581993
-0.796705
0.44217
0.00997219

0.0246029
0.811785
-0.583438
0.487062
0.0146007

-0.0246029
-0.811785
0.583438
0.24368
0.0317249

-0.249414
-0.924712
-0.287576
-0.537242
0.150348

0.249414
0.924712
0.287576
0.759417
0.00368507

0.255738
-0.226041
0.939949
0.947859
0.00102406

-0.255738
0.226041
-0.939949
-17.3308
126.499

-0.330741
-0.455827
-0.826336
-0.770068
0.189152

0.330741
0.455827
0.826336
0.857903
0.00127364

0.700245
-0.626355
0.342544
0.426514
0.0216583

-0.0981362
0.599009
0.794706
-3.03143
2.59316

0.0981362
-0.599009
-0.794706
0.452799
0.0477868

0.793846
0.443149
0.416446
-16.9282
125.856

-0.793846
-0.443149
-0.416446
0.893733
0.00444165

-0.300327
-0.948044
-0.10496
0.834588
0.00106232

0.300327
0.948044
0.10496
0.116218
0.0303

0.708007
-0.376989
-0.597164
0.870209
0.00032903

-0.452296
-0.180711
0.873368
0.885069
0.00191635

0.452296
0.180711
-0.873368
-4.63163
4.5696

-0.512365
0.180912
0.839496
0.834499
0.00770701

0.512365
-0.180912
-0.839496
-10.4931
36.8277

0.514897
0.0383238
0.856395
0.942726
0.000848076

0.487527
-0.406653
0.772626
0.811395
0.00282111

-0.487527
0.406653
-0.772626
-1.31042
0.422288

-0.343026
-0.910738
0.229978
-2.22861
0.966825

0.343026
0.910738
-0.229978
0.875869
0.001433

0.2893
-0.577755
0.76322
0.742796
0.00163667

-0.2893
0.577755
-0.76322
0.705024
0.00214764

-0.866559
-0.499074
0
0.734653
0.0155085

-0.496746
-0.144329
-0.855811
0.906526
0.000565916

-0.59768
0.631036
-0.494543
-5.84572
7.93599

0.59768
-0.631036
0.494543
0.88748
0.00216057

0.544106
0.112652
-0.83142
-0.870601
0.306241

-0.544106
-0.112652
0.83142
0.578697
0.0155688

-0.418696
-0.343916
0.840485
0.735953
0.00416861

-0.702618
-0.711568
0
-1.25264
0.736944

0.702618
0.711568
0
-0.149312
0.192928

0.274738
-0.928028
0.25156
0.816742
0.00242194

-0.274738
0.928028
-0.25156
-1.05027
0.302341

-0.388418
-0.224625
0.893686
0.896656
0.000770719

0.388418
0.224625
-0.893686
-1.46574
0.438477

0.34337
-0.173385
0.923057
0.924281
0.000388445

-0.666751
-0.631085
0.396452
-1.29894
0.420965

0.666751
0.631085
-0.396452
0.803803
0.00306794

0.869194
-0.256495
0.422744
0.394396
0.0120241

-0.869194
0.256495
-0.422744
0.800143
0.00132418

0.168631
-0.974237
-0.149751
0.186374
0.0380465

-0.168631
0.974237
0.149751
0.490872
0.0149003

0.0744001
0.693867
0.71625
-1.21503
0.491973

-0.0744001
-0.693867
-0.71625
0.545795
0.0207999

0.91245
-0.349908
-0.21213
-0.0102084
0.0595925

-0.91245
0.349908
0.21213
0.60328
0.00919212

0.796666
-0.415808
0.438665
-1.6594
1.20464

-0.796666
0.415808
-0.438665
-0.33432
0.303335

-0.444931
0.0584783
-0.893654
-5.62003
7.82782

0.444931
-0.0584783
0.893654
0.81611
0.00604544

0.829808
0.558049
0
-0.0343788
0.0847982

-0.829808
-0.558049
0
0.374263
0.0349026

-0.20786
-0.224831
0.951969
0.941489
0.000549613

0.878407
0.126197
-0.46095
0.982292
1.16564e-05

-0.878407
-0.126197
0.46095
-0.231498
0.0453882

0.00622179
0.937461
0.348035
0.828
0.00217825

-0.00622179
-0.937461
-0.348035
-1.15021
0.338583

0.0226208
-0.788143
-0.615077
-0.741565
0.231091

-0.0226208
0.788143
0.615077
0.677151
0.00794319

-0.798522
0.489346
0.350575
-1.02536
0.548462

0.798522
-0.489346
-0.350575
-0.0891962
0.158656

0.136542
0.821241
0.554003
-0.530276
0.415065

-0.136542
-0.821241
-0.554003
-1.5628
1.16382

-0.730939
-0.0910512
0.676342
0.58902
0.0152087

0.730939
0.0910512
-0.676342
-0.962449
0.3447

0.470351
-0.727633
0.499319
0.707798
0.00948429

0.056682
-0.473858
-0.878775
-2.76138
2.45881

-0.056682
0.473858
0.878775
0.180852
0.116918

-0.848654
0.291636
0.441288
0.904976
0.000497735

0.848654
-0.291636
-0.441288
-0.73889
0.163089

-0.220865
0.501357
-0.836576
-2.24045
0.75004

0.220865
-0.501357
0.836576
0.978564
4.89786e-05

0.708157
0.706055
0
0.417385
0.0272136

-0.708157
-0.706055
0
-0.158715
0.102099

-0.808806
-0.0850259
-0.581896
-2.76974
2.11108

0.808806
0.0850259
0.581896
0.495423
0.0378441

-0.0535029
-0.625697
0.778229
0.837854
0.00180718

-0.793116
0.42978
-0.431574
-0.220929
0.0660591

0.793116
-0.42978
0.431574
0.876628
0.000677673

0.635644
-0.222844
-0.73912
-17.1891
126.257

-0.635644
0.222844
0.73912
0.931118
0.00183364

-0.306317
0.163252
-0.937827
-5.24111
9.72034

0.306317
-0.163252
0.937827
0.122347
0.192628

0.559008
-0.519876
0.64594
0.886926
0.000883209

-0.559008
0.519876
-0.64594
-1.25355
0.348083

-0.322694
0.924437
-0.203185
0.582817
0.0120601

0.322694
-0.924437
0.203185
-0.296905
0.116481

-0.254899
0.106105
-0.961129
0.30524
0.161096

0.254899
-0.106105
0.961129
-9.20904
34.7757

-0.366348
0.201177
-0.90847
0.664206
0.00186349

-0.701641
-0.0712502
0.708959
0.621875
0.00735852

-0.800789
0.0528742
0.596608
0.204729
0.0310012

0.800789
-0.0528742
-0.596608
0.638279
0.00645651

-0.341384
0.864115
-0.369813
-0.259304
0.0783551

0.341384
-0.864115
0.369813
0.834152
0.00137109

0.0512866
-0.0750624
-0.995859
-0.5036
0.123409

-0.0512866
0.0750624
0.995859
0.848835
0.00132994

-0.598808
0.380612
0.704673
0.825126
0.00267461

-0.57737
0.816483
0
-4.18236
5.13948

0.57737
-0.816483
0
0.34749
0.0984178

-0.196415
-0.864029
0.463546
0.673844
0.0374864

0.196415
0.864029
-0.463546
-12.3593
62.8741

0.898327
0.439328
0
-1.28548
0.732081

0.157798
0.383033
0.910157
-0.528952
0.170013

-0.728213
0.0470772
0.683732
0.950597
0.00120785

0.728213
-0.0470772
-0.683732
-23.6413
300.273

0.775069
0.520988
0.357546
0.218493
0.0216644

0.290109
0.702317
0.650068
-4.16078
2.93926

-0.290109
-0.702317
-0.650068
0.975454
7.28157e-05

0.870684
-0.389972
0.299719
-0.0665593
0.0792423

-0.870684
0.389972
-0.299719
0.44072
0.021804

-0.0146919
-0.251267
-0.967806
0.490872
0.0148978

-0.413531
0.817059
-0.401755
0.75804
0.00433417

0.12045
-0.389941
-0.912928
-0.543904
0.240571

-0.12045
0.389941
0.912928
0.188486
0.0665145

0.528586
0.400301
-0.74857
-3.51366
2.78509

-0.528586
-0.400301
0.74857
0.777103
0.00686463

-0.778428
0.580228
0.239553
0.65709
0.0183192

0.778428
-0.580228
-0.239553
-3.67493
3.40276

0.142479
-0.197029
0.969989
0.945639
0.00020929

-0.142479
0.197029
-0.969989
-1.30895
0.322394

-0.286356
0.749622
0.596714
0.470147
0.0382201

0.957543
0.28829
0
0.70001
0.0209388

-0.957543
-0.28829
0
-4.71221
5.5141

0.431787
-0.357222
0.828222
0.76437
0.0112351
