
0.0697087
-0.989441
0.127075
-0.9988
0.595968

-0.0697087
0.989441
-0.127075
-0.410356
0.296721

0.83118
-0.515714
0.207792
0.305305
0.03138

-0.83118
0.515714
-0.207792
0.221171
0.0394385

0.769146
0.176687
-0.614162
-2.7078
1.79748

-0.769146
-0.176687
0.614162
0.662091
0.0149468

0.445492
-0.192232
0.874405
-2.06152
1.77884

-0.445492
0.192232
-0.874405
-0.423229
0.384516

-0.793613
-0.608423
0
0.622856
0.0295462

0.793613
0.608423
0
-3.25057
2.55777

0.586087
-0.0432464
0.809093
-0.445658
0.0807497

-0.586087
0.0432464
-0.809093
0.962339
6.95088e-05

0.794274
-0.285024
0.536554
0.489195
0.0227589

-0.794274
0.285024
-0.536554
-0.655013
0.238261

-0.474787
-0.460074
0.750273
0.957385
5.93868e-05

-0.0963079
-0.933338
-0.345841
-2.72056
2.43872

0.0963079
0.933338
0.345841
0.1329
0.132508

-0.626577
0.0347007
0.778587
0.830393
0.00292774

0.626577
-0.0347007
-0.778587
-2.3151
1.1128

0.257684
0.780981
-0.568918
0.323027
0.0522839

-0.257684
-0.780981
0.568918
-1.15122
0.527023

-0.497506
-0.640377
-0.585154
-0.989358
0.273768

0.497506
0.640377
0.585154
0.827911
0.00208161

0.427798
-0.45338
0.781943
0.274469
0.0492283

-0.427798
0.45338
-0.781943
-0.461624
0.199235

-0.889106
-0.00382707
-0.457686
-0.917657
0.158609

0.889106
0.00382707
0.457686
0.984975
1.16498e-05

0.191303
-0.199742
0.960992
0.957092
0.000911407

-0.0420769
0.466499
-0.88352
0.481337
0.00835028

0.211512
-0.937217
0.277284
0.207738
0.0287119

-0.801792
-0.255812
0.540083
0.589456
0.0406604

0.801792
0.255812
-0.540083
-6.85809
14.8938

-0.529819
0.0897012
0.843354
0.801483
0.00408956

-0.169407
0.743183
0.647287
0.837434
0.00428697

0.169407
-0.743183
-0.647287
-5.03108
5.88644

-0.620127
0.108112
-0.777016
-1.53371
0.489837

0.620127
-0.108112
0.777016
0.87815
0.00117579

0.0146434
0.24365
0.969753
0.748361
0.00952022

-0.0146434
-0.24365
-0.969753
-3.83772
3.46784

-0.220386
-0.411141
0.88453
0.824468
0.0125322

0.220386
0.411141
-0.88453
-16.5531
125.114

-0.114291
-0.844026
-0.523983
0.53428
0.00779874

0.453808
-0.812425
0.366092
0.915224
0.000356688

-0.453808
0.812425
-0.366092
-0.610812
0.12851

0.123308
0.963368
-0.238155
-1.78784
1.25717

-0.123308
-0.963368
0.238155
-0.105203
0.197604

-0.683439
0.242232
-0.688647
-0.491446
0.166682

0.683439
-0.242232
0.688647
0.591928
0.0125642

0.848722
0.303798
0.432871
0.351743
0.0229523

-0.848722
-0.303798
-0.432871
0.411093
0.0189435

0.441522
0.882839
-0.160168
0.942228
0.000121159

-0.441522
-0.882839
0.160168
-0.194539
0.0514291

-0.950393
-0.109696
0.291067
0.356726
0.0227875

0.950393
0.109696
-0.291067
0.396919
0.0200308

-0.295581
-0.228149
0.927674
0.897829
0.000740386

0.295581
0.228149
-0.927674
-1.36858
0.390983

0.0944441
0.0172215
-0.995381
-11.6458
37.6465

-0.0944441
-0.0172215
0.995381
0.995943
3.88248e-06

-0.405702
-0.022957
0.913717
-0.142346
0.116006

0.405702
0.022957
-0.913717
0.119284
0.0689653

-0.0626524
-0.194177
-0.978964
-2.39687
1.688

0.0626524
0.194177
0.978964
0.397791
0.0533437

-0.653146
-0.735234
-0.181196
0.430538
0.00653947

-0.0914498
0.11923
0.988646
0.980004
7.83045e-05

-0.527012
-0.822555
0.213683
-0.0205083
0.0659046

0.527012
0.822555
-0.213683
0.525591
0.0142497

0.00672375
-0.601741
-0.798663
-0.623533
0.1563

-0.00672375
0.601741
0.798663
0.832263
0.00168308

-0.576139
-0.141579
-0.804996
0.471092
0.0198788

-0.691457
-0.142359
0.708252
0.649575
0.00792438

0.359897
0.541288
-0.759922
0.936783
0.000190368

-0.0712933
-0.531531
-0.844033
0.878929
0.000556962

-0.785138
0.619321
0
0.823249
0.0051475

0.785138
-0.619321
0
-1.05984
0.302137

0.941777
-0.223225
0.251451
-0.403608
0.191725

-0.941777
0.223225
-0.251451
0.156954
0.0691668

0.408087
-0.227034
0.884263
0.963813
0.000152529

-0.408087
0.227034
-0.884263
-4.08762
2.92984

-0.881647
-0.285052
-0.37609
-1.16424
0.339955

0.881647
0.285052
0.37609
0.836912
0.0019435

-0.545887
-0.360954
-0.756122
-0.40825
0.117616

0.545887
0.360954
0.756122
0.767584
0.00322061

0.546581
0.837406
0
-1.52505
0.73072

-0.546581
-0.837406
0
0.473748
0.0331854

0.232813
-0.727281
0.645647
0.79087
0.00326915

-0.232813
0.727281
-0.645647
-1.01421
0.29882

-0.0291437
-0.588636
-0.807873
-0.446084
0.304488

0.853491
-0.514298
0.0839728
-0.45991
0.107885

-0.853491
0.514298
-0.0839728
0.875191
0.00079649

0.14125
0.312285
0.939429
0.42696
0.0114125

-0.933553
-0.358439
0
0.276581
0.0717206

0.933553
0.358439
0
-1.36875
0.689126

0.407967
-0.426499
-0.807256
-0.830249
0.192972

-0.407967
0.426499
0.807256
0.893579
0.000692432

0.634698
0.695807
-0.336172
0.709855
0.00857079

-0.277145
0.413929
0.867095
0.991266
1.42355e-05

0.756132
-0.105477
0.645863
0.511488
0.0166035

-0.482635
-0.775591
0.406843
-0.232979
0.192904

0.482635
0.775591
-0.406843
-0.659094
0.349221

-0.280323
0.543115
-0.791483
0.979824
9.3774e-05

0.888185
-0.290891
0.355681
-0.980357
0.489819

-0.888185
0.290891
-0.355681
0.041641
0.114779

0.79375
0.526875
0.303915
0.804883
0.00270306

0.00913851
-0.613631
-0.78954
0.0727483
0.0353694

-0.00913851
0.613631
0.78954
0.82366
0.00133371

-0.0122535
-0.8748
-0.484328
-0.35878
0.128387

0.0122535
0.8748
0.484328
0.609291
0.0106552

-0.810152
-0.442695
-0.384284
0.859575
0.0037667

0.810152
0.442695
0.384284
-6.55175
10.8574

0.389491
-0.683043
0.617859
0.726311
0.00448134

-0.0946203
0.419613
0.902758
0.877407
0.00184718

-0.185176
0.00569987
0.982689
-0.287229
0.715795

0.185176
-0.00569987
-0.982689
-10.5851
57.9656

-0.48361
-0.664133
-0.57013
-5.36839
7.67697

0.48361
0.664133
0.57013
0.711706
0.0157874

0.149289
-0.702165
-0.696187
-4.92724
7.35544

-0.149289
0.702165
0.696187
0.455716
0.0621701

-0.373212
-0.927746
0
0.680968
0.00986066

0.373212
0.927746
0
-1.47025
0.587505

0.754921
-0.373101
-0.539342
0.916706
0.000588246

-0.754921
0.373101
0.539342
-2.00992
0.734803

-0.469384
0.211211
-0.857361
-3.20704
2.26219

0.469384
-0.211211
0.857361
0.789133
0.00577339

-0.988821
-0.075318
-0.128688
-2.9635
1.37953

0.988821
0.075318
0.128688
0.972978
6.43921e-05

-0.255332
0.356198
-0.898849
0.636047
0.0125221

0.255332
-0.356198
0.898849
-1.19546
0.445979

-0.347035
0.231993
0.908706
0.965582
0.000873286

0.347035
-0.231993
-0.908706
-36.481
1015.01

-0.123662
-0.537797
0.833956
0.793493
0.00354877

0.123662
0.537797
-0.833956
-1.38722
0.473043

0.332906
-0.94296
0
0.642436
0.0153416

-0.332906
0.94296
0
-2.21807
1.24257

0.0826397
0.586872
-0.805451
-5.49413
9.9955

-0.0826397
-0.586872
0.805451
0.329052
0.106933

0.811183
-0.349535
0.468836
0.924701
0.000305443

-0.33557
-0.156461
-0.928931
0.42114
0.018659

0.33557
0.156461
0.928931
0.318869
0.0258187

0.327109
0.140865
-0.934429
0.91451
0.000296584

-0.0448829
-0.220334
0.974391
0.393998
0.0344611

0.0448829
0.220334
-0.974391
-0.660197
0.256963

-0.447954
-0.341037
-0.826457
-4.39966
5.51169

0.447954
0.341037
0.826457
0.52094
0.0433898

0.59254
0.682849
-0.427333
-0.2165
0.130513

-0.59254
-0.682849
0.427333
0.194042
0.0572945

0.598844
-0.319769
0.734257
0.795213
0.00567467

-0.33813
0.0216702
0.94085
0.901488
0.00120086

0.33813
-0.0216702
-0.94085
-3.82711
2.87825

0.769617
0.638506
0
-2.37294
1.42106

-0.769617
-0.638506
0
0.594009
0.0273172

0.00449469
-0.275094
0.961407
0.885861
0.00102226

-0.00449469
0.275094
-0.961407
-1.6664
0.556945

0.169498
0.17071
-0.970633
-4.23196
6.71155

-0.169498
-0.17071
0.970633
-0.186384
0.345629

0.389336
0.369263
0.843838
0.760922
0.00594508

0.167952
-0.381287
-0.909072
-1.45218
0.436931

-0.167952
0.381287
0.909072
0.890431
0.000925321

-0.181708
-0.634333
-0.751401
-3.69535
3.40985

0.181708
0.634333
0.751401
0.669508
0.0169998

0.344963
-0.0353487
0.93795
0.933243
0.000446606

0.0778155
-0.11343
0.990494
0.987379
7.61084e-05

-0.0778155
0.11343
-0.990494
-24.1809
301.064

-0.531631
-0.0897721
-0.842205
-1.19039
0.40746

0.531631
0.0897721
0.842205
0.722142
0.00656841

-0.424338
0.174164
0.888597
0.93354
0.000223897

0.32017
0.94736
0
0.323197
0.0496535

-0.32017
-0.94736
0
-0.851203
0.356876

-0.690312
0.689084
-0.220529
0.746895
0.00182517

0.690312
-0.689084
0.220529
0.602187
0.00449683

-0.0238608
0.531256
-0.846875
0.369005
0.0181158

0.0238608
-0.531256
0.846875
0.596164
0.00748408

0.752529
0.572489
0.325509
0.112482
0.0604008

-0.752529
-0.572489
-0.325509
0.151488
0.0552108

0.161345
-0.593742
0.788314
0.847333
0.00233085

-0.161345
0.593742
-0.788314
-2.34982
1.11922

0.266372
-0.406877
0.873783
0.90897
0.00155559

-0.27042
0.462747
0.844238
0.843449
0.00194301

0.27042
-0.462747
-0.844238
-1.36239
0.427925

0.204557
-0.32185
0.924429
0.95009
0.0003336

-0.856824
-0.457105
0.238552
0.239685
0.0434475

-0.393498
0.900454
0.185315
-3.44335
2.32649

0.393498
-0.900454
-0.185315
0.887963
0.00147987

-0.578651
-0.0855679
0.811074
0.969528
5.60569e-05

0.578651
0.0855679
-0.811074
-1.39319
0.327062

-0.642022
0.390431
0.659827
0.850714
0.00189119

0.642022
-0.390431
-0.659827
-0.649194
0.159148

0.296739
0.269795
-0.916055
-0.0819368
0.138906

-0.296739
-0.269795
0.916055
-0.638916
0.318627

-0.43477
0.891707
-0.125832
-0.50679
0.235185

0.43477
-0.891707
0.125832
0.112444
0.0816585

-0.00783363
0.403587
-0.914908
0.696168
0.00999478

0.00783363
-0.403587
0.914908
-1.9198
0.910136

0.26009
-0.965584
0
-0.978822
0.489472

-0.26009
0.965584
0
0.0387576
0.115577

-0.707356
-0.0103589
0.706782
0.917249
0.00095557

-0.897943
-0.104226
0.427592
0.521155
0.011316

0.488543
0.0883258
-0.868058
-0.310216
0.168458

-0.488543
-0.0883258
0.868058
0.0708745
0.0848389

0.0448094
0.758103
0.650593
0.386512
0.0362139

-0.0448094
-0.758103
-0.650593
-0.728562
0.286682

-0.410759
-0.477537
-0.776682
-1.20599
0.375054

0.410759
0.477537
0.776682
0.805801
0.0029079

0.785832
-0.618441
0
0.50621
0.018253

-0.785832
0.618441
0
-0.208014
0.104796

-0.655961
-0.337643
-0.675065
-0.281822
0.103364

0.655961
0.337643
0.675065
0.671381
0.0068618

-0.000926647
0.309622
-0.950859
-1.60631
0.368031

0.000926647
-0.309622
0.950859
0.991131
9.15602e-06

-0.330419
-0.643207
0.69073
0.873187
0.00109249

0.330828
-0.204202
0.921333
0.832489
0.00355573

0.942625
-0.289247
-0.166713
-1.73973
1.40419

-0.942625
0.289247
0.166713
-0.590392
0.473185

-0.943349
0.187837
0.273516
0.440337
0.0340751

0.943349
-0.187837
-0.273516
-1.23867
0.5449

-0.428434
0.878986
0.20935
0.294341
0.0266754

0.428434
-0.878986
-0.20935
0.484059
0.0142638

-0.0302489
-0.773035
-0.633642
-0.306591
0.464586

0.0302489
0.773035
0.633642
-4.82318
9.22304

-0.35962
0.430752
0.827723
0.989469
5.43967e-06

0.35962
-0.430752
-0.827723
-0.793418
0.125913

-0.372989
0.830165
0.414374
-0.906231
0.447784

0.372989
-0.830165
-0.414374
0.0237505
0.118259

-0.55399
-0.654621
0.51436
0.781501
0.00502945

0.55399
0.654621
-0.51436
-2.22545
1.09552

-0.272219
0.92836
0.253071
0.64019
0.0025117

0.503424
-0.512382
0.695722
0.711706
0.0157566

-0.4683
-0.0532486
0.881963
-4.74302
7.19881

0.4683
0.0532486
-0.881963
0.317119
0.102068

0.154133
-0.713476
-0.683517
0.738227
0.00615503

-0.154133
0.713476
0.683517
-1.42184
0.525402

0.737563
-0.675278
0
0.19983
0.0788082

-0.737563
0.675278
0
-1.07077
0.509478

0.553958
-0.194571
0.809489
-0.126326
0.144769

-0.553958
0.194571
-0.809489
-0.471117
0.246924

0.783354
0.391925
-0.482443
-0.237078
0.149566

-0.783354
-0.391925
0.482443
0.0159392
0.0946702

-0.584308
-0.201995
0.785991
0.854561
0.00156638

0.584308
0.201995
-0.785991
-1.28415
0.383175

-0.577221
0.128325
0.806442
0.61531
0.0235079

0.577221
-0.128325
-0.806442
-3.60944
3.37287

0.703607
-0.212507
-0.678069
-0.976515
0.252211

-0.703607
0.212507
0.678069
0.865868
0.00119673

0.420722
-0.269842
0.866128
0.718254
0.0182875

0.178578
-0.306336
-0.935023
-7.29925
15.2958

-0.178578
0.306336
0.935023
0.77878
0.0109832

0.196837
0.543401
-0.81607
-4.30982
6.79221

-0.196837
-0.543401
0.81607
-0.0970721
0.290305

-0.268636
-0.874164
-0.404565
-0.493024
0.233139

0.268636
0.874164
0.404565
0.0828083
0.0880189

-0.781324
0.137655
0.608756
0.220517
0.117887

0.781324
-0.137655
-0.608756
-3.5524
4.01974

0.717436
0.531617
-0.450188
-22.7643
297.9

-0.717436
-0.531617
0.450188
0.834971
0.0143865

0.475639
0.875756
0.0825791
0.880717
0.000961707

-0.670405
0.0387077
0.740985
0.791772
0.00407027

0.670405
-0.0387077
-0.740985
-1.75343
0.700375

0.573535
-0.769782
0.280165
0.101145
0.0559081

-0.573535
0.769782
-0.280165
0.322899
0.0317331

0.340551
0.58914
0.732761
0.819315
0.00320153

-0.340551
-0.58914
-0.732761
-2.11183
0.947763

-0.837352
0.405193
-0.36696
0.662494
0.00684213

0.454359
0.0106846
0.890755
0.789133
0.00569865

-0.454359
-0.0106846
-0.890755
-3.20704
2.26403

0.190426
-0.142761
-0.971266
-0.900913
0.432621

-0.190426
0.142761
0.971266
0.087338
0.104171

0.788447
-0.216923
0.575582
0.616895
0.0071732

0.460147
0.0856054
-0.883706
-0.241795
0.141217

-0.879265
-0.465082
0.102917
0.821682
0.00689979

0.879265
0.465082
-0.102917
-7.42829
15.4118

-0.578512
-0.35835
-0.732741
-0.357499
0.114301

0.578512
0.35835
0.732741
0.714221
0.00506715

-0.224464
0.129424
-0.96585
0.741631
0.00395018

0.875064
-0.484008
0
-1.88651
1.10861

-0.875064
0.484008
0
0.31685
0.0770178

-0.20384
0.147793
0.967784
0.284873
0.0713144

0.20384
-0.147793
-0.967784
-1.86051
1.13611

0.760884
-0.546227
-0.350274
-4.72102
4.59814

-0.760884
0.546227
0.350274
0.910609
0.0011292

0.391031
0.433691
0.811793
0.756183
0.0087832

-0.205885
-0.465669
0.860676
0.784
0.000690503

-0.0639342
0.91336
-0.402102
-0.265224
0.107899

0.0639342
-0.91336
0.402102
0.595797
0.0110397

0.217514
-0.155879
-0.96353
-2.92906
1.86166

-0.217514
0.155879
0.96353
0.794728
0.0050883

0.135899
0.923349
0.359108
0.852917
0.00111816

-0.135899
-0.923349
-0.359108
-0.11028
0.0544019

0.627176
0.541289
0.56005
0.15142
0.0428622

-0.627176
-0.541289
-0.56005
0.477597
0.0162539

0.769836
0.107042
0.629202
0.553654
0.0177543

-0.769836
-0.107042
-0.629202
-0.849714
0.303498

0.590806
0.717629
-0.368724
-0.549771
0.171886

-0.811017
-0.0156802
-0.584813
0.948991
5.64873e-05

0.75455
0.300044
-0.583633
0.363957
0.0333858

-0.75455
-0.300044
0.583633
-0.298044
0.138767

-0.656005
-0.476385
0.585418
-0.205597
0.251675

0.656005
0.476385
-0.585418
-1.94338
1.49924

-0.990986
-0.133967
0
-0.0763412
0.0925544

0.786174
-0.516305
-0.339646
0.970794
0.000214426

-0.786174
0.516305
0.339646
-11.2736
37.5061

0.642807
0.217845
0.7344
0.610445
0.0152451

-0.642807
-0.217845
-0.7344
-1.39258
0.574056

-0.740236
-0.020304
-0.67204
0.929329
0.00017517

0.183963
0.671177
0.718108
0.825376
0.00403447

0.0685159
-0.99765
0
-2.37131
2.24189

-0.0685159
0.99765
0
-0.365245
0.36796

-0.569896
0.196478
-0.797881
-1.70893
0.862498

0.569896
-0.196478
0.797881
0.50947
0.0284375

-0.0372346
-0.997227
0.0644341
0.944928
0.000597517

0.307925
-0.246812
0.918839
0.934385
0.000621156

-0.307925
0.246812
-0.918839
-4.81828
4.62037

0.768297
0.543556
-0.338033
0.590396
0.00821158

-0.768297
-0.543556
0.338033
0.277773
0.0254911

0.603978
0.221234
0.76568
0.81611
0.00209042

0.377811
0.136239
0.915805
0.917249
0.0018089

-0.238514
0.0725684
-0.968424
-5.8253
7.92838

0.238514
-0.0725684
0.968424
0.881833
0.00238388

0.12898
-0.934723
0.331145
0.936996
0.000273177

-0.955116
-0.172465
0.240852
0.88072
0.0107837

0.955116
0.172465
-0.240852
-35.5293
1011.29

-0.738463
-0.451827
-0.500524
0.0867621
0.0520263

0.738463
0.451827
0.500524
0.469866
0.0175403

-0.487274
-0.424448
-0.763156
0.760885
0.0239192

0.487274
0.424448
0.763156
-16.276
124.42

-0.929561
-0.368669
0
-1.22055
0.657365

0.929561
0.368669
0
0.0436859
0.121949

0.670168
-0.473256
-0.571755
-0.825599
0.239357

-0.670168
0.473256
0.571755
0.757176
0.00427682

0.333552
0.11916
0.935171
-9.78489
35.8238

-0.333552
-0.11916
-0.935171
0.595988
0.0504806

0.210066
0.73935
0.639714
0.539477
0.00792443

-0.480946
-0.428165
-0.765092
-0.0585761
0.135904

0.480946
0.428165
0.765092
-0.734371
0.364417

0.953513
0.301351
0
0.687342
0.0116586

-0.953513
-0.301351
0
-0.221027
0.0996686

0.132981
-0.855371
0.500656
-0.876126
1.42226

-0.132981
0.855371
-0.500656
-7.80735
31.3383

0.403804
0.415144
-0.815229
-1.86416
1.28684

-0.403804
-0.415144
0.815229
0.0157597
0.152225

-0.147351
-0.26348
0.953345
0.93218
0.00145769

0.307233
0.414344
0.856696
0.838482
0.0022341

-0.307233
-0.414344
-0.856696
-1.69788
0.622123

0.823196
0.468135
-0.321246
-4.0319
4.30886

-0.823196
-0.468135
0.321246
0.608117
0.0261572

0.821031
-0.134737
0.554756
0.722579
0.0145403

-0.821031
0.134737
-0.554756
-5.39176
7.69199

0.969541
-0.142246
-0.199391
0.718103
0.00288223

-0.969541
0.142246
0.199391
0.434014
0.0115942

-0.955844
0.174254
-0.236639
0.873055
0.00150648

0.955844
-0.174254
0.236639
-2.22212
0.965783

-0.0868991
0.868991
-0.487137
0.99389
2.69901e-05

-0.522783
0.359481
0.772963
0.757779
0.00580253

0.393074
-0.432192
0.811605
0.805022
0.0043221

-0.393074
0.432192
-0.811605
-2.69443
1.55132

-0.483217
0.274268
0.831431
0.783747
0.00198633

0.808776
0.239246
0.537254
0.747712
0.00473777

-0.808776
-0.239246
-0.537254
-0.884875
0.263913

0.0932612
0.766886
0.634971
0.872827
0.00112458

0.129596
-0.195397
0.972124
0.919745
0.000383478

-0.129596
0.195397
-0.972124
-0.768632
0.164704

-0.087297
-0.966533
-0.241234
-1.00302
0.49492

0.087297
0.966533
0.241234
0.0833955
0.103658

-0.741456
0
-0.671002
-0.521263
0.496425

0.741456
0
0.671002
-2.60065
2.77968

-0.0888192
0.651915
-0.753072
0.876879
0.00099411

-0.454463
0.0898081
0.886227
0.920048
0.00129776

0.454463
-0.0898081
-0.886227
-7.81472
15.6585

0.32363
0.531178
0.783016
0.58304
0.0280232

-0.928747
0.0981505
-0.357484
0.808434
0.00151112

0.928747
-0.0981505
0.357484
0.105016
0.0329493

0.772616
0.468396
-0.428566
0.979488
2.46063e-05

-0.203444
-0.109421
-0.972953
-23.3404
299.459

0.203444
0.109421
0.972953
0.918986
0.00336429

0.357328
0.864069
-0.354544
-2.78343
1.82061

-0.357328
-0.864069
0.354544
0.712084
0.0105638

-0.30574
-0.578403
-0.756289
-1.49939
1.6367

0.30574
0.578403
0.756289
-2.48487
3.18096

-0.38123
-0.885645
0.265134
-2.72056
2.43881

0.38123
0.885645
-0.265134
0.1329
0.132493

0.454036
-0.658149
0.600576
0.531574
0.0116246

-0.454036
0.658149
-0.600576
0.257954
0.0290756

-0.552376
-0.466864
0.690593
0.867181
0.00172444

0.552376
0.466864
-0.690593
-0.978752
0.252475

0.282722
-0.743411
0.606142
0.57341
0.0207833

-0.282722
0.743411
-0.606142
-1.77388
0.878374

-0.159279
0.894072
-0.418647
-3.26206
3.19503

0.159279
-0.894072
0.418647
0.338577
0.0770075

0.453854
-0.834209
-0.31323
-0.989358
0.273766

-0.453854
0.834209
0.31323
0.827911
0.00205807

0.998647
-0.00390804
-0.0518483
0.956749
0.000229883

-0.576021
0.790094
-0.209644
-3.29239
1.6462

0.576021
-0.790094
0.209644
0.985351
1.95668e-05

-0.0859612
-0.222326
0.971175
0.439434
0.072178

0.0859612
0.222326
-0.971175
-5.65069
10.1581

-0.152053
0.844513
0.513495
0.765226
0.00221843

0.152053
-0.844513
-0.513495
0.249539
0.0224011

0.742084
0.670306
0
-0.453805
0.655761

-0.742084
-0.670306
0
-5.56488
12.7627

0.825473
-0.153342
0.543213
0.414895
0.067292

-0.825473
0.153342
-0.543213
-4.26594
5.44304

-0.45689
0.38148
0.80357
-2.09698
0.945042

0.45689
-0.38148
-0.80357
0.811187
0.00353021

0.757616
-0.32727
-0.564723
0.860368
0.00125915

-0.757616
0.32727
0.564723
-0.898662
0.22814

-0.891111
-0.119612
-0.437737
-0.817789
0.350588

0.891111
0.119612
0.437737
0.268991
0.0567477

-0.228831
0.821738
0.521903
-0.118841
0.12746

0.228831
-0.821738
-0.521903
-0.187674
0.143624

-0.482726
0.791713
-0.374388
-0.564831
0.197728

0.482726
-0.791713
0.374388
0.539675
0.0171384

0.484143
-0.380954
0.787705
0.859575
0.00641905

-0.484143
0.380954
-0.787705
-13.0425
64.0583

-0.229635
0.781038
-0.58073
0.254795
0.044445

0.229635
-0.781038
0.58073
-0.0822846
0.0936453

-0.958217
-0.286043
0
0.41588
0.0141205

0.958217
0.286043
0
0.819716
0.00244456

-0.3333
0.252772
-0.908305
-9.17525
23.4455

0.3333
-0.252772
0.908305
0.927626
0.0011876

-0.502421
-0.496229
-0.708046
0.723934
0.00523986

0.502421
0.496229
0.708046
-0.605778
0.176688

0.63478
-0.653564
0.412199
0.497541
0.0160768

-0.63478
0.653564
-0.412199
0.0127296
0.0620359

-0.86432
0.442939
0.238236
0.512588
0.0182117

0.86432
-0.442939
-0.238236
-0.38504
0.146967

-0.346074
0.170661
-0.922555
-1.3524
0.389566

0.346074
-0.170661
0.922555
0.890247
0.000861626

0.147174
-0.557033
0.817346
0.790301
0.00637463

0.631083
0.139549
-0.76306
-0.469483
0.130935

-0.631083
-0.139549
0.76306
0.784314
0.00388511

-0.143678
0.338752
0.929841
0.94143
0.000887031

0.805752
-0.286512
-0.518339
0.0619364
0.177863

-0.805752
0.286512
0.518339
-3.40368
3.91701

-0.36762
0.10325
-0.924227
-0.516465
0.220497

0.36762
-0.10325
0.924227
0.261864
0.0522533

0.936846
0.349742
0
-14.4467
114.9

-0.936846
-0.349742
0
0.0345712
0.475693

-0.570693
-0.338376
-0.748205
-0.571426
0.227808

0.570693
0.338376
0.748205
0.359765
0.0379447

0.669103
-0.55468
0.494602
0.907979
0.000418202

0.0273431
0.759426
-0.650019
0.834362
0.00113247

0.00999999
0.582165
0.813009
0.869663
0.00403402

0.117774
-0.92072
0.372027
0.965087
8.35764e-05

0.0979432
-0.547564
0.831012
0.863174
0.00202512

0.565261
-0.182944
-0.80437
0.028268
0.0216297

-0.695992
-0.299026
0.652824
0.643537
0.0177646

0.695992
0.299026
-0.652824
-2.9607
2.1827

-0.339983
0.0497148
-0.939116
0.796045
0.00151623

0.339983
-0.0497148
0.939116
0.304059
0.0174272

0.529861
0.448092
-0.720043
0.361923
0.0172024

-0.529861
-0.448092
0.720043
0.660746
0.00491334

0.113209
0.505675
0.855264
0.947129
0.000854431

-0.113209
-0.505675
-0.855264
-13.5691
64.6808

0.940065
0.22051
-0.260103
-0.608811
0.145896

-0.940065
-0.22051
0.260103
0.857629
0.00122976

-0.679053
-0.598357
0.425272
0.495423
0.0378663

0.679053
0.598357
-0.425272
-2.76974
2.11088

0.26142
0.168847
-0.950342
-0.369855
0.175525

-0.26142
-0.168847
0.950342
0.204802
0.059149

0.132874
-0.546893
0.826591
0.687943
0.0187603

-0.132874
0.546893
-0.826591
-5.31912
7.64191

0.9122
-0.342743
-0.22454
0.948159
0.000239347

-0.9122
0.342743
0.22454
-2.63108
1.16054

0.0125878
-0.881997
-0.471086
-1.0085
0.32332

-0.0125878
0.881997
0.471086
0.720059
0.00628453

-0.17136
-0.347443
0.921911
-0.219482
0.178586

0.17136
0.347443
-0.921911
-0.505536
0.27201

-0.843245
0.190077
0.5028
0.552765
0.00603713

0.0903743
-0.796358
0.598035
0.632221
0.0360387

-0.0903743
0.796358
-0.598035
-8.19451
22.5123

-0.165853
0.420292
-0.892103
-1.02494
0.299875

0.165853
-0.420292
0.892103
0.798798
0.00304895

-0.835638
-0.458071
-0.303117
0.731238
0.00788772

0.835638
0.458071
0.303117
-2.14549
1.07853

-0.46023
-0.737972
0.493544
0.73578
0.00344431

0.46023
0.737972
-0.493544
0.0228505
0.0467144

-0.581766
-0.813356
0
-0.0843647
0.111931

0.581766
0.813356
0
0.0721918
0.0840087

0.62
0.587707
0.519808
0.543734
0.0391418

-0.62
-0.587707
-0.519808
-4.44506
5.56468

-0.824727
-0.325396
-0.462539
-0.367683
0.200022

0.824727
0.325396
0.462539
-0.064806
0.121272

-0.834166
-0.415969
-0.362129
-0.421718
0.207583

0.834166
0.415969
0.362129
0.0653431
0.0897221

0.586116
-0.0608977
-0.807935
-3.112
1.90405

-0.586116
0.0608977
0.807935
0.87563
0.00179003

-0.465458
0.599017
0.651558
0.701826
0.00507782

0.465458
-0.599017
-0.651558
-0.165743
0.0775903

0.269148
0.0524106
-0.961672
-3.36878
2.30563

-0.269148
-0.0524106
0.961672
0.860689
0.00242084

-0.00817054
-0.870608
0.491909
0.959323
0.00017781

0.00817054
0.870608
-0.491909
-0.926725
0.184225

0.712204
0.575548
0.401884
0.419362
0.0175943

-0.712204
-0.575548
-0.401884
0.401359
0.0187004

-0.19995
-0.126753
-0.971573
-1.50759
0.656849

0.19995
0.126753
0.971573
0.598785
0.0170102

-0.921863
-0.143361
-0.360024
-0.936712
0.31468

-0.798737
0.454067
0.394769
0.594481
0.0120363

0.798737
-0.454067
-0.394769
-0.441985
0.152104

-0.88433
0.466862
0
-0.684933
0.214595

0.88433
-0.466862
0
0.68492
0.0120508

-0.0862155
0.967538
0.237563
0.924091
0.000505995

0.431054
-0.407873
-0.80488
-4.578
4.54852

-0.431054
0.407873
0.80488
0.867977
0.00259924

0.0263856
-0.931993
-0.361515
-0.271548
0.103153

-0.0263856
0.931993
0.361515
0.658155
0.0077799

0.457385
-0.325714
-0.827472
0.225568
0.050466

-0.457385
0.325714
0.827472
-0.145525
0.110188

-0.780565
-0.481175
-0.398984
-1.49463
1.0085

0.780565
0.481175
0.398984
-0.293216
0.271085

-0.95957
0.281471
0
0.668728
0.0108871

0.95957
-0.281471
0
-0.953827
0.317081

0.194925
-0.775674
0.600278
0.781929
0.00175372

-0.194925
0.775674
-0.600278
0.302271
0.0179396

0.601568
-0.326299
0.72914
0.722552
0.00441753

-0.601568
0.326299
-0.72914
-0.215429
0.0844419

0.450772
0.0447983
0.891514
0.94499
0.00222622

-0.450772
-0.0447983
-0.891514
-36.1865
1014.26

-0.193814
0.556606
0.807853
0.819859
0.000663055

0.193814
-0.556606
-0.807853
0.710154
0.00171568

0.230198
0.0244409
0.972837
0.959775
0.000135408

-0.839531
-0.156835
0.520183
-6.06325
8.01991

0.839531
0.156835
-0.520183
0.938307
0.000621971

-0.57272
0.650956
-0.498245
-0.717569
0.19865

0.0789149
-0.83999
-0.536833
-2.1389
1.38829

-0.0789149
0.83999
0.536833
0.371784
0.0556972

0.818106
0.575068
0
0.910208
0.00238021

-0.800559
-0.599254
0
0.385466
0.0169724

0.800559
0.599254
0
0.585346
0.00772947

-0.0512735
-0.158552
0.986018
0.968329
0.00026922

0.0512735
0.158552
-0.986018
-11.2494
37.4602

-0.125645
0.896787
0.424247
-0.355617
0.185478

0.125645
-0.896787
-0.424247
0.0483892
0.0914002

0.959101
0.283063
0
0.740008
0.00286824

-0.959101
-0.283063
0
0.729062
0.00305009

0.34528
0.200773
0.916773
-0.15979
0.159029

-0.34528
-0.200773
-0.916773
-0.5289
0.276111

0.00149152
0.0730852
-0.997325
0.89515
0.000794849

0.942138
-0.0807104
0.325365
0.699611
0.00561577

-0.942138
0.0807104
-0.325365
-0.230842
0.0902767

0.652603
0.0210702
0.757407
0.0600314
0.106487

-0.652603
-0.0210702
-0.757407
-0.886449
0.428737

-0.438078
0.750557
-0.494724
-0.328756
0.194453

0.438078
-0.750557
0.494724
-0.167847
0.15023

-0.796243
0.496092
-0.346251
0.824317
0.00100655

0.796243
-0.496092
0.346251
0.358156
0.0133099

0.38361
0.377023
0.843029
0.853203
0.00464145

-0.38361
-0.377023
-0.843029
-7.53489
15.4774

0.9162
-0.400721
0
-3.3444
2.28171

-0.9162
0.400721
0
0.851015
0.00326656

-0.120481
-0.618279
-0.776669
-0.109759
0.106849

0.120481
0.618279
0.776669
0.138746
0.0644255

0.284953
0.0170138
-0.958391
-11.2736
37.5091

-0.284953
-0.0170138
0.958391
0.970794
0.00021304

0.129967
0.674437
0.726803
0.922206
0.00188648

-0.129967
-0.674437
-0.726803
-13.3887
64.5024

-0.0610805
0.329839
-0.942059
0.718157
0.00586545

0.0610805
-0.329839
0.942059
-0.717754
0.213119

-0.159612
0.568005
-0.8074
-1.22221
0.541593

0.159612
-0.568005
0.8074
0.419484
0.0370029

-0.00193245
-0.99581
0.0914219
0.769288
0.00520394

-0.444592
-0.46955
-0.762798
0.85771
0.000807636

0.444592
0.46955
0.762798
0.093099
0.0310716

0.739433
-0.352911
0.573317
0.650753
0.0322739

0.639582
0.441778
0.6291
0.405894
0.018619

-0.639582
-0.441778
-0.6291
0.405894
0.018619

-0.0574497
0.331272
-0.941785
-0.772779
0.176654

0.0574497
-0.331272
0.941785
0.893801
0.000688184

-0.122721
-0.520072
0.84526
0.742555
0.00874091

0.122721
0.520072
-0.84526
-3.11913
2.23726

0.102808
-0.142004
-0.984513
-17.5798
126.757

-0.102808
0.142004
0.984513
0.971427
0.000304023

0.487354
0.0488448
-0.871837
0.385452
0.014292

-0.211474
0.81711
0.536293
0.0248272
0.0990137

0.211474
-0.81711
-0.536293
-0.404253
0.205207

0.173139
-0.415138
0.893131
-13.8617
64.9075

-0.173139
0.415138
-0.893131
0.976964
0.000156643

0.920866
-0.349065
0.173664
-0.489422
0.102652

-0.670362
-0.742034
0
-2.34313
1.11659

0.670362
0.742034
0
0.844155
0.00252772

-0.4916
-0.270376
0.827784
-1.53906
0.444542

0.4916
0.270376
-0.827784
0.926678
0.000400599

-0.557868
0.330174
0.761425
0.529312
0.0232765

0.557868
-0.330174
-0.761425
-1.3143
0.559498

-0.386269
0.0213865
-0.922138
-13.7866
64.8607

0.386269
-0.0213865
0.922138
0.97053
0.000257717

-0.999911
-0.0133224
0
0.277773
0.0254601

0.999911
0.0133224
0
0.590396
0.00818966

0.430355
0.659182
-0.616663
-0.184127
0.101848

-0.430355
-0.659182
0.616663
0.464607
0.0208893

-0.705577
0.273315
-0.653804
-2.34982
1.11872

0.705577
-0.273315
0.653804
0.847333
0.00236181

0.911372
-0.0103378
0.411454
-0.933841
0.230649

-0.911372
0.0103378
-0.411454
0.881001
0.00088494

-0.737729
-0.332229
0.587691
0.495348
0.016158

0.737729
0.332229
-0.587691
0.0231311
0.0604962

0.372174
-0.165223
0.913339
0.554421
0.0347241

0.234801
-0.789434
-0.567153
-2.08934
0.943515

-0.234801
0.789434
0.567153
0.806915
0.00372132

0.552809
-0.0908919
-0.828336
-0.831807
0.259489

-0.552809
0.0908919
0.828336
0.69891
0.00872524

0.261944
-0.888702
0.37629
-36.3296
1014.8

-0.261944
0.888702
-0.37629
0.955613
0.00143865

-0.497724
-0.840613
0.213636
-1.05413
0.203407

0.497724
0.840613
-0.213636
0.976981
2.57519e-05

-0.286434
-0.892383
0.348725
0.740155
0.010081

0.934348
0.308238
0.17884
0.691837
0.00724575

-0.934348
-0.308238
-0.17884
-0.755825
0.232605

0.499955
-0.658737
-0.562237
-1.3524
0.38954

-0.499955
0.658737
0.562237
0.890247
0.000868191

-0.16831
0.932751
-0.318821
0.989375
4.79016e-06

0.16831
-0.932751
0.318821
-0.6632
0.101277

-0.223648
-0.750291
-0.62213
-1.25265
0.498517

0.223648
0.750291
0.62213
0.586248
0.016838

0.17035
0.254488
0.951954
0.90238
0.00195341

-0.301702
0.430852
0.850495
0.85903
0.000758134

0.301702
-0.430852
-0.850495
0.171534
0.0243944

-0.385924
0.691027
-0.611183
0.346168
0.0217753

0.385924
-0.691027
0.611183
0.499411
0.012791

-0.216581
0.0733781
0.973503
0.424345
0.0353561

0.216581
-0.0733781
-0.973503
-1.11473
0.473861

0.560354
-0.0998476
0.822213
0.85122
0.00425459

0.342343
-0.275604
0.898245
0.248902
0.055928

-0.457837
-0.243178
0.855131
0.867951
0.00180059

0.424511
0.156834
0.891736
0.93833
0.000589231

0.483937
0.846753
0.220938
0.199136
0.0279593

-0.483937
-0.846753
-0.220938
0.729704
0.00319021

-0.633477
0.251289
-0.73182
-6.38264
14.3377

0.633477
-0.251289
0.73182
0.301051
0.128565

-0.603881
-0.221254
0.765751
0.959538
7.40378e-05

-0.792863
0.338234
0.506917
0.548371
0.00805517

-0.552283
-0.809176
-0.200543
0.829209
0.00196817

0.552283
0.809176
0.200543
-0.918925
0.247599

0.115507
0.185015
-0.975924
0.571444
0.00453289

-0.823501
0.313959
-0.47252
-0.775489
0.271847

0.823501
-0.313959
0.47252
0.556128
0.0170018

-0.229959
-0.436967
0.869586
0.32437
0.0294173

0.229959
0.436967
-0.869586
0.214233
0.0397861

0.661584
-0.370405
0.652002
0.670624
0.00791565

-0.661584
0.370405
-0.652002
-0.611798
0.189368

0.409567
0.550702
0.727312
0.805718
0.00200976

-0.409567
-0.550702
-0.727312
-0.294616
0.0886465

0.238763
0.608472
0.756806
0.648937
0.022262

-0.238763
-0.608472
-0.756806
-4.61701
5.66952

-0.285178
-0.489528
0.824036
0.936659
0.00201165

0.285178
0.489528
-0.824036
-23.4989
299.955

0.854439
0.119763
-0.50556
0.19983
0.0761418

-0.854439
-0.119763
0.50556
-1.07077
0.509885

-0.675304
-0.224999
0.702381
0.879594
0.000885411

-0.97495
0.0916544
-0.202663
-1.48034
0.589314

0.97495
-0.0916544
0.202663
0.689445
0.00924532

-0.157053
-0.397514
0.904056
0.953361
0.00107414

-0.813843
0.56218
0.147013
0.73154
0.0107984

0.813843
-0.56218
-0.147013
-3.80527
3.45862

-0.897102
-0.441824
0
0.0652952
0.057248

0.897102
0.441824
0
0.46286
0.0197024

0.139399
-0.422317
-0.895665
-2.02464
1.18787

-0.139399
0.422317
0.895665
0.469994
0.0365278

0.785379
0.35899
0.504288
-1.68577
0.959358

-0.785379
-0.35899
-0.504288
0.291775
0.0667905

0.426397
-0.595141
-0.68117
-1.74727
0.780046

-0.426397
0.595141
0.68117
0.684821
0.0103461

-0.148522
0.497352
0.854741
0.875438
0.000423204

0.148522
-0.497352
-0.854741
0.511193
0.00587743

0.169891
-0.284469
0.943512
0.900355
0.00157676

-0.331337
0.272359
0.903347
0.856595
0.00498915

-0.511171
-0.748936
-0.421663
-9.09154
23.3868

0.511171
0.748936
0.421663
0.912092
0.00178415

-0.252781
0.89736
0.361729
-1.53768
0.490447

0.252781
-0.89736
-0.361729
0.880072
0.00110453

-0.615725
-0.636025
-0.46514
-2.8992
1.92731

0.615725
0.636025
0.46514
0.740254
0.00856305

-0.919598
-0.39286
0
-22.5379
287.632

0.919598
0.39286
0
0.793124
0.0298955

-0.05989
-0.227897
0.971842
0.793685
0.00389255

0.05989
0.227897
-0.971842
-1.62244
0.611136

0.714903
-0.274652
0.643025
0.484633
0.023844

-0.220355
0.818235
-0.530976
-1.20525
0.538153

0.220355
-0.818235
0.530976
0.39743
0.040255

-0.816186
0.356337
-0.454823
0.97568
1.90163e-05

0.816186
-0.356337
0.454823
-0.029946
0.0287104

0.443024
0.428276
0.787597
0.28673
0.0461644

-0.342221
-0.659338
-0.669446
-3.27099
2.69568

0.342221
0.659338
0.669446
0.636668
0.0195995

-0.352001
0.541362
-0.763559
0.702946
0.0135157

0.352001
-0.541362
0.763559
-3.75285
3.43455

0.632679
-0.602352
0.486713
0.221676
0.0123722

0.103665
-0.331576
0.937716
0.924724
0.00286501

-0.103665
0.331576
-0.937716
-23.3897
299.698

-0.838283
-0.430055
0.335162
0.920135
0.000653081

0.838283
0.430055
-0.335162
-2.9794
1.60803

-0.817949
0.112566
0.56417
0.4239
0.0482145

0.817949
-0.112566
-0.56417
-2.42288
1.69872

-0.443209
-0.486462
-0.752941
0.188486
0.0664716

0.443209
0.486462
0.752941
-0.543904
0.24054

-0.872709
0.48824
0
-0.658619
0.183123

0.872709
-0.48824
0
0.773469
0.00492363

0.303086
0.720653
0.623537
0.655821
0.0164569

-0.303086
-0.720653
-0.623537
-2.97871
2.18918

-0.936989
-0.0178454
0.348902
-0.595466
0.14492

0.936989
0.0178454
-0.348902
0.84832
0.00132004

0.714268
0.161641
-0.68095
-0.544677
0.224223

-0.714268
-0.161641
0.68095
0.313476
0.0443031

-0.58326
0.36915
-0.723558
-0.080282
0.0662844

0.58326
-0.36915
0.723558
0.668184
0.00632734

-0.0971844
-0.797767
0.595082
0.337997
0.0689851

-0.124092
0.007479
-0.992243
-1.14537
0.704555

0.124092
-0.007479
0.992243
-0.373046
0.288598

-0.292632
0.222003
-0.930098
-10.8946
37.244

0.292632
-0.222003
0.930098
0.919646
0.00171027

-0.289034
-0.492793
-0.82074
0.95564
7.53587e-05

0.216005
0.921826
-0.321837
-0.101684
0.111959

-0.216005
-0.921826
0.321837
0.0112348
0.0901912

-0.565461
0.743913
-0.356156
-0.800323
0.347574

0.565461
-0.743913
0.356156
0.239365
0.062078

-0.298114
-0.922934
-0.243558
-0.195358
0.187069

0.298114
0.922934
0.243558
-0.802524
0.424831

0.400475
0.359921
-0.842661
-1.70895
0.862465

0.813389
-0.0336689
-0.580745
-0.614811
0.290738

-0.813389
0.0336689
0.580745
0.0390306
0.102966

0.914292
0.349137
0.20536
-0.560879
0.211163

-0.914292
-0.349137
-0.20536
0.445261
0.0266813

0.460823
0.421018
0.781272
0.912566
0.00391254

-0.460823
-0.421018
-0.781272
-23.2874
299.383

0.050574
-0.640494
0.766296
0.76505
0.00283721

-0.466966
-0.838629
0.280436
0.693956
0.00628966

0.466966
0.838629
-0.280436
-0.473784
0.145586

-0.416096
-0.529914
0.738955
0.721969
0.00087556

0.797901
-0.0826916
-0.597089
0.858082
0.0016791

0.572904
0.311559
0.758098
0.690414
0.0107377

-0.572904
-0.311559
-0.758098
-2.0873
1.06541

-0.836842
-0.382341
-0.391805
0.893947
0.000390677

-0.242426
0.147337
0.958917
0.882979
0.00440232

0.517813
-0.650908
0.555147
-0.0895061
0.0733399

-0.320048
-0.87099
-0.372755
0.954829
5.03477e-05

-0.14516
-0.769968
0.621351
0.26544
0.0915857

0.14516
0.769968
-0.621351
-2.8377
2.49944

0.217881
-0.274531
0.936569
-1.25267
1.15776

-0.217881
0.274531
-0.936569
-1.94223
1.975

-0.350846
-0.844371
0.404901
0.463254
0.0267248

0.350846
0.844371
-0.404901
-0.780703
0.29404

-0.257989
0.64682
0.717681
-1.42747
0.580117

0.257989
-0.64682
-0.717681
0.643299
0.0126221

0.52549
-0.700072
0.483487
-0.685592
0.260249

-0.52549
0.700072
-0.483487
0.432968
0.0295049

0.182472
0.041136
0.98235
-0.375636
0.103225

0.664002
-0.681209
-0.308311
0.975561
1.57948e-05

-0.664002
0.681209
0.308311
0.104257
0.0193585

0.0815769
0.216498
0.972869
0.232134
0.0299237

-0.0849033
0.52829
-0.844808
0.622665
0.0148277

0.847346
0.531041
0
-8.65421
33.5184

-0.847346
-0.531041
0
-0.0726919
0.414615

0.361705
0.311142
0.87884
-12.3593
62.8407

-0.361705
-0.311142
-0.87884
0.673844
0.0376065

0.470293
0.56328
0.679367
0.585926
0.0175122

-0.470293
-0.56328
-0.679367
-1.36782
0.569483

0.520638
0.0110445
-0.853706
0.817356
0.00354705

0.49859
0.368076
-0.784811
-1.29312
0.460354

-0.49859
-0.368076
0.784811
0.723533
0.00678321

-0.138116
-0.495546
0.85753
-2.03099
1.53808

0.138116
0.495546
-0.85753
-0.0643773
0.189982

-0.0935408
0.074005
0.992861
0.751261
0.0140786

0.0935408
-0.074005
-0.992861
-7.22397
15.2306

-0.92807
-0.372406
0
-0.268549
0.146164

0.92807
0.372406
0
0.206903
0.0584433

-0.630475
-0.0389551
-0.775231
0.99807
2.43247e-06

0.630475
0.0389551
0.775231
-24.5226
301.203

-0.260212
-0.352193
-0.899027
-0.941067
0.341706

0.260212
0.352193
0.899027
0.564472
0.0172447

0.385243
-0.556441
0.73618
0.468238
0.0256098

-0.385243
0.556441
-0.73618
-0.709729
0.263486

-0.380305
0.137866
0.914528
0.791474
0.00137241

-0.581775
-0.24413
-0.775847
-0.460051
0.186258

0.581775
0.24413
0.775847
0.377305
0.0340105

-0.869427
-0.487124
0.0825023
0.822944
0.00104316

0.869427
0.487124
-0.0825023
0.32856
0.014994

-0.0901183
0.0166795
0.995791
0.459903
0.133106

0.0901183
-0.0166795
-0.995791
-15.3379
121.509

-0.163846
-0.476683
0.863671
0.916253
0.000716662

0.163846
0.476683
-0.863671
-2.96678
1.60618

0.738423
-0.290695
0.608464
-3.85274
2.76955

-0.738423
0.290695
-0.608464
0.926327
0.000905141

-0.511629
0.670476
0.537305
0.29064
0.0242128

0.906461
-0.155744
0.392519
-0.8257
0.239361

-0.906461
0.155744
-0.392519
0.757263
0.0042664

-0.142489
0.906459
-0.397527
0.752897
0.00235236

0.142489
-0.906459
0.397527
0.309675
0.0183293

-0.983644
0.0944229
0.153393
0.0905178
0.0421139

0.778658
-0.427208
0.459548
0.608235
0.0230046

-0.778658
0.427208
-0.459548
-3.22947
2.6799

-0.928689
0.0812359
0.361853
0.19614
0.0440878

0.928689
-0.0812359
-0.361853
0.257949
0.0375688

0.621485
-0.758636
0.195519
-2.02792
0.73721

-0.621485
0.758636
-0.195519
0.923046
0.000477929

0.461521
-0.157211
-0.873088
-22.8609
298.238

-0.461521
0.157211
0.873088
0.851284
0.011593

0.974644
0.22376
0
-4.23249
3.50175

-0.974644
-0.22376
0
0.904048
0.00232152

0.167636
0.0926613
0.981485
0.973943
0.000487273

-0.475984
0.635586
0.60784
0.826926
0.00291425

-0.0626797
0.93434
0.350827
-1.28548
0.747326

0.0626797
-0.93434
-0.350827
-0.0870364
0.169104

-0.777101
0.281606
-0.562861
-3.56188
3.34957

0.777101
-0.281606
0.562861
0.58304
0.0280562

0.28252
0.852153
0.440474
0.801217
0.00282604

-0.28252
-0.852153
-0.440474
-0.951609
0.270355

0.3727
0.249747
0.893712
0.711008
0.00247934

0.546386
-0.207106
-0.811523
0.936056
0.0001561

0.887842
0.251655
0.385235
0.614052
0.0107943

-0.887842
-0.251655
-0.385235
-0.456834
0.153432

0.572607
-0.735646
-0.361865
0.93615
0.000218096

-0.572607
0.735646
0.361865
-0.861883
0.181244

0.188647
-0.586508
-0.787668
-2.12055
1.21527

-0.188647
0.586508
0.787668
0.561171
0.0241758

-0.468838
-0.219398
0.855603
0.164138
0.0625152

0.468838
0.219398
-0.855603
-0.203642
0.129394

0.295658
-0.885543
0.35833
0.564472
0.0172294

-0.295658
0.885543
-0.35833
-0.941067
0.341703

-0.52659
0.423484
-0.737133
-4.74302
7.20036

0.52659
-0.423484
0.737133
0.317119
0.102004

0.215044
-0.0512602
-0.975258
-7.32261
15.3252

-0.215044
0.0512602
0.975258
0.786942
0.0100737

-0.206722
-0.831742
0.51524
0.697123
0.0391369

0.0350859
0.557471
-0.829455
0.243354
0.0368505

-0.0350859
-0.557471
0.829455
0.298366
0.0316872

-0.227674
0.796874
0.559603
0.792382
0.00303881

0.227674
-0.796874
-0.559603
-0.868555
0.243275

-0.24843
0.799775
-0.546481
-0.130331
0.0835854

0.24843
-0.799775
0.546481
0.555824
0.0129564

0.439279
0.644469
0.625854
0.428427
0.0158328

-0.439279
-0.644469
-0.625854
0.475066
0.0133569

0.625857
-0.505886
-0.593617
-1.36192
0.956548

-0.625857
0.505886
0.593617
-0.575167
0.427267

-0.71221
-0.518529
-0.473164
0.65795
0.00497569

0.71221
0.518529
0.473164
0.351608
0.0178594

0.590365
-0.537895
-0.601779
0.192223
0.0392915

-0.590365
0.537895
0.601779
0.431783
0.0194463

-0.787011
0.616939
0
0.830628
0.00426552

0.787011
-0.616939
0
-1.44573
0.473353

0.111459
0.216192
-0.969968
0.76894
0.00421496

-0.111459
-0.216192
0.969968
-0.985849
0.29596

0.86972
-0.401907
0.286456
0.755453
0.0311059

0.366177
0.630182
-0.684679
-0.954667
0.292674

-0.366177
-0.630182
0.684679
0.743145
0.00505779

-0.0485694
-0.775287
-0.629739
-0.627676
0.146788

0.0485694
0.775287
0.629739
0.870154
0.000941392

-0.373892
0.396613
0.838393
0.749512
0.00324079

0.373892
-0.396613
-0.838393
-0.0871886
0.0606596

-0.134334
0.823648
-0.550962
-0.142348
0.0763135

0.134334
-0.823648
0.550962
0.671091
0.00633725

-0.626287
-0.0205595
-0.779321
-2.15955
0.955774

0.626287
0.0205595
0.779321
0.843972
0.00234463

0.123385
0.257636
-0.958332
-14.7978
119.479

-0.123385
-0.257636
0.958332
0.219862
0.291472

-0.459226
-0.0223119
0.888039
-0.254224
0.243375

0.459226
0.0223119
-0.888039
-1.34863
0.852419

0.220602
0.975364
0
0.764457
0.00594454
