
0.36411
0.531603
0.764736
0.77352
0.0022906

-0.36411
-0.531603
-0.764736
0.0778316
0.0378631

0.585961
-0.209768
0.782718
0.837646
0.00244954

0.291161
0.15609
0.943854
0.928488
0.000188359

-0.291161
-0.15609
-0.943854
-0.144205
0.0479603

-0.625222
-0.772445
-0.111473
0.834067
0.00266176

0.368762
0.929524
0
0.958078
0.000324936

-0.562368
0.292525
0.773415
-0.866592
0.20978

0.562368
-0.292525
-0.773415
0.879721
0.000912282

0.45351
-0.0793399
-0.887713
-0.0420423
0.106108

-0.576288
-0.729852
0.367707
0.399681
0.0212692

0.576288
0.729852
-0.367707
0.261557
0.0321686

-0.499779
-0.153166
0.852503
-2.31002
2.20605

0.499779
0.153166
-0.852503
-0.471117
0.435802

-0.765303
-0.0937801
-0.636802
-0.531935
0.222593

0.765303
0.0937801
0.636802
0.290529
0.0478026

-0.495042
0.306416
0.813045
0.623862
0.015266

0.495042
-0.306416
-0.813045
-1.67476
0.765351

0.550364
-0.732568
-0.400554
0.898962
0.000517875

-0.0144894
0.974009
-0.226044
0.686042
0.00602049

0.0144894
-0.974009
0.226044
-0.255836
0.0962107

-0.699481
-0.369401
0.611775
-0.0862441
0.0580743

-0.0367032
-0.352424
0.935121
0.427898
0.0258487

0.0367032
0.352424
-0.935121
-0.287229
0.129997

0.448696
-0.197942
0.871488
0.858312
0.00349721

-0.90119
0.0270362
-0.43258
0.38816
0.0190793

0.90119
-0.0270362
0.43258
0.457041
0.0150269

0.690433
0.723396
0
0.585618
0.0151827

-0.690433
-0.723396
0
0.000343084
0.0667036

0.470898
-0.0902576
0.877558
-2.19279
0.751295

-0.470898
0.0902576
-0.877558
0.96836
8.85545e-05

-0.577905
0.425762
-0.696241
-1.20158
0.591268

0.577905
-0.425762
0.696241
0.221647
0.0739208

0.586206
0.810162
0
0.60248
0.0124872

-0.586206
-0.810162
0
-0.310653
0.119899

0.274227
0.174254
0.945746
0.940511
0.000420031

0.159122
0.323598
-0.932719
-1.38342
0.357877

-0.159122
-0.323598
0.932719
0.941024
0.000221037

0.798984
-0.420877
-0.429521
0.291553
0.0320454

-0.261144
0.732233
-0.628999
-0.636395
0.138127

0.261144
-0.732233
0.628999
0.904136
0.000476466

-0.77824
-0.123747
0.615654
0.561289
0.00771222

0.594928
0.803779
0
0.762072
0.0032933

-0.594928
-0.803779
0
0.142612
0.0337836

-0.966039
-0.0899849
0.24222
0.83883
0.00106205

0.327615
-0.251687
-0.910671
-1.16991
0.243483

-0.327615
0.251687
0.910671
0.972644
4.21282e-05

0.0395285
-0.921603
0.386115
-3.32848
2.71931

-0.0395285
0.921603
-0.386115
0.673824
0.0154691

0.591682
0.806171
0
0.342638
0.0276019

-0.591682
-0.806171
0
0.207422
0.0401213

-0.795661
0.192775
-0.574248
-0.65636
0.207157

0.795661
-0.192775
0.574248
0.653854
0.00910241

-0.341972
0.354805
0.870154
0.733609
0.00590573

0.341972
-0.354805
-0.870154
-1.11067
0.36397

-0.483271
-0.587864
-0.64874
-1.40801
0.298796

0.483271
0.587864
0.64874
0.988494
9.77365e-06

-0.233687
-0.36301
-0.902006
-10.9845
37.3226

0.233687
0.36301
0.902006
0.934241
0.00112498

0.487971
-0.803343
0.341356
0.0638311
0.0608158

-0.487971
0.803343
-0.341356
0.349885
0.0293426

0.646396
0.50788
-0.569412
-1.01703
0.382857

-0.646396
-0.50788
0.569412
0.549253
0.019137

0.232557
-0.902628
0.362187
-0.527736
0.140666

-0.232557
0.902628
-0.362187
0.794974
0.0025477

0.470969
-0.839942
0.269601
0.826024
0.00148989

0.43541
-0.679257
0.590787
0.858547
0.0104756

-0.43541
0.679257
-0.590787
-22.9057
298.34

0.464841
-0.379005
-0.800174
0.741631
0.00390988

0.535106
0.584234
-0.61019
-0.175833
0.101199

-0.535106
-0.584234
0.61019
0.44954
0.0222455

-0.258043
0.330711
-0.907769
-13.7382
64.8247

0.258043
-0.330711
0.907769
0.965934
0.000346804

0.0213244
0.997725
0.063946
0.976149
0.000106705

-0.468962
0.115184
0.875675
0.838536
0.00391294

-0.250955
-0.191891
0.948788
0.145169
0.0225992

0.175293
0.518138
0.837141
0.721512
0.0125054

-0.175293
-0.518138
-0.837141
-4.22937
4.40863

-0.68133
0.438506
0.58609
0.602535
0.0185377

-0.31762
0.438813
-0.840572
0.630559
0.0166084

0.31762
-0.438813
0.840572
-2.20297
1.23774

-0.144719
0.0661465
-0.987259
-1.74235
0.87094

0.144719
-0.0661465
0.987259
0.543131
0.0241738

-0.0889653
-0.395221
-0.914268
-0.0294292
0.0938795

0.0889653
0.395221
0.914268
0.0226833
0.0846154

-0.0797314
-0.88508
-0.458558
0.435997
0.0199652

0.0797314
0.88508
0.458558
0.125927
0.04789

0.283082
0.188093
0.940471
0.893013
0.00114413

-0.283082
-0.188093
-0.940471
-2.4568
1.13579

-0.700553
-0.343878
0.625279
-0.0876306
0.0634929

-0.121579
-0.4134
0.902396
0.849545
0.00167934

0.121579
0.4134
-0.902396
-1.27541
0.382319

0.770884
0.471397
0.428397
0.275932
0.058902

-0.770884
-0.471397
-0.428397
-1.01129
0.454084

-0.520622
-0.129636
0.843888
0.10942
0.169532

0.810018
-0.462044
-0.36109
0.448521
0.0061542

0.334004
0.205127
0.919981
-8.23727
22.5661

-0.334004
-0.205127
-0.919981
0.650752
0.0322689

-0.694646
-0.0867194
-0.714106
-0.872469
0.169149

0.523574
-0.453168
0.721463
0.701928
0.0185159

-0.523574
0.453168
-0.721463
-6.12429
10.5718

-0.446806
-0.874107
-0.190527
0.307207
0.0488365

0.446806
0.874107
0.190527
-0.757177
0.314113

-0.300013
-0.356854
0.884673
0.786803
0.00133174

0.300013
0.356854
-0.884673
0.573074
0.00513512

0.732944
-0.582219
-0.351874
-0.354186
0.212068

-0.732944
0.582219
0.351874
-0.265414
0.185183

-0.872017
0.201698
0.445987
0.520355
0.0148835

0.872017
-0.201698
-0.445987
-0.0467471
0.0707335

0.61686
0.497934
-0.609546
-1.85615
0.800618

-0.22968
0.387032
-0.893002
-3.39638
3.26776

0.22968
-0.387032
0.893002
0.457275
0.0498133

0.222443
-0.130695
-0.966146
0.75171
0.0077793

-0.222443
0.130695
0.966146
-2.84949
1.83802

-0.303689
-0.733432
0.608153
-0.794047
0.535707

0.303689
0.733432
-0.608153
-0.977929
0.651103

-0.15174
0.343734
-0.926726
0.969398
7.71301e-05

0.15174
-0.343734
0.926726
-1.7968
0.511264

0.48997
0.575445
0.654822
-6.52278
19.6828

-0.48997
-0.575445
-0.654822
-0.638289
0.933514

0.410651
0.509084
-0.756439
-8.80747
23.1556

-0.410651
-0.509084
0.756439
0.846759
0.00570604

0.443145
0.84944
0.286485
-0.0026294
0.0252329

0.359525
-0.412062
-0.837226
-2.12215
0.840764

-0.359525
0.412062
0.837226
0.901115
0.000884493

-0.673375
-0.728824
0.124019
-0.449949
0.162652

0.673375
0.728824
-0.124019
0.534408
0.0167743

-0.516886
-0.824795
0.22922
0.800571
0.00660604

0.516886
0.824795
-0.22922
-4.93346
5.84212

0.663535
0.492058
-0.56356
-0.175833
0.101183

-0.663535
-0.492058
0.56356
0.44954
0.0222321

0.317119
-0.825581
0.466746
0.553733
0.0289352

-0.317119
0.825581
-0.466746
-2.83987
2.13835

0.560727
-0.158249
0.812738
0.775174
0.000825732

-0.560727
0.158249
-0.812738
0.870265
0.000289201

0.487273
0.215526
-0.846235
-0.609033
0.367902

-0.487273
-0.215526
0.846235
-0.609033
0.367902

0.150437
-0.603626
-0.782946
0.959616
9.44136e-05

-0.109921
-0.0356197
0.993302
0.908241
0.000453805

0.109921
0.0356197
-0.993302
-0.745209
0.163399

-0.73248
-0.181354
-0.656189
0.974939
0.00019168

0.121455
-0.855709
-0.503002
0.644456
0.0128943

-0.121455
0.855709
0.503002
-1.55712
0.66671

0.0105726
0.119916
-0.992728
-0.404255
0.205197

0.115987
-0.94685
0.300037
0.0319293
0.0930524

-0.115987
0.94685
-0.300037
-0.294223
0.166291

0.0671292
-0.85697
-0.510976
-9.83982
35.9321

-0.0671292
0.85697
0.510976
0.618912
0.0444696

-0.472971
0.327532
-0.817937
-1.37422
0.471397

0.472971
-0.327532
0.817937
0.7846
0.00388103

-0.533742
-0.472976
-0.701008
-1.31041
0.93795

0.533742
0.472976
0.701008
-0.697442
0.506283

-0.744549
-0.284144
0.604078
0.963189
6.98398e-05

-0.326065
-0.477348
0.815978
0.83747
0.00260563

0.326065
0.477348
-0.815978
-2.14655
0.953041

-0.757122
-0.626067
-0.186567
-1.46618
0.531634

0.757122
0.626067
0.186567
0.770766
0.00466516

-0.0354099
-0.866791
-0.497413
-2.47215
1.71702

0.0354099
0.866791
0.497413
0.471228
0.0398893

-0.292504
-0.699256
-0.652291
0.959117
0.000332543

0.292504
0.699256
0.652291
-8.04609
15.7616

-0.46742
-0.833825
-0.293691
-0.685098
0.354482

0.46742
0.833825
0.293691
-0.170212
0.17097

0.762069
-0.332649
0.555514
-0.453805
0.64536

-0.762069
0.332649
-0.555514
-5.56488
13.1552

-0.197824
0.0842853
-0.976607
-1.12543
0.284621

0.197824
-0.0842853
0.976607
0.905134
0.000568489

-0.42436
0.781247
0.45779
0.38258
0.0756691

0.42436
-0.781247
-0.45779
-4.22512
5.41438

-0.353226
0.0935502
0.930849
0.921986
0.000918471

0.148551
0.435088
-0.888049
-4.61701
5.67277

-0.148551
-0.435088
0.888049
0.648937
0.0221692

0.314387
0.214089
-0.924839
-2.77587
1.35697

-0.314387
-0.214089
0.924839
0.929788
0.000478231

-0.907479
0.231221
0.35074
-0.683301
0.326773

0.907479
-0.231221
-0.35074
0.0156457
0.111775

-0.427603
0.810955
-0.399385
-1.74727
0.780237

0.427603
-0.810955
0.399385
0.684821
0.0102965

-0.250893
-0.874837
0.414383
0.716719
0.00708607

0.250893
0.874837
-0.414383
-1.28483
0.459279

0.686936
-0.0164374
-0.726532
0.991404
8.03121e-06

-0.686936
0.0164374
0.726532
-2.50424
0.873923

-0.113595
-0.327982
-0.937829
0.117976
0.0253084

0.113595
0.327982
0.937829
0.905841
0.000291255

-0.34291
0.689382
0.638095
0.509625
0.0494725

0.250795
0.214249
-0.944034
-2.54309
1.1482

-0.250795
-0.214249
0.944034
0.923139
0.000581389

0.56542
0.0188629
-0.824588
-3.45933
2.3296

-0.56542
-0.0188629
0.824588
0.893363
0.00134301

-0.76707
0.616483
0.177629
-0.609033
0.367873

0.76707
-0.616483
-0.177629
-0.609033
0.367873

-0.120382
-0.628301
-0.7686
-10.5851
36.9339

0.120382
0.628301
0.7686
0.856974
0.00568045

-0.0753727
0.84592
0.527957
0.703269
0.00356102

-0.353489
-0.706012
-0.613672
0.26652
0.02583

0.353489
0.706012
0.613672
0.613197
0.00718424

0.474744
-0.405586
0.7811
0.726121
0.00400092

0.317376
0.632155
0.706861
0.67142
0.0122122

-0.317376
-0.632155
-0.706861
-2.06191
1.0596

-0.0304116
0.407498
0.9127
0.89391
0.00150301

0.0304116
-0.407498
-0.9127
-4.19843
3.59457

-0.711975
0.361143
0.602219
0.286728
0.0461466

0.711975
-0.361143
-0.602219
-0.410517
0.180385

0.131204
0.780735
0.610932
0.696037
0.00881512

-0.248531
-0.899702
-0.358844
0.602473
0.00815388

0.248531
0.899702
0.358844
0.188722
0.0338936

0.753921
0.629036
-0.189518
-2.36989
1.67904

-0.753921
-0.629036
0.189518
0.369843
0.0587236

0.701333
0.10983
0.704322
0.267576
0.0692102

-0.701333
-0.10983
-0.704322
-1.5067
0.810565

0.192488
0.981299
0
0.756488
0.00139453

-0.192488
-0.981299
0
0.740094
0.00158233

-0.786538
-0.617542
0
0.81611
0.00319159

0.786538
0.617542
0
-1.94223
0.815279

0.100047
-0.385582
-0.917233
0.952814
0.00069833

-0.100047
0.385582
0.917233
-13.6163
64.68

0.541503
-0.825387
0.159718
0.83953
0.001146

-0.541503
0.825387
-0.159718
-0.0472906
0.0473463

0.154869
0.307048
-0.939008
0.75099
0.000774126

-0.154869
-0.307048
0.939008
0.932562
5.71939e-05

-0.730842
0.0165669
0.682345
-0.462766
0.199429

0.730842
-0.0165669
-0.682345
0.276643
0.0489535

-0.760375
-0.258016
0.596035
0.902646
0.000817871

-0.457958
-0.338062
0.822186
0.648057
0.0137264

0.457958
0.338062
-0.822186
-1.85864
0.897156

-0.901157
-0.374109
-0.218993
0.947586
0.000269357

0.901157
0.374109
0.218993
-3.08068
1.62344

-0.328921
-0.70094
-0.632846
-0.301105
0.218519

0.328921
0.70094
0.632846
-0.632109
0.343743

-0.86958
0.232928
-0.435402
0.976443
9.77072e-05

-0.215364
0.504266
0.836262
-0.62753
0.653807

0.215364
-0.504266
-0.836262
-3.35802
4.68762

0.868243
0.496139
0
-3.75284
5.8017

-0.868243
-0.496139
0
-0.856594
0.952838

0.0252865
0.985356
-0.168625
-3.57958
1.97631

-0.0252865
-0.985356
0.168625
0.986619
1.69299e-05

-0.107718
-0.12392
0.986428
0.989397
3.85624e-05

0.887933
0.0345722
0.458672
0.665973
0.0069427

0.0896064
-0.498328
0.862346
0.849321
0.00300926

-0.0896064
0.498328
-0.862346
-3.6772
2.83553

-0.478646
0.597805
0.64306
0.935781
0.00108585

0.478646
-0.597805
-0.64306
-10.9946
37.3163

-0.390085
-0.247344
-0.886936
-0.781796
0.443254

0.390085
0.247344
0.886936
-0.394331
0.271473

0.0622616
0.872053
0.485435
0.735074
0.00477518

-0.0622616
-0.872053
-0.485435
-0.617062
0.17761

0.0201671
0.952273
0.304581
-3.89736
3.49463

-0.0201671
-0.952273
-0.304581
0.777572
0.00722073

-0.718049
0.315949
0.620146
0.476889
0.0433669

0.718049
-0.315949
-0.620146
-3.05946
2.60513

0.267637
-0.730708
0.628042
0.723039
0.00321516

-0.267637
0.730708
-0.628042
0.263448
0.0227062

-0.470716
0.322844
0.821096
0.952885
0.000836564

0.470716
-0.322844
-0.821096
-17.3779
126.544

-0.39779
-0.101779
0.911813
0.801877
0.00229795

0.73949
0.673168
0
0.380476
0.0414303

-0.73949
-0.673168
0
-1.08228
0.467823

0.425315
-0.691646
-0.583723
0.973173
3.39451e-05

-0.411225
-0.661639
-0.626999
0.754908
0.00351531

0.411225
0.661639
0.626999
-0.315857
0.0999424

0.167866
0.895452
0.412295
0.414896
0.0389583

-0.167866
-0.895452
-0.412295
-1.34042
0.622602

-0.370856
0.430137
-0.823072
0.346166
0.111333

0.370856
-0.430137
0.823072
-6.44754
14.4128

0.29462
-0.857699
-0.421368
-2.35494
1.45895

-0.29462
0.857699
0.421368
0.579174
0.0229951

-0.00920356
-0.278439
0.96041
0.94692
0.000351779

0.0410494
-0.527499
-0.848563
-10.6655
37.0138

-0.0410494
0.527499
0.848563
0.875161
0.00429342

-0.475088
-0.324685
0.817845
0.901362
0.00380211

0.475088
0.324685
-0.817845
-16.9768
125.954

-0.60199
0.344864
0.720192
0.938906
0.000199431

0.60199
-0.344864
-0.720192
-0.70931
0.141462

-0.214345
-0.480682
0.850295
0.905097
0.000318086

-0.238388
0.672931
-0.700239
0.548635
0.0452387

0.238388
-0.672931
0.700239
-5.82622
10.318

-0.451362
0.758629
0.469845
0.515199
0.0207063

0.451362
-0.758629
-0.469845
-0.743783
0.267825

0.73699
0.3806
-0.55856
-16.794
125.626

-0.73699
-0.3806
0.55856
0.871116
0.00659677

-0.336305
0.892328
0.301082
0.254273
0.0409036

0.336305
-0.892328
-0.301082
0.0751563
0.0629005

0.847895
-0.512854
0.13437
0.0365833
0.0460962

-0.847895
0.512854
-0.13437
0.717332
0.00397038

0.973493
0.228717
0
-0.435911
0.183394

-0.973493
-0.228717
0
0.334371
0.0394649

0.0872636
0.232002
0.968793
-0.870601
0.306297

-0.0872636
-0.232002
-0.968793
0.578697
0.0157248

-0.387223
0.735734
0.555656
0.507881
0.0190201

0.387223
-0.735734
-0.555656
-0.432088
0.16094

-0.572006
0.711278
-0.408525
-2.00583
0.734673

0.572006
-0.711278
0.408525
0.915225
0.000592806

-0.536639
-0.738416
-0.408362
0.975578
4.56175e-05

0.536639
0.738416
0.408362
-2.22978
0.75456

-0.211746
0.0977282
-0.972426
-4.69091
7.15192

0.211746
-0.0977282
0.972426
0.27412
0.116723

0.0243272
0.116198
0.992928
0.992916
1.85377e-05

0.133057
0
-0.991108
-1.81798
0.887875

-0.133057
0
0.991108
0.613443
0.0169078

-0.711328
0.218226
0.668124
-3.52985
4.84536

0.711328
-0.218226
-0.668124
-0.370268
0.443634

0.650947
-0.162992
0.741419
0.669508
0.0169973

-0.650947
0.162992
-0.741419
-3.69535
3.40991

0.241722
-0.126394
0.962078
0.692703
0.05248

-0.241722
0.126394
-0.962078
-22.0814
295.106

-0.720028
0.129325
-0.681788
0.913996
0.000108951

0.720028
-0.129325
0.681788
0.724776
0.00110497

0.598422
-0.502905
0.623681
0.102155
0.0248183

-0.598422
0.502905
-0.623681
0.927635
0.000177074

-0.0194589
0.673232
0.739176
-2.35278
1.9257

0.0194589
-0.673232
-0.739176
0.037787
0.158836

-0.744774
0.143639
-0.651675
-2.27453
1.25716

0.744774
-0.143639
0.651675
0.684617
0.0116665

-0.164868
0.503072
-0.848373
-5.21674
5.96125

0.164868
-0.503072
0.848373
0.895886
0.00167699

-0.441862
0.768208
-0.463265
0.926142
6.09202e-05

0.327474
0.371137
-0.868918
-16.1018
123.945

-0.327474
-0.371137
0.868918
0.715268
0.0344867

-0.324932
0.188154
-0.926832
-10.6266
36.995

0.324932
-0.188154
0.926832
0.866532
0.00488295

0.897718
0.352041
0.264895
0.880265
0.00113546

-0.897718
-0.352041
-0.264895
-1.65432
0.555589

0.154869
-0.00312852
-0.98793
0.641329
0.00332927

-0.154869
0.00312852
0.98793
0.764953
0.00143011

0.622096
0.688363
-0.373033
-1.16389
1.11075

-0.622096
-0.688363
0.373033
-2.27782
2.54866

0.791511
0.368911
0.487252
0.936048
0.000166221

-0.791511
-0.368911
-0.487252
-0.260726
0.0611664

-0.849236
0.0658148
0.523896
0.440337
0.0341244

0.849236
-0.0658148
-0.523896
-1.23867
0.544868

0.0689385
0.411326
-0.908878
0.974533
1.41343e-05

-0.0689385
-0.411326
0.908878
0.25042
0.0118138

0.260156
-0.537657
0.802025
0.750201
0.00323339

-0.260156
0.537657
-0.802025
-0.0613056
0.0570072

-0.971713
0.174882
-0.158712
-0.234286
0.0855622

0.971713
-0.174882
0.158712
0.744247
0.00372432

-0.467444
0.38175
-0.797347
-5.04438
7.44646

0.467444
-0.38175
0.797347
0.533612
0.0445019

-0.666318
-0.547923
0.505768
0.837744
0.00278052

0.666318
0.547923
-0.505768
-2.53357
1.31585

-0.52032
0.571548
-0.634507
0.17212
0.0359291

0.52032
-0.571548
0.634507
0.598729
0.00849187

-0.677311
-0.212369
-0.704378
-0.112649
0.0783776

0.677311
0.212369
0.704378
0.580145
0.0111802

-0.0493463
-0.375616
-0.925461
-6.62175
14.6313

0.0493463
0.375616
0.925461
0.458007
0.0739949

-0.46535
-0.885126
0
0.221647
0.0776682

0.46535
0.885126
0
-1.20158
0.589519

-0.270614
-0.76264
0.587493
0.573391
0.0180079

0.281026
-0.120677
0.952083
-0.152207
0.139394

-0.281026
0.120677
-0.952083
-0.225342
0.157641

0.43443
-0.64911
0.624441
-0.403274
0.25348

-0.43443
0.64911
-0.624441
-0.513289
0.294782

0.075469
-0.622426
0.779031
-9.47777
23.5884

-0.075469
0.622426
-0.779031
0.970534
0.000197471

-0.268271
-0.591955
-0.760013
-4.23196
6.71568

0.268271
0.591955
0.760013
-0.186384
0.345393

-0.346563
-0.169971
-0.922499
-10.117
36.3615

0.346563
0.169971
0.922499
0.722846
0.0226157

-0.831503
-0.0278796
-0.554821
-0.0149283
0.0879563

0.249364
-0.695369
-0.674003
-0.492225
0.25042

0.32333
-0.343621
0.881693
-0.705933
0.212092

-0.32333
0.343621
-0.881693
0.706479
0.00648364

-0.419628
0.158582
0.893736
-3.5053
9.26191

0.419628
-0.158582
-0.893736
-4.88448
15.8004

-0.0273152
-0.810272
0.585417
0.901488
0.00120006

-0.785546
0.0063418
0.618771
-0.212612
0.297323

0.785546
-0.0063418
-0.618771
-2.79567
2.91125

-0.521194
0.747418
0.411974
-0.074206
0.0797907

0.521194
-0.747418
-0.411974
0.455643
0.0205181

0.53253
0.0703464
0.843483
0.0342172
0.0574383

-0.481653
0.093347
-0.871376
-23.1684
299.046

0.481653
-0.093347
0.871376
0.897205
0.00545748

-0.673872
0.451682
0.584705
0.962328
9.3066e-05

0.673872
-0.451682
-0.584705
-1.45428
0.362028

-0.817956
-0.575281
0
-0.0843654
0.106433

0.528553
0.448559
-0.720713
-0.890896
0.285676

-0.528553
-0.448559
0.720713
0.684539
0.00803479

0.0528176
-0.925211
0.37576
0.423874
0.0164426

-0.164111
-0.259443
0.951713
0.941887
0.000245596

-0.979944
-0.199273
0
-3.27024
1.64418

0.979944
0.199273
0
0.982558
2.87602e-05

-0.0955989
0.779222
0.619414
0.509628
0.0495485

0.0955989
-0.779222
-0.619414
-5.00707
7.41952

-0.371535
0.899777
0.228831
0.683601
0.00636436

0.371535
-0.899777
-0.228831
-0.331328
0.112545

0.709609
0.677322
0.194138
0.976419
7.44229e-05

-0.709609
-0.677322
-0.194138
-4.57837
3.67305

-0.222397
-0.36365
0.904599
0.928786
0.000341982

0.222397
0.36365
-0.904599
-1.18041
0.288222

-0.395448
-0.0583439
-0.916634
-1.01071
0.275618

0.395448
0.0583439
0.916634
0.84194
0.0017781

0.141912
-0.382343
0.913058
0.912553
0.00240512

-0.141912
0.382343
-0.913058
-13.3274
64.4296

-0.686447
0.598425
0.413131
-0.300054
0.0562282

0.686447
-0.598425
-0.413131
0.973614
2.58654e-05

0.121779
0.43512
0.892099
0.826446
0.00101558

0.0143062
-0.326494
-0.945091
0.750979
0.00512085

-0.71923
0.603969
-0.343408
-0.119366
0.0747182

0.71923
-0.603969
0.343408
0.642456
0.00764084

-0.463786
0.30239
0.832744
0.274469
0.0492515

0.755093
0.0789151
0.65085
0.588952
0.0200264

-0.755093
-0.0789151
-0.65085
-1.9616
1.03484

0.599392
-0.206854
-0.773266
-0.858344
0.242337

-0.599392
0.206854
0.773266
0.784341
0.0032656

-0.600178
0.635166
0.486159
0.545795
0.0207023

0.600178
-0.635166
-0.486159
-1.21503
0.49204

-0.559366
-0.519402
0.646012
-0.643935
0.236924

0.559366
0.519402
-0.646012
0.473288
0.0244128

0.277995
-0.687788
0.670571
0.939028
0.00011704

-0.277995
0.687788
-0.670571
0.192153
0.017821

-0.403732
-0.411057
0.817333
0.851098
0.00159589

0.403732
0.411057
-0.817333
-1.10357
0.307207

-0.261775
0.133796
0.95581
0.841456
0.00607632

0.261775
-0.133796
-0.95581
-8.7877
23.1511

0.579313
-0.527153
-0.621697
-0.680301
0.195536

-0.579313
0.527153
0.621697
0.740668
0.00470954

-0.537726
-0.166144
0.826587
0.589236
0.0112351

0.0198202
-0.850313
0.525904
0.613831
0.0295484

0.612176
0.782479
-0.113873
0.875743
0.00054389

-0.612176
-0.782479
0.113873
0.123281
0.0270342

0.114966
-0.435243
-0.892943
-2.18817
1.40452

-0.114966
0.435243
0.892943
0.424133
0.0460541

0.847042
-0.451363
0.280698
0.975024
6.5826e-05

-0.398868
-0.033964
-0.916379
-1.03116
0.353701

0.398868
0.033964
0.916379
0.661358
0.0121854

-0.236011
0.233264
0.943338
0.922697
0.000162558

0.236011
-0.233264
-0.943338
0.320548
0.0118372

-0.197968
-0.222996
0.954506
0.0898361
0.109253

0.197968
0.222996
-0.954506
-1.24754
0.664364

0.0457814
0.380359
-0.923705
-0.760827
0.401965

-0.0457814
-0.380359
0.923705
-0.205994
0.188757

-0.433704
-0.401487
-0.806665
0.914263
0.000414117

0.433704
0.401487
0.806665
-0.705056
0.150945

0.462383
0.459419
-0.758378
-0.25262
0.15149

-0.462383
-0.459419
0.758378
0.0553348
0.0862411

-0.74375
-0.198003
-0.638459
0.958935
0.000138932

0.74375
0.198003
0.638459
-2.48346
0.998508

0.237424
0.848966
-0.47211
-0.575435
0.245084

-0.237424
-0.848966
0.47211
0.248902
0.0557603

0.072247
0.392917
0.916732
0.89735
0.00123026

-0.069461
-0.414836
-0.907241
0.893772
0.00123386

0.069461
0.414836
0.907241
-2.89954
1.59251

0.47098
-0.431677
0.769307
0.411069
0.0991755

-0.47098
0.431677
-0.769307
-7.76182
21.9074

0.654443
0.0541088
-0.754173
-0.674029
0.170342

-0.654443
-0.0541088
0.754173
0.830521
0.00175182

-0.332697
0.143563
0.932042
0.947977
0.000210227

-0.438562
0.208069
-0.874283
-3.14964
1.91166

0.438562
-0.208069
0.874283
0.88939
0.00140866

0.322272
-0.0790042
0.943345
0.835941
0.00384809

-0.530136
0.0637301
0.845514
0.387032
0.0392583

0.777418
-0.254734
0.575093
0.493627
0.00922451

-0.86859
-0.274666
0.412445
0.408817
0.0202474

0.86859
0.274666
-0.412445
0.27535
0.0304196

0.0826063
-0.354736
0.93131
0.721452
0.0134783

-0.325126
-0.676298
-0.660995
-0.704406
0.330653

0.325126
0.676298
0.660995
0.0594509
0.100803

0.715771
-0.333889
-0.613343
-1.39056
0.7009

-0.715771
0.333889
0.613343
0.306877
0.0590352

-0.809772
-0.204325
-0.550019
-0.376206
0.146214

0.809772
0.204325
0.550019
0.498853
0.0194478

-0.884427
-0.174486
0.432832
-0.847224
0.193937

0.884427
0.174486
-0.432832
0.902512
0.00055076

0.771741
0.635937
0
0.544386
0.00822331

-0.771741
-0.635937
0
0.609055
0.00612991

-0.436401
0.187916
0.87991
0.56596
0.00547286

0.436401
-0.187916
-0.87991
0.759404
0.00168243

-0.797344
0.445601
0.407041
0.984653
7.57018e-06

0.797344
-0.445601
-0.407041
-0.289574
0.0507342

-0.0537974
-0.888148
-0.456397
-0.87034
0.331485

0.0537974
0.888148
0.456397
0.475789
0.0260878

0.32837
-0.298348
-0.896193
-4.1375
5.35097

-0.32837
0.298348
0.896193
0.30929
0.096739

0.496267
-0.288778
0.818735
0.353392
0.0340596

-0.496267
0.288778
-0.818735
-0.247315
0.126263

0.253722
0.754815
-0.60488
0.833777
0.00221544

-0.298744
-0.736814
-0.606512
-0.342689
0.1072

0.298744
0.736814
0.606512
0.742363
0.00397705

0.413725
-0.904273
-0.10546
0.549355
0.0112645

-0.413725
0.904273
0.10546
0.158549
0.0392648

-0.302242
-0.243711
-0.92155
0.635324
0.00761289

0.302242
0.243711
0.92155
-0.0303054
0.0606581

-0.0482933
0.998833
0
0.724821
0.0390223

-0.110866
0.137778
0.984239
0.889862
0.00476314

0.110866
-0.137778
-0.984239
-16.9042
125.838

0.156912
0.516294
0.841914
-0.254224
0.243172

-0.156912
-0.516294
-0.841914
-1.34863
0.852597

0.118243
0.485423
-0.866247
-0.759714
0.202021

-0.118243
-0.485423
0.866247
0.808368
0.00241542

0.313512
0.949584
0
-5.89684
7.74753

-0.313512
-0.949584
0
0.900947
0.00282811

-0.228316
0.359082
0.904949
0.818285
0.00198838

-0.423625
-0.616753
-0.663444
0.528171
0.0103055

0.423625
0.616753
0.663444
0.430548
0.0149794

0.620642
0.334177
0.709316
0.750355
0.00560166

-0.620642
-0.334177
-0.709316
-1.43793
0.527627

0.79385
-0.57608
0.194766
-0.0578059
0.054202

-0.79385
0.57608
-0.194766
0.775912
0.00243376

0.170102
-0.902565
-0.395526
-1.71457
1.08771

-0.170102
0.902565
0.395526
0.0847905
0.123696

0.540871
0.441238
-0.716078
0.558303
0.0216949

-0.804063
-0.251294
0.538826
0.648249
0.00486362

0.804063
0.251294
-0.538826
0.458706
0.0114655

-0.014316
0.0351496
-0.999279
-0.601654
0.145458

0.014316
-0.0351496
0.999279
0.852683
0.00131238

-0.457344
0.232208
-0.858438
-3.50531
3.98767

0.457344
-0.232208
0.858438
0.172497
0.134603

0.703753
0.250546
-0.664799
-0.20418
0.165106

0.747699
-0.625937
0.221696
0.692061
0.00508115

-0.747699
0.625937
-0.221696
0.00801814
0.0516522

0.47055
0.710724
-0.522928
-1.59782
0.406607

-0.47055
-0.710724
0.522928
0.973435
4.69223e-05

-0.053388
-0.0772549
0.995581
0.267576
0.0692092

0.053388
0.0772549
-0.995581
-1.5067
0.810566

0.201344
0.0728657
-0.976807
-0.057368
0.0592744

-0.0111722
0.303244
0.952847
0.947009
0.00205785

0.0111722
-0.303244
-0.952847
-36.2125
1014.43

-0.344119
0.657138
-0.670635
-1.6198
0.75387

0.344119
-0.657138
0.670635
0.572731
0.0201508

0.238114
0.0502885
0.969935
0.853646
0.00263363

-0.238114
-0.0502885
-0.969935
-0.887908
0.22831

0.526395
-0.542683
0.654525
0.64536
0.00962261

-0.526395
0.542683
-0.654525
-0.648863
0.206433

-0.00187325
0.827102
-0.562049
-1.92552
2.67097

0.00187325
-0.827102
0.562049
-3.21275
5.53847

0.36917
-0.41867
0.829716
0.862607
0.00129421

-0.681814
0.606438
0.409099
-0.782314
2.21103

0.681814
-0.606438
-0.409099
-18.8036
272.949

-0.0251217
0.101909
0.994476
0.98705
1.7754e-05

0.0251217
-0.101909
-0.994476
-1.78077
0.45863

0.00507925
-0.29304
-0.956087
0.813009
0.0010368

-0.0531354
0.47175
0.88013
0.921986
0.00109897

0.0531354
-0.47175
-0.88013
-6.80139
10.9852

-0.401788
0.109217
0.909196
0.878966
0.00156133

-0.741648
-0.120669
-0.659847
-0.117018
0.0748838

0.741648
0.120669
0.659847
0.635259
0.00800066

-0.0629601
-0.260233
0.963491
0.952476
0.000261135

-0.353572
-0.452345
0.818762
0.437091
0.0140652

0.340618
0.930814
-0.132531
-1.97567
0.820648

0.822826
0.568293
0
-4.08117
4.18197

-0.822826
-0.568293
0
0.638672
0.0277208

0.304541
0.529502
0.791759
0.974227
5.80171e-05

-0.304541
-0.529502
-0.791759
-2.22244
0.75352

-0.114816
-0.745071
0.657029
0.711545
0.0135505

0.114816
0.745071
-0.657029
-4.21022
4.3974

0.77491
-0.410545
-0.480591
0.906387
0.000597503

-0.958178
-0.286173
0
-0.909622
0.312985

0.958178
0.286173
0
0.622789
0.0182255

0.655217
0.347005
-0.671028
-0.215219
0.235201

-0.655217
-0.347005
0.671028
-1.53545
1.02367

-0.203385
-0.0974242
-0.97424
-0.573017
0.0882944

0.203385
0.0974242
0.97424
0.986947
1.36049e-05

0.240979
-0.89675
0.371172
0.26092
0.050062

-0.240979
0.89675
-0.371172
-0.39732
0.178839

0.622175
-0.137569
-0.770696
-7.16896
15.1972

-0.622175
0.137569
0.770696
0.729952
0.0166117

0.399084
-0.304251
0.864964
0.574328
0.0175051

0.374866
-0.39939
0.836638
0.938667
0.00142907

-0.374866
0.39939
-0.836638
-17.2505
126.39

0.322943
0.946418
0
0.308823
0.0262122

-0.322943
-0.946418
0
0.447661
0.016759

0.181475
0.132917
0.974372
-0.089612
0.129695

-0.125225
0.818766
-0.560305
-3.58806
3.34462

0.125225
-0.818766
0.560305
0.601004
0.0264304

0.242083
-0.54653
-0.801687
-16.4696
124.933

-0.242083
0.54653
0.801687
0.806432
0.0153468

-0.0431818
0.13123
-0.990411
0.870066
0.000913711

0.0431818
-0.13123
0.990411
-0.533914
0.124851

-0.232156
-0.286408
-0.929556
-9.0799
23.3616

0.232156
0.286408
0.929556
0.909804
0.00191786

-0.26974
-0.894393
0.356793
-1.5277
0.4121

0.26974
0.894393
-0.356793
0.94931
0.000168216

-0.577568
-0.683683
-0.446086
0.653701
0.00796841

0.577568
0.683683
0.446086
-0.34898
0.120439

0.312802
0.559335
0.767658
0.355375
0.0190154

-0.312802
-0.559335
-0.767658
0.599485
0.00739529

0.119462
0.62446
0.771867
0.639293
0.00946616

-0.119462
-0.62446
-0.771867
-0.528952
0.170007

0.263733
-0.120231
-0.957073
-17.2505
126.31

-0.263733
0.120231
0.957073
0.938667
0.00146083

0.087763
-0.169893
-0.981547
-1.02638
0.500115

-0.087763
0.169893
0.981547
0.124941
0.093555

0.612992
-0.108843
-0.782556
-0.0114452
0.0686006

-0.612992
0.108843
0.782556
0.45292
0.0201303

0.409365
0.420945
-0.80946
-1.85051
0.715077

-0.409365
-0.420945
0.80946
0.847131
0.00207111

-0.326996
-0.503348
0.799821
0.554421
0.0346829

0.326996
0.503348
-0.799821
-3.95088
4.26222

-0.696787
-0.473664
-0.538637
-0.709729
0.263448

-0.0617193
-0.356093
0.93241
0.938134
0.000703214

0.134599
-0.633797
0.761699
0.743589
0.00241116

-0.134599
0.633797
-0.761699
0.381878
0.0139776

0.148565
0.888391
-0.434384
0.293477
0.0257976

-0.148565
-0.888391
0.434384
0.522708
0.0117739

-0.626284
0.241827
-0.741139
0.342638
0.0276088

0.626284
-0.241827
0.741139
0.207422
0.0401288

0.0801709
0.91916
0.385639
0.695589
0.0145344

-0.451769
-0.821455
-0.348019
-1.86051
1.13672

0.451769
0.821455
0.348019
0.284873
0.0710849

-0.801284
-0.598285
0
0.701029
0.0200849

-0.552473
0.0833501
0.829353
-2.77676
1.17337

0.552473
-0.0833501
-0.829353
0.97801
4.89892e-05

0.384302
-0.0808727
-0.919658
-0.134621
0.0928759

-0.384302
0.0808727
0.919658
0.441247
0.0225606

-0.00501009
-0.603124
0.797632
0.356385
0.0413749

0.00501009
0.603124
-0.797632
-0.787824
0.318943

0.533132
0.467398
0.705201
0.759717
0.00381965

0.832064
-0.554679
0
-1.14539
0.363315

-0.832064
0.554679
0
0.761624
0.0110886

-0.251711
0.839125
0.482193
-1.70425
1.22317

0.251711
-0.839125
-0.482193
-0.250453
0.261629

0.0751044
0.795058
0.601865
-0.0611068
0.041304

-0.626645
-0.403421
0.666759
0.271927
0.0355818

0.626645
0.403421
-0.666759
0.212519
0.0416079

-0.241202
-0.651001
0.719736
0.789573
0.00111273

0.241202
0.651001
-0.719736
0.662934
0.00279071

-0.0561664
0.338289
0.939365
-0.732804
0.39571

0.0561664
-0.338289
-0.939365
-0.273083
0.213616

-0.676673
-0.374695
0.633812
0.436311
0.0160645

0.676673
0.374695
-0.633812
0.41936
0.0170447

-0.719481
0.195359
-0.66647
-6.27248
10.6811

0.719481
-0.195359
0.66647
0.764372
0.0112194

0.0799494
-0.532431
0.842689
0.964531
0.000925199

-0.0799494
0.532431
-0.842689
-36.464
1015.01

-0.397082
-0.376364
0.837063
0.437778
0.0193978

0.397082
0.376364
-0.837063
0.169097
0.0421976

-0.0939437
0.289382
0.952592
0.97446
0.000238746

-0.268472
-0.0883924
0.959223
0.959791
0.000117793

-0.610193
0.561056
0.559357
0.511329
0.0100725

0.610193
-0.561056
-0.559357
0.534877
0.00912624

-0.378379
0.925651
0
0.809012
0.000738252

0.378379
-0.925651
0
0.731404
0.00145732

0.552634
0.215838
-0.80499
-0.226316
0.0807905

-0.552634
-0.215838
0.80499
0.771805
0.00280045

0.166964
-0.923801
0.34455
-0.785522
0.40726

-0.166964
0.923801
-0.34455
-0.149346
0.168802

0.328711
-0.161161
0.930578
0.908055
0.00328617

-0.328711
0.161161
-0.930578
-17.0212
126.035

-0.697559
0.68145
-0.221443
0.233794
0.0320992

0.697559
-0.68145
0.221443
0.509626
0.0131492

-0.622163
0.250434
-0.741752
0.757957
0.00999208

0.622163
-0.250434
0.741752
-4.83305
5.79177

-0.107216
0.109687
-0.988167
0.976604
0.00017478

0.107216
-0.109687
0.988167
-13.8572
64.8505

-0.0866613
-0.59544
-0.798712
-0.574795
0.360138

0.0866613
0.59544
0.798712
-0.714727
0.426924

0.0246818
-0.61686
-0.786686
-0.5289
0.276062

-0.0246818
0.61686
0.786686
-0.15979
0.158963

-0.935064
-0.354478
0
-0.426728
0.24812

0.935064
0.354478
0
-0.242846
0.191624

0.390442
-0.639688
-0.662083
-1.03888
0.354964

-0.390442
0.639688
0.662083
0.668894
0.00943571

-0.0996963
-0.991169
-0.0874305
0.278027
0.0184913

0.0996963
0.991169
0.0874305
0.814635
0.0012294

-0.908509
-0.166168
-0.383405
0.626015
0.0110392

-0.768615
0.15568
-0.62048
0.661716
0.00413408

0.032103
0.173128
-0.984376
-0.70405
0.161306

-0.324047
-0.841577
-0.432136
-0.525765
0.412269

0.324047
0.841577
0.432136
-1.56491
1.16471

0.73152
-0.324929
0.599416
0.565398
0.00544222

-0.359369
-0.295096
-0.885309
-10.7365
37.0816

0.359369
0.295096
0.885309
0.890084
0.00330464

-0.552899
-0.400857
-0.73049
-0.909022
0.433447

0.552899
0.400857
0.73049
0.102369
0.0959874

0.305117
0.039445
0.951498
0.90413
0.000361032

-0.305117
-0.039445
-0.951498
0.000502586
0.0358891

-0.590225
-0.792805
-0.151973
-3.00306
1.61206

0.590225
0.792805
0.151973
0.92713
0.000535205

-0.161416
-0.680215
-0.715019
-1.3913
0.63341

0.161416
0.680215
0.715019
0.476059
0.0305358

-0.381678
0.76625
0.516898
0.51161
0.00640184

0.381678
-0.76625
-0.516898
0.834914
0.000749346

-0.564185
-0.522571
-0.63923
-2.42929
2.27621

0.564185
0.522571
0.63923
-0.270596
0.312677

0.540501
-0.27025
0.796758
0.89391
0.00441735

-0.426551
0.23413
0.873634
0.826154
0.00120879

-0.372444
0.384229
-0.84478
-10.6266
36.9976

0.372444
-0.384229
0.84478
0.866532
0.00487718

-0.260506
0.00808526
0.965439
0.889138
0.00144819

0.260506
-0.00808526
-0.965439
-3.44679
2.32724

-0.47457
-0.676813
0.562768
-0.993125
0.253459

0.47457
0.676813
-0.562768
0.875429
0.000992602

-0.38777
-0.147293
-0.909912
-0.831635
0.498252

0.38777
0.147293
0.909912
-0.539073
0.351919

-0.341121
-0.423473
-0.83923
-2.32231
1.11427

0.341121
0.423473
0.83923
0.834
0.00278605

-0.382467
-0.549736
0.742636
-0.944324
0.199048

0.382467
0.549736
-0.742636
0.944917
0.000161767

0.554329
-0.531231
0.640713
0.69642
0.00586017

0.840567
0.391658
-0.374234
-1.75834
0.874722

-0.840567
-0.391658
0.374234
0.558663
0.0224011

0.00295852
-0.929109
-0.369794
-1.59555
0.83419

-0.00295852
0.929109
0.369794
0.382374
0.0472738

0.457184
-0.713567
0.530853
0.244216
0.0716157

-0.457184
0.713567
-0.530853
-1.34618
0.689922

0.176408
-0.960353
-0.215876
0.790342
0.00209899

-0.176408
0.960353
0.215876
-0.0708479
0.0547259

0.758396
-0.651794
0
-3.95088
4.06802

-0.758396
0.651794
0
0.554421
0.0438895

0.951469
-0.0458741
-0.304305
-0.311698
0.0656178

-0.951469
0.0458741
0.304305
0.946665
0.000111389

-0.792417
-0.215116
-0.57079
-0.164669
0.105768

0.792417
0.215116
0.57079
0.353406
0.032603

0.141544
-0.406355
0.902685
-1.54545
0.490961

-0.141544
0.406355
-0.902685
0.883782
0.0010788

0.155342
0.559724
-0.813989
0.902155
0.000597951

-0.159082
0.493378
0.855144
0.851005
0.000492593

-0.271693
-0.529532
-0.803603
0.876052
0.000281025

-0.40479
0.00216029
0.914407
0.868838
0.000578829

0.40479
-0.00216029
-0.914407
0.203823
0.0212455

-0.0301009
0.563972
-0.825245
0.875161
0.00424375

0.0301009
-0.563972
0.825245
-10.6655
37.0377

-0.523848
-0.812305
0.256406
0.812766
0.00195582

0.523848
0.812305
-0.256406
-0.415952
0.111482

-0.862971
0.432529
-0.261152
0.00188005
0.0676587

0.862971
-0.432529
0.261152
0.425577
0.0224191

0.249567
0.578277
0.776732
-0.456457
0.22767

-0.249567
-0.578277
-0.776732
0.000100851
0.107313

0.71715
-0.0739751
0.692982
0.513323
0.025043

-0.71715
0.0739751
-0.692982
-1.3
0.556799

0.42675
-0.104596
-0.898301
-7.91159
15.7073

-0.42675
0.104596
0.898301
0.938114
0.000765083

-0.934631
-0.355619
0
0.179062
0.0535167

-0.409166
0.463374
-0.786045
-2.20679
1.09098

0.409166
-0.463374
0.786045
0.770354
0.00567557

-0.0901898
-0.856959
0.507432
0.00449061
0.0615472

0.0901898
0.856959
-0.507432
0.530742
0.0136852

0.697117
-0.116798
0.70738
0.578008
0.0110153

0.713049
-0.43082
0.553132
0.34749
0.0854428

-0.713049
0.43082
-0.553132
-4.18236
5.38285

0.0300381
-0.139956
0.989702
-1.48874
0.898358

-0.0300381
0.139956
-0.989702
0.00173903
0.144895

-0.362275
0.08021
0.928614
0.934534
0.000263977

0.362275
-0.08021
-0.928614
-0.917301
0.197777

0.409354
-0.653093
-0.637102
0.197571
0.0850983

-0.409354
0.653093
0.637102
-1.45743
0.796862

0.594846
0.636496
-0.490949
0.911525
0.000258011

-0.594846
-0.636496
0.490949
0.140045
0.0232679

-0.0259747
-0.999663
0
0.450443
0.0321639

0.0259747
0.999663
0
-1.17669
0.502635

0.754247
0.256392
-0.604462
0.212283
0.0306416

-0.754247
-0.256392
0.604462
0.62445
0.00696966

0.181311
0.882151
0.434667
0.119284
0.0689943

-0.181311
-0.882151
-0.434667
-0.142346
0.116035

0.730858
-0.35175
0.584909
0.558845
0.0298654

-0.730858
0.35175
-0.584909
-3.16172
2.65049

-0.741398
-0.0336789
-0.67022
-1.16472
0.370373

0.741398
0.0336789
0.67022
0.77635
0.00400859

0.411011
0.362031
-0.836662
-0.445098
0.113087

-0.411011
-0.362031
0.836662
0.836724
0.00145055

0.388054
0.834142
0.391945
-2.65724
1.33834

-0.388054
-0.834142
-0.391945
0.890256
0.00122282

0.0241915
-0.999707
0
0.489323
0.00943921

0.182431
0.739158
0.648355
0.374075
0.0437885

0.389198
0.507336
0.768853
0.855117
0.00290472

-0.389198
-0.507336
-0.768853
-4.08291
3.55946

-0.0983233
-0.893155
-0.43887
0.698494
0.00437097

0.0983233
0.893155
0.43887
0.132309
0.0360085

0.507336
0.519701
0.687401
0.172497
0.0879861

-0.507336
-0.519701
-0.687401
-1.29862
0.677722

-0.864076
-0.0689034
0.498623
0.560575
0.0110967

-0.00383012
0.969485
-0.245122
-0.208014
0.103596

0.00383012
-0.969485
0.245122
0.50621
0.0173202

0.522776
-0.336693
0.783162
-0.0832585
0.0425262

-0.522776
0.336693
-0.783162
0.919165
0.000237152

0.418579
-0.506991
0.753493
0.86847
0.000170517

0.848617
-0.0908664
0.521146
0.0731972
0.0575606

-0.848617
0.0908664
-0.521146
0.389524
0.0249765

-0.210572
0.825986
0.522884
0.492519
0.0294323

0.210572
-0.825986
-0.522884
-1.542
0.736769

-0.239554
-0.944322
-0.225542
0.304619
0.0768379

-0.299969
-0.00920027
0.953905
0.783212
0.00249299

0.644386
0.396874
-0.65365
0.53045
0.0174902

-0.982106
-0.165862
0.089206
0.961668
6.58396e-05

0.982106
0.165862
-0.089206
-0.63352
0.114193

-0.0988753
0.166387
-0.981091
-0.354186
0.212051

0.0988753
-0.166387
0.981091
-0.265414
0.185164

0.516888
0.151887
-0.842471
-0.303935
0.0587097

0.118175
0.746384
-0.65494
-0.39369
0.147776

-0.118175
-0.746384
0.65494
0.525758
0.0171314

-0.22312
0.808689
0.544279
-10.229
36.5109

0.22312
-0.808689
-0.544279
0.75952
0.0167881

0.0205471
-0.30254
0.952915
-0.615555
0.31441

-0.0205471
0.30254
-0.952915
-0.136429
0.155762

0.153547
0.330205
0.931337
0.833565
0.000514934

-0.153547
-0.330205
-0.931337
0.739957
0.00125614

-0.304286
-0.499448
-0.811149
-3.69535
3.41175

-0.24772
-0.144419
0.958007
0.88558
0.00521308

0.24772
0.144419
-0.958007
-16.8782
125.713

-0.899978
-0.352534
0.256435
-0.118559
0.174275

0.899978
0.352534
-0.256435
-1.13312
0.633713

0.201407
0.200387
0.958791
0.99987
8.46196e-08

0.22375
-0.419882
0.879565
0.00750017
0.0779446

-0.22375
0.419882
-0.879565
0.199665
0.0507571

0.470081
0.882623
0
-1.18352
0.313914

-0.470081
-0.882623
0
0.894609
0.000736009

0.960459
-0.134894
-0.243563
0.178364
0.0489994

-0.960459
0.134894
0.243563
0.178364
0.0489994
