
-0.314637
0.6091
0.728011
0.659804
0.00787276

-0.748095
-0.582428
-0.318012
-0.67748
0.182407

0.748095
0.582428
0.318012
0.789588
0.00287276

-0.130941
0.529797
0.837955
0.925098
0.000268041

0.130941
-0.529797
-0.837955
-0.359846
0.0783143

0.838775
-0.457875
-0.294631
0.920905
0.000346074

0.879751
0.112874
-0.461842
-1.03247
0.741425

-0.879751
-0.112874
0.461842
-1.03247
0.741425

0.0369512
-0.483435
0.8746
-0.153594
0.0700126

-0.0369512
0.483435
-0.8746
0.760709
0.00310133

0.374607
-0.455735
-0.80745
-1.10332
0.363082

-0.374607
0.455735
0.80745
0.727411
0.00619306

-0.794919
-0.0958777
-0.599091
0.984306
1.77105e-05

0.294404
0.830779
-0.472369
0.144828
0.0510309

0.459868
-0.631912
-0.623866
-3.14588
2.24465

-0.459868
0.631912
0.623866
0.75733
0.00774486

0.722121
-0.691767
0
0.811609
0.00202094

-0.722121
0.691767
0
0.0647709
0.0383482

-0.137446
-0.987177
0.0811791
-0.202224
0.0977614

0.137446
0.987177
-0.0811791
0.558411
0.0131907

0.2228
0.837135
-0.499566
0.0628903
0.145398

-0.2228
-0.837135
0.499566
-2.17946
1.65486

0.516312
0.749131
-0.415
-3.22475
3.17417

-0.516312
-0.749131
0.415
0.302752
0.0865189

0.900635
-0.148911
0.408268
-0.2971
0.104321

0.371575
-0.768675
0.520645
0.747012
0.00535193

-0.371575
0.768675
-0.520645
-0.884067
0.264121

-0.569766
-0.723395
-0.389957
-0.200602
0.087998

0.609572
0.173057
-0.773611
-0.149289
0.0767937

-0.609572
-0.173057
0.773611
0.68044
0.00599134

0.100338
0.800038
-0.591499
-0.862416
0.330738

-0.100338
-0.800038
0.591499
0.4651
0.028607

0.586716
0.120712
-0.800745
-0.819448
0.221988

-0.586716
-0.120712
0.800745
0.806006
0.0025917

0.282708
0.148802
0.947594
0.731238
0.00788262

-0.543113
0.807615
-0.229754
0.420102
0.0198608

0.543113
-0.807615
0.229754
0.235554
0.0345056

0.43272
0.420702
0.797348
0.865704
0.00315915

-0.43272
-0.420702
-0.797348
-5.76987
7.89766

-0.781408
-0.369641
-0.50276
-0.397322
0.178869

0.0305784
0.939775
-0.340423
-1.86416
1.28726

-0.0305784
-0.939775
0.340423
0.0157597
0.152057

0.706356
-0.259268
0.658666
0.618833
0.00965551

0.0875915
-0.245115
0.965529
0.910609
0.00112584

-0.182256
-0.770804
0.610445
0.626534
0.0056922

0.182256
0.770804
-0.610445
0.440771
0.0127473

0.28259
0.124245
0.95116
0.966725
0.000148503

0.426033
-0.698197
-0.57534
-1.25267
1.15772

-0.426033
0.698197
0.57534
-1.94223
1.9748

0.517715
0.771235
-0.370362
-1.04786
0.461229

-0.517715
-0.771235
0.370362
0.33131
0.0491869

0.550108
-0.172899
0.816999
-1.5352
0.913012

-0.550108
0.172899
-0.816999
0.0769436
0.121459

0.0747482
0.872734
-0.48244
0.674806
0.0125068

-0.283403
0.232977
0.930271
-0.0266347
0.0286366

0.283403
-0.232977
-0.930271
0.97457
1.90308e-05

-0.641824
0.517013
-0.566357
0.768505
0.00282966

0.718089
-0.356475
-0.597724
-5.85558
7.94236

-0.718089
0.356475
0.597724
0.890152
0.00204175

0.264593
-0.0294078
-0.963912
-2.43497
0.993261

-0.264593
0.0294078
0.963912
0.946993
0.000243955

0.152962
-0.229433
0.96123
0.659261
0.0350525

-0.152962
0.229433
-0.96123
-9.94143
36.0948

-0.370159
0.928968
0
-2.32832
0.86313

0.370159
-0.928968
0
0.963305
0.000110707

-0.161862
0.0843101
0.983205
0.998722
9.63811e-07

0.00828208
0.14906
-0.988793
-22.1702
295.487

-0.00828208
-0.14906
0.988793
0.713948
0.0452064

-0.484785
-0.0157414
0.874491
-2.97871
2.18827

0.484785
0.0157414
-0.874491
0.655821
0.0165225

0.745541
-0.540336
0.390136
0.931191
0.000224201

-0.348188
-0.0587665
-0.935581
0.470145
0.0381877

0.0138638
0.675818
0.736938
0.910454
0.00213444

0.331895
0.382631
0.862229
0.765958
0.00928361

-0.331895
-0.382631
-0.862229
-4.85105
5.80188

0.426664
0.103215
-0.898501
-15.968
123.611

-0.426664
-0.103215
0.898501
0.677184
0.04478

0.36591
0.744092
-0.558961
0.979412
3.08048e-05

-0.353584
-0.0754044
-0.932359
0.921934
0.00311626

0.353584
0.0754044
0.932359
-23.3655
299.532

-0.752433
-0.623191
0.213254
-0.0171827
0.0481984

0.752433
0.623191
-0.213254
0.784599
0.00216611

-0.896578
0.2287
0.379269
0.977605
2.90146e-05

0.896578
-0.2287
-0.379269
-1.34528
0.296762

0.317106
0.159399
0.934899
0.959117
0.000327467

0.773368
0.246255
0.584175
0.948031
0.00018984

-0.773368
-0.246255
-0.584175
-1.60275
0.449467

-0.766316
0.264739
-0.585382
0.180492
0.0342706

0.766316
-0.264739
0.585382
0.61779
0.00749732

0.270999
0.747157
-0.60689
-0.513765
0.205598

-0.270999
-0.747157
0.60689
0.368604
0.0358519

-0.878577
0.477602
0
0.377305
0.037189

0.878577
-0.477602
0
-0.460051
0.189179

-0.829138
-0.33802
0.445279
0.884265
0.000699956

0.829138
0.33802
-0.445279
-0.55599
0.125931

-0.0857447
-0.543209
0.835208
0.0940541
0.035938

-0.105488
0.416096
0.903181
0.912092
0.00177966

0.105488
-0.416096
-0.903181
-9.09154
23.389

0.700847
0.332868
-0.630883
-0.737926
0.152441

-0.700847
-0.332868
0.630883
0.929725
0.000265693

0.222333
-0.797102
0.561423
0.51729
0.0576111

-0.222333
0.797102
-0.561423
-6.72338
14.7476

0.549574
-0.235002
0.801712
0.653701
0.00804624

-0.549574
0.235002
-0.801712
-0.34898
0.120558

-0.576422
0.0205245
0.816895
0.884256
0.000867235

0.576422
-0.0205245
-0.816895
-0.939727
0.231074

0.61292
0.201126
0.764119
-0.370368
0.121802

0.766792
-0.0502348
-0.639927
-2.87342
2.51652

-0.766792
0.0502348
0.639927
0.302854
0.0816623

-0.663928
-0.395818
0.63445
-1.53006
0.81674

0.663928
0.395818
-0.63445
0.29915
0.0627967

0.561272
0.532953
-0.633195
-0.325755
0.170274

-0.561272
-0.532953
0.633195
0.107447
0.0772489

-0.883787
0.46789
0
0.063347
0.0928019

-0.721347
-0.364839
-0.588686
-0.527431
0.181342

0.721347
0.364839
0.588686
0.567281
0.01462

-0.0342642
0.771665
-0.635106
0.969667
0.000280638

0.115879
-0.551609
0.826014
0.429798
0.0396987

-0.115879
0.551609
-0.826014
-1.63574
0.844262

0.131371
-0.806558
0.576373
0.923187
0.000531774

-0.131371
0.806558
-0.576373
-0.626849
0.130209

-0.446513
-0.801108
0.398561
-0.177967
0.18401

0.446513
0.801108
-0.398561
-0.872731
0.46497

-0.451687
-0.727669
-0.516214
-0.214854
0.123088

0.451687
0.727669
0.516214
0.287256
0.0424158

-0.0666356
-0.597668
0.79897
0.884657
0.00157322

0.0666356
0.597668
-0.79897
-3.43379
2.32431

0.496345
0.656497
-0.568025
-1.56875
0.668867

-0.496345
-0.656497
0.568025
0.654647
0.0121047

0.946459
0.322824
0
-0.714652
0.290789

0.31217
0.950026
0
-0.213588
0.138154

-0.31217
-0.950026
0
0.0776459
0.0798184

-0.322432
-0.919754
-0.22381
-1.66606
0.953214

0.322432
0.919754
0.22381
0.266008
0.0725137

-0.212491
0.338743
0.91657
-1.53545
1.02371

0.212491
-0.338743
-0.91657
-0.215219
0.235171

-0.471637
-0.868268
-0.153851
0.911406
0.000440185

0.471637
0.868268
0.153851
-0.865093
0.194949

-0.795447
-0.606023
0
0.858546
0.00567701

-0.0690994
-0.600477
0.796651
0.653007
0.00943213

0.0690994
0.600477
-0.796651
-0.71907
0.22886

-0.631375
0.642523
0.4342
0.92592
0.00124685

0.631375
-0.642523
-0.4342
-9.16561
23.439

0.774471
0.576126
0.261293
0.0900781
0.160057

-0.573382
-0.279374
-0.770184
-0.100374
0.0903932

0.160387
-0.558296
-0.813991
-0.564831
0.197837

-0.160387
0.558296
0.813991
0.539675
0.0172517

-0.293988
0.66925
-0.682404
-0.66863
0.159166

0.293988
-0.66925
0.682404
0.863785
0.00109634

0.580214
-0.470066
0.665124
0.201298
0.0366122

-0.580214
0.470066
-0.665124
0.544902
0.0127471

-0.0584013
0.246785
-0.967309
0.57883
0.00257043

0.0584013
-0.246785
0.967309
0.974206
2.35186e-05

0.0272022
-0.80127
0.597684
0.278706
0.0412396

-0.0272022
0.80127
-0.597684
-0.0926069
0.0945046

-0.243272
0.567696
0.786473
0.80024
0.000652006

0.598483
0.493655
0.63097
-1.07046
0.2039

-0.598483
-0.493655
-0.63097
0.980462
2.28769e-05

-0.604255
0.762496
0.231249
-0.144209
0.205058

0.604255
-0.762496
-0.231249
-1.57446
1.03799

-0.543984
-0.432126
0.719269
0.800119
0.0050753

0.543984
0.432126
-0.719269
-3.22946
2.27075

-0.60874
-0.770562
-0.188862
0.905302
0.00041619

0.60874
0.770562
0.188862
-0.428354
0.0946372

0.62855
0.502447
0.593693
0.652795
0.00549184

-0.62855
-0.502447
-0.593693
0.275584
0.023888

-0.670185
0.0385672
0.741191
0.691809
0.00444514

0.670185
-0.0385672
-0.741191
0.173179
0.0319901

-0.568586
-0.475472
-0.671295
-4.0319
4.30911

0.568586
0.475472
0.671295
0.608117
0.026147

-0.510584
0.758208
-0.405492
-0.545258
0.0778385

0.510584
-0.758208
0.405492
0.993783
1.41573e-06

0.483796
-0.763334
-0.428091
0.852961
0.000683544

-0.483796
0.763334
0.428091
0.335045
0.0137165

0.324118
-0.246674
0.91329
0.884332
0.0013514

-0.617636
0.257906
0.742973
0.736158
0.00678227

0.617636
-0.257906
-0.742973
-1.67113
0.686907

-0.445633
-0.176412
0.877662
0.859575
0.00646824

0.445633
0.176412
-0.877662
-13.0425
64.0265

0.290528
-0.490007
0.82188
0.524195
0.0114306

-0.290528
0.490007
-0.82188
0.322189
0.023192

0.432539
0.427009
0.794086
0.832489
0.00353521

-0.432539
-0.427009
-0.794086
-3.30019
2.28875

-0.552361
-0.833605
0
0.715806
0.0104781

0.552361
0.833605
0
-2.54012
1.50434

-0.071686
0.947946
0.310258
-0.623533
0.156271

0.071686
-0.947946
-0.310258
0.832263
0.00166864

-0.438483
-0.866578
-0.238276
-0.933483
0.877164

0.438483
0.866578
0.238276
-2.52233
2.9095

0.372911
0.731479
-0.570855
0.262881
0.045831

-0.372911
-0.731479
0.570855
-0.203507
0.122023

0.1237
-0.22366
0.966786
0.750106
0.00820378

-0.1237
0.22366
-0.966786
-3.13268
2.24142

0.173333
0.70874
0.683844
0.729006
0.00925272

-0.173333
-0.70874
-0.683844
-2.8109
1.82891

0.375231
0.397678
0.83729
0.823006
0.00512254

-0.375231
-0.397678
-0.83729
-4.99147
5.86949

-0.08498
-0.892738
0.442489
0.610823
0.00927572

0.08498
0.892738
-0.442489
-0.10079
0.0739688

-0.575518
0.654063
0.490899
-2.30775
1.11131

0.575518
-0.654063
-0.490899
0.826667
0.00307589

-0.683504
0.535051
0.49653
0.549821
0.0279658

0.683504
-0.535051
-0.49653
-2.561
1.74893

-0.251361
0.744637
0.618331
0.707302
0.00285852

0.251361
-0.744637
-0.618331
0.524387
0.00754481

-0.839445
0.309637
-0.446605
-0.0268493
0.0889419

0.839445
-0.309637
0.446605
0.114605
0.0661401

-0.0690963
0.662922
0.745493
0.740121
0.00355172

0.0690963
-0.662922
-0.745493
-0.106926
0.0644028

0.0171778
-0.430742
-0.902311
0.948031
0.000204499

-0.521117
0.84871
0.0901576
0.964408
6.73104e-05

0.521117
-0.84871
-0.0901576
-1.13772
0.242195

0.726329
0.124548
-0.675969
0.861877
0.00527302

-0.726329
-0.124548
0.675969
-10.6062
36.9611

0.784614
0.167208
-0.597011
-0.39369
0.147841

-0.784614
-0.167208
0.597011
0.525758
0.0171866

0.155342
0.559724
-0.813989
0.902155
0.000597951

0.537603
0.105101
-0.836622
-0.221088
0.147811

-0.537603
-0.105101
0.836622
-0.026052
0.104434

-0.0585858
-0.30995
-0.948946
-1.01129
0.454079

0.0585858
0.30995
0.948946
0.275932
0.0591049

-0.756633
-0.65384
0
0.433074
0.0237804

0.756633
0.65384
0
-0.0314426
0.0752092

0.725968
0.458224
0.512837
0.163666
0.0841653

-0.725968
-0.458224
-0.512837
-1.04895
0.505115

-0.768386
0.50453
-0.393741
0.977292
7.3355e-05

-0.315213
0.372771
0.872744
0.907891
0.00177054

0.23638
-0.257778
-0.936843
-1.97393
0.921885

-0.23638
0.257778
0.936843
0.735001
0.00732795

-0.283192
-0.173782
-0.943187
-1.32821
0.562234

0.283192
0.173782
0.943187
0.544519
0.0215407

0.485556
0.227103
0.844192
0.853907
0.000380333

0.843836
0.433901
0.315705
0.961208
3.91074e-05

-0.843836
-0.433901
-0.315705
0.187373
0.0161717

0.961187
0.275898
0
0.68355
0.0178635

-0.961187
-0.275898
0
-2.73933
1.74745

0.0709523
0.827232
0.557363
0.482149
0.0750502

-0.0709523
-0.827232
-0.557363
-7.88802
22.1013

-0.0943083
-0.284639
-0.953985
0.852281
0.000653374

-0.671312
-0.398315
-0.625048
0.938249
6.53996e-05

0.671312
0.398315
0.625048
0.591022
0.00280761

0.198716
-0.685925
-0.700013
0.929787
0.000821169

-0.236806
-0.443242
-0.864557
0.961281
0.000112381

0.0920779
-0.115958
0.988977
0.800761
0.00534738

-0.0920779
0.115958
-0.988977
-3.56319
2.80331

-0.18791
-0.909903
0.369819
-0.514259
0.0977247

0.18791
0.909903
-0.369819
0.94753
0.000121579

0.989044
-0.0874203
-0.118951
-0.638678
0.294803

-0.989044
0.0874203
0.118951
0.0889666
0.0911767

0.477726
-0.707177
0.521228
0.812903
0.0116833

-0.477726
0.707177
-0.521228
-12.8377
63.7407

-0.00725662
0.252454
-0.967582
-1.21503
0.492014

0.00725662
-0.252454
0.967582
0.545795
0.0207399

-0.579681
0.616203
0.533163
-9.03037
23.3409

0.579681
-0.616203
-0.533163
0.899696
0.00235138

0.424854
-0.905262
0
-0.787824
0.320061

-0.424854
0.905262
0
0.356385
0.0439477

-0.521502
0.551045
0.651448
0.654636
0.00683495

0.521502
-0.551045
-0.651448
-0.0708532
0.0656465

0.545775
-0.482131
0.685332
0.622664
0.0146994

0.742121
-0.0336385
-0.669422
-0.504552
0.157566

-0.742121
0.0336385
0.669422
0.672341
0.00754328

-0.901373
0.402315
-0.160215
-12.5159
63.1852

0.901373
-0.402315
0.160215
0.724166
0.0263204

0.129174
-0.940973
-0.312865
0.982107
1.70624e-05

-0.129174
0.940973
0.312865
-1.2145
0.245059

0.516359
-0.77159
0.371515
0.469002
0.00698138

-0.516359
0.77159
-0.371515
0.883104
0.000346049

-0.69669
0.407789
0.590196
0.91725
0.00095942

0.351114
-0.419076
-0.837314
0.204639
0.0122601

-0.799786
-0.600285
0
0.909247
0.00244054

0.799786
0.600285
0
-1.30134
0.344417

-0.39492
0.307447
0.865745
0.873801
0.00054982

0.880047
0.104739
-0.463192
-1.14538
0.479569

-0.880047
-0.104739
0.463192
0.463653
0.0300263

0.100024
-0.140862
0.984964
0.635357
0.0105856

-0.100024
0.140862
-0.984964
-0.703308
0.22726

-0.482631
-0.0546978
-0.874114
-0.507064
0.131202

0.482631
0.0546978
0.874114
0.816833
0.00201338

0.32975
0.887841
0.320941
0.917025
0.000360548

0.319219
-0.536491
0.781202
0.0478317
0.0320064

-0.319219
0.536491
-0.781202
0.896478
0.000382162

-0.124258
0.941814
-0.312324
-1.2444
0.292072

0.124258
-0.941814
0.312324
0.951462
0.000139438

-0.00655803
0.673622
0.739047
0.132665
0.0978659

0.00655803
-0.673622
-0.739047
-1.27354
0.671223

-0.0328036
0.319415
-0.947047
-2.08398
0.585668

0.0328036
-0.319415
0.947047
0.99417
5.28945e-06

-0.280037
0.258542
-0.924519
-1.59555
0.83385

0.280037
-0.258542
0.924519
0.382374
0.0474615

-0.120364
-0.99273
0
0.673127
0.00518032

0.878538
-0.477672
0
0.29915
0.0783396

-0.878538
0.477672
0
-1.53006
0.793847

0.445541
0.0746886
-0.892141
-1.21825
0.345011

-0.445541
-0.0746886
0.892141
0.868498
0.00121625

-0.778277
0.503556
0.375122
-1.65578
0.555766

-0.29934
0.574315
0.761943
0.806565
0.00620106

0.185301
-0.0246819
0.982372
0.537555
0.00884093

-0.185301
0.0246819
-0.982372
0.548373
0.00843837

0.834528
0.110388
0.539794
0.935813
0.000371496

-0.15488
0.0224883
-0.987677
0.987245
1.0897e-05

0.418473
0.135386
0.898082
0.921848
0.000690582

-0.896312
0.0153774
0.443157
0.483493
0.0222172

0.896312
-0.0153774
-0.443157
-0.525809
0.193524

0.729315
-0.684178
0
0.373356
0.031548

-0.729315
0.684178
0
-0.257638
0.127042

-0.0319262
0.357992
0.933179
0.995334
3.52383e-06

0.0319262
-0.357992
-0.933179
-1.3859
0.27192

-0.232423
-0.609435
-0.758003
-3.33202
3.23203

0.232423
0.609435
0.758003
0.402359
0.0616953

-0.212316
-0.344621
-0.914417
-0.0940089
0.0771914

0.212316
0.344621
0.914417
0.549383
0.0131046

0.557276
-0.0549335
-0.828508
0.913645
0.000567021

0.759875
0.650069
0
0.141846
0.0560681

-0.759875
-0.650069
0
0.141846
0.0560681

-0.407098
-0.116526
0.905921
0.545742
0.00624699

0.407098
0.116526
-0.905921
0.766216
0.00171164

0.389592
0.06783
-0.918486
0.881773
0.000832672

-0.389592
-0.06783
0.918486
-0.809108
0.191628

-0.46986
0.11003
0.875857
0.88558
0.00515807

-0.741675
0
0.670759
0.822545
0.00449513

0.741675
0
-0.670759
-3.99919
3.53007

0.912911
0.270522
-0.305632
-0.119062
0.0870752

-0.912911
-0.270522
0.305632
0.477463
0.0190014

-0.389516
-0.623844
0.677566
0.962173
0.000113336

0.623251
0.55435
0.551592
0.0883888
0.0477999

-0.623251
-0.55435
-0.551592
0.560372
0.0111592

0.0194005
0.496975
-0.867548
-0.294998
0.093459

-0.0194005
-0.496975
0.867548
0.771562
0.00291164

-0.00507889
-0.114515
0.993409
0.94065
0.00179023

0.00507889
0.114515
-0.993409
-23.5379
299.9

-0.443209
-0.486462
-0.752941
0.188486
0.0664716

0.443209
0.486462
0.752941
-0.543904
0.24054

0.753689
0.657231
0
-0.212612
0.309716

-0.753689
-0.657231
0
-2.79567
2.82278

0.310857
0.884988
0.346648
0.278586
0.0757029

-0.310857
-0.884988
-0.346648
-2.05789
1.35997

0.711739
-0.0481878
-0.700789
0.948293
0.000141837

-0.711739
0.0481878
0.700789
-0.733108
0.142394

-0.422202
-0.364866
-0.82983
0.802722
0.0303592

0.422202
0.364866
0.82983
-34.9535
1007.67

-0.586439
-0.348338
-0.731266
0.589272
0.00609996

0.586439
0.348338
0.731266
0.606035
0.00561747

0.301838
-0.770323
-0.56169
-3.09573
3.68966

-0.301838
0.770323
0.56169
-0.337378
0.393441

0.354285
-0.811116
-0.465373
-2.94648
1.18417

-0.354285
0.811116
0.465373
0.996444
1.079e-06

0.256753
0.854434
0.451687
0.492728
0.00565467

-0.256753
-0.854434
-0.451687
0.909267
0.000183236

0.412268
0.651734
0.636614
-0.211414
0.0801374

-0.412268
-0.651734
-0.636614
0.7558
0.00330482

0.269763
0.149401
0.951266
0.819938
0.001698

-0.351591
0.798372
-0.488862
-4.18236
5.38319

0.351591
-0.798372
0.488862
0.34749
0.0854247

0.247008
-0.484364
-0.839272
-35.6859
1012.1

-0.247008
0.484364
0.839272
0.898377
0.00776899

-0.669698
0.60146
-0.435604
-5.64634
6.07752

0.669698
-0.60146
0.435604
0.97885
6.39908e-05

-0.714792
-0.369837
0.593543
0.688345
0.01715

0.714792
0.369837
-0.593543
-4.68964
5.71507

0.87859
0.406891
-0.250039
-1.1713
0.312958

0.0882142
-0.0231863
0.995832
0.994293
1.56334e-05

-0.0882142
0.0231863
-0.995832
-24.3641
301.206

0.848914
-0.164986
0.50212
0.337674
0.0182138

-0.848914
0.164986
-0.50212
0.684667
0.0041349

-0.0839581
-0.293125
-0.952381
-8.9897
23.3164

0.0839581
0.293125
0.952381
0.890957
0.00278186

0.795413
0.606068
0
0.771723
0.0118126

-0.795413
-0.606068
0
-4.33281
4.29538

-0.206353
-0.127623
0.970119
0.938606
0.000671813

0.783093
-0.621904
0
0.509625
0.0449759

-0.783093
0.621904
0
-2.06483
1.13708

0.477415
0.618589
-0.624037
-3.66905
4.9478

-0.477415
-0.618589
0.624037
-0.171684
0.311955

-0.222495
0.638136
0.737074
0.115915
0.0365754

0.406299
0.415085
0.814018
0.878979
0.00124715

-0.406299
-0.415085
-0.814018
-1.91652
0.724084

0.813341
0.581787
0
0.865914
0.00835419

-0.813341
-0.581787
0
-7.58153
14.4909

0.971984
0.0375876
0.232023
0.365678
0.0345404

-0.971984
-0.0375876
-0.232023
-0.398544
0.167848

0.715767
-0.0568999
0.696017
-0.655007
0.275854

-0.715767
0.0568999
-0.696017
0.264441
0.0546108

0.979306
0.202386
0
0.674229
0.0262847

0.821834
0.477143
0.311324
0.930865
0.00108292

-0.821834
-0.477143
-0.311324
-9.19391
23.4555

0.812155
-0.508646
0.285805
0.812903
0.0116572

-0.812155
0.508646
-0.285805
-12.8377
63.7533

0.649242
-0.690153
0.319647
0.356386
0.0270304

-0.649242
0.690153
-0.319647
0.159362
0.0460965

-0.0286207
0.408726
0.912208
0.780955
0.00380321

0.0286207
-0.408726
-0.912208
-1.17093
0.37111

0.662295
-0.45722
-0.593561
-0.605778
0.176732

-0.662295
0.45722
0.593561
0.723934
0.00527294

0.342547
0.181425
0.921817
0.94065
0.00176291

-0.342547
-0.181425
-0.921817
-23.5379
300.032

0.959986
-0.0704196
0.271051
-2.21367
0.964448

-0.959986
0.0704196
-0.271051
0.869337
0.00160433

-0.944273
0.262674
0.198371
0.552268
0.0122936

0.944273
-0.262674
-0.198371
-0.00739563
0.0622057

0.106059
-0.87312
0.475829
0.862545
0.00103168

-0.26808
-0.347039
0.89872
0.907249
0.000452813

0.679723
0.233424
0.695334
0.953779
0.000340071

-0.679723
-0.233424
-0.695334
-1.25184
0.291126

0.144331
0.301881
-0.942357
-9.03037
23.3465

-0.144331
-0.301881
0.942357
0.899696
0.00233803

0.712159
0.643282
-0.281102
-0.0224528
0.0505207

-0.712159
-0.643282
0.281102
0.763314
0.00271604

0.523801
-0.571419
0.631754
0.715408
0.0069706

0.555925
-0.226914
-0.799661
-3.57482
2.80484

-0.555925
0.226914
0.799661
0.806085
0.0051122

-0.785176
-0.0953026
-0.611895
0.826002
0.00144696

-0.359374
-0.707972
-0.607969
-0.0753765
0.0629138

0.359374
0.707972
0.607969
0.700101
0.00490525

-0.468504
-0.838172
-0.279234
0.961867
8.5377e-05

0.468504
0.838172
0.279234
-1.36305
0.325616

-0.381602
0.761346
-0.524149
0.698714
0.00502759

0.381602
-0.761346
0.524149
-0.102622
0.0672826

0.119462
0.62446
0.771867
0.639293
0.00946616

-0.119462
-0.62446
-0.771867
-0.528952
0.170007

-0.163788
-0.457155
-0.874175
-0.00118029
0.0648056

0.163788
0.457155
0.874175
0.489194
0.0168987

-0.0274197
-0.593814
0.804135
0.751499
0.0212152

0.0274197
0.593814
-0.804135
-12.6078
63.3269

0.575102
0.634998
0.515787
-2.46562
3.16518

-0.575102
-0.634998
-0.515787
-1.54617
1.70859

-0.0171877
-0.10822
-0.993978
-1.74503
0.628188

0.0171877
0.10822
0.993978
0.863124
0.00157062

0.545797
-0.235549
0.804128
0.834863
0.00162713

-0.545797
0.235549
-0.804128
-0.627034
0.156526

0.100987
0.308896
0.945719
0.929013
0.00192795

-0.393095
-0.102433
0.913775
0.900983
0.00112404

0.393095
0.102433
-0.913775
-3.18352
1.91826

0.247086
-0.311202
0.917661
0.875161
0.00430217

-0.247086
0.311202
-0.917661
-10.6655
37.0095

0.884673
-0.411925
0.218336
-0.882873
0.333322

-0.884673
0.411925
-0.218336
0.492378
0.024238

-0.414684
0.732712
0.539602
0.545684
0.00834338

-0.401456
-0.228603
0.88689
0.532405
0.0124727

0.795992
-0.514328
-0.319161
0.941368
0.00050783

-0.795992
0.514328
0.319161
-5.40829
6.02322

-0.863777
0.503875
0
0.618342
0.0405158

0.933353
0.0561936
0.354535
0.319905
0.0211437

-0.933353
-0.0561936
-0.354535
0.620372
0.00660097

0.480813
0.488223
0.728325
0.678192
0.0171569

-0.480813
-0.488223
-0.728325
-4.14892
4.36707

-0.527252
0.533301
0.66151
0.948869
0.000524054

-0.442843
0.222583
-0.868532
0.766779
0.00388551

0.18961
-0.312525
-0.930793
0.875288
0.000862671

-0.428096
-0.903733
0
-0.491695
0.177896

0.428096
0.903733
0
0.517106
0.0188436

0.718729
0.00121271
-0.695289
0.804246
0.00130614

0.498825
-0.648115
0.575431
0.635374
0.00306322

0.52708
0.179869
0.830562
0.818521
0.00154085

-0.306188
-0.62351
0.719364
0.666871
0.00226717

0.145157
-0.296191
0.944034
0.955613
0.00145858

-0.145157
0.296191
-0.944034
-36.3296
1014.5

0.528553
-0.476565
0.702508
0.699412
0.00638266

-0.528553
0.476565
-0.702508
-0.581999
0.174756

-0.403048
0.307584
-0.861942
-22.9893
298.641

0.403048
-0.307584
0.861942
0.871562
0.00856694

-0.546121
-0.34313
-0.764208
-9.6453
23.648

0.546121
0.34313
0.764208
0.98585
4.68354e-05

0.540161
0.0597575
0.839438
0.874376
0.00508831

-0.205361
0.29371
0.933575
0.812188
0.00347572

0.205361
-0.29371
-0.933575
-0.457207
0.123976

-0.892431
-0.0606912
-0.447082
-0.421593
0.133214

0.892431
0.0606912
0.447082
0.688166
0.00643962

0.0431646
-0.846111
0.531256
0.910621
0.000836012

-0.0431646
0.846111
-0.531256
-2.94905
1.60254

-0.909315
-0.138074
0.392534
-3.64002
4.07707

0.909315
0.138074
-0.392534
0.304725
0.0915982

-0.589316
-0.464852
0.660771
0.440037
0.0303057

0.589316
0.464852
-0.660771
-0.844284
0.327615

-0.496997
0.247752
0.831633
-12.5159
63.1858

0.496997
-0.247752
-0.831633
0.724166
0.0263187

0.378894
-0.81942
-0.430104
0.680938
0.00572004

-0.0169959
0.999856
0
-0.748974
0.156332

0.0169959
-0.999856
0
0.950233
0.00262411

-0.848665
0.286131
-0.444856
-0.993654
0.32158

0.848665
-0.286131
0.444856
0.706693
0.00696797

0.621226
-0.653397
0.432609
-1.28452
0.350624

-0.621226
0.653397
-0.432609
0.901725
0.000659627

0.0487555
-0.132655
-0.989962
-8.72436
23.0933

-0.0487555
0.132655
0.989962
0.823782
0.00758633

0.962939
0.269719
0
-0.831635
0.498656

-0.962939
-0.269719
0
-0.539073
0.35285

0.293433
0.490678
-0.820446
-1.44513
0.436528

-0.293433
-0.490678
0.820446
0.887105
0.00093337

0.878382
0.330845
0.344945
0.863491
0.00354742

-0.878382
-0.330845
-0.344945
-6.5653
10.8654

0.537982
0.0738249
-0.839717
-10.6655
37.0359

-0.537982
-0.0738249
0.839717
0.875161
0.00424742

-0.384467
-0.309345
0.869765
0.778753
0.00763754

-0.169655
-0.80971
0.561772
0.579083
0.00492552

0.169655
0.80971
-0.561772
0.775058
0.00141176

-0.0409904
-0.728298
0.684034
-0.146558
0.0631995

-0.361897
-0.902997
0.231573
-3.86287
6.31756

0.361897
0.902997
-0.231573
-0.682646
0.756433

-0.925108
-0.0573715
-0.375345
0.173969
0.0982031

0.925108
0.0573715
0.375345
-1.77638
1.10884

-0.62656
-0.285462
-0.725213
0.513913
0.0150639

0.940686
0.339278
0
0.780171
0.0315012

-0.940686
-0.339278
0
-22.473
289.838

-0.197403
0.414989
0.888153
-0.109209
0.0909491

0.197403
-0.414989
-0.888153
0.391381
0.027415

-0.460137
0.874615
-0.152717
0.884479
0.00167909

0.460137
-0.874615
0.152717
-3.77407
2.86494

0.608421
0.51741
-0.601756
-0.96149
0.585217

-0.608421
-0.51741
0.601756
-0.501763
0.34312

0.0424468
-0.747266
-0.663168
0.123465
0.0407874

-0.0424468
0.747266
0.663168
0.615283
0.00787181

0.383272
0.772273
-0.506653
0.687027
0.0115423

-0.383272
-0.772273
0.506653
-2.2779
1.25746

-0.88535
-0.464925
0
-0.495636
0.111674

0.88535
0.464925
0
0.921219
0.00204895

-0.272668
0.771066
-0.575421
-16.276
124.464

0.272668
-0.771066
0.575421
0.760885
0.0238488

-0.218059
-0.135827
-0.966438
-0.674029
0.17037

0.218059
0.135827
0.966438
0.830521
0.001768

0.5198
0.361597
-0.773987
0.96361
7.63838e-05

-0.710643
0.588255
0.385931
0.402478
0.0289164

0.710643
-0.588255
-0.385931
-0.318931
0.140745

-0.0280367
0.36307
-0.93134
-3.15874
2.24968

0.0280367
-0.36307
0.93134
0.764243
0.00723041

0.840728
0.119422
0.528124
0.889862
0.00476632

-0.840728
-0.119422
-0.528124
-16.9042
125.834

-0.0442179
-0.41364
0.909366
0.861849
0.00187837

0.555656
0.195905
-0.808002
0.509626
0.0161495

-0.555656
-0.195905
0.808002
-0.103337
0.0817215

-0.444325
0.633609
0.633336
0.867245
0.00334445

-0.508121
0.303743
-0.805949
-0.88069
0.307591

0.508121
-0.303743
0.805949
0.590427
0.0147157

-0.648088
0.423188
0.633161
-8.62915
22.9936

0.648088
-0.423188
-0.633161
0.795213
0.0104492

-0.344539
-0.443652
-0.827324
0.755188
0.00105581

0.344539
0.443652
0.827324
0.84224
0.000439913

-0.0477982
-0.92441
0.378394
0.537112
0.00448133

0.0477982
0.92441
-0.378394
0.905895
0.000186084

0.517356
0.853079
0.067817
0.827939
0.00123886

-0.517356
-0.853079
-0.067817
0.0294712
0.0394036

0.948683
0.316228
0
-1.83015
0.808609

-0.948683
-0.316228
0
0.440957
0.109708

-0.00681391
-0.561063
0.827745
-0.662213
0.495653

0.00681391
0.561063
-0.827745
-1.44407
1.07074

-0.0317961
-0.426469
0.903943
0.995337
1.74872e-05

0.00623175
0.0751613
0.997152
0.984571
2.3614e-05

0.812192
-0.445204
-0.37701
0.338577
0.0769985

-0.812192
0.445204
0.37701
-3.26206
3.19513

0.124115
0.305222
-0.944158
0.278586
0.0757014

-0.124115
-0.305222
0.944158
-2.05789
1.35997

-0.022692
-0.075142
-0.996915
-0.992721
0.348845

0.022692
0.075142
0.996915
0.62209
0.0127328

-0.853276
-0.150528
0.499261
0.661256
0.0130865

0.853276
0.150528
-0.499261
-2.04871
1.05629

0.275605
-0.833547
0.478792
0.995927
2.16437e-06

-0.267587
0.65213
0.709312
0.731318
0.0125427

0.267587
-0.65213
-0.709312
-4.77555
5.75915

0.432033
-0.022652
0.901573
0.930287
0.000488088

-0.432033
0.022652
-0.901573
-3.01415
1.61377

-0.045641
-0.823924
0.564859
0.937142
0.000310495

0.045641
0.823924
-0.564859
-1.92892
0.648048

-0.249463
-0.790527
0.559316
0.92347
0.000230953

0.249463
0.790527
-0.559316
-0.13547
0.0478297

-0.458168
0.0760291
0.885608
0.865681
0.00723987

0.458168
-0.0760291
-0.885608
-16.7638
125.507

-0.772361
-0.376974
-0.511224
0.766707
0.00636258

-0.344813
-0.0459898
0.937544
0.92681
0.00205257

0.344813
0.0459898
-0.937544
-17.1557
126.255

-0.402091
0.0789424
-0.91219
0.518856
0.01404

0.32588
0.509417
0.796427
0.730483
0.00453738

-0.32588
-0.509417
-0.796427
-0.372211
0.115437

-0.77369
-0.527964
-0.350225
-1.43209
0.711102

0.77369
0.527964
0.350225
0.361954
0.048977

0.580118
-0.235127
0.779858
0.0275372
0.032624

-0.580118
0.235127
-0.779858
0.911319
0.000301321

-0.233768
-0.734593
0.636966
0.473748
0.0318453

0.233768
0.734593
-0.636966
-1.52505
0.733011

-0.184133
0.765625
-0.616371
-1.18828
0.487284

0.184133
-0.765625
0.616371
0.515395
0.0239852

0.73702
0.328162
-0.590857
-0.0726912
0.109105

-0.73702
-0.328162
0.590857
-0.0726912
0.109105

0.635132
-0.205764
0.744492
0.786983
0.0113215

-0.73023
-0.142689
0.668135
0.471903
0.0333537

0.73023
0.142689
-0.668135
-1.67346
0.854059

0.737563
-0.675278
0
0.19983
0.0788082

-0.737563
0.675278
0
-1.07077
0.509478

-0.758437
0.0876702
0.645823
-0.583084
0.199714

0.758437
-0.0876702
-0.645823
0.564343
0.0152055

0.989659
-0.0312864
0.139983
0.276557
0.0511409

-0.989659
0.0312864
-0.139983
-0.590543
0.247178

0.869691
0.0532125
0.49072
-0.16056
0.0669041

-0.869691
-0.0532125
-0.49072
0.799226
0.0020268

0.964435
0.0287226
0.262756
-0.00803375
0.0715841

-0.964435
-0.0287226
-0.262756
0.383849
0.0267474

-0.56871
0.383838
0.727487
0.886773
0.000762085

0.517801
0.66858
-0.533744
0.998167
4.85872e-07

-0.517801
-0.66858
0.533744
-1.59427
0.333045

-0.935017
-0.159217
0.316849
0.308277
0.0153869

0.355836
-0.870048
-0.34117
0.126524
0.0652106

-0.355836
0.870048
0.34117
-0.0670431
0.0972982

0.232365
0.315873
0.919908
-0.551569
0.259809

-0.232365
-0.315873
-0.919908
0.0613947
0.0950828

-0.119928
-0.581504
-0.804655
-0.620958
0.234024

0.119928
0.581504
0.804655
0.439116
0.028056

-0.335719
-0.036129
0.941269
0.877709
0.00152426

0.85184
-0.166826
0.496526
0.26092
0.050093

-0.85184
0.166826
-0.496526
-0.39732
0.178867

-0.170094
0.39602
0.90235
0.881004
0.00125842

0.292178
0.071882
-0.953659
-0.0926069
0.0944652

-0.292178
-0.071882
0.953659
0.278706
0.041203

-0.616051
0.571764
0.541818
0.652652
0.00645686

0.616051
-0.571764
-0.541818
0.0577141
0.0472277

-0.145551
0.694893
0.704229
0.513323
0.0249626

0.145551
-0.694893
-0.704229
-1.3
0.556874

0.461513
0.687817
-0.56028
0.997455
4.72358e-07

-0.705867
-0.66073
-0.255318
-3.98756
3.52777

0.705867
0.66073
0.255318
0.817713
0.00471936

-0.077369
0.908535
-0.410582
-4.19044
4.38923

0.077369
-0.908535
0.410582
0.701031
0.0145915

-0.517843
0.855476
0
0.145135
0.0360415

0.517843
-0.855476
0
0.734119
0.00465263

0.462916
0.672288
-0.5777
-0.560279
0.184557

-0.462916
-0.672288
0.5777
0.60993
0.0115946

-0.253427
0.0935378
0.962822
0.958237
0.000880157

0.0871474
-0.473425
-0.876512
-4.19044
4.38619

-0.0871474
0.473425
0.876512
0.701031
0.0146849

0.65801
0.200593
-0.7258
-0.391768
0.0932696

-0.65801
-0.200593
0.7258
0.882515
0.000699319

0.72666
0.237545
0.644622
-0.0192149
0.267688

-0.72666
-0.237545
-0.644622
-5.09011
9.54985

0.347915
-0.848605
-0.398528
0.810702
0.00229293

-0.453226
0.136758
0.880842
0.914089
0.00285722

0.453226
-0.136758
-0.880842
-17.0628
126.104

0.208652
-0.793417
0.571799
0.0849639
0.0440967

-0.208652
0.793417
-0.571799
0.644645
0.00665625

-0.287008
0.142794
-0.947226
-0.805146
0.166417

0.287008
-0.142794
0.947226
0.935872
0.000244017

-0.52502
-0.610675
-0.592816
-9.83982
35.9295

0.52502
0.610675
0.592816
0.618912
0.0444867

-0.740448
0.596243
0.31021
0.21495
0.0116951

0.740448
-0.596243
-0.31021
0.989076
2.42326e-06

-0.337313
0.665657
0.665673
0.254795
0.0443535

0.981476
0.135608
-0.135335
0.981851
1.85861e-05

-0.981476
-0.135608
0.135335
-1.03752
0.193015

-0.70867
-0.293923
0.641402
0.859094
0.00125946

0.70867
0.293923
-0.641402
-0.832302
0.207427

-0.864251
-0.164254
0.47549
0.405471
0.0210398

0.864251
0.164254
-0.47549
0.241343
0.0342526

0.764122
-0.187984
-0.617073
0.911503
0.000659993

0.429269
0.815744
-0.387672
-1.42167
0.876881

-0.429269
-0.815744
0.387672
-0.115074
0.185972

0.905108
0.0937766
0.414711
0.750466
0.00362735

-0.905108
-0.0937766
-0.414711
-0.311651
0.0996349

-0.209475
0.234529
-0.949272
-12.7677
63.636

0.209475
-0.234529
0.949272
0.795244
0.0140821

-0.324376
0.328709
-0.886978
0.973058
7.63653e-05

-0.600825
0.292226
0.744052
0.837434
0.00429005

0.600825
-0.292226
-0.744052
-5.03108
5.88619

0.26037
-0.139226
0.955418
0.984676
8.46979e-05

0.803546
0.595243
0
0.660511
0.02096

-0.803546
-0.595243
0
-1.12181
0.393223

-0.940847
0.338832
0
0.883716
0.000726892

-0.45803
-0.75487
0.469446
0.956901
5.07926e-05

0.45803
0.75487
-0.469446
0.121852
0.0205123

-0.387014
-0.641429
-0.662411
-3.83772
3.46995

0.387014
0.641429
0.662411
0.748361
0.00945263

-0.708772
-0.131176
0.693134
0.620732
0.00413754

0.708772
0.131176
-0.693134
0.735827
0.00203096

-0.601893
0.316889
-0.733012
0.310412
0.0228459

0.601893
-0.316889
0.733012
0.582842
0.00837401

-0.328023
-0.675622
-0.660255
-4.94857
5.84652

0.328023
0.675622
0.660255
0.806564
0.00623223

-0.785563
0.142114
-0.602241
-0.115074
0.186036

0.785563
-0.142114
0.602241
-1.42167
0.876814

0.774166
0.606317
-0.181786
-4.76298
5.75219

-0.774166
-0.606317
0.181786
0.725272
0.0131579

-0.209829
0.67518
0.70718
0.49272
0.0364643

-0.135198
0.718423
-0.682341
0.699848
0.00224052

0.135198
-0.718423
0.682341
0.753602
0.00152245

0.260075
-0.657435
0.707206
-15.5501
122.281

-0.260075
0.657435
-0.707206
0.540277
0.0944882

0.16627
0.158874
0.973197
0.973391
0.000190846

0.160088
0.55415
0.816878
0.851806
0.00612181

0.95432
0.298785
0
0.668728
0.00918973

0.270732
0.295787
0.916086
-0.448125
0.470845

-0.270732
-0.295787
-0.916086
-3.0226
3.6322

0.152237
0.913826
-0.376492
0.498777
0.00715406

-0.527012
-0.822555
0.213683
-0.0205083
0.0659046

0.527012
0.822555
-0.213683
0.525591
0.0142497

0.424335
-0.264214
-0.866101
0.172496
0.134605

-0.674776
0.477162
-0.563023
0.920035
0.000460832

0.674776
-0.477162
0.563023
-1.5215
0.443259

0.346457
0.0938032
0.933364
0.996637
5.3708e-06

-0.157209
0.374
-0.914007
-2.75505
1.5647

0.157209
-0.374
0.914007
0.834596
0.00305615

-0.797549
0.133052
0.588399
-1.20336
0.89542

0.797549
-0.133052
-0.588399
-0.977543
0.721287

-0.45077
-0.836695
0.311042
0.490561
0.00787638

0.45077
0.836695
-0.311042
0.786159
0.00139514

0.517729
0.161303
-0.840201
0.999379
1.28901e-07

-0.0793295
-0.269113
0.959836
-1.2701
0.456912

0.0793295
0.269113
-0.959836
0.704342
0.0080072

-0.218607
-0.924657
-0.311802
0.189858
0.0697076

0.218607
0.924657
0.311802
-0.690308
0.303342

-0.736181
0
0.676785
0.317119
0.10198

0.736181
0
-0.676785
-4.74302
7.20092

-0.619696
0.156724
0.769034
0.332487
0.0448866

0.619696
-0.156724
-0.769034
-0.772716
0.316561

0.417617
0.521239
-0.744249
-13.1377
64.1907

-0.417617
-0.521239
0.744249
0.878792
0.00472842

-0.707112
-0.707101
0
-0.50455
1.57573

-0.140286
-0.963278
-0.228944
-1.05339
0.555474

0.140286
0.963278
0.228944
-0.0341671
0.140914

0.105338
0.954538
-0.278855
-3.75885
2.38394

-0.105338
-0.954538
0.278855
0.968027
0.000109123

0.861905
-0.111125
-0.494744
-0.34853
0.0820363

-0.861905
0.111125
0.494744
0.899697
0.000467768

0.51923
0.686671
-0.508806
-0.252325
0.11305

-0.51923
-0.686671
0.508806
0.514011
0.0170722

-0.587058
0.0243963
0.809177
0.755408
0.00408248

0.938094
-0.323129
0.124768
0.748529
0.00428254

-0.938094
0.323129
-0.124768
-0.63113
0.178794

-0.270595
0.768442
-0.579893
0.349447
0.0273914

0.270595
-0.768442
0.579893
0.183945
0.0430582

-0.748969
0.394702
-0.532218
0.82408
0.00185415

0.748969
-0.394702
0.532218
-0.612736
0.155573

-0.0882032
-0.391265
-0.916042
-6.10052
8.0258

0.0882032
0.391265
0.916042
0.945364
0.000503057

-0.29812
-0.514934
-0.803721
-0.892695
0.245379

0.29812
0.514934
0.803721
0.810611
0.00247374

-0.617224
-0.714082
0.330335
0.0882485
0.0334857

0.617224
0.714082
-0.330335
0.826878
0.00122388

0.066196
-0.208395
-0.975802
-2.66365
2.06745

-0.066196
0.208395
0.975802
0.397865
0.0558581

-0.341309
-0.518938
-0.783717
0.99579
1.07581e-06

0.337752
0.473026
-0.813738
-8.57616
22.9456

-0.337752
-0.473026
0.813738
0.778246
0.0123263

0.11491
0.230628
0.966233
0.874302
0.00632559

0.476643
-0.540187
-0.693548
-1.14539
0.36813

-0.476643
0.540187
0.693548
0.761624
0.0046072

-0.55115
0.647668
0.52608
-0.88166
0.561831

0.55115
-0.647668
-0.52608
-0.714494
0.466442

-0.201144
-0.816457
0.541238
0.412533
0.0116828

0.201144
0.816457
-0.541238
0.771931
0.00176707

0.100107
-0.148316
0.98386
-4.09234
13.665

-0.100107
0.148316
-0.98386
-5.93122
25.3145

0.303248
-0.20852
0.929817
0.934153
0.000282039

-0.303248
0.20852
-0.929817
-1.19434
0.289118

0.981543
0.059564
-0.181729
0.276557
0.0511447

-0.981543
-0.059564
0.181729
-0.590543
0.247181

0.471201
0.793541
0.385047
-0.205994
0.18855

-0.471201
-0.793541
-0.385047
-0.760827
0.401874

-0.746366
-0.665536
0
0.911129
0.000279566

0.500397
-0.767411
-0.400853
0.737414
0.00237815

-0.500397
0.767411
0.400853
0.465873
0.00974356

0.792614
0.599349
0.111994
0.735001
0.00732203

0.0306775
0.018779
0.999353
0.745247
0.0129334

-0.0306775
-0.018779
-0.999353
-5.85456
9.17114

-0.669679
-0.129198
-0.731326
-0.501767
0.147745

0.669679
0.129198
0.731326
0.724165
0.00500278

0.0554152
-0.881657
-0.468627
-8.67842
23.0456

-0.0554152
0.881657
0.468627
0.810303
0.00887817

-0.804259
-0.59428
0
0.895413
0.0615819

0.804259
0.59428
0
-0.709976
0.311798

0.294008
-0.38075
0.876692
0.790948
0.00258967

-0.294008
0.38075
-0.876692
-0.476825
0.129153

-0.0770452
-0.298884
0.951174
0.949079
0.000227067

0.0770452
0.298884
-0.951174
-2.11251
0.744654

-0.204027
-0.901652
0.381309
0.347278
0.0305437

0.204027
0.901652
-0.381309
0.00838435
0.0704826

-0.821938
0.144324
0.550989
0.176325
0.0267058

0.821938
-0.144324
-0.550989
0.803548
0.00152613

-0.602588
-0.55854
0.570018
0.771562
0.00294819

0.0805068
-0.679842
0.728926
0.023236
0.172918

-0.0805068
0.679842
-0.728926
-2.63294
2.39173

0.342978
-0.788605
0.510361
0.329393
0.0282274

-0.33557
-0.156461
-0.928931
0.42114
0.018659

0.33557
0.156461
0.928931
0.318869
0.0258187

0.313113
0.525842
0.790854
0.52005
0.0115621

0.147035
0.379916
-0.91326
-0.372347
0.122301

-0.147035
-0.379916
0.91326
0.682475
0.00667191

-0.824467
0.47348
0.309952
0.282929
0.0195475

0.824467
-0.47348
-0.309952
0.774342
0.00194493

0.146312
-0.469174
-0.870901
0.447592
0.0113656

-0.648587
-0.231084
0.725214
0.843934
0.00214912

-0.353908
-0.522865
-0.775475
-2.7078
1.79649

0.353908
0.522865
0.775475
0.662091
0.015034

-0.475044
0.64631
0.597174
-2.52692
1.5088

0.475044
-0.64631
-0.597174
0.707186
0.0104145

-0.203374
0.0459265
0.978023
0.972709
2.00236e-05

0.481582
0.635392
0.603619
0.717309
0.00463984

-0.481582
-0.635392
-0.603619
-0.21103
0.0842635

-0.732922
0.389744
-0.557606
-2.8173
2.13

0.732922
-0.389744
0.557606
0.535483
0.0315493

0.538472
0.729784
-0.421265
-0.504552
0.103264

-0.538472
-0.729784
0.421265
0.925701
0.0002595

-0.027222
-0.37285
0.927492
0.701855
0.00922862

0.027222
0.37285
-0.927492
-1.76916
0.784027

0.825376
-0.316951
-0.467222
-1.45591
0.888043

-0.825376
0.316951
0.467222
-0.0541956
0.163707

0.627744
-0.61251
-0.480384
-0.889328
0.394364

-0.882703
-0.469931
0
0.826926
0.00321323

-0.795379
0.117998
-0.594515
0.675921
0.00361491

0.795379
-0.117998
0.594515
0.538155
0.00733855

-0.174875
0.166909
-0.97034
-5.04438
7.45118

0.174875
-0.166909
0.97034
0.533612
0.0443639

-0.647114
-0.576539
-0.498845
-0.634583
0.294119

0.647114
0.576539
0.498845
0.0805521
0.0931214

-0.316722
-0.0987582
0.943363
0.916414
0.00164235

0.0943478
-0.0836747
0.992017
0.980672
0.000179399

-0.279028
-0.298152
-0.912825
-1.80368
0.884731

0.279028
0.298152
0.912825
0.600756
0.0181151

0.320607
0.842676
-0.432559
-1.98172
1.17491

-0.320607
-0.842676
0.432559
0.425295
0.043701

-0.405445
0.528652
-0.745749
0.440335
0.0341941

0.953097
-0.213547
-0.214486
-0.557072
0.142691

-0.953097
0.213547
0.214486
0.819373
0.00199315

-0.965404
-0.159015
0.206661
-2.57773
1.52239

0.965404
0.159015
-0.206661
0.739488
0.00807803

0.659207
-0.420595
0.623335
-0.478056
0.155319

-0.659207
0.420595
-0.623335
0.640821
0.00923673

0.522312
-0.342483
0.780958
0.684295
0.00327698

0.00803086
-0.764154
0.644984
0.958231
0.000177288

-0.00803086
0.764154
-0.644984
-3.12791
1.62862

-0.000686806
0.193108
0.981177
0.94279
0.000368667

0.748628
-0.205847
0.630225
0.671047
0.00503223

0.308736
-0.133905
0.941675
0.957423
0.000127353

0.152656
-0.442502
0.883679
0.918871
0.00038407

-0.152656
0.442502
-0.883679
-0.766784
0.164592

-0.302916
0.0478285
0.951816
0.858546
0.0105205

-0.419141
-0.436799
-0.795944
-0.795607
0.236472

0.419141
0.436799
0.795944
0.730377
0.00533732

-0.169983
0.218149
0.960998
0.919599
0.000325345

0.447524
0.0294727
0.893786
0.836461
0.00332081

-0.804048
0.529762
-0.269923
0.721973
0.0069083

0.104614
-0.920492
-0.376499
0.9506
0.000199504

-0.284577
0.797231
-0.53239
0.878989
0.00106624

0.501084
0.328455
-0.800645
0.363957
0.0333022

-0.501084
-0.328455
0.800645
-0.298044
0.138679

-0.539206
0.767339
-0.347055
0.743115
0.00308479

0.539206
-0.767339
0.347055
0.0814955
0.0392631

0.068714
-0.882949
0.464413
0.954838
0.000118008

-0.068714
0.882949
-0.464413
-1.25531
0.292668

-0.90153
-0.432717
0
-0.0294039
0.109103

0.90153
0.432717
0
-0.0873849
0.120504
