
0.298961
-0.523863
0.797615
0.788465
0.00893649

-0.298961
0.523863
-0.797615
-6.33582
10.7233

0.901002
0.208577
-0.380384
0.600659
0.00811916

-0.901002
-0.208577
0.380384
0.207564
0.0319481

0.608778
0.294953
0.736473
0.572731
0.0200862

-0.608778
-0.294953
-0.736473
-1.6198
0.754026

0.350328
-0.907196
-0.23295
0.721452
0.0134812

0.110835
0.215541
-0.970184
-23.9484
300.783

-0.110835
-0.215541
0.970184
0.974589
0.000312965

0.20979
-0.715474
-0.666397
-2.75444
1.8119

-0.20979
0.715474
0.666397
0.693518
0.0120932

0.318902
0.27945
0.905654
0.622789
0.0122992

-0.318902
-0.27945
-0.905654
-0.909622
0.311314

-0.418787
0.14068
0.897121
0.809038
0.00720177

0.418787
-0.14068
-0.897121
-6.39332
10.7607

-0.833297
0.552826
0
0.995307
3.57434e-06

0.833297
-0.552826
0
-5.84206
6.1029

-0.0392254
0.598013
0.800526
-3.63904
2.8247

0.0392254
-0.598013
-0.800526
0.833956
0.00368161

-0.331804
0.681624
0.652146
-0.375251
0.24847

0.331804
-0.681624
-0.652146
-0.604083
0.337968

-0.986279
0.089097
-0.138978
0.218602
0.0339361

-0.685374
0.541859
0.486469
0.543124
0.0233144

0.685374
-0.541859
-0.486469
-1.59
0.747494

0.578934
0.815374
0
-0.516465
0.221046

-0.578934
-0.815374
0
0.261864
0.0529514

-0.101978
0.508837
0.854801
0.526276
0.0203483

0.101978
-0.508837
-0.854801
-0.827818
0.300593

0.274817
-0.51373
0.812747
0.832064
0.00498848

-0.596257
0.780338
0.188547
0.290131
0.0359228

0.596257
-0.780338
-0.188547
0.0882105
0.05926

0.897941
0.440116
0
0.997682
1.23199e-06

0.694283
0.0139683
-0.719567
-0.0162318
0.0928361

-0.694283
-0.0139683
0.719567
-0.0162318
0.0928361

0.539006
0.224378
0.811866
0.846293
0.00103622

-0.539006
-0.224378
-0.811866
-0.0102013
0.0424863

-0.34182
-0.656483
0.67245
-2.10844
0.745242

0.34182
0.656483
-0.67245
0.947963
0.000208906

0.170439
0.624476
0.762221
0.880005
0.000763492

-0.170439
-0.624476
-0.762221
-0.505774
0.116254

-0.610086
-0.720991
0.328582
0.297874
0.0305963

-0.582239
0.0630923
-0.810566
-1.66841
0.617784

0.582239
-0.0630923
0.810566
0.821793
0.00282231

0.077708
-0.42165
0.903423
0.932627
0.00337538

0.920747
-0.249027
0.300351
0.58602
0.0116349

-0.920747
0.249027
-0.300351
-0.258541
0.10739

-0.867705
0.263448
0.421525
0.457525
0.00695276

0.867705
-0.263448
-0.421525
0.9026
0.000232833

0.100586
-0.0543907
-0.993441
-24.3696
301.051

-0.100586
0.0543907
0.993441
0.994459
1.77084e-05

0.226224
-0.974075
0
0.920728
0.000788522

-0.226224
0.974075
0
-3.89384
2.89122

0.192646
0.572942
-0.796634
0.125403
0.143165

-0.192646
-0.572942
0.796634
-3.05731
3.07531

0.0992448
-0.995063
0
0.518635
0.00685258

-0.0264988
0.644525
0.764124
0.339984
0.0258402

-0.275411
-0.507002
0.81676
0.72042
0.00832404

0.719501
-0.200475
0.664927
0.617314
0.00432005

-0.719501
0.200475
-0.664927
0.722492
0.00229238

0.497072
-0.457895
-0.737056
-0.436815
0.142768

-0.497072
0.457895
0.737056
0.65057
0.00853203

0.566117
-0.16244
0.808161
0.555509
0.0155901

-0.566117
0.16244
-0.808161
-0.518782
0.180549

0.136229
0.541801
0.829393
-1.59561
0.448801

-0.136229
-0.541801
-0.829393
0.945845
0.00021771

0.10863
0.366782
0.923943
0.751954
0.00662061

0.792434
-0.234339
-0.563146
0.0192552
0.105268

-0.792434
0.234339
0.563146
-0.532414
0.256835

-0.319806
0.782904
-0.533653
-2.99666
1.87887

0.319806
-0.782904
0.533653
0.827435
0.00350993

-0.397286
0.440067
-0.805298
-0.0651382
0.0596147

0.397286
-0.440067
0.805298
0.722264
0.00405836

-0.699481
-0.369401
0.611775
-0.0862441
0.0580743

0.185682
0.131882
0.973719
0.959283
0.000362439

-0.185682
-0.131882
-0.973719
-9.38319
23.5622

-0.358421
0.354427
-0.863664
0.990567
7.85248e-06

0.176095
0.798297
-0.575945
0.89198
0.00108369

-0.307151
0.313542
-0.898526
-10.6062
36.9765

0.307151
-0.313542
0.898526
0.861877
0.00523741

-0.829382
-0.558682
0
-2.8377
2.3884

0.829382
0.558682
0
0.26544
0.10622

0.104669
0.909538
0.402225
0.310412
0.0392987

-0.104669
-0.909538
-0.402225
-0.225932
0.124108

-0.695671
-0.432392
-0.573654
0.697587
0.00876739

0.695671
0.432392
0.573654
-1.4902
0.59085

0.45242
-0.43188
0.780254
0.614052
0.0108821

-0.45242
0.43188
-0.780254
-0.456834
0.153544

0.414705
-0.688123
0.595404
0.528143
0.00732234

-0.0827284
0.330683
-0.940109
-7.27504
67.8165

0.0827284
-0.330683
0.940109
-13.7112
214.328

0.535425
-0.186278
0.823784
0.911147
0.0010353

-0.535425
0.186278
-0.823784
-4.25757
3.61075

0.430505
0.173954
0.885667
-0.000706911
0.0261792

-0.430505
-0.173954
-0.885667
0.976902
1.41689e-05

0.333792
0.0536297
0.94112
0.722552
0.00440326

-0.333792
-0.0536297
-0.94112
-0.215429
0.0844135

-0.517678
-0.223722
0.825807
0.572731
0.0201986

0.517678
0.223722
-0.825807
-1.6198
0.753755

0.85311
-0.398149
0.337165
-0.683301
0.326772

-0.85311
0.398149
-0.337165
0.0156457
0.111772

-0.127873
-0.374273
-0.91846
-0.192251
0.102615

0.235395
0.631271
0.738977
0.841572
0.00441237

-0.235395
-0.631271
-0.738977
-5.69359
7.86609

-0.314657
0.86028
-0.401136
0.0390306
0.103011

0.314657
-0.86028
0.401136
-0.614811
0.290767

-0.715285
0.334127
-0.613781
0.387035
0.0967027

0.715285
-0.334127
0.613781
-6.50884
14.492

0.367005
0.115948
0.922964
0.653323
0.0119165

-0.367005
-0.115948
-0.922964
-1.43855
0.581929

-0.318075
-0.0367691
-0.947352
-1.73333
0.972832

0.318075
0.0367691
0.947352
0.351266
0.055073

0.202207
0.0471983
-0.978205
0.897942
0.00095952

-0.202207
-0.0471983
0.978205
-2.11404
0.839455

-0.941336
-0.209432
0.264623
0.952675
0.000571433

0.887049
-0.27789
-0.368676
0.927053
0.000688122

-0.887049
0.27789
0.368676
-4.31821
3.62567

-0.0863602
-0.276917
-0.957005
0.945375
7.97471e-05

0.0100799
-0.025116
0.999634
0.976581
4.69306e-05

-0.751072
0
0.66022
0.938114
0.000758678

-0.183868
0.23199
-0.955182
0.22772
0.0221615

0.183868
-0.23199
0.955182
0.812567
0.00131422

-0.262741
0.744831
0.613347
0.772473
0.00526901

0.262741
-0.744831
-0.613347
-2.0312
0.933025

0.876533
0.417696
-0.239206
-0.239065
0.0524034

0.533569
-0.0850708
0.841467
0.868284
0.0027432

-0.533569
0.0850708
-0.841467
-5.12319
5.92589

0.553925
0.746958
0.367725
-0.0270636
0.104398

-0.553925
-0.746958
-0.367725
-0.217682
0.146712

0.318086
-0.317757
0.893226
0.923012
0.000518937

0.470017
-0.355025
-0.80811
-22.9893
298.65

-0.470017
0.355025
0.80811
0.871562
0.00856278

0.346542
-0.924124
-0.160945
0.936974
0.000814436

0.525995
0.0341129
-0.849803
-0.184127
0.10176

-0.525995
-0.0341129
0.849803
0.464607
0.0208173

0.375289
-0.844544
0.381974
0.291775
0.0667602

-0.375289
0.844544
-0.381974
-1.68577
0.959419

0.243917
-0.0840309
0.966149
-1.81964
0.793426

-0.243917
0.0840309
-0.966149
0.738823
0.00694303

-0.20786
-0.224831
0.951969
0.941489
0.000549613

-0.45784
-0.0454734
-0.887871
0.151865
0.113914

0.45784
0.0454734
0.887871
-2.18386
1.60423

0.87896
0.0657157
-0.472346
0.814091
0.00147331

-0.585311
0.539702
-0.60509
-0.555401
0.19671

0.585311
-0.539702
0.60509
0.526536
0.0182454

-0.222841
0.237548
-0.945469
-16.6652
125.353

0.222841
-0.237548
0.945469
0.847137
0.00940721

0.619263
-0.226655
-0.751759
-2.52692
1.50893

-0.619263
0.226655
0.751759
0.707186
0.0104026

0.115562
-0.248298
0.961766
0.962318
0.00015255

0.400186
-0.353975
-0.845312
0.0510796
0.0539425

-0.869286
-0.297532
-0.394735
-1.7559
0.979757

0.869286
0.297532
0.394735
0.378204
0.0499217

-0.0635631
-0.386949
-0.919908
0.352054
0.0189523

0.0635631
0.386949
0.919908
0.606729
0.00698281

-0.70696
-0.462952
0.53468
0.709855
0.00861354

0.46814
0.506761
-0.723905
-1.77388
0.878056

-0.46814
-0.506761
0.723905
0.57341
0.0208826

-0.553023
-0.197293
0.809469
0.951698
0.000875363

-0.189529
0.946822
0.260012
0.630579
0.0191306

0.189529
-0.946822
-0.260012
-2.94214
2.17688

-0.698101
-0.716
0
0.809799
0.00966534

-0.145623
-0.709872
0.689112
0.616896
0.0207855

-0.391523
-0.0844132
0.916288
0.81611
0.00209621

0.391523
0.0844132
-0.916288
-0.655006
0.169036

-0.226289
0.784093
0.57792
0.0600314
0.106545

0.226289
-0.784093
-0.57792
-0.886449
0.42875

0.350359
-0.422578
-0.835868
-3.6772
2.83771

-0.350359
0.422578
0.835868
0.849321
0.00296071

0.798548
0.601931
0
-1.27507
0.269037

-0.798548
-0.601931
0
0.979428
3.15651e-05

-0.500798
-0.322847
0.803101
0.823006
0.00512468

0.500798
0.322847
-0.803101
-4.99147
5.86933

-0.213421
0.177026
-0.960788
-6.78531
10.975

0.213421
-0.177026
0.960788
0.918568
0.00121212

-0.933865
0.357626
0
0.33086
0.0422402

0.933865
-0.357626
0
0.0717911
0.072473

-0.206052
-0.861915
0.463299
-0.189873
0.0873549

0.206052
0.861915
-0.463299
0.645987
0.00776529

-0.868351
-0.45868
-0.188625
-1.7979
0.511891

0.868351
0.45868
0.188625
0.969641
6.09228e-05

0.882355
-0.374162
0.285398
0.34895
0.0173866

-0.882355
0.374162
-0.285398
0.68579
0.00405078

0.289496
0.637702
-0.713813
0.831164
0.00137651

-0.289496
-0.637702
0.713813
-0.194238
0.0683037

0.667857
0.164158
-0.725961
-0.186384
0.345506

-0.667857
-0.164158
0.725961
-4.23196
6.7137

0.551355
0.618293
0.560108
0.869021
0.000746578

-0.195372
0.624763
-0.755977
0.988721
2.83906e-06

0.72339
-0.19281
-0.662972
0.896477
0.000346486

-0.72339
0.19281
0.662972
0.249039
0.0169682

0.547037
-0.67521
-0.494815
0.965162
5.05346e-05

-0.547037
0.67521
0.494815
-0.562798
0.099122

-0.875323
-0.24325
0.417899
0.851735
0.00107168

0.984865
-0.173322
0
0.590497
0.00570874

-0.984865
0.173322
0
0.649976
0.00418572

0.00871764
0.609796
-0.79251
-1.02985
0.457718

-0.00871764
-0.609796
0.79251
0.304459
0.0539179

0.909072
-0.287711
0.301347
0.112773
0.0506315

-0.909072
0.287711
-0.301347
0.412763
0.0221918

-0.547532
-0.197492
0.813146
0.65262
0.0201464

-0.674786
0.193398
-0.712222
-0.473784
0.14557

0.674786
-0.193398
0.712222
0.693956
0.00627941

0.653317
0.335493
0.678691
0.992494
4.12852e-06

-0.653317
-0.335493
-0.678691
-0.683712
0.101638

0.255997
-0.144099
0.955877
0.886953
0.00409845

0.460702
0.319653
-0.827995
0.652351
0.00599926

-0.460702
-0.319653
0.827995
0.160923
0.0349167

-0.0109439
-0.969261
-0.245792
-0.176893
0.126423

0.0109439
0.969261
0.245792
0.0989383
0.0741151

0.0308467
0.957279
0.287515
0.194628
0.0214422

-0.0308467
-0.957279
-0.287515
0.877609
0.000500448

0.166461
0.669412
-0.724002
-0.496359
0.147335

-0.166461
-0.669412
0.724002
0.718496
0.00523273

0.542315
-0.433852
0.71949
0.848204
0.00757848

-0.542315
0.433852
-0.71949
-12.9895
63.9628

0.390702
0.844049
-0.367331
0.906907
0.00107155

0.220473
-0.579381
0.784672
-1.50245
0.441529

-0.220473
0.579381
-0.784672
0.912445
0.00057236

-0.244025
0.424374
0.871985
0.860676
0.000697453

0.279507
-0.833673
-0.476305
0.872781
0.000983726

-0.279507
0.833673
0.476305
-0.854672
0.208935

-0.58036
-0.216936
0.784934
0.902736
0.00107099

0.985202
-0.0957961
-0.142128
0.535603
0.0246832

-0.985202
0.0957961
0.142128
-1.66173
0.80834

0.254097
-0.927892
0.272856
0.301458
0.0382351

-0.254097
0.927892
-0.272856
-0.102696
0.0952481

-0.228107
0.0731802
-0.970882
-4.31682
4.44859

0.228107
-0.0731802
0.970882
0.764352
0.00874072

0.113735
-0.895471
0.430344
-0.579369
0.088238

-0.113735
0.895471
-0.430344
0.988127
6.32361e-06

0.339733
-0.369432
-0.864929
-0.839857
0.156454

-0.339733
0.369432
0.864929
0.966694
6.6254e-05

0.224564
0.445166
-0.866832
-23.3897
299.704

-0.224564
-0.445166
0.866832
0.924724
0.00286359

-0.614945
-0.185199
-0.766514
0.656903
0.00334568

0.614945
0.185199
0.766514
0.717321
0.00228903

0.00963415
-0.483743
-0.875157
0.252576
0.0254251

-0.00963415
0.483743
0.875157
0.667812
0.00503185

-0.741787
-0.124187
-0.659037
0.91228
0.000141519

0.176879
-0.519744
-0.835811
-4.58743
4.55149

-0.176879
0.519744
0.835811
0.87108
0.00247698

0.63194
-0.115528
-0.766359
0.705284
0.00378417

-0.451092
-0.221864
-0.864461
-0.1994
0.0684819

0.451092
0.221864
0.864461
0.835732
0.00128536

0.312463
0.263684
0.912599
0.912553
0.00240304

-0.312463
-0.263684
-0.912599
-13.3274
64.4318

-0.331561
-0.233663
-0.91404
-0.94075
0.370961

0.331561
0.233663
0.91404
0.453586
0.029409

0.335515
0.56443
-0.75422
-0.644619
0.192443

-0.335515
-0.56443
0.75422
0.705624
0.00624984

0.250312
-0.8572
0.450057
0.616195
0.0048021

-0.250312
0.8572
-0.450057
0.650909
0.00397663

0.531072
-0.780892
0.328892
-0.365245
0.367803

-0.531072
0.780892
-0.328892
-2.37131
2.24272

0.948482
-0.316831
0
0.625778
0.00994525

-0.948482
0.316831
0
0.701282
0.00748609

-0.700769
-0.673863
-0.234162
-1.05339
0.555474

0.700769
0.673863
0.234162
-0.0341671
0.140915

-0.365302
-0.0653306
0.928594
0.950597
0.00120771

0.527016
-0.819109
-0.226526
-6.8794
11.0174

-0.527016
0.819109
0.226526
0.937434
0.000696597

-0.445401
0.809446
0.382642
-0.0259104
0.0763938

0.445401
-0.809446
-0.382642
0.355747
0.0301321

0.803509
0.17184
0.569951
-2.32534
1.26937

-0.803509
-0.17184
-0.569951
0.719716
0.00906913

0.457281
-0.340574
-0.821525
-4.64208
5.6877

-0.457281
0.340574
0.821525
0.662868
0.0203112

-0.176853
0.512704
0.840153
0.970192
4.11702e-05

0.759098
0.495855
-0.42178
0.625123
0.0375822

-0.759098
-0.495855
0.42178
-8.17847
22.4876

0.327782
-0.661217
-0.674797
-3.52985
4.84653

-0.327782
0.661217
0.674797
-0.370268
0.443546

-0.933057
-0.359729
0
0.408828
0.0438693

0.933057
0.359729
0
-0.537905
0.219578

0.431876
-0.526316
-0.732444
-0.410356
0.296853

-0.431876
0.526316
0.732444
-0.9988
0.595968

-0.411104
-0.558109
-0.72077
0.947612
0.000207567

0.896996
-0.442038
0
0.838693
0.00268124

-0.896996
0.442038
0
-0.264649
0.0829519

0.434001
0.711909
0.552113
0.501876
0.0232679

0.596156
-0.789265
0.147167
0.304201
0.016367

-0.489305
0.149606
-0.859185
0.369234
0.0934928

0.489305
-0.149606
0.859185
-5.54906
10.0508

0.866606
-0.476283
-0.148821
0.420197
0.0129059

-0.866606
0.476283
0.148821
0.691055
0.00369602

0.230802
0.0122224
0.972924
0.0828083
0.0879807

-0.230802
-0.0122224
-0.972924
-0.493024
0.23311

-0.796073
-0.301429
-0.524794
0.4817
0.0124683

0.796073
0.301429
0.524794
0.467403
0.0131655

0.932976
0.359938
0
0.0920794
0.154869

-0.932976
-0.359938
0
-2.3936
1.8717

0.983142
0.104716
-0.149889
0.788006
0.00158055

-0.983142
-0.104716
0.149889
0.343327
0.0151466

0.26422
0.744473
-0.613145
0.839096
0.00140643

0.177372
-0.950868
0.253752
0.899573
0.00100259

0.353098
-0.928668
-0.113568
0.961575
4.13792e-05

-0.353098
0.928668
0.113568
0.0393822
0.0256797

-0.67235
-0.0452791
0.738847
0.710743
0.00216262

0.582988
0.432159
-0.688014
-3.34649
2.72524

-0.582988
-0.432159
0.688014
0.684943
0.0144035

0.745625
-0.457237
0.484746
0.980837
4.9032e-05

0.658128
-0.610783
-0.44024
0.778653
0.00429911

-0.658128
0.610783
0.44024
-1.47753
0.533299

-0.626136
-0.615834
0.478228
0.609289
0.00194559

-0.110972
-0.471278
0.874976
-7.46601
15.4401

0.110972
0.471278
-0.874976
0.833234
0.00599144

-0.20513
-0.280563
0.93766
0.914292
0.00148918

0.637584
0.0718982
0.767018
0.797765
0.00745582

-0.637584
-0.0718982
-0.767018
-5.57063
7.7958

-0.439517
-0.346944
0.828525
0.937492
0.000176757

0.439517
0.346944
-0.828525
-0.490862
0.0969691

-0.108984
-0.289681
0.950898
0.939798
6.15549e-05

0.214653
0.380451
0.899545
0.528017
0.0242888

-0.569002
0.603495
-0.558597
-4.21022
4.39801

0.569002
-0.603495
0.558597
0.711545
0.0135324

-0.539292
-0.35082
-0.765565
-3.82173
3.46294

0.539292
0.35082
0.765565
0.740156
0.0101452

-0.117209
0.493035
-0.862078
0.960793
3.69246e-05

0.117209
-0.493035
0.862078
0.221233
0.0143825

0.975458
0.220187
0
-0.117857
0.0973461

-0.975458
-0.220187
0
0.408736
0.0305094

-0.95629
-0.292418
0
0.291548
0.0350584

0.95629
0.292418
0
0.316627
0.0328433

-0.257065
-0.167395
-0.951786
-0.521263
0.496527

0.257065
0.167395
0.951786
-2.60065
2.77888

-0.0539472
-0.85982
-0.50774
-0.480311
0.311858

0.0539472
0.85982
0.50774
-0.748959
0.435272

0.183759
-0.273073
-0.944279
-0.243344
0.159878

-0.183759
0.273073
0.944279
-0.101376
0.125455

-0.372547
-0.786212
-0.493031
-0.425882
0.100049

0.372547
0.786212
0.493031
0.880368
0.000720592

0.539281
0.0649131
-0.83962
-0.882537
0.157699

-0.567034
0.417235
0.710202
-0.582775
0.213819

0.567034
-0.417235
-0.710202
0.478377
0.0233312

0.627396
0.564793
0.53608
0.569
0.00834764

-0.233805
-0.833415
-0.500754
-0.657547
0.139136

0.753858
-0.612089
0.238841
0.0784866
0.0443757

0.198914
0.359046
0.911876
0.838536
0.00390995

-0.198914
-0.359046
-0.911876
-4.49427
4.52151

-0.389864
0.719191
0.575127
0.414896
0.0213889

0.389864
-0.719191
-0.575127
0.15745
0.0443333

0.192331
-0.189503
-0.962859
-0.237078
0.149565

-0.192331
0.189503
0.962859
0.0159392
0.0946699

0.796998
0.176769
0.577535
0.610258
0.0147966

-0.796998
-0.176769
-0.577535
-1.27619
0.50244

0.272788
-0.579719
0.767797
0.867765
0.00199707

-0.272788
0.579719
-0.767797
-3.09157
1.90091

-0.359369
-0.295096
-0.885309
-10.7365
37.0816

0.359369
0.295096
0.885309
0.890084
0.00330464

-0.531655
0.543806
-0.649321
0.707363
0.00435372

0.531655
-0.543806
0.649321
0.0437322
0.04593

0.555674
-0.275876
0.784295
0.823182
0.00311083

-0.152805
-0.953717
0.258986
-4.61701
5.67266

0.152805
0.953717
-0.258986
0.648937
0.0221723

0.109526
0.0747107
0.991172
0.992753
4.11451e-05

-0.109526
-0.0747107
-0.991172
-37.0914
1016.3

0.796905
-0.0869044
0.597821
-0.551469
0.279881

-0.796905
0.0869044
-0.597821
-0.104506
0.141866

-0.0995527
-0.853883
0.510856
0.598722
0.00512684

-0.59029
0.162245
0.790717
0.770137
0.00454813

0.59029
-0.162245
-0.790717
-1.35379
0.468575

-0.490676
0.778539
-0.391299
-0.568082
0.185271

0.490676
-0.778539
0.391299
0.619596
0.0109304

-0.877227
0.459421
0.139303
-1.89988
1.30116

0.877227
-0.459421
-0.139303
0.0688088
0.134175

0.814938
-0.337999
-0.470778
-7.26883
11.1319

-0.814938
0.337999
0.470778
0.988176
2.29415e-05

0.344956
0.463026
-0.816463
0.488962
0.00559793

-0.344956
-0.463026
0.816463
0.92365
0.000151466

-0.140326
0.263753
0.954329
0.962675
0.000519129

0.901471
-0.141269
0.409137
0.578585
0.0137434

-0.901471
0.141269
-0.409137
-0.535899
0.182141

0.0129133
-0.099988
-0.994905
-24.1116
300.982

-0.0129133
0.099988
0.994905
0.98404
0.000122646

0.0333677
0.220434
-0.974831
-0.535732
0.141185

-0.0333677
-0.220434
0.974831
0.801828
0.00236211

-0.143149
-0.328403
-0.933627
-0.958761
0.250847

0.143149
0.328403
0.933627
0.855157
0.00144325

-0.291853
0.903659
-0.313404
-0.542762
0.11824

0.291853
-0.903659
0.313404
0.902378
0.000562654

0.145225
0.449785
0.881251
-0.0102084
0.0596485

-0.145225
-0.449785
-0.881251
0.60328
0.00922775

-0.573453
0.0681355
0.8164
0.922084
0.00233679

0.573453
-0.0681355
-0.8164
-17.1202
126.196

0.0731838
0.152134
0.985647
-2.79394
2.11887

-0.0731838
-0.152134
-0.985647
0.51608
0.0347235

-0.275253
-0.430034
0.85983
-0.535003
0.0875652

0.620541
0.163777
0.766881
0.197571
0.0851519

-0.620541
-0.163777
-0.766881
-1.45743
0.796799

0.569304
-0.355934
0.741083
0.693422
0.00359698

-0.569304
0.355934
-0.741083
0.419006
0.0128744

-0.234364
0.164854
0.958069
0.776032
0.00530659

0.747821
0.6639
0
0.639936
0.0426371

0.620224
-0.166897
0.766464
0.707448
0.00487439

-0.131102
0.563982
0.815313
0.760979
0.012902

0.131102
-0.563982
-0.815313
-7.24997
15.2579

-0.793099
-0.00765063
-0.609045
-0.328608
0.0856273

0.655689
0.202947
-0.727244
0.989831
2.49325e-06

0.513763
0.570569
0.640702
0.646025
0.0132673

-0.513763
-0.570569
-0.640702
-1.70015
0.770872

-0.244993
0.640239
0.728061
0.73154
0.0108142

0.527491
-0.40046
0.749256
0.742773
0.00156809

-0.444852
-0.889104
0.107709
-2.1392
0.663247

0.444852
0.889104
-0.107709
0.984751
1.57584e-05

0.398033
0.917371
0
-1.15844
0.311535

-0.398033
-0.917371
0
0.881943
0.00118442

0.617839
-0.661343
0.425324
0.823307
0.00197178

-0.617839
0.661343
-0.425324
-0.388447
0.104644

-0.0624378
-0.271469
0.96042
0.949188
0.000972551

0.0624378
0.271469
-0.96042
-17.343
126.511

0.545389
-0.337368
-0.76729
-2.95933
1.86931

-0.545389
0.337368
0.76729
0.809799
0.00433015

-0.852272
-0.113063
0.510734
0.586456
0.00757789

0.852272
0.113063
-0.510734
0.407289
0.0155254

-0.167635
-0.75836
0.629911
-1.24754
0.664511

0.167635
0.75836
-0.629911
0.0898361
0.10899

-0.615083
0.464315
-0.637248
-0.115074
0.185957

0.822751
0.284869
-0.491863
-0.449814
0.0807061

-0.627569
0.31337
-0.712711
0.26289
0.0242924

-0.0516597
-0.566325
0.822561
0.661107
0.0222675

0.255665
0.362373
0.896282
0.844742
0.00515851

-0.31553
-0.733618
-0.601869
-0.195282
0.0876327

0.31553
0.733618
0.601869
0.653438
0.00737033

-0.873488
-0.477358
0.0956409
-1.70271
0.505446

0.873488
0.477358
-0.0956409
0.94469
0.000212219

0.531966
-0.475294
-0.700791
-6.651
10.9116

-0.531966
0.475294
0.700791
0.886828
0.00239583

-0.454574
-0.685127
0.569178
0.440827
0.026011

0.454574
0.685127
-0.569178
-0.442352
0.172612

0.0742513
0.587261
0.805985
0.876775
0.00209939

0.718002
-0.665693
0.203289
0.75112
0.0034584

-0.718002
0.665693
-0.203289
-0.240495
0.0857934

-0.273211
0.0702597
-0.959385
-1.29863
0.506226

-0.704395
0.68052
0.201794
-0.0216155
0.181549

0.704395
-0.68052
-0.201794
-2.31001
1.90562

0.164173
0.462381
-0.87135
0.839074
0.000633136

0.3239
-0.00957896
-0.946043
-0.55599
0.12611

-0.3239
0.00957896
0.946043
0.884265
0.000756418

-0.781033
-0.0364875
-0.623423
0.78662
0.00388162

0.781033
0.0364875
0.623423
-1.37714
0.471587

0.109936
0.273253
0.955639
-0.690308
0.303331

-0.109936
-0.273253
-0.955639
0.189858
0.0696863

-0.350744
-0.8688
0.349523
-0.10079
0.0739187

0.350744
0.8688
-0.349523
0.610823
0.009244

0.178205
0.936101
-0.303245
0.783066
0.00270656

-0.178205
-0.936101
0.303245
-0.383087
0.109599

-0.63614
-0.300665
-0.710582
-0.954278
0.185108

0.63614
0.300665
0.710582
0.967402
6.14153e-05

-0.19164
-0.320455
0.927676
0.924497
0.000742815

0.198236
0.364437
0.909884
0.937434
0.000694812

0.0299016
-0.12459
0.991758
0.995486
1.48725e-05

0.019226
-0.145695
0.989143
0.578585
0.0137591

-0.019226
0.145695
-0.989143
-0.535899
0.182158

-0.404519
-0.398169
0.823302
0.891689
0.00160662

0.404519
0.398169
-0.823302
-4.19122
3.58956

0.392893
-0.901757
-0.180194
0.288637
0.028821

-0.392893
0.901757
0.180194
0.417681
0.0193135

0.782923
-0.0389999
-0.620895
0.732767
0.00265249

0.366038
0.700792
0.612296
0.621402
0.0182145

-0.366038
-0.700792
-0.612296
-2.40736
1.47497

0.181513
0.878301
0.442313
0.777572
0.00723318

0.216381
-0.538714
-0.814228
-6.35561
19.3212

-0.216381
0.538714
0.814228
-0.838898
1.20813

-0.832052
-0.554698
0
0.842094
0.00963117

0.068006
0.914614
-0.398568
0.614641
0.00454378

-0.108885
0.64566
0.755822
0.905594
0.000447024

0.108885
-0.64566
-0.755822
-0.5485
0.118183

-0.256683
-0.966496
0
-0.133642
0.13708

0.256683
0.966496
0
-0.28463
0.17602

0.744111
-0.564787
0.356811
0.0343369
0.0687374

-0.744111
0.564787
-0.356811
0.285796
0.0376144

-0.661109
-0.745199
-0.0872598
-1.06913
0.304121

0.661109
0.745199
0.0872598
0.829415
0.00206778

0.457062
-0.0640667
-0.887124
-10.9304
37.2794

-0.457062
0.0640667
0.887124
0.925641
0.0014504

0.396242
-0.869421
0.295126
0.786942
0.0100485

0.328691
0.370971
0.868529
0.828005
0.00272375

0.63713
-0.562193
-0.527262
-0.882873
0.333324

-0.63713
0.562193
0.527262
0.492378
0.0242431

0.40753
0.456907
-0.790668
-1.30921
0.462581

-0.40753
-0.456907
0.790668
0.736439
0.00611533

0.521223
0.797765
0.303147
0.747602
0.00313617

-0.521223
-0.797765
-0.303147
-0.00959218
0.0500082

-0.554884
0.117263
-0.823622
-1.86161
0.716691

0.554884
-0.117263
0.823622
0.852799
0.00190286

0.892954
0.450147
0
0.878849
0.00809879

0.331876
0.930638
-0.154182
-1.47102
0.720435

-0.331876
-0.930638
0.154182
0.410643
0.0409892

-0.604524
-0.309225
0.734119
0.667913
0.0289975

0.604524
0.309225
-0.734119
-8.27809
22.6141

-0.212813
0.377404
0.901264
0.912081
0.000835012

0.0607955
-0.515429
-0.854773
-5.43614
23.5372

-0.0607955
0.515429
0.854773
-5.43614
23.5372

0.671642
0.107509
-0.733034
0.941408
0.000276225

-0.671642
-0.107509
0.733034
-1.94276
0.649112

-0.0614709
0.812079
-0.580301
-3.51074
2.70256

0.0614709
-0.812079
0.580301
0.804141
0.0051637

0.217718
0.438068
-0.872178
0.9786
2.50204e-05

-0.217718
-0.438068
0.872178
-1.12706
0.222808

0.154564
0.313493
-0.936927
0.772008
0.00274992

-0.223743
-0.417307
-0.880791
-1.10637
0.692262

0.223743
0.417307
0.880791
-0.462759
0.334059

-0.894077
-0.187395
0.406829
0.310412
0.0392997

0.894077
0.187395
-0.406829
-0.225932
0.124109

-0.859789
-0.286138
0.42295
0.298471
0.0131019

0.33607
-0.163142
0.9276
0.595702
0.0132735

-0.33607
0.163142
-0.9276
-0.669771
0.223656

0.937328
-0.248526
-0.244236
-16.4247
124.829

-0.937328
0.248526
0.244236
0.796351
0.0170583

-0.698563
-0.715549
0
0.995631
1.24518e-05

0.143196
-0.449189
0.881887
0.469547
0.0222237

-0.619421
-0.353533
-0.700951
-1.5567
0.492242

0.619421
0.353533
0.700951
0.889032
0.000959235

0.809521
-0.497873
-0.311123
0.789671
0.0023462

0.0383641
0.135256
-0.990068
-1.55712
0.666294

-0.0383641
-0.135256
0.990068
0.644456
0.0130648

-0.138352
-0.645175
0.751404
0.611232
0.00187691

0.927949
-0.2463
-0.279728
0.823334
0.00139372

-0.927949
0.2463
0.279728
-0.053793
0.0495256

0.84071
0.334487
-0.425823
-0.154362
0.0504359

0.661602
-0.366436
0.654223
0.678822
0.0127183

-0.661602
0.366436
-0.654223
-2.48516
1.49742

0.280053
-0.0120584
-0.959909
-2.49551
1.72551

-0.280053
0.0120584
0.959909
0.49272
0.0364017

0.644758
0.172542
0.744658
0.870537
0.00118266

-0.644758
-0.172542
-0.744658
-1.222
0.345333

-0.830846
-0.489768
-0.26424
-1.02985
0.457728

0.830846
0.489768
0.26424
0.304459
0.0537628

0.707826
-0.706387
0
0.455716
0.0730872

-0.670854
-0.219277
0.70843
0.99421
2.63824e-06

0.762247
-0.17243
0.623897
0.356387
0.136656

-0.762247
0.17243
-0.623897
-9.29783
34.9474

0.663908
0.736578
0.129145
-2.12055
1.21592

-0.663908
-0.736578
-0.129145
0.561171
0.0240492

-0.620274
0.499136
0.605082
0.591418
0.00338155

0.620274
-0.499136
-0.605082
0.892797
0.000235137

-0.645602
0.197001
0.737827
0.79887
0.00164102

-0.757974
0.403245
-0.512707
-0.681276
0.170864

0.757974
-0.403245
0.512707
0.835812
0.00165335

-0.278575
-0.332083
-0.901175
-10.6841
37.0504

0.278575
0.332083
0.901175
0.879165
0.00397759

-0.603642
0.239113
-0.760553
-1.61536
0.610498

0.0807208
-0.509427
0.856719
0.784236
0.00278406

0.607281
0.439192
-0.662058
-1.46822
0.531966

-0.607281
-0.439192
0.662058
0.772199
0.00458682

0.402157
-0.891193
0.209868
0.027114
0.0710487

-0.402157
0.891193
-0.209868
0.267806
0.0403217

-0.731269
-0.0611353
-0.679344
0.712123
0.0022166

0.731269
0.0611353
0.679344
0.683824
0.00267283

0.60589
0
0.795549
0.69205
0.0332968

-0.60589
0
-0.795549
-12.4143
62.9581

0.00439669
0.289649
0.957123
0.902373
0.00175639

-0.00439669
-0.289649
-0.957123
-6.71373
10.9439

-0.803287
-0.21786
0.554316
-0.970246
0.318792

0.803287
0.21786
-0.554316
0.684759
0.00821098

-0.750909
0.108781
0.651385
0.766806
0.00559889

0.103453
-0.346786
-0.932221
-10.4931
36.8222

-0.103453
0.346786
0.932221
0.834499
0.00772229

-0.0943273
0.90444
-0.416042
-2.31274
1.65659

0.0943273
-0.90444
0.416042
0.307712
0.072404

-0.793613
-0.608423
0
0.622856
0.0295462

0.793613
0.608423
0
-3.25057
2.55777

-0.665246
-0.361191
0.653443
0.608067
0.0196643

0.665246
0.361191
-0.653443
-2.39041
1.4698

-0.82836
0.369932
0.420677
0.967058
8.06356e-05

0.173939
0.534922
0.826804
0.845145
0.00178551

-0.173939
-0.534922
-0.826804
-1.17764
0.341179

0.947574
-0.295021
-0.12274
-2.31002
2.20614

-0.947574
0.295021
0.12274
-0.471117
0.435786

0.895866
0.329008
0.298626
0.153252
0.0214812

0.0190128
0.279122
0.960068
0.817767
0.0054512

-0.0190128
-0.279122
-0.960068
-4.97756
5.86302

-0.549835
0.396668
0.735076
0.181718
0.0641667

0.549835
-0.396668
-0.735076
-0.387333
0.183879

0.276956
0.258869
-0.925355
-8.35441
22.7051

-0.276956
-0.258869
0.925355
0.698643
0.0235813

0.723611
0.114022
0.680725
0.499024
0.0257496

-0.723611
-0.114022
-0.680725
-1.17437
0.484838

-0.053288
0.632478
0.772744
0.256728
0.0652086

0.053288
-0.632478
-0.772744
-0.999101
0.45168

0.580751
-0.269779
-0.768081
-0.695214
0.18377

-0.580751
0.269779
0.768081
0.804034
0.00247142

-0.42432
0.148927
0.893182
0.380476
0.041435

0.42432
-0.148927
-0.893182
-1.08228
0.467822

0.961761
0.249172
-0.11371
0.247235
0.0203861

-0.961761
-0.249172
0.11371
0.821498
0.00116379

0.571159
-0.152002
0.806643
0.610445
0.0152504

-0.493684
0.708467
0.504332
0.513233
0.0749734

0.493684
-0.708467
-0.504332
-9.6007
35.5235

-0.0238215
-0.343719
-0.93877
-0.843688
0.168063

0.0238215
0.343719
0.93877
0.950632
0.000146436

-0.772307
-0.359834
-0.523509
-3.78832
3.45147

0.772307
0.359834
0.523509
0.722488
0.0116041

-0.218801
-0.935704
0.276738
0.821429
0.00389282

0.218801
0.935704
-0.276738
-2.9837
1.87282

-0.815156
0.0702606
0.574965
0.935167
0.000193326

0.815156
-0.0702606
-0.574965
-0.448832
0.0902845

0.446329
0.690154
0.569629
0.711545
0.0134907

-0.446329
-0.690154
-0.569629
-4.21022
4.39942

-0.334234
0.721299
0.606643
0.798081
0.0116057

0.334234
-0.721299
-0.606643
-10.3579
36.6853

-0.71359
-0.409155
0.568666
0.595847
0.0326044

0.71359
0.409155
-0.568666
-5.14717
7.52554

-0.262599
0.00921421
-0.964861
-0.173943
0.0615781

0.760867
-0.465605
-0.451989
-0.571426
0.227735

-0.760867
0.465605
0.451989
0.359765
0.03785

-0.331012
0.460888
-0.823415
-10.5851
57.9724

0.331012
-0.460888
0.823415
-0.287229
0.715739

0.409969
0.150678
-0.899568
-6.27248
10.6806

-0.409969
-0.150678
0.899568
0.764372
0.0112246

0.77943
-0.62649
0
0.757698
0.00299446

-0.238415
0.381468
0.893107
-0.591917
0.200713

-0.289204
0.0901297
-0.953015
-9.41553
23.5772

0.289204
-0.0901297
0.953015
0.963347
0.000292298

0.582561
-0.147741
0.799247
0.834
0.00284151

-0.582561
0.147741
-0.799247
-2.32231
1.11347

-0.188984
-0.19501
-0.962422
-2.51808
1.73244

0.188984
0.19501
0.962422
0.512915
0.0334472

0.764743
0.503345
0.402258
0.485109
0.0187221

-0.764743
-0.503345
-0.402258
-0.158507
0.0946375

0.298818
0.837492
0.457509
0.0192554
0.0635832

-0.121073
-0.480208
-0.868759
-3.36395
2.73278

0.121073
0.480208
0.868759
0.695502
0.0133377

-0.169203
-0.608645
0.775191
0.483729
0.0553221

0.401231
0.907685
0.12297
-0.135155
0.0657061

-0.401231
-0.907685
-0.12297
0.772557
0.00263947

-0.665288
0.424398
-0.61423
-1.3778
0.391805

0.416989
0.135488
0.898756
0.927614
0.000362515

-0.416989
-0.135488
-0.898756
-1.25887
0.319263

-0.821275
0.13921
-0.553289
-1.32821
0.562255

0.821275
-0.13921
0.553289
0.544519
0.0215221

0.44792
0.0834972
-0.890166
-3.6489
2.82931

-0.44792
-0.0834972
0.890166
0.838012
0.00345413

0.426267
0.904597
0
0.146032
0.0679156

-0.426267
-0.904597
0
-0.241801
0.142307

0.920852
0.0859975
-0.380309
0.186332
0.0395973

-0.920852
-0.0859975
0.380309
0.445665
0.0183944

0.856873
0.492236
0.153205
0.170017
0.0130663

-0.856873
-0.492236
-0.153205
0.992547
1.15974e-06

-0.906886
-0.421375
0
-0.113723
0.0472235

0.906886
0.421375
0
0.910038
0.000316801

-0.583595
-0.133759
-0.800953
0.658688
0.00585803

0.583595
0.133759
0.800953
0.157173
0.0352346

-0.672358
0.305024
-0.674459
-1.52753
0.597054

0.672358
-0.305024
0.674459
0.727131
0.00696297

0.727146
-0.585447
0.358483
0.468238
0.0255109

-0.727146
0.585447
-0.358483
-0.709729
0.263423

0.190127
0.13439
0.972518
0.932251
0.00231063

0.208089
-0.12719
0.969805
0.227667
0.235972

-0.208089
0.12719
-0.969805
-11.3574
60.4052

-0.950969
0.051279
-0.305005
0.960168
4.57847e-05

0.950969
-0.051279
0.305005
0.0103331
0.0281153

0.138332
0.342027
0.929452
0.984856
0.000164599

-0.138332
-0.342027
-0.929452
-36.8596
1016.22

0.641743
0.465786
0.609269
-1.62044
1.34583

-0.641743
-0.465786
-0.609269
-0.858258
0.676911

0.786772
0.386761
0.481046
0.532767
0.0185859

-0.400402
0.612801
0.681288
0.699411
0.00637809

-0.881004
-0.473109
0
-1.08228
0.46576

0.881004
0.473109
0
0.380476
0.0517304

0.347313
0.937749
0
0.622663
0.0169335

-0.125929
-0.194906
-0.972704
-0.0617847
0.0682905

0.125929
0.194906
0.972704
0.596527
0.00986996

0.678798
0.734325
0
-0.118878
0.120303

-0.678798
-0.734325
0
-0.0575836
0.107486

-0.937268
-0.331119
0.109033
0.734641
0.00262319

0.937268
0.331119
-0.109033
0.376857
0.0144617

-0.676881
0.689733
-0.2571
-1.39976
0.474628

0.676881
-0.689733
0.2571
0.801843
0.00324357

0.749935
-0.0320127
-0.660736
-1.17703
0.371776

-0.749935
0.0320127
0.660736
0.785418
0.00366364

-0.366248
-0.315474
-0.875408
0.50621
0.017481

0.366248
0.315474
0.875408
-0.208014
0.103803

-0.102257
-0.778283
0.619531
0.612015
0.0201877

-0.17711
-0.146709
-0.973195
-0.775489
0.271956

0.17711
0.146709
0.973195
0.556128
0.0171903

-0.221836
0.967363
-0.122468
0.146994
0.0295327

0.221836
-0.967363
0.122468
0.799921
0.00164763

0.379963
-0.76563
0.519075
0.81523
0.00672463

-0.364092
0.181327
0.913541
0.875869
0.00148875

-0.205915
-0.896566
-0.392134
-0.42585
0.277684

0.964019
0.265835
0
-2.68262
1.31892

-0.964019
-0.265835
0
0.899573
0.00174319

0.0143203
-0.787678
-0.615921
0.276557
0.0512426

-0.0143203
0.787678
0.615921
-0.590543
0.24725

0.308775
0.540129
0.782892
-0.491436
0.10889

-0.308775
-0.540129
-0.782892
0.896802
0.000522937

0.84264
0.0324664
-0.537499
-1.95995
0.814108

-0.84264
-0.0324664
0.537499
0.825912
0.00328629

-0.0741143
-0.46279
-0.883364
0.425905
0.0111412

0.0741143
0.46279
0.883364
0.764391
0.00187834

0.318538
0.855375
-0.408493
0.469965
0.0193079

-0.318538
-0.855375
0.408493
-0.0817039
0.080301

-0.707533
0.324967
0.62753
-1.74702
1.24052

0.707533
-0.324967
-0.62753
-0.174399
0.226894

0.342114
0.092863
0.935059
0.992078
6.22158e-06

-0.342114
-0.092863
-0.935059
-3.11031
1.38976

-0.00488984
-0.48376
0.875187
0.800039
0.00229295

0.00488984
0.48376
-0.875187
-0.361903
0.102652

-0.00972713
0.792309
0.610043
-0.501763
0.343123

0.00972713
-0.792309
-0.610043
-0.96149
0.585218

0.434159
0.860609
0.266192
0.181982
0.0231566

-0.560989
0.55531
-0.613941
0.227663
0.0281358

0.560989
-0.55531
0.613941
0.656739
0.00560172

0.0726138
0.337465
0.938533
0.674942
0.0203597

-0.336061
0.0470919
-0.940662
-8.72436
23.0889

0.336061
-0.0470919
0.940662
0.823782
0.00760542

0.960829
0.0857584
-0.26354
0.392493
0.0189515

-0.960829
-0.0857584
0.26354
0.444915
0.015824

-0.361072
-0.779837
-0.511352
-0.472624
0.175764

0.361072
0.779837
0.511352
0.488622
0.0212483

-0.114981
0.10246
0.98807
0.980966
1.21636e-05

0.114981
-0.10246
-0.98807
-0.299941
0.0534659

0.153718
-0.285234
0.946051
0.943078
0.000142891

-0.153718
0.285234
-0.946051
-0.503582
0.0973742

0.803923
0.184258
-0.565471
-0.167702
0.0641172

0.0428467
0.481661
0.87531
0.904086
0.000640536

-0.0428467
-0.481661
-0.87531
-1.20351
0.31535

0.667709
-0.644416
0.372683
0.584126
0.0127571

-0.667709
0.644416
-0.372683
-0.434339
0.151452

-0.998888
-0.0471416
0
-0.744599
0.337807

0.998888
0.0471416
0
0.138533
0.082405

0.760372
0.285577
0.583335
0.621402
0.0182172

-0.760372
-0.285577
-0.583335
-2.40736
1.47495

0.167732
0.920022
-0.354156
-6.6754
19.9946

-0.167732
-0.920022
0.354156
-0.46913
0.73263

-0.817956
-0.575281
0
-0.0843654
0.106433

0.706847
0.096829
0.700707
0.865514
0.00434159

-0.706847
-0.096829
-0.700707
-8.88066
23.2197

-0.66789
-0.104906
-0.73683
-2.38213
1.28321

0.66789
0.104906
0.73683
0.75589
0.00669316

-0.186678
-0.0251893
-0.982098
-4.26946
3.61416

0.186678
0.0251893
0.982098
0.914404
0.00095441

-0.538599
0.608933
0.582333
0.918195
0.00135314

0.538599
-0.608933
-0.582333
-7.80551
15.6565

-0.476278
-0.145996
0.86709
0.851799
0.00528065

0.476278
0.145996
-0.86709
-8.82663
23.1837

0.594136
-0.782449
-0.186481
-0.0294292
0.0938887

-0.594136
0.782449
0.186481
0.0226833
0.0846245

0.390202
0.789661
0.473474
0.985504
7.58038e-05

-0.390202
-0.789661
-0.473474
-17.7866
126.95

0.22375
-0.419882
0.879565
0.00750017
0.0779446

-0.22375
0.419882
-0.879565
0.199665
0.0507571

-0.275923
-0.218701
0.935968
0.479904
0.0863515

0.275923
0.218701
-0.935968
-9.53186
35.4046

-0.138453
-0.579548
0.803091
0.77565
0.0029709

-0.622752
-0.0274985
0.781936
0.436837
0.0181068

0.622752
0.0274985
-0.781936
0.264441
0.03088

-0.193518
0.891066
0.410551
0.613443
0.0167283

0.193518
-0.891066
-0.410551
-1.81798
0.888539

0.667445
-0.353598
-0.655351
0.839506
0.00454187

-0.667445
0.353598
0.655351
-5.68738
7.86218

0.247629
0.968855
0
0.238697
0.0319072

-0.247629
-0.968855
0
0.49854
0.0138462

0.592293
-0.15591
-0.790494
-1.05265
0.238032

-0.592293
0.15591
0.790494
0.936544
0.00023337

0.243722
0.352389
0.90356
0.884651
0.000657507

-0.929037
-0.0551526
0.365854
0.535168
0.0205072

0.929037
0.0551526
-0.365854
-1.00511
0.38104

0.110057
0.714335
-0.691096
0.139174
0.035846

-0.110057
-0.714335
0.691096
0.687877
0.00477082

-0.522329
0.0601521
-0.85062
-17.0212
126.039

0.522329
-0.0601521
0.85062
0.908055
0.00328343

0.644157
0.169695
-0.745832
0.465137
0.0281632

0.587466
0.698411
0.408786
0.446968
0.012974

-0.587466
-0.698411
-0.408786
0.589007
0.00717625

0.121995
0.992531
0
0.847233
0.000490961

-0.62656
-0.285462
-0.725213
0.513913
0.0150639

-0.0631719
-0.871446
-0.486406
-0.117219
0.162975

0.0631719
0.871446
0.486406
-0.900754
0.471539

-0.31945
-0.83705
-0.444182
0.434051
0.0147828

0.31945
0.83705
0.444182
0.518813
0.0106869

-0.282181
-0.523137
0.804177
-0.182148
0.197804

0.282181
0.523137
-0.804177
-1.1016
0.624995

-0.0920375
0.639286
-0.763441
0.482947
0.0131655

0.0920375
-0.639286
0.763441
0.402897
0.0175494

-0.307119
0.951671
0
0.621142
0.00770985

0.307119
-0.951671
0
0.196692
0.0331454

-0.413724
-0.128324
0.901313
0.929646
0.000889941

-0.458784
0.64908
0.606805
0.732982
0.00538477

0.458784
-0.64908
-0.606805
-0.462492
0.13759

0.235367
-0.615231
0.752392
0.27054
0.0199662

-0.0913371
-0.330987
0.939204
0.956901
0.000123174

0.0913371
0.330987
-0.939204
-1.11186
0.240974

0.126404
0.512242
-0.849488
0.13464
0.364099

-0.126404
-0.512242
0.849488
-14.6307
118.789

0.70557
-0.512542
0.489359
0.504136
0.016901

-0.70557
0.512542
-0.489359
-0.13391
0.0881642

0.352554
0.163322
-0.921429
-0.387683
0.116318

-0.352554
-0.163322
0.921429
0.746876
0.00389148

-0.241983
0.968626
-0.0566456
0.194484
0.0955318

-0.932551
0.119107
-0.340826
0.787622
0.00143185

0.932551
-0.119107
0.340826
0.445194
0.00976975

-0.497793
0.797028
0.341978
0.336369
0.0322786

0.497793
-0.797028
-0.341978
-0.017261
0.0758062

-0.818494
0.118308
-0.562201
-0.00832903
0.0521468

0.818494
-0.118308
0.562201
0.71471
0.00418433
