
0.988556
0.0298481
-0.147871
-1.83691
0.796979

-0.988556
-0.0298481
0.147871
0.750753
0.00620138

-0.293537
-0.568117
0.768816
0.732511
0.00400494

0.293537
0.568117
-0.768816
0.388277
0.0163239

-0.617843
0.037199
0.785421
0.99321
1.56606e-05

0.617843
-0.037199
-0.785421
-14.1263
65.0007

0.391069
0.505633
0.769025
-10.415
36.7394

-0.391069
-0.505633
-0.769025
0.813969
0.00982398

0.287858
0.188549
0.938929
-0.540868
0.160483

-0.287858
-0.188549
-0.938929
0.712305
0.00562614

0.0692608
0.925598
0.372118
-0.807923
0.237667

-0.0692608
-0.925598
-0.372118
0.741609
0.00487349

-0.0518776
0.485953
0.872444
0.820886
0.010643

0.0518776
-0.485953
-0.872444
-12.8705
63.8055

0.598422
-0.502905
0.623681
0.102155
0.0248183

-0.598422
0.502905
-0.623681
0.927635
0.000177074

0.366055
0.771466
-0.520426
-0.338882
0.142693

-0.366055
-0.771466
0.520426
0.43754
0.0252368

-0.442517
0.280468
-0.851773
-0.691744
0.210652

0.442517
-0.280468
0.851773
0.692027
0.00709298

0.759702
-0.188504
0.62235
0.744168
0.00520588

-0.759702
0.188504
-0.62235
-1.03653
0.326527

-0.593726
0.4397
0.673909
0.832101
0.00548143

0.593726
-0.4397
-0.673909
-6.4622
10.805

-0.205606
-0.308688
0.928676
0.860589
0.00049884

0.0755931
-0.592454
0.80205
0.823783
0.00764689

0.573928
-0.77314
0.269928
0.572812
0.00420576

0.505634
0.745437
0.434347
-0.755314
0.477621

-0.505634
-0.745437
-0.434347
-0.755314
0.477621

0.647124
-0.495185
-0.579675
-1.2702
0.551069

-0.647124
0.495185
0.579675
0.478763
0.0291329

-0.281313
0.153564
-0.947249
-5.54154
6.05802

0.281313
-0.153564
0.947249
0.964821
0.000175393

0.209459
0.103155
-0.972361
0.973243
3.51035e-05

-0.300696
0.888476
-0.346688
-1.0619
0.38956

0.300696
-0.888476
0.346688
0.599585
0.014715

0.226736
0.92612
0.301485
0.61531
0.0235114

-0.226736
-0.92612
-0.301485
-3.60944
3.3728

0.499479
-0.820888
0.276883
0.93841
0.000268368

-0.285216
0.958463
0
0.992259
7.41885e-06

-0.592954
0.126541
-0.795231
-5.63558
7.83594

0.592954
-0.126541
0.795231
0.821672
0.00566689

0.00139099
-0.568447
0.822719
0.814381
0.00301521

-0.00139099
0.568447
-0.822719
-1.65587
0.616372

-0.205079
0.440938
-0.873794
0.148302
0.0908348

0.205079
-0.440938
0.873794
-1.15565
0.580342

0.82592
0.145856
-0.544594
0.508974
0.00986138

-0.82592
-0.145856
0.544594
0.564411
0.00776136

0.055681
0.531076
-0.845493
-13.311
64.4057

-0.055681
-0.531076
0.845493
0.909858
0.00256512

0.559208
0.499004
0.662028
0.788284
0.00450053

-0.279265
-0.145572
0.949115
0.727744
0.00681913

-0.867818
0.496883
0
0.660511
0.0115512

-0.6309
-0.467324
-0.619333
-0.563815
0.127607

0.6309
0.467324
0.619333
0.889052
0.00103502

-0.980103
-0.198491
0
0.859833
0.000546933

0.0199127
-0.986952
-0.159781
-0.472623
0.175707

0.413029
-0.471309
-0.779278
0.817713
0.00477436

0.697608
0.0916753
0.710591
0.701905
0.00429655

-0.697608
-0.0916753
-0.710591
0.110641
0.0381835

0.645775
0.763528
0
-1.81798
0.875264

-0.645775
-0.763528
0
0.613443
0.0203201

0.319373
-0.474137
0.820485
0.787756
0.00281147

-0.319373
0.474137
-0.820485
-0.519505
0.140242

-0.996835
-0.0560388
-0.0563919
-0.598566
0.136211

0.996835
0.0560388
0.0563919
0.882228
0.000739542

0.269107
0.892003
0.363198
0.471903
0.033335

-0.269107
-0.892003
-0.363198
-1.67346
0.854103

-0.734377
0.413381
0.538336
-0.253174
0.134304

0.734377
-0.413381
-0.538336
0.274509
0.0450665

0.809333
0.108764
0.577192
0.778246
0.0123465

-0.809333
-0.108764
-0.577192
-8.57616
22.9418

0.654056
-0.522223
0.54726
0.941268
0.000208984

-0.654056
0.522223
-0.54726
-1.13712
0.262837

-0.657132
0.559306
0.505326
0.636025
0.00842132

0.657132
-0.559306
-0.505326
-0.217944
0.093849

0.357208
0.269621
0.894264
0.348026
0.0438155

-0.357208
-0.269621
-0.894264
-0.867193
0.358947

-0.375719
0.713389
-0.591533
-0.816471
0.299015

0.375719
-0.713389
0.591533
0.51162
0.0216914

-0.17316
-0.795091
0.581244
0.555871
0.0399107

0.17316
0.795091
-0.581244
-5.0801
7.47807

0.965959
-0.176135
-0.189469
-1.02279
0.32497

-0.965959
0.176135
0.189469
0.732523
0.00568729

0.684751
-0.399428
-0.609568
-3.20765
2.6699

-0.684751
0.399428
0.609568
0.59274
0.0250964

0.64978
0.421266
0.632709
0.0555689
0.226136

-0.245962
-0.341827
-0.907004
-2.91524
1.59677

0.245962
0.341827
0.907004
0.899296
0.00106874

-0.446832
-0.100508
0.888954
-0.890978
0.26453

0.446832
0.100508
-0.888954
0.752958
0.00454086

-0.259136
-0.767353
-0.58653
-6.24991
10.6646

0.259136
0.767353
0.58653
0.755418
0.01215

-0.519784
0.725334
0.451348
-1.79619
0.459711

0.519784
-0.725334
-0.451348
0.98913
8.29859e-06

-0.503019
-0.625561
0.59636
-23.767
300.505

0.503019
0.625561
-0.59636
0.961409
0.000730113

-0.369761
0.050308
-0.927764
0.824052
0.00258565

-0.77915
0.216353
0.588316
-0.0962647
0.0813399

0.77915
-0.216353
-0.588316
0.496926
0.0171869

-0.998074
0.0620387
0
-0.0532813
0.0822925

0.998074
-0.0620387
0
0.345205
0.0318086

-0.0429291
0.953972
-0.296806
0.987644
1.12515e-05

0.0429291
-0.953972
0.296806
-2.30845
0.759116

0.151818
-0.761651
-0.629952
-1.77151
0.510031

-0.151818
0.761651
0.629952
0.963551
9.69553e-05

0.270309
-0.12822
-0.954197
-1.37121
2.13846

-0.270309
0.12822
0.954197
-5.96847
18.4685

-0.302911
-0.427401
-0.851806
0.71749
0.00397551

0.302911
0.427401
0.851806
0.0354621
0.0462427

-0.977888
-0.209132
0
0.13881
0.0452751

0.977888
0.209132
0
0.457551
0.0179759

-0.280127
-0.00599922
-0.959944
-17.5798
126.759

0.280127
0.00599922
0.959944
0.971427
0.000303816

-0.332056
0.579615
0.744168
0.71617
0.00204522

0.332056
-0.579615
-0.744168
0.731935
0.00182938

-0.252544
0.17562
-0.951514
0.715052
0.00796573

-0.874585
0.484873
0
0.549105
0.0298767

-0.649177
-0.455939
0.608842
0.586985
0.0123446

0.649177
0.455939
-0.608842
-0.388188
0.138713

-0.600178
0.635166
0.486159
0.545795
0.0207023

0.600178
-0.635166
-0.486159
-1.21503
0.49204

0.47014
0.179112
0.864227
0.940916
0.000323334

-0.47014
-0.179112
-0.864227
-2.41264
0.99007

-0.52425
-0.80547
-0.276368
0.364183
0.0249003

0.0330786
-0.123926
-0.99174
-0.544677
0.224236

-0.0330786
0.123926
0.99174
0.313476
0.044319

-0.132382
-0.0422053
-0.9903
-1.2493
0.268206

0.132382
0.0422053
0.9903
0.973939
3.69707e-05

-0.440574
0.175321
0.88043
0.953415
8.04438e-05

0.440574
-0.175321
-0.88043
-0.298707
0.0620612

-0.437818
0.8021
-0.406142
-0.333673
0.244972

0.437818
-0.8021
0.406142
-0.806019
0.44911

0.564569
0.582485
0.584785
0.502504
0.0141336

-0.0284559
0.947977
0.317064
0.0264668
0.59936

0.0284559
-0.947977
-0.317064
-20.2015
284.234

0.0842378
0.482045
0.872087
0.966227
0.000100697

0.883585
-0.0392748
0.46662
0.772842
0.0103807

-0.468882
0.542746
-0.696833
0.792948
0.00171323

0.468882
-0.542746
0.696833
0.184884
0.0264729

-0.317521
-0.129803
0.939325
0.92372
0.00152913

0.317521
0.129803
-0.939325
-10.9188
37.2698

-0.45625
-0.711553
0.534349
0.77247
0.00329131

0.45625
0.711553
-0.534349
-0.551276
0.151414

0.681477
0.650125
0.336047
0.36788
0.0462983

-0.681477
-0.650125
-0.336047
-1.30385
0.614578

-0.579052
-0.162868
0.798857
0.724166
0.010842

0.579052
0.162868
-0.798857
-3.41336
2.74968

0.647302
0.361972
-0.670803
0.827778
0.00162947

-0.647302
-0.361972
0.670803
0.382678
0.0138052

-0.0540733
0.428002
-0.902159
-0.15979
0.159021

0.0540733
-0.428002
0.902159
-0.5289
0.276105

0.535868
0.844302
0
0.0156457
0.118793

-0.535868
-0.844302
0
-0.683301
0.330516

-0.176396
0.262211
0.948752
0.947009
0.00208549

-0.391024
-0.437435
0.809784
0.793124
0.00212095

0.0367209
0.222076
-0.974338
-0.174399
0.227059

-0.0367209
-0.222076
0.974338
-1.74702
1.24017

-0.747717
0.191678
0.63575
0.0588539
0.0558998

-0.222296
0.974979
0
0.968857
4.54186e-05

0.375985
-0.200046
0.904775
0.877619
0.00236312

-0.375985
0.200046
-0.904775
-5.15346
5.93639

0.0196313
0.651074
0.758761
0.662091
0.0150296

-0.0196313
-0.651074
-0.758761
-2.7078
1.79654

0.968483
0.0543553
0.243078
0.106425
0.0699839

-0.968483
-0.0543553
-0.243078
-0.0972235
0.105509

-0.128083
-0.227958
0.96521
0.949489
0.000205758

0.597891
-0.0564409
-0.799588
-7.50148
15.4551

-0.597891
0.0564409
0.799588
0.843696
0.00528434

0.7238
0.0794825
-0.685417
0.993377
1.82834e-06

-0.7238
-0.0794825
0.685417
-0.446786
0.064616

0.384063
-0.515697
-0.765867
-0.925439
0.267909

-0.384063
0.515697
0.765867
0.781229
0.00352833

-0.18517
0.480109
-0.857442
-0.892695
0.245381

0.18517
-0.480109
0.857442
0.810611
0.00247608

0.169995
0.098541
0.980506
0.712305
0.00573793

-0.169995
-0.098541
-0.980506
-0.540868
0.160644

0.582329
-0.563316
0.586147
0.853724
0.00859652

-0.582329
0.563316
-0.586147
-16.6994
125.415

0.631479
-0.282384
0.722145
0.82408
0.00162532

-0.631479
0.282384
-0.722145
-0.332691
0.0929055

-0.0699081
-0.099751
-0.992554
-37.053
1016.24

0.0699081
0.099751
0.992554
0.991648
5.39923e-05

-0.212504
0.714187
-0.666918
-0.639382
0.180719

-0.0036438
0.492652
-0.870219
-1.31276
0.385809

0.0036438
-0.492652
0.870219
0.870268
0.00127075

0.419947
0.907548
0
0.576545
0.0240836

-0.419947
-0.907548
0
-2.13802
1.21093

-0.948442
0.253444
-0.190327
-0.549532
0.209819

0.948442
-0.253444
0.190327
0.427486
0.0286508

-0.444232
0.168038
-0.880012
0.953171
2.89877e-05

0.444232
-0.168038
0.880012
0.685087
0.0012767

0.132093
-0.722752
-0.678367
0.923278
0.000221727

-0.132093
0.722752
0.678367
-0.159039
0.0505464

0.285396
-0.46891
-0.835866
0.464607
0.02084

-0.217256
0.431103
0.875757
0.112499
0.0632106

0.217256
-0.431103
-0.875757
0.0697353
0.0694486

-0.106678
0.250804
0.962142
0.982834
6.23404e-05

0.423951
0.269395
0.864692
0.898515
0.00077138

-0.22106
0.19516
0.955534
0.913128
0.000672124

-0.899388
-0.399828
-0.176747
0.49854
0.0138476

0.899388
0.399828
0.176747
0.238697
0.031909

-0.570374
-0.682712
0.456703
0.512939
0.065807

0.570374
0.682712
-0.456703
-7.946
22.1807

-0.476509
0.32792
0.815725
-2.43261
1.96341

0.476509
-0.32792
-0.815725
0.141845
0.122976

-0.0405073
0.819227
-0.572037
0.754053
0.00134169

-0.367628
0.7931
0.485637
-0.79432
0.488188

0.367628
-0.7931
-0.485637
-0.64169
0.408687

0.585319
-0.396968
0.706978
0.98253
1.29785e-05

-0.585319
0.396968
-0.706978
-0.755711
0.125146

0.638753
-0.71538
-0.283242
0.334371
0.0394008

-0.638753
0.71538
0.283242
-0.435911
0.183336

-0.851653
-0.356764
-0.383936
0.236596
0.0212472

-0.31049
-0.377703
0.872317
0.906985
0.00126169

0.5853
-0.810817
0
-0.650831
0.194531

-0.5853
0.810817
0
0.711945
0.00727236

-0.187417
0.611196
0.76897
0.979414
2.30437e-05

0.187417
-0.611196
-0.76897
-0.53835
0.0876001

0.81395
-0.345782
-0.466818
-2.50564
1.99808

-0.81395
0.345782
0.466818
0.229717
0.0964756

0.107351
0.380549
-0.918509
0.556632
0.00812486

-0.107351
-0.380549
0.918509
0.51176
0.00984628

0.738935
-0.028471
-0.673176
0.244772
0.0328729

-0.738935
0.028471
0.673176
0.442246
0.0179396

-0.291875
-0.475947
0.829629
0.903342
0.00071683

0.367468
0.427863
0.825772
0.93218
0.00144858

-0.367468
-0.427863
-0.825772
-13.4566
64.538

-0.273538
0.166611
-0.947321
-1.47025
0.587314

0.273538
-0.166611
0.947321
0.680968
0.00994889

-0.0115085
-0.0243538
-0.999637
-4.6662
3.6817

0.0115085
0.0243538
0.999637
0.986668
2.85249e-05

0.186315
-0.049308
0.981252
0.99239
3.1706e-05

-0.448315
0.194337
-0.872495
0.998281
1.82667e-06

0.448315
-0.194337
0.872495
-18.1272
127.038

0.148184
-0.566962
-0.810305
-1.19546
0.444768

-0.148184
0.566962
0.810305
0.636047
0.0142031

0.00746884
0.83883
-0.544342
0.696582
0.00318136

-0.00746884
-0.83883
0.544342
0.508512
0.00834134

-0.200519
-0.824354
-0.52937
-1.16577
0.339619

0.200519
0.824354
0.52937
0.837866
0.00232084

-0.490126
-0.436123
-0.754701
0.0717911
0.0602877

0.490126
0.436123
0.754701
0.33086
0.0313325

0.443145
0.84944
0.286485
-0.0026294
0.0252329

-0.34171
-0.402906
0.849059
0.931673
2.59038e-05

-0.0119903
0.482685
-0.875712
0.836289
0.0146539

0.0119903
-0.482685
0.875712
-21.6043
255.769

-0.761352
0.248574
0.598793
-24.4888
301.234

0.761352
-0.248574
-0.598793
0.997434
3.6163e-06

0.552481
0.765281
0.330317
0.418468
0.0125175

0.420636
-0.186675
0.887816
0.785462
0.0156139

-0.420636
0.186675
-0.887816
-12.7304
63.5365

0.57842
0.808988
0.104733
0.192223
0.0392829

-0.57842
-0.808988
-0.104733
0.431783
0.019439

0.00830437
0.954968
-0.296592
0.458316
0.0154416

-0.00830437
-0.954968
0.296592
0.3484
0.022337

0.167868
-0.745492
0.645029
0.351884
0.0202794

-0.167868
0.745492
-0.645029
0.54992
0.00981483

0.411967
-0.0482249
0.909922
0.912553
0.00244278

-0.411967
0.0482249
-0.909922
-13.3274
64.3898

0.707103
0.70711
0
0.947906
0.0443567

0.397855
0.132509
-0.907829
-3.00231
2.57768

-0.397855
-0.132509
0.907829
0.426987
0.0530847

0.778876
-0.295389
0.553261
0.874246
0.00126141

0.277315
0.653781
-0.704036
-0.302863
0.110587

-0.277315
-0.653781
0.704036
0.647706
0.00810524

-0.975808
-0.20174
0.0842657
0.904392
0.00153118

0.975808
0.20174
-0.0842657
-5.91053
7.96471

-0.644509
0.764597
0
0.7614
0.00432738

0.644509
-0.764597
0
0.427665
0.0157662

-0.491669
0.529657
0.691177
0.573368
0.0148024

0.799716
0.510287
-0.316325
-0.149462
0.0402563

-0.799716
-0.510287
0.316325
0.971134
2.58186e-05

-0.806886
-0.481486
0.342208
-0.177966
0.183997

0.43391
-0.814016
-0.386136
0.651149
0.00633398

-0.43391
0.814016
0.386136
0.102354
0.0417097

0.308516
-0.915697
0.25752
0.419446
0.0339658

-0.308516
0.915697
-0.25752
-0.915887
0.367007

0.170714
0.788334
0.591088
0.832556
0.000556237

-0.170714
-0.788334
-0.591088
0.738368
0.00132652

0.133014
0.18741
0.973234
0.872277
0.000419735

-0.133014
-0.18741
-0.973234
0.469159
0.00718135

-0.461223
-0.352391
-0.814306
-0.142348
0.116178

0.645632
0.412701
-0.642524
0.787327
0.00273567

-0.645632
-0.412701
0.642524
-0.472799
0.128991

-0.355946
0.903872
-0.237313
0.626756
0.0154987

0.355946
-0.903872
0.237313
-1.83332
0.89196

0.958341
-0.233938
0.163879
0.983227
3.07069e-05

0.228366
-0.454322
-0.861069
-1.19253
0.649784

-0.228366
0.454322
0.861069
-0.006145
0.137083

0.973961
0.201946
-0.103046
0.862899
0.00100721

-0.973961
-0.201946
0.103046
-0.523347
0.124247

-0.670199
-0.488599
-0.558662
-0.544677
0.224279

0.670199
0.488599
0.558662
0.313476
0.044375

-0.60199
0.344864
0.720192
0.938906
0.000199431

0.60199
-0.344864
-0.720192
-0.70931
0.141462

-0.216611
0.519272
0.826702
0.922084
0.00236474

0.731285
0.140066
0.667535
0.945478
0.000361762

-0.731285
-0.140066
-0.667535
-3.99485
2.91267

0.699451
0.459717
0.547201
0.650751
0.032263

-0.43109
0.8866
0.167637
0.913003
0.00137874

0.56652
-0.534789
0.626942
0.399293
0.0587769

-0.56652
0.534789
-0.626942
-2.97202
2.56446

0.233081
0.78569
0.573031
0.470148
0.0382133

-0.233081
-0.78569
-0.573031
-2.23411
1.42037

-0.301131
-0.953583
0
0.31853
0.281192

0.301131
0.953583
0
-20.8829
288.284

0.135838
0.408316
0.902677
0.87209
0.000469657

-0.135838
-0.408316
-0.902677
0.374276
0.0111042

0.760884
-0.546227
-0.350274
-4.72102
4.59814

-0.760884
0.546227
0.350274
0.910609
0.0011292

-0.272931
0.624863
0.731475
0.802663
0.00376744

0.683222
0.223207
-0.69526
0.974333
4.42317e-05

-0.683222
-0.223207
0.69526
-1.94321
0.580362

0.325699
-0.0447299
-0.944415
-13.6422
64.7371

-0.325699
0.0447299
0.944415
0.955796
0.00059604

0.970147
0.00253724
0.242504
0.223628
0.0195577

-0.970147
-0.00253724
-0.242504
0.875077
0.000510138

0.0909294
0.629867
-0.771362
-1.14538
0.479575

-0.0909294
-0.629867
0.771362
0.463653
0.0300105

-0.198015
0.971924
0.127096
-0.539073
0.351743

0.198015
-0.971924
-0.127096
-0.831635
0.498175

-0.180855
-0.501949
-0.845777
-0.613959
0.179556

0.180855
0.501949
0.845777
0.732042
0.00653716

0.445472
-0.334647
0.830401
0.790661
0.00167086

-0.896688
-0.108447
-0.429173
-0.660936
0.222577

0.896688
0.108447
0.429173
0.584764
0.0139463

0.867843
0.496839
0
0.419573
0.0219703

-0.867843
-0.496839
0
0.0853492
0.0544695

0.442986
0.178463
0.878586
0.874246
0.00131161

-0.442986
-0.178463
-0.878586
-1.6417
0.553807

0.409327
-0.871624
0.269673
0.508183
0.0225864

-0.409327
0.871624
-0.269673
-0.895095
0.335112

-0.655449
-0.75524
0
0.544207
0.0102827

0.655449
0.75524
0
0.40252
0.0173136

0.521498
-0.638705
-0.56577
0.92028
0.000148638

-0.521498
0.638705
0.56577
0.492562
0.00548849

-0.915524
0.402264
0
0.242802
0.0961384

0.915524
-0.402264
0
-2.02876
1.31039

-0.504876
0.0597393
-0.861122
-3.49989
2.33653

0.504876
-0.0597393
0.861122
0.906391
0.00105275

-0.325357
0.87914
-0.348218
0.89227
0.000321063

-0.265883
-0.0207557
0.963782
-23.7911
300.547

0.265883
0.0207557
-0.963782
0.963327
0.000658104

0.560398
-0.400666
0.724859
0.843696
0.00527428

-0.327908
0.542079
0.77371
0.199069
0.0301729

0.347166
0.349206
-0.870363
-1.31701
0.463781

-0.347166
-0.349206
0.870363
0.742554
0.00573232

0.843574
0.113192
-0.524949
0.0456748
0.0333035

0.399596
-0.0803016
0.913167
0.914897
0.000743186

0.849919
-0.124634
-0.511962
0.79451
0.00189705

-0.849919
0.124634
0.511962
0.0187787
0.0431059

0.711211
-0.287444
0.641526
-6.35561
19.328

-0.711211
0.287444
-0.641526
-0.838898
1.20808

0.930653
-0.271357
-0.245461
0.490766
0.0136837

-0.930653
0.271357
0.245461
0.306878
0.0253413

-0.888485
0.426548
-0.169266
-0.198895
0.1365

0.888485
-0.426548
0.169266
0.0402274
0.0874834

-0.140262
-0.0990071
-0.985152
-5.54154
6.04927

0.140262
0.0990071
0.985152
0.964821
0.000195747

-0.567518
0.503671
-0.651337
0.982593
2.90869e-05

-0.103833
0.17228
0.97956
0.984817
7.56896e-05

0.103833
-0.17228
-0.97956
-13.97
64.9145

-0.906813
0.0632794
0.416757
0.32312
0.0355939

0.906813
-0.0632794
-0.416757
-0.112557
0.0960841

0.706174
-0.209904
0.676209
0.721379
0.00212163

0.771294
0.142961
0.620217
0.90465
0.00169026

-0.771294
-0.142961
-0.620217
-6.72338
10.9442

0.220181
-0.293681
0.9302
0.337997
0.0689034

-0.220181
0.293681
-0.9302
-2.60424
2.04191

0.079078
-0.814962
0.574094
0.513323
0.0249533

-0.079078
0.814962
-0.574094
-1.3
0.556883

0.19956
-0.446221
-0.872389
0.722363
0.00760532

-0.19956
0.446221
0.872389
-1.65247
0.683591

-0.840841
0.541282
0
0.229861
0.0380228

0.840841
-0.541282
0
0.335955
0.02837

-0.907266
-0.0908126
0.410635
0.458157
0.0111187

0.907266
0.0908126
-0.410635
0.668872
0.00415334

-0.275686
-0.181816
0.943896
0.40348
0.0457032

0.574098
0.41902
0.703444
0.116821
0.105553

-0.574098
-0.41902
-0.703444
-1.40444
0.782029

-0.332575
-0.575833
-0.746867
0.964133
7.99046e-05

0.332575
0.575833
0.746867
-1.55764
0.404605

-0.512711
-0.710915
-0.48138
0.588091
0.00570617

0.512711
0.710915
0.48138
0.650696
0.0041059

-0.412428
0.368134
0.833295
0.661107
0.0222951

0.412428
-0.368134
-0.833295
-5.26613
7.61058

-0.454769
0.777378
-0.434591
-1.48958
0.724805

0.454769
-0.777378
0.434591
0.432898
0.0376121

-0.151207
0.115519
0.981729
0.169065
0.0234332

0.287005
-0.0593963
-0.956086
-1.73333
0.972822

-0.287005
0.0593963
0.956086
0.351266
0.0550775

0.545732
0.677261
0.493451
-1.08459
0.760329

-0.545732
-0.677261
-0.493451
-0.881323
0.619307

0.00126221
-0.364341
0.931265
-0.0192149
0.267566

-0.00126221
0.364341
-0.931265
-5.09011
9.55289

0.118584
-0.365252
0.923325
0.898901
0.000409619

-0.00492793
-0.795007
0.60658
0.719284
0.00502154

0.00492793
0.795007
-0.60658
-0.404548
0.124445

-0.833992
0.551776
0
0.99267
3.42393e-06

-0.42844
0.866778
0.255216
-4.46022
8.74465

0.42844
-0.866778
-0.255216
-0.784278
0.933869

0.0884582
0.920113
-0.381532
0.998392
3.18103e-07

-0.0884582
-0.920113
0.381532
-2.6017
0.877593

-0.700378
-0.596014
-0.392732
0.935582
0.00108738

0.679357
0.599904
0.422598
0.455683
0.0191989

-0.679357
-0.599904
-0.422598
0.0428171
0.0593497

0.146136
0.259701
-0.954568
0.929958
0.000355275

-0.146136
-0.259701
0.954568
-1.10723
0.261025

-0.58058
0.209858
-0.786693
-6.03685
10.5025

0.58058
-0.209858
0.786693
0.660924
0.0243991

0.333597
0.607061
-0.721242
-10.856
37.2141

-0.333597
-0.607061
0.721242
0.912894
0.00201562

0.544024
-0.519174
-0.659164
-1.03754
0.202842

-0.544024
0.519174
0.659164
0.973117
4.23702e-05

0.445947
-0.21862
0.86795
0.849907
0.000596385

0.252845
-0.242284
0.936679
0.628505
0.00515183

-0.252845
0.242284
-0.936679
0.550492
0.00749204

0.45026
0.792744
0.410881
-0.0600319
0.0937557

0.947153
-0.131102
-0.292767
-0.352441
0.135928

-0.947153
0.131102
0.292767
0.535095
0.0163218

0.192044
-0.75546
0.626418
0.204256
0.0943714

-0.192044
0.75546
-0.626418
-1.99848
1.33797

0.0780642
-0.361783
-0.928988
0.275932
0.0588654

-0.0780642
0.361783
0.928988
-1.01129
0.454085

0.408704
-0.454656
0.791359
0.692448
0.0219191

-0.0880902
-0.621186
-0.778696
0.75499
0.00578551

-0.433787
-0.470918
0.768156
0.995422
4.15964e-06

0.273745
0.885202
-0.37614
-1.2312
0.451525

-0.273745
-0.885202
0.37614
0.669941
0.00990509

0.0915437
0.421326
-0.902277
-13.579
64.6892

-0.0915437
-0.421326
0.902277
0.948345
0.000814925

0.837978
-0.331926
-0.433148
0.934385
0.000595632

0.47052
0.591913
-0.654409
-1.17437
0.484794

-0.47052
-0.591913
0.654409
0.499024
0.0258362

0.0745453
-0.908417
-0.411366
-1.80956
0.707381

-0.0745453
0.908417
0.411366
0.825065
0.00301813

-0.494766
-0.358657
-0.791563
0.884598
0.000596456

-0.877984
-0.47869
0
-2.3666
2.5572

0.877984
0.47869
0
-0.968696
0.894647

0.8242
-0.0284205
0.565586
0.483495
0.0222461

-0.282938
-0.287443
0.915053
0.900051
0.000186417

-0.717685
0.0507289
-0.694517
-1.09187
0.514453

0.717685
-0.0507289
0.694517
0.233663
0.0690582

0.335926
-0.431836
0.837061
0.760122
0.00383863

-0.335926
0.431836
-0.837061
-0.643669
0.179771

-0.686558
-0.0855157
-0.722028
-1.17703
0.371812

0.686558
0.0855157
0.722028
0.785418
0.00362771

0.109566
0.396747
-0.911366
0.343148
0.0181151

-0.109566
-0.396747
0.911366
0.674378
0.00447265

0.0717912
0.971165
0.22734
0.0219582
0.0486918

0.91196
0.410279
0
0.884333
0.00324922

0.732948
-0.194506
-0.651886
0.553733
0.0289792

-0.732948
0.194506
0.651886
-2.83987
2.13791

0.299494
0.779077
0.550765
-0.01139
0.224943

-0.299494
-0.779077
-0.550765
-3.81458
5.09408

-0.699001
-0.0759298
-0.711079
-2.85366
2.94973

0.699001
0.0759298
0.711079
-0.13067
0.253941

0.581271
-0.0449087
-0.81247
0.500272
0.0223103

-0.581271
0.0449087
0.81247
-0.732707
0.26649

-0.566684
0.688338
0.452835
0.770138
0.0152551

0.566684
-0.688338
-0.452835
-10.2632
36.5596

-0.045153
0.322105
0.945627
0.941984
0.00130455

-0.206883
0.48685
0.848632
0.897738
0.00409035

0.206883
-0.48685
-0.848632
-16.9535
125.92

0.365522
-0.383554
0.848104
0.893363
0.00137697

0.924647
-0.3673
0.100589
-0.379169
0.31403

-0.924647
0.3673
-0.100589
-1.45187
0.992487

0.481239
-0.704296
-0.521897
0.996857
5.11569e-06

-0.481239
0.704296
0.521897
-24.4617
301.235

0.763613
-0.0556431
-0.643273
-0.127164
0.0596582

-0.763613
0.0556431
0.643273
0.821117
0.00154072

0.145406
0.44067
0.885814
0.729006
0.00925556

-0.145406
-0.44067
-0.885814
-2.8109
1.82886

0.38865
-0.831536
0.39686
-1.6216
0.551755

-0.38865
0.831536
-0.39686
0.864291
0.00150052

-0.655745
-0.535183
-0.53252
-4.75513
5.74962

0.655745
0.535183
0.53252
0.721452
0.0135148

0.695459
-0.164883
0.699393
0.240485
0.0297558

0.709492
0.0287944
-0.704125
0.117231
0.0549474

-0.709492
-0.0287944
0.704125
0.281836
0.0363765

-0.871458
0.431954
0.232328
0.357584
0.0099424

0.32363
0.531178
0.783016
0.58304
0.0280232

-0.44177
0.0552253
0.895427
0.908055
0.00637175

-0.128313
-0.518596
0.845336
-1.88991
0.644563

0.128313
0.518596
-0.845336
0.924184
0.000444526

-0.0622929
-0.816851
-0.573475
-1.39783
0.32723

0.0622929
0.816851
0.573475
0.970623
5.49634e-05

-0.432574
0.581897
0.688676
0.445261
0.0267874

0.432574
-0.581897
-0.688676
-0.560879
0.211253

-0.500624
0.552528
-0.666399
-0.348528
0.197349

0.500624
-0.552528
0.666399
-0.114485
0.134844

-0.143613
-0.631299
0.762126
0.835393
0.00892352

0.143613
0.631299
-0.762126
-12.9324
63.9015

0.275634
-0.828561
-0.487353
-0.142745
0.0934913

-0.275634
0.828561
0.487353
0.456483
0.0211909

-0.728191
0.240186
-0.64191
0.529132
0.00962106

0.728191
-0.240186
0.64191
0.487978
0.0113758

-0.390424
-0.203053
-0.897964
-0.184373
0.0871882

0.0311361
-0.67523
-0.73695
-1.48958
0.724607

-0.0311361
0.67523
0.73695
0.432898
0.0377443

-0.404039
-0.0229769
-0.914453
-0.755314
0.477706

0.404039
0.0229769
0.914453
-0.755314
0.477706

-0.100097
0.669032
0.736462
0.159948
0.065674

0.100097
-0.669032
-0.736462
-0.296718
0.156459

-0.471276
-0.323943
-0.820341
0.0688088
0.134374

0.471276
0.323943
0.820341
-1.89988
1.30063

-0.520297
-0.816028
0.251773
0.686042
0.00602248

-0.546707
-0.118453
-0.828903
-1.47771
0.395532

-0.485722
0.563588
0.668164
-2.66948
2.82686

0.485722
-0.563588
-0.668164
-0.406214
0.41538

0.890617
-0.310372
-0.332371
0.988876
5.84803e-06

-0.6743
-0.260425
0.691012
-0.323076
0.0768851

-0.374245
-0.132594
0.917801
0.658559
0.0127409

0.374245
0.132594
-0.917801
-1.8715
0.900442

-0.0251101
-0.274844
-0.961161
-7.44745
15.411

0.0251101
0.274844
0.961161
0.827603
0.0065141

0.843537
-0.537071
0
-1.93579
1.13373

-0.843537
0.537071
0
0.374626
0.0611631

0.74543
0.499512
0.441386
-0.481758
0.439218

-0.74543
-0.499512
-0.441386
-2.25463
2.11817

0.919265
0.39364
0
0.673735
0.00280308

-0.919265
-0.39364
0
0.756475
0.00159377

-0.413206
-0.0145579
0.910521
0.759075
0.0146639

0.413206
0.0145579
-0.910521
-8.51901
22.8896

0.83215
-0.492631
-0.254639
0.656836
0.00663319

-0.83215
0.492631
0.254639
-0.0445604
0.0613744

0.580118
-0.235127
0.779858
0.0275372
0.032624

-0.580118
0.235127
-0.779858
0.911319
0.000301321

-0.690624
0.314907
-0.651055
-0.452674
0.173646

0.690624
-0.314907
0.651055
0.45749
0.0242405

0.53546
0.0238503
-0.844224
0.59059
0.0217567

0.588743
0.417403
0.692211
0.526752
0.0262382

-0.588743
-0.417403
-0.692211
-1.72588
0.866697

0.675648
-0.737224
0
0.623861
0.0240625

-0.675648
0.737224
0
-4.05697
4.31889

0.448781
0.537896
-0.713627
0.0776457
0.0799382

0.498059
-0.0527509
-0.865537
0.984466
7.09782e-06

-0.498059
0.0527509
0.865537
-0.077407
0.0303891

-0.250402
-0.120674
0.960592
-0.293216
0.271298

0.250402
0.120674
-0.960592
-1.49463
1.00822

-0.335981
-0.92139
-0.19534
-0.355617
0.185485

0.335981
0.92139
0.19534
0.0483892
0.0914084

-0.398507
0.537053
0.743483
0.599665
0.0256272

-0.219239
-0.11605
0.968745
0.423089
0.0191874

0.219239
0.11605
-0.968745
0.26985
0.0307063

0.86988
-0.0242029
0.492669
-0.813319
0.450858

-0.86988
0.0242029
-0.492669
-0.315838
0.237462

-0.0713456
0.398934
0.9142
0.988289
4.97655e-06

0.984987
-0.0552434
-0.163551
-0.253831
0.0780799

-0.984987
0.0552434
0.163551
0.829414
0.00144768

0.0122845
0.448966
0.893464
0.84591
0.00134125

-0.0122845
-0.448966
-0.893464
-0.457018
0.113896

0.970051
-0.150222
-0.190879
-1.542
0.736869

-0.970051
0.150222
0.190879
0.492519
0.0293774

0.528014
-0.280812
0.801465
0.884479
0.00168824

-0.528014
0.280812
-0.801465
-3.77407
2.86438

0.621388
-0.0209843
-0.783222
0.0638323
0.243644

-0.621388
0.0209843
0.783222
-6.07976
13.9324

-0.858571
-0.0913743
-0.504486
-5.20898
7.57032

0.858571
0.0913743
0.504486
0.630636
0.0268447

-0.0863966
-0.928349
0.36153
0.558614
0.00689132

0.0863966
0.928349
-0.36153
0.640918
0.00456628

-0.207077
-0.970798
-0.121124
-0.798136
0.154896

0.207077
0.970798
0.121124
0.953466
0.000104145

-0.766499
-0.0492284
0.640356
0.280667
0.0263563

0.766499
0.0492284
-0.640356
0.551661
0.0102809

-0.664589
0.313309
-0.678351
0.988614
3.40011e-06

0.664589
-0.313309
0.678351
0.166867
0.0139691

-0.430863
-0.532456
-0.728593
-0.994699
0.231601

-0.84193
0.490005
-0.22594
-0.238678
0.118325

0.84193
-0.490005
0.22594
0.418468
0.0260824

0.74448
0.172815
0.644891
0.914727
0.000707002

-0.74448
-0.172815
-0.644891
-2.72701
1.35017

-0.740637
0.463246
0.486683
-0.338883
0.151662

0.740637
-0.463246
-0.486683
0.350253
0.0358033

-0.311045
-0.247048
0.917725
0.922071
0.000733401

-0.133168
-0.445001
0.885574
0.538391
0.0162676

0.133168
0.445001
-0.885574
-0.402158
0.148724

0.988226
0.153003
0
-1.25238
0.379993

-0.988226
-0.153003
0
0.835803
0.00201984

0.729743
-0.00145386
-0.68372
-5.55316
7.78712

-0.729743
0.00145386
0.68372
0.791034
0.00797608

0.299064
-0.686888
0.662379
0.501375
0.015562

-0.299064
0.686888
-0.662379
0.0463153
0.0566943

0.486044
0.767031
0.418837
0.0703304
0.163879

-0.486044
-0.767031
-0.418837
-3.01021
3.04788

0.135523
0.32876
-0.934639
-17.0212
125.966

-0.135523
-0.32876
0.934639
0.908055
0.00332793

0.681456
-0.731859
0
-1.18119
0.78936

-0.681456
0.731859
0
-0.626876
0.450576

0.905091
0.425217
0
0.258869
0.0880773

-0.905091
-0.425217
0
-1.66069
0.925283

-0.918791
0.143508
0.367734
0.8003
0.00301262

0.918791
-0.143508
-0.367734
-1.10932
0.334434

-0.014452
0.390807
0.920359
0.897204
0.00541417

0.234547
-0.457989
0.857458
0.575929
0.0142697

-0.234547
0.457989
-0.857458
-0.591918
0.200591

0.254891
-0.397438
-0.881518
-4.92724
7.35751

-0.254891
0.397438
0.881518
0.455716
0.0620996

-0.722448
0.655266
-0.220668
0.512413
0.0123767

0.722448
-0.655266
0.220668
0.297876
0.0256551

0.909964
0.324214
-0.258554
-0.358022
0.0667115

-0.909964
-0.324214
0.258554
0.964949
4.584e-05

-0.285677
-0.188846
0.939535
0.905901
0.00117554

-0.0416559
0.310213
0.949754
0.42723
0.0415449

0.0416559
-0.310213
-0.949754
-1.79882
0.991952

-0.839632
0.497809
-0.217265
0.988355
2.8475e-05

0.177206
0.656026
-0.73364
0.819659
0.00407275

-0.177206
-0.656026
0.73364
-3.27126
2.28262

-0.3861
-0.203453
0.899741
0.910275
0.00102735

-0.869193
0.0371654
-0.493074
-1.28754
0.504343

0.869193
-0.0371654
0.493074
0.621479
0.0138562

0.1575
0.178938
0.971172
0.117329
0.179434

-0.1575
-0.178938
-0.971172
-4.51669
6.99242

0.964375
0.227601
0.13483
0.851358
0.00085175

-0.964375
-0.227601
-0.13483
0.116651
0.0292926

-0.287188
-0.564078
0.77417
0.708624
0.0115111

0.155742
-0.889921
-0.428702
-17.5283
126.712

-0.155742
0.889921
0.428702
0.967152
0.000401948

0.546661
-0.104628
-0.830792
-4.59665
4.55791

-0.546661
0.104628
0.830792
0.874075
0.00232045

-0.341717
0.246897
-0.906792
0.922149
0.000219257

-0.547275
-0.822587
-0.154404
-0.113442
0.0396544

0.547275
0.822587
0.154404
0.95725
5.9057e-05

0.617806
-0.73425
-0.281411
0.821649
0.00156819

-0.617806
0.73425
0.281411
-0.21373
0.0725401

0.938969
0.344002
0
0.767539
0.0045731

-0.0953569
-0.196161
0.975924
0.929273
0.00130843

-0.0608987
0.998144
0
0.991286
1.09396e-05

-0.789874
0.583482
-0.188806
-0.367179
0.145302

0.789874
-0.583482
0.188806
0.484519
0.020663

0.97239
0.0324682
0.23109
-0.571707
0.126703

-0.97239
-0.0324682
-0.23109
0.893753
0.000582244

0.433551
0.180311
-0.882905
-8.80747
23.1683

-0.433551
-0.180311
0.882905
0.846759
0.00565915

-0.281411
-0.0389822
0.958795
0.902482
0.00254075

-0.265329
-0.122413
-0.956355
0.979238
2.60013e-05

0.265329
0.122413
0.956355
-0.375673
0.0638609

-0.459624
0.637239
0.618605
0.959818
8.02158e-05

0.459624
-0.637239
-0.618605
-0.671671
0.122926

-0.131474
-0.42386
0.896134
-0.356157
0.0740575

0.0646616
-0.419062
0.905652
0.870091
0.0013982

-0.530131
0.247494
0.810992
0.880931
0.000589607

-0.472497
0.666113
0.577096
0.562468
0.0116659

0.472497
-0.666113
-0.577096
-0.0131848
0.062527

0.347915
-0.848605
-0.398528
0.810702
0.00229293

0.913412
-0.366498
-0.177081
-3.50046
2.78245

-0.913412
0.366498
0.177081
0.770527
0.0072381

-0.236622
-0.118483
0.96435
0.960969
0.000462843

0.236622
0.118483
-0.96435
-13.6896
64.7752

0.467725
-0.68353
-0.560375
0.584216
0.00992033

-0.467725
0.68353
0.560375
0.0517197
0.0515871

0.484147
0.392869
0.781829
0.696168
0.00995914

-0.484147
-0.392869
-0.781829
-1.9198
0.910321

0.346173
-0.843214
0.411284
-0.346129
0.243049

-0.346173
0.843214
-0.411284
-0.703678
0.389262

-0.275392
-0.657167
-0.701634
0.223579
0.082144

0.275392
0.657167
0.701634
-1.63469
0.943986

-0.447197
-0.0409331
-0.893498
-1.03532
0.300899

0.447197
0.0409331
0.893498
0.806281
0.00274727

-0.563213
0.826312
0
-0.0507979
0.0781293

0.563213
-0.826312
0
0.408926
0.0247225

0.808728
0.588183
0
-1.08409
0.843669

-0.808728
-0.588183
0
-1.33647
1.04983

0.283447
0.434865
-0.854722
0.88022
0.00133012

-0.283447
-0.434865
0.854722
-2.23882
0.968326

-0.528137
-0.349912
0.773714
0.178726
0.0784616

0.528137
0.349912
-0.773714
-0.951939
0.442228

0.457751
-0.803453
-0.380693
-0.0531877
0.0865845

-0.457751
0.803453
0.380693
0.268619
0.0417756

0.125725
0.941351
0.313132
0.480974
0.00800816

-0.125725
-0.941351
-0.313132
0.802125
0.00117131

0.432541
-0.31264
0.845674
0.876228
0.00607414

0.377457
0.834988
0.400402
0.062098
0.0511188

-0.377457
-0.834988
-0.400402
0.565604
0.0109886

-0.767901
-0.624056
0.144507
0.113531
0.0446267

0.540917
-0.767797
0.343361
0.318526
0.0192852

0.308527
-0.414909
-0.855956
-2.97841
1.87439

-0.308527
0.414909
0.855956
0.81894
0.00388712

0.244063
-0.568057
-0.785967
-3.39907
2.31406

-0.244063
0.568057
0.785967
0.872186
0.00200044

0.0457879
-0.0248415
0.998642
0.869069
0.00186293

-0.0457879
0.0248415
-0.998642
-2.83458
1.58132

0.791463
-0.431236
0.433153
0.526752
0.0261737

-0.791463
0.431236
-0.433153
-1.72588
0.866874

-0.455728
0.775659
0.436652
0.975658
1.643e-05

0.455728
-0.775659
-0.436652
0.153381
0.0165345

-0.0683762
0.687439
-0.723017
0.553724
0.00965328

0.0683762
-0.687439
0.723017
0.337122
0.0212863

0.425122
-0.69965
0.574248
0.494474
0.00989479

0.121476
-0.829641
-0.544921
-1.07247
0.391097

-0.121476
0.829641
0.544921
0.610839
0.0138476

0.916278
0.400543
0
0.740301
0.0024673

-0.838311
-0.385218
-0.385801
-0.289977
0.0725817

0.838311
0.385218
0.385801
0.903241
0.000540682

0.859127
-0.0916957
0.503481
-0.930837
0.635683

-0.859127
0.0916957
-0.503481
-0.930837
0.635683

0.495286
-0.135609
0.85808
0.179134
0.0130166

0.392171
-0.21911
-0.893416
-6.75989
10.9639

-0.392171
0.21911
0.893416
0.913003
0.00138854

0.149356
-0.0440801
0.9878
-1.99848
1.33744

-0.149356
0.0440801
-0.9878
0.204256
0.0945426

0.115799
-0.752537
-0.64829
0.700482
0.00313409

-0.115799
0.752537
0.64829
0.492003
0.00901475

0.121689
-0.283439
-0.951238
-5.65069
10.1585

-0.121689
0.283439
0.951238
0.439434
0.0721696

0.879995
0.332668
-0.33903
0.845524
0.000802855

0.165945
0.539317
-0.82559
0.995016
6.0208e-06

0.529209
0.601467
0.598478
0.625535
0.018745

-0.537383
0.24746
0.806215
0.807408
0.000749196

0.537383
-0.24746
-0.806215
0.732071
0.00144932

0.481632
-0.0176424
-0.876196
-2.05948
0.820744

-0.481632
0.0176424
0.876196
0.87504
0.00228311

-0.869465
-0.493994
0
0.818582
0.00479092

0.0154496
-0.837689
-0.54593
0.119582
0.0503224

-0.0154496
0.837689
0.54593
0.397004
0.0236402

-0.224918
-0.47137
0.852773
0.332435
0.0366411

0.224918
0.47137
-0.852773
-0.23675
0.125291

-0.804325
0.432744
-0.407178
-0.38885
0.123297

0.804325
-0.432744
0.407178
0.701739
0.00571013

0.0654281
0.960403
0.270825
-1.10332
0.363121

-0.0654281
-0.960403
-0.270825
0.727411
0.00610962

0.728278
-0.644355
-0.233276
-0.221989
0.0729088

-0.728278
0.644355
0.233276
0.829088
0.00143114

-0.6674
-0.7447
0
0.881025
0.000507032

0.6674
0.7447
0
0.0843523
0.029986

0.573616
-0.616247
0.539633
0.228967
0.0323719

-0.573616
0.616247
-0.539633
0.520341
0.0125605

0.240968
0.854744
0.459725
0.69598
0.00852879

-0.240968
-0.854744
-0.459725
-1.36934
0.51749

-0.504912
0.261766
-0.822522
-2.83458
1.58181

0.504912
-0.261766
0.822522
0.869069
0.00184565

0.925336
-0.140694
0.352076
-10.7195
37.0883

-0.925336
0.140694
-0.352076
0.886615
0.00348008

0.178438
0.162548
-0.970432
-1.2106
0.344195

-0.536241
-0.507993
-0.674084
0.684617
0.0116807

-0.328665
0.0360163
-0.94376
-0.858716
0.282001

0.328665
-0.0360163
0.94376
0.651776
0.0100523

0.639125
0.435848
-0.633684
-1.94338
1.49919

-0.639125
-0.435848
0.633684
-0.205597
0.251692

0.409445
0.378544
0.830096
-0.386251
0.202778

-0.409445
-0.378544
-0.830096
-0.0184641
0.109568

-0.233147
-0.471799
-0.850322
0.990176
9.97525e-06

0.512995
0.294427
0.806318
0.646529
0.0295063

-0.512995
-0.294427
-0.806318
-6.97523
15.0132

0.780265
-0.257728
0.56988
0.865914
0.00381427

0.867869
-0.267141
0.418856
0.57433
0.0173874

-0.867869
0.267141
-0.418856
-1.13585
0.43683

0.854977
0.401496
0.328354
-0.99252
0.217154

-0.854977
-0.401496
-0.328354
0.939256
0.000202255

0.521232
-0.838279
-0.160021
0.0226833
0.0846217

-0.521232
0.838279
0.160021
-0.0294292
0.0938859

-0.626143
0.771209
0.114809
-0.354095
0.227437

0.626143
-0.771209
-0.114809
-0.456266
0.263053

0.285366
-0.761071
-0.582527
-4.44506
5.56428

-0.285366
0.761071
0.582527
0.543734
0.0391567

-0.581409
-0.0853042
-0.809127
-0.832849
0.223024

0.581409
0.0853042
0.809127
0.816014
0.00224998

-0.166963
-0.788886
-0.591424
-2.63453
2.05447

0.166963
0.788886
0.591424
0.369005
0.0620351

-0.245131
-0.456608
0.855231
0.635357
0.010542

0.245131
0.456608
-0.855231
-0.703308
0.227224

-0.652884
0.038282
0.75649
-7.01363
11.0668

0.652884
-0.038282
-0.75649
0.959755
0.00027933

0.263727
-0.278446
-0.923535
-0.792923
0.295835

-0.263727
0.278446
0.923535
0.480156
0.0250626

-0.240711
0.618005
-0.748417
-0.348114
0.0701692

0.240711
-0.618005
0.748417
0.949499
0.000115146

0.0152672
0.608939
-0.79307
-0.980355
0.377222

-0.0152672
-0.608939
0.79307
0.504911
0.0237194

0.347313
0.937749
0
0.622663
0.0169335

0.664188
-0.124258
0.737166
0.564155
0.0120509

-0.664188
0.124258
-0.737166
-0.0718291
0.0723592

0.347307
0.413559
0.841633
0.786983
0.011388

-0.347307
-0.413559
-0.841633
-8.60315
22.9608

0.270589
-0.343459
0.899343
0.945083
0.000441264

-0.270589
0.343459
-0.899343
-5.42715
6.02911

-0.0227404
-0.779121
-0.626461
0.618074
0.0177311

0.0227404
0.779121
0.626461
-2.18742
1.23435

0.917073
-0.24861
-0.311722
0.532671
0.0112353

-0.917073
0.24861
0.311722
0.289143
0.0259739

-0.602531
0.485997
0.633059
0.608009
0.0056723

0.106421
-0.519685
0.847704
-0.721359
0.264928

-0.106421
0.519685
-0.847704
0.484635
0.0237537

-0.68587
-0.52516
0.503775
0.365325
0.0204616

-0.138152
0.104691
-0.984862
-2.90859
2.98272

0.138152
-0.104691
0.984862
-0.0568824
0.218543

-0.403705
0.859171
0.3144
-2.78698
1.82156

0.403705
-0.859171
-0.3144
0.71431
0.0103952

0.724099
0.23784
-0.647389
0.248743
0.0315102

-0.724099
-0.23784
0.647389
0.475174
0.0153827

0.828378
-0.0535305
0.557605
-11.0761
37.3788

-0.828378
0.0535305
-0.557605
0.947502
0.00071638

-0.231212
-0.452467
0.861287
0.951551
0.000478455

0.231212
0.452467
-0.861287
-7.9941
15.7341

-0.937537
-0.272266
0.216554
0.355677
0.010489

-0.840603
-0.1489
-0.520783
-1.57446
0.602439

0.840603
0.1489
0.520783
0.761533
0.00575176

-0.367356
0.298754
-0.880793
-8.78293
33.8464

0.367356
-0.298754
0.880793
0.0244112
0.3367

0.140781
-0.0496873
-0.988793
-16.9768
125.883

-0.140781
0.0496873
0.988793
0.901362
0.00384866

-0.809772
-0.204325
-0.550019
-0.376206
0.146214

0.809772
0.204325
0.550019
0.498853
0.0194478

0.749969
-0.245894
-0.61407
0.181509
0.0582309

-0.749969
0.245894
0.61407
-0.16774
0.118498

-0.711529
0.635018
0.300796
0.696039
0.00531347

0.711529
-0.635018
-0.300796
-0.161208
0.0773652

0.0291873
-0.421325
0.90644
0.895385
0.00129217

-0.0291873
0.421325
-0.90644
-3.46543
2.33085

0.253745
-0.508503
0.822824
0.788151
0.00341853

-0.253745
0.508503
-0.822824
-1.09254
0.332673

-0.832048
-0.554704
0
-0.560283
2.35685

0.300415
0.779926
-0.549059
-0.0567422
0.066089

-0.300415
-0.779926
0.549059
0.618612
0.00868812

-0.39308
0.122122
0.911358
0.912566
0.00388601

0.39308
-0.122122
-0.911358
-23.2874
299.469

-0.742385
0.495153
0.451318
0.952849
0.000392692

0.742385
-0.495153
-0.451318
-6.96856
11.0487

0.546208
-0.47616
0.689151
-0.632577
0.235463

-0.241318
-0.729221
-0.640314
-0.0294292
0.0940035

0.241318
0.729221
0.640314
0.0226833
0.0847394

0.960784
-0.254129
-0.110957
0.407196
0.0334168

-0.960784
0.254129
0.110957
-0.742111
0.288573

-0.573034
0.180752
0.79935
0.917696
0.00114591

-0.321401
-0.19027
-0.927631
-0.0543474
0.056574

0.641245
0.0767314
0.76349
0.753954
0.00201178

-0.284342
0.681801
-0.674016
-0.40398
0.117428

0.284342
-0.681801
0.674016
0.763384
0.00339007

0.972782
0.0441825
-0.227471
0.564368
0.0217785

-0.972782
-0.0441825
0.227471
-1.76431
0.876094

-0.34491
0.709818
0.614162
-4.81448
5.78293

0.34491
-0.709818
-0.614162
0.749537
0.0107338

-0.0517266
0.752067
-0.657054
-0.680301
0.19549

0.0517266
-0.752067
0.657054
0.740668
0.00467103

0.0697268
-0.193207
0.978677
0.480496
0.00655897

0.947634
0.107076
-0.300874
-2.86208
1.36549

-0.947634
-0.107076
0.300874
0.952416
0.00024954

0.361783
-0.0989572
-0.926995
-5.85558
7.93401

-0.361783
0.0989572
0.926995
0.890152
0.00209386

-0.793817
-0.494577
-0.353904
0.965206
3.54405e-05

0.793817
0.494577
0.353904
0.0463649
0.0246913

0.45541
-0.61547
0.643272
-1.265
0.292597

0.578356
0.428694
0.694065
0.369235
0.093329

0.781483
-0.495454
-0.379223
-2.07477
1.06251

-0.781483
0.495454
0.379223
0.68113
0.0114523

0.282527
-0.45317
0.845467
0.0717084
0.118134

-0.282527
0.45317
-0.845467
-1.37641
0.774011

-0.219203
-0.0975644
0.970789
0.985367
1.17372e-05

-0.761873
-0.647727
0
0.922034
4.77017e-05

0.761873
0.647727
0
0.912485
5.96257e-05

-0.158778
-0.789365
0.593037
0.778752
0.00764705

0.158778
0.789365
-0.593037
-4.34835
4.46197

0.148394
-0.365377
-0.918955
-3.14964
1.91317

-0.148394
0.365377
0.918955
0.88939
0.00137325

0.303846
-0.565862
0.766471
0.713073
0.00203515

0.479218
0.82902
-0.288227
-0.325951
0.133599

-0.479218
-0.82902
0.288227
0.493595
0.0197453

0.721185
0.0520673
0.690783
-0.412191
0.0993831

-0.721185
-0.0520673
-0.690783
0.871067
0.000832231

0.320069
-0.751781
-0.576525
-4.50687
5.6053

-0.320069
0.751781
0.576525
0.583543
0.032077

-0.622652
-0.782499
0
0.802495
0.000739412

0.622652
0.782499
0
0.796242
0.000785223

-0.293344
0.898494
0.326584
0.132481
0.0678849

0.293344
-0.898494
-0.326584
-0.190442
0.127822
