
-0.154036
0.218643
-0.963571
-0.510489
0.235681

0.0371615
-0.00324154
-0.999304
-1.02866
0.384614

-0.0371615
0.00324154
0.999304
0.562702
0.017924

0.71076
-0.647735
-0.274335
0.863566
0.000875716

-0.71076
0.647735
0.274335
-0.263758
0.0746538

-0.322752
-0.77148
0.548315
-7.14762
11.1012

0.322752
0.77148
-0.548315
0.976893
9.35316e-05

0.323335
-0.252079
-0.912091
-7.76648
15.6205

-0.323335
0.252079
0.912091
0.910102
0.00168799

-0.206685
-0.435051
-0.876363
0.864149
0.000252642

-0.103139
0.75219
0.650825
0.859894
0.0078693

-0.716033
-0.347283
-0.605551
-3.57482
2.80583

0.716033
0.347283
0.605551
0.806085
0.00508295

-0.128399
-0.701702
-0.700805
0.659905
0.0030658

0.128399
0.701702
0.700805
0.738535
0.00181407

0.415007
-0.0796996
0.906321
0.556778
0.0118306

-0.258345
-0.39808
-0.880221
0.957755
0.000175752

-0.103455
0.149732
0.983299
0.965946
0.000585464

0.103455
-0.149732
-0.983299
-23.8252
300.438

-0.295419
-0.329055
0.896912
0.0255315
0.0890851

0.295419
0.329055
-0.896912
-0.148681
0.123684

0.714277
-0.699863
0
0.74295
0.00214595

-0.84877
0.528762
0
0.568258
0.0156838

0.84877
-0.528762
0
-0.04471
0.0734737

-0.179715
0.556244
0.811354
0.771671
0.00316102

-0.193527
-0.792871
0.577843
0.602535
0.0185861

0.193527
0.792871
-0.577843
-1.97714
1.03882

0.371076
0.648847
0.664304
-0.446078
0.304471

-0.371076
-0.648847
-0.664304
-0.867356
0.507676

0.503431
0.864036
0
0.602129
0.0117831

-0.503431
-0.864036
0
-0.499247
0.167296

-0.615007
0.319274
0.720993
-0.006145
0.137015

0.615007
-0.319274
-0.720993
-1.19253
0.649812

0.196405
0.837026
0.510698
-12.4619
72.6235

-0.196405
-0.837026
-0.510698
0.379513
0.155822

-0.187558
0.201294
-0.961407
-10.7689
37.1074

0.187558
-0.201294
0.961407
0.896562
0.00292451

0.525538
-0.276757
-0.804497
0.655207
0.0515128

-0.525538
0.276757
0.804497
-15.8949
123.361

-0.261916
-0.928305
-0.263912
0.34307
0.0344686

0.261916
0.928305
0.263912
-0.199657
0.114905

0.276753
-0.272395
-0.921525
0.992402
9.70764e-06

-0.276753
0.272395
0.921525
-7.32995
11.141

0.386253
-0.583922
-0.714033
0.188493
0.044518

-0.386253
0.583922
0.714033
0.279424
0.0351031

-0.66456
-0.248813
-0.704594
-2.9405
2.55028

0.66456
0.248813
0.704594
0.369521
0.0652901

0.622674
0.661525
0.417926
0.578725
0.101417

-0.622674
-0.661525
-0.417926
-21.6553
293.177

0.249099
-0.0486044
-0.967258
0.140836
0.0819316

-0.6389
-0.503724
-0.581438
0.679262
0.00587781

0.189666
-0.855984
-0.480957
0.996403
6.06419e-07

0.346927
0.654527
0.671741
-1.79466
1.43014

-0.346927
-0.654527
-0.671741
-0.478156
0.400287

0.612992
-0.19026
-0.766839
-0.0491657
0.0615874

-0.612992
0.19026
0.766839
0.663579
0.00633276

0.373566
0.0448203
0.92652
0.661256
0.0131915

-0.373566
-0.0448203
-0.92652
-2.04871
1.0557

0.0644883
-0.33113
-0.941379
-5.49413
10.0004

-0.0644883
0.33113
0.941379
0.329052
0.106783

0.144698
0.449195
0.881638
0.912342
0.000439896

-0.144698
-0.449195
-0.881638
-0.701231
0.150779

0.43594
-0.0812274
-0.896303
-0.511096
0.116607

-0.43594
0.0812274
0.896303
0.883403
0.000747194

-0.282275
0.79366
-0.538911
0.144914
0.0450259

-0.816775
-0.490162
0.304335
0.140135
0.043403

0.816775
0.490162
-0.304335
0.501781
0.0145832

0.0301885
-0.206407
-0.978
-33.939
999.502

-0.0301885
0.206407
0.978
0.61286
0.122718

-0.916673
-0.312985
-0.248499
0.688135
0.00503997

0.916673
0.312985
0.248499
0.0343779
0.0481823

0.798195
0.6024
0
0.754814
0.00719732

0.238538
-0.448962
0.861123
0.94279
0.000644756

-0.649398
-0.607811
0.456999
-1.27619
0.502464

0.649398
0.607811
-0.456999
0.610258
0.0147726

0.66376
-0.128931
0.736749
0.930992
0.000212

-0.66376
0.128931
-0.736749
-0.440074
0.0899445

-0.172263
-0.42128
-0.89042
-0.448125
0.470988

0.172263
0.42128
0.89042
-3.0226
3.63075

0.152546
-0.761171
-0.630356
-0.514651
0.0870605

0.310074
0.367867
0.876657
0.878945
0.000689756

-0.310074
-0.367867
-0.876657
-0.195737
0.0623004

0.48443
-0.14494
0.86274
0.70018
0.0171461

-0.48443
0.14494
-0.86274
-5.3442
7.66253

0.798872
-0.601501
0
0.83799
0.000611275

-0.0049161
-0.207043
0.97832
0.770137
0.00447767

0.0049161
0.207043
-0.97832
-1.35379
0.468719

0.167661
0.837163
-0.520623
-1.34042
0.622627

-0.167661
-0.837163
0.520623
0.414896
0.0389324

0.0143904
0.943439
-0.331233
-2.69168
2.0791

-0.0143904
-0.943439
0.331233
0.424775
0.0505107

-0.139518
-0.807827
-0.57267
0.955678
0.000101429

0.139518
0.807827
0.57267
-0.97567
0.200452

0.68597
0.296367
-0.664538
-9.34382
23.531

-0.68597
-0.296367
0.664538
0.954028
0.000477188

0.415343
-0.0228481
-0.909378
-4.41992
4.4923

-0.415343
0.0228481
0.909378
0.809457
0.00555602

0.0363639
-0.378211
0.925005
0.540276
0.0189224

-0.0363639
0.378211
-0.925005
-0.838897
0.302036

0.336691
0.115334
-0.934525
-0.59224
0.127665

-0.336691
-0.115334
0.934525
0.905398
0.000451064

-0.516634
0.751397
-0.410479
0.0168059
0.0608821

0.516634
-0.751397
0.410479
0.507588
0.0152964

0.294229
-0.0821281
0.9522
0.971969
0.000303729

-0.294229
0.0821281
-0.9522
-17.5866
126.701

0.365522
-0.383554
0.848104
0.893363
0.00137697

-0.863257
-0.0614427
0.501011
0.507375
0.0144477

0.863257
0.0614427
-0.501011
0.115443
0.0464738

0.119954
0.832917
-0.540242
0.908793
0.00038475

0.593488
-0.0904215
-0.799748
-12.3593
62.8747

-0.593488
0.0904215
0.799748
0.673844
0.0374841

-0.656622
0.309948
-0.68759
-0.794323
0.254454

0.656622
-0.309948
0.68759
0.660809
0.0091724

-0.106575
0.370866
0.922551
0.876228
0.0060652

0.106575
-0.370866
-0.922551
-16.8232
125.685

-0.111329
-0.215318
0.970177
0.635357
0.0105803

0.111329
0.215318
-0.970177
-0.703308
0.227256

0.431147
0.772061
-0.466941
0.0898361
0.108993

-0.431147
-0.772061
0.466941
-1.24754
0.66451

-0.793817
-0.494577
-0.353904
0.965206
3.54405e-05

0.793817
0.494577
0.353904
0.0463649
0.0246913

-0.887148
-0.461484
0
0.152607
0.239095

0.887148
0.461484
0
-7.37017
20.1523

-0.554537
0.376768
0.74198
0.632221
0.0361235

0.554537
-0.376768
-0.74198
-8.19451
22.503

0.0854215
-0.400311
-0.912389
-4.75866
4.60437

-0.0854215
0.400311
0.912389
0.920295
0.000922129

0.248882
-0.73728
0.628073
-1.7763
0.985559

-0.248882
0.73728
-0.628073
0.401869
0.0457817

-0.0928072
-0.90766
-0.409317
0.930711
0.000360022

0.3394
0.715696
-0.610399
-7.27505
15.289

-0.3394
-0.715696
0.610399
0.770137
0.0118028

-0.361
-0.615832
-0.700307
0.60419
0.00696572

0.361
0.615832
0.700307
0.388595
0.0165208

-0.645414
0.474029
0.598947
-35.733
1012.32

0.645414
-0.474029
-0.598947
0.903397
0.00700666

0.759919
0.0695565
0.646285
0.49789
0.0482296

-0.759919
-0.0695565
-0.646285
-4.37799
5.51957

0.18586
0.623667
0.759273
-0.799353
0.727603

-0.18586
-0.623667
-0.759273
-2.44965
2.67319

-0.0249195
-0.782143
-0.622601
-0.951884
0.343221

0.0249195
0.782143
0.622601
0.577017
0.0161377

-0.512952
-0.220454
0.829626
0.825593
0.00279058

0.512952
0.220454
-0.829626
-0.473425
0.124145

-0.350584
0.323487
0.87889
0.602535
0.0185586

0.350584
-0.323487
-0.87889
-1.97714
1.03894

-0.672539
-0.711078
-0.205084
-0.619533
0.251234

0.672539
0.711078
0.205084
0.327392
0.0433436

0.499021
-0.656011
0.56624
0.480156
0.0249372

-0.499021
0.656011
-0.56624
-0.792923
0.295774

-0.155431
-0.479787
0.863508
0.872659
0.000547376

0.155431
0.479787
-0.863508
0.213192
0.020432

0.703801
0.506418
-0.498202
0.423089
0.0191353

-0.703801
-0.506418
0.498202
0.26985
0.0306476

0.597273
0.802038
0
-0.372079
0.187661

-0.597273
-0.802038
0
0.0868642
0.0831357

0.117229
-0.480431
-0.869163
-1.52227
0.5392

-0.117229
0.480431
0.869163
0.808055
0.0032047

-0.407416
0.563822
0.718413
0.887758
0.00619874

0.407416
-0.563822
-0.718413
-21.924
258.462

-0.445633
-0.176412
0.877662
0.859575
0.00646824

0.445633
0.176412
-0.877662
-13.0425
64.0265

0.0714446
-0.128708
0.989106
0.582595
0.014479

0.309732
0.800142
0.513653
-0.550539
0.326759

0.98441
-0.175886
0
-2.47215
1.71573

-0.98441
0.175886
0
0.471228
0.0400866

0.696406
0.0307968
0.716986
0.789857
0.00191074

0.648716
0.645547
0.403034
0.77878
0.0108791

-0.648716
-0.645547
-0.403034
-7.29925
15.3097

-0.382112
-0.804197
-0.455255
0.783355
0.00323742

0.382112
0.804197
0.455255
-0.7907
0.219529

0.239097
-0.851169
-0.467273
-1.03135
0.419513

-0.239097
0.851169
0.467273
0.448959
0.0308839

0.813025
0.239918
-0.5305
-0.900192
0.310083

-0.813025
-0.239918
0.5305
0.612446
0.0129519

-0.530371
-0.63196
0.565096
0.993088
3.11667e-06

0.90729
0.420506
0
-1.30963
0.839367

-0.90729
-0.420506
0
-0.334036
0.280083

0.823438
0.567407
0
-2.24512
2.09664

-0.823438
-0.567407
0
-0.590098
0.531545

-0.0335941
0.209319
0.97727
0.975246
0.000453401

0.0335941
-0.209319
-0.97727
-36.6514
1015.43

0.406746
-0.033018
-0.912944
0.291597
0.0388007

-0.406746
0.033018
0.912944
-0.0630503
0.0873446

-0.330434
0.54562
-0.770138
-5.58758
7.81002

0.330434
-0.54562
0.770138
0.804174
0.00690914

-0.188469
-0.449975
0.872927
0.886496
0.0015303

0.112755
-0.0266071
-0.993267
-1.50345
0.364524

-0.112755
0.0266071
0.993267
0.974047
4.30566e-05

-0.378039
-0.527557
0.76077
0.795213
0.0104693

0.378039
0.527557
-0.76077
-8.62915
22.9896

0.617459
-0.641542
0.455157
0.741697
0.00686453

-0.617459
0.641542
-0.455157
-1.6788
0.686644

0.23193
0.653357
-0.720647
-1.1296
0.969593

-0.23193
-0.653357
0.720647
-1.73536
1.5994

-0.447628
-0.699625
-0.556915
-23.5187
300.021

0.447628
0.699625
0.556915
0.938704
0.0018764

-0.202826
-0.742389
-0.63853
0.753091
0.00342427

0.202826
0.742389
0.63853
-0.25928
0.0890385

0.240968
0.854744
0.459725
0.69598
0.00852879

-0.240968
-0.854744
-0.459725
-1.36934
0.51749

0.0518097
-0.526424
-0.848642
0.114605
0.0662975

-0.0518097
0.526424
0.848642
-0.0268493
0.0891013

0.279832
-0.787144
0.549634
-16.6295
125.272

-0.279832
0.787144
-0.549634
0.840096
0.0103354

0.578507
0.060916
0.813399
0.796779
0.0022933

0.273304
0.830873
0.484721
-0.970019
0.408798

-0.273304
-0.830873
-0.484721
0.364016
0.042667

0.788082
-0.574575
0.220885
-0.0362051
0.0449131

-0.788082
0.574575
-0.220885
0.85015
0.000940238

-0.957119
-0.289694
0
0.889863
0.00109323

-0.170038
-0.502846
0.847487
0.653323
0.0118931

0.170038
0.502846
-0.847487
-1.43855
0.581973

-0.218608
0.37691
0.900083
0.1329
0.132533

0.218608
-0.37691
-0.900083
-2.72056
2.43855

-0.786424
-0.506659
0.353319
-0.078643
0.0482721

0.786424
0.506659
-0.353319
0.867115
0.000741552

0.180073
0.960728
0.211127
0.666502
0.00633214

-0.180073
-0.960728
-0.211127
-0.0511842
0.0619088

-0.31602
-0.170156
0.933369
0.915967
0.000994944

0.392471
0.125519
0.91116
0.893772
0.00118521

-0.824831
0.565379
0
0.57871
0.00786272

0.824831
-0.565379
0
0.785629
0.00299964

-0.907944
0.166902
0.384424
0.800229
0.00246784

0.907944
-0.166902
-0.384424
-0.362111
0.103097

0.151407
0.887157
0.435923
-0.532415
0.150034

-0.151407
-0.887157
-0.435923
0.754814
0.00386483

-0.549657
-0.688807
0.472676
-0.237716
0.280025

0.549657
0.688807
-0.472676
-2.16857
1.83451

0.509089
-0.0363327
0.859947
0.992579
3.79863e-06

-0.509089
0.0363327
-0.859947
-1.61894
0.36872

-0.776736
-0.00116909
-0.629826
0.951939
0.000104328

0.397507
-0.558134
0.728337
-1.75834
0.782158

-0.397507
0.558134
-0.728337
0.693516
0.00974488

0.206949
-0.591997
-0.778917
-0.348528
0.197393

-0.206949
0.591997
0.778917
-0.114485
0.134894

-0.541569
-0.471936
0.695686
0.624776
0.0113879

0.541569
0.471936
-0.695686
-0.761476
0.250753

0.225859
-0.621297
-0.750319
-0.788982
0.205294

-0.225859
0.621297
0.750319
0.830025
0.00271343

0.58441
-0.337613
-0.737891
0.109107
0.0555679

-0.58441
0.337613
0.737891
0.302833
0.0340793

-0.145122
-0.607977
0.780579
0.770137
0.0118061

0.145122
0.607977
-0.780579
-7.27505
15.2886

0.546612
-0.20713
0.811365
0.830531
0.000543353

0.416617
-0.805586
0.421262
-1.13585
0.436842

-0.416617
0.805586
-0.421262
0.57433
0.0173605

-0.106308
0.790986
-0.602527
-3.28112
2.28517

0.106308
-0.790986
0.602527
0.824095
0.00386736

0.392649
0.607329
0.690637
0.758327
0.0062686

-0.170841
0.718666
-0.674042
-0.366656
0.121685

0.170841
-0.718666
0.674042
0.675632
0.00686244

-0.961635
-0.11788
-0.247714
-0.214854
0.123028

0.961635
0.11788
0.247714
0.287256
0.0423582

0.841081
-0.10506
-0.530608
-1.01179
0.351402

-0.841081
0.10506
0.530608
0.641946
0.0111817

-0.559543
0.483322
0.673284
0.833391
0.00277188

0.559543
-0.483322
-0.673284
-1.24846
0.37833

-0.201181
0.602576
-0.772288
0.0792747
0.0281459

0.201181
-0.602576
0.772288
0.911129
0.000291555

0.327233
-0.597745
0.73186
0.551602
0.013415

-0.327233
0.597745
-0.73186
-0.161941
0.0900428

0.0456962
-0.394892
-0.91759
0.98853
3.86719e-06

-0.0456962
0.394892
0.91759
-0.043345
0.0266178

-0.851901
0.339329
0.3989
0.936656
0.000366109

-0.787396
0.0824919
-0.610903
0.754286
0.00166113

0.787396
-0.0824919
0.610903
0.649748
0.00331497

-0.62131
0.119769
0.774357
0.72042
0.00824785

0.62131
-0.119769
-0.774357
-1.95304
0.917577

-0.389711
0.157539
0.907362
0.404136
0.0155905

0.389711
-0.157539
-0.907362
0.593868
0.00725898

-0.223337
-0.210396
0.951764
0.926507
0.000258855

-0.0841351
-0.299824
-0.950277
-0.566282
0.305129

0.0841351
0.299824
0.950277
-0.258983
0.197281

-0.232248
0.913086
-0.335165
0.391973
0.0264037

0.232248
-0.913086
0.335165
-0.0426726
0.0775941

-0.682158
-0.55457
-0.476563
-1.2445
0.601173

0.682158
0.55457
0.476563
0.285776
0.0609413

-0.211978
0.977274
0
0.930686
0.000459534

0.625241
0.39726
0.671757
0.220271
0.0157653

-0.928972
0.336374
0.154479
0.445373
0.0126344

0.928972
-0.336374
-0.154479
0.615814
0.00606531

-0.867308
-0.109787
0.485513
-2.21808
0.753699

0.867308
0.109787
-0.485513
0.973404
5.52866e-05

0.253118
-0.413058
0.874823
0.868621
0.00174856

-0.253118
0.413058
-0.874823
-0.302621
0.0836199

-0.939418
-0.258607
0.224979
-1.39258
0.574091

0.939418
0.258607
-0.224979
0.610445
0.0152216

-0.655862
0.201091
0.727604
0.750355
0.00560518

-0.511326
-0.0861469
-0.855058
-0.421335
0.075889

0.511326
0.0861469
0.855058
0.965346
6.02536e-05

-0.18807
-0.366902
-0.91105
-0.802118
0.255254

-0.887139
-0.449212
-0.105793
-0.917553
0.170673

0.887139
0.449212
0.105793
0.972931
3.4193e-05

-0.739844
0.398903
-0.541763
0.527666
0.0107745

0.739844
-0.398903
0.541763
0.373691
0.018935

0.60952
-0.792771
0
0.90112
0.00262031

-0.992371
-0.123287
0
0.842743
0.00107939

0.992371
0.123287
0
-0.0507461
0.0474005

0.167296
0.985907
0
0.35639
0.193581

-0.167296
-0.985907
0
-15.0904
120.525

0.228775
0.875086
-0.426481
0.813969
0.00978166

-0.228775
-0.875086
0.426481
-10.415
36.7529

-0.206336
-0.519805
0.828992
0.830157
0.00125215

-0.285211
-0.485771
0.826245
0.843528
0.00245318

0.0304875
-0.947909
0.31708
-0.798659
0.178003

-0.0304875
0.947909
-0.31708
0.907444
0.000473112

-0.711975
0.361143
0.602219
0.286728
0.0461466

0.711975
-0.361143
-0.602219
-0.410517
0.180385

-0.122923
0.885743
0.447605
0.621479
0.0138482

0.122923
-0.885743
-0.447605
-1.28754
0.504352

-0.242426
0.147337
0.958917
0.882979
0.00440232

-0.116708
0.557561
-0.821891
-3.03143
2.59157

0.116708
-0.557561
0.821891
0.452799
0.0479417

0.550473
0.813599
0.18718
0.32587
0.0216238

-0.103589
0.151227
-0.983056
-11.4636
37.5908

0.103589
-0.151227
0.983056
0.986602
4.43195e-05

-0.450714
0.4393
-0.777093
-0.954667
0.292678

0.450714
-0.4393
0.777093
0.743145
0.00507447

-0.0918516
0.567435
0.818279
0.862098
0.00222393

0.681384
-0.323074
0.656764
-0.144208
0.167042

-0.681384
0.323074
-0.656764
-0.787812
0.407744

0.887865
0.244026
0.39006
0.705536
0.0124014

-0.508328
-0.212037
0.834651
0.797764
0.00739343

-0.813545
-0.197026
-0.547106
-0.609036
0.202334

0.813545
0.197026
0.547106
0.597741
0.0126521

0.427788
0.65917
-0.61846
-0.858344
0.242367

-0.427788
-0.65917
0.61846
0.784341
0.00330872

-0.852209
0.523201
0
0.809045
0.0018739

0.852209
-0.523201
0
0.826239
0.00166823

0.6576
0.204366
-0.725118
-1.45105
0.480703

-0.6576
-0.204366
0.725118
0.833777
0.00226071

-0.0909661
-0.909421
-0.405806
0.928079
0.00045105

-0.0280367
0.36307
-0.93134
-3.15874
2.24968

0.0280367
-0.36307
0.93134
0.764243
0.00723041

-0.100377
0.613416
0.783355
0.737746
0.00271598

0.100377
-0.613416
-0.783355
0.342544
0.0166969

-0.21476
-0.720076
0.659825
0.958694
0.000418983

-0.701531
-0.425825
-0.571426
0.704548
0.00273009

0.701531
0.425825
0.571426
0.585331
0.00536693

0.326016
0.850476
0.4128
0.342854
0.0615252

-0.498836
0.647669
-0.575923
-0.487683
0.108795

0.498836
-0.647669
0.575923
0.894553
0.000566486

-0.39187
-0.916146
-0.0843444
0.472648
0.012372

0.213126
-0.3588
-0.908757
-1.72588
0.866487

-0.213126
0.3588
0.908757
0.526752
0.0263149

0.768182
0.105566
-0.631469
0.476059
0.0305091

-0.768182
-0.105566
0.631469
-1.3913
0.633442

0.466011
-0.228593
-0.854739
0.84238
0.000937045

-0.466011
0.228593
0.854739
0.141846
0.0275864

-0.811976
-0.413759
0.411701
0.815781
0.0138537

0.311885
0.881047
0.355645
0.637741
0.00772918

-0.311885
-0.881047
-0.355645
-0.0883919
0.0697629

-0.640212
-0.137012
-0.755882
0.810399
0.00119763

-0.758614
-0.488037
-0.431653
-0.816817
0.323423

0.758614
0.488037
0.431653
0.400429
0.0352691

-0.492002
-0.0218666
0.870319
0.877407
0.00783054

0.492002
0.0218666
-0.870319
-23.0283
298.649

0.522492
0.68911
0.502125
-0.0113893
0.0832822

0.635698
-0.676262
0.372235
0.727411
0.00611904

0.0181989
-0.384888
0.922784
0.809781
0.00202358

-0.0181989
0.384888
-0.922784
-0.412497
0.111284

-0.517097
-0.462012
-0.720525
-6.22655
10.6482

0.517097
0.462012
0.720525
0.745941
0.0131695

0.417282
0.762661
0.494191
0.943422
0.000165226

-0.417282
-0.762661
-0.494191
-0.770869
0.153839

-0.751869
-0.565112
0.339618
0.978189
4.49876e-05

0.751869
0.565112
-0.339618
-3.23908
1.64147

0.168924
-0.0985586
0.980689
0.984235
9.19041e-05

-0.587567
0.722644
0.364075
0.491211
0.0307126

0.633682
-0.0658444
0.770786
0.235577
0.0596317

-0.633682
0.0658444
-0.770786
-0.639015
0.27346

0.103665
-0.331576
0.937716
0.924724
0.00286501

-0.103665
0.331576
-0.937716
-23.3897
299.698

-0.0701301
-0.184692
-0.980291
0.876853
0.000613016

0.0701301
0.184692
0.980291
-0.0676556
0.0458847

-0.650815
0.336691
-0.680499
-6.12429
10.5718

0.650815
-0.336691
0.680499
0.701928
0.0185149

-0.449988
0.0937719
-0.888098
-6.6729
10.9218

0.449988
-0.0937719
0.888098
0.892399
0.00216069

0.840998
0.162113
0.51618
0.84595
0.000953794

-0.840998
-0.162113
-0.51618
0.069549
0.0340299

0.401351
0.0541727
0.914321
0.933806
0.00052877

-0.401351
-0.0541727
-0.914321
-3.9446
2.90386

-0.283943
-0.547911
0.786874
0.911149
0.00306564

0.283943
0.547911
-0.786874
-17.0423
126.064

0.433662
0.893015
-0.120256
-2.82103
1.36307

-0.433662
-0.893015
0.120256
0.942253
0.000319496

0.206973
-0.963455
0.170051
0.750322
0.0339382

-0.206973
0.963455
-0.170051
-22.3311
296.307

0.925932
0.0293238
-0.376549
0.107182
0.0274267

-0.925932
-0.0293238
0.376549
0.889597
0.000427787

0.913893
0.405955
0
-0.177967
0.203317

-0.913893
-0.405955
0
-0.872731
0.469723

0.714828
-0.0792843
-0.694791
-5.43615
7.7181

-0.714828
0.0792843
0.694791
0.742554
0.012422

0.264836
0.302513
0.915614
-0.0568824
0.218311

-0.264836
-0.302513
-0.915614
-2.90859
2.98446

-0.868351
-0.45868
-0.188625
-1.7979
0.511891

0.868351
0.45868
0.188625
0.969641
6.09228e-05

-0.0826154
0.992341
-0.0918357
0.647141
0.00502836

0.0826154
-0.992341
0.0918357
0.421876
0.013496

-0.0349734
-0.604909
-0.795527
0.933496
0.000219465

0.0349734
0.604909
0.795527
-0.482174
0.0967808

0.0380708
-0.128335
0.991
0.582662
0.0236968

-0.0380708
0.128335
-0.991
-2.6012
1.76261

0.241524
-0.0803879
0.967059
0.809866
0.00271573

-0.241524
0.0803879
-0.967059
-1.04038
0.30137

0.997066
0.029744
0.070535
-0.354605
0.173685

-0.997066
-0.029744
-0.070535
0.172177
0.0648671

0.711147
0.635409
-0.300875
0.360921
0.0118997

-0.711147
-0.635409
0.300875
0.867086
0.00052055

-0.7172
-0.254815
0.648609
-1.28754
0.504307

0.7172
0.254815
-0.648609
0.621479
0.0138896

0.426236
-0.428128
-0.796887
0.736158
0.00679392

0.85483
-0.4297
-0.290903
0.939818
0.000298599

-0.771763
0.191926
0.606256
0.780812
0.00811504

0.0413895
-0.458511
0.887725
0.858546
0.00281281

-0.0413895
0.458511
-0.887725
-4.09234
3.55938

-0.728161
-0.105962
0.677165
0.59283
0.0114204

0.728161
0.105962
-0.677165
-0.303844
0.117016

-0.185467
0.669052
-0.719703
-2.44204
1.2966

0.185467
-0.669052
0.719703
0.790726
0.00480859

-0.816942
-0.265623
-0.511909
-0.030293
0.0275612

0.816942
0.265623
0.511909
0.980999
1.01224e-05

-0.80506
0.313985
-0.503281
-2.46913
1.30226

0.80506
-0.313985
0.503281
0.805402
0.00412615

-0.987987
0.113491
0.104889
0.918589
0.000421698

-0.722863
-0.334804
-0.604463
-0.434339
0.151509

0.722863
0.334804
0.604463
0.584126
0.0128028

0.803132
0.561406
0.199505
-0.064806
0.121219

-0.803132
-0.561406
-0.199505
-0.367683
0.199976

-0.0765332
-0.653072
0.753418
0.776032
0.00532077

0.0765332
0.653072
-0.753418
-2.21622
1.09349

0.942986
0.332831
0
0.621887
0.0224881

-0.942986
-0.332831
0
-1.40449
0.563159

-0.38926
-0.432251
-0.81341
0.789392
0.00318766

0.129795
0.445202
0.885973
0.532936
0.0215043

-0.129795
-0.445202
-0.885973
-1.09917
0.430852

-0.134247
0.507128
-0.851352
-0.79432
0.488182

0.134247
-0.507128
0.851352
-0.64169
0.408677

-0.357429
0.634738
0.685092
0.978659
2.48708e-05

0.357429
-0.634738
-0.685092
-0.738242
0.124797

-0.561107
-0.560841
0.608783
0.648937
0.0221769

0.561107
0.560841
-0.608783
-4.61701
5.6725

0.243468
0.311547
0.91851
0.920424
0.0014832

-0.243468
-0.311547
-0.91851
-9.13534
23.3994

-0.829494
0.185327
0.526872
-0.471117
0.435849

0.829494
-0.185327
-0.526872
-2.31002
2.20579

-0.581151
-0.577668
-0.573205
-0.2814
0.145587

0.484594
-0.282217
0.827963
0.553361
0.0200246

-0.484594
0.282217
-0.827963
-1.22188
0.493176

0.801731
-0.483885
-0.350831
-0.414533
0.332842

-0.801731
0.483885
0.350831
-1.4349
0.985986

0.119035
-0.702575
0.701584
0.722686
0.00279957

0.414636
-0.182907
-0.891416
-10.468
36.8213

-0.414636
0.182907
0.891416
0.828051
0.00828017

0.259784
-0.611096
-0.747712
0.846025
0.00419814

-0.259784
0.611096
0.747712
-5.70714
7.86806

0.276784
-0.956006
-0.0971725
0.987138
1.90489e-05

-0.216967
-0.321351
-0.921769
-22.473
296.842

0.216967
0.321351
0.921769
0.780171
0.0260633

-0.161453
0.03246
0.986346
0.984391
4.54591e-05

-0.288284
0.785909
0.547028
-0.714494
0.466484

0.288284
-0.785909
-0.547028
-0.88166
0.561851

-0.72247
-0.405358
-0.560109
0.208715
0.0344284

0.72247
0.405358
0.560109
0.525168
0.0124339

0.758175
-0.391552
-0.5214
-0.105203
0.197669

-0.758175
0.391552
0.5214
-1.78784
1.25703

-0.975335
0.0359381
-0.217786
0.704099
0.00369912

0.975335
-0.0359381
0.217786
0.288598
0.0213301

0.433772
0.757162
-0.488413
0.7591
0.00356958

0.384144
0.0587434
0.921403
0.235783
0.090217

-0.384144
-0.0587434
-0.921403
-2.25093
1.63195

-0.375941
-0.253774
0.891217
0.993687
2.33194e-06

0.298926
-0.26439
-0.916919
0.651381
0.00326163

0.444023
-0.532377
0.720707
0.803072
0.000579458

-0.444023
0.532377
-0.720707
0.863458
0.000281906

0.648535
0.126839
0.750543
0.78366
0.00569643

-0.648535
-0.126839
-0.750543
-2.90768
1.85596

0.0497056
-0.37995
0.923671
-4.31295
6.79081

-0.0497056
0.37995
-0.923671
-0.0935831
0.288513

0.565577
0.626529
-0.536269
0.984807
0.000110725

0.0700039
0.0242953
-0.997251
-10.5407
36.9031

-0.0700039
-0.0242953
0.997251
0.846351
0.00654699

-0.822719
0.430786
-0.370887
0.710073
0.00503788

0.822719
-0.430786
0.370887
-0.275613
0.0974321

-0.136221
0.803031
0.580159
0.591115
0.0205918

0.705293
0.204639
0.678737
-1.68175
1.37587

-0.705293
-0.204639
-0.678737
-0.716293
0.563713

0.10863
0.366782
0.923943
0.751954
0.00662061

-0.742104
-0.478485
0.469397
0.0494317
0.0823418

0.742104
0.478485
-0.469397
-0.115599
0.113389

0.244807
0.114897
-0.96274
0.860825
0.00210491

0.0797491
0.249103
-0.965188
-4.97756
5.85637

-0.0797491
-0.249103
0.965188
0.817767
0.0055438

0.626906
0.445249
-0.639329
0.175213
0.0560928

0.351957
0.0910231
0.93158
0.965648
0.000255851

-0.614141
0.257694
0.745939
0.809038
0.00723935

0.614141
-0.257694
-0.745939
-6.39332
10.7563

0.808776
0.239246
0.537254
0.747712
0.00473777

-0.808776
-0.239246
-0.537254
-0.884875
0.263913

0.412604
0.756086
0.508028
0.337717
0.00868043

-0.896402
-0.372292
-0.240545
0.968755
2.62256e-05

-0.0131363
0.865677
-0.500431
-1.16979
0.530891

0.0131363
-0.865677
0.500431
0.349315
0.0478132

-0.109695
-0.993965
0
0.0361341
0.0597727

0.109695
0.993965
0
0.469421
0.0181359

0.905992
0.423296
0
0.249114
0.0487315

-0.905992
-0.423296
0
-0.241254
0.133072

-0.763823
0.0972431
0.638059
0.840591
0.00448822

0.362539
-0.692713
-0.623469
0.73713
0.00196708

-0.362539
0.692713
0.623469
0.615709
0.00419339

0.213992
0.861641
-0.460198
-2.16916
0.664407

-0.213992
-0.861641
0.460198
0.988748
9.82951e-06

-0.0153549
0.544662
-0.838515
-0.475556
0.121782

0.0153549
-0.544662
0.838515
0.827307
0.00173376

0.0463791
0.70366
0.709022
0.770457
0.00186729

-0.0463791
-0.70366
-0.709022
0.37556
0.0137359

0.441242
-0.814519
-0.376648
-1.8055
1.1186

-0.441242
0.814519
0.376648
0.213681
0.0879217

-0.780918
0.359227
0.511002
0.225399
0.0377158

-0.687195
-0.113179
-0.717603
0.911635
0.0002257

0.687195
0.113179
0.717603
0.264721
0.0152027

0.38719
-0.140221
0.911275
0.912162
0.00121386

-0.162233
0.885581
0.435232
0.447746
0.0177414

0.162233
-0.885581
-0.435232
0.224268
0.0349963

0.637948
-0.747177
-0.186414
-0.890896
0.285645

-0.637948
0.747177
0.186414
0.684539
0.00795591

-0.191206
0.244792
0.950535
0.850346
0.000743589

0.191206
-0.244792
-0.950535
0.272062
0.0174959

0.0307429
0.785617
-0.617949
0.498645
0.0108551

-0.0307429
-0.785617
0.617949
0.523399
0.00980986

-0.0980644
0.474467
0.874794
0.264439
0.103893

0.0980644
-0.474467
-0.874794
-3.59725
4.04699

-0.027833
-0.124597
0.991817
0.397865
0.0559117

0.027833
0.124597
-0.991817
-2.66365
2.06706

-0.18069
0.475803
-0.860792
-23.4574
299.767

0.18069
-0.475803
0.860792
0.932251
0.00233086

0.32377
-0.764563
0.55733
0.435001
0.0131289

-0.173482
0.592788
0.786452
0.929273
0.00115684

0.173482
-0.592788
-0.786452
-9.18468
23.4365

-0.0242084
-0.352558
0.935477
0.951704
0.000596859

0.421285
0.778635
-0.465023
-0.659094
0.349202

-0.421285
-0.778635
0.465023
-0.232979
0.192872

0.471517
-0.780461
0.41055
0.980489
8.24119e-05

0.00472107
-0.3423
0.939579
0.950467
0.000927987

-0.258232
0.804539
0.534821
-3.23007
1.92803

0.258232
-0.804539
-0.534821
0.915727
0.00079085

0.364373
0.279035
-0.888466
0.987743
7.27602e-05

-0.175789
0.146744
0.973429
0.823782
0.00758948

0.175789
-0.146744
-0.973429
-8.72436
23.0926

0.149724
-0.319349
-0.935735
-2.42288
1.69887

-0.149724
0.319349
0.935735
0.4239
0.0481896

-0.113721
-0.147653
-0.98248
0.992129
3.20603e-06

-0.0839578
-0.586808
-0.805362
-1.29764
0.29463

0.0839578
0.586808
0.805362
0.966648
7.51397e-05

-0.553146
0.134274
-0.822192
-10.6062
36.9709

0.553146
-0.134274
0.822192
0.861877
0.00525034

0.631694
-0.603195
-0.486948
-2.2848
1.10698

-0.631694
0.603195
0.486948
0.814717
0.0035474

0.0796172
-0.241363
-0.967163
-7.93241
15.7206

-0.0796172
0.241363
0.967163
0.941672
0.000670853

0.117682
-0.305025
0.945045
0.815318
0.00344141

-0.117682
0.305025
-0.945045
-2.10448
0.945599

-0.626458
-0.242008
-0.740934
-0.527443
0.238264

0.626458
0.242008
0.740934
0.155439
0.0729704

-0.231936
0.412283
-0.881038
0.83091
0.00273175

0.231936
-0.412283
0.881038
-1.96923
0.818969

0.297281
0.391848
-0.870677
0.899882
0.000274407

-0.958497
-0.285102
0
-0.236239
0.112904

0.958497
0.285102
0
0.487176
0.0202031

0.983318
0.159112
-0.088143
0.606387
0.00714851

-0.983318
-0.159112
0.088143
0.32662
0.0209177

-0.864869
0.3315
-0.376973
0.692333
0.00681895

0.864869
-0.3315
0.376973
-0.631852
0.191219

-0.149485
-0.6886
0.709566
0.601334
0.00401596

0.149485
0.6886
-0.709566
0.804994
0.000961351

0.932893
0.360154
0
0.743426
0.00428155

0.72617
0.452419
-0.517682
0.963285
0.000174166

0.0261033
-0.945607
0.324263
-0.661485
0.322776

-0.0261033
0.945607
-0.324263
-0.0313704
0.124402

-0.548126
0.143819
0.823938
0.75952
0.0168377

0.548126
-0.143819
-0.823938
-10.229
36.4988

-0.544753
0.491988
0.679111
0.804117
0.00287987

0.544753
-0.491988
-0.679111
-1.11473
0.335001

-0.0733812
-0.879765
-0.469712
-0.306161
0.0689123

0.0733812
0.879765
0.469712
0.929768
0.000208221

0.196601
-0.347123
0.916981
0.896562
0.002871

-0.49501
0.854834
0.155638
-0.195358
0.186798

0.49501
-0.854834
-0.155638
-0.802524
0.424731

-0.304038
0.813079
0.49645
-1.33735
0.324183

0.304038
-0.813079
-0.49645
0.954565
0.000129222

-0.763648
-0.391184
-0.513631
0.0149574
0.0960051

0.951107
-0.145328
0.272533
0.858736
0.000897811

-0.951107
0.145328
-0.272533
-0.169704
0.0611691

-0.316231
-0.611566
0.725249
0.471905
0.0333582

0.895926
-0.0806183
0.436827
0.433021
0.0207655

-0.895926
0.0806183
-0.436827
0.0850488
0.0539598

-0.443251
0.344368
-0.82761
-11.8723
61.7774

0.443251
-0.344368
0.82761
0.485108
0.0988521

0.360458
0.7949
0.488062
0.550518
0.0152108

-0.360458
-0.7949
-0.488062
-0.410452
0.149336

0.116715
0.950246
-0.288809
0.9189
0.000301791

-0.0370922
0.173096
0.984206
-0.504554
1.53076

0.0370922
-0.173096
-0.984206
-19.2279
276.54

0.727476
0.686133
0
-2.43981
1.47631

-0.727476
-0.686133
0
0.646098
0.0166774

-0.867624
-0.314679
-0.384975
0.959555
9.95383e-05

-0.473498
0.214629
-0.854245
-4.55849
4.54115

0.473498
-0.214629
0.854245
0.861423
0.0028829

-0.64468
0.168604
-0.745628
-0.449301
0.24345

0.64468
-0.168604
0.745628
-0.182362
0.162104

0.0776997
0.272148
-0.959113
-1.542
0.736496

-0.0776997
-0.272148
0.959113
0.492519
0.0295823

0.187076
-0.21619
0.958261
-2.19008
0.96088

-0.187076
0.21619
-0.958261
0.85861
0.00188911

-0.484459
-0.360922
0.796891
0.490393
0.033482

0.484459
0.360922
-0.796891
-2.04506
1.19397

-0.0134639
-0.5865
0.809838
-4.5213
4.53181

0.0134639
0.5865
-0.809838
0.848415
0.00341851

0.0311361
-0.67523
-0.73695
-1.48958
0.724607

-0.0311361
0.67523
0.73695
0.432898
0.0377443

-0.941303
-0.337562
0
0.754157
0.0111364

-0.330768
-0.607702
-0.722005
-0.0113946
0.0833656

0.330768
0.607702
0.722005
0.164136
0.0569863

-0.21522
-0.777873
0.590418
-6.17728
10.6124

0.21522
0.777873
-0.590418
0.725256
0.0155542

-0.534565
0.488977
0.689306
0.945312
0.000149016

0.534565
-0.488977
-0.689306
-0.588968
0.112824

-0.279018
-0.874956
0.395729
-4.96806
7.3905

0.279018
0.874956
-0.395729
0.48373
0.0553499

-0.427892
0.380968
-0.819617
0.219862
0.291454

0.427892
-0.380968
0.819617
-14.7978
119.483

-0.652988
0.441622
0.615286
0.815955
0.0015859

-0.174092
-0.854623
-0.489195
0.991225
3.75866e-05

0.174092
0.854623
0.489195
-24.2736
301.114

0.910684
0.413103
0
0.877407
0.0125409

-0.910684
-0.413103
0
-23.0283
287.816

0.418178
0.49216
0.763482
0.722581
0.0145804

-0.770606
0.54323
-0.333268
0.996507
3.66625e-06

-0.645829
0.177254
0.742621
0.742554
0.0123747

0.645829
-0.177254
-0.742621
-5.43615
7.72111

-0.243849
0.619003
0.746574
0.444726
0.0600877

-0.0565093
-0.126896
0.990305
-0.816817
0.323504

0.0565093
0.126896
-0.990305
0.400429
0.0354734

-0.198153
-0.440097
0.875814
0.913616
0.00018684

0.18085
-0.778968
0.600418
0.225727
0.0312811

0.647113
-0.458896
0.608818
0.527783
0.0283452

-0.647113
0.458896
-0.608818
-2.08399
1.20512

-0.0151586
0.149737
-0.98861
-23.9565
300.786

0.0151586
-0.149737
0.98861
0.975113
0.000300774

0.677081
0.735909
0
-0.140855
0.100703

-0.677081
-0.735909
0
0.382257
0.0309033

-0.322343
-0.679221
0.659358
-0.737772
0.879982

0.322343
0.679221
-0.659358
-4.49217
8.78658

-0.810624
-0.585567
0
-1.39057
1.38803

0.810624
0.585567
0
-2.18271
2.43839

0.752789
-0.560277
-0.34554
0.831693
0.00220994

-0.6684
0.494821
0.555331
-0.325755
0.170185

0.6684
-0.494821
-0.555331
0.107447
0.0771509

0.0238301
-0.0837019
0.996206
0.993826
2.38112e-06

0.0244653
-0.226311
0.973748
0.369842
0.0589648

-0.53846
-0.296825
0.788642
0.698085
0.00354219

0.53846
0.296825
-0.788642
0.396923
0.0140762

-0.113231
0.650781
-0.750775
-1.23497
0.41318

0.113231
-0.650781
0.750775
0.757917
0.00486618

0.810175
0.115514
0.574694
0.685747
0.00508951

-0.810175
-0.115514
-0.574694
0.0586336
0.0452904

0.14701
-0.566953
0.810526
-1.80236
0.635052

-0.14701
0.566953
-0.810526
0.88983
0.000992135

-0.936608
-0.350378
0
-0.670547
0.286293

0.936608
0.350378
0
0.291665
0.0636216

0.430154
0.276088
-0.859502
0.27535
0.0304665

-0.430154
-0.276088
0.859502
0.408817
0.0202897

0.478269
0.0150005
0.878085
0.93099
0.00124485

0.31617
0.141075
0.938155
-0.617062
0.177765

-0.31617
-0.141075
-0.938155
0.735074
0.00489079

0.0554719
-0.499958
0.864271
0.863705
0.00224723

-0.0554719
0.499958
-0.864271
-3.37658
2.31025

-0.778488
-0.455588
0.431735
-0.225342
0.157629

0.778488
0.455588
-0.431735
-0.152207
0.139382

0.650121
-0.570461
0.501913
0.491882
0.00865613

-0.650121
0.570461
-0.501913
0.731244
0.00244118

-0.396695
-0.155614
-0.904664
-0.298044
0.138901

0.396695
0.155614
0.904664
0.363957
0.0335128

-0.299031
0.649711
-0.698896
-12.3593
62.8539

0.299031
-0.649711
0.698896
0.673844
0.0375591

-0.996352
0.0853379
0
-0.0216155
0.181788

0.996352
-0.0853379
0
-2.31001
1.90459

0.672916
0.644814
-0.362489
0.793493
0.00355491

-0.672916
-0.644814
0.362489
-1.38722
0.473027

-0.340507
-0.60013
0.723808
0.485108
0.0266423

0.340507
0.60013
-0.723808
-1.05957
0.424294

0.163989
0.771794
0.614363
0.948192
0.000159695

-0.163989
-0.771794
-0.614363
-1.0849
0.239709

-0.246306
0.120805
0.961634
0.826927
0.00292275

-0.106801
0.308707
-0.945142
-22.17
756.569

0.106801
-0.308707
0.945142
-9.29788
149.452

0.00230338
-0.399277
0.916827
0.953618
0.00057115

0.308331
0.669821
0.675479
0.97486
3.28301e-05

0.590077
0.623037
0.513453
0.512915
0.033253

-0.590077
-0.623037
-0.513453
-2.51808
1.73385

-0.70441
0.669282
-0.236363
0.507344
0.00401361

0.941425
-0.060195
0.331808
0.8804
0.000799879

-0.941425
0.060195
-0.331808
-0.353041
0.087114

-0.818814
0.366405
0.441918
0.452644
0.0165813

-0.252036
-0.392091
-0.884727
-0.0153549
0.0599173

0.252036
0.392091
0.884727
0.611683
0.00879247

0.453621
-0.338342
-0.824471
-1.34563
0.388995

-0.453621
0.338342
0.824471
0.886975
0.000908156

0.678897
-0.734233
0
-0.200213
0.103002

-0.678897
0.734233
0
0.49291
0.0183997

0.054659
0.90428
0.423426
0.180161
0.0232456

-0.054659
-0.90428
-0.423426
0.864822
0.00064437

-0.0519279
0.677223
-0.733943
-0.850848
0.194136

0.0519279
-0.677223
0.733943
0.904358
0.000521236

-0.182733
0.775071
-0.604875
0.637967
0.0074227

0.182733
-0.775071
0.604875
-0.00564933
0.0568734

0.567546
0.474266
0.673025
0.657548
0.00401198

0.750904
0.660411
0
-1.52227
0.539434

-0.750904
-0.660411
0
0.808055
0.00314308

-0.0399719
-0.918612
0.393134
0.363957
0.0333364

0.0399719
0.918612
-0.393134
-0.298044
0.138715

0.729696
0.643929
0.229999
0.839282
0.00130191

0.398615
0.762293
0.509917
0.303921
0.02633

0.0308664
-0.629043
-0.776757
-3.71513
3.42065

-0.0308664
0.629043
0.776757
0.681258
0.0156338

0.362017
-0.56784
-0.739258
-0.924551
0.213393

-0.362017
0.56784
0.739258
0.910137
0.000470919

0.39358
0.446953
-0.803323
-1.10932
0.334441

-0.39358
-0.446953
0.803323
0.8003
0.00300217

0.680423
-0.0367775
-0.731896
0.681125
0.00269025

-0.680423
0.0367775
0.731896
0.737595
0.00183702

0.804843
0.476487
-0.353818
-8.72436
23.0911

-0.804843
-0.476487
0.353818
0.823782
0.00759597

0.45735
0.889287
0
0.74815
0.0219112

0.975483
-0.10852
-0.191461
-0.419193
0.0893351

-0.390036
-0.0276463
-0.920384
0.610258
0.0148953

0.390036
0.0276463
0.920384
-1.27619
0.502341

0.378834
0.0302154
0.924971
0.885994
0.00202959

-0.378834
-0.0302154
-0.924971
-5.18176
5.94813

0.356726
-0.134793
0.924433
0.947703
6.30849e-05

-0.638872
0.200153
-0.74282
0.366364
0.0156821

0.638872
-0.200153
0.74282
0.715795
0.0032079

0.515521
-0.500966
-0.695177
-3.71984
4.12787

-0.515521
0.500966
0.695177
0.375888
0.0722166

0.739641
0.418752
-0.526857
0.982095
1.13998e-05

-0.739641
-0.418752
0.526857
-0.0510293
0.0289689

0.46526
0.267638
0.843744
0.837493
0.0026589

-0.46526
-0.267638
-0.843744
-2.32938
1.11561

-0.202249
0.36247
0.909786
0.725256
0.0155535

0.577298
0.65547
-0.486915
-4.00589
4.29508

-0.577298
-0.65547
0.486915
0.591357
0.0286354

0.371408
0.500994
0.781704
-7.88953
15.689

-0.371408
-0.500994
-0.781704
0.93422
0.000883496

0.909174
-0.33222
-0.251063
-7.27505
15.2896

-0.909174
0.33222
0.251063
0.770137
0.0117985

-0.00707779
0.965221
0.261339
-1.03247
0.741429

0.00707779
-0.965221
-0.261339
-1.03247
0.741429

-0.461936
0.825956
0.323128
0.916219
0.000351158

-0.0708288
0.532252
0.843618
0.673086
0.0138969

0.0708288
-0.532252
-0.843618
-2.72379
1.80263

0.640442
-0.398374
-0.656607
-0.566271
0.0992912

-0.640442
0.398374
0.656607
0.966266
5.47753e-05

-0.400445
-0.0574992
0.914515
-2.34346
3.63603

0.400445
0.0574992
-0.914515
-3.04557
5.32305

0.84066
-0.362741
0.402132
-0.356097
0.0870763

-0.84066
0.362741
-0.402132
0.88442
0.000802361

0.808504
-0.332931
-0.48526
0.382374
0.0472996

-0.808504
0.332931
0.48526
-1.59555
0.834143

0.378058
-0.191286
0.905805
0.852828
0.00280631

-0.378058
0.191286
-0.905805
-3.68623
2.84079
