
0.0624692
-0.265869
0.961983
0.909858
0.0025679

-0.0624692
0.265869
-0.961983
-13.311
64.4029

-0.598335
0.774744
0.204369
0.46753
0.0196327

0.598335
-0.774744
-0.204369
-0.080418
0.0803688

-0.792515
-0.0214841
0.609474
0.572544
0.0194314

0.792515
0.0214841
-0.609474
-1.48085
0.651803

0.303562
-0.355389
0.884052
0.628906
0.0328767

-0.176538
-0.738144
0.651135
0.731936
0.0086478

0.176538
0.738144
-0.651135
-2.56551
1.51854

0.421805
-0.872839
-0.245424
-3.01021
3.04816

-0.421805
0.872839
0.245424
0.0703304
0.163844

0.285039
0.791773
-0.540229
0.724166
0.0107916

-0.285039
-0.791773
0.540229
-3.41336
2.75081

-0.805571
-0.53422
-0.256251
-0.409909
0.132302

-0.374037
0.916894
0.139287
-0.378834
0.129906

0.374037
-0.916894
-0.139287
0.635876
0.00906266

-0.00814845
0.178225
-0.983956
-36.749
1015.96

0.00814845
-0.178225
0.983956
0.980051
0.000286699

-0.389667
0.217358
-0.894939
-5.1436
5.93344

0.389667
-0.217358
0.894939
0.87462
0.00247793

-0.696893
-0.0539039
-0.715147
-0.061152
0.144931

0.696893
0.0539039
0.715147
-0.927743
0.47781

0.727534
0.227653
0.647201
0.682352
0.00495229

-0.727534
-0.227653
-0.647201
0.142677
0.0357009

-1
0
0
0.178647
1.91202

1
0
0
0.643247
1.14393

0.879264
-0.45971
-0.124745
-1.48768
0.805281

-0.879264
0.45971
0.124745
0.241119
0.0750199

-0.928281
-0.270292
0.255414
0.132309
0.0359702

0.928281
0.270292
-0.255414
0.698494
0.00435099

0.707738
0.706475
0
0.826607
0.00273204

-0.583485
0.178276
-0.792315
-0.695576
0.21251

0.583485
-0.178276
0.792315
0.695978
0.00838789

-0.183603
0.955271
0.231833
0.663579
0.00634158

-0.589276
-0.399129
0.70246
-1.2445
0.601128

0.589276
0.399129
-0.70246
0.285776
0.0610162

0.617533
-0.274679
-0.737024
-0.167847
0.150175

-0.617533
0.274679
0.737024
-0.328756
0.194402

0.425526
-0.241067
0.872247
0.869785
0.00362051

0.753956
-0.602922
0.260837
0.388421
0.0108977

-0.753956
0.602922
-0.260837
0.855717
0.000611133

-0.204974
0.456745
-0.865662
-2.49454
1.30788

0.204974
-0.456745
0.865662
0.818582
0.00353368

0.57256
-0.710847
0.408499
0.248902
0.0557016

-0.57256
0.710847
-0.408499
-0.575435
0.245042

-0.0726031
0.880724
0.468033
0.90634
0.000636289

-0.0966428
-0.991042
-0.0921722
-0.0550106
0.0565797

0.806173
-0.537608
-0.247109
0.963722
3.72072e-05

-0.806173
0.537608
0.247109
0.0498679
0.0246262

0.89328
-0.109456
-0.43597
-0.350368
0.0665373

-0.89328
0.109456
0.43597
0.962233
5.31136e-05

0.65673
0.689926
0.304478
-0.220343
0.0747768

0.855574
0.517681
0
0.131121
0.119292

-0.855574
-0.517681
0
-1.74609
1.07925

-0.384431
-0.878428
-0.283862
-0.0876328
0.0634862

-0.767618
0.164566
-0.619419
-0.21402
0.0472604

0.767618
-0.164566
0.619419
0.970192
3.02002e-05

-0.94014
0.340789
0
0.73808
0.0108557

0.94014
-0.340789
0
-0.515375
0.15908

0.342878
0.893753
-0.289205
-7.07802
15.1127

-0.342878
-0.893753
0.289205
0.692448
0.0219214

0.085018
0.232527
-0.968867
-0.865551
0.168923

-0.085018
-0.232527
0.968867
0.958025
0.000109107

-0.509842
0.558764
0.654097
-1.42923
0.478268

0.509842
-0.558764
-0.654097
0.82062
0.00261057

-0.970999
0.0414132
-0.23547
-0.415803
0.132733

0.970999
-0.0414132
0.23547
0.681422
0.00672264

0.909181
-0.362709
-0.20453
-0.192121
0.0972367

-0.909181
0.362709
0.20453
0.542235
0.0144547

0.684921
-0.575815
0.446454
0.316926
0.0165997

-0.98837
0.000229956
0.15207
0.936708
0.00014396

0.98837
-0.000229956
-0.15207
-0.0129277
0.0333817

0.0816933
0.109513
0.990623
0.995124
1.65889e-05

-0.0805139
-0.134413
-0.987649
-1.81755
0.66561

-0.378805
0.663192
0.645509
0.550496
0.0116942

-0.922483
0.386038
0
0.0212079
0.0277557

-0.359901
0.391073
0.847074
-2.36024
1.27717

0.359901
-0.391073
-0.847074
0.742316
0.00761536

0.17557
-0.606683
-0.775314
-2.87342
2.5161

-0.17557
0.606683
0.775314
0.302854
0.0817156

0.829781
-0.173277
-0.530508
-17.343
126.49

-0.829781
0.173277
0.530508
0.949188
0.000979339

-0.0996768
0.687444
0.719365
0.468238
0.0255111

0.0996768
-0.687444
-0.719365
-0.709729
0.263423

0.0312233
-0.999512
0
0.816451
0.000960134

0.354401
0.135296
0.925254
0.850946
0.00174846

-0.354401
-0.135296
-0.925254
-1.48121
0.484359

-0.309772
0.777559
0.547215
0.482916
0.0176826

-0.0602969
-0.936346
0.345863
0.998036
2.94599e-07

-0.585041
0.549797
-0.596197
-0.0267212
0.0663633

0.585041
-0.549797
0.596197
0.536846
0.0135597

0.587078
0.211108
-0.78152
-1.3
0.556771

-0.587078
-0.211108
0.78152
0.513323
0.0250724

-0.854045
-0.520199
0
0.938387
0.00123659

0.854045
0.520199
0
-1.57242
0.435347

0.104698
0.0115612
-0.994437
-1.88157
0.80438

-0.104698
-0.0115612
0.994437
0.77999
0.00481216

0.459526
-0.322306
-0.82762
-1.22812
0.291159

-0.459526
0.322306
0.82762
0.946165
0.000175485

0.234429
-0.363705
-0.901533
0.97146
2.02386e-05

-0.234429
0.363705
0.901533
0.186913
0.0151898

0.276324
0.318901
0.906613
0.928404
0.000523455

0.736119
0.670493
0.0925614
0.95561
0.000309792

-0.736119
-0.670493
-0.0925614
-6.15962
8.05304

0.104448
-0.0706192
-0.99202
0.829222
0.000947377

-0.0625972
0.611666
0.788636
0.981993
3.45563e-05

0.539741
-0.660205
0.522312
-0.873988
0.509426

-0.539741
0.660205
-0.522312
-0.429353
0.296383

-0.516106
-0.59115
-0.61982
0.962424
0.000123993

0.907272
-0.261089
-0.329682
0.00364268
0.03567

-0.651605
0.562553
-0.508867
-1.52505
0.732916

0.651605
-0.562553
0.508867
0.473748
0.0319008

0.244847
0.429162
0.869408
0.570925
0.0155029

-0.244847
-0.429162
-0.869408
-0.71631
0.245666

-0.541935
-0.623261
-0.563783
0.634329
0.00572869

-0.0453525
0.926536
0.373464
0.415879
0.0166416

0.0453525
-0.926536
-0.373464
0.478979
0.0132416

-0.30051
0.106329
0.947833
-2.97526
1.60708

0.30051
-0.106329
-0.947833
0.918872
0.000680279

0.255812
0.24002
0.936457
0.913866
0.000562556

0.563953
-0.819097
0.105055
-2.4672
1.13872

-0.563953
0.819097
-0.105055
0.896948
0.00100715

-0.493605
-0.372886
-0.785691
-0.980356
0.272967

0.493605
0.372886
0.785691
0.821769
0.00221485

-0.26485
0.591742
0.761377
0.804536
0.00224789

0.26485
-0.591742
-0.761377
-0.492368
0.130158

-0.929822
0.36801
0
0.372962
0.0408592

0.929822
-0.36801
0
-0.647
0.257637

0.161378
0.88886
-0.428818
0.90371
0.000451418

0.178196
0.0816123
0.980605
0.134394
0.0616351

-0.178196
-0.0816123
-0.980605
-0.000317335
0.0823116

0.363969
-0.643189
-0.673673
-5.07938
5.9071

-0.363969
0.643189
0.673673
0.854076
0.00341327

-0.377841
0.393238
-0.838212
0.774188
0.00359824

0.55826
-0.0514902
-0.828067
0.996288
3.36104e-07

0.038542
-0.769029
0.638051
-1.98605
0.602885

-0.038542
0.769029
-0.638051
0.972923
0.000158072

0.362058
0.910171
-0.201254
-0.72334
0.162233

-0.362058
-0.910171
0.201254
0.896643
0.000585962

0.299824
0.194139
0.934032
-4.9183
9.33888

-0.299824
-0.194139
-0.934032
-0.198448
0.383458

0.378816
-0.150887
-0.913089
-2.9185
1.85708

-0.378816
0.150887
0.913089
0.789303
0.00547097

0.803614
-0.419912
0.421757
0.979906
1.67541e-05

-0.803614
0.419912
-0.421757
-0.698983
0.115905

0.352751
-0.0764607
-0.932588
0.470148
0.0383425

-0.352751
0.0764607
0.932588
-2.23411
1.4197

-0.119037
0.783223
-0.61024
-8.10256
22.3955

0.119037
-0.783223
0.61024
0.590427
0.0453516

-0.360445
-0.0383746
0.931991
0.876967
0.00220005

0.797993
-0.00503446
0.602646
0.0692062
0.055308

-0.797993
0.00503446
-0.602646
0.454632
0.0189938

0.823052
-0.501881
0.265895
0.151865
0.113876

-0.823052
0.501881
-0.265895
-2.18386
1.60438

-0.565672
0.102786
0.818199
0.172497
0.134747

0.565672
-0.102786
-0.818199
-3.50531
3.98599

0.585857
-0.664076
-0.464515
0.460811
0.0168293

-0.585857
0.664076
0.464515
0.218768
0.0352838

0.461981
-0.170764
0.870295
-0.881323
0.619296

-0.461981
0.170764
-0.870295
-1.08459
0.760338

-0.576066
0.172636
0.798965
-0.471117
0.435789

0.576066
-0.172636
-0.798965
-2.31002
2.20613

-0.307421
0.652545
0.692587
0.558749
0.0163637

0.195035
-0.638189
0.744766
0.950714
0.000202699

0.947171
-0.238895
-0.214001
-0.494496
0.115628

-0.947171
0.238895
0.214001
0.872599
0.000843541

-0.744397
0.354241
0.566027
0.914468
0.000363772

0.744397
-0.354241
-0.566027
-0.522848
0.110293

0.285397
-0.307854
-0.90762
-22.9893
298.64

-0.285397
0.307854
0.90762
0.871562
0.0085676

-0.197824
0.935879
-0.29154
-1.01748
0.236034

0.197824
-0.935879
0.29154
0.922243
0.000354507

-0.669066
-0.375145
-0.641574
0.254765
0.0671147

0.669066
0.375145
0.641574
-1.2234
0.596289

0.773501
-0.0159192
0.633595
0.987186
1.1725e-05

-0.773501
0.0159192
-0.633595
-2.15687
0.663987

0.402247
0.563703
-0.721413
-3.41336
2.75134

-0.402247
-0.563703
0.721413
0.724166
0.010768

-0.3333
0.252772
-0.908305
-9.17525
23.4455

0.3333
-0.252772
0.908305
0.927626
0.0011876

0.0137603
-0.3742
0.927246
0.742363
0.00402044

-0.0137603
0.3742
-0.927246
-0.342689
0.107285

0.945481
0.0962725
-0.311122
-0.330207
0.126036

-0.945481
-0.0962725
0.311122
0.568982
0.013237

-0.632056
-0.000145207
0.774923
0.751739
0.0114538

0.632056
0.000145207
-0.774923
-5.45724
7.73386

0.363094
-0.831078
-0.421274
0.72088
0.00286092

-0.363094
0.831078
0.421274
0.41419
0.0125976

-0.3877
-0.921786
0
-1.1341
0.777818

0.3877
0.921786
0
-0.746949
0.521859

0.434949
0.444862
0.78289
0.765958
0.00380758

-0.434949
-0.444862
-0.78289
-0.769939
0.217706

0.910808
0.0196398
-0.412363
0.708077
0.00275553

-0.910808
-0.0196398
0.412363
0.549612
0.00655802

-0.673921
-0.708629
-0.208988
-0.282882
0.122122

0.673921
0.708629
0.208988
0.495471
0.0188964

0.615
0.41382
0.671213
0.423367
0.0279157

-0.615
-0.41382
-0.671213
-0.431785
0.171524

-0.727554
0.188426
-0.659667
-0.936608
0.402811

0.727554
-0.188426
0.659667
0.313845
0.0506846

0.203716
0.108778
-0.972968
-1.79466
1.4298

-0.203716
-0.108778
0.972968
-0.478156
0.400404

-0.19101
0.736292
-0.649145
-1.70997
0.966357

0.19101
-0.736292
0.649145
0.322514
0.0605275

-0.61386
-0.324098
0.719817
0.57201
0.0027871

0.605114
0.770173
-0.201669
0.872235
0.00102112

-0.605114
-0.770173
0.201669
-0.918465
0.22956

-0.0831554
-0.830673
0.550516
0.472317
0.0537103

0.0831554
0.830673
-0.550516
-4.34226
5.49602

-0.72717
0.414711
0.547027
0.219098
0.0581197

0.72717
-0.414711
-0.547027
-0.433412
0.195607

0.168942
-0.302442
0.938077
0.861849
0.00188189

-0.168942
0.302442
-0.938077
-2.38146
1.12477

-0.689652
-0.570873
0.445515
0.535483
0.0315851

0.689652
0.570873
-0.445515
-2.8173
2.12965

-0.83518
0.506205
-0.215012
-0.191066
0.194709

0.83518
-0.506205
0.215012
-0.976361
0.536036

-0.9794
-0.180034
0.091455
0.0437994
0.0519726

0.9794
0.180034
-0.091455
0.597997
0.00918831

-0.644932
-0.369713
0.668861
-1.51069
1.14133

0.644932
0.369713
-0.668861
-0.64533
0.490311

-0.109709
-0.83446
-0.540038
0.273712
0.0368426

0.109709
0.83446
0.540038
0.144828
0.0510515

-0.209486
0.838345
0.503283
-0.482262
0.176755

0.75424
-0.0663604
-0.653237
-0.491446
0.166671

-0.75424
0.0663604
0.653237
0.591928
0.0125547

-0.438239
0.739085
-0.511566
0.112773
0.0506831

0.438239
-0.739085
0.511566
0.412763
0.0222353

0.573725
0.409803
0.709156
0.524551
0.0505288

-0.573725
-0.409803
-0.709156
-5.78539
10.2846

-0.0782909
0.0840649
0.99338
0.540275
0.0116545

-0.456638
-0.690551
-0.560911
0.0868359
0.0440994

0.456638
0.690551
0.560911
0.641575
0.00683605

0.528052
-0.167344
0.832561
0.789856
0.00515616

0.423485
-0.672473
0.606994
0.508301
0.00947688

-0.423485
0.672473
-0.606994
0.608358
0.00603035

-0.384935
-0.879067
-0.281188
-2.44795
1.70841

0.384935
0.879067
0.281188
0.448331
0.0437569

-0.248284
-0.703125
0.666311
0.69205
0.0332666

0.248284
0.703125
-0.666311
-12.4143
62.9669

0.45351
-0.0793399
-0.887713
-0.0420423
0.106108

-0.581437
0.637984
-0.504884
-0.592313
0.144757

0.581437
-0.637984
0.504884
0.846065
0.00137459

-0.624808
0.608613
-0.489086
0.715079
0.0115636

0.624808
-0.608613
0.489086
-3.39737
2.74511

-0.332421
-0.943131
0
0.724482
0.00582308

0.201568
0.218282
0.954842
0.62014
0.00260768

-0.201568
-0.218282
-0.954842
0.910979
0.000144737

0.516559
0.434771
-0.737659
-0.221514
0.0496722

-0.516559
-0.434771
0.737659
0.964329
4.52442e-05

-0.833533
-0.198532
-0.515566
0.951869
0.000152387

0.155782
-0.407698
0.89973
0.94952
0.000777401

-0.155782
0.407698
-0.89973
-13.5886
64.698

0.919648
-0.264304
-0.290501
-0.711269
0.227962

-0.919648
0.264304
0.290501
0.644348
0.00986095

0.425035
-0.422403
-0.800575
0.50094
0.00860175

-0.425035
0.422403
0.800575
0.712789
0.00289681

-0.719552
0.122103
0.683619
0.141848
0.0308341

0.719552
-0.122103
-0.683619
0.785461
0.0019732

0.668628
-0.340489
0.661063
0.952009
0.00114079

-0.668628
0.340489
-0.661063
-23.6568
300.289

0.696465
0.613968
0.371457
0.0782185
0.0280275

-0.35959
0.214182
0.908197
0.846351
0.0065595

0.35959
-0.214182
-0.908197
-10.5407
36.8982

-0.147398
-0.763664
-0.628563
0.586459
0.0187416

0.147398
0.763664
0.628563
-1.63409
0.756959

-0.0761162
-0.731033
-0.678083
-1.20525
0.538129

0.0761162
0.731033
0.678083
0.39743
0.0403009

-0.734599
-0.201248
0.647969
0.713392
0.00592909

0.734599
0.201248
-0.647969
-0.278435
0.0995187

-0.112794
0.0498661
-0.992366
-13.1595
111.413

0.112794
-0.0498661
0.992366
-0.872335
1.94906

0.116043
0.0551649
0.991711
0.744399
0.0059611

-0.116043
-0.0551649
-0.991711
-1.42997
0.526317

0.649516
0.760348
0
0.591594
0.0477696

-0.420076
-0.561552
0.712878
-1.25262
0.819654

0.420076
0.561552
-0.712878
-0.45808
0.343696

-0.388763
0.400061
0.829948
0.82819
0.00193981

0.388763
-0.400061
-0.829948
-0.849804
0.224385

0.611182
-0.3103
0.728128
-2.33726
1.27197

-0.611182
0.3103
-0.728128
0.72757
0.00855755

-0.212468
-0.0855993
0.973412
0.023236
0.172918

0.212468
0.0855993
-0.973412
-2.63294
2.39173

0.52597
-0.166497
0.834047
0.953518
0.000359816

-0.180047
0.71226
0.678432
0.856041
0.00135577

0.180047
-0.71226
-0.678432
-0.891704
0.227634

-0.825669
-0.28532
0.486687
0.652623
0.0201436

-0.188639
-0.595482
0.780907
0.769213
0.00149726

-0.982208
-0.187797
0
0.711515
0.00962072

0.982208
0.187797
0
-2.31312
1.26668

0.527203
-0.0526666
0.848106
0.893857
0.000986675

-0.527203
0.0526666
-0.848106
-1.95096
0.727791

-0.457476
0.577569
-0.676113
0.956303
0.000177516

0.327229
0.890394
-0.316416
-0.407001
0.104874

-0.327229
-0.890394
0.316416
0.838456
0.00139125

-0.602404
-0.247825
-0.758744
-2.17628
2.12363

0.602404
0.247825
0.758744
-0.724524
0.626288

0.418738
0.40774
0.811423
0.815782
0.0138438

-0.848731
-0.39854
0.347594
0.530018
0.0133119

0.848731
0.39854
-0.347594
0.0567701
0.0536009

0.282008
-0.593426
-0.753868
0.927971
0.000707223

0.658223
-0.0969128
-0.746559
-0.752827
0.24984

-0.658223
0.0969128
0.746559
0.614859
0.0121647

-0.0663938
0.0500747
0.996536
-13.7316
64.7641

0.0663938
-0.0500747
-0.996536
0.965285
0.000380702

0.907159
-0.18568
-0.377605
0.533839
0.0098633

-0.907159
0.18568
0.377605
0.438791
0.0142856

-0.469313
0.215173
0.856415
0.995264
4.60838e-06

-0.740884
-0.671633
0
-1.74609
1.07062

0.740884
0.671633
0
0.131121
0.123431

0.592898
-0.341381
-0.729336
0.982586
2.40859e-05

-0.185956
0.0370039
-0.981861
-4.68964
5.71447

0.185956
-0.0370039
0.981861
0.688345
0.017165

0.198784
0.439078
0.876182
0.979238
0.000166298

-0.198784
-0.439078
-0.876182
-17.6856
126.802

-0.803254
0.467216
0.36945
-2.13442
1.07615

0.803254
-0.467216
-0.36945
0.72375
0.00836444

-0.371163
0.0233229
0.928275
0.904519
0.000902897

-0.931947
0.154721
0.327928
0.476707
0.0167904

0.931947
-0.154721
-0.327928
0.107287
0.0488231

0.837978
-0.331926
-0.433148
0.934385
0.000595632

0.798909
0.562079
-0.214037
0.221171
0.0394293

-0.798909
-0.562079
0.214037
0.305305
0.0313712

-0.197016
0.524143
0.828528
0.807434
0.00530049

0.197016
-0.524143
-0.828528
-3.96342
3.51935

0.896331
0.443386
0
0.952714
0.00115672

0.545774
0.249569
-0.799904
-3.59725
2.81192

-0.545774
-0.249569
0.799904
0.81611
0.00456827

0.319373
-0.474137
0.820485
0.787756
0.00281147

-0.319373
0.474137
-0.820485
-0.519505
0.140242

-0.89834
-0.439301
0
0.0156457
0.111755

0.89834
0.439301
0
-0.683301
0.326762

-0.550547
0.614126
-0.565461
0.879833
0.000637944

0.550547
-0.614126
0.565461
-0.169754
0.0584497

0.667937
-0.461104
-0.584161
0.451463
0.0362681

-0.667937
0.461104
0.584161
-1.6549
0.849455

0.456179
-0.211735
-0.864332
-0.407999
0.0796019

0.495193
0.0299963
0.868265
0.841128
0.00223727

0.739261
0.516724
0.431843
0.452297
0.0143192

-0.739261
-0.516724
-0.431843
0.467405
0.0135406

-0.0431818
0.13123
-0.990411
0.870066
0.000913711

0.0431818
-0.13123
0.990411
-0.533914
0.124851

-0.500376
0.249928
-0.828951
0.954383
0.000275414

0.500376
-0.249928
0.828951
-4.44278
3.64968

0.694026
0.71995
0
0.66202
0.00522146

0.931944
0.162808
-0.323995
0.966497
9.73495e-05

0.0173889
0.670705
-0.74152
0.502518
0.111704

-0.0173889
-0.670705
0.74152
-15.4479
121.929

0.382633
0.0463675
-0.922736
-0.276734
0.0751734

-0.382633
-0.0463675
0.922736
0.873261
0.00074739

0.425795
0.307836
-0.850845
0.977754
7.07185e-05

-0.425795
-0.307836
0.850845
-5.63701
6.07593

-0.392467
0.330661
-0.858273
-0.0726919
0.414419

0.392467
-0.330661
0.858273
-8.65421
33.533

0.517923
0.16857
0.838654
0.979589
0.000299372

-0.517923
-0.16857
-0.838654
-36.7391
1015.97

-0.540947
0.459974
-0.704131
0.842094
0.00485092

-0.284658
-0.107699
0.95256
0.915128
0.0022595

-0.118553
-0.134574
0.983786
0.657544
0.0146277

0.118553
0.134574
-0.983786
-2.45535
1.48897

0.523479
-0.814659
0.249601
0.750763
0.00353625

-0.523479
0.814659
-0.249601
-0.275147
0.0923627

0.0198838
0.171581
0.984969
0.977942
0.000247155

-0.0198838
-0.171581
-0.984969
-24.002
300.696

-0.471036
0.331972
0.817263
-0.301073
0.0801109

0.471036
-0.331972
-0.817263
0.867478
0.000833066

0.23685
0.912571
0.333341
0.893471
0.00126261

-0.565153
-0.745531
-0.353249
-1.49202
0.364032

-0.558832
-0.829281
0
-0.787812
0.407769

0.558832
0.829281
0
-0.144208
0.167105

0.625233
0.692174
0.360526
-1.38722
0.473028

-0.625233
-0.692174
-0.360526
0.793493
0.00355475

-0.056069
0.623829
-0.779547
0.657101
0.00375795

0.056069
-0.623829
0.779547
0.623667
0.0045231

-0.10566
-0.884808
0.453818
0.760441
0.0105991

-0.392742
-0.0157526
0.919514
0.655821
0.0164259

0.392742
0.0157526
-0.919514
-2.97871
2.1896

-0.692127
-0.368416
0.620669
0.317377
0.0459811

-0.733798
0.456877
0.502795
0.613906
0.00503241

0.733798
-0.456877
-0.502795
0.628755
0.00465498

-0.519145
-0.706794
-0.480553
-2.70063
1.16764

0.519145
0.706794
0.480553
0.964135
0.000114695

-0.172684
0.574393
0.800158
0.797923
0.00413882

0.159188
-0.0124013
0.98717
0.821126
0.00627757

0.982847
-0.0585408
-0.174882
-0.342857
0.120069

-0.982847
0.0585408
0.174882
0.645861
0.00842979

-0.656038
0.567157
0.497943
0.158305
0.0804334

0.656038
-0.567157
-0.497943
-0.843642
0.385572

0.74947
0.597714
0.284661
-0.040185
0.0450593

-0.871206
0.411242
-0.268105
-0.525986
0.207009

0.871206
-0.411242
0.268105
0.389223
0.0331791

0.555171
-0.17392
0.813349
0.445261
0.026689

-0.555171
0.17392
-0.813349
-0.560879
0.211169

-0.762537
-0.0646921
0.643702
0.558303
0.0216741

0.762537
0.0646921
-0.643702
-1.6051
0.75071

-0.851798
-0.499917
0.156599
0.750551
0.00417678

0.942462
-0.25675
0.214115
0.974836
2.09467e-05

-0.942462
0.25675
-0.214115
-0.252705
0.0501927

0.874265
-0.0845206
-0.478034
-0.386914
0.166625

-0.874265
0.0845206
0.478034
0.344466
0.037273

-0.754305
-0.0164899
0.656317
0.818335
0.0024833

0.754305
0.0164899
-0.656317
-1.13549
0.337088

0.686818
0.573463
-0.446566
-0.838894
0.418722

-0.686818
-0.573463
0.446566
-0.0343812
0.132542

0.717879
0.438958
-0.540338
0.248902
0.0557801

-0.717879
-0.438958
0.540338
-0.575435
0.245098

-0.8245
0.174514
-0.53828
0.221171
0.039447

0.8245
-0.174514
0.53828
0.305305
0.0313881

-0.640253
-0.603458
0.475304
-0.0913467
0.0895873

0.640253
0.603458
-0.475304
0.354232
0.0314036

0.372191
-0.251418
0.893456
0.904898
0.0005014

0.0811247
-0.996704
0
-0.62753
0.6541

-0.0811247
0.996704
0
-3.35802
4.68264

0.177289
0.404704
-0.897097
-1.6864
0.620151

-0.177289
-0.404704
0.897097
0.832101
0.00250004

0.055828
-0.852384
0.519928
-0.287231
0.188426

-0.055828
0.852384
-0.519928
-0.287231
0.188426

0.844598
-0.10177
0.52564
0.377305
0.033925

-0.844598
0.10177
-0.52564
-0.460051
0.186179

-0.754055
0.555362
-0.350676
-0.743783
0.267838

0.754055
-0.555362
0.350676
0.515199
0.0207285

0.630408
-0.684197
0.366689
0.278312
0.0326011

-0.630408
0.684197
-0.366689
0.304316
0.0302946

-0.230291
-0.0564444
0.971483
0.0703304
0.163828

0.230291
0.0564444
-0.971483
-3.01021
3.04828

-0.921987
-0.144535
-0.359234
-0.0669099
0.060322

0.921987
0.144535
0.359234
0.724528
0.0042833

-1
0
0
-1.12585
0.493473

1
0
0
0.106568
0.387286

-0.548878
-0.104191
0.829383
0.832841
0.000602537

0.249093
0.22082
-0.94297
0.990276
2.77851e-05

-0.249093
-0.22082
0.94297
-14.064
65.0077

-0.357662
-0.275728
-0.892217
-8.51901
22.8886

0.357662
0.275728
0.892217
0.759075
0.0146694

0.258557
0.684764
0.681357
0.640322
0.00596574

-0.258557
-0.684764
-0.681357
0.282183
0.0237102

0.00890052
-0.361773
0.932224
0.842309
0.00146086

-0.627895
0.532601
0.567525
0.609715
0.00714738

0.627895
-0.532601
-0.567525
0.31157
0.0221346

0.445738
-0.841352
0.305688
0.656189
0.00389686

-0.445738
0.841352
-0.305688
0.598979
0.00529781

-0.383923
0.753135
0.534219
0.470712
0.0170337

0.859434
-0.0924743
0.502813
0.936378
3.61296e-05

-0.579131
0.68604
0.440404
0.504911
0.0236202

0.579131
-0.68604
-0.440404
-0.980355
0.377217

-0.865043
-0.477792
0.153023
0.592262
0.00331655

-0.140906
-0.203664
0.968848
-1.40449
0.576155

0.140906
0.203664
-0.968848
0.621887
0.0142932

-0.129448
0.0249058
-0.991273
0.936834
0.000235284

0.0882379
-0.142143
0.985905
0.934241
0.00116157

-0.0882379
0.142143
-0.985905
-10.9845
37.2882

-0.633456
-0.436588
0.638846
0.676472
0.00351947

0.760596
-0.266394
0.592055
-3.47055
2.77184

-0.760596
0.266394
-0.592055
0.755195
0.00832783

0.835408
-0.179167
-0.519607
-0.639384
0.180206

-0.835408
0.179167
0.519607
0.756202
0.00454196

0.628063
0.778163
0
0.878541
0.000906377

0.149519
-0.777957
-0.610267
-2.38213
1.28316

-0.149519
0.777957
0.610267
0.75589
0.00669746

-0.821938
0.144324
0.550989
0.176325
0.0267058

0.821938
-0.144324
-0.550989
0.803548
0.00152613

0.814796
0.487012
-0.314526
0.990612
2.40806e-06

-0.814796
-0.487012
0.314526
0.10166
0.0168947

-0.914147
0.010182
0.405254
0.401457
0.016105

0.0951536
-0.613987
-0.78356
-1.40444
0.782021

-0.0951536
0.613987
0.78356
0.116821
0.105562

-0.999952
-0.00977557
0
0.904793
0.000404121

0.338852
-0.124956
0.932505
0.8505
0.000455615

-0.773131
0.102226
0.625954
0.58304
0.0280119

0.773131
-0.102226
-0.625954
-3.56188
3.35036

-0.196415
-0.864029
0.463546
0.673844
0.0374864

0.196415
0.864029
-0.463546
-12.3593
62.8741

0.297803
-0.39441
0.869341
-5.66537
7.85042

-0.297803
0.39441
-0.869341
0.832064
0.00500244

0.345615
-0.640447
0.685841
0.361954
0.0489757

-0.345615
0.640447
-0.685841
-1.43209
0.711104

0.429269
0.0485504
-0.901871
0.207564
0.0319608

-0.429269
-0.0485504
0.901871
0.600659
0.00812762

-0.317075
0.633998
0.705344
0.854307
0.0008315

0.0781145
-0.259796
-0.962499
-2.20156
0.962708

-0.0781145
0.259796
0.962499
0.863893
0.00174055

0.640173
-0.291243
0.710883
0.867001
0.00156522

-0.640173
0.291243
-0.710883
-0.52935
0.126366

0.66045
0.00857847
-0.750821
-1.75834
0.874383

-0.66045
-0.00857847
0.750821
0.558663
0.0225125

-0.633666
0.119894
-0.764259
-13.3434
64.4212

0.633666
-0.119894
0.764259
0.915128
0.00228576

0.197123
-0.450286
0.870853
0.818596
0.00156567

-0.197123
0.450286
-0.870853
-0.124538
0.0594873

0.335123
0.332268
0.881641
0.495348
0.0163177

-0.335123
-0.332268
-0.881641
0.0231311
0.0607077

-0.0421188
-0.410975
-0.910673
-0.424713
0.118809

0.0421188
0.410975
0.910673
0.783301
0.00284192

-0.433802
-0.353177
0.828904
0.876775
0.00205473

-0.988545
0.079278
-0.12843
0.630396
0.0131071

0.988545
-0.079278
0.12843
-1.29672
0.505902

-0.864864
0.0832407
-0.495058
0.834596
0.00304244

-0.513264
-0.453619
0.728553
0.669941
0.00990361

0.513264
0.453619
-0.728553
-1.2312
0.451526

-0.695654
0.0718356
-0.714776
-3.00231
2.57845

0.695654
-0.0718356
0.714776
0.426987
0.0530062

-0.718113
-0.0703328
0.692363
0.715079
0.0115357

0.718113
0.0703328
-0.692363
-3.39737
2.74571

-0.276936
-0.697464
0.660946
0.829989
0.00707498

0.276936
0.697464
-0.660946
-8.74617
23.104

-0.662161
-0.128937
0.738186
0.739285
0.00535793

0.662161
0.128937
-0.738186
-0.380435
0.11812

0.221116
-0.685118
0.694061
0.767717
0.00132878

-0.221116
0.685118
-0.694061
0.672446
0.00263788

-0.330434
0.54562
-0.770138
-5.58758
7.81002

0.330434
-0.54562
0.770138
0.804174
0.00690914

0.777702
0.628634
0
0.335282
0.0583753

-0.777702
-0.628634
0
-1.41167
0.700899

0.447301
-0.13397
-0.884293
-1.77151
0.510234

-0.447301
0.13397
0.884293
0.963551
9.01618e-05

0.724316
-0.382977
0.573319
0.674013
0.00548395

-0.724316
0.382977
-0.573319
0.0664037
0.0448916

0.97143
0.00872806
0.237166
-3.35161
1.94955

-0.97143
-0.00872806
-0.237166
0.948038
0.000281112

0.314914
-0.444022
0.838853
0.85122
0.00424271

0.893795
-0.448475
0
0.173969
0.100988

-0.893795
0.448475
0
-1.77638
1.10265

0.531691
0.549612
0.644385
0.163666
0.0842803

-0.531691
-0.549612
-0.644385
-1.04895
0.505103

0.0944837
0.0657974
-0.99335
-0.379169
0.314286

-0.0944837
-0.0657974
0.99335
-1.45187
0.992156

0.495754
-0.156443
0.854256
0.991563
5.72614e-06

0.01864
0.0267855
0.999467
-0.242846
0.181884

-0.01864
-0.0267855
-0.999467
-0.426728
0.239654

-0.443505
0.331296
0.832794
0.171955
0.144284

0.443505
-0.331296
-0.832794
-3.98878
5.23691

0.541525
0.173465
-0.822594
-23.3655
299.649

-0.541525
-0.173465
0.822594
0.921934
0.00308409

-0.780918
0.359227
0.511002
0.225399
0.0377158

-0.234944
0.0226418
0.971745
0.957564
0.000306109

0.234944
-0.0226418
-0.971745
-6.1717
8.04588

0.404282
0.84034
-0.361087
-0.755311
0.290472

-0.404282
-0.84034
0.361087
0.426837
0.0310016

-0.242023
-0.679473
0.692633
0.513276
0.0146584

0.242023
0.679473
-0.692633
0.0402132
0.0569308

0.237287
0.949012
0.207536
0.239128
0.0307495

-0.237287
-0.949012
-0.207536
0.536109
0.0114312

0.284365
-0.0895344
-0.954526
-1.14006
0.40061

-0.284365
0.0895344
0.954526
0.677729
0.00923751

0.0395067
-0.928261
0.369825
-0.471677
0.18747

-0.989982
-0.141194
0
-1.6002
0.549297

0.989982
0.141194
0
0.853179
0.00176224

0.524001
0.687782
0.502374
0.253891
0.0313613

-0.524001
-0.687782
-0.502374
0.462854
0.0162778

-0.916102
-0.400945
0
-0.748959
0.435286

0.916102
0.400945
0
-0.480311
0.311882

0.21115
0.306289
0.928226
0.920048
0.00129014

-0.544545
-0.514956
-0.662035
0.705359
0.0023484

0.544545
0.514956
0.662035
0.6862
0.00266237

-0.279028
-0.298152
-0.912825
-1.80368
0.884731

0.279028
0.298152
0.912825
0.600756
0.0181151

0.150396
-0.747622
0.646871
0.827417
0.00532132

0.297071
-0.921315
0.250852
0.608117
0.0261495

-0.297071
0.921315
-0.250852
-4.0319
4.30905

-0.842496
-0.439045
-0.312154
0.945307
0.000162357

-0.143401
0.291122
-0.945877
-1.27541
0.382335

0.143401
-0.291122
0.945877
0.849545
0.00167216

0.161309
0.074177
-0.984112
-0.201414
0.46969

-0.161309
-0.074177
0.984112
-6.94405
20.5093

0.207989
0.472637
-0.856362
0.657544
0.0147531

-0.207989
-0.472637
0.856362
-2.45535
1.48785

0.575001
-0.337139
0.74546
0.673843
0.037501

-0.278098
0.796653
-0.536661
-0.340864
0.134623

0.278098
-0.796653
0.536661
0.51729
0.0175016

-0.360472
-0.801317
0.477443
-0.241792
0.141281

-0.305635
0.585076
0.751181
0.814342
0.00370626

0.305635
-0.585076
-0.751181
-2.48625
1.30625

-0.391489
0.305335
0.868047
0.864759
0.00268987

0.391489
-0.305335
-0.868047
-4.56835
4.54856

-0.196595
-0.711689
0.674426
0.662868
0.00315979

-0.196267
-0.798848
0.568613
0.000399828
0.096146

0.196267
0.798848
-0.568613
-0.183785
0.134831

-0.186656
-0.161785
0.969012
0.985701
7.44295e-05

0.11489
-0.120067
-0.986096
-0.721359
0.264925

-0.11489
0.120067
0.986096
0.484635
0.0237483

-0.850271
-0.526345
0
0.606209
0.0218007

0.850271
0.526345
0
-0.678421
0.232509

0.98094
-0.183877
-0.0628197
0.724581
0.014273

-0.598855
0.660333
0.453137
0.842094
0.00482502

0.632544
-0.6733
-0.382826
0.173645
0.0453457

-0.632544
0.6733
0.382826
0.319587
0.0307539

-0.0344282
0.869881
-0.492059
-0.506864
0.140136

0.0344282
-0.869881
0.492059
0.776341
0.0035453

0.0905854
-0.995889
0
0.658689
0.00460004

-0.425052
0.533041
-0.731572
0.0264668
0.599493

0.425052
-0.533041
0.731572
-20.2015
284.18

0.910172
0.180989
0.372599
0.901369
0.000644775

-0.910172
-0.180989
-0.372599
-0.680301
0.149979

0.795046
0.606549
0
0.574149
0.0169149

-0.795046
-0.606549
0
-0.0778241
0.0808394

-0.330419
-0.643207
0.69073
0.873187
0.00109249

-0.134834
0.990868
0
0.192779
0.0325068

-0.198494
0.512679
-0.835321
-0.325528
0.327245

0.198494
-0.512679
0.835321
-2.11645
1.8071

-0.892687
0.120054
-0.434392
-1.21169
0.448604

0.892687
-0.120054
0.434392
0.651723
0.011158

-0.457129
0.0625154
0.8872
0.822545
0.00452853

-0.595684
-0.503298
-0.625981
0.671921
0.0056962

0.540715
0.841206
0
0.779612
0.00128784

-0.540715
-0.841206
0
0.815487
0.000967266

-0.379267
0.0597813
0.923354
-0.784524
0.154389

0.379267
-0.0597813
-0.923354
0.948594
0.00013463

-0.459123
-0.820106
-0.341514
0.552602
0.00993885

0.459123
0.820106
0.341514
0.309933
0.0236179

-0.433942
-0.848931
-0.301681
-1.02102
0.352628

0.433942
0.848931
0.301681
0.651286
0.0105143

0.290245
0.385172
0.876014
0.866624
0.00215474

-0.290245
-0.385172
-0.876014
-3.38422
2.3118

0.741831
-0.458772
0.489096
0.390261
0.0223542

-0.741831
0.458772
-0.489096
0.247234
0.0340456

0.978574
-0.152209
0.138655
0.375888
0.0721899

-0.978574
0.152209
-0.138655
-3.71984
4.12827

-0.166563
-0.59579
-0.785679
0.257888
0.0349652

-0.57534
0.765716
-0.287512
-0.785577
0.273109

0.57534
-0.765716
0.287512
0.568609
0.0159577

0.264347
-0.31866
0.910262
0.856302
0.00211005

-0.264347
0.31866
-0.910262
-2.36914
1.12155

0.14305
0.972639
-0.183059
0.712682
0.00380206

-0.14305
-0.972639
0.183059
0.159732
0.0324597

-0.593578
-0.804777
0
-0.934426
0.52524

0.593578
0.804777
0
-0.284315
0.231567

-0.0798111
0.117045
0.989914
0.952758
0.000222512

0.686796
0.15274
0.71062
-3.03984
4.339

-0.686796
-0.15274
-0.71062
-1.18076
1.26941

-0.631515
-0.307581
-0.711746
-3.92176
4.24647

0.631515
0.307581
0.711746
0.534035
0.0381929

0.381484
0.43181
0.817319
0.706693
0.00706279

-0.381484
-0.43181
-0.817319
-0.993654
0.321583

0.363591
-0.800902
0.475771
0.485108
0.0265726

-0.363591
0.800902
-0.475771
-1.05957
0.424305

0.710761
-0.172852
0.681866
0.93799
0.000378699

-0.653813
-0.269382
-0.70708
-1.19727
0.289357

0.653813
0.269382
0.70708
0.935249
0.000255091

-0.328796
-0.899885
0.286529
-0.275147
0.0923683

0.328796
0.899885
-0.286529
0.750763
0.0035389

0.930051
0.0590889
-0.362648
0.391934
0.0195836

-0.930051
-0.0590889
0.362648
0.4105
0.0184075

0.946221
0.323521
0
-3.21839
2.26752

-0.946221
-0.323521
0
0.794737
0.00537289

0.0374237
-0.543405
-0.838636
0.425577
0.0225784

-0.0374237
0.543405
0.838636
0.00188005
0.0678532

-0.505345
-0.442749
0.740675
0.778737
0.00567678

0.505345
0.442749
-0.740675
-2.64508
1.53944

0.202469
0.31326
-0.927833
-0.541993
0.150708

-0.202469
-0.31326
0.927833
0.763891
0.00354514

0.917672
0.397339
0
-0.732804
0.404562

-0.917672
-0.397339
0
-0.273083
0.231308

-0.338183
-0.518127
0.785606
-13.2585
64.3196

0.338183
0.518127
-0.785606
0.900982
0.003139

0.415357
0.12525
-0.900994
0.0229466
0.0340709

-0.415357
-0.12525
0.900994
0.901532
0.000390075

0.0736736
0.243014
0.967221
-3.50531
3.98795

-0.0736736
-0.243014
-0.967221
0.172497
0.134579

-0.200402
0.0619529
0.977753
0.968469
0.000734982

0.0701753
0.00584756
-0.997518
0.916278
0.00146688

-0.925752
-0.162901
-0.341242
0.23856
0.0357163

0.925752
0.162901
0.341242
0.364183
0.024911

0.951133
-0.0454164
-0.305422
-0.680298
0.195475

-0.201209
-0.39243
0.897504
0.644348
0.00984984

0.201209
0.39243
-0.897504
-0.711269
0.227953

-0.268077
0.723821
0.635781
0.399519
0.0227118

0.268077
-0.723821
-0.635781
0.163892
0.0440126

-0.442298
-0.671801
-0.594186
-1.46574
0.438355

0.442298
0.671801
0.594186
0.896656
0.000791432

-0.361149
0.0156172
0.932377
-10.3579
36.6852

0.361149
-0.0156172
-0.932377
0.798081
0.0116062

-0.0850764
0.785487
-0.613003
-1.74609
1.09841

0.0850764
-0.785487
0.613003
0.131121
0.110101

0.44897
0.734795
-0.508431
0.921396
0.000184426

-0.44897
-0.734795
0.508431
0.167942
0.0205247

0.749635
-0.320181
-0.579251
-6.56682
14.5665

-0.749635
0.320181
0.579251
0.424166
0.0843641

0.25198
0.216258
-0.94326
-16.9535
125.919

-0.25198
-0.216258
0.94326
0.897738
0.00409147

0.0877978
-0.549657
-0.830764
-22.9057
298.383

-0.0877978
0.549657
0.830764
0.858547
0.0104537

-0.636468
-0.338344
-0.693132
-1.8085
1.64072

0.636468
0.338344
0.693132
-0.950348
0.79142

0.589047
-0.788412
-0.177286
0.946613
0.000313044

-0.563375
0.654424
-0.504319
-22.4042
296.566

0.563375
-0.654424
0.504319
0.765958
0.0296927

0.0143062
-0.326494
-0.945091
0.750979
0.00512085

0.0093384
0.023035
0.999691
0.543445
0.0653399

-0.0093384
-0.023035
-0.999691
-9.6656
35.6423

0.377076
-0.358848
-0.85384
-2.13802
1.22004

-0.377076
0.358848
0.85384
0.576545
0.0223801

0.716208
-0.378633
0.586245
0.624776
0.0113939

-0.578018
0.340839
0.741434
0.473288
0.0243189

0.578018
-0.340839
-0.741434
-0.643935
0.236853

0.752518
-0.403552
0.520445
0.932617
0.000385754

-0.752518
0.403552
-0.520445
-2.21253
0.851929

0.736883
-0.676021
0
-5.90253
9.95838

-0.736883
0.676021
0
0.591595
0.0446758

0.906339
0.422552
0
0.107287
0.0488094

-0.906339
-0.422552
0
0.476707
0.0167797

0.0804886
-0.0720628
0.994147
0.975858
0.000186011

-0.0804886
0.0720628
-0.994147
-13.848
64.8441

-0.332502
0.793266
0.51007
0.995726
1.45408e-06

-0.691754
-0.588066
0.419112
-5.04438
7.4499

0.691754
0.588066
-0.419112
0.533612
0.0444011

-0.180427
0.27403
0.944645
-2.46623
1.13722

0.180427
-0.27403
-0.944645
0.896586
0.00106708

0.0469023
-0.14522
-0.988287
-0.177967
0.183995

-0.0469023
0.14522
0.988287
-0.872731
0.464967

-0.875032
0.363203
-0.320003
0.994015
1.09828e-06

-0.0506137
0.622806
0.780737
0.702058
0.00412314

0.0506137
-0.622806
-0.780737
0.166665
0.0322206

0.0826312
0.0416955
0.995708
0.998656
1.33739e-06

0.935248
-0.321315
0.148552
-0.353807
0.119809

0.743659
0.556207
-0.370953
-0.769943
0.251715

-0.743659
-0.556207
0.370953
0.63431
0.0107697

-0.0719785
0.707027
0.703514
0.692448
0.0219278

0.0719785
-0.707027
-0.703514
-7.07802
15.1121

-0.484904
-0.0219665
0.874292
0.472159
0.0164568

0.823007
-0.00416053
-0.568016
-1.03168
0.256235

-0.823007
0.00416053
0.568016
0.895975
0.000691252

-0.59467
0.541056
0.594664
-1.63462
0.499831

0.59467
-0.541056
-0.594664
0.921514
0.000444753

0.791985
-0.461481
-0.399745
-2.49945
1.50116

-0.791985
0.461481
0.399745
0.688721
0.0119053

-0.830694
0.524414
-0.186916
0.832101
0.00242751

0.435571
-0.239791
-0.867628
-0.167951
0.112256

-0.435571
0.239791
0.867628
0.276178
0.0432412

0.774698
-0.0583195
-0.629636
-0.838894
0.41874

-0.774698
0.0583195
0.629636
-0.0343812
0.132603

-0.0839578
-0.586808
-0.805362
-1.29764
0.29463

0.0839578
0.586808
0.805362
0.966648
7.51397e-05

0.211759
0.624319
-0.75192
0.402738
0.0144483

-0.211759
-0.624319
0.75192
0.666299
0.00456128

-0.348016
-0.672328
-0.653345
0.467585
0.0101607

-0.30428
0.234836
-0.923182
-0.36559
0.129089

0.30428
-0.234836
0.923182
0.618471
0.0102199

0.154
0.31484
0.936568
0.929922
0.000254063

-0.154
-0.31484
-0.936568
-0.791098
0.165672

0.108086
0.293645
-0.949784
0.977437
2.56736e-05

-0.811976
0.11433
-0.572383
-0.248289
0.183674

0.811976
-0.11433
0.572383
-0.424744
0.239269

-0.636219
-0.771509
0
-1.41775
0.476817

0.636219
0.771509
0
0.813445
0.00285951

-0.430185
-0.862528
-0.266432
-0.481259
0.146418

0.430185
0.862528
0.266432
0.702241
0.00608421

-0.60808
0.0757162
0.790257
0.759069
0.00348822

0.60808
-0.0757162
-0.790257
-0.399646
0.117078

0.797801
-0.00354197
0.60291
0.816111
0.00451208

0.62822
-0.654736
0.420309
0.515395
0.0239395

-0.62822
0.654736
-0.420309
-1.18828
0.48731

-0.774739
0.30453
0.554112
0.575013
0.00435149

0.774739
-0.30453
-0.554112
0.84277
0.000601675

0.437991
0.838824
-0.323323
0.87177
0.000877833

0.247741
-0.682397
-0.68772
-2.50988
1.43942

-0.247741
0.682397
0.68772
0.742993
0.00772691

0.65653
-0.162843
0.736512
0.725517
0.00342489

-0.0545434
0.274461
-0.96005
-1.17635
0.288035

0.0545434
-0.274461
0.96005
0.927175
0.00033245

-0.593726
0.4397
0.673909
0.832101
0.00548143

0.593726
-0.4397
-0.673909
-6.4622
10.805

0.361743
0.559444
0.745764
-1.24985
0.454195

-0.361743
-0.559444
-0.745764
0.686755
0.0088963

-0.827688
0.561189
0
0.0805521
0.0981801

0.827688
-0.561189
0
-0.634583
0.29716

-0.831884
-0.217981
-0.510346
-0.651052
0.148111

0.831884
0.217981
0.510346
0.884679
0.000739681

0.0431646
-0.846111
0.531256
0.910621
0.000836012

-0.0431646
0.846111
-0.531256
-2.94905
1.60254

-0.466411
0.690375
0.55303
0.436438
0.0358614

0.31955
-0.751383
0.577331
0.667642
0.00670829

-0.988935
-0.0332576
-0.144572
-2.34027
0.864009

0.988935
0.0332576
0.144572
0.965893
9.70911e-05

-0.380462
0.879878
0.284716
0.169935
0.0219118

0.380462
-0.879878
-0.284716
0.899195
0.000327557

0.0305142
0.882913
0.468544
0.731318
0.0125023

-0.0305142
-0.882913
-0.468544
-4.77555
5.76105

-0.396272
-0.461638
-0.793636
-6.66208
10.9168

0.396272
0.461638
0.793636
0.889666
0.0022742

0.0650684
-0.0600632
0.996072
0.919646
0.00170193

-0.296494
-0.891356
-0.342892
-0.818569
0.206424

0.296494
0.891356
0.342892
0.850252
0.00140956

0.462166
0.706001
-0.536623
-5.54906
10.0549

-0.462166
-0.706001
0.536623
0.369234
0.0933737

-0.70936
-0.318607
-0.628727
-1.76903
0.567009

0.70936
0.318607
0.628727
0.927184
0.000409263

0.232566
-0.858174
-0.457657
0.947297
0.000196278

-0.232566
0.858174
0.457657
-1.60034
0.449284

-0.0800519
-0.383311
-0.920144
0.169776
0.0301111

0.0800519
0.383311
0.920144
0.748438
0.0028555

-0.582412
-0.572238
-0.577356
-1.62152
0.608777

0.582412
0.572238
0.577356
0.793096
0.00442318

0.0813734
0.206213
-0.975118
-4.99147
5.86255

-0.0813734
-0.206213
0.975118
0.823006
0.00521609

0.10333
-0.43815
0.892943
-1.7817
0.45919

-0.10333
0.43815
-0.892943
0.987181
1.13099e-05

0.576507
-0.0889977
-0.812231
-0.444657
0.212014

-0.576507
0.0889977
0.812231
0.10477
0.0814235

0.0642984
-0.619072
0.782698
0.36179
0.0227496

-0.0642984
0.619072
-0.782698
0.38221
0.0213244

0.542637
0.127544
-0.830228
-5.49744
7.75852

-0.542637
-0.127544
0.830228
0.768692
0.00984322

-0.34735
0.232827
-0.908372
-3.04699
1.89061

0.34735
-0.232827
0.908372
0.849612
0.00262903

-0.408266
0.746599
-0.52527
0.307207
0.048903

0.408266
-0.746599
0.52527
-0.757177
0.314144

0.842827
-0.267514
0.466989
0.851219
0.00425874

0.462631
-0.26241
0.846826
0.688986
0.00395355

-0.503655
0.268228
0.82121
0.860107
0.00467966

0.648405
-0.639531
0.413003
0.164136
0.0568817

-0.648405
0.639531
-0.413003
-0.0113946
0.0832582

0.616696
0.407387
-0.673589
0.934911
0.000296288

-0.682761
-0.565597
0.462533
0.502385
0.00419667

0.682761
0.565597
-0.462533
0.960228
2.68832e-05

-0.0741974
0.948711
-0.307315
-0.372079
0.187658

0.0741974
-0.948711
0.307315
0.0868642
0.0831328

-0.639557
-0.691583
-0.335679
-1.89473
1.01787

0.639557
0.691583
0.335679
0.526938
0.0272114

-0.301534
0.89679
0.323797
-0.063318
0.107308

0.301534
-0.89679
-0.323797
-0.0758276
0.109835

-0.199299
-0.586011
0.785412
0.968125
3.42737e-05

0.199299
0.586011
-0.785412
-0.140917
0.040161

-0.990238
0.139385
0
-1.99228
0.733146

0.990238
-0.139385
0
0.910208
0.000668942

-0.646844
-0.624543
0.437652
0.473031
0.0141597

0.646844
0.624543
-0.437652
0.369595
0.020263

0.380221
0.326174
0.865472
0.887266
0.000322081

-0.655966
0.68772
-0.311046
-0.101936
0.10038

0.655966
-0.68772
0.311046
0.214219
0.0510565

0.0795828
-0.0749233
0.994009
0.845207
0.00136095

0.318674
0.284011
0.904315
0.850636
0.00332818

-0.318674
-0.284011
-0.904315
-4.52751
4.53307

0.0262432
0.592544
-0.80511
0.239332
0.0249662

-0.375419
0.147555
0.915035
0.792605
0.00271735

0.375419
-0.147555
-0.915035
-0.625971
0.166952

0.295394
-0.177917
0.938663
0.865606
0.0010761

-0.179715
0.556244
0.811354
0.771671
0.00316102

-0.16942
0.367598
0.914423
0.641862
0.0116227

0.16942
-0.367598
-0.914423
-1.10274
0.395414

0.964096
0.265555
0
0.363957
0.0333695

-0.964096
-0.265555
0
-0.298044
0.13875

-0.769075
-0.376392
0.516578
0.583799
0.0108067

0.769075
0.376392
-0.516578
-0.0837163
0.0729845

-0.0654665
-0.679831
-0.730441
-8.57616
22.9374

0.0654665
0.679831
0.730441
0.778246
0.0123707

-0.540123
-0.0485521
0.840185
0.855919
0.000587435

0.865726
0.0911156
-0.492154
0.778653
0.00430944

-0.865726
-0.0911156
0.492154
-1.47753
0.533268
