
-0.129812
-0.297098
0.945982
0.943329
0.000268042

-0.281395
0.367484
0.886438
0.485108
0.0990297

0.281395
-0.367484
-0.886438
-11.8723
61.7449

0.557842
0.108641
-0.822806
-0.775259
0.218253

-0.557842
-0.108641
0.822806
0.770501
0.00373041

-0.241593
-0.915765
0.320947
0.444527
0.0324448

0.241593
0.915765
-0.320947
-1.13027
0.476805

-0.64766
0.168049
-0.743166
0.794849
0.00191845

-0.862128
0.50669
0
-2.78343
1.72749

0.862128
-0.50669
0
0.712084
0.0173666

-0.101267
-0.173506
-0.979613
-36.2852
1014.66

0.101267
0.173506
0.979613
0.952442
0.00165389

-0.505158
0.594681
0.625435
0.0756143
0.0314483

0.505158
-0.594681
-0.625435
0.87366
0.000613589

-0.139802
-0.5935
0.792599
0.863222
0.00115297

-0.263919
-0.560624
0.784887
0.832828
0.00215729

-0.730616
0.477872
0.487687
-0.645328
0.490272

-0.673753
-0.075821
-0.735057
-1.68173
1.07635

0.673753
0.075821
0.735057
0.0345757
0.139504

0.675263
-0.650602
0.347472
-1.20524
0.538168

-0.421078
-0.277216
-0.863623
-13.0918
64.1345

0.421078
0.277216
0.863623
0.869713
0.00548392

-0.881269
0.384222
-0.275206
0.946146
7.31924e-05

0.881269
-0.384222
0.275206
0.268017
0.0130944

0.701338
-0.397385
-0.591786
0.975783
3.90971e-05

-0.701338
0.397385
0.591786
-1.18359
0.243942

0.0990563
-0.995082
0
0.0731972
0.4193

-0.0990563
0.995082
0
0.389524
0.333482

-0.975793
-0.0769683
-0.204703
0.748073
0.00265732

0.975793
0.0769683
0.204703
0.217938
0.0255657

0.0205896
-0.408647
0.91246
0.967819
0.000160155

0.604274
0.28008
-0.745928
0.382733
0.0277811

-0.604274
-0.28008
0.745928
-0.0707657
0.0835804

-0.620822
0.34083
-0.705985
0.918753
0.000461485

0.134801
-0.955987
-0.260611
-0.433412
0.19555

-0.134801
0.955987
0.260611
0.219098
0.0580522

0.573164
0.637421
0.514955
0.182231
0.164694

-0.573164
-0.637421
-0.514955
-5.30995
9.80375

-0.827063
-0.562109
0
0.113922
0.0527622

0.827063
0.562109
0
0.352943
0.0281375

0.747281
-0.664509
0
-2.32351
0.857342

-0.747281
0.664509
0
0.962234
0.000208022

-0.536141
0.441944
-0.719193
0.132369
0.0476462

0.536141
-0.441944
0.719193
0.421338
0.0212548

-0.564752
-0.241856
0.789025
0.571377
0.00729324

0.888552
-0.321088
-0.327684
-16.9042
125.83

-0.888552
0.321088
0.327684
0.889862
0.00476872

0.279226
0.292602
0.914558
0.919296
0.000709081

0.416797
-0.839624
0.3483
-11.1594
37.4369

-0.416797
0.839624
-0.3483
0.958202
0.000447857

-0.369733
-0.276677
-0.886988
-0.980848
0.186006

0.369733
0.276677
0.886988
0.974254
3.27834e-05

-0.52542
-0.757879
-0.386722
-0.383441
0.12291

0.52542
0.757879
0.386722
0.695519
0.00597546

-0.0966777
0.476282
-0.873962
-10.6062
36.9751

0.0966777
-0.476282
0.873962
0.861877
0.00524079

-0.113452
0.223758
-0.968019
-11.0999
37.4053

0.113452
-0.223758
0.968019
0.950702
0.000622036

0.277864
0.358302
-0.891298
-0.962449
0.344708

-0.277864
-0.358302
0.891298
0.58902
0.0152761

-0.517735
-0.127531
0.845983
0.830553
0.00280015

0.517735
0.127531
-0.845983
-2.13305
0.951298

-0.132352
0.689146
-0.712433
-3.27099
2.69551

0.132352
-0.689146
0.712433
0.636668
0.0196103

0.0676273
-0.186588
0.980108
-1.33458
0.323858

-0.0676273
0.186588
-0.980108
0.953733
0.000153881

-0.148448
-0.328145
0.93289
0.940351
0.00112222

-0.811542
-0.489284
-0.319376
0.492906
0.0132586

0.811542
0.489284
0.319376
0.334998
0.0227888

0.905849
0.11994
-0.406267
0.69468
0.00834974

0.677081
0.735909
0
-0.140855
0.100703

-0.677081
-0.735909
0
0.382257
0.0309033

0.381314
0.557049
0.737764
0.845241
0.00268173

0.0451387
-0.837083
-0.54521
0.43318
0.0171408

-0.0451387
0.837083
0.54521
0.357683
0.0220093

0.600232
-0.151418
-0.785363
-0.508846
0.103524

-0.848432
0.487347
-0.206533
-0.0847009
0.0939533

0.848432
-0.487347
0.206533
0.26045
0.0437741

-0.227288
-0.973828
0
0.503175
0.0198739

0.893495
0.122028
-0.432176
0.443881
0.0190131

-0.893495
-0.122028
0.432176
0.144912
0.0449452

0.513478
-0.285367
-0.809263
0.736569
0.00149772

-0.513478
0.285367
0.809263
0.801797
0.000867534

0.102172
-0.919618
-0.379293
-0.691395
0.196444

-0.102172
0.919618
0.379293
0.750956
0.00427763

0.91191
-0.1604
0.377745
-0.732804
0.395716

-0.91191
0.1604
-0.377745
-0.273083
0.213628

0.0628122
0.886589
0.458274
-0.0184641
0.109421

-0.0628122
-0.886589
-0.458274
-0.386251
0.202654

0.676945
0.54229
-0.497662
-1.59118
0.672933

-0.676945
-0.54229
0.497662
0.673744
0.0107116

0.466467
-0.293508
0.834423
0.902377
0.00221127

-0.467357
-0.0111052
0.883999
0.870955
0.00454858

0.920747
-0.249027
0.300351
0.58602
0.0116349

-0.920747
0.249027
-0.300351
-0.258541
0.10739

0.320931
-0.240293
0.916113
0.876538
0.0012535

-0.237812
-0.95169
-0.194248
-0.80252
0.321208

0.237812
0.95169
0.194248
0.379004
0.0381339

-0.699798
0.206205
0.683932
0.763639
0.00554313

-0.814502
0.0314279
0.579309
-0.700348
0.282563

0.814502
-0.0314279
-0.579309
0.341689
0.0424378

0.0793738
0.253773
-0.964002
0.278586
0.0759569

-0.0793738
-0.253773
0.964002
-2.05789
1.35908

-0.0895082
-0.569149
0.817348
0.824564
0.00065953

-0.520444
-0.335406
0.785265
0.906106
0.000995563

-0.864084
-0.342712
0.368656
0.521637
0.0433457

0.864084
0.342712
-0.368656
-4.41222
5.54394

0.467873
-0.765029
0.442522
0.441364
0.0164333

0.353593
0.607562
-0.711225
-0.882572
0.392876

-0.353593
-0.607562
0.711225
0.226425
0.0663723

0.973698
0.227843
0
-0.0498239
0.0971086

-0.973698
-0.227843
0
0.175213
0.062165

0.308979
0.53392
-0.787058
0.906106
0.000995713

0.323469
0.0118861
-0.946164
-0.220929
0.0661108

-0.323469
-0.0118861
0.946164
0.876628
0.00069024

-0.369404
0.138522
-0.918887
-0.922479
0.573882

0.369404
-0.138522
0.918887
-0.602684
0.398974

-0.610233
0.792222
0
-0.133897
0.110286

0.610233
-0.792222
0
0.19819
0.0558033

-0.920533
-0.207795
-0.330818
0.979862
0.000118963

0.961389
0.275193
0
-0.626876
0.442192

-0.961389
-0.275193
0
-1.18119
0.794819

-0.17184
0.328735
-0.928657
0.708699
0.00175024

0.17184
-0.328735
0.928657
0.817533
0.000687725

0.389752
0.31843
0.864115
-8.04126
15.7663

-0.389752
-0.31843
-0.864115
0.958443
0.000335192

0.127505
-0.347131
0.929109
0.915936
0.00046522

-0.127505
0.347131
-0.929109
-1.31701
0.353196

-0.977814
0.173234
0.117767
-4.56795
3.67516

0.977814
-0.173234
-0.117767
0.974998
7.43153e-05

0.712091
0.702087
0
-4.93346
5.84182

-0.712091
-0.702087
0
0.800571
0.00661066

0.287871
0.661367
0.692621
-1.77771
0.985723

-0.287871
-0.661367
-0.692621
0.403479
0.045598

0.935495
0.353339
0
-3.16172
2.59089

-0.935495
-0.353339
0
0.558845
0.0344214

-0.50118
0.724184
-0.473683
-0.17328
0.0820604

0.50118
-0.724184
0.473683
0.669349
0.00654995

0.779768
-0.193711
-0.595347
0.0985782
0.0454156

-0.779768
0.193711
0.595347
0.583183
0.00975909

-0.504604
0.0744288
0.860137
0.813969
0.00976765

-0.280629
0.189142
-0.940996
-1.59742
0.448835

0.280629
-0.189142
0.940996
0.946405
0.000219566

0.708157
0.706055
0
0.417385
0.0272136

-0.708157
-0.706055
0
-0.158715
0.102099

0.0900009
0.592836
0.800278
-0.164915
0.0557507

-0.0900009
-0.592836
-0.800278
0.895158
0.000489

0.845825
-0.45702
0.275157
-0.195689
0.136175

0.59732
-0.464506
-0.653791
-2.28773
1.26038

-0.59732
0.464506
0.653791
0.693989
0.0109372

-0.217845
-0.844807
-0.488717
0.997982
7.06949e-07

0.648776
-0.283838
0.706064
0.739954
0.0108619

-0.648776
0.283838
-0.706064
-4.26594
4.42309

0.228363
-0.356592
0.905921
0.930542
0.000188362

-0.228363
0.356592
-0.905921
-0.222939
0.0572592

0.14354
0.0805405
-0.986362
0.906014
0.000919115

0.742121
-0.0336385
-0.669422
-0.504552
0.157566

-0.742121
0.0336385
0.669422
0.672341
0.00754328

0.123502
0.151603
0.980695
0.986998
0.000120382

0.538724
0.182498
0.822479
0.790162
0.00183676

-0.538724
-0.182498
-0.822479
0.187081
0.0265982

0.352244
-0.163589
-0.9215
-0.665359
0.148867

-0.352244
0.163589
0.9215
0.893044
0.000627049

0.412066
-0.695822
0.588246
0.473748
0.0319215

-0.412066
0.695822
-0.588246
-1.52505
0.732881

-0.624149
0.253069
0.739185
-1.29013
0.321332

0.624149
-0.253069
-0.739185
0.939213
0.000246196

-0.108661
-0.994079
0
0.528017
0.0243495

-0.673823
0.210542
0.708262
0.814717
0.00357464

0.673823
-0.210542
-0.708262
-2.2848
1.10664

0.743143
-0.163052
0.648963
0.752283
0.00186558

-0.743143
0.163052
-0.648963
0.563964
0.00569475

0.595933
-0.360562
-0.717537
0.485903
0.0128227

0.660218
0.0414523
0.749929
0.63222
0.0129634

0.346887
0.0420402
-0.936964
-0.927674
0.289762

0.605904
-0.617499
0.501573
0.475951
0.013746

-0.605904
0.617499
-0.501573
0.393541
0.0183946

-0.092619
0.3145
-0.944728
-0.632586
0.235608

0.092619
-0.3145
0.944728
0.45661
0.0262994

0.928475
0.371394
0
-0.204628
0.146649

-0.928475
-0.371394
0
-0.0708857
0.116142

0.151034
-0.000293454
0.988529
0.990201
5.44234e-06

0.660461
0.471756
-0.584155
-1.71385
2.24668

-0.660461
-0.471756
0.584155
-3.30522
5.65352

0.642992
0.357397
-0.677369
-0.101685
0.112067

-0.311133
-0.165096
-0.935916
-36.1315
1014.04

0.311133
0.165096
0.935916
0.940589
0.00260393

0.296708
-0.327191
0.897168
0.900744
0.00202218

-0.982853
-0.184392
0
-0.965954
0.53337

0.982853
0.184392
0
-0.213671
0.203306

0.555172
0.163901
-0.815426
-8.39013
22.734

-0.555172
-0.163901
0.815426
0.712427
0.0214355

0.805166
0.261696
0.532187
0.484315
0.0156126

-0.805166
-0.261696
-0.532187
0.169258
0.040429

-0.903031
0.408825
-0.1319
0.888433
0.000452518

0.903031
-0.408825
0.1319
0.0400345
0.0334244

0.858804
0.512304
0
-1.83352
1.05281

-0.727738
0.397753
-0.55874
-4.33281
4.45527

0.727738
-0.397753
0.55874
0.771723
0.00817415

-0.0184091
-0.680307
0.732696
0.882861
0.00711743

0.0184091
0.680307
-0.732696
-23.0656
298.794

-0.205172
0.960481
0.1881
0.690952
0.0103282

0.205172
-0.960481
-0.1881
-1.91288
0.908898

0.100941
-0.600571
-0.793174
-7.19698
15.2127

-0.100941
0.600571
0.793174
0.740934
0.0152923

-0.410181
-0.494267
0.766454
0.698642
0.0235767

0.953097
-0.213547
-0.214486
-0.557072
0.142691

-0.953097
0.213547
0.214486
0.819373
0.00199315

-0.802069
-0.125503
-0.583896
0.150139
0.087266

0.802069
0.125503
0.583896
-0.97488
0.462374

0.902896
0.429859
0
0.563505
0.0401718

-0.902896
-0.429859
0
-2.33637
1.35356

0.0570699
0.258107
-0.964429
-17.8488
126.904

-0.0570699
-0.258107
0.964429
0.988787
5.12933e-05

-0.886866
-0.462027
0
0.591116
0.0256506

0.886866
0.462027
0
-2.15497
1.19716

-0.688259
0.176779
-0.703597
0.89773
0.00332544

0.180614
-0.562338
0.806942
0.599528
0.0175132

-0.180614
0.562338
-0.806942
-1.64801
0.759775

-0.872028
0.241697
-0.425616
-1.83352
1.12785

0.872028
-0.241697
0.425616
0.250564
0.0789596

0.429892
0.450273
-0.78259
-1.25238
0.379967

-0.429892
-0.450273
0.78259
0.835803
0.00203355

-0.370092
-0.928995
0
0.301768
0.0251807

0.370092
0.928995
0
0.538112
0.0111986

0.549042
-0.104178
-0.829276
-2.1099
0.839205

-0.549042
0.104178
0.829276
0.896297
0.000975385

0.357357
0.377781
0.854153
0.785462
0.00339914

-0.357357
-0.377781
-0.854153
-0.930848
0.268429

-0.712077
0.313068
0.628439
0.342645
0.033922

-0.813183
-0.582008
0
0.36255
0.0251248

0.813183
0.582008
0
0.292425
0.0307752

0.908151
-0.102014
0.406023
0.634258
0.0137475

-0.313091
-0.382263
0.869395
0.774959
0.0171805

0.216673
0.955319
-0.201042
0.584821
0.00706432

-0.216673
-0.955319
0.201042
0.484835
0.0108735

0.202979
0.332912
0.920853
0.914337
0.000441819

0.29526
0.117455
-0.94817
0.814236
0.00398717

-0.29526
-0.117455
0.94817
-2.71268
1.55383

-0.355212
-0.165935
-0.91994
-2.04871
1.05571

0.355212
0.165935
0.91994
0.661256
0.0131894

-0.246407
-0.732906
-0.634139
-2.55298
1.51578

0.246407
0.732906
0.634139
0.724049
0.00915926

-0.15728
0.987554
0
0.787819
0.000905156

0.15728
-0.987554
0
0.787819
0.000905156

-0.215228
0.718593
-0.661287
-0.504922
0.191181

0.215228
-0.718593
0.661287
0.451392
0.0254121

-0.25221
0.892159
-0.374757
0.249328
0.0366927

0.25221
-0.892159
0.374757
0.278634
0.033888

-0.000290161
-0.962892
0.269888
0.706247
0.00376265

0.000290161
0.962892
-0.269888
0.245004
0.0248024

-0.95573
0.0972376
-0.277713
0.917325
0.000288416

0.95573
-0.0972376
0.277713
-0.31371
0.0727014

-0.979619
0.0139837
-0.200376
0.907032
0.000742665

-0.656939
-0.200842
-0.726701
-0.601482
0.154924

0.656939
0.200842
0.726701
0.815279
0.002114

-0.320786
0.532258
0.783453
0.892336
0.000907922

0.320786
-0.532258
-0.783453
-1.56395
0.492914

-0.517038
0.277038
0.80989
-3.14131
3.12361

0.517038
-0.277038
-0.80989
0.217858
0.111868

0.519552
-0.690536
0.503215
0.055263
0.0343436

-0.834417
0.134298
-0.53452
0.716817
0.00142157

-0.869784
-0.10883
0.481282
0.916358
0.000400259

0.869784
0.10883
-0.481282
-0.875515
0.195547

-0.502824
0.586732
-0.634755
0.603144
0.00582874

0.127618
0.82668
0.54801
-1.24042
0.496433

-0.127618
-0.82668
-0.54801
0.573391
0.0180154

0.182428
-0.283821
0.941364
0.678822
0.0127264

0.423904
-0.0514102
-0.904247
-4.30276
3.62215

-0.423904
0.0514102
0.904247
0.923168
0.000764619

-0.429798
-0.373988
-0.821831
-0.772523
0.20299

0.429798
0.373988
0.821831
0.818053
0.00213952

0.970385
0.241564
0
0.876947
0.00192693

0.700096
0.388557
0.599073
-0.012468
0.0374889

-0.700096
-0.388557
-0.599073
0.899398
0.00037068

-0.305902
0.776028
-0.551548
0.529611
0.0105068

0.188885
-0.465553
0.864629
0.863293
0.00145755

-0.188885
0.465553
-0.864629
-1.50425
0.486895

-0.303175
0.0239348
-0.952634
-14.7978
119.434

0.303175
-0.0239348
0.952634
0.219862
0.291669

-0.558133
0.151337
-0.815834
0.984761
1.04152e-05

0.673515
-0.648657
-0.354432
-0.15274
0.0697672

-0.673515
0.648657
0.354432
0.759753
0.00303981

0.227954
-0.19988
-0.952935
-3.42029
2.31817

-0.227954
0.19988
0.952935
0.879898
0.00177636

-0.106876
-0.616888
0.779761
0.97782
4.35226e-05

0.106876
0.616888
-0.779761
-2.24245
0.754826

-0.569829
0.257672
-0.780321
-2.35638
1.11963

0.569829
-0.257672
0.780321
0.850414
0.00227721

0.0676884
0.997707
0
0.641466
0.0232366

0.499862
0.552314
-0.667149
0.924799
0.000114017

-0.748969
0.394702
-0.532218
0.82408
0.00185415

0.748969
-0.394702
0.532218
-0.612736
0.155573

-0.556507
0.59207
-0.582883
0.93886
0.000181694

0.230802
0.0122224
0.972924
0.0828083
0.0879807

-0.230802
-0.0122224
-0.972924
-0.493024
0.23311

-0.942269
0.123551
0.31123
0.460812
0.0167831

-0.962382
-0.271699
0
-0.287227
0.0986185

0.962382
0.271699
0
0.76357
0.00568191

-0.932854
0.255246
0.254229
0.195596
0.0146395

0.932854
-0.255246
-0.254229
0.972364
1.83363e-05

-0.432277
0.730522
0.528653
0.587426
0.0193553

-0.631784
-0.336362
0.698362
-0.354473
0.107865

0.631784
0.336362
-0.698362
0.754736
0.0035392

0.241943
0.0520047
-0.968896
-1.20322
0.266238

-0.241943
-0.0520047
0.968896
0.962305
7.80281e-05

-0.752512
-0.204478
0.626031
0.923261
0.000333189

0.752512
0.204478
-0.626031
-0.831754
0.179787

0.304404
-0.234838
0.923141
0.842472
0.00179199

-0.304404
0.234838
-0.923141
-1.17324
0.340838

0.138475
-0.136109
-0.980968
-2.79248
1.35972

-0.138475
0.136109
0.980968
0.934532
0.000405566

0.67186
-0.0495144
0.739021
0.685747
0.00504578

-0.0734912
-0.684592
0.725212
0.715806
0.00982603

0.355912
0.497071
-0.791357
-0.899083
0.211841

-0.355912
-0.497071
0.791357
0.897436
0.000627195

-0.805177
0.456054
0.379085
0.976826
4.07301e-05

0.784457
-0.570983
-0.242084
-1.5801
0.671003

-0.784457
0.570983
0.242084
0.6644
0.0113552

-0.313456
0.926906
-0.206374
0.997564
3.10174e-07

0.836402
0.502442
0.219053
-0.0873458
0.116901

-0.836402
-0.502442
-0.219053
-0.152255
0.131272

-0.194929
0.789532
-0.581929
-1.04001
0.386319

0.194929
-0.789532
0.581929
0.57555
0.0167316

-0.0864663
-0.330579
0.939809
0.884345
0.00123576

-0.626124
-0.571694
0.530222
0.497888
0.0481499

-0.202022
0.26861
-0.941826
-0.0126817
0.0688296

0.202022
-0.26861
0.941826
0.455404
0.0200425

-0.361599
-0.656185
-0.66232
-1.28599
0.292792

0.361599
0.656185
0.66232
0.963598
0.000230329

0.430855
-0.902421
0
0.877945
0.00086382

0.304541
0.529502
0.791759
0.974227
5.80171e-05

-0.304541
-0.529502
-0.791759
-2.22244
0.75352

0.829771
-0.184273
-0.526805
-0.563156
0.163145

-0.829771
0.184273
0.526805
0.735076
0.00529263

0.415821
-0.461058
0.783912
0.582662
0.0237058

-0.135601
-0.349404
-0.927108
-36.1315
1013.79

0.135601
0.349404
0.927108
0.940589
0.00262654

-0.606991
-0.287315
0.740953
-0.367683
0.200111

0.606991
0.287315
-0.740953
-0.064806
0.121374

0.295695
0.55875
0.774831
0.502145
0.0305762

-0.530988
-0.274982
0.801522
0.338907
0.0172839

0.530988
0.274982
-0.801522
0.72458
0.00306313

0.262156
0.453238
0.851968
0.888869
0.000189462

-0.262156
-0.453238
-0.851968
0.772749
0.00076586

0.0801633
-0.417168
-0.905287
-11.0506
37.365

-0.0801633
0.417168
0.905287
0.943979
0.000814496

0.627156
0.221157
-0.746837
0.93654
0.000337983

-0.627156
-0.221157
0.746837
-2.06929
0.740957

-0.0119409
0.173204
0.984814
0.602535
0.0187101

0.0119409
-0.173204
-0.984814
-1.97714
1.03825

-0.313773
-0.00317048
0.949493
0.780147
0.0029559

0.313773
0.00317048
-0.949493
-0.51103
0.139528

0.023081
0.156433
0.987419
0.969703
0.000338095

0.0904134
0.490104
-0.866962
-1.72493
0.625586

-0.0904134
-0.490104
0.866962
0.852925
0.00183846

-0.666149
0.248378
0.703245
0.954334
0.000120041

-0.483069
0.303349
0.821355
0.841128
0.00224968

0.483069
-0.303349
-0.821355
-1.83903
0.713449

-0.139632
0.583117
-0.800298
-0.222278
0.0993629

0.139632
-0.583117
0.800298
0.589237
0.0113289

-0.272213
-0.0382909
0.961475
0.947579
0.00136341

0.272213
0.0382909
-0.961475
-23.6088
300.207

0.461219
0.545219
-0.700009
-1.26456
0.500462

-0.461219
-0.545219
0.700009
0.598525
0.0158288

0.435824
-0.605531
-0.665876
-0.863089
0.423862

-0.435824
0.605531
0.665876
0.0145588
0.118708

-0.549726
0.835345
0
-0.303195
0.178519

0.549726
-0.835345
0
-0.0833738
0.123379

0.963458
0.267858
0
0.60248
0.0114725

-0.963458
-0.267858
0
-0.310653
0.11846

0.17272
-0.442251
0.880103
-0.0199621
0.1582

-0.17272
0.442251
-0.880103
-1.64749
1.06387

0.316078
-0.686039
0.655321
0.892953
0.00864155

-0.316078
0.686039
-0.655321
-35.6364
1011.85

0.0189388
0.0585141
0.998107
0.977642
0.000123956

-0.121396
0.0137331
-0.992509
-0.8299
0.430887

0.121396
-0.0137331
0.992509
-0.133963
0.16555

0.475578
0.611021
0.632834
0.249114
0.0487941

-0.475578
-0.611021
-0.632834
-0.241254
0.133135

-0.767566
0.536809
-0.350255
-2.34186
1.66808

0.767566
-0.536809
0.350255
0.339884
0.0651245

0.801348
0.522924
0.290501
0.145889
0.0265373

-0.801348
-0.522924
-0.290501
0.854382
0.000777601

0.00149152
0.0730852
-0.997325
0.89515
0.000794849

0.700126
0.0889996
-0.708451
0.682699
0.0101201

-0.700126
-0.0889996
0.708451
-1.60199
0.674782

-0.590159
0.13863
-0.795295
-2.21265
0.964258

0.590159
-0.13863
0.795295
0.868884
0.00161831

0.874926
0.368895
0.31372
0.729952
0.0166223

0.691634
-0.543615
-0.475526
-2.15497
1.22529

-0.691634
0.543615
0.475526
0.591116
0.0206294

0.67853
0.472851
-0.562147
-0.663712
0.207826

-0.67853
-0.472851
0.562147
0.662043
0.0085789

0.661611
0.749847
0
0.868834
0.0943904

-0.661611
-0.749847
0
-0.516274
0.400937

0.0198838
0.171581
0.984969
0.977942
0.000247155

-0.0198838
-0.171581
-0.984969
-24.002
300.696

-0.831452
0.366639
-0.417448
0.949708
0.000133653

0.831452
-0.366639
0.417448
-0.897741
0.182868

0.0382347
-0.0764154
0.996343
0.997134
7.31925e-07

-0.0382347
0.0764154
-0.996343
-2.41174
0.762798

0.335196
-0.154314
0.929425
-4.88447
7.32395

-0.335196
0.154314
-0.929425
0.425344
0.0698477

0.40807
-0.0809893
0.909351
0.719716
0.00905169

-0.40807
0.0809893
-0.909351
-2.32534
1.26953

-0.802861
0.596166
0
-0.145524
0.130051

0.0830844
0.265468
0.960533
0.979306
3.3854e-05

-0.227337
0.145162
0.962936
-0.784806
0.805923

0.227337
-0.145162
-0.962936
-3.26291
4.59417

0.849919
-0.124634
-0.511962
0.79451
0.00189705

-0.849919
0.124634
0.511962
0.0187787
0.0431059

-0.894976
0.109318
0.432512
0.894349
0.0006093

0.894976
-0.109318
-0.432512
-0.667653
0.148984

-0.171792
0.768547
0.616298
-0.336739
0.10687

0.171792
-0.768547
-0.616298
0.735953
0.00421917

0.412268
0.651734
0.636614
-0.211414
0.0801374

-0.412268
-0.651734
-0.636614
0.7558
0.00330482

-0.136221
0.342547
-0.929573
0.935327
0.000132687

0.136221
-0.342547
0.929573
0.0585412
0.0273675

-0.389516
-0.623844
0.677566
0.962173
0.000113336

0.563993
-0.331121
-0.756486
-23.0283
298.761

-0.563993
0.331121
0.756486
0.877407
0.00778163

0.969912
0.117955
-0.212973
-0.122582
0.0434368

-0.969912
-0.117955
0.212973
0.941351
0.000120106

0.146227
-0.330858
0.932283
0.715644
0.0048216

-0.146227
0.330858
-0.932283
-0.280364
0.0977168

0.338944
0.508521
0.791533
-0.545759
0.195787

-0.338944
-0.508521
-0.791533
0.512817
0.0195764

0.805256
-0.335801
-0.488672
0.984359
8.42114e-06

-0.206303
0.593299
0.778097
0.841919
0.00331606

0.206303
-0.593299
-0.778097
-3.65854
2.83063

0.362341
0.160282
0.918161
0.143305
0.0343011

-0.362341
-0.160282
-0.918161
0.710182
0.00395034

-0.291758
0.282279
-0.913891
0.247565
0.0535481

0.291758
-0.282279
0.913891
-0.447709
0.197545

-0.287441
-0.809741
0.511563
0.789856
0.00510646

-0.469163
0.856646
-0.214577
0.996868
2.54109e-06

0.469163
-0.856646
0.214577
-4.99497
4.06276

-0.12333
-0.64428
0.75478
0.922268
0.000398397

0.12333
0.64428
-0.75478
-1.24545
0.318428

0.00622487
0.417336
0.908731
-2.00354
1.18095

-0.00622487
-0.417336
-0.908731
0.448332
0.0400682

-0.306506
0.387697
0.869336
0.313805
0.0259994

0.621054
-0.767132
-0.160626
-0.880796
0.182112

-0.621054
0.767132
0.160626
0.943536
0.000165002

0.640248
0.669353
0.376893
-0.892157
0.169834

-0.640248
-0.669353
-0.376893
0.966111
5.7374e-05

-0.105992
0.0268173
-0.994005
0.480322
0.0152222

-0.365136
0.492801
0.789825
0.674805
0.0124941

0.00866747
-0.894327
0.447331
0.337453
0.07291

-0.00866747
0.894327
-0.447331
-2.90766
2.53387

0.0704281
0.953488
-0.293089
0.955392
0.00018565

0.996284
-0.0405491
-0.0759898
0.977489
1.34643e-05

0.415007
-0.0796996
0.906321
0.556778
0.0118306

0.193023
0.651833
0.733386
0.794695
0.0040558

-0.419804
0.287044
-0.861029
-1.51069
1.14144

0.419804
-0.287044
0.861029
-0.64533
0.490264

-0.103533
-0.509027
0.854502
0.726398
0.00607782

0.103533
0.509027
-0.854502
-1.01571
0.324149

-0.809528
0.538408
0.234052
-2.10142
0.838761

0.809528
-0.538408
-0.234052
0.892887
0.00100394

-0.517317
0.310922
0.797314
0.268991
0.0567133

0.517317
-0.310922
-0.797314
-0.817789
0.350576

-0.579189
0.0307521
-0.814613
-0.152207
0.139525

0.579189
-0.0307521
0.814613
-0.225342
0.157768

0.565631
0.270152
0.779153
-1.04546
0.278526

-0.565631
-0.270152
-0.779153
0.86319
0.0012479

-0.721874
0.67956
-0.130752
-0.461778
0.284818

0.721874
-0.67956
0.130752
-0.557239
0.323215

0.4892
-0.307581
-0.816136
0.570922
0.152081

-0.4892
0.307581
0.816136
-33.7551
997.741

0.613124
-0.789986
0
0.438083
0.0127849

-0.74487
-0.155582
-0.648817
-1.59118
0.673

0.74487
0.155582
0.648817
0.673744
0.0106877

-0.632747
-0.19492
-0.749425
-1.24846
0.37803

0.632747
0.19492
0.749425
0.833391
0.00293622

-0.927904
0.0586606
0.368176
0.517108
0.012637

-0.259193
0.416082
0.871605
0.921986
0.00110726

-0.136795
0.797406
-0.587733
0.447661
0.0167723

0.136795
-0.797406
0.587733
0.308823
0.0262272

-0.376688
0.176728
-0.909326
-0.71907
0.228889

0.376688
-0.176728
0.909326
0.653007
0.0094659

-0.328735
-0.944422
0
0.332435
0.0365465

0.328735
0.944422
0
-0.23675
0.125191

0.441174
-0.877581
-0.18766
0.796896
0.00170136

-0.441174
0.877581
0.18766
0.13252
0.0309755

0.466653
-0.0637345
-0.882141
-6.68346
10.9193

-0.466653
0.0637345
0.882141
0.895031
0.00208735

0.798858
0.540144
0.26471
-0.2165
0.130521

-0.798858
-0.540144
-0.26471
0.194042
0.0573017

-0.0766702
0.565614
-0.821098
-0.781796
0.44331

0.0766702
-0.565614
0.821098
-0.394331
0.271596

-0.076349
-0.0147988
0.996971
0.94317
0.000240854

-0.497924
0.821598
0.277577
0.481925
0.0074777

0.497924
-0.821598
-0.277577
0.832122
0.000794664

-0.864514
-0.502609
0
-1.40444
0.766115

0.864514
0.502609
0
0.116821
0.121695

0.540877
0.812805
-0.216335
-0.676396
0.240817

-0.540877
-0.812805
0.216335
0.518894
0.0198441

0.0125843
-0.875609
-0.482857
0.219587
0.0607953

-0.0125843
0.875609
0.482857
-0.559893
0.242835

0.906402
-0.147513
0.395823
0.741207
0.00392971

-0.906402
0.147513
-0.395823
-0.303047
0.0991224

0.266509
0.963833
0
0.953376
8.76233e-05

-0.266509
-0.963833
0
-0.421547
0.0799787

0.168527
-0.159499
0.972707
0.512915
0.0332915

-0.168527
0.159499
-0.972707
-2.51808
1.73357

-0.206242
-0.836214
-0.508144
-1.27354
0.671278

0.206242
0.836214
0.508144
0.132665
0.0977792

-0.0191185
0.51116
-0.859273
-1.14747
0.438679

0.0191185
-0.51116
0.859273
0.586897
0.0162711

-0.153432
-0.318368
-0.935468
-2.45535
1.48897

0.153432
0.318368
0.935468
0.657544
0.0146269

-0.82459
-0.497981
0.268452
0.955374
0.000119901

0.023011
0.631814
0.774778
-3.36486
3.25127

-0.023011
-0.631814
-0.774778
0.430817
0.0552934

-0.174063
0.00184595
0.984733
-0.513152
0.319018

0.174063
-0.00184595
-0.984733
-0.641869
0.375518

0.191647
-0.422819
-0.885717
-6.68346
10.9192

-0.191647
0.422819
0.885717
0.895031
0.00208774

-0.518103
0.816405
-0.255053
0.573362
0.0134847

0.518103
-0.816405
0.255053
-0.426538
0.150727

-0.944308
0.180638
-0.275049
0.98359
4.08759e-05

0.944308
-0.180638
0.275049
-6.37548
8.10351

-0.150443
0.687105
0.710811
0.627329
0.00963639

0.150443
-0.687105
-0.710811
-0.372274
0.129521

-0.982953
-0.183856
0
0.862457
0.00121436

0.982953
0.183856
0
-0.400068
0.0996632

0.341803
0.634342
-0.693384
0.948187
0.000136505

-0.574769
0.108683
-0.811066
-7.58153
15.5201

0.574769
-0.108683
0.811066
0.865914
0.00379499

-0.538656
-0.606899
-0.5844
-0.409891
0.16915

0.538656
0.606899
0.5844
0.385853
0.0321682

-0.752753
0.475015
0.455767
0.989537
5.51018e-06

0.752753
-0.475015
-0.455767
-0.748492
0.116913

0.636454
0.22299
-0.738378
-0.433412
0.195669

-0.636454
-0.22299
0.738378
0.219098
0.0581914

-0.562472
0.0414949
0.825775
0.759075
0.0146851

0.562472
-0.0414949
-0.825775
-8.51901
22.886

-0.642495
0.766289
0
0.993694
1.225e-05

-0.949452
0.0859678
-0.301911
0.746376
0.00241509

0.949452
-0.0859678
0.301911
0.348496
0.0159299

0.173631
-0.950521
0.257609
0.983591
2.24501e-05

-0.0359089
0.0181074
0.999191
0.130662
0.0682053

0.0359089
-0.0181074
-0.999191
-0.0328006
0.0943404

-0.127438
0.358254
0.924886
0.950597
0.00123223

0.127438
-0.358254
-0.924886
-23.6413
300.132

0.52378
-0.512743
0.680256
0.809431
0.00247547

0.195175
-0.194654
0.961258
0.937209
0.000183096

-0.195175
0.194654
-0.961258
-0.569795
0.112068

0.0127967
0.38622
-0.922318
0.148299
0.0908615

0.192617
-0.216426
0.957109
0.951567
0.000192613

-0.192617
0.216426
-0.957109
-1.84675
0.573142

-0.308932
-0.788453
0.531885
0.204946
0.0651131

0.308932
0.788453
-0.531885
-0.622555
0.270897

-0.0478861
0.417155
-0.907573
-23.2
299.121

0.0478861
-0.417155
0.907573
0.901404
0.00501473

-0.676099
-0.698487
0.234534
0.264554
0.0242345

0.783389
-0.165569
0.599074
0.699846
0.00615098

-0.783389
0.165569
-0.599074
-0.529187
0.159501

0.102255
0.133049
0.98582
0.75171
0.00778442

-0.102255
-0.133049
-0.98582
-2.84949
1.83794

0.927783
0.229274
0.294367
-0.418576
0.150031

-0.927783
-0.229274
-0.294367
0.562166
0.0143081

-0.36059
-0.417765
0.833934
0.747642
0.00683265

0.36059
0.417765
-0.833934
-1.22175
0.409828

0.108214
0.816945
0.566471
0.840333
0.00167499

-0.108214
-0.816945
-0.566471
-0.204695
0.0702227

0.434688
-0.0288741
0.900118
-0.764709
0.164573

-0.341176
-0.939999
0
0.476889
0.0433926

-0.326491
0.794307
-0.512328
-0.593387
0.128561

0.326491
-0.794307
0.512328
0.906023
0.000677765

-0.849762
-0.527167
0
0.0248803
0.080568

0.849762
0.527167
0
0.153319
0.061678

-0.250057
0.872301
0.420193
-0.983291
0.252721

0.250057
-0.872301
-0.420193
0.869821
0.00109209

0.78604
-0.185528
0.589678
0.420747
0.0326768

-0.78604
0.185528
-0.589678
-0.830732
0.32556

-0.316891
0.643896
0.696404
0.693657
0.00812702

0.316891
-0.643896
-0.696404
-1.15755
0.403083

0.785157
-0.111332
-0.609207
-0.219482
0.178446

-0.785157
0.111332
0.609207
-0.505536
0.271901

0.466146
-0.122649
0.876165
0.924655
0.000683144

0.14085
0.517442
0.844047
0.878794
0.000537316

0.583779
0.811913
0
0.233663
0.0783434

-0.583779
-0.811913
0
-1.09187
0.512565

0.70679
-0.542468
0.454067
-0.017261
0.0758335

-0.70679
0.542468
-0.454067
0.336369
0.0323029

0.206348
0.291429
-0.934071
-11.1702
37.4186

-0.206348
-0.291429
0.934071
0.959493
0.00043611

-0.228926
0.910955
0.343153
-0.21743
0.0392778

0.228926
-0.910955
-0.343153
0.993105
1.75422e-06

0.176363
0.555305
-0.812731
-2.685
1.54899

-0.176363
-0.555305
0.812731
0.800156
0.00456421

-0.273779
-0.427518
-0.861553
-23.2303
299.329

0.273779
0.427518
0.861553
0.905351
0.00457006

0.651512
0.0380733
0.757682
0.58902
0.015232

-0.651512
-0.0380733
-0.757682
-0.962449
0.344703

0.0697268
-0.193207
0.978677
0.480496
0.00655897

0.770975
0.297195
-0.563269
0.8249
0.00466982

-0.770975
-0.297195
0.563269
-4.45851
4.50611

-0.471413
0.705204
-0.529582
-0.268549
0.144196

0.471413
-0.705204
0.529582
0.206903
0.0564138

0.970337
0.241755
0
0.39259
0.0268025

-0.970337
-0.241755
0
0.329248
0.0316923

0.474856
-0.254511
0.842458
0.967963
9.15629e-05

-0.589622
-0.781921
0.202348
0.835922
0.00155825

-0.421733
-0.157643
-0.892911
-0.287229
0.0930775

0.650019
-0.187554
0.736409
0.234852
0.0289378

-0.650019
0.187554
-0.736409
0.613373
0.0074521

0.447078
-0.549413
-0.70588
0.364396
0.029833

-0.447078
0.549413
0.70588
-0.0621171
0.0830872

-0.593491
-0.0856786
-0.800267
-0.189498
0.0714727

0.593491
0.0856786
0.800267
0.798566
0.00205587

-0.566756
0.0401372
-0.822907
-5.78539
10.2791

0.566756
-0.0401372
0.822907
0.524551
0.0506512

0.766078
0.282062
0.577551
0.722488
0.0116429

-0.766078
-0.282062
-0.577551
-3.78832
3.45038

0.508463
0.208056
0.835571
0.827911
0.00211588

-0.508463
-0.208056
-0.835571
-0.989358
0.27377

-0.469816
0.861895
-0.190811
-1.49439
0.654611

0.469816
-0.861895
0.190811
0.585979
0.0180419

-0.872328
-0.488921
0
-1.35991
0.503684

0.872328
0.488921
0
0.687944
0.0166849

-0.24506
-0.258757
-0.93434
-0.0600746
0.154163

0.24506
0.258757
0.93434
-1.16341
0.641995

0.496393
0.255363
0.829689
0.99872
7.88914e-07

0.331592
-0.592074
0.734503
0.747223
0.00101534

0.149024
0.0788181
-0.985687
-3.22946
2.26803

-0.149024
-0.0788181
0.985687
0.800119
0.0051788

0.832417
0.0059566
-0.554118
0.901949
0.000388647

-0.832417
-0.0059566
0.554118
-0.101601
0.0469365

0.420114
-0.149913
0.895003
0.668728
0.0092425

-0.420114
0.149913
-0.895003
-0.953827
0.316812

0.113507
-0.583279
0.804302
0.984026
8.03752e-05

-0.930423
-0.183368
0.317315
0.977128
4.07385e-05

0.322768
-0.895865
0.305364
0.902141
0.00126362

-0.175011
0.855889
-0.486647
0.10884
0.0431256

0.175011
-0.855889
0.486647
0.60393
0.00855048

0.269232
0.212413
-0.939359
-16.8232
125.613

-0.269232
-0.212413
0.939359
0.876228
0.00612417

0.646593
-0.22857
0.727787
0.672874
0.00661345

-0.646593
0.22857
-0.727787
-0.245457
0.0955801

0.579187
-0.391375
0.715101
0.70891
0.00129217

-0.942655
0.333768
0
-4.16872
3.53937

0.942655
-0.333768
0
0.884593
0.00241396

-0.0566676
-0.761631
0.645528
-1.01129
0.454086

0.0566676
0.761631
-0.645528
0.275932
0.0588548

0.255569
0.409621
-0.875725
0.782462
0.00360224

-0.290028
-0.210014
-0.933691
-0.474246
0.366116

0.290028
0.210014
0.933691
-1.40701
0.975156

-0.199005
-0.845774
0.495039
0.837992
0.00235291

-0.0640384
0.197007
-0.978308
-11.3002
37.5232

0.0640384
-0.197007
0.978308
0.973391
0.000176041

-0.357419
-0.258007
-0.897599
-0.86621
1.93511

0.357419
0.258007
0.897599
-13.1667
111.43

0.299605
-0.0451559
-0.952994
0.957305
0.000110079

-0.299605
0.0451559
0.952994
-1.3467
0.324731

0.667401
-0.214969
0.712997
0.731238
0.00794706

0.574108
0.81878
0
0.80001
0.00280907

-0.574108
-0.81878
0
-0.00820589
0.0486629

0.839131
0.454329
-0.299073
0.909301
0.000467334

-0.839131
-0.454329
0.299073
-0.860769
0.19471

0.0302145
-0.3525
0.935324
0.985439
0.000157978

0.0121446
-0.776071
0.630529
0.614852
0.00551147

0.034469
-0.999406
0
0.226844
0.0811687

-0.034469
0.999406
0
-0.247657
0.164991

0.524064
0.18961
-0.830304
-1.69219
0.621343

-0.524064
-0.18961
0.830304
0.835338
0.00233163

0.799929
-0.229812
-0.554347
0.207861
0.0680577

0.283916
-0.0481214
0.957641
0.858026
0.0154182

-0.283916
0.0481214
-0.957641
-35.3452
1010.23

0.52783
-0.551723
0.645753
0.442462
0.0232429

0.498121
-0.366821
0.785696
-0.0192149
0.267749

-0.498121
0.366821
-0.785696
-5.09011
9.54831

0.902581
-0.233545
0.36167
0.066507
0.0431418

-0.902581
0.233545
-0.36167
0.706146
0.00430357

-0.416187
-0.259904
-0.871343
-0.695576
0.210978

0.416187
0.259904
0.871343
0.695978
0.00685732

-0.379995
0.517585
0.766622
-0.794047
0.535731

0.379995
-0.517585
-0.766622
-0.977929
0.651106

0.267476
-0.925234
-0.26907
0.742836
0.00250066

-0.267476
0.925234
0.26907
0.350647
0.0159

0.464463
-0.235912
0.853592
0.827148
0.000598649

-0.0532483
0.0893312
0.994578
0.988919
2.00026e-05

0.292178
0.071882
-0.953659
-0.0926069
0.0944652

-0.292178
-0.071882
0.953659
0.278706
0.041203

0.930972
0.36509
0
-2.35278
1.85314

-0.930972
-0.36509
0
0.037787
0.174812

0.315666
0.283035
-0.905675
-0.317047
0.0946515

-0.315666
-0.283035
0.905675
0.793229
0.00233538

0.355354
0.448239
0.820247
0.892039
0.000848339

0.84635
-0.321954
0.424308
0.649575
0.00786746

-0.84635
0.321954
-0.424308
-0.265036
0.102166

-0.334815
0.338691
-0.879311
-1.84821
0.84885

0.334815
-0.338691
0.879311
0.699385
0.00946112

0.081849
0.42009
-0.903784
-3.26206
3.19495

-0.081849
-0.42009
0.903784
0.338577
0.0770153

0.660848
0.75052
0
-0.127397
0.076691

-0.660848
-0.75052
0
0.650274
0.00799074

0.0862556
-0.535701
0.83999
-2.32535
1.26887

0.896824
-0.0341003
0.441071
-1.32821
0.562212

-0.896824
0.0341003
-0.441071
0.544519
0.0215614

-0.833139
0.553064
0
-1.08037
0.56215

0.833139
-0.553064
0
0.016701
0.125638

0.919983
-0.391958
0
0.313845
0.0655223

-0.919983
0.391958
0
-0.936608
0.404832

0.870344
-0.157584
0.46655
0.756114
0.00417665

-0.870344
0.157584
-0.46655
-0.485495
0.138601

-0.780214
0.419332
0.464141
0.864787
0.0059239

-0.416938
-0.614334
0.669893
0.81268
0.00504114

0.416938
0.614334
-0.669893
-3.97564
3.52182

0.18914
-0.0707462
0.979398
0.324205
0.133447

-0.18914
0.0707462
-0.979398
-7.61985
21.696

-0.368526
0.791904
-0.486905
0.987071
7.75643e-06

0.411558
0.701928
0.581307
0.610839
0.0138555

-0.411558
-0.701928
-0.581307
-1.07247
0.391095

0.71067
-0.703525
0
-2.66365
2.05784

-0.71067
0.703525
0
0.397865
0.0571845

0.507884
-0.492715
-0.706601
-23.4574
299.882

-0.507884
0.492715
0.706601
0.932251
0.00230338

0.418293
0.377768
-0.826028
-4.56835
4.54881

-0.418293
-0.377768
0.826028
0.864759
0.00268669

0.839532
-0.29599
0.455605
0.54686
0.0158225

-0.839532
0.29599
-0.455605
-0.458598
0.163527

0.065222
0.662474
-0.74624
-7.29925
15.3088

-0.065222
-0.662474
0.74624
0.77878
0.0108853

-0.574506
0.43407
0.693921
0.602798
0.00329887

0.740386
-0.00756182
-0.672139
-2.73016
1.55867

-0.740386
0.00756182
0.672139
0.82281
0.00356373

0.0736423
-0.461534
0.88406
0.447402
0.0247459

-0.0736423
0.461534
-0.88406
-0.393929
0.157204

-0.832019
0.135178
-0.538026
-1.68173
1.0762

0.832019
-0.135178
0.538026
0.0345757
0.139586

0.501533
-0.686346
0.526682
-0.0184641
0.109442

-0.501533
0.686346
-0.526682
-0.386251
0.202671

0.356168
0.011737
0.934348
0.453586
0.0294589

-0.356168
-0.011737
-0.934348
-0.94075
0.370969

0.298961
-0.523863
0.797615
0.788465
0.00893649

-0.298961
0.523863
-0.797615
-6.33582
10.7233

0.0283598
0.434314
-0.900315
0.401456
0.0160712

-0.0283598
-0.434314
0.900315
0.574269
0.00813314

-0.438859
-0.838168
-0.323848
0.761284
0.00432714

0.438859
0.838168
0.323848
-0.976364
0.294965

0.950232
0.214724
-0.225728
0.174313
0.0747861

-0.950232
-0.214724
0.225728
-0.763756
0.341183

-0.426526
-0.266155
0.864429
0.484066
0.00742402

0.967604
0.117977
-0.223213
-0.120397
0.0436197

-0.967604
-0.117977
0.223213
0.940231
0.000152135

0.810788
0.0279586
0.584671
-0.190515
0.0431334

-0.0374235
0.750946
0.659303
-16.9535
125.923

0.0374235
-0.750946
-0.659303
0.897738
0.00408847

-0.632732
-0.307186
0.710835
0.581832
0.0105237

-0.656747
0.334465
-0.675883
-0.668821
0.194497

0.656747
-0.334465
0.675883
0.729723
0.00511751

0.176445
-0.928867
-0.32569
-1.59042
1.13135

-0.176445
0.928867
0.32569
-0.348832
0.306816

0.669376
0.163857
0.724629
0.25204
0.0582491

-0.669376
-0.163857
-0.724629
-0.724725
0.308998

-0.268163
-0.0693809
0.960872
0.550967
0.00799722

0.268163
0.0693809
-0.960872
0.550967
0.00799722

0.359729
-0.181289
0.915276
0.535168
0.0204853

-0.049704
-0.823856
-0.564615
-0.458598
0.163482

0.049704
0.823856
0.564615
0.54686
0.0157822

0.119434
-0.135907
-0.983496
0.971427
0.000304014

0.530886
-0.162282
-0.83176
-6.06714
10.5257

-0.530886
0.162282
0.83176
0.675489
0.0222261

0.101833
0.196549
0.975191
0.969175
4.98026e-05

0.547958
-0.127863
-0.826676
-1.23874
0.597463

-0.547958
0.127863
0.826676
0.284914
0.0609654

-0.929119
-0.0702936
-0.363039
0.691859
0.00718282

0.929119
0.0702936
0.363039
-0.755847
0.232556

0.830787
0.380066
0.406623
-0.0314426
0.0731878

-0.830787
-0.380066
-0.406623
0.433074
0.0221365

-0.285648
0.36549
0.885902
0.917591
0.00213307

0.285648
-0.36549
-0.885902
-13.3589
64.4599

-0.271115
-0.0875868
0.958554
-13.3741
64.4373

0.271115
0.0875868
-0.958554
0.919949
0.00204336

-0.658893
-0.301455
0.689192
-1.22604
0.810564

0.658893
0.301455
-0.689192
-0.519094
0.377486

0.900637
0.349818
-0.257838
0.636668
0.01953

-0.900637
-0.349818
0.257838
-3.27099
2.69682

0.440054
0.312504
0.84184
0.827269
0.000890979

0.702023
0.134813
-0.699278
-0.116253
0.0987282

-0.702023
-0.134813
0.699278
0.331097
0.0367541

-0.140913
-0.498567
0.855321
-0.306591
0.464678

0.140913
0.498567
-0.855321
-4.82318
9.22079

-0.703548
0.37774
0.601941
0.796135
0.00214488

0.703548
-0.37774
-0.601941
-0.187059
0.0714511

0.204486
-0.206292
-0.956885
-9.46551
23.597

-0.204486
0.206292
0.956885
0.969184
0.000206506

0.610713
0.791852
0
-0.148846
0.181291

-0.610713
-0.791852
0
-0.99624
0.541118

0.283077
0.619654
-0.732049
0.0412507
0.0478573

-0.283077
-0.619654
0.732049
0.677982
0.00540024

0.891551
-0.177905
0.416518
0.192484
0.0292072

-0.891551
0.177905
-0.416518
0.715022
0.00365716

0.120944
0.408258
0.904819
-0.332083
0.100798

-0.120944
-0.408258
-0.904819
0.771531
0.00297569
