
0.306468
-0.314554
-0.898406
0.921997
0.000527093

-0.306468
0.314554
0.898406
-2.02488
0.736152

0.906352
0.357209
-0.225673
0.760201
0.00275145

-0.906352
-0.357209
0.225673
0.00355518
0.0474105

-0.740217
-0.272765
-0.614555
0.428156
0.0133159

0.740217
0.272765
0.614555
0.645638
0.00516857

-0.177211
0.106522
0.978391
0.94279
0.000676639

0.177211
-0.106522
-0.978391
-7.9391
15.7059

-0.211961
-0.0408877
0.976422
0.440827
0.0259572

0.211961
0.0408877
-0.976422
-0.442352
0.172559

0.29323
-0.610213
-0.735973
0.534408
0.0168894

-0.29323
0.610213
0.735973
-0.449949
0.162781

0.581755
-0.509649
-0.633892
-1.2002
0.244549

-0.581755
0.509649
0.633892
0.979311
2.66667e-05

0.447524
0.0294727
0.893786
0.836461
0.00332081

0.737803
-0.110864
0.665849
0.61464
0.00459801

-0.737803
0.110864
-0.665849
0.694238
0.00291185

0.550108
-0.172899
0.816999
-1.5352
0.913012

-0.550108
0.172899
-0.816999
0.0769436
0.121459

-0.29356
-0.164024
-0.941764
-5.1787
7.55007

0.29356
0.164024
0.941764
0.613831
0.0295144

0.857913
0.513794
0
-0.461624
0.209411

-0.857913
-0.513794
0
0.274469
0.0611865

-0.569632
0.284189
0.771204
-0.838897
0.549175

0.569632
-0.284189
-0.771204
-0.838897
0.549175

-0.0477388
-0.196834
0.979274
0.954068
0.0015645

0.0477388
0.196834
-0.979274
-36.3077
1014.4

-0.889112
0.221414
-0.400569
-1.25242
0.318942

0.889112
-0.221414
0.400569
0.925071
0.000360067

0.744964
0.656351
-0.119303
-0.318475
0.140723

-0.744964
-0.656351
0.119303
0.401656
0.029028

-0.145433
-0.612516
-0.776964
0.817407
0.00133724

0.48195
0.876199
0
0.38437
0.0225297

-0.48195
-0.876199
0
0.267347
0.0319029

0.164467
-0.921225
0.352555
0.690239
0.0051964

-0.164467
0.921225
-0.352555
-0.0411427
0.058517

0.241098
-0.754066
-0.610947
0.614393
0.00770092

0.739943
0.67267
0
0.564322
0.0727584

-0.76249
-0.60577
-0.22727
-10.387
36.7229

0.76249
0.60577
0.22727
0.80627
0.0106355

-0.824307
-0.45471
-0.337278
0.971636
6.08086e-05

0.824307
0.45471
0.337278
-2.20893
0.753216

0.110908
-0.156177
0.981483
-0.430254
0.568647

-0.110908
0.156177
-0.981483
-4.72102
9.08822

0.248997
0.686831
-0.682835
0.163471
0.0323223

-0.248997
-0.686831
0.682835
0.706988
0.00396778

0.80044
-0.270796
-0.534758
-0.204695
0.0700565

-0.80044
0.270796
0.534758
0.840333
0.00162403

0.00824844
0.483749
0.875168
0.234045
0.0335115

0.208008
-0.490728
-0.84612
-3.61863
2.82023

-0.208008
0.490728
0.84612
0.825376
0.00404992

-0.610083
-0.741214
0.279999
0.85933
0.000650129

0.610083
0.741214
-0.279999
0.26381
0.0176568

-0.321456
-0.0664518
0.94459
0.933312
0.000387162

0.0474874
-0.0713603
-0.99632
-1.73232
0.563182

-0.0474874
0.0713603
0.99632
0.913645
0.000613398

-0.501191
0.572762
0.648654
-0.714494
0.466502

0.501191
-0.572762
-0.648654
-0.88166
0.561859

-0.188307
-0.05575
0.980527
0.747873
0.00224843

0.805783
-0.39791
-0.438614
0.0781994
0.0572726

-0.805783
0.39791
0.438614
0.37802
0.026081

-0.476378
-0.197644
0.856738
-0.88166
0.56188

0.476378
0.197644
-0.856738
-0.714494
0.466549

0.0849291
-0.655762
0.750176
-0.0560192
0.0418837

-0.0849291
0.655762
-0.750176
0.901112
0.000375

0.906041
0.423189
0
0.440337
0.0418384

-0.906041
-0.423189
0
-1.23867
0.539755

-0.834939
-0.0438446
0.548594
0.441177
0.00631934

0.60465
0.728781
-0.321366
-0.757177
0.314122

-0.60465
-0.728781
0.321366
0.307207
0.0488551

-0.413613
-0.146744
0.898549
0.863705
0.00225647

-0.398049
0.198688
0.895589
0.947022
0.000856815

-0.745033
0.144612
-0.651163
0.433938
0.0139864

0.745033
-0.144612
0.651163
0.572485
0.00798078

0.610894
-0.740997
-0.278806
0.948293
0.000113526

-0.610894
0.740997
0.278806
-0.443142
0.0851619

0.611439
-0.791291
0
0.814824
0.00882717

-0.611439
0.791291
0
-4.43311
4.29789

-0.700228
-0.0951218
0.707554
0.655207
0.0514215

0.700228
0.0951218
-0.707554
-15.8949
123.402

-0.401519
-0.279218
-0.87225
-13.7693
64.8048

0.401519
0.279218
0.87225
0.968922
0.000301385

-0.588377
0.512427
-0.625484
0.981746
2.15075e-05

0.267927
0.0376749
0.962702
0.956727
0.000565097

0.720446
-0.674453
-0.161464
0.982184
3.08497e-05

-0.448006
-0.0770793
-0.890702
-1.08228
0.467785

0.448006
0.0770793
0.890702
0.380476
0.0416196

0.444903
-0.245266
0.861339
0.849766
0.00112048

-0.102922
-0.242382
-0.964706
-17.0423
126.077

0.102922
0.242382
0.964706
0.911149
0.00305808

0.015796
-0.129112
0.991504
-1.542
0.736859

-0.015796
0.129112
-0.991504
0.492519
0.0293832

-0.483917
0.831731
0.272119
0.990378
3.3592e-06

-0.181166
0.198148
-0.963284
-1.8158
0.571271

0.181166
-0.198148
0.963284
0.942534
0.000241491

0.307867
0.354875
0.882769
0.901404
0.00501218

-0.307867
-0.354875
-0.882769
-23.2
299.128

0.276667
-0.740853
0.612039
0.639449
0.0149607

-0.30428
0.234836
-0.923182
-0.36559
0.129089

0.30428
-0.234836
0.923182
0.618471
0.0102199

0.153655
0.101797
-0.982867
-11.3926
37.5629

-0.153655
-0.101797
0.982867
0.98143
8.5561e-05

-0.669306
-0.595401
0.444441
0.596527
0.00989726

0.669306
0.595401
-0.444441
-0.0617847
0.0683327

0.506047
-0.704092
0.498168
0.974917
6.97781e-05

0.384063
-0.515697
-0.765867
-0.925439
0.267909

-0.384063
0.515697
0.765867
0.781229
0.00352833

0.477297
0.758932
0.442955
0.446537
0.0080618

-0.477297
-0.758932
-0.442955
0.870061
0.000447346

0.527018
-0.425217
0.735828
0.587053
0.0135183

-0.527018
0.425217
-0.735828
-0.600566
0.20156

-0.489036
-0.742963
-0.457001
0.546938
0.0270462

0.489036
0.742963
0.457001
-2.31722
1.44722

-0.169655
-0.80971
0.561772
0.579083
0.00492552

0.169655
0.80971
-0.561772
0.775058
0.00141176

0.00493554
-0.500335
-0.865818
-1.26641
0.381291

-0.00493554
0.500335
0.865818
0.844264
0.00186694

0.410344
0.836965
-0.362087
0.213681
0.0879185

-0.410344
-0.836965
0.362087
-1.8055
1.11861

0.61612
-0.300744
-0.727976
0.674131
0.00317051

-0.61612
0.300744
0.727976
0.668536
0.00327846

-0.861928
-0.222078
0.455809
0.442521
0.00678927

0.393208
-0.701349
-0.594556
0.884755
0.000430878

-0.386199
-0.833578
0.394967
0.248765
0.0264464

0.386199
0.833578
-0.394967
0.647097
0.00585401

0.0214626
0.88632
-0.462575
0.863945
0.00169644

-0.0214626
-0.88632
0.462575
-2.03518
0.82927

0.0639672
-0.35194
-0.933834
0.805761
0.000601825

-0.0639672
0.35194
0.933834
0.883308
0.000242094

0.658101
-0.071858
0.749492
0.839096
0.00218455

-0.658101
0.071858
-0.749492
-1.57445
0.545955

0.359897
0.541288
-0.759922
0.936783
0.000190368

-0.530251
0.671477
0.517641
0.656155
0.00593331

0.530251
-0.671477
-0.517641
0.139649
0.037094

-0.625511
-0.376001
0.683637
0.799268
0.00390016

0.180187
0.507931
-0.842341
0.910416
0.000541741

-0.456523
-0.768852
-0.44772
-0.0587585
0.0787385

0.456523
0.768852
0.44772
0.425161
0.0232428

0.427863
-0.389813
-0.815462
-1.41775
0.476872

-0.427863
0.389813
0.815462
0.813445
0.00284112

-0.100423
-0.324881
-0.940408
-0.744599
0.337909

0.100423
0.324881
0.940408
0.138533
0.0826284

-0.19101
0.736292
-0.649145
-1.70997
0.966357

0.19101
-0.736292
0.649145
0.322514
0.0605275

-0.89255
0.392233
0.222505
0.65136
0.0219734

0.642621
-0.334771
0.689178
0.728553
0.00338841

-0.7474
-0.355485
0.561269
0.791196
0.00202278

0.7474
0.355485
-0.561269
-0.0002352
0.0456854

-0.599648
0.590211
-0.540438
0.882089
0.000559895

-0.126127
0.0980673
0.987155
-1.84544
0.894697

0.126127
-0.0980673
-0.987155
0.637059
0.014568

-0.591332
0.502893
0.630417
0.712084
0.0106048

0.591332
-0.502893
-0.630417
-2.78343
1.82004

0.520064
0.747517
-0.413221
0.587155
0.0093807

0.936699
-0.350135
0
0.138979
0.0763795

-0.936699
0.350135
0
-0.455132
0.213879

0.154253
0.0400925
0.987217
-0.236778
0.0702477

-0.154253
-0.0400925
-0.987217
0.866397
0.000890882

0.0626422
-0.365009
0.928894
0.923682
0.00436454

-0.0626422
0.365009
-0.928894
-35.9378
1012.98

-0.102895
0.78606
-0.609526
0.965862
0.000111723

0.102895
-0.78606
0.609526
-2.92473
1.37488

0.0601901
-0.350015
0.934808
0.871954
0.000686004

-0.396273
-0.119754
0.91029
0.908297
0.000188517

-0.667108
-0.258854
-0.698542
0.627694
0.00798213

0.667108
0.258854
0.698542
-0.0254018
0.0604147

-0.965238
-0.213044
-0.151417
-0.491549
0.156379

0.965238
0.213044
0.151417
0.65713
0.00826716

0.452603
0.632102
-0.628965
-0.215218
0.0803309

-0.452603
-0.632102
0.628965
0.759957
0.00318106

0.0591063
0.163964
-0.984694
-5.02091
4.66362

-0.0591063
-0.163964
0.984694
0.971363
0.000122427

0.0294617
-0.735128
0.677288
-0.685098
0.354543

-0.0294617
0.735128
-0.677288
-0.170212
0.171081

-0.034648
-0.9994
0
0.846025
0.00417593

-0.503307
-0.584036
-0.636855
-0.203642
0.129209

0.503307
0.584036
0.636855
0.164138
0.0623273

0.855659
0.517539
0
0.157369
0.065037

-0.855659
-0.517539
0
-0.0789615
0.103489

0.0923253
0.269363
0.958603
0.493745
0.0202811

-0.0923253
-0.269363
-0.958603
-0.422862
0.160045

-0.380943
0.401092
0.833071
-0.168245
0.13327

0.380943
-0.401092
-0.833071
-0.0420418
0.106079

-0.23282
-0.578925
0.781435
0.801008
0.00141309

0.418071
0.72912
0.54185
0.853805
0.00144306

-0.418071
-0.72912
-0.54185
-1.02973
0.27723

-0.099488
-0.281733
-0.954321
-7.81472
15.661

0.099488
0.281733
0.954321
0.920048
0.0012912

-0.0888918
-0.228365
-0.969509
-3.93159
2.90203

0.0888918
0.228365
0.969509
0.930581
0.000575639

-0.0252685
0.149018
0.988512
0.984451
5.98843e-05

-0.740418
0.0456966
-0.670592
0.369005
0.0179558

0.740418
-0.0456966
0.670592
0.596164
0.00736469

0.054659
0.90428
0.423426
0.180161
0.0232456

-0.054659
-0.90428
-0.423426
0.864822
0.00064437

-0.519942
0.243884
0.818646
0.83091
0.0027217

0.519942
-0.243884
-0.818646
-1.96923
0.819062

-0.514496
-0.857493
0
0.958682
0.000444672

-0.117808
-0.316234
0.941338
0.95225
0.000330997

0.64762
0.179204
0.740591
-0.462146
0.101681

-0.64762
-0.179204
-0.740591
0.902923
0.00047867

0.409479
-0.823017
0.393663
0.337453
0.0728978

-0.409479
0.823017
-0.393663
-2.90766
2.53398

0.205003
-0.310994
0.928039
-0.985745
0.295942

-0.205003
0.310994
-0.928039
0.768857
0.00411753

-0.356201
-0.370484
0.857825
0.212519
0.0416931

0.356201
0.370484
-0.857825
0.271927
0.0356644

0.13325
0.372055
-0.918597
-2.05716
0.937892

-0.13325
-0.372055
0.918597
0.788284
0.00450937

-0.564847
0.0628253
-0.822801
0.883017
0.00056031

0.564847
-0.0628253
0.822801
-0.0755439
0.0461723

0.516833
-0.0536671
-0.854402
-3.21899
1.92731

-0.516833
0.0536671
0.854402
0.912341
0.000834412

-0.702739
-0.279453
-0.654266
0.546212
0.00746476

0.312759
-0.0713907
0.947146
-1.14538
0.871966

-0.312759
0.0713907
-0.947146
-1.14538
0.871966

-0.116263
0.519055
-0.846797
0.843841
0.000392493

-0.549294
0.156732
0.820799
-0.01139
0.224852

0.549294
-0.156732
-0.820799
-3.81458
5.09531

0.805436
-0.432329
0.405419
-2.53988
2.01329

-0.805436
0.432329
-0.405419
0.268619
0.086003
