
-0.0532634
0.822135
0.566795
0.536079
0.00535753

-0.926368
0.243765
-0.287091
0.172873
0.0291197

0.477417
-0.178728
0.860308
0.368604
0.0359503

-0.477417
0.178728
-0.860308
-0.513765
0.205682

0.927055
-0.374926
0
0.938291
0.000345013

-0.927055
0.374926
0
-2.59401
1.15609

0.209262
0.977859
0
0.841993
0.0084745

-0.209262
-0.977859
0
-12.9615
63.7847

-0.166412
-0.788481
-0.592119
0.990571
6.25503e-05

0.166412
0.788481
0.592119
-37.0181
1016.59

0.242234
-0.550995
-0.798579
-4.09041
5.31497

-0.242234
0.550995
0.798579
0.267611
0.110083

-0.605897
0.5961
-0.526834
-1.90249
0.722209

0.605897
-0.5961
0.526834
0.87258
0.00139704

0.729873
-0.0391928
0.682459
0.550143
0.0110781

-0.729873
0.0391928
-0.682459
0.177885
0.0369767

0.45541
-0.61547
0.643272
-1.265
0.292597

-0.410896
-0.593168
0.692327
0.735594
0.00432905

0.410896
0.593168
-0.692327
-0.376963
0.115706

0.579816
-0.656647
0.482316
0.343731
0.0373668

-0.579816
0.656647
-0.482316
-0.38323
0.165615

0.351362
-0.372259
-0.859051
0.722386
0.00162579

-0.0177628
-0.412215
0.910914
-2.51808
1.7326

0.0177628
0.412215
-0.910914
0.512915
0.0334254

-0.538222
0.0377094
0.841959
0.643537
0.0178153

0.538222
-0.0377094
-0.841959
-2.9607
2.18203

0.322553
-0.629737
-0.706676
-0.395247
0.116887

-0.322553
0.629737
0.706676
0.754634
0.00367673

-0.872745
0.488177
0
-1.83189
0.891024

0.872745
-0.488177
0
0.625532
0.0157695

0.21664
-0.819665
-0.530298
0.559688
0.0105395

-0.21664
0.819665
0.530298
0.173134
0.0371631

-0.424493
-0.0736834
-0.902428
-8.3171
22.6465

0.424493
0.0736834
0.902428
0.68384
0.0262291

0.775289
-0.20958
0.595821
0.700644
0.00526707

0.372164
0.180154
0.910515
0.905087
0.00047527

-0.320832
0.702743
0.634995
0.983214
6.33015e-05

0.320832
-0.702743
-0.634995
-9.61136
23.6428

0.35558
0.934646
0
-1.45591
0.883198

-0.35558
-0.934646
0
-0.0541956
0.168021

0.521608
-0.114611
0.845452
0.746982
0.0268436

-0.271526
0.83885
0.47181
-2.16325
0.846523

0.271526
-0.83885
-0.47181
0.916302
0.000596276

0.519124
0.788262
-0.330383
0.593792
0.0135848

-0.519124
-0.788262
0.330383
-0.734964
0.247725

0.582623
-0.104626
-0.80598
0.991517
6.79231e-06

-0.582623
0.104626
0.80598
-1.27464
0.24659

0.130461
0.534264
-0.83519
0.234953
0.0206417

-0.685258
-0.728301
0
0.895936
0.000744283

0.685258
0.728301
0
0.891247
0.000780954

0.546412
0.81651
0.186401
0.555824
0.0129006

-0.546412
-0.81651
-0.186401
-0.130331
0.083506

-0.00588972
0.0363399
0.999322
0.933943
0.00134728

-0.32452
-0.651126
0.686091
-0.0389396
0.0737751

0.188743
-0.475215
-0.859388
0.58428
0.00370798

-0.188743
0.475215
0.859388
0.880834
0.000314294

-0.236084
-0.283476
-0.929465
-13.3887
64.4918

0.236084
0.283476
0.929465
0.922206
0.0018954

-0.220245
-0.803595
-0.552927
-2.83458
1.58181

0.220245
0.803595
0.552927
0.869069
0.00184567

-0.462278
0.339706
0.819084
0.765958
0.00249231

0.462278
-0.339706
-0.819084
0.0638323
0.0398534

-0.20021
0.0989366
-0.974745
0.247723
0.0509792

0.142833
-0.721488
0.677535
0.646025
0.0132581

-0.142833
0.721488
-0.677535
-1.70015
0.770902

-0.236123
-0.144851
0.960866
0.963683
0.000351876

0.236123
0.144851
-0.960866
-11.2065
37.4382

-0.213217
0.722487
-0.657686
0.147485
0.101434

0.213217
-0.722487
0.657686
-1.58146
0.927603

0.355663
-0.0702479
-0.93197
-1.54656
0.403606

-0.355663
0.0702479
0.93197
0.961293
0.000113527

0.905154
-0.276172
-0.32315
0.944819
9.62438e-05

-0.905154
0.276172
0.32315
0.0251561
0.0289982

0.913595
0.406626
0
0.510813
0.0467925

-0.913595
-0.406626
0
-2.27702
1.35081

-0.279982
-0.288495
-0.915631
0.641977
0.00225988

0.537563
0.396546
-0.744162
-0.856594
0.944934

-0.537563
-0.396546
0.744162
-3.75284
6.19009

-0.0253289
0.516218
-0.856083
-3.68623
2.83816

0.0253289
-0.516218
0.856083
0.852828
0.00286323

-0.71774
0.605996
-0.342957
0.540118
0.011982

0.71774
-0.605996
0.342957
0.14265
0.0415905

-0.0186748
0.853859
0.52017
0.023993
0.0764672

-0.620981
-0.300173
0.724071
0.708425
0.00730916

0.212806
-0.157465
0.964323
0.976681
0.000135613

-0.545384
-0.79037
0.279055
0.8065
0.00145815

0.545384
0.79037
-0.279055
0.189294
0.0254724

0.259398
0.782398
0.566186
0.78361
0.00283009

-0.259398
-0.782398
-0.566186
-0.468714
0.128708

-0.126915
0.442954
0.887516
0.31666
0.010071

0.0888039
-0.816137
-0.570994
0.977763
3.02643e-05

-0.0888039
0.816137
0.570994
-1.26689
0.268828

-0.168682
-0.124874
-0.977728
-1.29862
0.677771

0.168682
0.124874
0.977728
0.172497
0.0879167

-0.623984
-0.637347
0.452142
0.460069
0.0314436

0.623984
0.637347
-0.452142
-1.25466
0.548073

0.823975
0.417779
-0.382786
0.172497
0.134553

-0.823975
-0.417779
0.382786
-3.50531
3.98825

-0.406145
-0.121921
0.905639
0.897814
0.000481327

0.406145
0.121921
-0.905639
-0.1952
0.0594251

0.939447
-0.0257574
-0.341726
0.731936
0.00860412

-0.939447
0.0257574
0.341726
-2.56551
1.51907

0.46813
0.347097
0.812636
0.650752
0.0322887

-0.46813
-0.347097
-0.812636
-8.23727
22.5638

-0.473229
0.117
-0.873136
-1.34042
0.622639

0.473229
-0.117
0.873136
0.414896
0.0389206

-0.648196
-0.761474
0
0.561171
0.0293989

0.648196
0.761474
0
-2.12055
1.18861

0.391487
0.238202
0.888818
0.924102
0.000945676

0.227377
0.769583
0.596692
0.610803
0.0328598

-0.783249
-0.620374
-0.0407163
0.954929
0.000319506

0.152446
0.740297
0.654768
0.778752
0.00768813

-0.400082
-0.472751
0.785138
0.965021
0.000456015

0.388153
0.400345
-0.830097
-0.39078
0.116651

-0.388153
-0.400345
0.830097
0.750073
0.00385357

0.331002
0.434109
-0.837847
0.550922
0.0105166

-0.331002
-0.434109
0.837847
0.249088
0.0293501

0.285025
-0.323552
0.902261
0.906538
0.00134469

0.857071
-0.250767
0.450049
0.515587
0.00768396

-0.857071
0.250767
-0.450049
0.726015
0.00246184

0.02149
0.310411
-0.95036
-36.8444
1015.9

-0.02149
-0.310411
0.95036
0.984238
0.000184942

0.050042
0.542545
-0.838535
-0.685654
0.280346

-0.050042
-0.542545
0.838535
0.317377
0.0459784

0.962434
0.11697
0.245028
0.31041
0.411217

-0.962434
-0.11697
-0.245028
-32.7897
987.26

0.647154
0.428145
-0.63078
-0.611467
0.177145

-0.647154
-0.428145
0.63078
0.729591
0.00499412

0.686419
-0.351797
0.63645
0.953769
8.84235e-05

-0.919863
0.300472
-0.25213
-0.462004
0.120848

0.919863
-0.300472
0.25213
0.816222
0.0019158

0.86325
0.252109
0.43731
0.913802
0.000812782

-0.86325
-0.252109
-0.43731
-3.22374
1.92778

-0.654548
-0.43609
-0.617571
-12.9021
63.8373

0.654548
0.43609
0.617571
0.828369
0.0097695

0.288972
-0.5811
0.760801
0.959336
0.000825737

-0.160399
0.481793
-0.86148
0.377178
0.0116344

0.160399
-0.481793
0.86148
0.847978
0.000693577

0.324043
0.0828729
0.942406
0.952425
8.50823e-05

0.99531
0.0967391
0
0.427237
0.0146757

-0.99531
-0.0967391
0
0.612785
0.00699217

0.537789
0.243368
0.80719
0.803866
0.00101433

-0.079481
-0.227125
-0.970617
-23.4989
299.825

0.079481
0.227125
0.970617
0.936659
0.00204066

0.0518447
-0.703307
0.708993
0.729175
0.00373102

-0.0518447
0.703307
-0.708993
-0.0192751
0.0526318

-0.438434
-0.283257
0.85296
0.872226
0.000998008

0.438434
0.283257
-0.85296
-0.735739
0.174436

-0.198233
-0.617238
0.761394
0.782903
0.00265556

0.152066
0.252119
0.955674
0.719326
0.00617651

-0.152066
-0.252119
-0.955674
-0.927674
0.289762

0.116441
-0.920978
-0.371808
0.5048
0.0133124

-0.116441
0.920978
0.371808
0.253162
0.0302472

0.0621441
-0.249544
0.966367
0.805402
0.00410012

-0.53859
0.0859213
0.838175
0.843993
0.00298913

0.53859
-0.0859213
-0.838175
-3.32728
2.2978

0.470426
0.882439
0
0.892646
0.000645214

-0.470426
-0.882439
0
-0.0235014
0.0403665

-0.220206
0.237696
-0.94605
-0.383841
0.156375

0.220206
-0.237696
0.94605
0.430505
0.0266672

0.612805
0.748131
-0.254498
-0.813819
0.41335

-0.612805
-0.748131
0.254498
-0.0871594
0.148514

0.340639
0.140151
-0.92969
-1.28089
0.320687

-0.340639
-0.140151
0.92969
0.935908
0.000286188

0.952404
-0.00547096
0.30479
-0.456145
0.283668

-0.952404
0.00547096
-0.30479
-0.574961
0.331842

-0.0151271
-0.908809
-0.416939
-4.16872
3.58645

0.0151271
0.908809
0.416939
0.884593
0.00178873

-0.372878
0.518995
0.769159
0.736887
0.00346125

0.591674
-0.470128
0.654905
0.676881
0.00666279

-0.336738
-0.537439
0.773154
-1.85319
0.640351

0.152946
-0.327917
0.932244
0.889666
0.00227801

-0.152946
0.327917
-0.932244
-6.66208
10.916

0.457336
0.414991
-0.786528
-35.2032
1009.14

-0.457336
-0.414991
0.786528
0.839095
0.0199948

-0.591715
0.52804
0.609136
0.248902
0.0558028

0.591715
-0.52804
-0.609136
-0.575435
0.245114

0.695896
0.161734
-0.699693
-1.40729
0.636911

-0.695896
-0.161734
0.699693
0.494302
0.0281112

-0.0212393
-0.546777
-0.837009
-0.563019
0.173165

0.0212393
0.546777
0.837009
0.678784
0.00742303

0.353219
-0.20634
-0.912502
-23.7544
300.341

-0.353219
0.20634
0.912502
0.960393
0.000789037

0.360586
-0.338478
0.869144
0.962099
0.000250971

0.909967
-0.141758
-0.389699
0.998927
2.237e-07

0.0558895
0.730187
0.680957
0.709647
0.00746102

-0.0558895
-0.730187
-0.680957
-1.27636
0.458102

-0.179248
0.960601
0.212405
0.372962
0.0369733

0.179248
-0.960601
-0.212405
-0.647
0.255013

0.963816
0.048261
-0.262163
0.786139
0.00396504

-0.963816
-0.048261
0.262163
-1.48854
0.534904

0.665842
-0.381324
0.641285
0.662869
0.0203255

0.679771
-0.0869129
-0.728257
-0.0462916
0.074123

-0.679771
0.0869129
0.728257
0.462614
0.0195586

-0.284377
-0.276747
-0.9179
-0.647
0.255155

0.284377
0.276747
0.9179
0.372962
0.0371836

0.828001
0.4481
0.337076
0.587053
0.0134324

-0.828001
-0.4481
-0.337076
-0.600566
0.201476

0.615846
0.539551
0.574124
0.751301
0.00555594

-0.615846
-0.539551
-0.574124
-1.04516
0.327355

0.665803
0.746128
0
-6.09627
10.1599

-0.665803
-0.746128
0
0.689131
0.0259204

0.795992
-0.514328
-0.319161
0.941368
0.00050783

-0.795992
0.514328
0.319161
-5.40829
6.02322

-0.911513
-0.114021
0.39515
-0.776992
0.125605

0.911513
0.114021
-0.39515
0.986679
8.32234e-06

-0.666071
-0.0208304
-0.745597
0.927551
0.000714655

-0.764127
-0.0865561
0.639232
0.744168
0.00515644

0.764127
0.0865561
-0.639232
-1.03653
0.326535

-0.641173
0.286231
-0.712018
-0.972218
0.233233

0.641173
-0.286231
0.712018
0.90124
0.000613983

0.797467
0.16952
0.57906
0.463655
0.0518548

-0.797467
-0.16952
-0.57906
-3.82711
4.19232

0.935349
0.353726
0
0.613831
0.00744977

-0.935349
-0.353726
0
0.613831
0.00744977

0.0734065
-0.494692
0.865963
0.871112
0.0022614

-0.0734065
0.494692
-0.865963
-4.12807
3.5741

-0.439981
0.35151
-0.826352
0.42775
0.0141414

-0.449837
-0.877181
0.16793
0.986087
1.31982e-05

-0.700626
-0.0481605
0.711901
-1.8376
0.572737

0.700626
0.0481605
-0.711901
0.948988
0.000200647

0.537594
-0.261311
0.801691
0.948003
0.000107484

-0.537594
0.261311
-0.801691
-0.0728589
0.0374671

0.44199
-0.775616
0.450627
-0.653867
0.138988

-0.44199
0.775616
-0.450627
0.913333
0.000391882

-0.124354
-0.111474
0.985956
0.966202
0.000133683

-0.522769
0.775204
-0.354642
0.613443
0.0167263

-0.166132
-0.342899
-0.924565
0.742614
0.00125823

0.788447
-0.216923
0.575582
0.616895
0.0071732

-0.0298412
-0.362911
0.931346
-0.822551
0.19245

0.0298412
0.362911
-0.931346
0.889369
0.000715248

0.745328
0.195594
-0.637361
0.977393
5.40273e-05

-0.371884
-0.175582
0.911522
0.826968
0.00151121

0.225596
0.294526
0.928634
0.943876
0.000620196

-0.225596
-0.294526
-0.928634
-7.94565
15.7264

-0.325379
0.456521
0.82808
0.711031
0.0146037

0.325379
-0.456521
-0.82808
-4.73403
5.73884

0.116819
0.409247
-0.904914
-2.91009
1.59619

-0.116819
-0.409247
0.904914
0.897504
0.00109993

-0.894116
0.139045
0.425704
0.462614
0.0195616

0.894116
-0.139045
-0.425704
-0.0462916
0.0741267

0.737283
-0.47229
-0.483068
0.780564
0.00157538

-0.737283
0.47229
0.483068
0.433216
0.0104779

0.0493655
0.661822
0.748034
0.735634
0.00210601

0.518098
-0.476571
0.71025
0.526276
0.0201935

-0.518098
0.476571
-0.71025
-0.827818
0.300525

0.104717
0.344588
-0.932895
0.249114
0.0431302

-0.158862
0.838804
0.52074
-0.880796
0.18211

0.158862
-0.838804
-0.52074
0.943536
0.000164247

-0.324433
-0.430548
0.842242
0.835553
0.00035523

0.262566
0.957107
-0.122494
0.0405872
0.0479568

0.753518
0.0165125
-0.657219
-0.564831
0.197788

-0.753518
-0.0165125
0.657219
0.539675
0.0172017

0.596578
-0.151327
0.788159
0.875835
0.00083883

-0.596578
0.151327
-0.788159
-0.499371
0.116

-0.413689
0.812152
-0.411425
0.397791
0.0531403

0.413689
-0.812152
0.411425
-2.39687
1.68915

0.246261
-0.618614
-0.746104
-0.875134
0.283878

-0.246261
0.618614
0.746104
0.668769
0.00895082

-0.368955
0.513268
0.774873
0.794603
0.000781029
