
-0.587529
0.404682
0.700745
0.821672
0.00566186

0.587529
-0.404682
-0.700745
-5.63558
7.83642

-0.19684
0.562243
-0.803204
0.817233
0.00233892

0.126581
0.482677
-0.866603
-1.0111
0.218078

-0.126581
-0.482677
0.866603
0.946072
0.0001723

0.677183
-0.692205
-0.249551
-0.7907
0.219507

-0.677183
0.692205
0.249551
0.783355
0.00321474

0.557665
0.633265
0.536643
0.416409
0.0122944

-0.00831114
-0.881697
0.471742
-1.49533
1.09116

0.00831114
0.881697
-0.471742
-0.546309
0.420311

0.306957
-0.951723
0
-0.0672802
0.0698155

-0.220245
-0.803595
-0.552927
-2.83458
1.58181

0.220245
0.803595
0.552927
0.869069
0.00184567

-0.162748
-0.819675
0.549223
0.9454
8.65752e-05

0.611457
-0.198852
-0.765884
-5.58179
8.98069

-0.611457
0.198852
0.765884
0.613858
0.0311423

0.221268
0.975213
0
0.369233
0.0933259

0.114151
-0.195771
-0.973983
0.529398
0.0295649

-0.114151
0.195771
0.973983
-2.29744
1.44001

-0.974643
-0.0922062
-0.203884
0.974301
8.52107e-05

0.913921
0.14084
0.380674
0.691279
0.00239116

-0.936918
-0.160057
0.310752
0.942853
0.00240203

-0.418542
-0.154037
-0.895039
-16.9042
125.77

0.418542
0.154037
0.895039
0.889862
0.00481294

0.352642
-0.0935723
-0.931068
-3.20765
2.67034

-0.352642
0.0935723
0.931068
0.59274
0.0250657

0.828372
0.560179
0
0.304615
0.0938829

-0.828372
-0.560179
0
-2.57271
1.92259

0.530886
-0.162282
-0.83176
-6.06714
10.5257

-0.530886
0.162282
0.83176
0.675489
0.0222261

0.213889
0.519921
-0.827003
0.922304
0.000163441

-0.213889
-0.519921
0.827003
0.311789
0.0122571

-0.868555
-0.31706
0.380899
-0.133642
0.137105

0.868555
0.31706
-0.380899
-0.28463
0.176043

0.427144
0.72515
-0.540099
-0.972363
0.446341

-0.427144
-0.72515
0.540099
0.21324
0.071104

-0.704913
-0.365091
0.608117
0.57349
0.0314881

0.704913
0.365091
-0.608117
-3.97891
4.27894

-0.465357
-0.719723
-0.51521
-1.85816
1.00802

0.465357
0.719723
0.51521
0.490471
0.0321037

0.814644
0.579961
0
0.820833
0.0101744

-0.699271
-0.0714836
0.711274
0.69296
0.00532105

0.104585
-0.941529
-0.320289
-0.101324
0.0489605

-0.104585
0.941529
0.320289
0.884978
0.000540514

-0.283045
0.808819
0.515459
0.835812
0.00163522

0.283045
-0.808819
-0.515459
-0.681276
0.170832

-0.808728
-0.496642
-0.315128
-0.336737
0.112927

0.808728
0.496642
0.315128
0.690111
0.0060835

0.379907
0.0924989
0.920388
0.94149
0.00046672

-0.197537
0.96382
0.178969
0.311182
0.0426012

0.197537
-0.96382
-0.178969
-0.423378
0.181879

0.0843455
-0.15692
0.984003
0.965521
0.00010849

-0.0843455
0.15692
-0.984003
-2.92299
1.37531

0.101702
-0.26107
-0.959948
0.909011
5.20965e-05

-0.101702
0.26107
0.959948
0.946792
1.79397e-05

0.143075
-0.168832
-0.975205
-0.867356
0.507739

-0.143075
0.168832
0.975205
-0.446078
0.304678

-0.324047
-0.841577
-0.432136
-0.525765
0.412269

0.324047
0.841577
0.432136
-1.56491
1.16471

0.677757
0.0552656
-0.733206
0.603062
0.00842125

0.815757
-0.544638
-0.194705
-0.289603
0.0796363

-0.815757
0.544638
0.194705
0.858811
0.000957477

-0.107003
-0.928022
0.356827
-0.354095
0.227467

0.107003
0.928022
-0.356827
-0.456266
0.26308

-0.128291
-0.873418
-0.469769
0.72168
0.00295296

0.128291
0.873418
0.469769
0.373779
0.0149428

0.301839
0.412853
0.859328
0.720416
0.00196055

-0.301839
-0.412853
-0.859328
0.742773
0.00166883

0.865202
0.302333
-0.400024
0.986962
7.44906e-06

-0.865202
-0.302333
0.400024
-0.61041
0.0943017

-0.0130735
-0.783206
-0.621625
-4.64208
5.68766

0.0130735
0.783206
0.621625
0.662868
0.0203122

-0.0133873
-0.185162
0.982617
0.851509
0.00143006

0.0133873
0.185162
-0.982617
-0.884556
0.227085

0.57957
-0.624631
0.523388
0.596164
0.00735602

-0.57957
0.624631
-0.523388
0.369005
0.0179442

0.578902
-0.131424
-0.804736
-10.415
36.7535

-0.578902
0.131424
0.804736
0.813969
0.0097796

-0.699231
0.407538
-0.587357
-0.318382
0.194425

0.699231
-0.407538
0.587357
-0.196723
0.160577

0.371954
0.0206485
-0.928021
-9.11396
23.3849

-0.371954
-0.0206485
0.928021
0.916414
0.00164094

0.177596
0.224076
-0.958254
-2.84689
1.36684

-0.177596
-0.224076
0.958254
0.948784
0.000242625

-0.0937447
-0.759953
-0.643183
-3.03903
1.88822

0.0937447
0.759953
0.643183
0.846225
0.00277445

0.275141
-0.338183
0.899961
0.869184
0.0029456

-0.275141
0.338183
-0.899961
-5.7815
7.90909

-0.943873
-0.204163
-0.259657
-1.31787
0.295668

0.943873
0.204163
0.259657
0.971595
4.46925e-05

0.880796
0.473496
0
-1.39056
0.693393

-0.880796
-0.473496
0
0.306877
0.066319

0.248954
0.180393
-0.951567
-1.30125
0.461423

-0.248954
-0.180393
0.951567
0.730102
0.00647915

-0.904346
-0.145707
0.401159
0.923446
0.000249856

0.136829
0.135425
0.981294
0.979575
0.000154508

-0.136829
-0.135425
-0.981294
-17.6906
126.856

0.53002
0.477388
-0.700842
-1.81924
0.997267

-0.53002
-0.477388
0.700842
0.449573
0.0381476

0.263499
0.939573
0.218566
0.863936
0.00076774

-0.263499
-0.939573
-0.218566
0.0504036
0.0347006

-0.324229
0.45889
0.827221
0.729952
0.0167062

0.324229
-0.45889
-0.827221
-7.16896
15.187

-0.188831
0.497306
0.846776
0.85122
0.00425545

-0.392542
0.785227
-0.478884
-0.556452
0.172492

0.682616
-0.650463
-0.333067
-0.265882
0.0968539

-0.682616
0.650463
0.333067
0.698421
0.00551271

0.413725
-0.904273
-0.10546
0.549355
0.0112645

-0.413725
0.904273
0.10546
0.158549
0.0392648

0.415023
-0.863906
0.285347
0.939734
0.000245697

-0.415023
0.863906
-0.285347
-1.57648
0.447724

-0.149424
-0.911665
-0.382805
-0.224854
0.180178

0.149424
0.911665
0.382805
-0.503482
0.271465

0.328433
0.386256
-0.861939
0.814488
0.000830746

-0.328433
-0.386256
0.861939
0.633008
0.00321032

-0.706125
-0.233849
0.668358
-5.07763
5.90124

0.706125
0.233849
-0.668358
0.853491
0.00349851

0.729392
-0.264234
-0.631006
-0.659094
0.3492

-0.729392
0.264234
0.631006
-0.232979
0.192869

0.60052
0.66743
-0.440355
-1.70611
0.692975

-0.60052
-0.66743
0.440355
0.760819
0.00543944

-0.723164
0.288236
-0.627658
0.741071
0.00480937

0.357211
0.208181
0.910528
0.144848
0.101974

-0.357211
-0.208181
-0.910528
-1.57968
0.927308

0.0402413
-0.473576
-0.879833
-1.31042
0.42226

-0.0402413
0.473576
0.879833
0.811395
0.00283442

0.406043
-0.794723
-0.451159
0.23379
0.076644

-0.406043
0.794723
0.451159
-1.4825
0.803874

-0.258906
-0.235368
0.936787
0.846759
0.00573252

0.422217
-0.13189
-0.896849
-0.421933
0.324213

-0.422217
0.13189
0.896849
-1.26881
0.825405

0.487575
-0.75829
0.432742
0.759417
0.00368508

-0.487575
0.75829
-0.432742
-0.537242
0.150348

-0.549575
-0.00787113
-0.835407
-0.763468
0.188623

0.549575
0.00787113
0.835407
0.853594
0.001301

-0.520467
0.850935
0.0708834
-0.253174
0.134222

0.520467
-0.850935
-0.0708834
0.274509
0.0449858

0.43815
-0.898902
0
0.424133
0.0458642

-0.483022
0.440907
0.756499
0.811045
0.00157494

0.483022
-0.440907
-0.756499
0.0036428
0.0436242

-0.198494
0.512679
-0.835321
-0.325528
0.327245

0.198494
-0.512679
0.835321
-2.11645
1.8071

-0.261098
0.0965277
0.960474
0.93576
0.000461443

-0.60458
-0.596349
0.528064
0.168584
0.0346388

0.60458
0.596349
-0.528064
0.639125
0.00653461

0.642658
-0.538103
-0.545377
-0.0360775
0.0266185

0.726464
0.196991
-0.658365
-1.25264
0.737422

-0.726464
-0.196991
0.658365
-0.149312
0.192108

0.576581
0.293165
0.762632
0.640602
0.00712732

-0.576581
-0.293165
-0.762632
0.0179087
0.0532143

-0.339507
0.81705
0.466009
0.843211
0.00108987

-0.437286
-0.714144
-0.546608
-1.14747
0.438668

0.437286
0.714144
0.546608
0.586897
0.016294

0.879011
0.101446
0.465884
0.463655
0.05178

-0.879011
-0.101446
-0.465884
-3.82711
4.19362

-0.180344
0.259916
0.948641
0.949366
9.54067e-05

0.089265
0.885528
0.455929
-0.111415
0.086567

-0.089265
-0.885528
-0.455929
0.46329
0.0202227

0.0878722
0.490216
-0.86716
-2.91009
1.59626

-0.0878722
-0.490216
0.86716
0.897504
0.00109813

-0.640008
0.238566
0.730395
0.393164
0.0255474

0.785715
-0.232398
-0.573274
-0.627034
0.156557

-0.785715
0.232398
0.573274
0.834863
0.00164263

0.909054
0.416679
0
0.803851
0.00991273

0.148736
0.617386
0.772472
0.535525
0.00737367

-0.245063
0.920572
-0.304124
-0.571959
0.212474

0.245063
-0.920572
0.304124
0.462209
0.0248887

0.156925
0.0495646
0.986366
0.946248
0.000263009

-0.156925
-0.0495646
-0.986366
-2.62361
1.1594

0.114029
-0.820775
0.559755
0.910609
0.000601248

-0.114029
0.820775
-0.559755
-1.60664
0.497155

-0.319222
0.574976
-0.753326
-1.42184
0.525261

0.319222
-0.574976
0.753326
0.738227
0.00621783

-0.292105
-0.0718837
0.953681
0.692703
0.0523487

0.292105
0.0718837
-0.953681
-22.0814
295.229

0.266687
-0.777542
-0.569479
-2.20679
1.09132

-0.266687
0.777542
0.569479
0.770354
0.00563902

0.303366
-0.844765
-0.440842
-1.57968
0.927314

-0.303366
0.844765
0.440842
0.144848
0.10197

0.230488
0.316369
-0.92021
0.222845
0.0706603

-0.230488
-0.316369
0.92021
-0.862797
0.384081

0.954983
-0.178565
-0.236902
0.758492
0.00225458

-0.954983
0.178565
0.236902
0.293684
0.0192724

0.0482569
0.730815
-0.680868
-1.07486
0.330758

-0.0482569
-0.730815
0.680868
0.774852
0.00395164

0.0571916
-0.36802
0.928057
0.900504
0.000893238

0.370637
0.494018
-0.786495
-1.09288
0.394024

-0.370637
-0.494018
0.786495
0.631951
0.0123006

-0.975799
-0.218668
0
0.0781994
0.0630218

0.975799
0.218668
0
0.37802
0.031039

0.281771
0.466836
0.838254
0.314862
0.0554618

-0.281771
-0.466836
-0.838254
-1.26492
0.60585

-0.00110522
-0.475276
0.879836
0.879695
0.00210953

0.768271
-0.202195
0.607353
0.573883
0.0804437

-0.768271
0.202195
-0.607353
-15.6452
122.605

-0.445726
0.25943
-0.856752
-1.83189
0.891579

0.445726
-0.25943
0.856752
0.625532
0.0156262

0.377202
-0.12192
-0.918071
0.896656
0.000820834

-0.377202
0.12192
0.918071
-1.46574
0.438183

-0.217358
-0.512502
0.830721
0.689445
0.00926644

0.217358
0.512502
-0.830721
-1.48034
0.589266

0.638049
0.111707
-0.76185
-5.14717
7.52353

-0.638049
-0.111707
0.76185
0.595847
0.0326552

-0.582393
0.181129
0.792471
0.638461
0.0150503

-0.0166967
0.690457
0.723181
0.729393
0.00716063

0.0166967
-0.690457
-0.723181
-1.6619
0.685344

-0.583838
0.0177553
-0.811676
-8.65423
23.0235

0.583838
-0.0177553
0.811676
0.802976
0.00960851

-0.618752
0.619633
-0.482909
-1.04787
0.219776

0.618752
-0.619633
0.482909
0.958207
9.73825e-05

0.163852
0.0247775
-0.986174
-0.717224
0.141848

-0.163852
-0.0247775
0.986174
0.94213
0.000194404

-0.374298
0.692746
0.616445
0.70018
0.0171764

0.374298
-0.692746
-0.616445
-5.3442
7.66089

0.292652
0.944727
-0.147802
-0.197649
0.0755518

-0.292652
-0.944727
0.147802
0.775387
0.00269699

0.696758
0.717306
0
0.726503
0.0047293

0.368133
-0.571328
0.733527
0.600756
0.017955

-0.368133
0.571328
-0.733527
-1.80368
0.885296

0.46706
0.610605
-0.639544
-0.367683
0.200074

-0.46706
-0.610605
0.639544
-0.064806
0.121331

0.934197
0.313715
0.16988
-0.922479
0.573844

-0.934197
-0.313715
-0.16988
-0.602684
0.398815

-0.0862068
0.744128
0.662451
0.69239
0.0144841

0.0862068
-0.744128
-0.662451
-3.73428
3.42878

-0.516196
0.819942
0.247462
0.04091
0.0651311

0.516196
-0.819942
-0.247462
0.338985
0.03094

0.551164
-0.502549
0.66608
0.849612
0.00264925

-0.551164
0.502549
-0.66608
-3.04699
1.89

0.760917
-0.628638
0.160682
-0.00242293
0.0403697

-0.760917
0.628638
-0.160682
0.858402
0.000807422

0.227377
0.769583
0.596692
0.610803
0.0328598

-0.189984
-0.506979
0.840761
0.501375
0.0154659

0.189984
0.506979
-0.840761
0.0463153
0.0565662

0.732944
-0.582219
-0.351874
-0.354186
0.212068

-0.732944
0.582219
0.351874
-0.265414
0.185183

-0.923627
0.138118
0.357541
0.310831
0.0279673

0.923627
-0.138118
-0.357541
0.356761
0.0243671

-0.88865
-0.0358529
-0.457183
-1.4902
0.590895

0.88865
0.0358529
0.457183
0.697587
0.00874852

0.240562
0.419437
0.87533
0.781753
0.003201

-0.240562
-0.419437
-0.87533
-0.668197
0.181817

0.520975
-0.669112
-0.529976
-2.31001
1.90565

-0.520975
0.669112
0.529976
-0.0216155
0.181542

-0.690607
-0.547298
0.472786
0.0387576
0.115502

0.690607
0.547298
-0.472786
-0.978822
0.489469

-0.443762
0.796681
-0.410335
0.735953
0.0204261

0.443762
-0.796681
0.410335
-10.156
36.4144

0.579662
-0.693005
0.428644
0.777075
0.0032057

-0.579662
0.693005
-0.428644
-0.607965
0.165662

-0.486389
-0.748973
-0.449961
-1.10332
0.363112

0.486389
0.748973
0.449961
0.727411
0.00612824

-0.791652
-0.149771
0.59233
0.594928
0.00877929

0.791652
0.149771
-0.59233
0.154849
0.0380204

-0.163292
-0.0331724
-0.98602
0.859371
0.000584039

0.163292
0.0331724
0.98602
0.367673
0.0117811

-0.805392
0.196684
-0.559159
-6.06714
10.5268

0.805392
-0.196684
0.559159
0.675489
0.0222103

-0.335267
0.712455
-0.616444
0.720737
0.00992616

0.335267
-0.712455
0.616444
-2.79734
1.8242

0.414262
0.469991
0.77942
0.819969
0.00498188

0.0809484
-0.37883
0.921919
-1.26714
1.16511

-0.0809484
0.37883
-0.921919
-1.89067
1.8934

-0.971092
-0.238704
0
-1.32
0.504571

0.971092
0.238704
0
0.65236
0.0154143

0.14672
-0.257674
-0.955027
-1.00421
0.25424

-0.14672
0.257674
0.955027
0.881568
0.00189727

-0.262098
-0.397664
0.8793
0.472588
0.0122051

-0.478144
0.0248012
-0.877931
-3.35269
2.30206

0.478144
-0.0248012
0.877931
0.854349
0.00264413

-0.342705
0.222277
-0.912769
-1.50759
0.657197

0.342705
-0.222277
0.912769
0.598785
0.016835

0.597145
-0.0829647
-0.797831
0.545518
0.0064724

0.515169
0.537046
-0.667968
-0.9988
0.595968

-0.515169
-0.537046
0.667968
-0.410356
0.29683

0.42181
0.35755
0.833207
-2.15239
0.844522

-0.42181
-0.35755
-0.833207
0.912433
0.000687842

-0.518471
0.0948924
-0.849814
-8.42436
22.7713

0.518471
-0.0948924
0.849814
0.725286
0.0194664

0.744215
0.364656
-0.559615
-0.110625
0.0645954

-0.744215
-0.364656
0.559615
0.744547
0.00342678
