
-0.229753
-0.973249
0
0.100811
0.086282

0.229753
0.973249
0
-0.570133
0.262805

0.29976
-0.655756
-0.692913
-0.527513
0.149645

-0.29976
0.655756
0.692913
0.750075
0.00401283

0.92445
0.327824
-0.194742
0.907037
0.00272583

0.767068
-0.383414
0.514394
0.776175
0.00254886

-0.767068
0.383414
-0.514394
-0.138476
0.0658605

0.0327263
-0.83825
0.544302
0.243115
0.0256991

0.762304
0.647219
0
-1.3808
0.386552

-0.762304
-0.647219
0
0.903342
0.00176956

0.21372
0.175072
0.961079
0.975056
5.39936e-05

0.456005
0.265768
-0.849369
0.940633
0.000193631

-0.456005
-0.265768
0.849369
-0.932842
0.198507

-0.328127
0.486679
-0.809615
0.970891
2.60987e-05

0.328127
-0.486679
0.809615
0.438283
0.00559237

-0.367619
0.288742
0.884016
-0.325528
0.327268

0.367619
-0.288742
-0.884016
-2.11645
1.80701

0.471793
-0.203638
-0.857871
-4.10453
4.34692

-0.471793
0.203638
0.857871
0.652623
0.0201476

0.826609
-0.520219
0.214684
-0.0797952
0.0327769

0.60164
-0.733104
0.317155
0.0717058
0.118141

0.035474
-0.685732
0.726989
0.853802
0.00136784

-0.035474
0.685732
-0.726989
-0.888154
0.227343

0.495975
0.623049
-0.604829
0.538391
0.0161766

-0.495975
-0.623049
0.604829
-0.402158
0.148616

0.806257
-0.540527
0.240374
0.267323
0.0276429

-0.806257
0.540527
-0.240374
0.546588
0.0105878

-0.938639
-0.3449
0
-0.882572
0.396057

0.938639
0.3449
0
0.226425
0.0800244

0.358063
0.362471
-0.860468
-5.58758
7.80378

-0.358063
-0.362471
0.860468
0.804174
0.00698212

0.136997
0.0448622
-0.989555
-9.43001
23.5836

-0.136997
-0.0448622
0.989555
0.965093
0.000264581

-0.258369
-0.0619051
0.964061
0.583041
0.0281799

-0.398259
0.912792
0.0905549
-0.0812924
0.130611

0.398259
-0.912792
-0.0905549
-0.466207
0.240146

0.508172
0.178037
0.842653
-0.0313704
0.124424

-0.508172
-0.178037
-0.842653
-0.661485
0.322789

0.139027
-0.909501
0.391764
0.332434
0.0364849

0.0397256
-0.80949
0.585788
0.632219
0.00968038

-0.0397256
0.80949
-0.585788
-0.471116
0.154653

-0.329256
0.910265
0.251013
0.149825
0.0353328

0.329256
-0.910265
-0.251013
0.670845
0.00530395

0.31509
0.594676
-0.739648
-0.816817
0.32346

-0.31509
-0.594676
0.739648
0.400429
0.0353619

-0.563257
-0.375828
-0.735863
-0.0531874
0.127145

0.563257
0.375828
0.735863
-0.573286
0.283665

0.954048
-0.18208
0.23799
0.851702
0.00067928

-0.934528
0.159794
-0.317998
0.0263284
0.0631209

0.528429
-0.834128
0.158091
0.286253
0.0279189

-0.587636
-0.412677
0.695976
0.465128
0.015791

0.587636
0.412677
-0.695976
0.286253
0.028048

-0.612296
-0.764945
-0.199881
-0.309873
0.0655561

0.612296
0.764945
0.199881
0.945851
0.0001133

-0.51122
-0.510769
-0.691209
-1.2583
0.547416

0.51122
0.510769
0.691209
0.464496
0.0327194

-0.596262
-0.432354
0.676418
0.882861
0.0070889

0.596262
0.432354
-0.676418
-23.0656
298.862

0.679684
-0.149142
0.718182
0.378273
0.0129399

-0.679684
0.149142
-0.718182
0.796251
0.00139452

-0.40721
0.144057
0.901902
-0.609033
0.368024

0.40721
-0.144057
-0.901902
-0.609033
0.368024

-0.077558
0.256962
-0.963304
-7.9941
15.7306

0.077558
-0.256962
0.963304
0.951551
0.000483845

-0.0284377
0.601672
0.798237
-0.471119
0.829547

0.0284377
-0.601672
-0.798237
-8.19448
32.3853

0.787585
-0.396805
-0.47144
-0.337382
0.161081

-0.787585
0.396805
0.47144
0.247723
0.0509781

-0.541767
0.54411
0.640651
0.962493
0.000430866

0.541767
-0.54411
-0.640651
-13.7041
64.7765

-0.657442
-0.691913
-0.298374
0.239364
0.0330931

0.657442
0.691913
0.298374
0.455403
0.0169726

0.654444
0.346218
0.672187
-0.147427
0.147506

-0.654444
-0.346218
-0.672187
-0.397106
0.218675

0.190127
0.13439
0.972518
0.932251
0.00231063

0.86052
-0.0663794
0.505074
0.393698
0.0372169

-0.86052
0.0663794
-0.505074
-0.897842
0.364023

-0.405945
0.750733
-0.521161
0.562702
0.0178781

0.405945
-0.750733
0.521161
-1.02866
0.384618

-0.547904
0.130279
0.826334
0.54604
0.0174204

0.126962
-0.348558
0.928648
0.632221
0.036023

-0.126962
0.348558
-0.928648
-8.19451
22.5141

0.669063
0.122354
0.733065
0.790339
0.00126916

-0.669063
-0.122354
-0.733065
0.524513
0.00652171

0.245505
-0.6928
0.678052
0.684943
0.0144013

-0.245505
0.6928
-0.678052
-3.34649
2.72528

-0.366319
0.733004
-0.573163
-3.18575
3.15156

0.366319
-0.733004
0.573163
0.263903
0.097587

-0.401045
-0.879935
0.254712
0.864787
0.00592706

-0.180852
-0.0503999
0.982218
0.85817
0.00140524

0.180852
0.0503999
-0.982218
-1.11548
0.308281

-0.996661
-0.081653
0
0.226886
0.13453

0.996661
0.081653
0
-4.63597
7.09204

-0.013996
-0.539643
-0.841778
-1.02985
0.457716

0.013996
0.539643
0.841778
0.304459
0.0539402

-0.628261
0.513765
0.584238
0.0555615
0.226214

0.628261
-0.513765
-0.584238
-5.16797
9.64129

0.269084
0.329349
0.905054
-0.0161989
0.0285391

-0.269084
-0.329349
-0.905054
0.970883
2.69773e-05

-0.718112
-0.20089
0.666303
0.591357
0.0286457

0.718112
0.20089
-0.666303
-4.00589
4.29484

-0.352021
0.344427
-0.870317
0.458362
0.0280678

0.352021
-0.344427
0.870317
-0.857481
0.329572

0.0380368
-0.499979
0.865202
0.846352
0.00660661

0.504987
-0.685399
0.52461
0.806564
0.00621502

-0.271959
0.602977
-0.749971
-1.03975
0.256785

0.271959
-0.602977
0.749971
0.89999
0.00065008

-0.470975
0.273418
0.838705
0.769764
0.00367017

0.470975
-0.273418
-0.838705
-0.712502
0.198299

0.876046
0.482228
0
0.703764
0.00814887

-0.876046
-0.482228
0
0.0681602
0.050505

0.327767
0.305022
0.894165
0.735074
0.00479503

-0.327767
-0.305022
-0.894165
-0.617062
0.177636

0.328878
0.253624
0.909678
0.992685
3.61606e-06

-0.328878
-0.253624
-0.909678
-1.44084
0.29971

0.0189913
0.894879
-0.445904
0.871174
0.000435489

-0.0189913
-0.894879
0.445904
0.44561
0.00806142

0.263759
0.300988
0.916426
0.907151
0.000501855

0.243958
0.210458
-0.946674
0.899547
0.000925206

-0.243958
-0.210458
0.946674
-2.11813
0.840042

0.85987
-0.490529
-0.14144
-10.6655
37.0379

-0.85987
0.490529
0.14144
0.875161
0.00424323

-0.678923
-0.243456
0.69267
0.737009
0.0014025

-0.42117
-0.866078
0.269303
0.407022
0.0150484

0.42117
0.866078
-0.269303
0.611918
0.0064515

-0.14096
0.277899
-0.950212
-2.57472
1.12862

0.14096
-0.277899
0.950212
0.932772
0.000990755

-0.741078
-0.035474
0.670482
-0.00930262
0.129119

0.741078
0.035474
-0.670482
-0.953747
0.483765

-0.920403
-0.133831
-0.367353
-3.22532
1.6404

0.920403
0.133831
0.367353
0.976092
5.301e-05

-0.363174
0.10124
-0.926205
-2.14655
0.953717

0.363174
-0.10124
0.926205
0.83747
0.00254964

-0.572471
-0.442125
-0.690509
-1.1973
0.891958

0.572471
0.442125
0.690509
-0.994536
0.735808

0.421818
0.114684
-0.899398
-0.0576189
0.101795

-0.0505008
-0.776711
0.627829
0.667477
0.0152736

0.0505008
0.776711
-0.627829
-2.99617
2.19528

-0.0639166
-0.214426
0.974647
0.97304
5.57329e-05

0.0639166
0.214426
-0.974647
-2.3761
0.867218

0.170592
-0.84076
0.51383
0.5372
0.00557276

-0.170592
0.84076
-0.51383
0.830799
0.000746815

0.406227
0.735563
-0.54215
-0.698559
0.172015

-0.406227
-0.735563
0.54215
0.847999
0.00140244

-0.497624
-0.577366
-0.647317
0.735953
0.0204613

0.497624
0.577366
0.647317
-10.156
36.4066

-0.940626
0.300705
0.157478
0.102978
0.0669655

0.940626
-0.300705
-0.157478
0.0110301
0.081396

-0.433526
-0.210015
0.876327
-22.1702
295.621

0.433526
0.210015
-0.876327
0.713948
0.0450724

-0.525062
-0.408977
0.746357
0.785462
0.0190747

0.525062
0.408977
-0.746357
-16.3776
124.675

0.00534813
0.386607
0.922229
0.883346
0.000542336

-0.00534813
-0.386607
-0.922229
-0.0759717
0.0461187

0.756262
-0.218448
0.616724
0.980005
1.87802e-05

-0.756262
0.218448
-0.616724
-0.892858
0.157982

-0.191454
-0.00704516
-0.981476
0.408804
0.0361648

0.216515
-0.150268
0.964646
0.976221
0.000206893

-0.179654
0.947587
-0.264202
0.000100851
0.107323

0.179654
-0.947587
0.264202
-0.456457
0.227678

-0.0399237
0.0813205
0.995888
0.981054
3.91525e-05

0.227467
0.621539
-0.749632
-0.327261
0.258129

-0.227467
-0.621539
0.749632
-1.03452
0.606151

-0.995756
0.0381904
-0.0837316
0.00996447
0.0370801

0.37675
-0.546806
-0.747705
-0.435911
0.183365

-0.37675
0.546806
0.747705
0.334371
0.0394333

-0.587529
0.404682
0.700745
0.821672
0.00566186

0.587529
-0.404682
-0.700745
-5.63558
7.83642

0.487858
0.0290143
0.872441
0.221673
0.110382

-0.487858
-0.0290143
-0.872441
-3.14492
3.12835

0.190168
0.262143
0.946107
0.724952
0.00584833

-0.190168
-0.262143
-0.946107
-0.859335
0.261385

-0.252002
0.646586
-0.720015
0.328653
0.0315115

0.759875
0.650069
0
0.141846
0.0560681

-0.759875
-0.650069
0
0.141846
0.0560681

-0.663523
0.442635
-0.603168
0.878966
0.000720044

0.663523
-0.442635
0.603168
-0.350949
0.0866466

-0.020273
-0.43429
0.900545
-0.354095
0.22765

0.020273
0.43429
-0.900545
-0.456266
0.263246

-0.639867
0.306544
0.704699
-0.82462
0.257724

0.639867
-0.306544
-0.704699
0.691846
0.00742892

0.692981
-0.554983
0.460185
0.350437
0.0215937

-0.692981
0.554983
-0.460185
0.488573
0.0134002

0.345769
0.327036
0.879484
0.323197
0.0476265

-0.345769
-0.327036
-0.879484
-0.851203
0.356252

-0.174875
0.857955
0.483045
0.759232
0.00335975

0.174875
-0.857955
-0.483045
-0.320003
0.10014

0.193236
0.45566
-0.868927
-3.15553
1.91491

-0.193236
-0.45566
0.868927
0.891459
0.00130777

0.403683
-0.881988
-0.243182
0.248902
0.0557132

-0.403683
0.881988
0.243182
-0.575435
0.24505

-0.695165
-0.60003
-0.395866
0.518376
0.0118915

0.181684
-0.977757
0.1048
-1.87733
1.67939

-0.181684
0.977757
-0.1048
-0.79336
0.652394

-0.30173
-0.105805
0.947504
0.824095
0.00385953

0.30173
0.105805
-0.947504
-3.28112
2.28541

0.890671
0.454648
0
0.896062
0.00362988

-0.890671
-0.454648
0
-4.2055
3.41111

-0.446883
-0.667683
-0.595395
0.91297
0.000584478

0.446883
0.667683
0.595395
-1.61252
0.497544

-0.515223
-0.733931
-0.442594
0.211901
0.0432826

0.515223
0.733931
0.442594
0.211901
0.0432826

0.151574
0.525755
-0.837023
-1.57445
0.82841

-0.151574
-0.525755
0.837023
0.356383
0.0519836

-0.799158
-0.519964
0.301635
-0.610117
0.165818

0.838406
-0.545047
0
0.704593
0.0092767

-0.838406
0.545047
0
-1.93115
0.913188

-0.928361
-0.37168
0
-1.92795
0.767474

0.928361
0.37168
0
0.807967
0.00931417

0.163617
0.121616
0.978999
0.909804
0.00192282

-0.512468
-0.0156728
-0.858563
0.936093
0.000244829

-0.863791
-0.282857
-0.416963
0.400356
0.136983

0.863791
0.282857
0.416963
-11.6884
61.3054

-0.0296557
0.889272
-0.456417
0.995721
1.21203e-06

0.0296557
-0.889272
0.456417
-0.796087
0.117583

0.0260555
0.932201
-0.361003
0.465774
0.0148019

-0.0260555
-0.932201
0.361003
0.359171
0.0212884

0.603622
0.753423
-0.260756
-0.395247
0.116776

-0.603622
-0.753423
0.260756
0.754634
0.00361985

-0.698795
-0.00906579
-0.715264
-2.51337
1.50442

0.698795
0.00906579
0.715264
0.698166
0.0111899

-0.0268097
0.885778
0.463334
0.830628
0.00232361

0.0268097
-0.885778
-0.463334
-1.44573
0.480181

0.197725
-0.33346
-0.921797
-1.59555
0.833853

-0.197725
0.33346
0.921797
0.382374
0.0474602

-0.872879
-0.0845182
0.480561
0.595797
0.0110533

0.525325
-0.452595
-0.720549
0.613602
0.00950894

-0.429439
-0.884128
-0.184116
-9.29783
53.0382

0.429439
0.884128
0.184116
-1.57446
3.31493

-0.689439
0.61643
-0.38038
0.174244
0.0645361

0.689439
-0.61643
0.38038
-0.355556
0.173837

0.578332
0.136453
-0.804309
-3.32728
2.2978

-0.578332
-0.136453
0.804309
0.843993
0.00298894

0.298812
0.846192
0.441215
0.615451
0.0172333

0.0481264
0.052906
0.997439
0.195685
0.0221161

-0.390638
-0.180432
-0.902688
0.0483868
0.061748

0.851837
0.450889
0.266595
0.997452
8.63195e-07

-0.281645
-0.018747
0.959336
0.961841
0.000541302

0.281645
0.018747
-0.959336
-17.4689
126.663

-0.057078
-0.254669
-0.965342
-23.8768
300.683

0.057078
0.254669
0.965342
0.969728
0.000445721

0.887904
-0.218618
0.404763
-0.0915465
0.132194

-0.887904
0.218618
-0.404763
-0.41878
0.222643

0.238233
0.480835
0.843826
0.68244
0.00595274

-0.103709
0.581652
0.806799
-0.0258791
0.116698

0.103709
-0.581652
-0.806799
-0.512639
0.25364

0.0223077
0.367864
0.929612
0.886931
0.00151164

-0.0223077
-0.367864
-0.929612
-3.44035
2.32566

0.333948
-0.26034
-0.905926
-2.99617
2.19424

-0.333948
0.26034
0.905926
0.667477
0.0153461

0.0278636
-0.921294
0.387868
-0.513152
0.318833

-0.0278636
0.921294
-0.387868
-0.641869
0.37537

0.019101
0.736525
0.67614
0.661018
0.0104887

-0.019101
-0.736525
-0.67614
-1.22155
0.450103
