
0.151334
-0.239358
0.959065
0.909804
0.0018844

-0.151334
0.239358
-0.959065
-9.0799
23.3774

-0.274911
0.546679
-0.790927
0.343097
0.0175683

0.274911
-0.546679
0.790927
0.696596
0.00376339

-0.821727
0.0710329
-0.565436
0.729981
0.00526163

0.821727
-0.0710329
0.565436
-0.730069
0.21417

0.588829
0.211642
-0.780056
-1.21145
0.447182

-0.588829
-0.211642
0.780056
0.651496
0.01288

0.0939226
0.995579
0
-11.9553
61.9555

-0.0939226
-0.995579
0
0.520881
0.0848943

-0.948334
-0.108972
0.297972
-1.68175
1.37608

0.948334
0.108972
-0.297972
-0.716293
0.563658

-0.600908
-0.65171
-0.462799
-0.501231
0.203999

0.600908
0.65171
0.462799
0.346904
0.038621

0.383134
-0.0923659
-0.919063
-17.1557
126.18

-0.383134
0.0923659
0.919063
0.92681
0.00208827

-0.543903
-0.140024
0.827383
0.788169
0.00128138

-0.76565
0.128426
0.630307
-0.366656
0.121777

0.76565
-0.128426
-0.630307
0.675632
0.00692016

-0.0273029
-0.519207
-0.854212
0.913665
0.000183471

0.0273029
0.519207
0.854212
0.419645
0.0079969

0.0875751
0.371557
-0.924271
-2.08399
1.20462

-0.0875751
-0.371557
0.924271
0.527783
0.0284521

0.748704
0.169134
-0.640965
-1.95915
1.16777

-0.748704
-0.169134
0.640965
0.400772
0.0480064

0.647124
-0.495185
-0.579675
-1.2702
0.551069

-0.647124
0.495185
0.579675
0.478763
0.0291329

0.891056
0.0804356
-0.446709
-23.836
300.589

-0.891056
-0.0804356
0.446709
0.966757
0.000542574

0.0144107
-0.588726
-0.808204
0.502386
0.0164123

-0.0144107
0.588726
0.808204
-0.0673482
0.0754872

0.927544
0.319453
0.193939
0.29123
0.0135536

-0.635111
-0.554228
0.538019
-0.094712
0.132358

0.635111
0.554228
-0.538019
-0.417527
0.221854

-0.150483
-0.171322
-0.973655
-0.690722
0.140621

0.150483
0.171322
0.973655
0.930924
0.000238999

0.110958
0.314674
-0.942692
0.954412
0.000146784

-0.110958
-0.314674
0.942692
-1.85716
0.574598

-0.351444
-0.856062
-0.379006
0.913251
0.000413318

0.835114
-0.135695
0.533077
-17.3666
126.545

-0.835114
0.135695
-0.533077
0.951699
0.000875428

0.932414
0.361391
0
-0.0548214
0.106543

-0.932414
-0.361391
0
0.0938895
0.081278

0.616062
-0.230083
0.753345
0.887592
0.00181779

-0.616062
0.230083
-0.753345
-4.63993
4.57343

0.58711
-0.772323
-0.242526
0.917917
0.000350227

-0.181827
0.237106
0.954316
0.965285
0.000361144

-0.857055
-0.261213
-0.444099
-0.303195
0.17856

0.857055
0.261213
0.444099
-0.0833738
0.123424

0.854293
0.389341
0.34438
0.81096
0.00192352

-0.854293
-0.389341
-0.34438
-0.143999
0.0636358

0.643225
0.6502
-0.404353
-0.13067
0.253981

-0.643225
-0.6502
0.404353
-2.85366
2.94944

0.71772
-0.217103
-0.661623
-0.597625
0.154649

-0.71772
0.217103
0.661623
0.812197
0.00218141

0.36367
0.784403
0.50245
-0.102696
0.0952447

-0.36367
-0.784403
-0.50245
0.301458
0.0382319

-0.973244
-0.188095
0.131973
-0.715852
0.132604

0.973244
0.188095
-0.131973
0.959228
7.52987e-05

-0.138879
0.679699
0.720224
-0.192722
0.0427559

0.138879
-0.679699
-0.720224
0.977927
1.48345e-05

0.0312679
-0.426679
0.903863
0.868884
0.00166775

-0.0312679
0.426679
-0.903863
-2.21265
0.963472

-0.667794
-0.72037
-0.187395
-0.912536
0.366411

0.667794
0.72037
0.187395
0.414726
0.0343225

-0.023486
-0.72936
0.683727
0.568553
0.00701709

0.023486
0.72936
-0.683727
0.577983
0.00671377

-0.499153
-0.866514
0
-3.29077
1.92191

-0.638207
0.235146
-0.733075
0.990173
7.36631e-05

0.638207
-0.235146
0.733075
-37.0056
1016.18

0.38576
-0.322088
-0.864551
-0.584007
0.127376

-0.38576
0.322088
0.864551
0.900829
0.000526593

0.594928
0.803779
0
0.762072
0.0032933

-0.594928
-0.803779
0
0.142612
0.0337836

-0.820589
-0.452079
-0.349655
0.55816
0.0121194

0.405267
0.073531
0.911237
0.916953
0.000424868

0.26379
0.627945
0.732189
0.523249
0.0210819

-0.26379
-0.627945
-0.732189
-0.907013
0.336844

0.496799
0.614636
-0.61271
0.69329
0.00909529

0.804071
0.184586
-0.565153
-3.75285
3.43561

-0.804071
-0.184586
0.565153
0.702946
0.0134749

-0.484702
-0.317412
-0.815054
-0.480794
0.129439

0.484702
0.317412
0.815054
0.794475
0.00251147

-0.220245
-0.803595
-0.552927
-2.83458
1.58181

0.220245
0.803595
0.552927
0.869069
0.00184567

-0.111317
0.719832
0.685165
0.716141
0.00433171

0.111317
-0.719832
-0.685165
-0.0876328
0.0634959

-0.543952
0.45643
-0.704121
0.723009
0.00283906

0.543952
-0.45643
0.704121
0.403457
0.0131598

0.120438
0.199595
-0.972449
-7.14517
11.0907

-0.120438
-0.199595
0.972449
0.976624
0.000104849

-0.559479
0.185044
-0.807924
0.706533
0.00530051

-0.564139
0.321869
0.76036
0.841518
0.00188331

0.564139
-0.321869
-0.76036
-1.26181
0.380935

0.0986435
0.707417
-0.699879
-1.05838
0.279275

-0.0986435
-0.707417
0.699879
0.870607
0.00169353

-0.0976723
-0.243532
0.964962
0.800108
0.00723534

0.513478
-0.285367
-0.809263
0.736569
0.00149772

-0.513478
0.285367
0.809263
0.801797
0.000867534

0.127838
-0.823862
0.552186
-0.315838
0.237479

-0.127838
0.823862
-0.552186
-0.813319
0.450864

-0.0862068
0.744128
0.662451
0.69239
0.0144841

0.0862068
-0.744128
-0.662451
-3.73428
3.42878

0.0706665
0.557395
0.827235
0.834173
0.00413505

-0.468841
0.642732
0.605874
0.851775
0.00243319

0.468841
-0.642732
-0.605874
-2.79331
1.57259

-0.488937
0.267399
0.830325
0.84121
0.00265617

0.488937
-0.267399
-0.830325
-2.54092
1.31728

0.425099
-0.851068
0.308179
0.445339
0.0187619

-0.425099
0.851068
-0.308179
0.186472
0.0400034

0.0833538
-0.330478
-0.940126
-4.53599
5.62377

-0.0833538
0.330478
0.940126
0.601514
0.0291463

0.147584
-0.0329016
0.988502
0.936371
0.000197185

0.283001
-0.546975
-0.787864
-1.56904
0.545257

-0.283001
0.546975
0.787864
0.836036
0.0022794

0.0335455
-0.635752
0.771164
0.674806
0.0124742

-0.0335455
0.635752
-0.771164
-2.26098
1.2537

-0.315201
0.546716
0.775725
0.833137
0.00146932

0.315201
-0.546716
-0.775725
-0.362145
0.0970143

0.894367
0.304574
0.327631
0.557581
0.0095772

0.79754
-0.192847
-0.571611
-1.15882
0.440455

-0.79754
0.192847
0.571611
0.59891
0.0152691

-0.761541
-0.648117
0
0.307712
0.0838867

0.761541
0.648117
0
-2.31274
1.60143

-0.152029
-0.152964
0.976468
0.813958
0.00337891

0.152029
0.152964
-0.976468
-0.269357
0.0872956

0.305952
-0.476349
-0.824309
-0.453805
0.64545

-0.305952
0.476349
0.824309
-5.56488
13.1518

0.577183
0.57597
0.578894
0.707447
0.0685462

-0.577183
-0.57597
-0.578894
-34.3987
1003.53

-0.460196
-0.555417
-0.692626
0.169097
0.0421319

0.460196
0.555417
0.692626
0.437778
0.0193431

0.702464
-0.649189
0.291717
0.160341
0.0534542

-0.702464
0.649189
-0.291717
0.135621
0.0566266

-0.375049
-0.749092
-0.546077
0.278687
0.0302817

0.375049
0.749092
0.546077
0.400013
0.0209526

0.896292
0.142446
-0.419964
-0.115963
0.0380346

-0.896292
-0.142446
0.419964
0.966592
3.49606e-05

0.0714292
0.239786
-0.968194
0.46329
0.0203981

-0.0714292
-0.239786
0.968194
-0.111415
0.0867877

-0.515639
0.618493
0.592944
0.69187
0.00509282

0.515639
-0.618493
-0.592944
-0.0165327
0.0549251

-0.850962
-0.404654
-0.334841
0.718186
0.00295211

0.850962
0.404654
0.334841
0.406079
0.0131059

0.971339
-0.143075
-0.189818
-3.20765
2.67086

-0.971339
0.143075
0.189818
0.59274
0.0250298

0.0869529
0.671085
-0.736263
0.664368
0.00671134

0.313638
-0.118356
0.942137
-7.32912
29.9267

-0.313638
0.118356
-0.942137
-1.47809
2.65003

0.308725
0.387906
-0.868457
0.83497
0.00157817

0.16627
0.158874
0.973197
0.973391
0.000190846

0.484022
-0.62158
0.615922
0.489022
0.0164397

-0.326659
-0.693619
0.642018
0.127153
0.0718326

0.326659
0.693619
-0.642018
-0.282421
0.15491

-0.369085
0.0948542
0.924543
0.893993
0.00262545

-0.175409
0.979303
0.100986
0.877416
0.00235421

0.175409
-0.979303
-0.100986
-5.14041
5.90373

-0.757613
-0.170174
0.63013
0.863226
0.00162775

0.757613
0.170174
-0.63013
-1.88271
0.719557

-0.733215
-0.267099
0.625343
0.721512
0.0125607

0.733215
0.267099
-0.625343
-4.22937
4.40668

0.0990466
0.388745
-0.916006
0.992913
3.58537e-06

-0.189029
0.772918
0.605694
0.463655
0.0518624

0.189029
-0.772918
-0.605694
-3.82711
4.19218

-0.436438
-0.474933
-0.764173
-0.330339
0.119015

0.436438
0.474933
0.764173
0.629434
0.0092404

-0.121683
0.145077
0.981909
0.902377
0.00226171

0.121683
-0.145077
-0.981909
-9.04323
23.3334

0.490317
0.629532
0.602726
0.770137
0.00451548

-0.490317
-0.629532
-0.602726
-1.35379
0.468642

0.340506
-0.288233
0.894974
0.870955
0.00454617

-0.56126
0.795751
-0.227524
0.946809
0.000412392

0.56126
-0.795751
0.227524
-5.43615
6.03174

0.540877
0.58802
0.601402
0.891715
0.000653165

-0.540877
-0.58802
-0.601402
-0.663039
0.14877

-0.547069
-0.734141
0.402186
0.642038
0.0118487

0.547069
0.734141
-0.402186
-1.2016
0.447082

-0.0229902
-0.179333
0.98352
0.901533
0.000581157

0.0229902
0.179333
-0.98352
-0.732367
0.162852

0.701333
0.10983
0.704322
0.267576
0.0692102

-0.701333
-0.10983
-0.704322
-1.5067
0.810565

-0.186498
-0.809263
0.557056
-0.590392
0.473241

0.186498
0.809263
-0.557056
-1.73973
1.40402

-0.369286
0.114495
0.922236
0.268619
0.086198

0.369286
-0.114495
-0.922236
-2.53988
2.01215

0.357249
-0.00609626
0.933989
-0.499911
0.138771

-0.357249
0.00609626
-0.933989
0.76989
0.00326727

0.155243
0.603531
-0.78208
-5.26613
7.60699

-0.155243
-0.603531
0.78208
0.661107
0.0223706

-0.0971296
-0.0851667
-0.991621
-4.50471
3.66501

0.0971296
0.0851667
0.991621
0.965411
0.000144873

-0.385305
-0.865262
-0.32072
-0.393874
0.0932492

0.385305
0.865262
0.32072
0.883912
0.000653513

-0.359923
0.371987
0.855618
0.843133
0.00108905

0.11692
0.993141
0
0.87462
0.000195588

-0.11692
-0.993141
0
0.87462
0.000195588

-0.79417
-0.30897
0.523289
0.961539
7.94014e-05

0.0120729
-0.0224213
0.999676
0.997028
2.51289e-06

-0.34032
0.878731
-0.334684
0.979816
3.07296e-05

0.152158
-0.407271
0.900543
0.796339
0.0039104

-0.152158
0.407271
-0.900543
-1.76079
0.701355

0.650912
-0.682158
0.333128
0.297874
0.0305971

-0.114239
0.16252
0.98007
-1.62244
0.611128

0.114239
-0.16252
-0.98007
0.793685
0.00389437

0.0169422
-0.267849
0.963312
0.982376
3.19482e-05

-0.0781924
-0.299621
0.950849
0.843696
0.0052291

0.355059
-0.903541
-0.239891
0.221647
0.0739093

-0.355059
0.903541
0.239891
-1.20158
0.591274

-0.784426
0.0962153
-0.612714
0.250293
0.0365383

0.784426
-0.0962153
0.612714
0.27832
0.0338591

-0.555698
-0.249504
-0.793062
-0.56734
0.154606

-0.369359
-0.512767
-0.775012
-17.2505
126.392

0.369359
0.512767
0.775012
0.938667
0.00142808

0.963915
0.0883342
-0.251127
0.807412
0.00237046

-0.963915
-0.0883342
0.251127
-0.699484
0.184075

0.718135
0.42165
-0.553618
0.965567
5.24979e-05

0.419837
0.0227961
0.907313
0.714342
0.00688383

-0.834906
0.429499
-0.344184
-0.575435
0.245062

0.834906
-0.429499
0.344184
0.248902
0.0557303

0.163993
-0.983338
-0.0784425
-0.831635
0.498174

-0.163993
0.983338
0.0784425
-0.539073
0.351741

-0.315771
-0.836885
0.447115
-0.727954
0.133025

0.315771
0.836885
-0.447115
0.963133
6.4972e-05

0.720983
0.135683
-0.67954
0.416024
0.0140332

-0.720983
-0.135683
0.67954
0.638089
0.00539949

0.663087
-0.663113
-0.34727
-0.316486
0.0851051

-0.663087
0.663113
0.34727
0.853724
0.00106028

0.79033
0.410622
0.454718
0.434186
0.027295

0.617005
0.0710266
0.783747
-2.3468
3.05949

-0.617005
-0.0710266
-0.783747
-1.85171
2.2213

0.214797
0.865992
0.451576
0.898129
0.000749985

-0.214797
-0.865992
-0.451576
-1.46901
0.438763

-0.178284
-0.706025
0.685378
0.978292
3.62041e-05

0.178284
0.706025
-0.685378
-1.84101
0.513946

0.139861
-0.4978
-0.855941
0.793386
0.00410754

-0.139861
0.4978
0.855941
-1.90329
0.808793

-0.404847
-0.0286327
-0.913936
-2.58523
1.15504

0.404847
0.0286327
0.913936
0.935813
0.000373797

0.598799
-0.646882
0.472211
0.378327
0.0200421

-0.598799
0.646882
-0.472211
0.449314
0.0157349

-0.13994
0.252767
0.957353
-1.01799
0.498248

0.13994
-0.252767
-0.957353
0.110193
0.0973663

0.52389
0.0130329
-0.851686
0.78813
0.00248646

0.978067
-0.0433396
-0.203734
-1.13312
0.633715

-0.978067
0.0433396
0.203734
-0.118559
0.174267

0.574904
0.234485
-0.783902
0.98284
1.89172e-05

-0.574904
-0.234485
0.783902
-0.854094
0.146151

-0.315584
-0.948898
0
0.155748
0.0769004

0.315584
0.948898
0
-0.672305
0.300558

-0.0622502
0.118059
0.991053
0.996205
1.21301e-06

0.460919
-0.42178
-0.780804
-8.48873
22.8541

-0.460919
0.42178
0.780804
0.748541
0.016073

0.401244
0.915971
0
-0.379173
0.231798

-0.401244
-0.915971
0
-0.379173
0.231798

-0.674615
0.380985
-0.632254
0.0387576
0.115506

0.674615
-0.380985
0.632254
-0.978822
0.489469

-0.650849
0.0441015
-0.757925
-0.0431002
0.0859178

0.650849
-0.0441015
0.757925
0.244473
0.0451478

0.0753014
-0.452179
0.888743
0.887364
0.000556196

-0.0753014
0.452179
-0.888743
-0.235929
0.0665936

0.524564
-0.352719
0.774869
0.852495
0.00134034

0.47885
-0.642282
0.598479
0.770766
0.00531705

-0.47885
0.642282
-0.598479
-1.46618
0.529788

0.270954
0.811362
0.517953
0.490471
0.0321044

-0.270954
-0.811362
-0.517953
-1.85816
1.00802

-0.964393
0.0644457
0.2565
-0.100374
0.0902333

0.964393
-0.0644457
-0.2565
0.373231
0.0292862

0.851837
0.450889
0.266595
0.997452
8.63195e-07

0.232596
-0.856252
-0.461229
0.994209
3.14099e-06

0.989044
-0.0874203
-0.118951
-0.638678
0.294803

-0.989044
0.0874203
0.118951
0.0889666
0.0911767

-0.0064903
0.245447
0.969388
0.987643
0.000151493

0.348769
-0.0992522
-0.931939
-4.63993
4.57216

-0.348769
0.0992522
0.931939
0.887592
0.00183087

0.457387
-0.48111
-0.747884
-6.06714
10.5269

-0.457387
0.48111
0.747884
0.675489
0.0222076

-0.0738072
0.396941
-0.914872
-11.0328
37.3288

0.0738072
-0.396941
0.914872
0.94143
0.000914296

-0.56728
-0.0501627
0.821996
0.817229
0.00825737

-0.676887
-0.606928
0.416488
0.59274
0.0250571

0.676887
0.606928
-0.416488
-3.20765
2.67047
