
0.924864
0.355335
0.135517
0.96827
0.000305267

-0.167631
0.173255
0.970506
-0.074206
0.0800259

0.167631
-0.173255
-0.970506
0.455643
0.0207055

0.162423
0.872442
0.460937
0.302854
0.081555

-0.162423
-0.872442
-0.460937
-2.87342
2.51738

-0.338711
0.0742266
-0.937958
-23.6413
300.277

0.338711
-0.0742266
0.937958
0.950597
0.0012072

-0.792811
0.609467
0
0.0161833
0.0460512

0.792811
-0.609467
0
0.797415
0.00287805

-0.0882786
-0.148484
-0.984967
-1.13145
0.574529

0.0882786
0.148484
0.984967
0.107591
0.101022

-0.170108
-0.243795
-0.954792
-9.0799
23.3604

0.170108
0.243795
0.954792
0.909804
0.00192036

-0.220023
0.383169
-0.89709
0.981857
2.58205e-05

0.820729
0.216901
0.528544
0.735098
0.00799058

-0.820729
-0.216901
-0.528544
-2.34889
1.27539

0.504636
-0.436628
0.744781
0.491067
0.0178874

-0.504636
0.436628
-0.744781
-0.126559
0.0875947

-0.848048
-0.144845
-0.509739
-0.0680436
0.093642

0.848048
0.144845
0.509739
0.22072
0.0503955

-0.822504
0.520382
0.229542
0.827532
0.0015629

0.822504
-0.520382
-0.229542
-0.251685
0.0782211

0.770481
0.341489
0.53828
0.709392
0.00244824

-0.770481
-0.341489
-0.53828
0.631462
0.00393707

-0.389583
0.275959
-0.878676
-0.095196
0.0738158

0.389583
-0.275959
0.878676
0.602121
0.00986225

0.807758
-0.126687
0.575741
0.511117
0.00890883

-0.110037
0.975452
0.190751
0.963492
5.67037e-05

0.40105
-0.759813
-0.511706
-0.489422
0.102706

-0.40105
0.759813
0.511706
0.918
0.000323733

0.874301
-0.254763
-0.413151
-0.534959
0.171146

-0.874301
0.254763
0.413151
0.646493
0.00953887

-0.385094
-0.504721
0.772631
-0.215219
0.235212

0.385094
0.504721
-0.772631
-1.53545
1.02365

-0.171366
-0.430467
0.88619
0.912894
0.00204906

-0.374298
0.692746
0.616445
0.70018
0.0171764

0.374298
-0.692746
-0.616445
-5.3442
7.66089

-0.865938
-0.307333
0.394586
0.0593312
0.0774599

0.865938
0.307333
-0.394586
-0.0422878
0.0950889

0.584934
0.670211
0.456804
0.870438
0.000977454

0.659886
0.0281124
0.75084
0.977505
0.000251372

-0.659886
-0.0281124
-0.75084
-23.9948
300.758

-0.175055
0.690353
-0.701975
0.789117
0.00371942

0.175055
-0.690353
0.701975
-1.38078
0.472209

0.776339
0.171287
0.606596
0.955227
0.000268382

-0.776339
-0.171287
-0.606596
-4.92126
4.65023

0.182844
0.225705
0.956883
0.959812
0.000233056

-0.182844
-0.225705
-0.956883
-5.50977
6.04979

-0.219558
-0.274907
-0.936066
0.119484
0.0326863

-0.182916
0.52532
0.831012
0.821218
0.00905119

0.182916
-0.52532
-0.831012
-10.442
36.7685

0.0607161
-0.436124
-0.897836
-10.8143
37.1785

-0.0607161
0.436124
0.897836
0.905254
0.00239626

0.102458
0.400381
-0.910603
-8.48873
22.8529

-0.102458
-0.400381
0.910603
0.748541
0.0160804

-0.344285
0.829911
0.438993
-0.377639
0.340792

0.344285
-0.829911
-0.438993
-1.84677
1.45485

0.520456
-0.664776
-0.535909
0.635251
0.00393459

-0.520456
0.664776
0.535909
0.70831
0.00253443

-0.379464
-0.401018
0.833782
0.963962
0.000263584

0.379464
0.401018
-0.833782
-8.08212
15.7699

0.662882
0.129691
0.737406
0.813145
0.00272934

-0.662882
-0.129691
-0.737406
-1.2169
0.376163

-0.0566472
0.443021
-0.89472
-1.24
0.346905

0.0566472
-0.443021
0.89472
0.880052
0.00100864

-0.580235
-0.0194157
0.814218
0.750261
0.00157288

0.580235
0.0194157
-0.814218
0.679519
0.00258607

0.93371
-0.0620171
0.352619
-0.530276
0.415025

-0.93371
0.0620171
-0.352619
-1.5628
1.1639

-0.258198
0.0717231
0.963426
0.88558
0.00515926

0.258198
-0.0717231
-0.963426
-16.8782
125.784

0.00184606
0.952091
-0.305808
-3.65879
3.38999

-0.00184606
-0.952091
0.305808
0.647071
0.0197577

0.458249
0.538192
-0.707359
-0.235961
0.06342

-0.458249
-0.538192
0.707359
0.90634
0.000365849

-0.0317274
0.530342
-0.84719
-2.09952
1.0676

0.0317274
-0.530342
0.84719
0.699295
0.0101679

0.026118
-0.901381
-0.432239
0.642505
0.0122062

-0.761458
-0.648214
0
-0.243957
0.20881

0.761458
0.648214
0
-0.84361
0.458149

-0.58259
0.0458734
-0.811471
-1.15839
0.369687

0.58259
-0.0458734
0.811471
0.771598
0.00414489

0.303255
-0.882875
0.358564
0.334336
0.0336391

0.0683388
0.223854
-0.972224
0.436453
0.00637594

-0.877419
0.254849
0.406433
-0.784481
0.165377

-0.454995
0.00284818
0.890489
0.935244
7.2927e-05

0.905974
0.140471
-0.399347
-0.258983
0.197068

-0.905974
-0.140471
0.399347
-0.566282
0.304975

-0.506379
0.229709
0.831152
0.817229
0.00825891

0.506379
-0.229709
-0.831152
-8.70179
23.057

0.885935
-0.426402
0.182486
0.141846
0.0865112

-0.885935
0.426402
-0.182486
-0.930838
0.43791

-0.799439
0.27175
0.53577
0.509785
0.00966269

-0.732015
-0.29773
0.612789
0.845145
0.00175855

0.732015
0.29773
-0.612789
-1.17764
0.341215

0.257285
0.777875
0.573337
0.591357
0.028689

-0.257285
-0.777875
-0.573337
-4.00589
4.29383

0.219446
-0.917417
-0.331947
-2.31001
1.90553

-0.219446
0.917417
0.331947
-0.0216155
0.18157

-0.282469
-0.959276
0
0.464141
0.0128935

0.282469
0.959276
0
0.614818
0.00702379

0.798227
-0.301384
0.521538
-1.56875
0.668781

-0.798227
0.301384
-0.521538
0.654647
0.0121381

-0.492087
-0.400183
0.773113
0.753657
0.00317876

-0.585555
0.41431
0.696759
0.725286
0.019432

0.585555
-0.41431
-0.696759
-8.42436
22.7764

-0.221701
-0.0122488
-0.975038
-0.865894
0.262059

-0.636001
-0.541115
0.550179
0.792228
0.000596023

0.636001
0.541115
-0.550179
0.901179
0.000144439

-0.255332
0.356198
-0.898849
0.636047
0.0125221

0.255332
-0.356198
0.898849
-1.19546
0.445979

-0.215334
-0.145569
-0.96563
-0.569055
0.143479

0.605619
-0.049885
0.79419
0.81268
0.00501087

-0.605619
0.049885
-0.79419
-3.97564
3.52314

-0.564285
0.154495
0.810995
0.705777
0.00666043

0.564285
-0.154495
-0.810995
-0.838903
0.259203

0.0487069
0.882206
-0.468337
0.964103
0.000120268

0.905105
-0.425188
0
0.0646102
0.046402

-0.905105
0.425188
0
0.708862
0.00580652

0.651139
-0.00301208
-0.758953
-6.89891
14.9348

-0.651139
0.00301208
0.758953
0.609931
0.0364533

-0.538531
-0.581613
-0.609681
0.846758
0.00151751

-0.493727
-0.0653622
0.867157
0.840096
0.0103759

0.493727
0.0653622
-0.867157
-16.6295
125.234

-0.039958
0.199747
0.979032
0.975919
1.98067e-05

0.039958
-0.199747
-0.979032
-0.0841296
0.0331394

-0.657622
-0.238018
0.71476
0.304705
0.0222562

0.657622
0.238018
-0.71476
0.623737
0.00651986

0.490317
0.629532
0.602726
0.770137
0.00451548

-0.490317
-0.629532
-0.602726
-1.35379
0.468642

-0.82264
-0.148256
0.548893
0.534433
0.0158121

0.82264
0.148256
-0.548893
-0.307262
0.124231

-0.283468
-0.897614
-0.337542
0.0954391
0.0436694

0.283468
0.897614
0.337542
0.627202
0.00743266

-0.151104
-0.0189512
-0.988336
-0.722906
0.132976

0.151104
0.0189512
0.988336
0.961531
8.87951e-05

-0.40409
-0.657723
-0.635698
0.915401
0.000506459

-0.405819
-0.173488
0.897337
0.933943
0.00137771

0.405819
0.173488
-0.897337
-13.4691
64.5442

0.950194
-0.311658
0
0.518892
0.0204721

0.643718
0.656638
0.393005
-0.552319
0.183747

-0.643718
-0.656638
-0.393005
0.599888
0.0122355

-0.430921
0.0364946
0.901651
0.75952
0.0168551

0.430921
-0.0364946
-0.901651
-10.229
36.4945

0.316076
-0.849703
0.422019
0.570924
0.040497

-0.316076
0.849703
-0.422019
-5.86522
10.356

-0.0687125
0.601114
0.796204
0.333857
0.00944512

0.0687125
-0.601114
-0.796204
0.959463
3.86717e-05

0.676842
0.117157
0.726745
0.725286
0.0193701

-0.827154
0.518569
-0.216569
0.783634
0.00169145

-0.912225
-0.198434
0.358427
0.821218
0.00193038

0.912225
0.198434
-0.358427
-0.609036
0.155347

-0.772822
-0.174012
0.6103
0.767742
0.00398954

0.772822
0.174012
-0.6103
-0.908654
0.26628

-0.729987
0.114005
-0.673886
0.0409106
0.0652651

0.331854
-0.117582
0.935974
0.978105
0.000342989

-0.331854
0.117582
-0.935974
-36.7081
1015.95

-0.678039
0.400781
-0.616147
0.666329
0.00356686

0.678039
-0.400781
0.616147
0.620356
0.00460528

0.896437
0.215002
0.387523
0.937552
0.000325034

-0.896437
-0.215002
-0.387523
-2.22876
0.853816

0.162607
-0.147084
0.975667
0.904796
0.00357807

-0.162607
0.147084
-0.975667
-16.9994
125.923

0.255812
0.24002
0.936457
0.913866
0.000562556

-0.560241
-0.461061
-0.688151
-0.948106
0.291975

0.560241
0.461061
0.688151
0.737485
0.00531833

-0.422855
-0.156968
0.892499
0.947579
0.00138717

-0.271115
-0.0875868
0.958554
-13.3741
64.4373

0.271115
0.0875868
-0.958554
0.919949
0.00204336

0.460147
0.0856054
-0.883706
-0.241795
0.141217

0.468106
-0.0390202
0.882811
0.900982
0.00310434

-0.468106
0.0390202
-0.882811
-13.2585
64.3518

-0.109709
-0.83446
-0.540038
0.273712
0.0368426

0.109709
0.83446
0.540038
0.144828
0.0510515

0.0727165
0.537064
0.840402
0.818292
0.00235182

-0.173175
-0.508582
0.843418
0.63431
0.0108747

0.173175
0.508582
-0.843418
-0.769943
0.251786

0.894588
-0.409386
-0.179208
0.988486
1.21079e-05

0.173865
-0.172694
0.969509
0.949122
0.00128486

-0.173865
0.172694
-0.969509
-23.6253
300.229

-0.0517342
-0.511125
0.857948
0.854015
0.00221714

-0.0883541
-0.996089
0
0.485111
0.0992277

0.899451
-0.437022
0
0.862628
0.00205473

0.771724
-0.384647
-0.506447
-0.682014
0.182791

-0.771724
0.384647
0.506447
0.793347
0.00278766

-0.752294
0.0989925
0.651348
0.681729
0.00387665

0.752294
-0.0989925
-0.651348
0.434185
0.0122235

-0.160306
0.608322
-0.777333
-0.308609
0.139871

0.160306
-0.608322
0.777333
0.383679
0.0311464

0.431328
-0.887447
-0.162463
0.374775
0.0326969

-0.431328
0.887447
0.162463
-0.352136
0.152917

0.200113
-0.802416
0.562213
0.278055
0.0552017

0.328538
0.251603
0.910362
-0.394331
0.271636

-0.328538
-0.251603
-0.910362
-0.781796
0.443329

0.339723
0.771137
-0.538457
0.57433
0.0173663

-0.339723
-0.771137
0.538457
-1.13585
0.436839

-0.323354
-0.689483
-0.648117
-0.479261
0.137439

0.323354
0.689483
0.648117
0.749987
0.0039794

-0.108734
-0.226953
-0.967817
-24.002
300.702

0.108734
0.226953
0.967817
0.977942
0.000246707

-0.268103
0.588513
-0.762741
0.600216
0.0072152

-0.301702
0.430852
0.850495
0.85903
0.000758134

0.301702
-0.430852
-0.850495
0.171534
0.0243944

-0.873223
-0.402912
-0.274125
0.981748
0.000237301

-0.874866
-0.484365
0
0.598785
0.0232605

0.874866
0.484365
0
-1.50759
0.644447

-0.719837
-0.694143
0
-0.532416
0.623937

0.719837
0.694143
0
-3.96502
6.20036

0.465149
0.0296387
0.884736
0.868601
0.000368981

0.357726
-0.184018
-0.915516
-0.40398
0.117335

-0.357726
0.184018
0.915516
0.763384
0.00334391

0.0980427
0.687225
0.719799
-0.376006
0.215432

-0.0980427
-0.687225
-0.719799
-0.204179
0.164993

-0.0867056
-0.175524
0.980649
0.986117
3.62592e-05

0.0867056
0.175524
-0.980649
-8.29499
15.8465

0.779848
0.599026
-0.181672
-0.283058
0.0682972

-0.779848
-0.599026
0.181672
0.91718
0.000309963

-0.084308
0.877954
-0.471263
-2.06386
1.77668

0.084308
-0.877954
0.471263
-0.418951
0.382751

-0.218826
-0.952858
0.210183
0.0132914
0.0340563

0.218826
0.952858
-0.210183
0.908471
0.000295292

0.0696343
-0.411447
-0.90877
-2.73016
1.55793

-0.0696343
0.411447
0.90877
0.82281
0.00360073

0.758096
-0.128931
0.639271
-0.287228
0.137617

-0.758096
0.128931
-0.639271
0.343251
0.0358279

-0.46585
-0.330045
0.821008
0.891109
0.00187982

0.742008
-0.429015
-0.515141
-0.81437
0.205191

-0.742008
0.429015
0.515141
0.850032
0.00140223

-0.290481
0.44653
0.846304
0.914499
0.000503476

-0.658102
0.0976514
0.74657
0.302752
0.0865098

0.658102
-0.0976514
-0.74657
-3.22475
3.17426

-0.834322
-0.169671
0.524517
0.993269
8.41605e-06

0.233696
-0.113052
-0.965715
0.669543
0.0138102

-0.233696
0.113052
0.965715
-2.47201
1.49114

-0.647895
0.488295
-0.584637
-1.19128
0.445485

0.647895
-0.488295
0.584637
0.63194
0.0126323

0.0851929
-0.163263
0.982897
-0.117219
0.163195

-0.0851929
0.163263
-0.982897
-0.900754
0.471581

-0.251639
0.593764
0.764279
0.895427
0.00121634

-0.546739
0.513471
0.661381
0.708734
0.0251723

0.546739
-0.513471
-0.661381
-10.0761
36.2918

0.612418
0.344314
0.711613
0.752525
0.00562506

-0.612418
-0.344314
-0.711613
-1.56177
0.602464

0.241285
-0.105892
0.96466
0.977758
5.14024e-05

-0.508634
0.673621
-0.536215
-2.93939
1.86383

0.508634
-0.673621
0.536215
0.799946
0.00484011

0.0519108
-0.81807
0.572771
0.644348
0.00986053

-0.0519108
0.81807
-0.572771
-0.711269
0.227962

0.0705747
0.308466
0.948614
0.800093
0.00423587

-0.0705747
-0.308466
-0.948614
-0.7491
0.203122

0.180073
0.960728
0.211127
0.666502
0.00633214

-0.180073
-0.960728
-0.211127
-0.0511842
0.0619088

0.00414578
0.675877
-0.737003
-0.203642
0.129339

0.661979
0.182642
-0.726929
-0.794323
0.25446

-0.661979
-0.182642
0.726929
0.660809
0.009182

-0.86372
-0.131829
-0.486425
0.994965
1.77207e-06

0.0862011
-0.199532
0.976092
0.969197
3.59646e-05

-0.0862011
0.199532
-0.976092
-0.260214
0.0528585

-0.0787981
-0.165045
-0.983133
-0.464575
0.128599
