
-0.414685
-0.523577
0.744247
0.993043
6.96751e-06

-0.0676377
-0.666699
0.742251
0.772005
0.00141665

0.0676377
0.666699
-0.742251
0.630235
0.00364859

0.0893241
0.236982
0.967399
0.947859
0.00102531

0.666824
0.729482
-0.152318
-0.346129
0.243009

-0.666824
-0.729482
0.152318
-0.703678
0.38924

0.257671
-0.902511
0.345079
0.071661
0.0661393

-0.257671
0.902511
-0.345079
0.188801
0.0505086

-0.405001
0.223402
-0.886604
-0.819698
0.145283

0.405001
-0.223402
0.886604
0.975123
3.89669e-05

-0.528659
-0.674059
0.515911
0.283093
0.0208056

-0.149597
0.82302
0.547958
-2.10678
1.21147

0.149597
-0.82302
-0.547958
0.548786
0.0256795

0.625077
0.779663
-0.0374743
0.168976
0.0288424

0.475684
0.0447547
0.878477
0.859591
0.0012891

0.229611
-0.478972
-0.847269
-0.492017
0.115536

-0.229611
0.478972
0.847269
0.870933
0.000877533

0.98896
0.0518551
0.138816
0.959074
0.000116211

-0.0892859
-0.116395
0.989182
0.990677
3.98952e-06

-0.734157
-0.152271
0.661685
0.881004
0.00121011

0.734157
0.152271
-0.661685
-1.92106
0.72458

0.210105
0.762529
0.611887
-0.724518
0.626254

0.0846757
0.794859
-0.600857
0.588087
0.00963865

-0.0846757
-0.794859
0.600857
0.0731952
0.0485395

-0.069741
0.429756
0.900248
0.0145588
0.118634

0.069741
-0.429756
-0.900248
-0.863089
0.423843

-0.196135
0.892312
-0.406583
-36.2618
1014.55

0.196135
-0.892312
0.406583
0.950728
0.00177897

0.236628
0.362686
0.901369
0.860327
0.000845916

0.287167
-0.559209
-0.777702
0.235783
0.0901933

0.0225814
0.999745
0
0.719374
0.00348587

-0.0851651
-0.429239
0.899167
0.937634
0.000433541

0.0851651
0.429239
-0.899167
-3.61257
2.36109

-0.197169
0.179839
-0.963733
-4.48674
3.66178

0.197169
-0.179839
0.963733
0.962382
0.000172565

0.205321
0.945499
0.252736
0.846115
0.00122236

-0.205321
-0.945499
-0.252736
-0.241842
0.0740341

0.820552
-0.00228597
-0.571567
0.263296
0.0403955

0.723611
0.114022
0.680725
0.499024
0.0257496

-0.723611
-0.114022
-0.680725
-1.17437
0.484838

-0.646492
-0.762921
0
-1.50425
0.486922

0.646492
0.762921
0
0.863293
0.00145202

-0.465807
0.152749
0.871603
0.705843
0.0061268

0.465807
-0.152749
-0.871603
-0.5881
0.175328

0.429509
0.736659
0.522356
0.934142
0.000353408

-0.311602
-0.805194
-0.504547
-0.823735
0.277797

0.311602
0.805194
0.504547
0.613564
0.0125202

0.353762
-0.300442
0.885769
0.844678
0.0014793

0.272708
-0.689245
0.671246
0.600216
0.00710261

-0.287895
-0.26634
0.91988
0.759075
0.0147728

0.287895
0.26634
-0.91988
-8.51901
22.8712

0.88427
-0.466976
0
0.0229769
0.149919

-0.88427
0.466976
0
-1.34729
0.751494

-0.0429171
0.0882965
0.995169
0.968469
0.000721514

0.0429171
-0.0882965
-0.995169
-36.529
1015.39

-0.465059
0.883906
0.0492949
-0.654163
0.158206

0.465059
-0.883906
-0.0492949
0.854128
0.00123065

0.894367
0.304574
0.327631
0.557581
0.0095772

-0.741915
-0.44277
0.503505
0.488648
0.0254032

0.741915
0.44277
-0.503505
-0.967496
0.375207

0.583783
-0.128996
0.801597
0.644348
0.00996092

-0.583783
0.128996
-0.801597
-0.711269
0.228047

-0.451025
-0.655135
0.606114
-1.02494
0.299881

0.451025
0.655135
-0.606114
0.798798
0.00300146

0.429354
-0.250089
0.86782
0.883498
0.00145162

-0.429354
0.250089
-0.86782
-2.87155
1.5887

0.0277885
-0.477225
0.878342
0.860689
0.00240867

0.406932
-0.543718
0.734014
-0.0717193
0.0926745

-0.406932
0.543718
-0.734014
0.229639
0.0478881

-0.33813
0.0216702
0.94085
0.901488
0.00120086

0.33813
-0.0216702
-0.94085
-3.82711
2.87825

0.964294
-0.264834
0
0.956554
0.00021236

-0.964294
0.264834
0
-2.2992
0.857753

-0.0562624
-0.709499
0.702457
0.935495
0.00128312

0.0439276
0.310183
0.949661
0.93957
0.000122487

-0.731542
0.320765
-0.601628
0.879558
0.000330219

0.731542
-0.320765
0.601628
0.593383
0.00354953

-0.504322
0.618958
0.602121
0.539089
0.00610299

0.504322
-0.618958
-0.602121
0.789577
0.00129742

0.371002
0.928632
0
0.545695
0.0045968

0.542594
-0.719014
-0.434294
-0.972899
0.233319

-0.542594
0.719014
0.434294
0.901578
0.000755849

0.225886
0.493797
0.839726
0.782788
0.00251682

0.376824
-0.620909
0.687369
0.638274
0.00626172

-0.376824
0.620909
-0.687369
0.23507
0.0279686

-0.963623
0.236459
-0.124571
-12.6078
63.3574

0.963623
-0.236459
0.124571
0.751499
0.0211311

-0.656848
-0.126077
0.743408
0.400356
0.136947

0.149136
0.820247
0.552225
-2.46188
0.995566

-0.149136
-0.820247
-0.552225
0.95383
0.00019214

-0.61378
0.155573
0.773997
-0.403274
0.25363

0.61378
-0.155573
-0.773997
-0.513289
0.294914

0.0912827
-0.32571
-0.941053
-14.2
65.0061

-0.0912827
0.32571
0.941053
0.995994
6.68693e-06

0.429915
-0.0118773
0.902791
0.282044
0.0229307

-0.447208
-0.89443
0
0.908055
0.0105841

0.23944
0.290917
-0.926302
0.534298
0.00811035

-0.23944
-0.290917
0.926302
0.617524
0.00547279

0.569844
0.48392
0.664154
0.498482
0.056788

-0.569844
-0.48392
-0.664154
-5.74263
10.2419

-0.0753727
0.84592
0.527957
0.703269
0.00356102

0.534172
-0.076811
-0.841879
-1.11229
0.518781

-0.534172
0.076811
0.841879
0.265355
0.0629606

-0.359775
-0.781954
0.509029
-0.383441
0.122888

0.359775
0.781954
-0.509029
0.695519
0.00596205

0.983493
0.104112
0.147992
0.471903
0.0333324

-0.983493
-0.104112
-0.147992
-1.67346
0.854109

-0.17839
0.360006
0.915736
0.883078
0.00171586

0.17839
-0.360006
-0.915736
-0.811378
0.193171

-0.147746
0.729132
0.668235
0.939979
0.000470019

-0.702478
-0.228609
0.67399
0.67855
0.0141475

-0.77617
0.546174
-0.315047
0.910949
0.000500439

0.77617
-0.546174
0.315047
-1.13811
0.285504

-0.782977
-0.622051
0
0.988396
0.000501081

-0.904414
-0.426656
0
-0.336019
0.0607155

0.904414
0.426656
0
0.976186
7.08594e-05

-0.664942
-0.59724
-0.448505
-0.636059
0.121698

0.664942
0.59724
0.448505
0.946885
0.000134599

-0.490381
-0.436051
0.754577
-0.471117
0.247021

0.490381
0.436051
-0.754577
-0.126326
0.144891

0.913793
-0.144357
0.379662
0.327979
0.0237678

-0.913793
0.144357
-0.379662
0.474776
0.0145189

0.843215
0.537577
0
0.878259
0.0020597

-0.843215
-0.537577
0
-0.546454
0.129375

0.079359
-0.0811287
0.993539
0.589456
0.0406662

-0.079359
0.0811287
-0.993539
-6.85809
14.8933

-0.243109
-0.757503
-0.605878
0.941495
9.91859e-05

0.243109
0.757503
0.605878
0.255236
0.0141088

0.149728
0.95841
-0.242966
0.489023
0.016365

0.788711
0.12943
-0.600985
0.538931
0.00519682

-0.953636
0.300964
0
0.898508
0.000378804

0.953636
-0.300964
0
0.911948
0.000320552

0.315082
-0.853139
0.415785
-1.81798
0.888446

-0.315082
0.853139
-0.415785
0.613443
0.0167532

0.260984
-0.470538
0.842901
0.342919
0.0442095

-0.260984
0.470538
-0.842901
-0.628726
0.254631

0.577162
0.396083
0.714144
-0.0568824
0.218402

-0.577162
-0.396083
-0.714144
-2.90859
2.98377

0.0125988
0.0368786
0.99924
-0.00150466
0.0618657

-0.0125988
-0.0368786
-0.99924
0.541699
0.0129559

0.860707
-0.292928
-0.416386
-2.96898
1.8717

-0.860707
0.292928
0.416386
0.814454
0.00410936

-0.733098
-0.618475
-0.282942
0.373691
0.0189367

0.733098
0.618475
0.282942
0.527666
0.0107759

-0.531415
-0.670187
-0.518119
-2.15497
1.22524

0.531415
0.670187
0.518119
0.591116
0.0206378

0.189323
-0.529708
-0.826781
-10.117
36.3432

-0.189323
0.529708
0.826781
0.722846
0.0227019

0.920259
-0.261148
-0.29142
-1.77638
1.10888

-0.920259
0.261148
0.29142
0.173969
0.0981865

-0.0889514
0.619336
-0.780071
-1.22221
0.541614

0.0889514
-0.619336
0.780071
0.419484
0.0369679

0.8015
0.597994
0
-1.10637
0.692274

-0.8015
-0.597994
0
-0.462759
0.334014

0.3353
0.0416361
0.941191
0.891281
0.00144383

-0.3353
-0.0416361
-0.941191
-3.45312
2.3258

0.873554
0.136212
-0.467279
-0.479185
0.114902

-0.873554
-0.136212
0.467279
0.862089
0.00101553

0.33082
0.383915
0.862071
-1.57968
0.927382

-0.33082
-0.383915
-0.862071
0.144848
0.101926

0.361886
0.299393
-0.882838
0.81268
0.00507552

-0.361886
-0.299393
0.882838
-3.97564
3.52032

0.251196
-0.677442
0.691356
-0.00959182
0.102662

-0.251196
0.677442
-0.691356
-0.277763
0.164345

-0.196036
0.659771
0.725446
0.988008
6.34648e-06

0.804474
-0.482697
-0.346159
0.23782
0.355402

-0.804474
0.482697
0.346159
-20.6797
287.505

0.201348
-0.329148
-0.922562
0.773253
0.00430685

-0.201348
0.329148
0.922562
-1.25541
0.415593

-0.05055
0.139895
0.988875
0.677602
0.0035778

0.278735
0.715165
-0.640973
-0.258541
0.107482

-0.278735
-0.715165
0.640973
0.58602
0.0116993

-0.777391
0.512712
0.364401
-14.9505
120.105

0.777391
-0.512712
-0.364401
0.293052
0.235989

0.189666
-0.855984
-0.480957
0.996403
6.06419e-07

0.0742452
0.130261
0.988696
-1.08276
0.259631

-0.0742452
-0.130261
-0.988696
0.919823
0.000387637

0.573121
-0.723326
-0.385139
-1.39056
0.700966

-0.573121
0.723326
0.385139
0.306877
0.058972

0.708071
-0.0241565
0.705728
0.673194
0.00931192

-0.708071
0.0241565
-0.705728
-0.673926
0.21017

-0.40116
-0.863128
0.306726
0.894822
0.00105627

0.40116
0.863128
-0.306726
-2.46155
1.13774

0.17356
0.400692
0.899624
0.837992
0.00240438

-0.17356
-0.400692
-0.899624
-1.83314
0.712144

-0.673198
0.7257
-0.142002
-0.223523
0.069456

0.673198
-0.7257
0.142002
0.855999
0.000963666

0.0228861
-0.468007
0.883428
0.903776
0.00057927

-0.0228861
0.468007
-0.883428
-1.04753
0.257324

0.532036
0.824928
-0.19087
0.848979
0.00100083

-0.532036
-0.824928
0.19087
-0.105744
0.0536145

-0.896977
0.442076
0
0.673824
0.0161982

0.896977
-0.442076
0
-3.32848
2.70585

-0.804409
-0.044652
-0.592395
0.843445
0.0129146

0.804409
0.044652
0.592395
-22.8138
298.042

-0.549001
0.645379
-0.531116
-1.18268
0.716106

0.549001
-0.645379
0.531116
-0.291539
0.250824

0.304357
0.717307
-0.626768
-2.74466
2.10108

-0.304357
-0.717307
0.626768
0.473406
0.0415567

-0.72878
0.233078
0.643859
0.601888
0.00565298

0.183979
0.603991
0.775466
0.938667
0.00144937

0.766508
0.0445918
0.640685
-0.282421
0.15491

-0.766508
-0.0445918
-0.640685
0.127153
0.0718321

-0.618743
-0.50142
0.604761
0.219587
0.0608849

0.618743
0.50142
-0.604761
-0.559893
0.2429

-0.239877
-0.439358
0.865692
0.591354
0.0287732

-0.833303
0.120085
0.539617
-0.986009
0.411626

0.833303
-0.120085
-0.539617
0.387032
0.0392307

-0.363545
-0.321077
0.874497
0.753663
0.00715824

0.363545
0.321077
-0.874497
-2.60128
1.52845

0.267895
0.658346
-0.703429
0.356608
0.0450949

-0.267895
-0.658346
0.703429
-1.06532
0.464592

-0.587357
-0.776079
-0.229591
-0.19502
0.131044

0.587357
0.776079
0.229591
0.10395
0.0736793

-0.181259
-0.624867
-0.759399
-4.69091
7.15707

0.181259
0.624867
0.759399
0.27412
0.116496

0.234904
0.760861
0.604905
0.570291
0.0140216

-0.234904
-0.760861
-0.604905
-0.47536
0.165088

0.89116
0.347087
-0.292171
-1.0246
0.666205

-0.89116
-0.347087
0.292171
-0.666929
0.451861

0.0369812
0.0301685
0.99886
0.690952
0.0128258

-0.0369812
-0.0301685
-0.99886
-1.91288
0.89619

0.549549
-0.567638
0.613011
0.641613
0.00223204

-0.549549
0.567638
-0.613011
0.911635
0.000137397

-0.443639
-0.412997
-0.795373
-4.49217
8.78542

0.443639
0.412997
0.795373
-0.737772
0.880009

-0.319682
-0.211349
-0.923653
-2.23277
1.24642

0.319682
0.211349
0.923653
0.653746
0.0143023

-0.936132
-0.351648
0
0.662102
0.0250952

0.936132
0.351648
0
-3.30992
2.56322

-0.508067
-0.64819
-0.567201
-2.43981
1.48402

0.508067
0.64819
0.567201
0.646098
0.0157711

0.13531
0.95861
-0.250516
0.756471
0.00822814

-0.13531
-0.95861
0.250516
-3.473
2.77286

-0.870568
0.276231
-0.407195
0.813664
0.00120998

0.870568
-0.276231
0.407195
0.313863
0.0162193

0.689897
0.288531
0.663921
0.992876
1.23093e-05

-0.689897
-0.288531
-0.663921
-9.75658
23.68

0.627475
0.0436596
-0.777411
-0.359624
0.0796029

-0.627475
-0.0436596
0.777411
0.918948
0.000292086

-0.872437
-0.291855
0.392012
0.148606
0.0635715

0.872437
0.291855
-0.392012
-0.14537
0.114986

0.211631
-0.709058
0.672643
0.785462
0.00336663

-0.211631
0.709058
-0.672643
-0.930848
0.268418

-0.137213
0.533252
0.834755
0.947859
0.00104517

0.137213
-0.533252
-0.834755
-17.3308
126.437

-0.534127
-0.445976
-0.718202
0.95229
0.000159476

-0.559588
0.201952
-0.803789
-21.9863
294.788

0.559588
-0.201952
0.803789
0.668999
0.0611591

-0.97055
-0.240898
0
0.153319
0.0644511

0.97055
0.240898
0
0.0248803
0.0834061

-0.455707
0.0444302
0.88902
0.794659
0.00929341

0.455707
-0.0444302
-0.88902
-7.34518
15.347

0.392016
-0.630866
-0.669576
0.213585
0.027538

-0.392016
0.630866
0.669576
0.707375
0.00382548

-0.173263
-0.808357
0.562618
0.700228
0.00293344

0.173263
0.808357
-0.562618
0.55305
0.00651629

0.417771
-0.082955
-0.904757
-1.46644
0.300033

-0.417771
0.082955
0.904757
0.995269
3.4712e-06

0.598084
0.801433
0
0.678193
0.0267617

-0.598084
-0.801433
0
-7.04519
14.8459

-0.259339
-0.484631
0.83539
0.877623
0.00281427

0.259339
0.484631
-0.83539
-6.61611
10.8946

0.341492
-0.631719
-0.695927
-2.04004
0.934318

-0.341492
0.631719
0.695927
0.777935
0.00504641

-0.566819
-0.207026
-0.797406
-0.930843
1.11599

0.566819
0.207026
0.797406
-4.36346
8.60737

0.743119
0.300452
0.597915
0.406804
0.0432606

0.578893
0.426409
0.695024
0.650058
0.00336578

-0.578893
-0.426409
-0.695024
0.725072
0.00207781

-0.761035
-0.233646
0.605173
0.440827
0.0259537

0.761035
0.233646
-0.605173
-0.442352
0.172555

-0.394215
-0.776684
0.49128
0.54604
0.017417

-0.503071
0.192958
-0.842429
0.798576
0.00108732

-0.665362
0.217736
0.714061
0.639847
0.00319748

0.665362
-0.217736
-0.714061
0.793198
0.00106113

0.761262
0.613507
-0.209972
0.908517
0.000219321

-0.761262
-0.613507
0.209972
0.346451
0.0111578

0.521082
-0.853507
0
0.676892
0.00824129

-0.521082
0.853507
0
-0.809772
0.256132
