
0.810175
0.115514
0.574694
0.685747
0.00508951

-0.810175
-0.115514
-0.574694
0.0586336
0.0452904

0.925375
-0.222715
-0.306723
-0.177967
0.183991

-0.925375
0.222715
0.306723
-0.872731
0.464966

-0.564688
0.162634
-0.809121
-2.71866
2.09017

0.564688
-0.162634
0.809121
0.449903
0.0457862

0.351464
-0.561145
-0.749392
-1.40884
0.39423

-0.208199
-0.104714
0.972465
0.904399
0.000947731

0.208199
0.104714
-0.972465
-2.93018
1.59987

-0.19806
-0.0687862
0.977773
-7.84971
15.6628

0.19806
0.0687862
-0.977773
0.926862
0.00111226

0.999515
0.0311507
0
0.867074
0.00021071

-0.999515
-0.0311507
0
0.864272
0.000219661

0.326295
0.733507
0.596238
0.977036
2.97468e-05

-0.847849
0.277219
-0.451998
0.0248257
0.0661846

0.847849
-0.277219
0.451998
0.375888
0.0271162

0.489573
0.435418
-0.755466
-0.696822
0.33067

-0.489573
-0.435418
0.755466
0.043896
0.107352

0.474915
0.419762
-0.77347
0.897105
0.000392308

0.678043
-0.552138
0.485182
0.0653431
0.0897839

-0.678043
0.552138
-0.485182
-0.421718
0.207634

-0.394385
0.821145
0.412531
-0.494047
0.177973

0.394385
-0.821145
-0.412531
0.520535
0.0183891

0.627091
0.449201
-0.636377
-1.93425
0.725994

-0.733923
0.0679206
-0.675828
-2.11645
1.80736

0.733923
-0.0679206
0.675828
-0.325528
0.327179

0.830534
-0.144179
0.537983
0.00173903
0.144605

-0.830534
0.144179
-0.537983
-1.48874
0.898711

-0.584036
0.809877
-0.0547828
0.845772
0.00275617

0.584036
-0.809877
0.0547828
-3.03797
1.889

-0.70211
-0.05352
0.710054
0.779552
0.00438633

0.865694
-0.184609
0.465289
0.550416
0.0143128

-0.865694
0.184609
-0.465289
-0.275271
0.114851

-0.0342466
-0.754473
0.655437
0.701031
0.014582

0.0342466
0.754473
-0.655437
-4.19044
4.38954

-0.701352
-0.259286
0.663985
0.711949
0.00224355

0.701352
0.259286
-0.663985
0.693664
0.00253217

0.341366
-0.279868
0.897298
0.915354
0.000379976

-0.341366
0.279868
-0.897298
-0.524526
0.11047

-0.803287
-0.21786
0.554316
-0.970246
0.318792

0.803287
0.21786
-0.554316
0.684759
0.00821098

0.347166
0.349206
-0.870363
-1.31701
0.463781

-0.347166
-0.349206
0.870363
0.742554
0.00573232

-0.789018
0.330268
0.518047
0.994632
3.21776e-06

0.036819
0.748544
-0.662062
0.124747
0.0377718

-0.036819
-0.748544
0.662062
0.680276
0.00509474

-0.00357826
0.995106
-0.0987482
0.625845
0.00570221

0.00357826
-0.995106
0.0987482
0.44107
0.0127221

0.982757
0.111225
-0.147709
0.984682
1.33383e-05

0.0634099
-0.964355
0.256903
-0.0401868
0.0702748

-0.0634099
0.964355
-0.256903
0.50835
0.0157022

0.400566
0.785938
-0.471008
-0.421135
0.106472

0.0975348
-0.688989
-0.71818
-0.265882
0.0968386

-0.0975348
0.688989
0.71818
0.698421
0.0055043

0.281702
0.653292
0.702748
0.369843
0.0588445

0.418202
-0.841897
0.34105
0.701595
0.00477509

-0.418202
0.841897
-0.34105
0.0477865
0.0462122

0.428231
0.323325
0.843847
0.919949
0.0020085

-0.428231
-0.323325
-0.843847
-13.3741
64.4777

-0.413251
-0.682099
-0.603294
-5.43615
7.72152

0.413251
0.682099
0.603294
0.742554
0.0123682

-0.527186
-0.342235
-0.777785
0.77804
0.00408403

0.527186
0.342235
0.777785
-1.26197
0.416437

0.354564
-0.381521
-0.853655
0.0123132
0.0641616

-0.349921
-0.603976
0.716078
0.63627
0.00191978

0.349921
0.603976
-0.716078
0.950225
3.74508e-05

0.54786
-0.282496
0.78743
0.77542
0.00287284

-0.54786
0.282496
-0.78743
-0.335996
0.101039

-0.181524
0.604271
0.775826
-1.26492
0.605754

0.181524
-0.604271
-0.775826
0.314862
0.0556064

-0.881684
-0.262471
-0.392099
-0.0717193
0.0927111

0.881684
0.262471
0.392099
0.229639
0.047923

-0.768656
0.155871
-0.620381
-2.11144
1.07065

0.768656
-0.155871
0.620381
0.707798
0.009505

-0.769077
0.33005
0.547346
0.562469
0.0117209

0.0513658
-0.99868
0
0.763906
0.00508513

-0.0513658
0.99868
0
-1.57786
0.604912

0.648176
-0.726156
0.22927
-0.655269
0.180693

-0.648176
0.726156
-0.22927
0.770523
0.00348407

0.899135
0.0615985
-0.433316
0.711796
0.00382135

0.257122
0.35069
0.900503
0.678191
0.0111917

-0.0419301
0.708244
0.704721
0.408805
0.0362759

0.0419301
-0.708244
-0.704721
-1.00155
0.414353

-0.338505
-0.146963
-0.929417
-0.435911
0.183545

0.338505
0.146963
0.929417
0.334371
0.0396303

-0.280083
0.241437
-0.929119
-1.03812
0.27792

0.280083
-0.241437
0.929119
0.858857
0.00135022

-0.965758
0.259445
0
0.778871
0.00140139

0.071754
-0.589567
0.804526
0.820886
0.0107046

-0.071754
0.589567
-0.804526
-12.8705
63.7743

0.82532
-0.202104
0.527258
0.500874
0.00587704

-0.750987
0.660316
0
-6.85809
14.8509

0.750987
-0.660316
0
0.589456
0.0412674

0.86029
0.509805
0
0.897002
0.0036212

0.182033
-0.926196
0.330189
0.81193
0.00299005

-0.182033
0.926196
-0.330189
-1.52848
0.540322

0.379727
-0.281743
-0.881152
0.575546
0.00550593

-0.379727
0.281743
0.881152
0.72727
0.00228477

-0.146774
-0.139427
0.979294
-0.32809
0.223048

0.146774
0.139427
-0.979294
-0.540278
0.299998

-0.1621
0.0247862
0.986463
0.989194
1.30306e-05

-0.314854
-0.872588
-0.373439
-6.23455
8.07194

0.314854
0.872588
0.373439
0.966972
0.000171049

0.474292
-0.0709287
-0.877505
-1.36714
0.428418

-0.474292
0.0709287
0.877505
0.846195
0.0018765

0.142479
-0.197029
0.969989
0.945639
0.00020929

-0.142479
0.197029
-0.969989
-1.30895
0.322394

0.0894341
-0.250287
0.964032
0.956471
0.000416315

-0.0894341
0.250287
-0.964032
-9.3618
23.5511

0.148596
0.494786
0.856216
0.546503
0.0336341

-0.148596
-0.494786
-0.856216
-3.5108
3.32565

0.334426
0.710326
-0.619351
0.880786
0.000422256

-0.787088
-0.522927
0.327169
0.197382
0.031186

0.787088
0.522927
-0.327169
0.651341
0.00589787

0.306383
-0.31251
-0.899148
-2.23411
1.42074

-0.306383
0.31251
0.899148
0.470148
0.0381403

0.474045
-0.312954
-0.823008
-4.77555
5.76223

-0.474045
0.312954
0.823008
0.731318
0.012477

0.0483408
0.0465578
-0.997745
-22.2532
295.838

-0.0483408
-0.0465578
0.997745
0.733064
0.0391464

-0.340503
-0.0413015
-0.939336
0.602129
0.0118251

0.340503
0.0413015
0.939336
-0.499247
0.167345

-0.159708
0.0240525
-0.986871
0.977755
2.30975e-05

0.159708
-0.0240525
0.986871
-0.937765
0.171291

-0.959577
-0.281447
0
0.625533
0.0187576

-0.414988
0.587962
-0.694324
0.504912
0.0407492

0.414988
-0.587962
0.694324
-3.45579
3.29807

-0.0396879
0.778361
-0.626561
0.281349
0.0281018

0.853459
-0.204709
0.479273
-34.2588
1002.28

-0.853459
0.204709
-0.479273
0.680191
0.0825032

0.0774014
-0.573655
0.815432
0.866424
0.00167717

-0.0156716
0.352618
0.935636
0.846759
0.00573233

0.917134
0.398579
0
-4.591
5.48563

-0.917134
-0.398579
0
0.634121
0.0293485

0.0553276
0.980095
0.190663
-0.274022
0.0713641

-0.0553276
-0.980095
-0.190663
0.89298
0.000507428

-0.237
0.206029
0.949412
-1.3276
0.562073

0.237
-0.206029
-0.949412
0.543854
0.0216526

-0.620641
0.331741
-0.71046
0.972495
3.36461e-05

0.839195
-0.0250982
0.543252
-0.247903
0.119207

-0.839195
0.0250982
-0.543252
0.435247
0.0244708

0.833711
0.312326
-0.455389
0.797375
0.0031018

0.514228
0
0.857654
0.701029
0.014594

-0.15168
0.944108
-0.292667
0.905668
0.000286203

0.15168
-0.944108
0.292667
0.133206
0.0241388

0.0739207
-0.595129
0.800223
0.7161
0.00335962

-0.0739207
0.595129
-0.800223
0.28145
0.0215042

0.418658
0.748794
0.513841
0.543734
0.0391404

-0.418658
-0.748794
-0.513841
-4.44506
5.56471

0.967149
-0.0487751
-0.249489
-0.394331
0.271438

-0.967149
0.0487751
0.249489
-0.781796
0.443238

-0.747469
0.343647
0.568504
0.668998
0.00866583

0.747469
-0.343647
-0.568504
-0.802124
0.255287

0.630718
0.565285
0.531646
0.548494
0.011834

-0.630718
-0.565285
-0.531646
0.103292
0.0464066

-0.716736
0.572318
-0.398423
-1.09671
0.269167

-0.36997
0.359529
0.856657
0.791283
0.0037682

0.868243
0.496139
0
-3.75284
5.8017

-0.868243
-0.496139
0
-0.856594
0.952838

0.148301
-0.204217
-0.967627
-0.451763
0.931654

0.0949515
0.0995446
0.990492
0.731827
0.00661134

-0.0949515
-0.0995446
-0.990492
-1.41355
0.523911

0.448841
-0.329712
0.830561
0.892731
0.00237788

0.707319
0.41628
-0.571323
0.0226595
0.0805383

-0.707319
-0.41628
0.571323
0.0697514
0.072973

0.179046
0.978111
-0.106025
-0.427609
0.0609507

-0.179046
-0.978111
0.106025
0.994725
8.68352e-07

-0.790396
0.0615209
0.609499
0.666063
0.0126481

0.847586
0.530658
0
-5.30995
9.15929

-0.847586
-0.530658
0
0.182231
0.187605

-0.0166833
0.0875875
0.996017
-12.1752
62.4739

0.0166833
-0.0875875
-0.996017
0.608348
0.0552639

0.625609
-0.691181
-0.361776
-0.315837
0.0510747

-0.583148
0.28649
-0.760173
-0.614811
0.290846

0.583148
-0.28649
0.760173
0.0390306
0.103138

0.154689
0.850214
-0.503197
-0.321201
0.180933

-0.154689
-0.850214
0.503197
-0.0364697
0.111359

0.427338
-0.237901
0.87223
0.705777
0.0199627

-0.427338
0.237901
-0.87223
-7.10955
15.1405

-0.160742
0.658583
-0.73514
-3.22946
2.27045

0.160742
-0.658583
0.73514
0.800119
0.00508663

-0.656302
-0.352805
-0.666931
-2.05789
1.35956

0.656302
0.352805
0.666931
0.278586
0.0758201

-0.723342
0.268745
0.636045
0.747712
0.00478265

-0.348869
-0.381662
-0.855935
0.989116
2.79221e-06

-0.857468
0.303861
0.415232
0.549821
0.0279895

0.857468
-0.303861
-0.415232
-2.561
1.74874

0.423207
-0.135059
-0.89591
0.765958
0.00274701

-0.132165
-0.991228
0
0.84559
0.00582981

-0.86102
-0.135477
-0.490194
0.0613947
0.095149

0.86102
0.135477
0.490194
-0.551569
0.259855

0.132284
0.195327
0.971776
0.738424
0.00755585

-0.132284
-0.195327
-0.971776
-2.15631
1.07993

-0.86003
-0.121319
-0.495611
0.770766
0.00464903

0.86003
0.121319
0.495611
-1.46618
0.53168

-0.385141
0.617217
0.686083
-2.6733
1.01147

0.385141
-0.617217
-0.686083
0.99034
9.77331e-06

0.786049
0.618164
0
0.929688
0.000567742

-0.120364
-0.99273
0
0.673127
0.00518032

0.38265
0.441338
0.811665
0.774144
0.00245781

-0.38265
-0.441338
-0.811665
-0.031677
0.0509118

-0.503071
0.192958
-0.842429
0.798576
0.00108732

-0.301088
-0.0661145
-0.951302
0.158305
0.0806296

0.301088
0.0661145
0.951302
-0.843642
0.38563

-0.440286
0.887034
0.138996
-7.21198
11.1206

0.440286
-0.887034
-0.138996
0.983371
4.57973e-05

0.407215
0.793346
0.452523
0.59274
0.0250633

-0.407215
-0.793346
-0.452523
-3.20765
2.67038

-0.476966
-0.543947
0.69038
0.642038
0.0119054

0.476966
0.543947
-0.69038
-1.2016
0.447039

0.00544528
-0.895303
-0.445423
0.934956
0.000335804

-0.72003
0.676727
-0.153618
-0.794047
0.535667

0.72003
-0.676727
0.153618
-0.977929
0.651099

0.243143
0.348933
0.905056
0.882979
0.00444209

-0.243143
-0.348933
-0.905056
-13.1595
64.1838

-0.624387
-0.188645
0.757993
0.938238
0.000241928

0.624387
0.188645
-0.757993
-1.12881
0.262348

-0.15881
0.0601542
-0.985475
-3.58617
2.81074

0.15881
-0.0601542
0.985475
0.811197
0.00476426

0.173882
-0.807238
0.564031
0.237093
0.0241871

0.352233
-0.704435
-0.616201
0.836839
0.00213325

-0.352233
0.704435
0.616201
-1.45629
0.481462

-0.353721
-0.0521548
0.933896
-0.00495911
0.0593176

0.353721
0.0521548
-0.933896
0.594567
0.00965606

0.342565
-0.405152
0.847644
0.704644
0.00481939

-0.342565
0.405152
-0.847644
-0.0724031
0.062294

-0.41663
0
0.909076
0.72095
0.00127625

-0.280507
-0.386217
0.878722
0.862378
0.000904188

0.0826846
0.9493
-0.303304
-0.425852
0.277699

-0.276378
-0.205628
-0.938793
0.769196
0.00201304

-0.0998587
0.350898
-0.931074
-6.93791
11.0281

0.0998587
-0.350898
0.931074
0.947815
0.000504152

0.11483
0.419133
-0.900634
-0.645921
0.186885

0.851759
-0.399734
0.338702
-0.134942
0.041816

0.610722
0.69641
0.376871
0.263171
0.0539715

-0.610722
-0.69641
-0.376871
-0.583174
0.2466

-0.214042
0.0237177
0.976536
0.948709
0.000461599

-0.975605
0.129916
0.176967
-0.667664
0.130874

0.975605
-0.129916
-0.176967
0.941371
0.000162839

0.933855
-0.185811
0.305597
0.27535
0.0304407

-0.114916
-0.766172
-0.632278
0.407266
0.0146164

0.114916
0.766172
0.632278
0.634793
0.0055526

0.910272
0.117186
-0.397081
0.125927
0.0478385

-0.910272
-0.117186
0.397081
0.435997
0.0199228

-0.738172
-0.270806
-0.617872
-12.9615
63.9281

0.738172
0.270806
0.617872
0.841993
0.0082246

0.209643
0.977778
0
-0.328756
0.194397

-0.209643
-0.977778
0
-0.167847
0.15017

0.140813
-0.479682
0.86607
0.86965
0.00182915

-0.140813
0.479682
-0.86607
-0.578813
0.137635

-0.859124
-0.302266
-0.412966
0.562166
0.0143257

0.859124
0.302266
0.412966
-0.418576
0.150052

0.0509265
-0.0998665
0.993697
0.109848
0.0467043

-0.0509265
0.0998665
-0.993697
0.518733
0.013667

-0.525777
0.00615684
-0.8506
0.549824
0.0281069
