
0.577183
0.57597
0.578894
0.707447
0.0685462

-0.577183
-0.57597
-0.578894
-34.3987
1003.53

-0.258198
0.0717231
0.963426
0.88558
0.00515926

0.258198
-0.0717231
-0.963426
-16.8782
125.784

-0.231166
0.962321
-0.143181
0.672134
0.0104112

0.231166
-0.962321
0.143181
-1.45993
0.585876

-0.837444
-0.546523
0
-5.20629
15.6819

0.837444
0.546523
0
-2.75442
5.84622

-0.295295
-0.243138
-0.923951
0.671428
0.00782847

0.295295
0.243138
0.923951
-0.556458
0.172626

0.0176867
-0.474754
0.879941
-1.21724
0.225182

-0.0176867
0.474754
-0.879941
0.993157
2.50457e-06

0.364841
0.704096
0.609212
-0.471117
0.435805

-0.364841
-0.704096
-0.609212
-2.31002
2.20604

-0.948556
-0.31661
0
-0.831635
0.498175

0.948556
0.31661
0
-0.539073
0.351744

0.433088
-0.23637
0.869807
0.837212
0.00519464

-0.433088
0.23637
-0.869807
-6.47819
10.8067

-0.814012
-0.580848
0
0.108842
0.0324596

0.236766
0.902695
-0.359282
-1.34042
0.622612

-0.236766
-0.902695
0.359282
0.414896
0.038948

-0.310573
0.163128
0.936447
0.933896
0.000681487

0.310573
-0.163128
-0.936447
-5.37223
6.0061

-0.823415
0.0699767
0.563108
0.614326
0.00991979

0.823415
-0.0699767
-0.563108
-0.278227
0.108819

-0.316944
-0.444649
0.837755
0.996747
2.03551e-06

0.255309
-0.602172
-0.756443
0.745592
0.00259261

-0.255309
0.602172
0.756443
0.276335
0.0209586

0.684633
0.534915
0.49512
0.387033
0.0448074

0.0512643
-0.186415
0.981133
0.643482
0.0101736

-0.0512643
0.186415
-0.981133
-0.778239
0.252637

0.231988
-0.474647
0.849054
0.874376
0.00508592

0.596507
0.802608
0
0.626534
0.00569546

-0.596507
-0.802608
0
0.440771
0.0127516

0.367757
0.00843482
0.929884
0.865282
0.0012126

-0.644771
0.276395
0.712654
0.407322
0.00718936

-0.752964
0.658062
0
0.847332
0.00418277

-0.182947
-0.271644
-0.944849
-0.16774
0.118736

0.182947
0.271644
0.944849
0.181509
0.0584674

-0.0138188
0.826933
0.56213
-0.276149
0.136524

0.0138188
-0.826933
-0.56213
0.321489
0.038601

0.674757
-0.56749
0.471866
0.894566
0.000724681

-0.099488
-0.281733
-0.954321
-7.81472
15.661

0.099488
0.281733
0.954321
0.920048
0.0012912

0.252395
0.0687087
-0.965182
0.933943
0.00135532

0.169915
-0.203614
0.964194
0.960271
0.000120744

0.695804
-0.514833
0.500804
0.157369
0.060043

-0.695804
0.514833
-0.500804
-0.0789615
0.0983997

0.27414
-0.4966
0.82355
0.851799
0.00533064

-0.27414
0.4966
-0.82355
-8.82663
23.1697

0.132418
-0.77246
0.621104
0.378204
0.0498836

-0.132418
0.77246
-0.621104
-1.7559
0.979849

-0.57382
-0.0253765
0.818588
0.801965
0.00310617

0.389278
-0.159554
0.907196
0.904899
0.000584992

0.644758
0.172542
0.744658
0.870537
0.00118266

-0.644758
-0.172542
-0.744658
-1.222
0.345333

0.426602
0.0227167
-0.904154
-13.4437
64.5173

-0.426602
-0.0227167
0.904154
0.930345
0.00153518

0.273673
0.869161
0.4119
-0.993125
0.25346

-0.273673
-0.869161
-0.4119
0.875429
0.00100222

0.418334
0.24541
0.874512
0.0688088
0.134402

-0.418334
-0.24541
-0.874512
-1.89988
1.30056

0.0158489
-0.503762
0.863697
0.889827
0.000613884

-0.890265
0.304097
-0.339048
-2.03212
0.65666

0.890265
-0.304097
0.339048
0.964975
9.00563e-05

0.40569
0.415824
-0.813945
-1.86051
1.13676

-0.40569
-0.415824
0.813945
0.284873
0.0710715

0.873127
-0.350566
0.338753
0.0717084
0.118144

-0.873127
0.350566
-0.338753
-1.37641
0.774001

-0.727912
-0.685671
0
-1.01129
0.454085

0.727912
0.685671
0
0.275932
0.0588721

0.538123
0.482241
-0.691279
0.97356
0.000186852

-0.375454
0.187982
0.907578
0.897568
0.00198726

0.375454
-0.187982
-0.907578
-6.69379
10.9239

0.778991
0.414075
-0.470867
-1.02279
0.276646

-0.778991
-0.414075
0.470867
0.849545
0.00154943

-0.667389
-0.214971
0.713007
0.781501
0.00502914

0.351551
0.718451
-0.6002
-0.604688
0.121628

-0.351551
-0.718451
0.6002
0.933708
0.00043498

0.740837
0.631379
0.229175
-0.960449
0.185316

-0.740837
-0.631379
-0.229175
0.969074
4.78473e-05

-0.489847
-0.85214
0.184141
0.0921741
0.02402

0.489847
0.85214
-0.184141
0.942756
9.74776e-05

0.803037
-0.112859
0.585144
0.501375
0.0155399

-0.803037
0.112859
-0.585144
0.0463153
0.0566648

0.694142
-0.118916
-0.709948
0.879979
0.00145902

-0.838158
-0.421079
-0.346676
0.98057
9.42114e-05

-0.807945
-0.352954
-0.471857
-0.312494
0.118659

0.807945
0.352954
0.471857
0.60506
0.0113547

-0.182919
-0.338914
0.922864
0.509628
0.049483

0.182919
0.338914
-0.922864
-5.00707
7.42165

-0.4635
0.713847
0.524967
0.407022
0.0150377

-0.710458
0.314166
0.629721
0.109107
0.0554079

0.710458
-0.314166
-0.629721
0.302833
0.0339322

0.126707
0.045964
-0.990875
-2.6778
2.41429

-0.126707
-0.045964
0.990875
0.0805521
0.151307

-0.823677
0.306191
0.477287
0.810283
0.00647725

-0.746551
0.471883
0.469029
-4.35185
3.63216

0.746551
-0.471883
-0.469029
0.935131
0.000548904

0.164084
-0.412569
0.896026
0.938188
0.00282174

-0.164084
0.412569
-0.896026
-36.1024
1013.93

0.674398
-0.164763
0.71975
0.699089
0.0122453

-0.674398
0.164763
-0.71975
-3.04558
2.21317

-0.855589
-0.170027
0.488936
0.954356
8.57515e-05

0.855589
0.170027
-0.488936
-0.359897
0.0703833

-0.169575
0.305986
0.936812
0.951704
0.00060161

-0.0226754
0
-0.999743
-0.187623
0.153019

0.0226754
0
0.999743
-0.265476
0.173688

0.980277
0.197628
0
0.0226595
0.0809645

-0.980277
-0.197628
0
0.0697514
0.0733973

0.398997
-0.799365
-0.449239
0.400913
0.0279602

-0.398997
0.799365
0.449239
-0.229248
0.117557

0.0082913
-0.140949
0.989982
0.95708
0.00134295

-0.0082913
0.140949
-0.989982
-36.3507
1014.88

-0.559925
-0.266183
0.784621
-0.790926
1.02886

0.559925
0.266183
-0.784621
-5.29623
12.7103

0.849978
-0.476081
-0.225577
-0.458598
0.163489

-0.849978
0.476081
0.225577
0.54686
0.0157888

0.952125
0.305709
0
0.996658
1.12974e-06

0.173939
0.534922
0.826804
0.845145
0.00178551

-0.173939
-0.534922
-0.826804
-1.17764
0.341179

0.113739
0.278145
0.953781
0.955287
0.000124515

-0.160896
0.322043
0.932953
0.91371
0.000635009

-0.337456
-0.632446
0.697234
0.749577
0.00781214

0.591229
0.158929
-0.79069
-1.08279
0.392576

-0.591229
-0.158929
0.79069
0.621618
0.0130753

0.566117
-0.16244
0.808161
0.555509
0.0155901

-0.566117
0.16244
-0.808161
-0.518782
0.180549

0.475746
0.796395
0.37339
0.85861
0.00189883

-0.475746
-0.796395
-0.37339
-2.19008
0.960739

-0.508163
0.614262
0.603698
0.599667
0.0256916

-0.240862
0.469523
-0.849431
-1.71457
1.08769

0.240862
-0.469523
0.849431
0.0847905
0.123703

0.281244
-0.527317
0.801772
-1.29672
0.505864

-0.281244
0.527317
-0.801772
0.630396
0.0131403

-0.0399237
0.0813205
0.995888
0.981054
3.91525e-05

0.922265
-0.304742
-0.237824
0.673778
0.00361368

-0.922265
0.304742
0.237824
0.551875
0.00681758

0.217581
0.7831
0.582592
0.405009
0.00627141

-0.109023
-0.684063
-0.721229
0.912431
0.000435705

0.109023
0.684063
0.721229
-0.867222
0.195079

0.470977
0.861784
0.188439
0.0225369
0.0578631

-0.470977
-0.861784
-0.188439
0.546478
0.0124618

-0.342512
-0.619966
0.705923
0.796229
0.00218057

0.342512
0.619966
-0.705923
-0.250518
0.0820005

-0.793099
-0.00765063
-0.609045
-0.328608
0.0856273

-0.158346
-0.864948
-0.476227
0.662441
0.00571814

-0.482459
-0.272606
0.832418
-3.91127
3.49726

0.482459
0.272606
-0.832418
0.784077
0.00684743

-0.594544
0.71661
0.364675
0.848204
0.00041218

0.413851
0.909479
0.039691
-1.72298
0.562867

-0.413851
-0.909479
-0.039691
0.909984
0.000615202

-0.40603
-0.740343
0.535753
0.427487
0.0286596

0.778339
0.00627824
-0.627813
0.634906
0.00583732

0.0431275
0.144223
0.988605
0.967428
8.64282e-05

-0.0431275
-0.144223
-0.988605
-2.52293
1.00205

0.295994
0.771257
0.563516
0.609931
0.0364867

-0.295994
-0.771257
-0.563516
-6.89891
14.9323

-0.278424
0.73603
-0.617041
0.842472
0.00182465

0.278424
-0.73603
0.617041
-1.17324
0.340795

-0.359845
0.933012
0
0.902547
0.000903863

0.359845
-0.933012
0
-1.8326
0.636692

-0.174783
-0.577693
-0.797322
-0.0362325
0.0488966

0.174783
0.577693
0.797322
0.805419
0.00172657

0.957768
0.287542
0
0.84799
0.00388204

-0.0968112
-0.985409
-0.139989
0.224896
0.103189

-0.701612
-0.331617
0.630691
0.832474
0.001596

0.701612
0.331617
-0.630691
-0.482069
0.122079

0.574108
0.81878
0
0.80001
0.00280907

-0.574108
-0.81878
0
-0.00820589
0.0486629

0.262566
0.957107
-0.122494
0.0405872
0.0479568

0.89917
0.230612
-0.371904
0.599528
0.0174126

-0.89917
-0.230612
0.371904
-1.64801
0.760045

-0.102623
-0.492263
0.864376
0.859943
0.00108361

-0.336896
0.62705
0.70236
0.708734
0.0251808

0.336896
-0.62705
-0.70236
-10.0761
36.29

0.594325
0.643083
-0.482931
-0.830732
0.325549

-0.594325
-0.643083
0.482931
0.420747
0.032648

-0.768849
0.330191
0.547581
0.324041
0.0417581

0.768849
-0.330191
-0.547581
-0.488372
0.202416

-0.401864
0.730214
0.552533
0.65593
0.00856904

0.401864
-0.730214
-0.552533
-0.542964
0.17132

0.423418
-0.846311
-0.323226
-0.409891
0.16909

-0.423418
0.846311
0.323226
0.385853
0.0321064

-0.494114
-0.0855426
-0.865178
-1.77507
0.704076

0.494114
0.0855426
0.865178
0.805032
0.00347764

-0.898852
-0.438253
0
0.169901
0.0377554

0.898852
0.438253
0
0.697
0.00727135

0.37262
0.883584
-0.283609
0.21493
0.0328644

-0.00517891
0.00796208
0.999955
0.999067
6.62326e-07

0.272859
0.398703
-0.875548
-7.32261
15.3259

-0.272859
-0.398703
0.875548
0.786942
0.0100683

-0.999517
0.0310724
0
-0.0420425
0.172974

0.999517
-0.0310724
0
-1.82685
1.27264

-0.253258
0.793171
0.553842
0.639937
0.0394228

-0.587063
-0.00696687
0.809511
0.802487
0.0026419

0.587063
0.00696687
-0.809511
-0.814842
0.221559

-0.732886
-0.471739
0.490245
0.161348
0.0546053

0.732886
0.471739
-0.490245
0.0815234
0.065482

0.875629
0.0719977
0.477588
0.373231
0.0293289

-0.875629
-0.0719977
-0.477588
-0.100374
0.0902825

0.480246
-0.538982
0.691999
-0.203507
0.121931

-0.480246
0.538982
-0.691999
0.262881
0.0457419

0.0993328
0.95693
0.272798
-0.714647
0.284613

-0.0993328
-0.95693
-0.272798
0.364705
0.0390895

0.746516
-0.128865
-0.65277
0.478377
0.0233127

-0.0492676
0.396742
0.916607
0.895373
0.000371834

-0.141224
0.90379
0.404003
0.152952
0.0505359

0.141224
-0.90379
-0.404003
0.251549
0.0394645

0.892237
0.451567
0
0.53243
0.0141253

-0.892237
-0.451567
0
0.768989
0.00593423

-0.354473
-0.0095721
0.935017
0.94746
0.000615245

-0.0213438
-0.975442
-0.219219
-0.968696
0.893887

0.0213438
0.975442
0.219219
-2.3666
2.61395

-0.265584
-0.744231
-0.612851
0.827983
0.000629797

-0.720337
0.14976
0.677264
0.901306
0.000580932

0.720337
-0.14976
-0.677264
-0.84488
0.193823

0.879196
-0.217115
0.424118
-0.516465
0.220525

-0.879196
0.217115
-0.424118
0.261864
0.0522893

0.93017
-0.162698
0.32911
0.29439
0.0240911

-0.93017
0.162698
-0.32911
0.586593
0.00827085

0.542637
0.127544
-0.830228
-5.49744
7.75852

-0.542637
-0.127544
0.830228
0.768692
0.00984322

-0.458431
-0.376266
-0.805149
-0.1626
0.0640112

0.458431
0.376266
0.805149
0.828568
0.00144984

-0.610327
-0.735789
-0.293453
0.448332
0.0201189

0.610327
0.735789
0.293453
0.0192511
0.0635461

0.0043181
0.904487
-0.42648
-17.2051
126.329

-0.0043181
-0.904487
0.42648
0.933131
0.0017045

-0.50485
-0.0798803
0.859503
-0.118559
0.17431

0.50485
0.0798803
-0.859503
-1.13312
0.633703

-0.273412
0.635201
0.722333
0.528837
0.00811871

0.273412
-0.635201
-0.722333
0.6493
0.00452663

0.459885
-0.134791
0.877689
0.2219
0.063569

-0.459885
0.134791
-0.877689
-0.707773
0.306182

-0.43439
0.371161
0.820698
0.722488
0.0116187

0.43439
-0.371161
-0.820698
-3.78832
3.45106

0.697615
-0.672228
-0.247876
-0.0248191
0.0744744

-0.697615
0.672228
0.247876
0.387819
0.0265914

0.694396
-0.243499
0.677143
-0.796519
0.204853

-0.694396
0.243499
-0.677143
0.835333
0.00176305

0.578332
0.136453
-0.804309
-3.32728
2.2978

-0.578332
-0.136453
0.804309
0.843993
0.00298894

0.231111
0.510016
-0.828536
-1.25541
0.415713

-0.231111
-0.510016
0.828536
0.773253
0.00422318

0.875206
0.0473064
-0.481431
0.964591
4.87582e-05

-0.875206
-0.0473064
0.481431
-0.29985
0.0591161

0.392092
0.727025
0.563648
0.975553
8.75595e-05

0.975483
-0.10852
-0.191461
-0.419193
0.0893351

0.0213741
0.653909
-0.756271
-2.21807
1.24189

-0.0213741
-0.653909
0.756271
0.642436
0.0154434

-0.0912905
0.408085
0.908368
0.016701
0.12584

0.0912905
-0.408085
-0.908368
-1.08037
0.562116

0.453356
0.132867
0.881371
0.819595
0.00174225

-0.600208
0.425436
0.677314
0.913556
0.000451389

0.600208
-0.425436
-0.677314
-0.931774
0.213835

0.656152
0.188576
-0.730687
0.940406
0.000333433

-0.656152
-0.188576
0.730687
-2.81401
1.3626

0.883535
-0.279816
-0.375592
0.0483892
0.0914399

-0.883535
0.279816
0.375592
-0.355617
0.185513

-0.278615
0.160677
0.946867
0.964936
0.000308829

0.278615
-0.160677
-0.946867
-11.2178
37.4797

0.171081
-0.312967
0.934229
0.869785
0.00358005

-0.171081
0.312967
-0.934229
-7.59623
15.5274

-0.174779
0.873782
0.453824
0.602434
0.0224783

0.174779
-0.873782
-0.453824
-2.90321
2.16231

0.498413
0.558909
-0.662725
0.310876
0.0300057

-0.498413
-0.558909
0.662725
0.257888
0.0347965

0.115987
-0.94685
0.300037
0.0319293
0.0930524

-0.115987
0.94685
-0.300037
-0.294223
0.166291

0.106616
-0.442107
0.890604
0.853006
0.00102363

-0.507961
0.494095
0.705582
-1.90153
0.577658

0.507961
-0.494095
-0.705582
0.965469
8.44157e-05

-0.14655
-0.989203
0
0.872927
0.00296565

0.724662
-0.0550381
0.686903
0.659804
0.00779017

-0.724662
0.0550381
-0.686903
-0.397814
0.131379

0.181964
-0.939882
0.288981
-0.589744
0.154048

-0.181964
0.939882
-0.288981
0.805797
0.00230759
