
0.539006
0.224378
0.811866
0.846293
0.00103622

-0.539006
-0.224378
-0.811866
-0.0102013
0.0424863

-0.932541
-0.361064
0
0.903323
0.00279841

0.238347
-0.254289
0.937298
0.715079
0.0115424

-0.238347
0.254289
-0.937298
-3.39737
2.74557

0.701717
0.140396
-0.698486
0.732075
0.00184387

-0.0171979
0.771839
0.635585
0.402061
0.116533

0.0171979
-0.771839
-0.635585
-9.38087
35.1194

0.763369
-0.20288
0.613277
0.650752
0.032326

-0.763369
0.20288
-0.613277
-8.23727
22.5595

-0.687602
-0.447061
0.572137
0.731936
0.00863406

0.687602
0.447061
-0.572137
-2.56551
1.51871

0.845768
0.0730359
0.528528
0.677197
0.00886238

-0.845768
-0.0730359
-0.528528
-1.04753
0.356095

0.449825
-0.258203
-0.854979
-7.88953
15.6867

-0.449825
0.258203
0.854979
0.93422
0.000888169

0.83693
0.270166
-0.475982
0.284109
0.0214422

0.446573
0.737546
0.506556
0.219073
0.0486284

-0.446573
-0.737546
-0.506556
-0.0327779
0.0849995

-0.576112
-0.764269
-0.289807
0.827356
0.00297268

-0.285835
0.717801
0.634871
0.643537
0.0177604

0.285835
-0.717801
-0.634871
-2.9607
2.18276

-0.889156
0.301384
0.34434
-0.294223
0.166299

0.889156
-0.301384
-0.34434
0.0319293
0.0930611

0.125685
0.138848
-0.982306
-1.82104
0.710293

-0.125685
-0.138848
0.982306
0.831434
0.00262971

0.275201
0.613625
-0.740087
-23.4356
299.819

-0.275201
-0.613625
0.740087
0.929873
0.00247524

0.148437
0.988922
0
0.276581
0.0652574

-0.148437
-0.988922
0
-1.36875
0.695239

-0.544941
-0.718904
-0.431529
0.779313
0.00413008

0.544941
0.718904
0.431529
-1.36665
0.470332

-0.856002
-0.381231
-0.349176
-15.6452
122.623

0.856002
0.381231
0.349176
0.573883
0.0803929

0.21739
-0.696185
-0.684154
-0.548545
0.104792

-0.21739
0.696185
0.684154
0.945559
0.000131191

-0.474954
0.771642
0.42307
0.977157
3.25289e-05

-0.500594
0.210946
0.839588
0.713088
0.00534992

-0.352076
0.367645
0.860744
0.877406
0.000365916

0.121762
-0.557215
0.821392
0.834
0.00284486

0.742241
-0.670133
0
-0.117219
0.163146

-0.742241
0.670133
0
-0.900754
0.471572

-0.302911
-0.427401
-0.851806
0.71749
0.00397551

0.302911
0.427401
0.851806
0.0354621
0.0462427

-0.152456
0.350747
-0.923977
-13.2765
64.363

0.152456
-0.350747
0.923977
0.904081
0.00291781

-0.785546
0.0063418
0.618771
-0.212612
0.297323

0.785546
-0.0063418
-0.618771
-2.79567
2.91125

0.163569
-0.967373
-0.193479
0.460811
0.0167863

-0.163569
0.967373
0.193479
0.218768
0.0352318

-0.588467
-0.430053
0.684661
0.604942
0.0191779

0.588467
0.430053
-0.684661
-2.17143
1.22952

0.764337
-0.434695
-0.476267
-0.345741
0.107386

-0.478932
-0.840492
-0.253371
0.27832
0.0338507

0.478932
0.840492
0.253371
0.250293
0.0365298

0.92005
0.391802
0
0.782056
0.0113476

-0.92005
-0.391802
0
-1.48251
0.511814

-0.650849
0.0441015
-0.757925
-0.0431002
0.0859178

0.650849
-0.0441015
0.757925
0.244473
0.0451478

0.770481
0.341489
0.53828
0.709392
0.00244824

-0.770481
-0.341489
-0.53828
0.631462
0.00393707

-0.239375
-0.461458
0.854258
0.932403
0.0010301

0.285516
-0.611702
-0.737768
-0.367683
0.20011

-0.285516
0.611702
0.737768
-0.064806
0.121372

0.0125565
0.637243
0.770561
-3.04662
1.61608

-0.0125565
-0.637243
-0.770561
0.939075
0.000404953

-0.981624
0.190827
0
0.297874
0.0305679

0.981624
-0.190827
0
0.297874
0.0305679

-0.503483
-0.656123
-0.562146
0.239365
0.0620642

0.503483
0.656123
0.562146
-0.800323
0.347569

0.788887
-0.52071
-0.326373
0.662494
0.00682357

-0.788887
0.52071
0.326373
-0.168217
0.0817048

-0.168623
0.766778
-0.619368
0.257888
0.0348983

0.168623
-0.766778
0.619368
0.310876
0.0301042

0.369708
0.376959
0.849245
0.291665
0.0500491

-0.369708
-0.376959
-0.849245
-0.670547
0.278129

-0.674557
-0.12878
0.726903
-1.51594
0.538454

0.674557
0.12878
-0.726903
0.804058
0.00332437

-0.0692977
-0.846319
0.52815
0.662101
0.0166782

0.437009
-0.756916
-0.485903
0.608348
0.0552616

-0.437009
0.756916
0.485903
-12.1752
62.4744

0.696923
-0.696811
-0.169566
-0.313062
0.105399

-0.674708
-0.569975
-0.468932
0.918083
0.000153823

0.674708
0.569975
0.468932
0.434996
0.00728963

0.78739
0.616455
0
0.0136169
0.0432991

-0.659508
0.349146
-0.665692
0.732523
0.00568317

-0.42637
0.0524672
0.903026
-0.504922
0.191186

0.42637
-0.0524672
-0.903026
0.451392
0.0254178

-0.223557
-0.310857
-0.923791
0.291556
0.0322326

0.223557
0.310857
0.923791
0.264571
0.0347202

0.552314
-0.256356
-0.793241
-1.55226
0.543139

-0.552314
0.256356
0.793241
0.82631
0.0025778

-0.330924
-0.808594
-0.486482
-0.980355
0.377217

0.330924
0.808594
0.486482
0.504911
0.0236299

-0.125122
-0.88828
-0.441931
0.452799
0.0478248

0.125122
0.88828
0.441931
-3.03143
2.59277

0.379447
0.590537
-0.712241
-4.85105
5.79841

-0.379447
-0.590537
0.712241
0.765958
0.00934726

0.912485
0.409109
0
0.187199
0.0531744

-0.912485
-0.409109
0
0.151477
0.0575861

-0.48753
0.731334
0.476934
0.221433
0.0293596

0.48753
-0.731334
-0.476934
0.638554
0.00637543

-0.394073
0.559034
0.729512
0.659264
0.035104

-0.471504
-0.655661
0.589739
0.56535
0.0306486

-0.0271961
0.669496
0.742317
0.768692
0.00990266

0.0271961
-0.669496
-0.742317
-5.49744
7.75427

0.582622
-0.282423
-0.762095
-1.57446
1.50653

-0.582622
0.282423
0.762095
-1.57446
1.50653

-0.0648114
0.519774
-0.851842
-1.26181
0.380959

0.0648114
-0.519774
0.851842
0.841518
0.00187171

-0.76679
-0.447785
0.459915
-1.99014
0.822567

0.76679
0.447785
-0.459915
0.841859
0.00233514

0.797806
-0.123096
0.590215
0.58756
0.00297938

-0.797806
0.123096
-0.590215
0.931352
8.55913e-05

0.65076
0.182944
0.736915
-0.114485
0.134751

-0.65076
-0.182944
-0.736915
-0.348528
0.197266

0.0731546
0.655927
0.751271
0.863612
0.00295399

0.161888
-0.927462
-0.337057
-0.0961291
0.0318842

-0.161888
0.927462
0.337057
0.984628
7.32494e-06

0.28074
0.138013
0.949809
0.841572
0.0044271

-0.28074
-0.138013
-0.949809
-5.69359
7.8645

0.625676
0.469543
0.622943
0.547697
0.0107359

-0.582362
-0.269747
-0.766871
-4.28341
4.43057

0.582362
0.269747
0.766871
0.748492
0.0101263

-0.680333
0.429158
0.594113
-0.966322
0.271708

0.680333
-0.429158
-0.594113
0.811916
0.00252275

0.0316996
-0.949727
-0.31147
-0.834743
0.353473

-0.0316996
0.949727
0.31147
0.296894
0.0519353

0.736331
0.436447
-0.51704
-0.911342
0.212605

-0.736331
-0.436447
0.51704
0.903677
0.000554933

0.91175
-0.241231
0.332445
0.475493
0.0210492

-0.91175
0.241231
-0.332445
-0.314911
0.132256

0.0138552
-0.411845
-0.911148
-13.1595
64.216

-0.0138552
0.411845
0.911148
0.882979
0.00440082

-0.5919
0.470039
-0.654766
0.517849
0.00953794

0.18768
0.381573
-0.905085
-17.6063
126.728

-0.18768
-0.381573
0.905085
0.973505
0.000270249

0.288465
0.0904711
-0.953207
-8.02115
15.7421

-0.288465
-0.0904711
0.953207
0.955575
0.000406374

-0.0477928
0.00412963
0.998849
0.995337
1.51785e-05

-0.932286
-0.101149
-0.347292
-14.0104
64.984

0.932286
0.101149
0.347292
0.987315
4.73421e-05

0.00204445
-0.749335
-0.662188
-3.06112
2.21832

-0.00204445
0.749335
0.662188
0.708626
0.0114237

0.483274
0.526096
0.699764
0.693764
0.00433088

-0.466594
-0.483717
0.740478
0.879721
0.00090883

0.466594
0.483717
-0.740478
-0.866592
0.209776

-0.609153
0.771143
0.185123
0.329052
0.106765

0.609153
-0.771143
-0.185123
-5.49413
10.001

-0.708398
-0.138504
-0.69209
-0.653448
0.158245

0.708398
0.138504
0.69209
0.853639
0.00127907

0.50338
-0.647804
-0.571803
-0.953827
0.316799

-0.50338
0.647804
0.571803
0.668728
0.00916225

-0.6528
0.0515412
0.755775
0.69513
0.00278837

-0.710559
-0.536969
0.454721
0.564323
0.0353985

0.710559
0.536969
-0.454721
-4.47658
5.58536

-0.109167
-0.050304
0.99275
0.992187
4.28711e-05

0.470743
-0.763083
0.442839
0.241343
0.0342928

-0.470743
0.763083
-0.442839
0.405471
0.0210755

-0.618127
-0.786078
0
0.890727
0.00457057

0.207447
-0.652856
-0.728522
-9.01178
34.3496

-0.207447
0.652856
0.728522
0.182713
0.229146

0.304865
0.0851202
0.948584
0.953019
0.000117667

0.325104
-0.0474602
-0.944487
-7.10955
15.1299

-0.325104
0.0474602
0.944487
0.705777
0.0200706

0.298861
-0.0717248
0.951598
0.925658
0.0017568

0.931551
0.322098
0.168719
0.821949
0.0015064

-0.931551
-0.322098
-0.168719
-0.101764
0.0560644

0.476433
0.247856
0.843552
0.875116
0.000972169

-0.476433
-0.247856
-0.843552
-0.797759
0.190964

0.986664
-0.162769
0
-1.43044
0.435108

-0.986664
0.162769
0
0.879979
0.00106359

0.838006
-0.0137053
0.545488
0.960534
0.000400376

0.0514066
0.466036
0.883271
0.756389
0.00486891

-0.0514066
-0.466036
-0.883271
-1.13871
0.367317

0.561297
-0.543202
-0.624401
0.31685
0.0641734

-0.561297
0.543202
0.624401
-1.88651
1.14514

-0.932351
-0.0472097
-0.35846
-0.147427
0.147529

0.932351
0.0472097
0.35846
-0.397106
0.218696

0.098186
-0.300139
-0.948829
-11.2494
37.463

-0.098186
0.300139
0.948829
0.968329
0.000267846

-0.920359
0.112159
-0.374645
-0.173651
0.0957414

0.920359
-0.112159
0.374645
0.511488
0.0166117

0.220836
-0.464124
0.8578
0.890895
0.000487215

0.452945
-0.518933
-0.724948
-0.573613
0.163127

-0.452945
0.518933
0.724948
0.745319
0.00434162

-0.983276
-0.134882
-0.122369
-0.0284399
0.0553628

-0.755699
-0.137945
0.640226
-0.414092
0.0755607

-0.478646
0.597805
0.64306
0.935781
0.00108585

0.478646
-0.597805
-0.64306
-10.9946
37.3163

-0.0438731
-0.0501385
0.997778
0.929645
0.000890793

0.388391
-0.800422
0.456594
0.897455
0.000692754

-0.388391
0.800422
-0.456594
-1.18941
0.314374

0.0143062
-0.326494
-0.945091
0.750979
0.00512085

-0.396009
0.748876
-0.531377
-3.03143
2.59255

0.396009
-0.748876
0.531377
0.452799
0.047846

0.983066
-0.0244941
-0.181606
0.474776
0.0145245

-0.983066
0.0244941
0.181606
0.327979
0.0237744

0.132874
-0.546893
0.826591
0.687943
0.0187603

-0.132874
0.546893
-0.826591
-5.31912
7.64191

0.493302
-0.61469
-0.615475
-2.53634
2.33758

-0.493302
0.61469
0.615475
-0.108997
0.230066

-0.916654
-0.399682
0
0.444852
0.0221738

0.916654
0.399682
0
0.278086
0.0348551

-0.0124836
0.186958
0.982289
0.98357
2.7166e-05

-0.300233
-0.721335
0.624128
0.613831
0.0295142

0.300233
0.721335
-0.624128
-5.1787
7.55008

0.205491
-0.831061
-0.516829
0.760819
0.00544888

-0.205491
0.831061
0.516829
-1.70611
0.692932

0.0151375
-0.950951
-0.30897
0.828051
0.00828039

0.0906463
-0.425782
0.900274
0.731827
0.006479

-0.0906463
0.425782
-0.900274
-1.41355
0.524196

0.440304
-0.346206
0.828417
0.651376
0.0109299

-0.440304
0.346206
-0.828417
-1.11238
0.396785

0.683534
0.529813
-0.502075
-22.8138
298.058

-0.683534
-0.529813
0.502075
0.843445
0.0129058

-0.109953
0.3086
-0.944816
-2.5275
2.72793

0.109953
-0.3086
0.944816
-0.651386
0.598334

-0.220215
-0.428091
0.876495
-0.23675
0.125106

0.220215
0.428091
-0.876495
0.332435
0.0364663

0.885902
0.39769
-0.238788
0.14941
0.0532114

-0.885902
-0.39769
0.238788
0.193204
0.0478967

0.266845
-0.858383
-0.438146
-0.959365
0.373996

-0.266845
0.858383
0.438146
0.478167
0.0272577

-0.750905
0.266523
0.604241
0.445261
0.0267605

0.750905
-0.266523
-0.604241
-0.560879
0.21123

-0.393901
-0.258853
0.881951
0.945058
0.000180347

0.393901
0.258853
-0.881951
-0.884869
0.182345

0.590786
0.665257
0.456515
0.481798
0.0278045

-0.590786
-0.665257
-0.456515
-1.16007
0.482243

0.0717604
-0.435405
-0.89737
-23.5744
300.138

-0.0717604
0.435405
0.89737
0.944276
0.00154437

-0.50118
0.724184
-0.473683
-0.17328
0.0820604

0.50118
-0.724184
0.473683
0.669349
0.00654995

0.370816
-0.740928
0.55993
0.64949
0.00510127

0.614448
-0.0360567
0.788133
0.227663
0.0282067

-0.614448
0.0360567
-0.788133
0.656739
0.00564426

-0.887154
0.0115908
0.461327
0.413979
0.0317732

0.887154
-0.0115908
-0.461327
-0.673058
0.258569

0.373764
-0.891263
0.256809
0.241029
0.0233258

-0.373764
0.891263
-0.256809
0.757241
0.00239817

0.16069
0.921807
0.352777
-0.574961
0.331849

-0.16069
-0.921807
-0.352777
-0.456145
0.283676

0.266544
0.656234
0.705912
0.737484
0.00530955

0.39691
0.822786
-0.4068
0.986955
1.96771e-05

-0.493358
0.626737
0.603157
-0.225342
0.157681

0.493358
-0.626737
-0.603157
-0.152207
0.139435

0.573947
0.762324
-0.299076
-0.953747
0.483764

-0.573947
-0.762324
0.299076
-0.00930262
0.129111

-0.0224712
0.678712
-0.73406
-6.6754
19.9891

0.0224712
-0.678712
0.73406
-0.46913
0.732729

0.00307505
0.243675
0.969852
0.634012
0.00952861

-0.00307505
-0.243675
-0.969852
-0.423572
0.141793

-0.510559
-0.353686
0.783732
0.113943
0.0427963

0.105487
0.294555
-0.949795
-0.682904
0.159973

-0.105487
-0.294555
0.949795
0.872907
0.000928602

-0.11584
-0.835643
0.536919
0.369521
0.0653066

0.256789
0.966467
0
-0.379173
0.231676

-0.256789
-0.966467
0
-0.379173
0.231676

-0.562368
0.292525
0.773415
-0.866592
0.20978

0.562368
-0.292525
-0.773415
0.879721
0.000912282

-0.843951
-0.121431
0.522495
0.499701
0.00722635
