
-0.713652
0
-0.7005
-1.13871
0.367377

0.713652
0
0.7005
0.756389
0.00478276

0.435058
0.155965
0.886792
0.928205
0.000519108

-0.435058
-0.155965
-0.886792
-3.0068
1.61263

-0.491652
0.216529
-0.843442
-0.270872
0.100405

0.729973
0.0795922
-0.678826
-11.0328
37.3555

-0.729973
-0.0795922
0.678826
0.94143
0.00088916

0.254724
-0.0968294
0.962154
0.944275
0.000108118

-0.684728
0.715439
-0.138903
-1.33216
0.465845

0.684728
-0.715439
0.138903
0.754157
0.00517915

-0.0851306
-0.124193
-0.988599
-0.813908
0.16674

0.0851306
0.124193
0.988599
0.939426
0.000194705

-0.15238
-0.292532
0.944037
0.960806
0.000356013

0.469946
0.592118
-0.654636
-0.316694
0.0716564

0.0185698
0.508136
-0.861077
-1.69219
0.62134

-0.0185698
-0.508136
0.861077
0.835338
0.00233216

0.381009
0.0521544
-0.923099
-6.97523
15.0018

-0.381009
-0.0521544
0.923099
0.646529
0.0296453

-0.626098
-0.305066
-0.717591
0.690414
0.0107972

0.865575
0.352114
0.356084
-0.22528
0.167932

-0.865575
-0.352114
-0.356084
-0.308336
0.191463

0.0081687
-0.759683
0.650243
0.742659
0.0227984

-0.284566
-0.958656
0
0.534408
0.0167748

0.284566
0.958656
0
-0.449949
0.162653

-0.505157
-0.75757
0.413406
-1.56491
1.16472

0.505157
0.75757
-0.413406
-0.525765
0.412263

0.00669507
0.435389
-0.900217
-6.84597
10.9931

-0.00669507
-0.435389
0.900217
0.931041
0.000883116

0.688351
-0.160979
0.707289
-16.276
124.426

-0.688351
0.160979
-0.707289
0.760885
0.0239086

-0.809497
0.461123
0.363429
0.909858
0.00255613

0.48195
0.876199
0
0.38437
0.0225297

-0.48195
-0.876199
0
0.267347
0.0319029

-0.377531
0.0580499
0.924176
0.779332
0.00280024

-0.46946
-0.0287183
-0.882487
-10.415
36.7578

0.46946
0.0287183
0.882487
0.813969
0.00976609

0.383963
0.923348
0
-4.18236
5.38436

-0.383963
-0.923348
0
0.34749
0.0853622

0.768182
0.105566
-0.631469
0.476059
0.0305091

-0.768182
-0.105566
0.631469
-1.3913
0.633442

-0.426729
-0.283277
-0.858869
0.268619
0.0861659

0.426729
0.283277
0.858869
-2.53988
2.01234

-0.319223
-0.757287
-0.569748
-0.118645
0.0788088

0.319223
0.757287
0.569748
0.58969
0.0106543

-0.097012
-0.833545
0.543867
-0.0364697
0.11143

0.097012
0.833545
-0.543867
-0.321201
0.180997

-0.192276
-0.193382
0.962099
0.622789
0.0123189

0.192276
0.193382
-0.962099
-0.909622
0.31132

-0.648733
-0.0854972
-0.756198
-0.457114
0.0905088

0.648733
0.0854972
0.756198
0.938973
0.000163881

-0.766234
-0.356671
-0.534482
0.970092
4.16314e-05

0.983899
-0.112954
-0.138507
0.762447
0.00497051

-0.983899
0.112954
0.138507
-1.45448
0.530161

-0.276256
-0.657459
0.701021
0.104349
0.0469445

0.276256
0.657459
-0.701021
0.529693
0.0129467

0.386889
0.0885624
0.917864
0.882949
0.000509008

0.704038
0.113557
-0.701025
0.80834
0.00219735

-0.2166
0.0245208
0.975952
0.678193
0.0171085

0.573689
0.784481
-0.235522
-0.349074
0.0822326

-0.573689
-0.784481
0.235522
0.900034
0.000502514

0.0809374
0.612463
-0.786344
-7.36699
15.3643

-0.0809374
-0.612463
0.786344
0.801964
0.00860923

-0.492494
-0.870316
0
-0.462762
0.175006

0.492494
0.870316
0
0.473406
0.0229635

0.467668
0.662475
0.585161
-0.133897
0.109014

-0.467668
-0.662475
-0.585161
0.19819
0.0545595

-0.321085
-0.709665
-0.62712
0.634118
0.00452659

0.321085
0.709665
0.62712
0.612059
0.00508321

0.0729141
0.612381
0.787193
-0.755319
0.436935

-0.0729141
-0.612381
-0.787193
-0.463314
0.303818

0.638644
0.166125
-0.751357
0.339884
0.0652442

-0.638644
-0.166125
0.751357
-2.34186
1.66747

-0.211978
0.977274
0
0.930686
0.000459534

-0.537924
0.448389
-0.713853
-0.338882
0.142758

0.537924
-0.448389
0.713853
0.43754
0.0252959

0.332256
-0.662281
-0.671558
0.740105
0.00330189

0.981814
0.0568745
0.181128
-3.64002
4.07752

-0.981814
-0.0568745
-0.181128
0.304725
0.0915645

0.489598
0.679507
0.546411
0.808258
0.00187768

-0.489598
-0.679507
-0.546411
-0.230562
0.0770335

-0.449837
-0.877181
0.16793
0.986087
1.31982e-05

0.180196
0.943942
-0.276592
-1.4996
0.401024

0.733996
0.339091
0.588444
-0.551569
0.259877

-0.733996
-0.339091
-0.588444
0.0613947
0.0951813

-0.109863
0.428196
0.896983
0.928434
0.00159608

0.147657
-0.642403
-0.752008
-13.1806
64.2246

-0.147657
0.642403
0.752008
0.886953
0.00412043

-0.581766
-0.28684
-0.761099
-1.05998
0.203572

-0.680343
0.143343
-0.718739
0.708626
0.0114392

0.680343
-0.143343
0.718739
-3.06112
2.21806

0.108144
0.765774
-0.633952
-1.05108
0.387965

-0.108144
-0.765774
0.633952
0.587833
0.0156868

-0.237761
-0.860469
0.450625
0.182711
0.22905

0.908621
0.417623
0
-0.47286
0.10201

0.26618
-0.68686
0.676292
-0.691744
0.210609

-0.26618
0.68686
-0.676292
0.692027
0.00705018

-0.911626
-0.0798127
-0.403196
-0.449483
0.152794

0.911626
0.0798127
0.403196
0.604451
0.011407

-0.537724
-0.417417
0.732541
0.857173
0.00193898

0.537724
0.417417
-0.732541
-0.768939
0.19008

0.364841
0.704096
0.609212
-0.471117
0.435805

-0.364841
-0.704096
-0.609212
-2.31002
2.20604

-0.30322
-0.324215
0.89607
0.933521
0.000155913

-0.289718
0.864607
-0.41051
-1.57446
0.744093

0.289718
-0.864607
0.41051
0.527141
0.0251425

0.667892
0.744258
0
0.602536
0.0207355

-0.488827
0.251826
-0.835244
0.823782
0.00765231

0.488827
-0.251826
0.835244
-8.72436
23.0779

-0.188307
-0.05575
0.980527
0.747873
0.00224843

0.868882
0.495018
0
0.719716
0.0153858

0.636222
0.516959
0.572691
0.976988
5.57402e-05

-0.636222
-0.516959
-0.572691
-3.81601
2.39103

-0.341972
0.354805
0.870154
0.733609
0.00590573

0.341972
-0.354805
-0.870154
-1.11067
0.36397

-0.201515
0.672769
-0.711881
-1.15565
0.580415

0.201515
-0.672769
0.711881
0.148302
0.090623

-0.336316
0
0.941749
0.834173
0.00413766

-0.839737
0.0676816
-0.538759
-1.11238
0.396814

0.839737
-0.0676816
0.538759
0.651376
0.01086

0.251405
0.932439
-0.259525
0.953618
0.000549692

0.139018
0.328599
0.934182
0.873363
0.00101273

-0.139018
-0.328599
-0.934182
-0.794833
0.190795

0.302287
-0.139268
-0.942988
0.610445
0.0152619

0.410535
-0.375742
-0.830831
-16.3776
124.664

-0.410535
0.375742
0.830831
0.785462
0.0190903

-0.459593
0.39075
0.797552
0.380539
0.023463

0.459593
-0.39075
-0.797552
0.232348
0.0360138

0.132489
-0.561583
0.816744
0.837403
0.00156529

0.112034
-0.382487
0.917144
0.88925
0.00117337

-0.333967
0.420541
0.84357
0.836724
0.00144602

-0.494015
0.477355
-0.726692
0.552268
0.0123976

0.494015
-0.477355
0.726692
-0.00739563
0.0623554

0.344244
0.586035
-0.733525
-2.74693
1.5632

-0.344244
-0.586035
0.733525
0.830802
0.00319346

-0.544504
-0.505881
0.669029
0.633451
0.00534735

0.544504
0.505881
-0.669029
0.456262
0.0117586

-0.3033
0.459579
-0.834743
-1.32282
0.68386

0.3033
-0.459579
0.834743
0.209595
0.0794064

0.67207
-0.433738
-0.600161
0.71603
0.00297546

-0.67207
0.433738
0.600161
0.416784
0.0125466

-0.738472
-0.0674261
-0.670905
0.261264
0.0220334

0.738472
0.0674261
0.670905
0.747989
0.002567

-0.844326
-0.432207
0.316719
0.22072
0.0496418

0.844326
0.432207
-0.316719
-0.0680436
0.0928534

-0.419559
0.312083
0.852393
-2.65541
1.54199

0.419559
-0.312083
-0.852393
0.784404
0.00536654

-0.474469
-0.815171
0.332227
-1.74051
0.778889

0.474469
0.815171
-0.332227
0.679438
0.0106909

-0.23016
-0.343194
0.910628
0.881822
0.00108293

-0.331367
0.198498
-0.922385
0.653746
0.0143052

0.331367
-0.198498
0.922385
-2.23277
1.2464

0.0314208
0.622672
-0.781852
0.637573
0.0026297

-0.0265344
-0.342184
0.939258
0.638356
0.0173509

0.506558
-0.211672
0.835819
0.56645
0.0165953

-0.506558
0.211672
-0.835819
-0.860278
0.304881

-0.434317
0.716234
0.546239
-0.746949
0.521414

0.434317
-0.716234
-0.546239
-1.1341
0.778107

0.238956
-0.0503227
0.969725
0.986542
7.25938e-06

-0.238956
0.0503227
-0.969725
-0.731117
0.116575

-0.305526
0.895376
-0.32397
0.715022
0.0036469

0.305526
-0.895376
0.32397
0.192484
0.029187

0.734922
-0.610119
0.296048
0.248541
0.0158868

-0.288535
0.336013
-0.896573
-17.2505
126.391

0.288535
-0.336013
0.896573
0.938667
0.00142864

0.652021
0.0133967
0.758083
0.62785
0.00296526

-0.652021
-0.0133967
-0.758083
0.856317
0.000443956

0.663668
-0.727308
0.174834
0.959135
6.70366e-05

-0.663668
0.727308
-0.174834
-0.471121
0.085915

-0.977182
0.0271233
0.210665
0.044246
0.0333307

0.977182
-0.0271233
-0.210665
0.885038
0.000484986

-0.570131
-0.216615
0.792482
0.542929
0.00678441

0.570131
0.216615
-0.792482
0.722852
0.00253637

0.631727
-0.400296
0.66384
0.825092
0.00200546

0.17603
-0.87447
0.452012
0.426987
0.0528911

-0.0206837
-0.28377
0.958669
0.556128
0.0171844

0.0206837
0.28377
-0.958669
-0.775489
0.271952

-0.380441
-0.238774
0.893449
0.773569
0.00867513

0.380441
0.238774
-0.893449
-4.86852
5.80934

-0.636077
0.279814
0.719104
0.711882
0.00267419

0.636077
-0.279814
-0.719104
0.547918
0.00658228

-0.82467
0.39265
-0.407118
-0.167365
0.100473

0.82467
-0.39265
0.407118
0.433813
0.0236646

0.0727402
0.98053
0.182397
0.372889
0.0229391

-0.0727402
-0.98053
-0.182397
0.30514
0.0281629

-0.712884
-0.46808
0.522203
0.921719
0.000718218

0.712884
0.46808
-0.522203
-2.17894
0.843382

0.0624734
-0.921238
0.383949
0.802229
0.00191887

-0.0624734
0.921238
-0.383949
-0.135212
0.062737

-0.676339
-0.736591
0
-1.41612
0.564096

0.676339
0.736591
0
0.632828
0.0218171

0.708459
-0.134521
0.692813
-0.291539
0.25076

-0.708459
0.134521
-0.692813
-1.18268
0.716134

0.226922
0.517807
-0.824853
-2.1772
1.08529

-0.226922
-0.517807
0.824853
0.751954
0.00663868

-0.938399
-0.345553
0
0.794292
0.0123957

0.938399
0.345553
0
-4.91792
5.49925

0.694517
-0.359982
0.622944
0.553654
0.0177526

-0.694517
0.359982
-0.622944
-0.849714
0.303498

0.12407
-0.707724
-0.695509
0.908055
0.00330699

-0.12407
0.707724
0.695509
-17.0212
126

0.125725
0.941351
0.313132
0.480974
0.00800816

-0.125725
-0.941351
-0.313132
0.802125
0.00117131

-0.865901
0.350092
0.357283
0.58304
0.028018

0.0913501
0.191921
-0.97715
-8.14942
15.8072

-0.0913501
-0.191921
0.97715
0.972149
0.000146602

-0.891344
-0.0659856
-0.4485
-0.205597
0.251581

0.891344
0.0659856
0.4485
-1.94338
1.49951

0.760468
0.54137
0.358618
0.635261
0.00800421

0.554311
0.124491
0.822947
0.874288
0.00114721

-0.206971
0.415422
0.885769
0.842728
0.00370104

-0.113487
-0.351584
-0.929252
0.674453
0.00705671

0.115003
0.139211
0.983562
0.254765
0.0672739

-0.115003
-0.139211
-0.983562
-1.2234
0.596205

-0.539611
-0.535756
-0.64945
0.322906
0.0266202

0.539611
0.535756
0.64945
0.367295
0.023255

-0.88866
0.280323
0.362909
0.467598
0.0151542

0.88866
-0.280323
-0.362909
0.31616
0.0249996

0.169083
-0.81003
-0.561483
0.636935
0.00593214

0.0595962
-0.484897
0.872538
0.927412
0.000480507

0.0133153
0.516338
0.856281
0.54686
0.0159353

-0.0133153
-0.516338
-0.856281
-0.458598
0.163654

-0.498551
-0.82833
0.25557
0.471094
0.0198771

-0.0902085
-0.227479
0.969596
0.904176
0.000730687

0.0902085
0.227479
-0.969596
-1.59107
0.495398

0.352725
0.697458
0.623808
0.238558
0.035711

-0.397218
-0.101487
-0.912096
-1.16979
0.530825

0.397218
0.101487
0.912096
0.349315
0.0479696

0.926621
-0.375996
0
0.173464
0.0205465

-0.926621
0.375996
0
0.950021
0.000328225

0.955513
-0.0915768
0.280373
-9.06799
23.3729

-0.955513
0.0915768
-0.280373
0.907425
0.00198053

-0.375101
0.0913034
-0.922476
0.822861
0.00190664

-0.0215014
-0.310413
-0.950359
0.687944
0.00916875

-0.585755
0.378217
0.716829
-0.932842
0.198501

0.585755
-0.378217
-0.716829
0.940633
0.000187771

0.6909
-0.56766
-0.447682
0.995664
1.48686e-06

-0.00930036
-0.125018
0.992111
0.989054
6.32859e-05

0.00930036
0.125018
-0.992111
-24.2192
300.935

-0.411802
0.357944
0.838031
0.77721
0.00440357

0.411802
-0.357944
-0.838031
-1.47543
0.532878

0.355717
0.934594
0
0.416076
0.0188232
