
0.479268
-0.740959
0.470406
0.432699
0.0129965

-0.479268
0.740959
-0.470406
0.644737
0.00512869

0.649683
-0.244188
0.71992
0.833233
0.0060033

-0.0374818
-0.638334
-0.768846
-1.3913
0.633387

0.0374818
0.638334
0.768846
0.476059
0.0305547

0.486179
0.173241
-0.856515
-1.1319
0.366517

-0.486179
-0.173241
0.856515
0.750978
0.00509958

-0.00184732
0.726283
0.687394
0.981004
1.7611e-05

0.00184732
-0.726283
-0.687394
-0.952779
0.171716

-0.717016
-0.180381
-0.673313
0.808895
0.00611317

-0.995122
0.0740724
-0.065159
-1.78717
0.613404

0.303207
-0.0177005
0.95276
0.969284
0.000161164

-0.303207
0.0177005
-0.95276
-7.08325
11.0875

0.855308
-0.00650834
-0.51808
0.555871
0.0399169

-0.855308
0.00650834
0.51808
-5.0801
7.47785

-0.0208292
0.197015
-0.980179
-0.626774
0.121505

0.0208292
-0.197015
0.980179
0.943164
0.000180591

-0.260154
-0.933408
-0.247123
0.835393
0.00892582

0.0792637
0.352327
-0.932514
-1.80505
0.56984

-0.0792637
-0.352327
0.932514
0.939188
0.000299516

-0.927388
0.283275
0.244347
0.586459
0.0186652

0.927388
-0.283275
-0.244347
-1.63409
0.757154

0.366912
0.0236477
0.929955
0.948516
0.000204768

-0.844336
-0.535814
0
0.712968
0.020077

0.844336
0.535814
0
-3.77085
3.23989

-0.565477
0.598886
-0.567072
0.0689105
0.063077

0.565477
-0.598886
0.567072
0.276234
0.0381244

-0.760101
-0.0947575
-0.642859
-2.02464
1.18767

0.760101
0.0947575
0.642859
0.469994
0.0365786

0.439267
-0.3637
0.821442
0.273093
0.080683

-0.439267
0.3637
-0.821442
-2.28245
1.64468

0.60258
-0.551287
-0.577045
-1.36073
0.469559

-0.60258
0.551287
0.577045
0.775117
0.00430251

0.0766776
0.567571
0.819746
-2.97552
1.37906

-0.0766776
-0.567571
-0.819746
0.975003
6.47461e-05

0.0961734
-0.0441641
0.994384
0.993493
1.20837e-05

0.366836
-0.796641
0.480411
0.681258
0.0156696

-0.366836
0.796641
-0.480411
-3.71513
3.41979

-0.268755
-0.414955
0.869243
0.871067
0.000834512

0.0846757
0.794859
-0.600857
0.588087
0.00963865

-0.0846757
-0.794859
0.600857
0.0731952
0.0485395

-0.767845
-0.640636
0
0.0387589
0.072193

0.767845
0.640636
0
0.198662
0.0502955

-0.511948
-0.448331
-0.732741
0.525591
0.014242

0.511948
0.448331
0.732741
-0.0205083
0.065894

0.0740235
-0.402083
0.912606
0.940852
0.000647633

0.0159541
-0.826803
-0.562265
-1.85616
0.800453

-0.0159541
0.826803
0.562265
0.763638
0.0055238

0.0457594
-0.495727
0.867272
0.870955
0.00454841

0.287151
-0.418405
-0.861674
-2.82657
1.17678

-0.287151
0.418405
0.861674
0.98515
2.44488e-05

0.526925
-0.192402
-0.827847
-2.02529
2.02818

-0.526925
0.192402
0.827847
-1.05174
0.933145

0.244537
-0.915158
0.320448
0.945324
0.000664981

-0.244537
0.915158
-0.320448
-9.28356
23.5102

0.968411
0.22273
0.112121
-16.8512
125.741

-0.968411
-0.22273
-0.112121
0.881042
0.00558472

-0.859169
-0.352939
0.370491
-1.22604
0.810547

0.859169
0.352939
-0.370491
-0.519094
0.37751

0.0337388
0.142667
0.989196
0.9854
3.17815e-05

0.746622
0.522412
-0.411875
-4.43311
4.49686

-0.746622
-0.522412
0.411875
0.814824
0.00524232

-0.389111
-0.190993
-0.901174
-10.7021
37.0736

0.389111
0.190993
0.901174
0.882979
0.00371097

-0.164614
-0.189247
0.968033
0.975472
0.000177498

-0.0504131
0.851737
-0.521539
-0.941067
0.341701

0.0504131
-0.851737
0.521539
0.564472
0.0172168

0.606419
-0.767356
0.208373
-1.51997
0.365356

-0.606419
0.767356
-0.208373
0.977451
2.94023e-05

0.355182
-0.307364
0.882821
-0.144209
0.205043

-0.355182
0.307364
-0.882821
-1.57446
1.03801

0.473387
0.566398
-0.67461
0.000173688
0.0540552

-0.473387
-0.566398
0.67461
0.667739
0.00597349

-0.230085
-0.4056
-0.884618
-2.89413
1.5933

0.230085
0.4056
0.884618
0.891829
0.00123143

-0.256363
-0.366238
-0.89451
0.625079
0.00465537

0.256363
0.366238
0.89451
0.625079
0.00465537

0.579
-0.158264
0.79982
0.683551
0.0129709

-0.190614
-0.666572
0.720658
0.75026
0.00415874

0.190614
0.666572
-0.720658
-0.578759
0.163522

0.0983681
0.956393
-0.275021
0.463254
0.0267331

-0.0983681
-0.956393
0.275021
-0.780703
0.294045

0.788082
-0.574575
0.220885
-0.0362051
0.0449131

-0.788082
0.574575
-0.220885
0.85015
0.000940238

-0.85741
0.419479
-0.298135
-0.591357
0.309709

0.85741
-0.419479
0.298135
-0.195287
0.174744

0.494433
0.226674
-0.83914
0.980426
7.19761e-05

-0.308652
0.318852
0.89614
0.791283
0.00377018

0.0822926
0.417418
-0.904981
0.964913
0.000105008

-0.0822926
-0.417418
0.904981
-2.70442
1.16844

-0.13099
0.270765
0.953692
0.346169
0.111159

-0.173039
-0.397738
-0.901034
0.493816
0.0217004

-0.60984
-0.792525
0
-12.8377
62.3678

0.60984
0.792525
0
0.812903
0.0145261

0.0121446
-0.776071
0.630529
0.614852
0.00551147

-0.703037
-0.688001
-0.179983
0.496494
0.0269033

0.703037
0.688001
0.179983
-1.28531
0.554064

-0.0454024
-0.97933
-0.197106
0.000445724
0.0566529

0.0454024
0.97933
0.197106
0.628363
0.00792161

0.546533
0.121794
0.828534
0.692
0.00765007

-0.546533
-0.121794
-0.828534
-0.898543
0.28655

0.890804
-0.442042
-0.1052
0.279234
0.0313764

-0.890804
0.442042
0.1052
0.351868
0.0253716

-0.548911
-0.658962
0.514262
0.425344
0.0699132

0.548911
0.658962
-0.514262
-4.88447
7.32212

-0.35889
0.68277
0.636415
-0.182148
0.197876

0.35889
-0.68277
-0.636415
-1.1016
0.624979

0.629096
0.628581
0.457301
0.580766
0.00562933

-0.629096
-0.628581
-0.457301
0.689308
0.00309239

0.460998
0.40746
-0.788325
-0.950348
0.791411

-0.460998
-0.40746
0.788325
-1.8085
1.64095

-0.953985
-0.299855
0
-0.539073
0.354321

0.953985
0.299855
0
-0.831635
0.499296

0.288198
-0.308143
0.906637
0.903247
0.000458172

-0.292769
0.796497
-0.529036
-0.970024
0.408801

-0.353489
-0.706012
-0.613672
0.26652
0.02583

0.353489
0.706012
0.613672
0.613197
0.00718424

0.440929
-0.792821
-0.420734
-1.19128
0.445506

-0.440929
0.792821
0.420734
0.63194
0.012602

-0.677564
0.296024
0.673259
0.740934
0.015221

0.677564
-0.296024
-0.673259
-7.19698
15.2207

-0.663459
-0.353321
-0.659535
0.764066
0.0015784

0.33616
-0.619922
0.709009
0.77496
0.0172188

-0.33616
0.619922
-0.709009
-12.6914
63.4831

-0.92842
-0.138577
0.344721
0.698894
0.00665577

0.92842
0.138577
-0.344721
-0.698426
0.21119

-0.172776
-0.497617
0.850015
-0.674422
0.308185

0.172776
0.497617
-0.850015
0.123829
0.0873813

0.210219
0.0623934
-0.975661
-0.162978
0.125232

-0.210219
-0.0623934
0.975661
0.063347
0.081339

-0.618735
-0.502543
-0.603836
-1.74235
0.870716

0.618735
0.502543
0.603836
0.543131
0.0242516

0.531013
-0.728756
0.432366
-0.344537
0.0942885

-0.531013
0.728756
-0.432366
0.834057
0.00170634

0.171663
0.0233703
0.984879
0.908055
0.00328164

-0.171663
-0.0233703
-0.984879
-17.0212
126.042

0.420864
-0.397421
-0.815432
0.980778
2.53072e-05

0.512892
-0.355824
0.781237
0.677562
0.00782616

-0.512892
0.355824
-0.781237
-0.677994
0.209315

0.29498
-0.830398
0.47268
0.413018
0.0129635

-0.29498
0.830398
-0.47268
0.705099
0.00327271

0.786687
-0.149483
-0.598981
-4.14892
4.36926

-0.786687
0.149483
0.598981
0.678192
0.017084

-0.307602
0.428649
0.849495
0.819948
0.0012673

-0.68459
-0.556977
-0.470226
0.94499
0.000539384

0.380674
-0.634148
0.673011
0.933191
0.000344895

-0.380674
0.634148
-0.673011
-1.78659
0.56854

0.973911
-0.1338
0.183288
0.122345
0.0363094

-0.973911
0.1338
-0.183288
0.713418
0.0038724

0.83215
-0.492631
-0.254639
0.656836
0.00663319

-0.83215
0.492631
0.254639
-0.0445604
0.0613744

-0.295343
0.311764
0.903092
0.854367
0.00314241

0.906844
-0.238961
-0.347177
0.670361
0.00958729

-0.906844
0.238961
0.347177
-1.13217
0.399585

0.00341021
-0.839776
0.542923
0.518856
0.0140542

-0.00341021
0.839776
-0.542923
0.0625596
0.0533112

0.85049
-0.27877
-0.446042
-1.53006
0.816824

-0.85049
0.27877
0.446042
0.29915
0.06274

-0.44143
-0.311148
-0.841621
-23.6413
300.157

0.44143
0.311148
0.841621
0.950597
0.00122789

-0.33077
0.748195
-0.575148
0.740391
0.0046038

0.33077
-0.748195
0.575148
-0.622563
0.178112

-0.648836
-0.161898
0.743506
-1.54617
1.70868

0.648836
0.161898
-0.743506
-2.46562
3.1655

-0.19335
-0.921333
0.337287
-0.501772
0.218547

0.19335
0.921333
-0.337287
0.233794
0.0569152

-0.780937
-0.00902468
0.624544
0.117626
0.118975

0.780937
0.00902468
-0.624544
-1.93412
1.31392

-0.0840349
0.696241
0.712872
0.874051
0.000517652

0.0840349
-0.696241
-0.712872
0.222748
0.0196584

-0.508511
-0.321164
0.798918
-0.136429
0.155681

0.508511
0.321164
-0.798918
-0.615555
0.314359

-0.454973
-0.317831
-0.831855
-0.117857
0.0915998

0.454973
0.317831
0.831855
0.408736
0.0256557

-0.34808
-0.629693
0.694497
0.809457
0.00555357

0.34808
0.629693
-0.694497
-4.41992
4.49244

0.284147
0.117153
-0.951596
0.0225369
0.057855

-0.284147
-0.117153
0.951596
0.546478
0.0124561

0.52069
0.149882
0.840487
0.828051
0.00828077

-0.52069
-0.149882
-0.840487
-10.468
36.8211

0.0376898
-0.49481
-0.868183
0.994419
3.29174e-06

-0.0376898
0.49481
0.868183
-0.0752751
0.0270468

-0.565588
0.420996
0.709135
0.737388
0.00188486

0.565588
-0.420996
-0.709135
0.663989
0.00305678

0.352907
0.029371
0.935197
0.963405
0.000256773

-0.476285
-0.879291
0
0.45749
0.0257281

0.476285
0.879291
0
-0.452674
0.175142

-0.790138
0.163538
-0.59071
-0.805414
0.220792

0.790138
-0.163538
0.59071
0.795153
0.00288125

-0.338372
0.35952
-0.869626
-36.7602
1011.02

0.338372
-0.35952
0.869626
0.980569
0.000413595

-0.166892
0.510893
0.843288
0.83165
0.00398275

0.166892
-0.510893
-0.843288
-4.02161
3.53966

0.856687
0.0542393
-0.512978
0.370669
0.0264043

-0.856687
-0.0542393
0.512978
0.10657
0.0532003

-0.11191
0.62181
-0.775131
0.82631
0.00257504

0.11191
-0.62181
0.775131
-1.55226
0.543151

-0.496072
-0.0744297
0.865085
0.916105
0.00036505

0.496072
0.0744297
-0.865085
-0.659354
0.13924

-0.549042
-0.654832
0.519373
0.473406
0.0159521

-0.674785
-0.434607
0.596475
0.770138
0.0152406

0.674785
0.434607
-0.596475
-10.2632
36.5633

-0.297437
-0.527401
-0.795852
0.966981
0.000154536

0.88973
-0.0652731
-0.451795
-2.76138
2.45996

-0.88973
0.0652731
0.451795
0.180852
0.11675

0.0733928
-0.645929
-0.759861
0.833199
0.00174026

-0.0733928
0.645929
0.759861
-0.677678
0.170674

-0.0975092
-0.319788
0.942458
0.929854
0.000371668

0.0975092
0.319788
-0.942458
-1.77673
0.567819

-0.972669
-0.232197
0
0.822228
0.00198438

-0.619098
0.303483
0.724303
0.936995
0.000288688

0.619098
-0.303483
-0.724303
-1.56827
0.446882

0.417129
0.0319604
-0.908285
-1.24754
0.664484

-0.417129
-0.0319604
0.908285
0.0898361
0.109039

0.923476
0.221509
-0.313252
0.808855
0.00134225

0.41386
-0.672952
-0.61307
-0.696804
0.196938

-0.41386
0.672952
0.61307
0.75587
0.00412481

-0.220053
0.567592
0.793357
0.819092
0.00186034

0.425315
-0.691646
-0.583723
0.973173
3.39451e-05

0.463784
0.428591
0.77538
0.779996
0.00541178

-0.76086
0.545434
0.351559
0.402359
0.0615796

0.76086
-0.545434
-0.351559
-3.33202
3.23343

0.0980213
-0.395683
-0.913141
0.96429
6.9058e-06

-0.0980213
0.395683
0.913141
0.906833
4.65535e-05

0.525663
0.623559
-0.578665
-1.99848
1.33826

-0.525663
-0.623559
0.578665
0.204256
0.0942808

-0.444225
-0.861264
-0.246754
0.71341
0.00373305

0.444225
0.861264
0.246754
0.176699
0.0307501

0.0772775
-0.79946
0.595727
0.688135
0.00595025

-0.0772775
0.79946
-0.595727
0.0343779
0.0499093

-0.109863
0.428196
0.896983
0.928434
0.00159608

0.0405108
-0.0334541
-0.998619
0.863491
0.00355757

-0.0435641
-0.377626
-0.924933
-0.707355
0.197896

0.0435641
0.377626
0.924933
0.765269
0.0038466

0.0469023
-0.14522
-0.988287
-0.177967
0.183995

-0.0469023
0.14522
0.988287
-0.872731
0.464967

0.407655
-0.0943217
0.908251
0.934967
0.000254373

-0.407655
0.0943217
-0.908251
-1.12009
0.261879

0.478515
0.256452
0.839795
0.915453
0.000262246

0.380625
0.788629
0.482896
-0.0793519
0.179657

-0.380625
-0.788629
-0.482896
-1.61177
1.0514

0.804201
0.594357
0
0.81641
0.00451095

-0.0469727
0.777938
0.626582
0.720017
0.0037812

0.0469727
-0.777938
-0.626582
0.0778623
0.04096

0.202208
0.605219
-0.769949
-1.01129
0.454082

-0.202208
-0.605219
0.769949
0.275932
0.0590178

0.36245
0.723424
-0.587612
-2.42382
1.47933

-0.36245
-0.723424
0.587612
0.634064
0.0169679

0.41483
-0.172106
0.893474
0.846758
0.00351287

-0.41483
0.172106
-0.893474
-4.5167
4.52909

0.324446
0.186397
0.927357
-0.0972235
0.105752

-0.324446
-0.186397
-0.927357
0.106425
0.0702264

0.302676
0.503705
-0.809115
-3.33202
3.23178

-0.302676
-0.503705
0.809115
0.402359
0.0617159

-0.417387
0.0150826
-0.908603
-1.43246
0.360655

0.417387
-0.0150826
0.908603
0.956341
0.000137863

-0.8424
-0.538853
0
-3.0055
1.87464

0.8424
0.538853
0
0.83146
0.00358307

0.711576
0.662704
-0.233418
-0.460051
0.186126

-0.711576
-0.662704
0.233418
0.377305
0.0338667

-0.132815
-0.653409
0.745263
0.96361
7.54288e-05

0.132815
0.653409
-0.745263
-0.883574
0.169557
