
-0.809237
-0.122698
0.574527
0.601514
0.0291555

0.809237
0.122698
-0.574527
-4.53599
5.62349

-0.137612
-0.45412
0.880249
0.918568
0.0012052

0.408278
-0.432965
0.803648
0.371079
0.0154735

-0.408278
0.432965
-0.803648
0.707266
0.00336779

-0.426807
0.468172
-0.773725
-1.73973
1.40384

0.426807
-0.468172
0.773725
-0.590392
0.473299

-0.324415
0.195332
-0.925527
0.155748
0.0765577

0.324415
-0.195332
0.925527
-0.672305
0.300366

0.838491
-0.520855
0.160132
0.988004
6.14674e-06

-0.838491
0.520855
-0.160132
-0.882203
0.146725

-0.393504
-0.242476
0.886769
0.915225
0.000623608

0.393504
0.242476
-0.886769
-2.00583
0.734099

-0.234301
0.174746
-0.95633
0.602434
0.0226166

0.234301
-0.174746
0.95633
-2.90321
2.1607

-0.383866
-0.541797
0.747732
0.756956
0.00163516

-0.271115
-0.0875868
0.958554
-13.3741
64.4373

0.271115
0.0875868
-0.958554
0.919949
0.00204336

-0.47757
-0.737542
-0.477451
-0.247896
0.119186

0.224619
0.850714
0.475218
-0.406214
0.41527

-0.224619
-0.850714
-0.475218
-2.66948
2.82767

-0.256246
-0.378203
0.889551
0.859575
0.00377071

0.256246
0.378203
-0.889551
-6.55175
10.8567

-0.039999
0.984668
0.16979
0.571394
0.0342188

0.039999
-0.984668
-0.16979
-4.48763
5.59087

-0.104179
-0.632748
-0.767318
0.818286
0.00199369

0.104179
0.632748
0.767318
-0.605286
0.155087

0.391487
0.238202
0.888818
0.924102
0.000945676

0.304053
-0.291087
0.907094
0.837857
0.00244511

-0.304053
0.291087
-0.907094
-0.172938
0.0681939

-0.406042
0.788521
-0.461914
0.275584
0.0238836

0.406042
-0.788521
0.461914
0.652795
0.00548912

-0.226803
-0.170667
0.958871
0.940078
0.000147306

0.226803
0.170667
-0.958871
-0.297374
0.0652791

0.823873
0.479374
-0.302379
-0.175958
0.156185

-0.823873
-0.479374
0.302379
-0.386388
0.217059

0.497967
-0.14253
-0.855403
-1.30943
0.507828

-0.497967
0.14253
0.855403
0.642505
0.0123042

0.48338
-0.629167
-0.608681
-5.66537
7.85133

-0.48338
0.629167
0.608681
0.832064
0.00499336

-0.992293
-0.123912
0
-0.964522
0.232731

0.135573
0.808367
0.572855
0.710777
0.00154532

0.650301
-0.391896
-0.650789
-0.454391
0.0957375

-0.650301
0.391896
0.650789
0.9197
0.000311524

-0.173326
-0.911146
0.373859
0.550162
0.0113976

0.173326
0.911146
-0.373859
0.137587
0.0418246

0.0312501
0.640192
0.767579
0.844103
0.000948643

0.164112
-0.956917
-0.239535
-1.80942
0.57077

-0.164112
0.956917
0.239535
0.940561
0.000257532

0.686476
0.680538
-0.256162
0.100811
0.0861849

-0.686476
-0.680538
0.256162
-0.570133
0.262739

-0.0696425
0.368672
0.926947
0.922206
0.00188797

0.0696425
-0.368672
-0.926947
-13.3887
64.5007

0.543129
0.732772
-0.409947
0.291274
0.0411576

-0.543129
-0.732772
0.409947
-0.143688
0.106007

0.816995
-0.425802
-0.38886
0.908267
0.00049434

0.822445
-0.293487
0.487288
0.904805
0.000604352

-0.822445
0.293487
-0.487288
-0.292502
0.0730696

0.708418
0.122255
0.695124
0.713493
0.00668244

-0.708418
-0.122255
-0.695124
-1.00115
0.322462

-0.291672
-0.815198
-0.50038
-0.0364749
0.111418

-0.348016
-0.672328
-0.653345
0.467585
0.0101607

0.32975
0.887841
0.320941
0.917025
0.000360548

-0.340651
-0.465276
-0.816991
-8.80747
23.1673

0.340651
0.465276
0.816991
0.846759
0.00566288

0.171481
0.401834
0.899513
0.490471
0.0320495

-0.171481
-0.401834
-0.899513
-1.85816
1.0082

-0.150474
0.194815
-0.969229
-0.884875
0.263971

0.150474
-0.194815
0.969229
0.747712
0.00485487

-0.980886
0.0686212
0.18208
0.169716
0.0495061

0.980886
-0.0686212
-0.18208
0.203949
0.0455086

-0.815375
-0.183899
-0.548949
0.929422
0.000323404

-0.939573
-0.196559
0.280299
-0.738939
0.186936

0.939573
0.196559
-0.280299
0.836847
0.00165267

0.490317
0.629532
0.602726
0.770137
0.00451548

-0.490317
-0.629532
-0.602726
-1.35379
0.468642

0.224672
0.600768
0.767203
0.595702
0.0131068

-0.224672
-0.600768
-0.767203
-0.669771
0.223513

0.664059
-0.270599
-0.696995
-0.483446
0.09679

-0.664059
0.270599
0.696995
0.93409
0.000209807

-0.940562
-0.339622
0
0.892203
0.00198227

0.940562
0.339622
0
-0.827713
0.194781

0.746795
-0.0455328
-0.663494
0.957989
4.16974e-05

-0.746795
0.0455328
0.663494
0.496426
0.00449938

-0.0949265
0.0250035
0.99517
0.935556
0.000320074

0.0949265
-0.0250035
-0.99517
-1.56404
0.446355

0.322055
-0.403951
0.856215
0.857633
0.00435614

-0.322055
0.403951
-0.856215
-7.55088
15.488

-0.747947
0.45836
0.480084
0.476013
0.00792335

0.747947
-0.45836
-0.480084
0.820737
0.000944011

-0.183868
0.23199
-0.955182
0.22772
0.0221615

0.183868
-0.23199
0.955182
0.812567
0.00131422

-0.448812
0.719345
-0.530198
-1.5067
0.810467

0.448812
-0.719345
0.530198
0.267576
0.0692813

-0.113499
0.248915
-0.961852
-0.817789
0.350662

0.113499
-0.248915
0.961852
0.268991
0.0569561

0.784545
-0.104959
0.611124
0.276478
0.00853795

0.145798
-0.254322
-0.956066
-0.678755
0.149538

-0.145798
0.254322
0.956066
0.900527
0.000528312

0.109994
-0.695636
0.709924
-10.2632
36.55

-0.109994
0.695636
-0.709924
0.770138
0.0152923

0.014165
-0.434005
-0.900799
0.826629
0.00235056

-0.014165
0.434005
0.900799
-1.23766
0.378327

0.750751
-0.455794
0.478147
-6.15127
10.5905

-0.750751
0.455794
-0.478147
0.713948
0.0169833

-0.201369
0.640984
0.740668
0.00982165
0.188775

0.201369
-0.640984
-0.740668
-2.96071
3.0164

-0.279042
-0.174958
0.944206
0.893771
0.00102925

0.279042
0.174958
-0.944206
-2.2721
0.973211

0.740837
0.631379
0.229175
-0.960449
0.185316

-0.740837
-0.631379
-0.229175
0.969074
4.78473e-05

-0.902826
-0.0881218
0.42088
0.544387
0.00774982

-0.899775
-0.0242714
-0.43568
-1.47477
0.762743

0.899775
0.0242714
0.43568
0.318409
0.0579587

-0.1922
-0.437118
0.878628
0.155748
0.0767831

0.1922
0.437118
-0.878628
-0.672305
0.300493

-0.0395932
0.712676
-0.700375
0.97349
0.000342031

0.109725
0.559348
-0.821639
-7.84971
15.6797

-0.109725
-0.559348
0.821639
0.926862
0.00107282

0.0678146
0.768017
0.636829
0.0966786
0.0588353

-0.0678146
-0.768017
-0.636829
0.268313
0.0386361

-0.716519
0.491394
0.495109
-6.44754
14.4182

0.716519
-0.491394
-0.495109
0.346166
0.111216

0.0556317
0.270966
-0.96098
0.785462
0.00332032

-0.0556317
-0.270966
0.96098
-0.930848
0.268401

-0.453124
0.393926
-0.799688
0.976769
2.58278e-05

0.453124
-0.393926
0.799688
-0.234879
0.0477537

-0.366421
-0.865563
0.341373
0.548634
0.0451366

0.128476
0.949271
0.287017
0.408736
0.0256326

-0.128476
-0.949271
-0.287017
-0.117857
0.0915724

-0.548374
-0.405365
0.731413
0.678506
0.00343282

0.87414
0.107118
0.473715
0.527491
0.00826371

0.365522
-0.383554
0.848104
0.893363
0.00137697

0.135622
0.694452
0.706642
0.561494
0.00957146

0.969316
-0.214548
-0.119978
0.0627644
0.048991

-0.280717
-0.725816
0.628004
-0.00275517
0.287086

0.280717
0.725816
-0.628004
-6.13617
14.537

0.733462
0.429248
0.527048
0.834971
0.0143742

-0.733462
-0.429248
-0.527048
-22.7643
297.921

-0.130941
0.529797
0.837955
0.925098
0.000268041

0.130941
-0.529797
-0.837955
-0.359846
0.0783143

-0.235896
-0.607317
-0.75863
0.40282
0.0124935

0.235896
0.607317
0.75863
0.757609
0.00206393

0.80149
0.21113
0.559498
0.633779
0.00253784

0.958182
0.286159
0
0.677117
0.00929633

-0.958182
-0.286159
0
0.454326
0.019072

0.5438
0.205703
-0.813614
-0.294182
0.0987346

-0.5438
-0.205703
0.813614
0.731418
0.00433868

-0.653664
0.282274
-0.702172
-0.743991
0.248825

0.653664
-0.282274
0.702172
0.604537
0.0128867

-0.59975
-0.557174
-0.574332
0.801769
0.00213449

0.59975
0.557174
0.574332
-0.326171
0.0951516

0.589606
0.386748
0.709077
0.902482
0.00256723

-0.589606
-0.386748
-0.709077
-10.7996
37.1506

0.811375
0.130496
0.569773
0.481922
0.0449958

-0.811375
-0.130496
-0.569773
-3.42667
3.28335

0.555536
-0.209504
-0.804666
-1.26841
0.41721

-0.555536
0.209504
0.804666
0.782676
0.00390732

0.407248
0.809083
-0.423714
-0.4373
0.224823

-0.407248
-0.809083
0.423714
-0.0456517
0.119024

0.321302
0.164032
-0.932662
-1.56395
0.493162

-0.321302
-0.164032
0.932662
0.892336
0.000873017

0.613866
-0.117674
0.78059
0.528017
0.0242446

0.430625
-0.902531
0
0.448146
0.0233494

-0.338046
0.73774
-0.584349
-0.700348
0.282564

0.338046
-0.73774
0.584349
0.341689
0.0424393

0.165556
0.829912
0.532763
-0.519094
0.377543

-0.165556
-0.829912
-0.532763
-1.22604
0.810525

-0.714337
-0.632882
0.298635
0.310305
0.00862357

0.628167
0.448028
0.636143
0.865914
0.0038204

-0.628167
-0.448028
-0.636143
-7.58153
15.5144

0.206666
0.806732
-0.553599
-0.226723
0.0632035

-0.206666
-0.806732
0.553599
0.90044
0.000433479

0.947533
0.319659
0
0.581926
0.0126483

-0.947533
-0.319659
0
0.217124
0.0368266

-0.470122
-0.103786
0.876478
0.891479
0.000274635

0.470122
0.103786
-0.876478
0.625284
0.0028419

0.577205
-0.145604
-0.803513
-4.68964
5.7147

-0.577205
0.145604
0.803513
0.688345
0.0171593

-0.497813
0.624568
-0.601745
-1.42283
0.640139

0.497813
-0.624568
0.601745
0.511601
0.0260218

0.836537
-0.329796
-0.437539
0.496282
0.0147743

-0.836537
0.329796
0.437539
0.163757
0.0406542

0.125821
0.272843
0.953795
0.628029
0.00590197

0.251914
0.766443
-0.590851
-0.0349977
0.21506

-0.251914
-0.766443
0.590851
-3.07765
3.29655

-0.684311
-0.213144
-0.697344
0.677813
0.00327098

0.640268
-0.410354
0.649358
0.543242
0.0165177

-0.640268
0.410354
-0.649358
-0.509948
0.179611

-0.61504
-0.207508
0.760701
0.680938
0.00571435

0.61504
0.207508
-0.760701
-0.0894233
0.066602

-0.826706
-0.187502
-0.530471
-1.9122
1.02248

0.826706
0.187502
0.530471
0.543706
0.0251183

-0.528111
0.034206
-0.848486
0.946263
6.78027e-05

0.528111
-0.034206
0.848486
0.339652
0.00987343

-0.472726
-0.332088
0.81624
0.803755
0.00115162

0.472726
0.332088
-0.81624
0.525132
0.00646796

-0.485642
-0.489531
-0.724232
0.895816
0.00017504

0.485642
0.489531
0.724232
0.732915
0.00111682

-0.968511
0.0892383
0.232429
0.210398
0.0330338

0.968511
-0.0892383
-0.232429
0.559787
0.010274

0.273673
0.869161
0.4119
-0.993125
0.25346

-0.273673
-0.869161
-0.4119
0.875429
0.00100222

-0.451744
-0.682775
0.574235
0.657431
0.00693641

0.451744
0.682775
-0.574235
-0.132461
0.0757441

0.215595
-0.862551
-0.457739
-1.75834
0.87461

-0.215595
0.862551
0.457739
0.558663
0.0224379

1
0
0
-0.442397
0.364971

-1
0
0
-1.54405
1.09998

0.495247
0.257142
-0.829824
-23.1684
299.168

-0.495247
-0.257142
0.829824
0.897205
0.00541327

-0.550588
-0.258378
-0.793785
0.173969
0.0983484

0.550588
0.258378
0.793785
-1.77638
1.10852

-0.372556
0.382974
-0.8453
-1.66157
0.762875

0.582598
-0.0141853
-0.812637
-1.53906
0.44476

-0.582598
0.0141853
0.812637
0.926678
0.000378096

0.628163
0.305627
-0.715544
-0.633452
0.253172

0.155646
-0.639553
-0.752825
-0.84011
0.167889

-0.155646
0.639553
0.752825
0.949356
0.00014427

0.165975
-0.152196
-0.974315
0.171436
0.0539017

-0.165975
0.152196
0.974315
0.0488478
0.0710223

-0.350561
-0.0313562
0.936015
0.933806
0.000554923

0.277035
-0.0193093
0.960666
0.95056
0.000174521

0.0242487
0.485119
-0.874112
-0.607965
0.165628

-0.0242487
-0.485119
0.874112
0.777075
0.00318418

-0.217341
0.219416
0.951115
0.900982
0.000703418

0.217341
-0.219416
-0.951115
-1.47544
0.439366

-0.602239
-0.728594
0.32628
0.839763
0.00102147

0.602239
0.728594
-0.32628
0.0757818
0.0337976

0.22915
-0.0973354
0.968512
0.659262
0.0350304

-0.148896
-0.962098
0.228466
-0.141754
0.0660031

0.148896
0.962098
-0.228466
0.779707
0.0024585

0.809216
-0.0956182
-0.579678
-0.284944
0.0755599

-0.809216
0.0956182
0.579678
0.879158
0.000690812

-0.903413
-0.236182
0.357858
0.580348
0.00641547

-0.396174
0.0897038
0.913783
0.76822
0.0017505

0.396174
-0.0897038
-0.913783
0.461397
0.00940435

-0.275064
0.191495
0.942162
0.998762
8.67602e-07

-0.698101
0.188583
-0.690718
0.761624
0.00456068

0.587809
0.809
0
0.401456
0.016265

-0.587809
-0.809
0
0.574269
0.00828795

-0.710488
0.703709
0
-0.599987
0.176254

0.710488
-0.703709
0
0.718095
0.00552585

0.0759422
-0.880773
0.467409
0.510292
0.0271826

-0.0759422
0.880773
-0.467409
-1.55846
0.740503

0.276571
0.615797
-0.737769
0.921911
0.000536844

-0.206242
-0.836214
-0.508144
-1.27354
0.671278

0.206242
0.836214
0.508144
0.132665
0.0977792

0.576312
0.772094
-0.267833
0.452772
0.0151523

-0.576312
-0.772094
0.267833
0.401893
0.0180985

-0.21607
0.280595
0.93519
0.906678
0.00060027

-0.36712
-0.623444
0.690319
-0.714494
0.466511

0.36712
0.623444
-0.690319
-0.88166
0.561863

-0.586608
0.417137
-0.694181
0.0357013
0.0755384

0.280745
0.63942
0.715768
-2.21807
2.94289

-0.280745
-0.63942
-0.715768
-2.21807
2.94289

0.294432
0.204081
0.933628
0.963943
0.00028251

-0.294432
-0.204081
-0.933628
-9.42044
23.5796

0.300064
-0.00687399
-0.953894
0.590915
0.00266882

-0.300064
0.00687399
0.953894
0.947498
4.46675e-05

-0.282062
0.266312
0.921693
-1.59015
0.548043

0.282062
-0.266312
-0.921693
0.847777
0.00191152

0.0955763
-0.570063
-0.816023
0.928427
0.000861591

-0.0955763
0.570063
0.816023
-6.0148
7.99881

-0.0445193
0.247701
0.967813
0.730673
0.00154719

0.0445193
-0.247701
-0.967813
0.794133
0.000910928

-0.580577
-0.259951
-0.771593
-0.0718739
0.0628307

0.580577
0.259951
0.771593
0.695397
0.00512503

-0.41543
0.0683693
-0.907052
-0.383441
0.123086

0.41543
-0.0683693
0.907052
0.695519
0.00608189

-0.490585
0.220556
-0.84302
-6.59135
10.8721

0.490585
-0.220556
0.84302
0.870847
0.00320221

-0.68422
-0.729276
0
0.758492
0.00348948

0.68422
0.729276
0
0.293684
0.0219293
