
-0.331367
0.198498
-0.922385
0.653746
0.0143052

0.331367
-0.198498
0.922385
-2.23277
1.2464

-0.327061
-0.422195
0.845448
0.399616
0.00904124

0.327061
0.422195
-0.845448
0.904769
0.000236243

0.433654
0.221538
0.873421
0.712067
0.00584688

-0.433654
-0.221538
-0.873421
-0.594095
0.175835

-0.201341
0.228357
0.952531
0.947009
0.00206422

0.626253
-0.466847
-0.624388
-0.552153
0.161419

-0.626253
0.466847
0.624388
0.723996
0.00515827

0.589513
0.0921847
-0.802481
-1.28531
0.553942

-0.589513
-0.0921847
0.802481
0.496494
0.0270444

0.963458
0.267858
0
0.60248
0.0114725

-0.963458
-0.267858
0
-0.310653
0.11846

0.796768
-0.436579
-0.417804
-0.198895
0.136543

-0.796768
0.436579
0.417804
0.0402274
0.087528

-0.71088
0.514873
0.479119
-1.55764
0.404511

0.71088
-0.514873
-0.479119
0.964133
8.45229e-05

0.49914
0.651651
-0.571148
-2.79394
2.12021

-0.49914
-0.651651
0.571148
0.51608
0.0345785

0.1725
0.0807223
0.981696
0.949787
0.000492194

-0.1725
-0.0807223
-0.981696
-7.98263
15.7434

0.286158
0.317945
0.903894
0.865514
0.00431085

-0.788023
-0.615646
0
0.307709
0.0790153

-0.470056
-0.679123
-0.563772
0.971979
6.40293e-05

-0.257808
0.527605
0.809425
-0.797332
0.134951

0.257808
-0.527605
-0.809425
0.981364
1.63595e-05

-0.936132
-0.351648
0
0.662102
0.0250952

0.936132
0.351648
0
-3.30992
2.56322

-0.85741
0.419479
-0.298135
-0.591357
0.309709

0.85741
-0.419479
0.298135
-0.195287
0.174744

0.638049
0.111707
-0.76185
-5.14717
7.52353

-0.638049
-0.111707
0.76185
0.595847
0.0326552

-0.633815
-0.1153
0.764843
0.657544
0.0147273

0.633815
0.1153
-0.764843
-2.45535
1.48808

-0.630555
-0.776145
0
-0.690308
0.303675

0.630555
0.776145
0
0.189858
0.0703207

-0.773079
0.138412
-0.619024
0.787052
0.00939266

0.773079
-0.138412
0.619024
-5.95869
9.19094

0.239955
-0.941611
-0.236199
-0.373517
0.155113

-0.239955
0.941611
0.236199
0.412802
0.0283612

0.232087
0.52054
0.82169
0.323027
0.0523803

-0.232087
-0.52054
-0.82169
-1.15122
0.526988

-0.7221
-0.490387
-0.487947
-0.615555
0.314283

0.7221
0.490387
0.487947
-0.136429
0.15556

-0.423349
0.622584
-0.658153
-4.37799
5.51948

0.423349
-0.622584
0.658153
0.49789
0.0482332

-0.28426
-0.711014
-0.64316
0.582023
0.00886632

0.28426
0.711014
0.64316
0.250617
0.0283495

0.903499
0.00762779
-0.428523
0.0525897
0.0674917

-0.903499
-0.00762779
0.428523
0.239685
0.0434841

0.756901
0.20291
0.621231
0.867478
0.000860291

-0.756901
-0.20291
-0.621231
-0.301073
0.080211

-0.0968261
0.446891
0.889333
0.534035
0.0382552

0.0968261
-0.446891
-0.889333
-3.92176
4.24522

0.56813
-0.162166
0.806803
-4.18236
5.38111

-0.56813
0.162166
-0.806803
0.34749
0.0855357

-0.313985
-0.772186
-0.552396
0.699439
0.00300534

0.313985
0.772186
0.552396
0.540969
0.00699518

0.656205
0.541429
0.525595
0.692333
0.00684034

0.434354
-0.303868
0.847939
-0.225342
0.157784

-0.434354
0.303868
-0.847939
-0.152207
0.139541

-0.314478
0.933655
0.171439
0.053498
0.0597685

0.314478
-0.933655
-0.171439
0.413469
0.0230166

0.241628
-0.399858
-0.884155
0.994236
1.83103e-05

-0.552723
0.0645545
0.830861
0.843481
0.00172187

0.552723
-0.0645545
-0.830861
-1.09113
0.306134

0.463386
0.0878051
-0.881796
0.691957
0.00174888

-0.463386
-0.0878051
0.881796
0.890225
0.000255748

0.946908
-0.0267733
0.320388
0.858395
0.0023134

-0.946908
0.0267733
-0.320388
-2.80875
1.57307

0.328078
-0.131203
0.935495
0.108846
0.276639

-0.328078
0.131203
-0.935495
-8.90176
34.0996

0.727969
-0.020328
0.685309
0.510813
0.0319832

-0.727969
0.020328
-0.685309
-2.27702
1.43467

0.785784
-0.511252
-0.348087
0.923967
0.000339678

-0.785784
0.511252
0.348087
-1.0215
0.23627

0.621135
-0.187837
0.76086
0.724764
0.00225254

-0.621135
0.187837
-0.76086
0.597345
0.00481359

-0.0615674
-0.481172
0.874461
0.965754
0.000437578

0.0615674
0.481172
-0.874461
-17.5122
126.694

0.90398
0.427574
0
0.947751
0.000244033

-0.90398
-0.427574
0
-2.26478
0.856691

0.349936
0.603234
0.716696
0.448331
0.0438633

-0.48478
0.0496307
-0.873227
-4.49203
3.66276

0.48478
-0.0496307
0.873227
0.963287
0.000163944

-0.412119
0.668659
-0.618913
-8.39013
22.74

0.412119
-0.668659
0.618913
0.712427
0.021393

0.945703
0.325032
0
0.249115
0.0458847

-0.945703
-0.325032
0
0.0192562
0.0763531

0.019514
0.121116
0.992447
0.973871
0.000107852

-0.904888
0.272288
-0.327165
-0.0726869
0.239803

0.904888
-0.272288
0.327165
-3.29077
3.83667

0.4632
-0.727215
0.506561
0.507881
0.0190609

-0.4632
0.727215
-0.506561
-0.432088
0.160985

0.31684
-0.801674
-0.506883
-0.0141833
0.065597

-0.31684
0.801674
0.506883
0.513914
0.0151086

-0.594544
0.71661
0.364675
0.848204
0.00041218

0.779525
0.149769
0.608202
-0.182362
0.162049

-0.779525
-0.149769
-0.608202
-0.449301
0.243405

-0.80506
0.313985
-0.503281
-2.46913
1.30226

0.80506
-0.313985
0.503281
0.805402
0.00412615

0.655129
-0.0567867
-0.753379
0.961423
5.5125e-05

-0.655129
0.0567867
0.753379
0.0238457
0.0270482

-0.93524
-0.354015
0
0.813484
0.00765136

0.319706
0.678711
-0.661165
-0.173088
0.0862749

-0.319706
-0.678711
0.661165
0.622108
0.00896995

-0.471194
-0.326561
-0.81935
-10.9069
37.2609

0.471194
0.326561
0.81935
0.921722
0.00161168

-0.307076
-0.209901
-0.928249
-0.478156
0.400384

0.307076
0.209901
0.928249
-1.79466
1.42986

0.773887
-0.200983
0.600587
0.665489
0.00497113

0.0421427
0.670211
-0.740974
-4.19044
4.3873

-0.0421427
-0.670211
0.740974
0.701031
0.0146507

-0.354082
-0.27363
-0.894289
0.0721918
0.0765845

0.354082
0.27363
0.894289
-0.0843647
0.104521

0.159568
0.79127
0.59028
-0.147427
0.147595

-0.159568
-0.79127
-0.59028
-0.397106
0.218752

-0.760671
-0.501263
0.41245
-1.57446
1.03794

0.760671
0.501263
-0.41245
-0.144209
0.205093

0.570427
0.499932
0.651675
0.36044
0.0278028

-0.570427
-0.499932
-0.651675
0.0856974
0.0568164

-0.512131
-0.437035
0.739406
0.784481
0.00295392

0.512131
0.437035
-0.739406
-0.564677
0.152415

-0.572768
-0.477879
-0.66601
-0.494104
0.19007

0.572768
0.477879
0.66601
0.434184
0.0273541

-0.72224
0.570693
0.390742
0.897959
0.00085013

0.72224
-0.570693
-0.390742
-1.27639
0.349526

0.112079
0.677661
0.726783
0.54494
0.0261621

-0.112079
-0.677661
-0.726783
-2.10255
1.21027

-0.109485
0.253409
0.961144
0.976584
6.04974e-05

0.109485
-0.253409
-0.961144
-4.1688
2.94238

0.245419
0.726144
-0.64225
-4.9183
9.34434

-0.245419
-0.726144
0.64225
-0.198448
0.383231

0.717333
-0.173295
-0.674835
-0.647
0.255086

-0.717333
0.173295
0.674835
0.372962
0.0370815

-0.499141
0.827442
-0.257289
0.488943
0.0651758

0.499141
-0.827442
0.257289
-6.67387
14.6909

-0.617221
0.657846
0.431598
-0.0586286
0.172781

0.617221
-0.657846
-0.431598
-1.62406
1.05441

0.352152
-0.186566
0.91716
0.911273
0.000230555

-0.352152
0.186566
-0.91716
0.24294
0.0164588

-0.275453
-0.578629
-0.767668
-0.574807
0.360016

0.995133
-0.0577913
0.079817
-6.22961
8.07216

-0.995133
0.0577913
-0.079817
0.966278
0.000175862

0.778512
0.308946
-0.546325
0.862798
0.00107611

-0.778512
-0.308946
0.546325
-0.616464
0.146185

-0.6179
-0.438586
-0.652565
-2.90766
2.53422

0.6179
0.438586
0.652565
0.337453
0.0728685

0.663716
-0.266011
0.699085
0.693516
0.00967998

-0.663716
0.266011
-0.699085
-1.75834
0.782419

0.83884
0.043008
-0.542676
0.894233
0.00113283

0.0673012
-0.0250607
-0.997418
0.226425
0.0666247

-0.519341
-0.709884
-0.475762
-1.90006
0.462248

0.519341
0.709884
0.475762
0.998288
3.98413e-07

0.701898
-0.0795065
0.707826
0.785418
0.00362711

-0.701898
0.0795065
-0.707826
-1.17703
0.371813

-0.362527
0.188899
0.912629
0.886784
0.00108738

-0.105637
0.994405
0
0.68185
0.0150446

-0.656466
0.250311
-0.711616
-0.190909
0.0752677

0.656466
-0.250311
0.711616
0.768206
0.00290929

0.103414
-0.994638
0
-4.26594
5.43926

-0.103414
0.994638
0
0.414895
0.067474

-0.511337
0.326182
-0.795072
0.964227
1.83692e-05

0.633303
0.717025
0.291207
-1.19253
0.649868

-0.633303
-0.717025
-0.291207
-0.006145
0.136881

-0.559329
0.731177
0.390553
0.684635
0.00754526

0.559329
-0.731177
-0.390553
-0.748775
0.231829

1
0
0
-10.3302
36.0201

-1
0
0
0.79011
0.0148287

0.485306
0.641662
0.593926
0.670299
0.00487918

0.147654
-0.855862
-0.49568
-1.28754
0.50438

-0.147654
0.855862
0.49568
0.621479
0.0138221

-0.55881
-0.811114
0.172702
-1.64548
0.500777

0.55881
0.811114
-0.172702
0.925525
0.000398203

-0.742929
-0.394756
-0.540577
0.938703
0.000128595

-0.461603
-0.00333735
-0.88708
-2.05789
1.35922

0.461603
0.00333735
0.88708
0.278586
0.0759167

-0.445349
0.596913
0.667352
-0.394331
0.271537

0.445349
-0.596913
-0.667352
-0.781796
0.443283

-0.493186
0.565035
0.66144
0.714949
0.00384001

0.516559
0.434771
-0.737659
-0.221514
0.0496722

-0.516559
-0.434771
0.737659
0.964329
4.52442e-05

0.385429
0.922737
0
0.568062
0.0160351

0.649973
-0.0896332
-0.754653
-0.99624
0.541104

-0.649973
0.0896332
0.754653
-0.148846
0.179387

-0.193685
-0.108306
0.975067
-2.63452
1.53517

0.193685
0.108306
-0.975067
0.772842
0.00612083

0.681954
-0.700255
0.211144
0.23365
0.054359

-0.681954
0.700255
-0.211144
-0.38377
0.177203

-0.6321
0.438662
0.638769
0.415589
0.00698583

-0.0485377
0.972299
-0.228647
0.360254
0.0492413

0.0485377
-0.972299
0.228647
-1.43077
0.710818

0.640379
-0.619892
0.453486
0.758645
0.00722775

-0.640379
0.619892
-0.453486
-2.86171
1.84304

-0.587567
0.722644
0.364075
0.491211
0.0307126

-0.405183
0.201641
0.891722
0.926862
0.00107481

0.266544
0.656234
0.705912
0.737484
0.00530955

0.404811
-0.849581
0.338142
0.598785
0.0168272

-0.404811
0.849581
-0.338142
-1.50759
0.657212

0.618873
0.754929
0.216978
0.836839
0.00212886

-0.990371
-0.138439
0
0.887959
0.00647287

0.948361
0.0181059
0.316676
0.308146
0.00865672

-0.0428319
0.366256
-0.929528
0.781084
0.00181203

0.0428319
-0.366256
0.929528
0.290709
0.0188118

-0.654193
-0.637387
0.407149
0.503816
0.0177913

0.654193
0.637387
-0.407149
-0.169182
0.096173

-0.622877
-0.220116
0.750715
0.558663
0.0224069

0.622877
0.220116
-0.750715
-1.75834
0.874704

-0.536512
-0.500076
-0.679764
-0.0159951
0.072253

0.536512
0.500076
0.679764
0.400966
0.0251871

-0.72717
0.414711
0.547027
0.219098
0.0581197

0.72717
-0.414711
-0.547027
-0.433412
0.195607

0.775632
0.631185
0
-3.22947
2.62943

-0.775632
-0.631185
0
0.608235
0.026377

0.72723
0.289344
-0.622428
-0.253355
0.101434

-0.72723
-0.289344
0.622428
0.633789
0.00872114

-0.913712
-0.406363
0
-4.11942
3.57105

0.913712
0.406363
0
0.868132
0.00237939

0.0973146
-0.298211
-0.949526
-4.50687
5.60446

-0.0973146
0.298211
0.949526
0.583543
0.0321058

-0.867813
0.378664
-0.321738
0.0975955
0.024426

-0.0817163
-0.644599
0.760141
0.795213
0.00573298

-0.975983
-0.217848
0
0.936296
0.0010926

0.128916
-0.419017
0.89878
0.549615
0.00487954

-0.999989
-0.00477451
0
0.547176
0.00890255

0.999989
0.00477451
0
0.46856
0.0122599

0.349458
-0.310899
0.883867
0.993499
1.80424e-05

0.142223
-0.627337
0.765651
0.962279
0.00103149

-0.142223
0.627337
-0.765651
-36.4286
1015.18

0.365522
-0.383554
0.848104
0.893363
0.00137697

0.232034
0.193292
-0.953309
0.724166
0.0263249

-0.232034
-0.193292
0.953309
-12.5159
63.1838

-0.591277
0.556566
0.583632
0.42346
0.0204573

0.591277
-0.556566
-0.583632
0.175199
0.0417945

0.623398
0.659018
-0.420797
0.852592
0.00349223

0.854901
0.243095
-0.458312
0.244473
0.0450429

-0.854901
-0.243095
0.458312
-0.0431002
0.0858064

0.876563
-0.138931
0.460799
-1.40701
0.97541

-0.876563
0.138931
-0.460799
-0.474246
0.365915

0.399333
-0.140558
0.905967
0.926444
0.00168879

-0.238378
-0.52289
-0.81839
0.353392
0.033885

0.20721
0.978297
0
0.613564
0.0124867

-0.20721
-0.978297
0
-0.823735
0.27778

-0.259237
0.914356
-0.311045
-0.329206
0.069537

0.259237
-0.914356
0.311045
0.941088
0.000139933

0.867493
-0.311699
0.387685
0.278586
0.0757369

-0.867493
0.311699
-0.387685
-2.05789
1.35985

-0.94476
0.179375
0.274325
0.611157
0.0114588

0.94476
-0.179375
-0.274325
-0.561261
0.184592

0.0986762
0.992516
0.0719422
0.201972
0.0456146

0.00953896
-0.132807
0.991096
0.740296
0.00638219

-0.712527
-0.0720875
0.697932
-0.539073
0.351845

0.712527
0.0720875
-0.697932
-0.831635
0.498219

-0.126127
0.0980673
0.987155
-1.84544
0.894697

0.126127
-0.0980673
-0.987155
0.637059
0.014568

-0.496553
-0.268755
0.825352
0.194042
0.0574819

0.496553
0.268755
-0.825352
-0.2165
0.130699

-0.828444
0.122492
0.546512
0.346709
0.0580674

0.828444
-0.122492
-0.546512
-1.91159
1.1532

-0.647649
0.377876
0.661635
0.823275
0.00187171

0.647649
-0.377876
-0.661635
-0.562001
0.142936

-0.836146
-0.548507
0
0.457041
0.0162784

0.836146
0.548507
0
0.38816
0.0204229

-0.325475
-0.175095
0.929197
-10.0334
36.2157

0.325475
0.175095
-0.929197
0.693516
0.0281019

-0.847065
0.511846
-0.143162
-1.00511
0.38104

0.847065
-0.511846
0.143162
0.535168
0.0204824

0.0523177
-0.990429
0.127721
-0.540278
0.299979

-0.0523177
0.990429
-0.127721
-0.32809
0.223024

0.146846
0.589515
-0.794297
-0.0821968
0.0553623

-0.146846
-0.589515
0.794297
0.80236
0.00190894

-0.541273
-0.242723
-0.805052
-2.48516
1.49739

0.541273
0.242723
0.805052
0.678822
0.0127215

0.640547
0.67901
0.358672
0.308378
0.0122552

-0.640547
-0.67901
-0.358672
0.924951
0.000144889
