
0.169275
0.56538
0.807274
0.866746
0.00103547

-0.165895
-0.640522
-0.749807
0.89558
0.00138946

0.0778341
-0.257487
-0.963142
0.612446
0.0129091

-0.0778341
0.257487
0.963142
-0.900192
0.31007

0.999252
0.0386805
0
-9.38087
35.1048

-0.999252
-0.0386805
0
0.402061
0.116674

-0.893533
0.448998
0
-0.430259
0.267845

0.893533
-0.448998
0
-0.430259
0.267845

-0.851713
0.215927
0.477451
0.543609
0.0224271

0.222572
0.850411
0.47672
-0.842883
0.259612

-0.222572
-0.850411
-0.47672
0.70958
0.00645845

-0.0301718
-0.516148
0.855968
0.228321
0.0425338

0.0301718
0.516148
-0.855968
0.161246
0.0502165

-0.85688
0.0903575
0.507536
0.860631
0.000986566

0.85688
-0.0903575
-0.507536
-0.397561
0.0987073

0.55809
-0.123692
-0.820509
0.947753
0.000302188

-0.55809
0.123692
0.820509
-3.35038
1.94757

-0.393421
-0.842462
0.368074
0.829209
0.00217156

0.393421
0.842462
-0.368074
-0.918925
0.247701

0.619504
-0.499205
0.605813
0.625295
0.00233767

-0.619504
0.499205
-0.605813
0.933426
8.61003e-05

-0.722952
0.602665
0.337838
0.805125
0.00227783

0.722952
-0.602665
-0.337838
-0.539644
0.141441

0.298779
-0.82153
0.485613
0.285776
0.0609438

-0.298779
0.82153
-0.485613
-1.2445
0.601171

-0.368821
0.400432
0.838824
0.108844
0.276588

-0.184954
-0.04932
0.981509
0.985504
8.40758e-05

0.883451
0.468523
0
0.955752
0.00167085

0.859342
0.511402
0
-3.11244
2.39842

-0.859342
-0.511402
0
0.520499
0.0551817

-0.0897904
-0.578791
0.810518
0.830404
0.00114026

0.0897904
0.578791
-0.810518
0.102841
0.0318122

0.25983
-0.862105
0.435044
0.601253
0.0042807

0.243704
-0.692755
-0.678748
-1.08675
0.332035

-0.243704
0.692755
0.678748
0.783853
0.00361706

0.17035
0.254488
0.951954
0.90238
0.00195341

0.141658
-0.908465
-0.393224
-0.367057
0.0920948

-0.141658
0.908465
0.393224
0.865326
0.000905271

0.981814
0.0568745
0.181128
-3.64002
4.07752

-0.981814
-0.0568745
-0.181128
0.304725
0.0915645

-0.830543
0.38933
0.398271
0.718173
0.00519704

0.830543
-0.38933
-0.398271
-0.320745
0.106467

0.988002
-0.154439
0
0.859117
0.00200287

-0.988002
0.154439
0
-2.37536
1.123

0.823196
0.468135
-0.321246
-4.0319
4.30886

-0.823196
-0.468135
0.321246
0.608117
0.0261572

0.682191
-0.60534
0.410096
0.890727
0.00380864

0.238859
0.191355
0.952013
0.953377
0.000247062

-0.689037
0.480746
0.54232
0.974916
3.50172e-05

-0.291391
0.55477
-0.779308
0.986055
4.30977e-06

-0.334373
0.468857
-0.817538
0.945529
0.000347085

0.706476
-0.617746
-0.345372
0.860022
0.0017193

-0.602851
0.12965
0.787249
0.791034
0.00794026

0.602851
-0.12965
-0.787249
-5.55316
7.78998

0.270164
-0.0552021
0.961231
0.760819
0.00541686

-0.270164
0.0552021
-0.961231
-1.70611
0.693077

-0.598922
0.674092
0.432311
0.83296
0.00130665

0.598922
-0.674092
-0.432311
-0.139848
0.0600832

0.696394
0.00867418
0.717608
0.6991
0.00141519

-0.235012
0.0178465
-0.971829
-0.517572
0.13167

0.235012
-0.0178465
0.971829
0.825304
0.00174841

0.32017
0.94736
0
0.323197
0.0496535

-0.32017
-0.94736
0
-0.851203
0.356876

-0.535691
-0.132698
-0.833922
-0.64684
0.114683

0.535691
0.132698
0.833922
0.965918
6.3336e-05

-0.35144
-0.863534
0.361663
0.725528
0.00170138

0.0515093
0.635929
0.770027
-0.978755
0.252379

-0.754592
-0.656194
0
-0.172409
0.0742137

0.754592
0.656194
0
0.747676
0.0034434

-0.196919
0.324757
-0.925071
-9.27621
23.5008

0.196919
-0.324757
0.925071
0.944207
0.000700028

0.762044
0.2314
-0.604767
-2.63452
1.53623

-0.762044
-0.2314
0.604767
0.772842
0.00604868

-0.795497
0.460966
0.393312
0.590427
0.0453742

0.795497
-0.460966
-0.393312
-8.10256
22.3933

0.134348
0.307668
0.941961
0.49272
0.0363711

-0.134348
-0.307668
-0.941961
-2.49551
1.72572

0.719153
-0.622002
-0.309729
0.235579
0.0594873

0.18676
-0.00881597
-0.982366
-10.9361
59.098

-0.18676
0.00881597
0.982366
-0.0325327
0.442793

0.51075
0.630937
-0.583998
-0.625291
0.19066

-0.51075
-0.630937
0.583998
0.685344
0.00719911

0.440785
-0.684677
0.580454
0.279693
0.0245664

-0.766499
-0.0492284
0.640356
0.280667
0.0263563

0.766499
0.0492284
-0.640356
0.551661
0.0102809

0.146745
0.229652
0.962146
0.669394
0.0084101

-0.146745
-0.229652
-0.962146
-0.734214
0.230368

0.695763
0.718272
0
0.843111
0.000456761

-0.695763
-0.718272
0
0.808859
0.00065499

0.32333
-0.343621
0.881693
-0.705933
0.212092

-0.32333
0.343621
-0.881693
0.706479
0.00648364

0.769964
-0.377334
-0.514562
-0.706667
0.24443

-0.769964
0.377334
0.514562
0.558748
0.0163525

-0.625564
0.292156
0.723405
-2.86168
2.14603

-0.0563622
-0.480186
0.875354
0.859575
0.00646792

0.0563622
0.480186
-0.875354
-13.0425
64.0267

-0.639258
-0.405471
0.653408
-2.66477
1.16442

0.639258
0.405471
-0.653408
0.956303
0.000165725

-0.116902
-0.650502
0.750453
0.740934
0.0152248

0.116902
0.650502
-0.750453
-7.19698
15.2203

-0.702536
0.241886
0.669279
0.729066
0.00181066

0.486997
-0.274938
-0.829001
-0.527443
0.238295

-0.486997
0.274938
0.829001
0.155439
0.0730117

0.577266
-0.226677
-0.784462
-1.41612
0.578265

-0.92803
-0.028584
0.371407
-0.0133557
0.0924899

0.92803
0.028584
-0.371407
-0.0248921
0.094606

0.938542
-0.18565
-0.290987
0.417681
0.0193328

-0.938542
0.18565
0.290987
0.288637
0.0288425

-0.137716
-0.233765
-0.962491
-36.587
1015.61

0.137716
0.233765
0.962491
0.971787
0.000573994

-0.320221
0.624913
0.711999
0.768958
0.0134362

0.320221
-0.624913
-0.711999
-8.54814
22.9175

-0.102114
-0.407057
-0.907677
-0.195282
0.0876328

0.102114
0.407057
0.907677
0.653438
0.00737037

-0.890265
0.304097
-0.339048
-2.03212
0.65666

0.890265
-0.304097
0.339048
0.964975
9.00563e-05

0.0949104
0.551939
-0.828466
-2.47046
1.49302

-0.0949104
-0.551939
0.828466
0.66844
0.013659

0.181862
0.305305
-0.934727
-1.76079
0.701315

-0.181862
-0.305305
0.934727
0.796339
0.00391743

-0.171005
0.98527
0
-1.35992
0.956679

0.171005
-0.98527
0
-0.579783
0.429437

0.195893
0.801399
0.565142
0.677647
0.00491192

0.729743
-0.226873
-0.644984
0.859047
0.000717041

-0.0190586
-0.778395
0.627485
-1.57968
0.927223

0.0190586
0.778395
-0.627485
0.144848
0.10203

0.833111
-0.553105
0
0.844038
0.00125127

-0.833111
0.553105
0
-0.339129
0.090836

-0.0191684
0.543966
0.838888
0.847689
0.000887903

-0.148787
-0.388423
-0.90939
-1.8145
0.51229

0.148787
0.388423
0.90939
0.973159
6.00584e-05

0.321508
-0.477395
0.817757
-0.660936
0.222546

-0.321508
0.477395
-0.817757
0.584764
0.0139102

0.647597
-0.0504272
0.760313
0.429419
0.0335244

-0.647597
0.0504272
-0.760313
-1.01666
0.416975

0.149185
-0.790682
0.593772
0.643537
0.0177514

-0.149185
0.790682
-0.593772
-2.9607
2.18288

-0.724445
0.252017
-0.641613
-2.12307
1.07355

0.724445
-0.252017
0.641613
0.715942
0.00889754

0.000666258
-0.428433
0.903573
0.40713
0.0196901

0.349652
0.561245
-0.750165
-2.53634
2.33811

-0.349652
-0.561245
0.750165
-0.108997
0.22997

0.877894
0.478856
0
-2.1389
1.28918

-0.877894
-0.478856
0
0.371784
0.0795874

-0.891283
0.184657
0.414146
0.473406
0.0159288

0.891283
-0.184657
-0.414146
0.21336
0.0355045

0.0883095
-0.954016
0.286452
0.176129
0.0241019

0.1991
-0.806831
0.556222
0.297874
0.0306525

-0.1991
0.806831
-0.556222
0.297874
0.0306525

-0.415259
0.611106
-0.673877
-2.3151
1.11239

0.415259
-0.611106
0.673877
0.830393
0.00295651

-0.52056
-0.103953
-0.847473
0.512939
0.065922

0.52056
0.103953
0.847473
-7.946
22.171

0.694897
-0.581962
0.42242
0.21336
0.0354674

0.342352
0.293222
-0.892645
-0.634583
0.29409

-0.342352
-0.293222
0.892645
0.0805521
0.0930727

0.513194
-0.614304
0.599385
0.731343
0.003591

-0.513194
0.614304
-0.599385
0.0262158
0.0466161

0.110631
0.380608
0.918095
0.759069
0.00349531

-0.110631
-0.380608
-0.918095
-0.399646
0.117092

0.495935
0.86836
0
0.853483
0.00413916

-0.15299
-0.768459
0.621341
0.976453
0.000402337

0.15299
0.768459
-0.621341
-36.6749
1015.73

-0.704355
-0.0971684
0.703166
0.851799
0.00528402

0.716253
-0.419031
-0.558028
0.923324
0.000161149

-0.716253
0.419031
0.558028
0.249681
0.0153811

-0.554193
-0.723337
0.411891
0.632219
0.0096958

0.554193
0.723337
-0.411891
-0.471116
0.154673

0.511748
-0.859136
0
0.776867
0.00364509

-0.511748
0.859136
0
-0.919938
0.267368

0.789067
0.255858
-0.558488
0.867245
0.00336051

-0.789067
-0.255858
0.558488
-6.57849
10.8703

0.430983
0.669197
-0.605334
-0.430259
0.25846

-0.430983
-0.669197
0.605334
-0.430259
0.25846

0.311632
0.168387
-0.935164
-0.301105
0.218651

-0.311632
-0.168387
0.935164
-0.632109
0.34383

-0.0354489
0.124568
0.991578
0.984552
0.00017851

0.0354489
-0.124568
-0.991578
-36.8521
1015.88

0.293627
-0.142495
-0.94524
-0.484865
0.156017

-0.293627
0.142495
0.94524
0.649119
0.00885861

-0.727643
-0.38398
-0.568415
-1.8113
0.883389

0.727643
0.38398
0.568415
0.607553
0.0182984

0.575946
-0.0455041
0.816221
0.582662
0.0238095

-0.575946
0.0455041
-0.816221
-2.6012
1.76163

0.409967
0.792676
-0.451212
-0.668962
0.170544

-0.409967
-0.792676
0.451212
0.826757
0.00215158

-0.0851004
0.788956
0.608529
0.648057
0.0136104

0.0851004
-0.788956
-0.608529
-1.85864
0.897647

-0.0423719
0.317354
0.94736
0.752958
0.00463369

0.0423719
-0.317354
-0.94736
-0.890978
0.264574

0.822358
0.56897
0
0.578725
0.00615662

-0.822358
-0.56897
0
0.707448
0.0031352

-0.539746
0.406852
0.736984
-0.303195
0.178522

0.539746
-0.406852
-0.736984
-0.0833738
0.123382

-0.635439
0.107268
0.764664
-1.00155
0.414353

0.635439
-0.107268
-0.764664
0.408805
0.0361865

0.426946
-0.319212
-0.846062
0.478377
0.0233811

-0.426946
0.319212
0.846062
-0.582775
0.213861

0.584322
-0.664553
0.465765
0.546682
0.0050563

-0.584322
0.664553
-0.465765
0.848794
0.000565905

0.521625
0.853175
0
0.752263
0.00670028

0.500921
-0.625322
0.598373
0.715053
0.00798538

-0.500921
0.625322
-0.598373
-1.64283
0.682125

-0.540804
-0.546258
0.639635
-0.534773
0.11754

0.540804
0.546258
-0.639635
0.897788
0.000522812

-0.525504
-0.0886007
-0.846165
-4.6271
3.68291

0.525504
0.0886007
0.846165
0.982483
3.65407e-05

0.158608
-0.682981
-0.713007
0.645208
0.00711891

-0.158608
0.682981
0.713007
-0.0103266
0.0571471

-0.204405
-0.612262
-0.763776
-1.15021
0.338538

0.204405
0.612262
0.763776
0.828
0.00222276

0.701091
0.116222
0.703537
-0.276149
0.136517

-0.701091
-0.116222
-0.703537
0.321489
0.0385935

0.679684
-0.149142
0.718182
0.378273
0.0129399

-0.679684
0.149142
-0.718182
0.796251
0.00139452

0.903116
0.419794
0.0902973
0.129066
0.0518858

-0.903116
-0.419794
-0.0902973
0.315098
0.0320881

-0.680298
-0.459253
-0.571211
0.653701
0.00799074

-0.124186
-0.859964
-0.495015
-2.31274
1.6565

0.124186
0.859964
0.495015
0.307712
0.0724239

0.496345
0.656497
-0.568025
-1.56875
0.668867

-0.496345
-0.656497
0.568025
0.654647
0.0121047

0.00741872
0.937122
-0.348924
0.492646
0.0122275

-0.00741872
-0.937122
0.348924
0.433006
0.0152662

0.258154
0.874955
-0.409648
0.989242
2.38642e-06

-0.206722
-0.831742
0.51524
0.697123
0.0391369

-0.461603
-0.00333735
-0.88708
-2.05789
1.35922

0.461603
0.00333735
0.88708
0.278586
0.0759167

-0.708124
0.638126
-0.302252
-0.814511
0.276665

0.708124
-0.638126
0.302252
0.603016
0.0132601

-0.837911
-0.545807
0
0.705411
0.0146123

0.837911
0.545807
0
-1.49985
0.576691

0.134431
-0.724072
0.676497
-0.327261
0.2581

-0.134431
0.724072
-0.676497
-1.03452
0.606153

0.800456
-0.249082
0.545186
-2.05897
0.74019

-0.800456
0.249082
-0.545186
0.933312
0.00036367

0.126851
0.65868
-0.741653
-0.641869
0.375442

-0.126851
-0.65868
0.741653
-0.513152
0.318923

-0.419603
-0.346326
-0.839042
-2.3695
1.44751

0.419603
0.346326
0.839042
0.5912
0.0238183

-0.379877
-0.591897
0.710881
0.933084
0.000225397

0.379877
0.591897
-0.710881
-0.560598
0.111812

0.674398
-0.164763
0.71975
0.699089
0.0122453

-0.674398
0.164763
-0.71975
-3.04558
2.21317

0.226923
0.899886
0.37244
-1.92552
2.67088

-0.226923
-0.899886
-0.37244
-3.21275
5.53817

-0.136986
-0.864651
0.483336
0.527783
0.0282762

0.136986
0.864651
-0.483336
-2.08399
1.20544

-0.116607
-0.456817
-0.881885
-0.183742
0.107598

0.116607
0.456817
0.881885
0.391482
0.0285747

0.207392
-0.743192
0.636124
0.736909
0.00868913

-0.207392
0.743192
-0.636124
-2.82409
1.83258

0.12243
0.573321
0.810132
0.810303
0.00885649

0.118353
-0.844548
0.522237
0.127763
0.0441032

0.0508449
0.487328
0.871737
0.715052
0.00793895

0.95432
0.298785
0
0.668728
0.00918973

0.878747
0.469121
0.0879154
-0.792923
0.295739

-0.878747
-0.469121
-0.0879154
0.480156
0.0248635

0.819838
-0.38986
-0.419374
-2.39335
1.12662

-0.819838
0.38986
0.419374
0.86708
0.00174239

0.913158
0.339322
-0.225838
-0.0554757
0.0326856

-0.913158
-0.339322
0.225838
0.965714
3.55259e-05

0.162818
0.889657
0.426615
-4.44912
3.65382

-0.162818
-0.889657
-0.426615
0.955589
0.000247611

-0.190646
-0.406346
0.893609
0.894077
0.000411522

-0.650829
0.734704
-0.191393
0.230312
0.0358106
