
-0.112872
0.449557
0.886091
0.880827
0.000626394

-0.320143
-0.383447
0.866301
0.88558
0.00520203

0.320143
0.383447
-0.866301
-16.8782
125.727

-0.762924
0.646488
0
-0.22593
0.0999288

0.762924
-0.646488
0
0.693516
0.0113045

-0.64565
0.523721
0.555745
0.816014
0.00227891

0.64565
-0.523721
-0.555745
-0.832849
0.22305

0.679723
0.233424
0.695334
0.953779
0.000340071

-0.679723
-0.233424
-0.695334
-1.25184
0.291126

-0.134125
0.171651
-0.975985
-23.6568
300.267

0.134125
-0.171651
0.975985
0.952009
0.00114449

0.744034
-0.24921
-0.619925
-22.5379
297.062

-0.744034
0.24921
0.619925
0.793124
0.0229954

-0.700228
-0.713919
0
0.739189
0.00371014

0.850533
-0.185472
0.492132
-0.464005
0.1077

-0.850533
0.185472
-0.492132
0.879653
0.000744169

0.559469
0.538357
-0.63021
-8.42436
22.7782

-0.559469
-0.538357
0.63021
0.725286
0.0194192

0.142223
-0.0595296
0.988043
0.980894
4.25816e-05

-0.0659589
-0.0997785
0.992821
0.839095
0.0199391

0.0659589
0.0997785
-0.992821
-35.2032
1009.38

0.606856
-0.680629
0.41045
-1.94223
1.97494

-0.606856
0.680629
-0.41045
-1.25267
1.15775

0.947533
0.319659
0
0.581926
0.0126483

-0.947533
-0.319659
0
0.217124
0.0368266

-0.824579
0.0283929
0.565034
0.38258
0.0756352

0.824579
-0.0283929
-0.565034
-4.22512
5.41505

-0.413678
-0.0994762
-0.904972
-5.49413
10.0012

0.413678
0.0994762
0.904972
0.329052
0.106759

0.128243
-0.378031
0.916868
-0.287221
0.291965

-0.128243
0.378031
-0.916868
-1.89628
1.4779

-0.91089
0.180047
-0.371298
-10.1933
36.4705

0.91089
-0.180047
0.371298
0.74815
0.0184685

0.265694
-0.964058
0
-1.5628
1.16389

-0.265694
0.964058
0
-0.530276
0.415026

-0.33302
-0.397444
-0.855065
-1.0619
0.389557

0.33302
0.397444
0.855065
0.599585
0.0147273

-0.169142
0.497132
0.851029
0.645355
0.0268671

0.149735
-0.0390507
0.987955
0.794728
0.00508232

-0.149735
0.0390507
-0.987955
-2.92906
1.86178

0.536631
0.390397
-0.748076
0.957396
0.000182322

-0.536631
-0.390397
0.748076
-2.66955
1.16308

0.0447777
-0.0440382
0.998026
-0.625454
0.204192

0.28081
-0.287576
-0.915667
0.443024
0.100078

-0.28081
0.287576
0.915667
-9.45872
35.2637

0.627391
0.338486
-0.70129
-0.273239
0.0679734

-0.627391
-0.338486
0.70129
0.911437
0.000353689

-0.391977
0.919975
0
0.795214
0.00660486

0.662232
-0.36988
0.651642
0.832101
0.00246423

-0.662232
0.36988
-0.651642
-1.6864
0.620366

0.360285
-0.25295
0.897893
-0.405656
0.11091

-0.360285
0.25295
-0.897893
0.803776
0.00217231

0.541699
-0.750683
0.378202
0.546478
0.0124849

-0.541699
0.750683
-0.378202
0.0225369
0.057896

-0.291074
-0.50887
0.810141
0.789431
0.00602461

0.706815
0.314493
0.633645
0.72194
0.00553979

-0.706815
-0.314493
-0.633645
-0.285812
0.0998755

-0.474509
-0.875008
0.0959218
-0.0992374
0.0826145

0.266866
-0.175179
-0.947679
0.452799
0.0479959

-0.266866
0.175179
0.947679
-3.03143
2.59101

-0.323034
0.371736
0.870322
0.736382
0.00408371

-0.266926
-0.806748
-0.52717
-2.63294
2.39133

0.266926
0.806748
0.52717
0.023236
0.172985

-0.874349
-0.370755
0.313136
0.91265
0.000368821

0.874349
0.370755
-0.313136
-0.519442
0.110103

0.535621
-0.58757
0.606524
0.708467
0.00535148

-0.535621
0.58757
-0.606524
-0.352435
0.114059

0.479914
0.5518
0.682055
0.162643
0.105674

-0.479914
-0.5518
-0.682055
-1.96695
1.3266

-0.777742
0.468642
-0.418917
-0.872731
0.464972

0.777742
-0.468642
0.418917
-0.177967
0.184015

0.46706
0.610605
-0.639544
-0.367683
0.200074

-0.46706
-0.610605
0.639544
-0.064806
0.121331

-0.509071
-0.807952
0.296748
0.40381
0.00536591

0.965462
-0.260543
0
0.855179
0.00135576

-0.965462
0.260543
0
-0.165379
0.062487

0.463067
-0.137615
-0.875575
-1.85029
0.573521

-0.463067
0.137615
0.875575
0.952545
0.000180892

-0.177059
-0.462378
0.868825
-0.0870364
0.169296

0.177059
0.462378
-0.868825
-1.28548
0.7472

-0.924776
-0.380511
0
0.0123121
0.0814965

0.924776
0.380511
0
0.462494
0.0327404

-0.330369
0.725397
-0.603868
-1.80368
0.885054

0.330369
-0.725397
0.603868
0.600756
0.0180234

0.678325
0.104458
-0.727299
0.550496
0.0117848

0.921925
-0.0418342
-0.385103
0.518966
0.0132612

-0.921925
0.0418342
0.385103
0.15303
0.0410972

0.777552
0.432731
0.456241
-0.406214
0.41528

-0.777552
-0.432731
-0.456241
-2.66948
2.8276

-0.50479
0.38262
0.773814
0.618074
0.0177274

0.50479
-0.38262
-0.773814
-2.18742
1.23437

0.237978
0.174064
0.955546
0.729723
0.00523189

-0.237978
-0.174064
-0.955546
-0.668821
0.194633

0.307054
-0.539321
0.784124
0.116868
0.166571

-0.307054
0.539321
-0.784124
-3.93386
5.1905

0.0274802
0.134392
0.990547
0.987563
7.37193e-05

-0.0274802
-0.134392
-0.990547
-24.185
301.072

0.110127
0.805201
-0.582687
-2.13442
1.07582

-0.110127
-0.805201
0.582687
0.72375
0.00840898

-0.406042
0.788521
-0.461914
0.275584
0.0238836

0.406042
-0.788521
0.461914
0.652795
0.00548912

0.202302
-0.408928
0.88986
0.924896
0.000848228

-0.202302
0.408928
-0.88986
-5.33167
6.00034

-0.695953
0.718087
0
-3.112
1.82588

0.695953
-0.718087
0
0.87563
0.00388955

-0.38324
-0.757298
0.528798
0.673086
0.0139404

0.38324
0.757298
-0.528798
-2.72379
1.80212

-0.16344
-0.620012
0.76738
0.767132
0.0010497

0.16344
0.620012
-0.76738
0.794431
0.000818155

0.808463
0.115978
0.577007
-1.18268
0.716099

-0.808463
-0.115978
-0.577007
-0.291539
0.250838

-0.894615
-0.381744
-0.232239
0.964906
4.91759e-05

0.894615
0.381744
0.232239
-0.487807
0.08635

0.607891
0.224063
-0.761751
0.930831
7.81769e-05

0.593769
0.218157
0.774498
0.75589
0.00676398

-0.593769
-0.218157
-0.774498
-2.38213
1.28244

-0.240393
-0.734976
-0.634051
0.891715
0.00063678

0.240393
0.734976
0.634051
-0.663039
0.148725

0.488595
-0.708309
-0.509483
-2.86169
3.50273

-0.488595
0.708309
0.509483
-0.716305
0.692048

-0.924742
-0.367802
0.0978491
0.876669
0.000738226

0.924742
0.367802
-0.0978491
-0.383119
0.0927636

-0.793155
0.341608
0.504191
0.45749
0.0242763

0.793155
-0.341608
-0.504191
-0.452674
0.173683

-0.804227
-0.505738
-0.312168
-2.52233
2.91072

0.804227
0.505738
0.312168
-0.933483
0.877134

-0.213897
0.0632046
0.974809
0.621618
0.0131364

0.33528
-0.140437
0.931593
0.896656
0.000773495

-0.33528
0.140437
-0.931593
-1.46574
0.43846

-0.0837437
0.483742
0.871195
0.867867
0.00118178

0.0837437
-0.483742
-0.871195
-0.979925
0.252474

-0.109918
0.671788
0.732543
0.784404
0.00537997

-0.199517
-0.95077
0.237128
0.987724
7.83337e-05

0.365752
0.930712
0
0.766312
0.00427633

0.223365
0.766984
-0.601535
0.933514
0.000117041

0.299633
0
0.954055
0.969728
0.000449404

-0.973968
0.179643
0.138258
0.99014
8.5295e-06

0.0550785
0.112264
0.992151
0.99021
1.55663e-05

-0.931745
-0.00746495
-0.363037
0.611983
0.016241

0.931745
0.00746495
0.363037
-1.66156
0.762896

0.377844
-0.527948
-0.760595
0.899246
0.000381008

-0.377844
0.527948
0.760595
0.0787323
0.0291968

-0.965522
-0.139149
0.220012
0.290131
0.0359264

0.965522
0.139149
-0.220012
0.0882105
0.0592639

-0.229913
-0.0627234
0.971188
0.973989
0.000249311

0.229913
0.0627234
-0.971188
-17.6126
126.801

0.302814
0.73976
0.600881
0.674131
0.00314229

-0.302814
-0.73976
-0.600881
0.668536
0.00324986

-0.461118
-0.0666939
0.884829
-23.4574
299.76

0.461118
0.0666939
-0.884829
0.932251
0.00233254

-0.821528
-0.28528
0.493667
0.536846
0.0135354

0.821528
0.28528
-0.493667
-0.0267212
0.0663291

-0.0400487
-0.546461
-0.836526
-8.91407
23.2568

0.0400487
0.546461
0.836526
0.873624
0.00378492

-0.399616
0.0490295
0.91537
-4.40096
3.64498

0.399616
-0.0490295
-0.91537
0.94599
0.000365261

-0.489847
-0.85214
0.184141
0.0921741
0.02402

0.489847
0.85214
-0.184141
0.942756
9.74776e-05

0.907275
0.321254
-0.271382
0.610712
0.0112455

-0.121134
0.373082
0.919857
0.748621
0.00482718

0.962237
0.272215
0
0.711795
0.00479931

-0.962237
-0.272215
0
0.160318
0.0343572

-0.415213
-0.909724
0
0.160503
0.0542528

0.415213
0.909724
0
0.160503
0.0542528

-0.915929
0.116491
0.384062
0.510452
0.00831105

0.915929
-0.116491
-0.384062
0.69231
0.00328575

-0.654638
-0.0105963
-0.755868
-4.81448
5.78298

0.654638
0.0105963
0.755868
0.749537
0.0107327

-0.400894
0.75054
0.525331
0.220027
0.0428592

0.400894
-0.75054
-0.525331
0.187186
0.0465386

0.0946352
-0.510599
-0.854595
-4.29248
5.43805

-0.0946352
0.510599
0.854595
0.443929
0.0601047

-0.308745
-0.486428
-0.817352
0.192051
0.022986

0.308745
0.486428
0.817352
0.85286
0.000774666

0.391645
-0.279989
0.876482
0.904048
0.00121295

-0.391645
0.279989
-0.876482
-4.23249
3.60439

-0.284389
0.919441
-0.271574
0.564323
0.0353707

0.284389
-0.919441
0.271574
-4.47658
5.58614

-0.698752
0.186406
0.690651
0.633424
0.0111125

0.698752
-0.186406
-0.690651
-0.841598
0.279921

-0.191454
-0.00704516
-0.981476
0.408804
0.0361648

0.407167
-0.613803
0.676358
0.810303
0.00890318

-0.407167
0.613803
-0.676358
-8.67842
23.0402

0.774279
0.308986
0.552285
0.729573
0.00488688

-0.774279
-0.308986
-0.552285
-0.557653
0.161787

0.583203
-0.804184
0.114722
0.48373
0.0553163

-0.583203
0.804184
-0.114722
-4.96806
7.39154

0.534799
0.272431
-0.799857
0.488899
0.0113528

-0.534799
-0.272431
0.799857
0.526513
0.0097434

0.786048
-0.0387524
0.61695
-0.22528
0.167923

-0.786048
0.0387524
-0.61695
-0.308336
0.191454

-0.874839
-0.484414
0
-3.04558
2.10851

0.874839
0.484414
0
0.699089
0.0187114

0.907806
-0.212814
0.361384
0.339756
0.0152463

-0.907806
0.212814
-0.361384
0.793168
0.00150756

-0.28881
-0.639039
-0.712894
-1.81964
0.793727

0.28881
0.639039
0.712894
0.738823
0.00688389

-0.195051
0.723136
0.662593
-0.561259
0.0934054

0.195051
-0.723136
-0.662593
0.97588
2.86789e-05

-0.702561
0.389187
0.59577
-0.813819
0.41338

0.702561
-0.389187
-0.59577
-0.0871594
0.148602

-0.681146
-0.168888
0.712403
0.935894
0.000237287

0.681146
0.168888
-0.712403
-1.05095
0.23794

-0.188803
0.626792
-0.755967
-2.65692
1.78027

0.188803
-0.626792
0.755967
0.625535
0.0187848

-0.199767
-0.320209
0.926045
0.903216
0.0019176

0.199767
0.320209
-0.926045
-7.73477
15.6173

0.770658
0.485215
-0.413102
0.400429
0.0352651

-0.770658
-0.485215
0.413102
-0.816817
0.323421

0.826459
-0.124173
0.549133
-0.0531874
0.127196

-0.826459
0.124173
-0.549133
-0.573286
0.2837

0.20241
-0.0736056
0.976531
-0.185168
0.515623

-0.20241
0.0736056
-0.976531
-8.5143
33.1906

-0.0535493
-0.834467
-0.54845
0.0428171
0.059428

0.0535493
0.834467
0.54845
0.455683
0.0192611

-0.25147
0.798997
-0.546229
-0.504526
0.0730416

0.25147
-0.798997
0.546229
0.99274
3.02099e-06

0.63095
0.700858
-0.332715
0.941806
0.000294566

-0.00754378
0.999971
0
-0.0827563
0.0421794

0.00514574
-0.781673
0.623667
0.383849
0.0268445

-0.00514574
0.781673
-0.623667
-0.00803375
0.0716979

-0.198457
0.71142
-0.674164
-1.10637
0.692284

0.198457
-0.71142
0.674164
-0.462759
0.333982

-0.782843
-0.135718
-0.607238
0.962233
6.04034e-05

0.408921
-0.778396
0.476323
0.635198
0.0141667

-0.408921
0.778396
-0.476323
-1.68762
0.768338

-0.160842
0.93007
0.330304
0.276522
0.0264144

0.160842
-0.93007
-0.330304
0.560714
0.00974989

-0.199232
-0.705344
0.680292
-0.064806
0.121348

0.199232
0.705344
-0.680292
-0.367683
0.200088

0.563535
-0.497237
0.659684
0.473748
0.0319426

0.727257
-0.394546
-0.561633
-0.598566
0.136273

-0.727257
0.394546
0.561633
0.882228
0.00076074

0.717589
0.106485
0.688278
-0.449301
0.24343

-0.717589
-0.106485
-0.688278
-0.182362
0.162079

0.422143
-0.309258
0.852147
0.80322
0.00221076

-0.422143
0.309258
-0.852147
-0.365405
0.102833

-0.0563914
-0.575037
0.816182
0.760923
0.00586277

0.0563914
0.575037
-0.816182
-2.01295
0.929548

0.811366
-0.301846
0.500573
0.80012
0.00509935

0.375019
-0.240107
0.895382
0.932324
0.000316435

-0.375019
0.240107
-0.895382
-1.27118
0.320076

-0.157249
0.932205
-0.325985
0.222231
0.0330555

0.157249
-0.932205
0.325985
0.53497
0.0120143

-0.0589139
0.85967
0.507442
-2.44795
1.70813

0.0589139
-0.85967
-0.507442
0.448331
0.0438006

0.28259
0.124245
0.95116
0.966725
0.000148503

-0.18883
-0.396474
0.898416
0.845119
0.00106158

-0.801338
0.253541
-0.541825
0.980247
2.11075e-05

0.801338
-0.253541
0.541825
-1.27923
0.269317

-0.00756059
-0.985128
-0.171656
-0.937825
0.269078

0.00756059
0.985128
0.171656
0.790845
0.00318924

-0.851905
-0.523697
0
0.736909
0.0154307

-0.718113
-0.0703328
0.692363
0.715079
0.0115357

0.718113
0.0703328
-0.692363
-3.39737
2.74571

-0.919272
-0.393623
0
0.651286
0.019126

0.919272
0.393623
0
-1.02102
0.351993

-0.0437789
-0.709708
0.703134
0.564323
0.0353811

0.0437789
0.709708
-0.703134
-4.47658
5.58585

0.0955537
-0.469683
0.877649
0.789431
0.00603841

0.308915
-0.560091
0.76868
0.23046
0.0441393

-0.308915
0.560091
-0.76868
0.0841842
0.0624513

-0.538349
0.826172
0.166193
-1.33647
1.06448

0.538349
-0.826172
-0.166193
-1.08409
0.846935

-0.699798
0.206205
0.683932
0.763639
0.00554313

-0.622163
0.250434
-0.741752
0.757957
0.00999208

0.622163
-0.250434
0.741752
-4.83305
5.79177

0.910764
-0.412927
0
-5.14717
7.52711

-0.910764
0.412927
0
0.595847
0.0325647

0.199365
-0.365502
0.90921
0.924724
0.00289193

-0.199365
0.365502
-0.90921
-23.3897
299.597

-0.894262
0.0130147
0.447354
0.642778
0.0105078

0.894262
-0.0130147
-0.447354
-0.850246
0.280951

-0.460813
0.725822
0.51072
0.383133
0.0135734

-0.929822
0.36801
0
0.372962
0.0408592

0.929822
-0.36801
0
-0.647
0.257637

0.16008
0.614575
0.772445
0.759958
0.003132

0.64919
0.290628
-0.702914
-0.699321
0.244805

-0.64919
-0.290628
0.702914
0.549306
0.0188452

-0.589085
-0.177485
-0.788339
-0.627967
0.121485

0.589085
0.177485
0.788339
0.943651
0.000166256
