
-0.580901
-0.335413
-0.741655
0.294876
0.0344769

-0.295199
0.497125
0.815919
0.364016
0.0426488

-0.65978
0.751459
0
0.904259
0.0039357

-0.314238
-0.61662
0.721827
0.66287
0.0203302

-0.198169
0.287334
0.937106
0.90848
0.00140338

-0.787689
0.143279
-0.59918
0.758886
0.00291011

0.787689
-0.143279
0.59918
-0.0431567
0.0537075

0.154579
-0.098794
0.983028
0.976523
2.58052e-05

0.296412
-0.101788
-0.94962
-9.15575
23.4111

-0.296412
0.101788
0.94962
0.924153
0.00134737

-0.881803
0
0.471618
0.498853
0.0194294

0.881803
0
-0.471618
-0.376206
0.146193

-0.485376
-0.0515927
-0.872782
0.649575
0.00797044

0.485376
0.0515927
0.872782
-0.265036
0.102331

-0.100569
0.369667
0.923706
-2.35278
1.92528

0.100569
-0.369667
-0.923706
0.037787
0.15893

0.616801
0.393828
0.68151
0.736083
0.00515125

-0.616801
-0.393828
-0.68151
-0.801819
0.237118

0.737243
-0.258737
0.624121
-17.2647
126.377

-0.737243
0.258737
-0.624121
0.94036
0.00136165

-0.663765
-0.604841
0.43998
0.50835
0.0157424

0.663765
0.604841
-0.43998
-0.0401868
0.0703289

-0.539803
0.447749
-0.712835
-8.45721
22.8121

0.539803
-0.447749
0.712835
0.737301
0.0176813

0.0488801
-0.783223
-0.619816
0.164138
0.0624115

-0.0488801
0.783223
0.619816
-0.203642
0.129292

-0.446816
0.671058
-0.591639
-3.08644
2.6174

0.446816
-0.671058
0.591639
0.499411
0.0393716

0.670168
-0.473256
-0.571755
-0.825599
0.239357

-0.670168
0.473256
0.571755
0.757176
0.00427682

-0.835834
0.171021
0.521663
0.994721
1.39133e-05

0.835834
-0.171021
-0.521663
-24.3785
301.186

0.527895
0.18732
0.828395
0.138533
0.0825689

-0.527895
-0.18732
-0.828395
-0.744599
0.337882

0.0369351
0.468502
0.88269
0.476505
0.0184188

-0.0369351
-0.468502
-0.88269
-0.0535011
0.0745865

0.34528
0.200773
0.916773
-0.15979
0.159029

-0.34528
-0.200773
-0.916773
-0.5289
0.276111

0.403223
0.175848
-0.898047
-10.5173
36.8721

-0.403223
-0.175848
0.898047
0.84059
0.007083

0.0712608
-0.997458
0
0.34425
0.124952

-0.678228
-0.334316
0.6544
-15.0904
120.632

0.678228
0.334316
-0.6544
0.35639
0.19317

-0.0300738
0.2835
-0.9585
0.315527
0.0163942

1
0
0
0.503497
0.0855863

-0.719035
-0.460545
-0.520467
-0.582775
0.21373

0.719035
0.460545
0.520467
0.478377
0.023228

0.60981
0.7259
-0.318121
0.643884
0.00799206

-0.60981
-0.7259
0.318121
-0.223635
0.0941735

0.214797
0.865992
0.451576
0.898129
0.000749985

-0.214797
-0.865992
-0.451576
-1.46901
0.438763

0.0770838
-0.462065
0.88349
0.947129
0.000858021

-0.0770838
0.462065
-0.88349
-13.5691
64.6744

0.656527
-0.18344
0.731657
0.748492
0.0100516

-0.656527
0.18344
-0.731657
-4.28341
4.43352

-0.568683
0.812867
0.125887
0.216771
0.026481

0.568683
-0.812867
-0.125887
0.726918
0.0032209

-1
0
0
0.766453
5.06259

1
0
0
-3.4924
-134.418

0.636456
-0.03871
0.770341
0.745941
0.0132422

-0.636456
0.03871
-0.770341
-6.22655
10.642

0.790199
-0.560711
-0.247362
0.975038
5.83396e-05

-0.790199
0.560711
0.247362
-3.21864
1.63967

0.529254
-0.671548
0.518569
0.711706
0.0157789

-0.529254
0.671548
-0.518569
-5.36839
7.67745

0.417288
-0.504894
0.755614
0.719938
0.002323

0.298738
-0.0194783
-0.954136
-4.98449
4.66381

-0.298738
0.0194783
0.954136
0.965913
0.000151837

0.3606
-0.861745
-0.35688
0.691829
0.00175336

-0.374753
0.260789
-0.88969
0.916493
0.000182125

0.599302
0.602531
-0.527062
-2.16398
1.39715

-0.599302
-0.602531
0.527062
0.398821
0.0504617

0.996155
0.0876059
0
0.206903
0.0564031

-0.996155
-0.0876059
0
-0.268549
0.144186

0.805436
-0.432329
0.405419
-2.53988
2.01329

-0.805436
0.432329
-0.405419
0.268619
0.086003

-0.472327
0.552295
-0.686934
-2.61262
1.53058

0.472327
-0.552295
0.686934
0.760318
0.0068019

0.0618116
-0.418835
0.905956
0.858547
0.0104517

-0.0618116
0.418835
-0.905956
-22.9057
298.387

-0.369059
-0.121
-0.921496
-3.54553
2.3482

0.369059
0.121
0.921496
0.919904
0.000733648

0.959418
-0.233864
0.157557
-0.761476
0.250749

-0.959418
0.233864
-0.157557
0.624776
0.0113825

0.630611
-0.0194934
0.775854
0.981111
2.53346e-05

-0.105127
0.915979
-0.387208
0.771667
0.00639425

0.105127
-0.915979
0.387208
-2.88525
1.84993

-0.422691
0.681257
-0.597679
-2.62035
1.76918

0.422691
-0.681257
0.597679
0.597741
0.0218501

0.264865
-0.688355
0.675288
0.761697
0.00199248

0.375895
-0.118067
-0.91911
-10.9946
37.3306

-0.375895
0.118067
0.91911
0.935781
0.001071

-0.700114
0.702005
-0.130499
0.850196
0.00189771

0.700114
-0.702005
0.130499
-1.7197
0.625013

-0.463525
0.475002
0.74801
0.777738
0.00142509

0.463525
-0.475002
-0.74801
0.545497
0.00595265

-0.831503
-0.0278796
-0.554821
-0.0149283
0.0879563

0.221769
-0.56769
-0.792809
-0.622555
0.270962

-0.221769
0.56769
0.792809
0.204946
0.0652145

0.164752
0.0247737
-0.986024
-4.72102
9.08816

-0.164752
-0.0247737
0.986024
-0.430254
0.568649

-0.488342
-0.594159
0.639138
0.722363
0.00755369

0.488342
0.594159
-0.639138
-1.65247
0.683778

0.693308
-0.543142
0.473626
0.151279
0.0633019

-0.693308
0.543142
-0.473626
-0.155206
0.117261

0.452877
0.778088
-0.435294
-0.219482
0.178393

-0.452877
-0.778088
0.435294
-0.505536
0.27186

-0.308662
0.38094
0.871557
0.880052
0.00100793

0.308662
-0.38094
-0.871557
-1.24
0.346907

-0.38154
-0.27175
0.883504
0.918872
0.000673706

0.38154
0.27175
-0.883504
-2.97526
1.60742

-0.266651
-0.603907
-0.751128
-5.57063
7.79602

0.266651
0.603907
0.751128
0.797765
0.00745314

0.00315523
-0.239644
-0.970856
-0.403608
0.191964

-0.00315523
0.239644
0.970856
0.156954
0.0694462

0.266127
0.0919509
-0.959542
-17.2505
126.39

-0.266127
-0.0919509
0.959542
0.938667
0.00142881

-0.13042
-0.0991421
0.98649
0.991888
4.631e-05

0.0453786
-0.942745
0.330413
0.996546
6.94111e-07

0.0662318
0.815689
-0.574687
0.771805
0.00283813

-0.0662318
-0.815689
0.574687
-0.226316
0.0808789

0.886557
0.462619
0
0.606621
0.0423474

-0.886557
-0.462619
0
-0.234091
0.148136

0.340735
-0.894709
0.288783
0.912948
0.000351134

-0.340735
0.894709
-0.288783
-0.441851
0.0951818

0.40953
-0.395863
0.821935
0.985237
0.000160523

0.711483
-0.581925
-0.393898
-0.864934
0.18139

-0.711483
0.581925
0.393898
0.937377
0.00021028

0.944739
-0.327824
0
-0.22028
0.0650795

-0.944739
0.327824
0
0.89619
0.000905318

0.736026
0.0159039
0.676767
0.644456
0.0129713

-0.736026
-0.0159039
-0.676767
-1.55712
0.666522

0.307102
0.951677
0
0.244473
0.0463923

-0.307102
-0.951677
0
-0.0431002
0.0872389

0.0797527
0
0.996815
0.286429
0.0442204

-0.0797527
0
-0.996815
-0.306163
0.148138

0.636184
-0.421954
-0.64593
-0.593635
0.136034

-0.636184
0.421954
0.64593
0.879163
0.000810653

0.0819325
-0.37473
0.923507
-0.017261
0.0758357

-0.0819325
0.37473
-0.923507
0.336369
0.0323048

0.600267
0.714757
0.35889
0.893909
0.00440958

-0.600267
-0.714757
-0.35889
-16.9293
125.882

-0.229753
-0.973249
0
0.100811
0.086282

0.229753
0.973249
0
-0.570133
0.262805

0.275642
-0.35578
0.892996
0.934241
0.00112434

0.183547
-0.533157
-0.825866
-0.348528
0.197413

-0.183547
0.533157
0.825866
-0.114485
0.134916

0.42488
-0.0378741
-0.904457
-3.98878
5.23658

-0.42488
0.0378741
0.904457
0.171955
0.144305

-0.339672
-0.781629
0.523143
0.543431
0.0103905

0.884051
-0.199359
-0.422741
0.259123
0.0311281

-0.884051
0.199359
0.422741
0.450083
0.0171651

-0.788531
0.58207
0.19853
0.402061
0.116532

0.788531
-0.58207
-0.19853
-9.38087
35.1195

0.343166
0.236925
0.908902
0.916617
0.000749524

-0.343166
-0.236925
-0.908902
-3.23303
1.93001

0.402275
0.113109
-0.908505
-16.8512
125.734

-0.402275
-0.113109
0.908505
0.881042
0.00559014

-0.317704
-0.050976
0.946819
0.902924
0.0010939

0.317704
0.050976
-0.946819
-3.4888
2.33663

-0.745991
-0.209839
-0.632032
-0.989889
0.253218

0.745991
0.209839
0.632032
0.873601
0.00102894

-0.119654
0.807912
-0.577028
-3.25057
2.68775

0.119654
-0.807912
0.577028
0.622856
0.0212298

0.0115955
-0.887058
0.461513
0.541058
0.0579192

-0.0115955
0.887058
-0.461513
-8.00094
22.2564

-0.0167433
-0.021743
-0.999623
-0.787812
0.407848

0.0167433
0.021743
0.999623
-0.144208
0.167309

-0.0728874
0.200829
0.976911
-0.505967
0.246533

0.0728874
-0.200829
-0.976911
0.0126905
0.10609

0.873736
0.486401
0
0.903397
0.00934657

-0.873736
-0.486401
0
-35.733
996.086

-0.938391
-0.13529
0.317992
0.433585
0.0213755

-0.573253
0.80457
0.155075
0.280846
0.0195755

-0.324291
0.905889
-0.272399
-1.18162
0.243944

0.324291
-0.905889
0.272399
0.975343
3.14389e-05

0.141061
-0.580362
-0.802049
0.570922
0.0573356

-0.141061
0.580362
0.802049
-9.7269
35.7329

-0.501681
-0.693873
0.516582
-0.0398517
0.0558898

0.501681
0.693873
-0.516582
0.723358
0.00396401

-0.192731
0.847489
0.494589
0.548611
0.0070209

0.192731
-0.847489
-0.494589
0.666299
0.00383858

0.588411
-0.655493
0.473393
0.313476
0.0443043

-0.588411
0.655493
-0.473393
-0.544677
0.224224

0.244938
0.734102
-0.633324
0.958851
2.34422e-05

-0.244938
-0.734102
0.633324
0.682776
0.0012625

0.948494
-0.155579
-0.27596
0.846854
0.000931582

-0.38568
-0.746981
0.541544
0.456431
0.00523266

-0.708589
-0.593961
-0.380936
0.996253
9.24881e-07

0.708589
0.593961
0.380936
-1.1176
0.18916

0.973119
-0.230303
0
0.865466
0.000286728

-0.349068
-0.861517
-0.368701
-0.373046
0.288626

0.349068
0.861517
0.368701
-1.14537
0.704545

-0.18921
0.283635
0.94008
0.945502
6.68576e-05

0.363107
-0.254736
0.896249
0.937268
0.00102153

-0.680042
0.708235
-0.189595
0.727257
0.00891733

-0.791883
0.590177
-0.156883
-3.6077
4.91673

0.791883
-0.590177
0.156883
-0.26424
0.370154

-0.101585
-0.242414
0.96484
0.566799
0.0513259

0.101585
0.242414
-0.96484
-8.05305
22.3127

0.76144
0.648236
0
0.615311
0.0375693

0.0457711
0.0957684
0.994351
0.966068
0.000219749

-0.0457711
-0.0957684
-0.994351
-8.09859
15.7897

0.497361
-0.240813
-0.833452
-2.66363
1.76249

-0.497361
0.240813
0.833452
0.630496
0.0202207

-0.253043
-0.929942
0.26679
-0.061152
0.144796

0.253043
0.929942
-0.26679
-0.927743
0.477792

-0.0105794
-0.65013
-0.759749
0.84138
0.000613208

-0.344085
0.344885
-0.873304
-7.16896
15.1963

0.344085
-0.344885
0.873304
0.729952
0.0166204

0.750608
0.569846
0.334459
0.779526
0.00286381

-0.750608
-0.569846
-0.334459
-0.420686
0.118382

-0.686952
-0.00340027
0.726695
0.659279
0.00415487

0.105333
-0.464058
-0.87952
-1.30963
0.839232

-0.105333
0.464058
0.87952
-0.334036
0.28025

0.652537
-0.701369
-0.28684
-4.93921
4.06328

-0.652537
0.701369
0.28684
0.993741
5.06959e-06

0.337219
0.941426
0
-1.53503
0.533468

-0.337219
-0.941426
0
0.732834
0.0287621

-0.644287
0.112671
-0.756439
-0.623612
0.218501

0.644287
-0.112671
0.756439
0.536178
0.0179477

-0.422921
-0.490363
-0.762025
-1.2016
0.447025

0.422921
0.490363
0.762025
0.642038
0.0119241

-0.0612599
-0.635875
0.769357
0.805125
0.00226731

0.0612599
0.635875
-0.769357
-0.539644
0.14142

-0.826828
-0.212178
-0.520899
-0.225932
0.12407

0.826828
0.212178
0.520899
0.310412
0.0392622

0.223084
0.416081
0.881539
0.832887
0.00233353

-0.223084
-0.416081
-0.881539
-1.56354
0.544757

0.480693
0.130715
0.867091
0.892586
0.000513713

0.52454
-0.340352
-0.780396
-2.65692
1.78129

-0.52454
0.340352
0.780396
0.625535
0.0186828

0.589499
-0.374327
-0.715801
0.745027
0.00234982

-0.589499
0.374327
0.715801
0.391013
0.013403

0.0213313
-0.736319
0.676298
0.617431
0.00649397

-0.418551
-0.74095
0.525175
-1.10932
0.334439

0.418551
0.74095
-0.525175
0.8003
0.00300532

0.403064
0.700709
-0.588683
-12.563
63.2711

-0.403064
-0.700709
0.588683
0.738368
0.0235574

-0.586236
-0.81014
0
0.808267
0.00119188

0.960989
-0.22648
0.158766
-3.01591
1.38404

-0.960989
0.22648
-0.158766
0.981189
3.0657e-05

0.0620816
-0.625385
0.777843
0.754908
0.00346574

0.869543
0.14256
0.472834
0.561171
0.0186135

-0.869543
-0.14256
-0.472834
-1.12393
0.434913

0.0500214
0.366455
0.92909
0.067225
0.354907

-0.0500214
-0.366455
-0.92909
-11.0888
59.6091

-0.244993
0.640239
0.728061
0.73154
0.0108142

0.344751
-0.777898
0.525377
-2.08399
1.20548

-0.344751
0.777898
-0.525377
0.527783
0.0282671

-0.437427
-0.698004
0.566964
-7.16177
11.1044

0.437427
0.698004
-0.566964
0.978413
8.19192e-05

-0.442146
0.441367
0.780834
0.42942
0.0335322

0.172631
-0.251255
0.952402
0.959805
0.00117847

0.0803379
-0.417285
0.905218
-0.410452
0.149284

-0.0803379
0.417285
-0.905218
0.550518
0.015167

-0.320963
-0.023788
0.946793
0.597741
0.0128219

0.320963
0.023788
-0.946793
-0.609036
0.202501

0.722239
-0.691644
0
0.209595
0.0792378

-0.722239
0.691644
0
-1.32282
0.683992

-0.46885
-0.44194
0.764767
-2.36974
0.985342

0.46885
0.44194
-0.764767
0.928184
0.000472717

0.778912
0.504825
-0.372084
0.678193
0.00458448

-0.778912
-0.504825
0.372084
0.275934
0.0231322

0.877636
0.105719
0.467524
-1.61231
1.18489

-0.877636
-0.105719
-0.467524
-0.427153
0.353734

-0.508788
0.242873
-0.825922
-5.29263
5.98275

0.508788
-0.242873
0.825922
0.915633
0.00111019

-0.574803
0.455476
0.679812
0.72375
0.00836696

0.574803
-0.455476
-0.679812
-2.13442
1.07613
