
-0.56728
-0.0501627
0.821996
0.817229
0.00825737

-0.927777
-0.373135
0
-0.638916
0.318674

0.927777
0.373135
0
-0.0819368
0.138985

0.709683
-0.565499
0.420192
-0.339129
0.0908221

-0.421597
-0.342751
0.83951
0.678193
0.0242488

0.421597
0.342751
-0.83951
-7.04519
15.0722

-0.360083
0.909673
0.206969
0.172497
0.13455

0.360083
-0.909673
-0.206969
-3.50531
3.98829

0.436932
0.621149
0.650588
0.261336
0.047864

-0.436932
-0.621149
-0.650588
-0.293941
0.146845

-0.0309477
0.859332
-0.510481
-1.61597
0.839417

0.0309477
-0.859332
0.510481
0.406807
0.0432355

0.486997
-0.274938
-0.829001
-0.527443
0.238295

-0.486997
0.274938
0.829001
0.155439
0.0730117

0.751088
0.507958
-0.421717
-0.158507
0.0946423

-0.751088
-0.507958
0.421717
0.485109
0.0187258

0.633309
-0.0989654
-0.767545
-0.743124
0.163286

-0.633309
0.0989654
0.767545
0.907171
0.000463579

0.59873
-0.130913
-0.79018
0.343251
0.0358244

-0.59873
0.130913
0.79018
-0.287228
0.137613

-0.645025
-0.381224
0.662277
0.642718
0.00733118

0.645025
0.381224
-0.662277
-0.0351317
0.0610102

0.905452
0.394893
-0.155615
-1.6077
0.936017

-0.905452
-0.394893
0.155615
0.185658
0.0912897

0.178085
-0.148087
0.972808
-0.732804
0.39583

-0.178085
0.148087
-0.972808
-0.273083
0.213856

-0.587058
0.0243963
0.809177
0.755408
0.00408248

0.0968305
0.80119
-0.590524
-16.7322
125.481

-0.0968305
-0.80119
0.590524
0.859893
0.00786344

-0.586362
-0.803699
0.101228
0.47797
0.0104615

0.586362
0.803699
-0.101228
0.643374
0.00488305

0.499445
0.866345
0
0.627329
0.0129929

0.867037
-0.0374479
0.496834
0.204048
0.0621281

-0.867037
0.0374479
-0.496834
-0.486661
0.216545

0.372189
0.0400245
-0.927294
-3.4289
2.7571

-0.372189
-0.0400245
0.927294
0.732821
0.0100485

0.656861
0.181672
0.731798
0.626354
0.00502021

-0.656861
-0.181672
-0.731798
0.557771
0.00703187

0.338092
-0.101875
0.935583
0.8249
0.00464219

-0.338092
0.101875
-0.935583
-4.45851
4.50774

0.417748
-0.220097
0.881501
0.797162
0.00242749

-0.417748
0.220097
-0.881501
-0.439916
0.119648

0.123726
-0.680232
-0.722479
-7.01095
15.0418

-0.123726
0.680232
0.722479
0.662919
0.026735

-0.0218659
-0.708496
0.705375
0.723996
0.00517397

0.0218659
0.708496
-0.705375
-0.552153
0.161442

0.505634
0.745437
0.434347
-0.755314
0.477621

-0.505634
-0.745437
-0.434347
-0.755314
0.477621

0.621135
-0.187837
0.76086
0.724764
0.00225254

-0.621135
0.187837
-0.76086
0.597345
0.00481359

0.687995
0.620401
0.376517
0.652231
0.00674281

-0.687995
-0.620401
-0.376517
-0.0149323
0.0572602

0.256795
0.531948
-0.8069
-0.936167
0.268928

-0.256795
-0.531948
0.8069
0.789573
0.00325133

0.926799
-0.375557
0
-1.99848
1.33818

-0.926799
0.375557
0
0.204256
0.0943074

0.60251
0.456368
-0.65476
-0.0364697
0.111471

-0.60251
-0.456368
0.65476
-0.321201
0.181033

-0.347161
0.205906
-0.914922
0.829958
0.000925875

0.347161
-0.205906
0.914922
0.353832
0.0133555

-0.678201
0.641026
-0.359345
-0.148681
0.123482

0.678201
-0.641026
0.359345
0.0255315
0.0888784

-0.301276
0.604949
-0.737068
0.512939
0.0658825

0.301276
-0.604949
0.737068
-7.946
22.1743

-0.205597
0.922494
-0.326701
0.746782
0.00185254

0.205597
-0.922494
0.326701
0.587594
0.00491287

-0.413966
0.321024
0.851807
0.807655
0.00301402

-0.580366
0.138627
-0.80247
0.983563
1.73444e-05

0.580366
-0.138627
0.80247
-0.760726
0.125332

0.41386
-0.672952
-0.61307
-0.696804
0.196938

-0.41386
0.672952
0.61307
0.75587
0.00412481

0.774543
0.632522
0
0.452644
0.016576

-0.774543
-0.632522
0
0.291237
0.0277713

0.0582913
-0.512344
0.8568
0.852861
0.00148036

-0.261344
0.645006
0.7181
0.611983
0.0163145

0.261344
-0.645006
-0.7181
-1.66156
0.762689

-0.281313
0.153564
-0.947249
-5.54154
6.05802

0.281313
-0.153564
0.947249
0.964821
0.000175393

-0.256528
0.509544
0.821315
0.327392
0.0435165

0.256528
-0.509544
-0.821315
-0.619533
0.251354

0.0418526
0.719701
0.693021
0.716719
0.00706845

-0.0418526
-0.719701
-0.693021
-1.28483
0.459303

0.0109026
-0.676847
0.736043
-0.00303149
0.166139

-0.0109026
0.676847
-0.736043
-2.07182
1.55614

0.460679
-0.541329
-0.703376
-0.734269
0.222568

-0.460679
0.541329
0.703376
0.7023
0.00669048

0.336757
0.0801138
0.938177
0.996064
8.27926e-07

-0.336757
-0.0801138
-0.938177
-1.5628
0.332682

-0.0720717
-0.9974
0
-11.0888
59.5919

0.0720717
0.9974
0
0.067225
0.355047

-0.312012
-0.356761
0.880551
0.907425
0.00198676

0.312012
0.356761
-0.880551
-9.06799
23.3701

0.57957
-0.624631
0.523388
0.596164
0.00735602

-0.57957
0.624631
-0.523388
0.369005
0.0179442

0.860541
-0.110908
0.497161
0.559593
0.0232207

-0.860541
0.110908
-0.497161
-1.92915
1.02691

0.84718
-0.325748
0.419731
0.49272
0.0363891

-0.84718
0.325748
-0.419731
-2.49551
1.7256

0.578661
0.212187
-0.787482
-0.653503
0.148307

-0.578661
-0.212187
0.787482
0.88614
0.000743486

-0.368524
-0.512209
0.775779
-0.0585761
0.135909

0.368524
0.512209
-0.775779
-0.734371
0.36442

0.754299
0.0493463
-0.654674
-1.33032
0.511336

-0.754299
-0.0493463
0.654674
0.661811
0.0107884

-0.243529
0.699997
0.67134
0.524747
0.0138812

0.431579
0.871006
0.23471
0.874164
0.00169892

-0.431579
-0.871006
-0.23471
-2.84735
1.58428

-0.0109969
0.969446
-0.245058
0.356608
0.0451026

0.0109969
-0.969446
0.245058
-1.06532
0.464591

0.0398733
0.277362
0.959938
0.932117
0.000640796

-0.381724
-0.291801
-0.877006
-1.23308
0.541811

0.381724
0.291801
0.877006
0.433326
0.0381207

0.153746
-0.58838
0.793833
0.688721
0.011905

0.178672
-0.186393
0.966092
0.959115
5.17364e-05

-0.891986
-0.0252195
-0.451358
0.698837
0.00683961

0.891986
0.0252195
0.451358
-0.762787
0.233262

-0.736588
-0.376608
0.561787
0.281836
0.0364306

0.603978
0.221234
0.76568
0.81611
0.00209042

0.305127
0.676147
-0.670614
-2.26164
1.0936

-0.305127
-0.676147
0.670614
0.802158
0.00485381

0.417118
0.160183
-0.894625
0.96288
2.53255e-05

-0.417118
-0.160183
0.894625
0.906788
9.0644e-05

0.357273
0.627412
-0.691889
0.830628
0.00164181

-0.357273
-0.627412
0.691889
-0.524347
0.132092

-0.198657
0.557118
-0.806322
0.576332
0.0108004

0.000781499
-0.319683
0.947524
0.295089
0.0574244

-0.000781499
0.319683
-0.947524
-1.13206
0.522952

-0.743038
0.534649
-0.402548
0.126923
0.0458823

0.743038
-0.534649
0.402548
0.483386
0.0160856

0.524521
0.0111789
0.851324
0.321489
0.0386411

-0.524521
-0.0111789
-0.851324
-0.276149
0.136566

-0.722952
0.602665
0.337838
0.805125
0.00227783

0.722952
-0.602665
-0.337838
-0.539644
0.141441

-0.24266
-0.251124
-0.937045
0.651286
0.0105154

0.24266
0.251124
0.937045
-1.02102
0.352628

-0.0156716
0.352618
0.935636
0.846759
0.00573233

0.0784817
-0.996916
0
0.61655
0.0045969

0.219386
0.614082
0.758138
-1.95915
1.16763

-0.219386
-0.614082
-0.758138
0.400772
0.0480485

0.00492262
-0.536232
0.844056
0.180851
0.116694

0.570322
0.249955
-0.782468
-0.255352
0.142735

-0.570322
-0.249955
0.782468
0.177337
0.0613241

-0.418394
-0.908266
0
-1.73536
1.59971

0.418394
0.908266
0
-1.1296
0.969636

-0.42335
-0.499268
-0.75598
-1.50117
1.4601

0.42335
0.499268
0.75598
-1.80292
1.83174

0.662389
-0.727431
0.179125
0.685189
0.00837565

-0.662389
0.727431
-0.179125
-1.056
0.357187

0.243186
0.570062
-0.784786
0.596528
0.00987172

-0.223043
-0.54891
0.805574
-7.50148
15.4655

0.223043
0.54891
-0.805574
0.843696
0.0052302

0.0552332
-0.267725
-0.961911
-1.33951
0.466834

-0.0552332
0.267725
0.961911
0.759666
0.00492846

0.561154
-0.418612
0.714052
0.632828
0.0133654

-0.62495
-0.521945
-0.580527
0.225213
0.0707894

-0.307035
-0.103007
-0.946107
0.806269
0.010726

0.925226
0.379418
0
-7.87408
15.6434

-0.925226
-0.379418
0
0.931416
0.00104455

-0.0122457
0.40777
-0.913003
0.160503
0.0524947

0.0122457
-0.40777
0.913003
0.160503
0.0524947

-0.540804
-0.546258
0.639635
-0.534773
0.11754

0.540804
0.546258
-0.639635
0.897788
0.000522812

-0.0550709
0.439302
0.89665
0.887788
0.00296221

0.0550709
-0.439302
-0.89665
-8.97541
23.302

-0.873126
-0.487495
0
-7.44745
14.7287

0.873126
0.487495
0
0.827603
0.0104612

0.493171
-0.812482
-0.310894
-0.461624
0.199111

-0.493171
0.812482
0.310894
0.274469
0.0490825

0.200725
0.47392
0.857385
0.772918
0.00340619

-0.200725
-0.47392
-0.857385
-0.603288
0.165421

0.253592
0.243079
0.936271
0.940351
0.00109482

-0.287895
-0.26634
0.91988
0.759075
0.0147728

0.287895
0.26634
-0.91988
-8.51901
22.8712

-0.636161
0.018049
0.771345
0.909814
0.000421107

0.636161
-0.018049
-0.771345
-0.514212
0.109997

-0.836997
-0.20791
-0.506171
-0.763756
0.341209

0.836997
0.20791
0.506171
0.174313
0.074847

-0.574803
0.455476
0.679812
0.72375
0.00836696

0.574803
-0.455476
-0.679812
-2.13442
1.07613

-0.645255
-0.334841
0.686679
0.812767
0.00238381

0.645255
0.334841
-0.686679
-0.82845
0.222708

-0.670216
-0.645425
0.366384
0.614834
0.00846926

0.670216
0.645425
-0.366384
0.00883222
0.0560526

-0.647575
-0.0119522
0.761908
0.44954
0.02219

0.647575
0.0119522
-0.761908
-0.175833
0.101132

0.60682
0.278357
0.744504
0.102369
0.0958443

-0.60682
-0.278357
-0.744504
-0.909022
0.433422

0.888863
-0.0608512
0.454114
0.447889
0.00600827

-0.678277
0.162066
0.716711
0.687945
0.00910591

-0.0521283
0.873817
-0.483453
-0.77965
0.189733

0.0521283
-0.873817
0.483453
0.864018
0.00112571

0.396509
0.415542
-0.8186
-2.69168
2.07802

-0.396509
-0.415542
0.8186
0.424775
0.0506513

0.629579
0.454071
0.630436
0.587188
0.00603218

-0.629579
-0.454071
-0.630436
0.612075
0.0053274

-0.459998
-0.41435
0.785313
0.698894
0.00673377

0.459998
0.41435
-0.785313
-0.698426
0.211268

0.33616
-0.619922
0.709009
0.77496
0.0172188

-0.33616
0.619922
-0.709009
-12.6914
63.4831

-0.490993
0.333619
0.804751
0.627397
0.0106875

0.490993
-0.333619
-0.804751
-0.633415
0.20484

-0.281666
0.569511
-0.772218
-0.890896
0.285681

0.281666
-0.569511
0.772218
0.684539
0.0080473

-0.112872
0.449557
0.886091
0.880827
0.000626394

-0.325667
-0.517086
0.791558
0.965946
0.000578482

0.303406
0.630751
-0.714211
-1.25264
0.737475

-0.303406
-0.630751
0.714211
-0.149312
0.192016

0.953173
0.302425
0
-0.00255525
0.0587228

-0.850268
-0.41447
0.324435
-0.539073
0.351762

0.850268
0.41447
-0.324435
-0.831635
0.498183

-0.887126
-0.389158
0.248119
0.186748
0.0774732

0.887126
0.389158
-0.248119
-0.996251
0.466765

-0.491661
-0.815214
0.306097
0.759532
0.00178268

0.598207
-0.501118
0.625323
0.628684
0.0296552

-0.598207
0.501118
-0.625323
-5.97249
10.4492

0.0821949
-0.909313
-0.407915
0.787179
0.00106591

-0.0821949
0.909313
0.407915
0.673878
0.0025006

-0.66374
-0.588496
0.461652
0.553797
0.0126362

0.66374
0.588496
-0.461652
-0.0657268
0.0718915

-0.502665
0.711838
0.490525
-0.535898
0.194635

0.502665
-0.711838
-0.490525
0.498483
0.0208021

-0.387589
0.651826
0.651842
0.553643
0.00610246

0.665088
-0.109024
-0.738764
0.984294
5.11432e-06

0.928945
0.370217
0
-1.53458
0.518603

-0.928945
-0.370217
0
0.815689
0.00842417

0.531962
0.184696
0.82638
0.783853
0.0036433

-0.531962
-0.184696
-0.82638
-1.08675
0.332023

0.274496
-0.163066
0.947661
0.886953
0.00408715

-0.274496
0.163066
-0.947661
-13.1806
64.2516

-0.254796
0.709656
0.656862
-2.47215
1.71673

0.254796
-0.709656
-0.656862
0.471228
0.0399331

0.312079
0.0318091
0.949524
0.960861
0.000206602

-0.738733
0.656681
-0.151804
0.791542
0.00195359

0.738733
-0.656681
0.151804
0.0214047
0.0430016

0.013418
0.672109
-0.74033
-0.187674
0.143777

-0.013418
-0.672109
0.74033
-0.118841
0.127617

0.725849
0.687854
0
0.291548
0.0323067

-0.725849
-0.687854
0
0.316627
0.0301375

0.112741
0.7358
-0.667748
0.678192
0.017143

-0.112741
-0.7358
0.667748
-4.14892
4.36749

-0.117052
-0.445913
0.88739
-2.43261
1.96322

0.117052
0.445913
-0.88739
0.141845
0.123013

-0.447412
0.296756
-0.843657
-7.42829
15.4002

0.447412
-0.296756
0.843657
0.821682
0.00696954

-0.39161
0.661631
0.639442
0.511179
0.0103376

0.39161
-0.661631
-0.639442
0.511179
0.0103376

-0.0916702
-0.710233
0.697973
0.291778
0.0667528

0.47546
-0.129799
-0.870109
-0.477991
0.102373

-0.47546
0.129799
0.870109
0.911872
0.000402403

0.604465
0.703684
-0.373431
0.628307
0.00689267

-0.604465
-0.703684
0.373431
0.19278
0.0324888

-0.264192
-0.482839
0.834906
0.371688
0.068739

0.264192
0.482839
-0.834906
-3.29779
3.21501

0.759406
0.547511
0.351475
0.0402274
0.0875124

-0.759406
-0.547511
-0.351475
-0.198895
0.136528

-0.577745
0.458769
0.675086
0.488799
0.0467206

0.577745
-0.458769
-0.675086
-3.85995
4.21115

-0.261182
0.950532
0.168142
0.834561
0.00137823

-0.28467
-0.124802
-0.950467
0.576717
0.00357788

0.204037
0.463513
-0.862279
0.596164
0.00737919

0.9776
-0.210473
0
-1.01748
0.235966

0.284793
0.127313
-0.950097
0.953813
0.00021079

0.506797
0.00862037
0.862022
0.973943
0.000488449

-0.506797
-0.00862037
-0.862022
-36.6266
1015.73

0.0325052
-0.731796
-0.680748
0.487178
0.0193268

0.131663
0.695899
0.705968
0.875429
0.00102574

-0.131663
-0.695899
-0.705968
-0.993125
0.253461

-0.0700371
-0.164793
0.983838
0.980051
0.000285072

0.0700371
0.164793
-0.983838
-36.749
1016.02

0.448511
-0.0392601
-0.892915
-17.389
126.568

-0.448511
0.0392601
0.892915
0.954027
0.000792452

-0.999046
-0.0436603
0
0.251534
0.0464852

-0.345262
0.805397
-0.481798
-5.93826
10.4188

0.345262
-0.805397
0.481798
0.610806
0.0328355

0.202173
0.702704
-0.682154
-1.5067
0.810531

-0.202173
-0.702704
0.682154
0.267576
0.0692345

0.508879
0.688655
-0.516523
-0.101684
0.112009

-0.508879
-0.688655
0.516523
0.0112348
0.0902412

-0.801801
0.453837
0.388776
0.310233
0.0409504

0.801801
-0.453837
-0.388776
-0.318081
0.149422

0.89419
-0.382877
0.232011
0.850005
0.00197929

-0.453981
-0.557617
-0.694957
-1.75834
0.782188

0.453981
0.557617
0.694957
0.693516
0.00973733

0.314387
0.214089
-0.924839
-2.77587
1.35697

-0.314387
-0.214089
0.924839
0.929788
0.000478231

-0.073265
0.407795
-0.910129
-22.9893
298.64

0.073265
-0.407795
0.910129
0.871562
0.00856763

-0.220061
-0.395259
0.89182
0.628684
0.029643

0.220061
0.395259
-0.89182
-5.97249
10.4499

-0.311323
0.487419
-0.815782
0.149818
0.0342112

0.311323
-0.487419
0.815782
0.700278
0.004331

-0.102093
-0.15482
-0.982653
-0.655269
0.183413

0.102093
0.15482
0.982653
0.770523
0.00542088

0.183447
0.948195
0.259371
0.0553348
0.086086

-0.183447
-0.948195
-0.259371
-0.25262
0.151345

0.2825
0.77026
-0.571746
-1.6051
0.750904

-0.2825
-0.77026
0.571746
0.558303
0.0215895

-0.375876
0.13332
0.91703
0.874311
0.000486608

0.584784
-0.0353798
-0.810417
-1.17437
0.484839

-0.584784
0.0353798
0.810417
0.499024
0.0257472

-0.868879
0.294661
0.397775
0.69234
0.00775918

0.868879
-0.294661
-0.397775
-0.978207
0.319746

-0.00700522
0.769769
-0.638284
0.895975
0.000672447

-0.3046
-0.00957203
0.952432
0.119284
0.0692111

0.3046
0.00957203
-0.952432
-0.142346
0.11625

0.372673
-0.736886
-0.564016
0.473406
0.0158964

0.288531
0.188678
-0.938696
-2.88525
1.84804

-0.288531
-0.188678
0.938696
0.771667
0.00649877

-0.224846
-0.133562
0.965197
0.89461
0.000356792

0.224846
0.133562
-0.965197
0.175455
0.0217895

0.914968
0.078048
0.395906
0.0192552
0.105219

-0.914968
-0.078048
-0.395906
-0.532414
0.256799

-0.926413
-0.114031
-0.358827
-10.5574
32.36

0.926413
0.114031
0.358827
0.956795
0.000458238

0.0679153
-0.31029
-0.948213
-11.0236
37.3447

-0.0679153
0.31029
0.948213
0.94009
0.000935376

-0.904828
-0.425777
0
0.509628
0.0657381

0.904828
0.425777
0
-5.00707
6.89311

0.133014
0.18741
0.973234
0.872277
0.000419735

-0.133014
-0.18741
-0.973234
0.469159
0.00718135

0.539016
-0.369248
0.757045
0.87253
0.00282894

-0.539016
0.369248
-0.757045
-5.79285
7.90898

-0.653889
0.075656
-0.752798
0.974048
0.00033458

-0.84088
0.489096
0.231744
0.175213
0.0560784

0.84088
-0.489096
-0.231744
-0.0498239
0.0908448

-0.365597
-0.313349
-0.876442
-3.22947
2.67783

0.365597
0.313349
0.876442
0.608235
0.0231427

-0.307282
0.951618
0
0.0560319
0.192936

-0.931582
-0.158441
0.327188
-2.12055
1.21582

0.931582
0.158441
-0.327188
0.561171
0.0240681

0.905091
0.425217
0
0.258869
0.0880773

-0.905091
-0.425217
0
-1.66069
0.925283

-0.803432
-0.0348452
0.594376
0.369234
0.0933209

0.803432
0.0348452
-0.594376
-5.54906
10.0567

-0.393718
-0.735924
-0.550819
-0.0438356
0.0486083

0.393718
0.735924
0.550819
0.836275
0.00161186

0.178657
-0.92833
0.326016
-9.22042
23.4714

-0.178657
0.92833
-0.326016
0.935331
0.000943905

-0.58058
0.209858
-0.786693
-6.03685
10.5025

0.58058
-0.209858
0.786693
0.660924
0.0243991

0.498542
0.389221
0.774573
0.000399828
0.096305

-0.498542
-0.389221
-0.774573
-0.183785
0.134984

-0.177913
0.622645
-0.762011
0.530287
0.0225207

0.177913
-0.622645
0.762011
-1.20123
0.489486

-0.915719
-0.40182
0
-2.55683
1.09978

0.915719
0.40182
0
0.927412
0.00178716

0.689268
0.724507
0
0.244772
0.0357958

-0.689268
-0.724507
0
0.442246
0.0204406

0.951252
-0.197356
0.237004
-3.71984
7.65792

-0.951252
0.197356
-0.237004
-2.15957
3.43175

0.469049
0.617872
0.631053
0.49272
0.0364406

-0.469049
-0.617872
-0.631053
-2.49551
1.72524

0.0249538
-0.468085
0.883331
0.799764
0.00260075

-0.0249538
0.468085
-0.883331
-0.634574
0.167714

0.963915
0.0883342
-0.251127
0.807412
0.00237046

-0.963915
-0.0883342
0.251127
-0.699484
0.184075

0
-1
0
0.53845
0.0434008

0
1
0
-5.05205
7.45607

-0.480173
-0.350238
-0.804219
-3.06112
2.2182

0.480173
0.350238
0.804219
0.708626
0.0114305

-0.466764
0.364426
0.805807
0.796887
0.00196873

-0.669545
-0.232032
-0.705599
-0.772716
0.316575

0.669545
0.232032
0.705599
0.332487
0.0449185

-0.248027
-0.484707
0.838774
0.558994
0.0200676

0.248027
0.484707
-0.838774
-1.34176
0.564752

-0.284389
0.919441
-0.271574
0.564323
0.0353707

0.284389
-0.919441
0.271574
-4.47658
5.58614

-0.690312
0.689084
-0.220529
0.746895
0.00182517

0.690312
-0.689084
0.220529
0.602187
0.00449683

0.489008
0.725023
0.484987
0.562702
0.017884

-0.489008
-0.725023
-0.484987
-1.02866
0.384617

0.266699
0.496773
0.825886
0.829321
0.00092778

0.699034
-0.715088
0
0.913464
0.00225004

-0.699034
0.715088
0
-3.86767
2.77528

-0.353786
-0.831021
0.429233
0.171595
0.0259108

-0.850995
0.414018
0.323104
-2.5093
1.14482

0.850995
-0.414018
-0.323104
0.912024
0.000724971

0
0.112347
0.993669
0.909065
0.00421023

0.00773437
0.556346
-0.830915
0.303065
0.0230586

-0.00773437
-0.556346
0.830915
0.598471
0.00766185

0.26034
0.906946
-0.331168
-4.41222
5.54409

-0.26034
-0.906946
0.331168
0.521637
0.0433399

0.494476
-0.559666
-0.665032
0.584364
0.00801636

-0.87974
-0.273029
0.389247
0.567712
0.00687625

0.87974
0.273029
-0.389247
0.598835
0.00592196

-0.78372
0.461158
0.416073
-0.161623
0.117964

0.78372
-0.461158
-0.416073
0.16687
0.0607241

0.0209556
0.670659
0.74147
0.77878
0.0108944

-0.0209556
-0.670659
-0.74147
-7.29925
15.3076

-0.555748
0.619212
-0.554725
-0.613622
0.202811

0.555748
-0.619212
0.554725
0.603444
0.0122601

-0.993509
-0.113754
0
0.346704
0.0594401

-0.549834
-0.344585
-0.760884
0.856779
0.00033258

-0.564332
-0.284307
0.775048
0.671449
0.00315627

0.564332
0.284307
-0.775048
0.687408
0.00286267

-0.045417
-0.946573
0.319277
-0.00270784
0.0868434

0.761799
0.345471
0.548007
0.558692
0.00756782

-0.0109331
0.412045
-0.911098
-0.398544
0.167887

0.0109331
-0.412045
0.911098
0.365678
0.0345812

-0.58604
-0.747321
0.31316
0.876967
0.00220452

0.58604
0.747321
-0.31316
-4.60568
4.56146

0.47617
0.783274
-0.399681
-1.02985
0.457727

-0.47617
-0.783274
0.399681
0.304459
0.0537877

-0.158454
-0.91982
0.358919
0.302854
0.0815843

0.158454
0.91982
-0.358919
-2.87342
2.51714

-0.637464
0.588575
0.497212
0.932666
0.000309395

0.637464
-0.588575
-0.497212
-1.45402
0.397796

0.375641
-0.803147
0.462437
-0.236239
0.1117

-0.375641
0.803147
-0.462437
0.487176
0.0192312

0.036819
0.748544
-0.662062
0.124747
0.0377718

-0.036819
-0.748544
0.662062
0.680276
0.00509474

-0.884692
0.315718
0.34299
0.155748
0.0765612

0.884692
-0.315718
-0.34299
-0.672305
0.300368

-0.408025
0.124472
0.904446
0.919993
0.00084578

0.408025
-0.124472
-0.904446
-0.0229642
0.0403076

-0.510161
0.230847
-0.82852
-16.5921
125.158

0.510161
-0.230847
0.82852
0.832555
0.0114085

-0.0146941
-0.0284559
-0.999487
-0.808619
0.257675

0.0146941
0.0284559
0.999487
0.67571
0.0109249

0.372195
-0.757529
-0.536303
-2.13802
1.22052

-0.372195
0.757529
0.536303
0.576545
0.0222899

0.888976
0.455277
0.0494382
0.824081
0.00386298

-0.888976
-0.455277
-0.0494382
-3.28109
2.28532

0.318572
-0.824013
-0.468523
-0.914344
0.266825

-0.318572
0.824013
0.468523
0.772373
0.00379949

0.0393393
-0.377698
-0.925093
0.906538
0.00134525

0.359353
-0.860366
0.361436
0.44937
0.0044635

0.393734
-0.804489
-0.444715
-4.1375
5.35024

-0.393734
0.804489
0.444715
0.30929
0.0967799

-0.268077
0.723821
0.635781
0.399519
0.0227118

0.268077
-0.723821
-0.635781
0.163892
0.0440126

0.851164
-0.157277
-0.500784
0.669394
0.00838158

-0.622752
-0.0274985
0.781936
0.436837
0.0181068

0.622752
0.0274985
-0.781936
0.264441
0.03088

-0.825652
0.184892
-0.533023
0.868185
0.00127826

0.825652
-0.184892
0.533023
-1.30885
0.385542

0.78153
-0.269638
-0.562588
-0.123769
0.0830887

-0.78153
0.269638
0.562588
0.544918
0.0136391

0.226426
-0.471202
0.852467
-0.79336
0.652475

-0.226426
0.471202
-0.852467
-1.87733
1.67884

-0.754128
0.650964
0.0868157
0.898284
0.00213394

-0.931324
0.212031
-0.296106
-0.613009
0.120817

0.931324
-0.212031
0.296106
0.937372
0.000182942

-0.174731
0.984616
0
0.392391
0.0294039

0.174731
-0.984616
0
-0.267725
0.127973

-0.201097
0.0300952
-0.979109
0.422594
0.0133567

0.201097
-0.0300952
0.979109
0.666491
0.0045388

-0.618284
-0.323868
0.716125
-0.716293
0.563721

0.618284
0.323868
-0.716125
-1.68175
1.37584

-0.0152855
-0.430401
-0.902508
-6.90993
11.0272

0.0152855
0.430401
0.902508
0.942977
0.000580136

-0.183275
-0.856779
-0.482017
-2.92298
2.16953

0.183275
0.856779
0.482017
0.616895
0.0207396

-0.593478
0.622846
0.509751
0.940264
0.000185446

0.593478
-0.622846
-0.509751
-0.762889
0.153508

0.13297
-0.12759
0.982873
0.991585
1.51105e-05

-0.069647
0.20506
0.976268
0.830393
0.00291696

0.069647
-0.20506
-0.976268
-2.3151
1.11295

0.862531
-0.344521
0.370603
0.405893
0.0819251

-0.862531
0.344521
-0.370603
-5.60117
10.1085

0.0112735
0.457375
0.889203
0.889138
0.0014497

-0.613977
0.498313
-0.61214
-12.1063
62.3144

0.613977
-0.498313
0.61214
0.582069
0.0634559

0.215428
0.886258
0.410046
0.118675
0.0444327

-0.215428
-0.886258
-0.410046
0.545265
0.0118517

0.747256
-0.643611
-0.165447
0.0390306
0.10297

-0.747256
0.643611
0.165447
-0.614811
0.290741

0.204181
-0.747055
0.632629
0.286429
0.0443217

-0.204181
0.747055
-0.632629
-0.306163
0.148238

-0.889533
-0.456872
0
0.442462
0.0283307

0.277961
-0.93252
0.230529
-0.84361
0.458073

-0.277961
0.93252
-0.230529
-0.243957
0.208562

0.710045
0.17962
0.680862
0.633289
0.00746379

-0.710045
-0.17962
-0.680862
0.0225141
0.0530024

0.682479
0.2936
0.669344
0.732848
0.0134357

-0.682479
-0.2936
-0.669344
-5.41433
7.70492

-0.834583
0.375078
0.40347
-8.05305
22.3306

0.834583
-0.375078
-0.40347
0.566799
0.0511362

0.967604
0.117977
-0.223213
-0.120397
0.0436197

-0.967604
-0.117977
0.223213
0.940231
0.000152135

-0.500269
0.235876
0.833123
-3.61863
2.82079

0.500269
-0.235876
-0.833123
0.825376
0.00403516

-0.342838
0.247036
0.906331
0.909804
0.00187709

0.739868
-0.259599
0.620648
0.715268
0.0343749

-0.739868
0.259599
-0.620648
-16.1018
124.004

0.744843
0.667239
0
-0.0205588
0.0577681

-0.744843
-0.667239
0
0.697485
0.00625414

-0.529537
-0.797223
-0.289872
-2.5323
1.14808

0.529537
0.797223
0.289872
0.91968
0.000597649

0.058411
-0.590247
-0.805107
0.965296
8.7811e-05

0.75666
0.476561
0.447612
-4.04091
5.27752

-0.75666
-0.476561
-0.447612
0.222006
0.125729

0.145819
-0.88006
0.451919
0.471906
0.016425

-0.145819
0.88006
-0.451919
0.174851
0.0400937

-0.174794
0.921738
-0.346189
-0.632586
0.235447

0.174794
-0.921738
0.346189
0.45661
0.0260863

0.214772
0.828783
0.516712
-1.70015
0.770914

-0.214772
-0.828783
-0.516712
0.646025
0.0132543

0.321237
-0.864925
0.385632
0.560802
0.00390769

-0.838807
-0.54443
0
0.724253
0.0107069

-0.892737
-0.0712813
-0.444903
-23.2874
299.481

0.892737
0.0712813
0.444903
0.912566
0.00388241

0.218389
0.502806
-0.836356
-3.50046
2.78195

-0.218389
-0.502806
0.836356
0.770527
0.00725596

-0.245253
0.646903
0.722057
0.765485
0.00278515

0.245253
-0.646903
-0.722057
-0.100921
0.0612346

0.8017
-0.237235
-0.548631
-0.776279
0.234614

-0.8017
0.237235
0.548631
0.712091
0.0062082

0.937398
0.315034
0.148456
0.997313
5.5927e-06

0.114375
-0.269547
0.956171
0.958724
0.000372909

-0.114375
0.269547
-0.956171
-9.37888
23.5599

0.0761955
-0.151258
0.985553
0.952198
0.000189259

-0.631993
-0.4864
0.603324
0.354266
0.109802

0.631993
0.4864
-0.603324
-6.59642
15.1634

-0.623201
0.365823
0.691227
0.521843
0.0152673

-0.988996
-0.147944
0
0.676299
0.00329603

0.988996
0.147944
0
0.741508
0.00221941

-0.638277
0.331212
0.694911
0.635141
0.00397949

0.0243905
-0.66369
0.74761
-2.10314
2.07785

-0.0243905
0.66369
-0.74761
-0.877209
0.760644

-0.36437
0.90227
0.230529
-1.02536
0.548463

0.36437
-0.90227
-0.230529
-0.0891962
0.158635

-0.109953
0.3086
-0.944816
-2.5275
2.72793

0.109953
-0.3086
0.944816
-0.651386
0.598334

0.344751
-0.777898
0.525377
-2.08399
1.20548

-0.344751
0.777898
-0.525377
0.527783
0.0282671

-0.392541
-0.384215
-0.835638
-3.16172
2.64951

0.392541
0.384215
0.835638
0.558845
0.0299404

0.905613
0.424105
0
0.243354
0.0436217

-0.905613
-0.424105
0
0.298366
0.038244

-0.848472
0.505104
-0.158005
-0.462759
0.333878

0.848472
-0.505104
0.158005
-1.10637
0.692313

-0.0675662
-0.372137
-0.925715
-1.07075
0.509839

-0.571248
-0.0147032
0.820646
0.797804
0.00134748

0.964275
0.264904
0
-1.86416
1.28725

-0.964275
-0.264904
0
0.0157597
0.15206

0.489763
0.667853
-0.56045
0.97281
5.30764e-05

-0.441315
-0.144633
-0.88562
-1.35788
0.626376

0.441315
0.144633
0.88562
0.436436
0.0358346

0.288884
0.364363
-0.885317
-1.59555
0.834232

-0.288884
-0.364363
0.885317
0.382374
0.0472508

-0.984141
0.103659
-0.143946
-0.100921
0.0612186

0.984141
-0.103659
0.143946
0.765485
0.00277846

-0.230118
-0.081218
0.969768
0.942506
0.00164549

0.836577
-0.248321
0.488339
-0.721363
0.264927

-0.243155
-0.852679
0.4624
0.0114622
0.0451856

0.0215392
-0.173176
-0.984655
-0.599987
0.176369

-0.0215392
0.173176
0.984655
0.718095
0.00561307

-0.158391
-0.845427
0.510064
0.862002
0.000571071

-0.57097
0.0770099
-0.817351
-8.62915
22.9988

0.57097
-0.0770099
0.817351
0.795213
0.0104229

-0.537931
0
0.842989
0.848204
0.00759506

0.537931
0
-0.842989
-12.9895
63.9529

-0.245691
0.0462218
0.968245
0.921934
0.00311939
