
-0.0629655
0.142627
0.987772
0.763051
0.00419961

0.0629655
-0.142627
-0.987772
-0.902967
0.265739

-0.456142
-0.452454
0.766303
-0.0498239
0.0908733

0.456142
0.452454
-0.766303
0.175213
0.0561061

-0.183888
0.458694
-0.869359
0.952
0.000142958

-0.597762
0.710729
-0.370872
-1.16979
0.530904

0.597762
-0.710729
0.370872
0.349315
0.0477829

0.878335
-0.478046
0
0.233794
0.0764818

-0.637408
-0.585366
-0.501057
-4.04299
3.54591

0.637408
0.585366
0.501057
0.84007
0.00359005

0.667714
0.575051
-0.47273
0.741392
0.00655656

-0.667714
-0.575051
0.47273
-1.47101
0.551684

-0.625755
-0.216693
-0.749316
0.983007
8.06754e-05

0.625755
0.216693
0.749316
-11.413
37.5363

0.252001
0.967727
0
-0.858721
0.282094

0.21383
-0.819452
-0.531766
0.473287
0.0243212

0.701333
0.10983
0.704322
0.267576
0.0692102

-0.701333
-0.10983
-0.704322
-1.5067
0.810565

0.441427
0.0988268
0.891838
-13.403
64.4756

-0.441427
-0.0988268
-0.891838
0.92437
0.00181444

-0.529846
-0.743869
-0.407335
-1.03768
0.301069

0.529846
0.743869
0.407335
0.807957
0.00296086

0.692122
0.721781
0
0.67142
0.0187273

-0.692122
-0.721781
0
-2.06191
1.02102

0.102334
0.470649
0.876366
0.879401
0.00018934

-0.102334
-0.470649
-0.876366
0.823917
0.000403035

-0.571784
-0.661081
-0.485834
-22.8609
298.213

0.571784
0.661081
0.485834
0.851284
0.0116057

0.93371
-0.0620171
0.352619
-0.530276
0.415025

-0.93371
0.0620171
-0.352619
-1.5628
1.1639

0.166428
0.840928
-0.514919
-0.374996
0.165326

-0.166428
-0.840928
0.514919
0.322151
0.0402352

0.0797527
0
0.996815
0.286429
0.0442204

-0.0797527
0
-0.996815
-0.306163
0.148138

-0.229094
0.343282
0.910864
0.956319
0.000374556

-0.485081
-0.482638
0.729217
0.664367
0.00662006

0.620224
-0.166897
0.766464
0.707448
0.00487439

-0.268074
0.0950903
0.958694
0.897364
0.000648923

0.268074
-0.0950903
-0.958694
-0.96452
0.232726

-0.590668
-0.316163
-0.742396
0.539675
0.0172276

0.590668
0.316163
0.742396
-0.564831
0.197813

0.856116
-0.429583
0.287269
0.151388
0.0366464

-0.856116
0.429583
-0.287269
0.636189
0.00674592

-0.522556
-0.673836
0.522379
-0.358352
0.10227

-0.590425
0.362384
-0.721163
0.939188
0.000286894

0.590425
-0.362384
0.721163
-1.80505
0.570081

-0.0830802
-0.924618
0.371724
0.401728
0.0147692

0.0830802
0.924618
-0.371724
0.646738
0.00516162

-0.128219
0.950622
0.282625
0.98143
8.52505e-05

0.162446
0.24044
-0.956974
-1.18779
0.534513

-0.162446
-0.24044
0.956974
0.374076
0.044002

0.0304115
0.374248
0.92683
-0.206777
0.155258

-0.0304115
-0.374248
-0.92683
-0.206777
0.155258

-0.620269
0.406729
0.670699
0.575549
0.0167297

-0.465045
-0.470841
0.749694
0.627898
0.00882719

0.465045
0.470841
-0.749694
-0.212154
0.0934375

-0.181423
0.283874
0.941542
0.715409
0.00704345

0.181423
-0.283874
-0.941542
-1.18243
0.406311

-0.730065
0.528067
-0.433762
-0.434339
0.151465

0.730065
-0.528067
0.433762
0.584126
0.0127671

0.452168
-0.559288
0.694795
0.238494
0.0233934

-0.181296
0.206676
-0.961466
-2.43497
0.993525

0.181296
-0.206676
0.961466
0.946993
0.00023844

0.0327199
-0.104181
0.99402
0.897261
0.0013113

-0.954323
0.200422
0.221584
-0.535899
0.182115

0.954323
-0.200422
-0.221584
0.578585
0.0137193

-0.623777
-0.423595
-0.656864
-3.5524
4.01989

0.623777
0.423595
0.656864
0.220517
0.117874

-0.315225
-0.740507
0.593534
0.199138
0.0348302

0.315225
0.740507
-0.593534
0.545392
0.0112656

-0.924114
0.160154
0.346935
0.529398
0.0293824

0.924114
-0.160154
-0.346935
-2.29744
1.4411

-0.882414
-0.470474
0
-0.215219
0.26077

0.882414
0.470474
0
-1.53545
0.98727

0.401582
0.581906
0.707189
0.715806
0.00974956

-0.401582
-0.581906
-0.707189
-2.54012
1.51249

-0.677791
0.679195
-0.281591
0.372962
0.0369824

0.677791
-0.679195
0.281591
-0.647
0.255019

0.614569
0.404288
-0.677389
0.96169
8.95551e-05

-0.614569
-0.404288
0.677389
-1.45186
0.361996

-0.834084
0.105431
-0.541469
-3.06994
1.89567

0.834084
-0.105431
0.541469
0.859127
0.00229555

0.307925
-0.563992
-0.766221
0.245004
0.0248237

-0.307925
0.563992
0.766221
0.706247
0.003774

0.492959
0.681868
-0.540414
0.848599
0.000767841

-0.492959
-0.681868
0.540414
0.261654
0.0182293

-0.221012
0.448183
-0.86619
-0.103338
0.118667

0.221012
-0.448183
0.86619
-0.103338
0.118667

0.577082
-0.402378
0.710681
-0.860705
0.209351

-0.577082
0.402378
-0.710681
0.876324
0.000933821

0.37086
-0.57722
0.727516
0.232133
0.0299352

-0.37086
0.57722
-0.727516
0.586107
0.0087042

-0.341431
-0.00493414
-0.939894
-35.9005
1012.8

0.341431
0.00493414
0.939894
0.920172
0.00478306

-0.348883
0.92133
0.171558
-0.66567
0.158909

0.348883
-0.92133
-0.171558
0.861843
0.00109382

-0.598374
0.0855554
-0.796636
0.990553
2.72239e-06

0.37634
-0.269076
0.886547
0.229861
0.0377249

-0.37634
0.269076
-0.886547
0.335955
0.0280909

0.448256
-0.616017
-0.647757
-2.75444
1.81128

-0.448256
0.616017
0.647757
0.693518
0.0121422

0.502721
-0.366103
-0.783097
-3.22946
2.27073

-0.502721
0.366103
0.783097
0.800119
0.00507596

-0.363174
0.10124
-0.926205
-2.14655
0.953717

0.363174
-0.10124
0.926205
0.83747
0.00254964

0.501656
-0.46972
0.726433
0.760387
0.00249521

0.338627
-0.788016
0.514161
0.493565
0.00949357

-0.543223
0.13113
0.829285
0.882979
0.00443322

0.543223
-0.13113
-0.829285
-13.1595
64.1907

-0.0546743
-0.659376
0.749823
0.473406
0.0415657

0.0546743
0.659376
-0.749823
-2.74466
2.10101

0.351084
-0.823217
-0.446154
0.325738
0.024708

-0.351084
0.823217
0.446154
0.442757
0.0168878

0.113957
0.764399
0.634593
0.785462
0.0155686

-0.113957
-0.764399
-0.634593
-12.7304
63.5555

0.207746
0.0501881
0.976894
0.973789
0.000171227

-0.207746
-0.0501881
-0.976894
-11.3044
37.524

0.103611
0.275097
0.955817
0.727857
0.00788814

-0.103611
-0.275097
-0.955817
-1.96361
0.919055

0.591032
0.701224
0.398706
0.0805469
0.755097

-0.591032
-0.701224
-0.398706
-32.1
978.477

0.0564247
-0.0750422
0.995583
0.984676
9.38254e-05

0.324564
-0.643355
0.693364
0.745941
0.0132269

-0.324564
0.643355
-0.693364
-6.22655
10.6433

-0.0966699
0.620259
0.778417
0.791034
0.00793986

0.0966699
-0.620259
-0.778417
-5.55316
7.79001

0.0165311
0.749693
-0.661579
0.893373
0.000517874

0.670035
0.308032
-0.675403
0.238171
0.0276881

-0.670035
-0.308032
0.675403
0.637655
0.00626691

-0.403767
-0.737994
0.540681
0.464571
0.00820847

0.403767
0.737994
-0.540681
0.827319
0.000855091

-0.722116
0.691772
0
0.661204
0.00626767

0.722116
-0.691772
0
0.174021
0.0343446

0.247907
0.829608
-0.500292
-0.253355
0.101395

-0.247907
-0.829608
0.500292
0.633789
0.00869601

0.0572839
-0.214468
0.97505
0.543333
0.0511298

-0.0572839
0.214468
-0.97505
-6.77047
14.7991

0.350338
-0.547996
0.759581
0.0805531
0.260836

-0.350338
0.547996
-0.759581
-7.27506
21.1274

0.27203
-0.579216
0.768445
0.852539
0.00140299

-0.27203
0.579216
-0.768445
-0.822071
0.206722

0.113119
-0.42804
0.896653
0.927753
0.000304957

0.78206
0.623203
0
0.792136
0.0379411

-0.78206
-0.623203
0
0.976904
0.00461348

0.0433041
0.503853
-0.862703
-5.43615
7.72224

-0.0433041
-0.503853
0.862703
0.742554
0.012357

-0.757348
0.64883
0.0737831
0.893397
0.0030546

-0.349445
0.519269
0.779902
0.890728
0.00381557

0.0696213
-0.341472
0.93731
0.974179
0.000165321

0.316875
-0.928767
-0.192308
-0.532413
0.455067

-0.316875
0.928767
0.192308
-2.00354
1.74813

-0.0340915
0.932239
-0.360234
-3.18508
2.66107

0.0340915
-0.932239
0.360234
0.576303
0.0273049

-0.814456
0.502604
-0.289915
-0.980355
0.377214

0.814456
-0.502604
0.289915
0.504911
0.0235807

0.894533
0.350368
0.277585
0.948029
0.000136683

-0.894533
-0.350368
-0.277585
-0.836447
0.167693

-0.400816
-0.544268
-0.736966
-1.52753
0.596844

0.400816
0.544268
0.736966
0.727131
0.00703725

0.017936
0.820722
0.571046
0.706247
0.00401975

-0.0357833
0.712153
-0.701111
-13.3741
64.4606

0.0357833
-0.712153
0.701111
0.919949
0.00202325

0.265259
0.16701
-0.949603
0.281836
0.0365958

-0.265259
-0.16701
0.949603
0.117231
0.0551823

0.612938
-0.188504
-0.767316
0.834163
0.00291361

0.367346
-0.709777
-0.601061
0.424166
0.0844495

-0.367346
0.709777
0.601061
-6.56682
14.5621

-0.484267
-0.813868
0.3211
-0.0833738
0.123395

0.484267
0.813868
-0.3211
-0.303195
0.178534

0.100883
0.918471
-0.382405
0.9868
6.36959e-05

-0.809528
0.538408
0.234052
-2.10142
0.838761

0.809528
-0.538408
-0.234052
0.892887
0.00100394

0.826123
0.360802
0.432831
0.172497
0.0879014

-0.826123
-0.360802
-0.432831
-1.29862
0.677782

-0.470523
-0.0863887
0.878149
0.716719
0.00717535

-0.138866
0.583181
0.800385
0.844505
0.00206873

0.138866
-0.583181
-0.800385
-1.70897
0.623526

0.945481
0.0962725
-0.311122
-0.330207
0.126036

-0.945481
-0.0962725
0.311122
0.568982
0.013237

-0.817446
-0.576006
0
0.872138
0.00370958

0.151578
0.1426
0.978105
0.957001
0.000146791

-0.151578
-0.1426
-0.978105
-2.30104
0.861065

-0.787269
-0.0353508
0.615595
0.541058
0.0579551

0.787269
0.0353508
-0.615595
-8.00094
22.2532

0.508357
-0.0659152
0.85862
0.812141
0.00127278

0.570381
-0.567389
0.593915
0.558729
0.0039271

-0.478658
0.496013
-0.724471
0.668998
0.00863335

0.478658
-0.496013
0.724471
-0.802124
0.255267

0.740837
0.631379
0.229175
-0.960449
0.185316

-0.740837
-0.631379
-0.229175
0.969074
4.78473e-05

0.878765
0.477254
0
0.729393
0.0128315

-0.600368
-0.0479942
-0.798282
-0.273085
0.2136

-0.679713
0.013755
-0.733349
0.674101
0.0042933

0.679713
-0.013755
0.733349
0.388441
0.0150741

-0.742023
-0.670374
0
-1.94561
1.01627

0.742023
0.670374
0
0.574656
0.0250809

-0.772412
-0.195726
-0.604211
-7.10955
15.1379

0.772412
0.195726
0.604211
0.705777
0.0199896

-0.784469
-0.620168
0
-0.270354
0.147615

-0.131954
-0.38373
-0.913969
-1.25355
0.348085

0.131954
0.38373
0.913969
0.886926
0.000882458

-0.106023
0.987534
-0.116345
0.846328
0.000859815

0.106023
-0.987534
0.116345
0.169116
0.0250823

0.665224
0.177761
0.725175
0.914367
0.000358488

-0.665224
-0.177761
-0.725175
-0.482584
0.102456

-0.156383
0.430024
-0.88917
-4.22512
5.41138

0.156383
-0.430024
0.88917
0.38258
0.075821

0.678798
0.734325
0
-0.118878
0.120303

-0.678798
-0.734325
0
-0.0575836
0.107486

0.973847
0.0553645
0.220356
-0.0299737
0.0634556

0.636692
-0.399205
0.659741
0.577826
0.00605178

-0.0670121
0.922224
-0.380806
0.967305
0.000101267

0.0670121
-0.922224
0.380806
-3.17375
1.635

0.879869
-0.0708382
0.469906
0.195487
0.101228

-0.530417
-0.667575
0.522496
0.665535
0.00351395

0.152233
0.652666
0.742194
0.493636
0.0139886

0.366176
0.110528
-0.923958
-0.746949
0.521433

-0.366176
-0.110528
0.923958
-1.1341
0.778095

-0.754891
-0.36208
0.546844
0.793188
0.00431026

0.754891
0.36208
-0.546844
-2.06545
0.939216

0.231678
-0.153692
0.960575
0.971258
0.000130447

-0.169863
-0.637363
0.751608
0.776523
0.00920709

0.169863
0.637363
-0.751608
-5.5166
7.76534

-0.383772
0.292005
0.876043
0.737369
0.00204528

0.620018
-0.314112
-0.718965
0.429306
0.0154631

-0.620018
0.314112
0.718965
0.502864
0.0117542

-0.413745
0.0456895
0.909246
0.893397
0.00305995

0.357845
-0.782036
0.510262
0.860756
0.00158357

-0.332869
-0.298295
-0.894549
-0.980355
0.377215

0.332869
0.298295
0.894549
0.504911
0.0235832

-0.502611
0.209009
0.838867
-3.71984
4.12817

0.502611
-0.209009
-0.838867
0.375888
0.0721964

0.315174
-0.656741
0.685096
0.75499
0.00572111

-0.315174
0.656741
-0.685096
-1.69764
0.691615

0.887666
-0.218859
0.405154
0.509218
0.029499

-0.887666
0.218859
-0.405154
-1.87673
1.01316

0.602044
0.798463
0
0.872529
0.00190951

-0.602044
-0.798463
0
-1.2257
0.344051

-0.126026
0.845825
0.51836
0.1765
0.0318955

0.126026
-0.845825
-0.51836
0.686481
0.00463106

0.709766
0.290277
-0.64185
-0.193246
0.0716547

-0.709766
-0.290277
0.64185
0.802262
0.00197813

-0.932521
-0.361115
0
0.975113
0.000824309

0.413493
0.200818
-0.888085
-0.484707
0.129831

-0.413493
-0.200818
0.888085
0.797915
0.00248962

-0.331912
0.00592501
0.943292
0.919833
0.000521874

0.331912
-0.00592501
-0.943292
-2.01869
0.736194

-0.142058
0.435508
0.888905
0.740934
0.0152327

0.142058
-0.435508
-0.888905
-7.19698
15.2194

0.720446
-0.674453
-0.161464
0.982184
3.08497e-05

-0.49057
-0.871402
0
0.942496
0.0322855

0.49057
0.871402
0
0.900458
0.0547075

-0.270202
0.558154
0.784509
0.800571
0.00660449

0.270202
-0.558154
-0.784509
-4.93346
5.84222

0.484023
0.746748
-0.456168
-0.377941
0.122535

-0.484023
-0.746748
0.456168
0.689101
0.00626859

-0.538476
0.313779
0.78204
0.766441
0.00514304

0.538476
-0.313779
-0.78204
-1.7144
0.694445

-0.959209
-0.282699
0
0.942853
0.00347494

-0.193379
0.443785
-0.87502
0.913126
0.00050873

-0.896562
-0.0446715
-0.44066
-0.628856
0.114064

-0.0515987
-0.612068
0.78912
0.749537
0.0107515

0.0515987
0.612068
-0.78912
-4.81448
5.78203

0.218257
-0.501729
0.837038
0.732848
0.0133742

-0.218257
0.501729
-0.837038
-5.41433
7.70868

-0.498148
-0.847284
0.184277
0.439706
0.0174609

0.594523
-0.55212
-0.584556
-0.284628
0.0618104

-0.594523
0.55212
0.584556
0.947359
0.000114356

-0.982438
-0.186588
0
0.897489
0.000606809

0.982438
0.186588
0
-0.344992
0.0824327

-0.189904
-0.517298
0.834469
0.359765
0.0378419

0.189904
0.517298
-0.834469
-0.571426
0.227728

-0.739405
-0.673261
0
0.141846
0.0839239

-0.665353
-0.161029
0.728955
-3.08068
1.62354

0.665353
0.161029
-0.728955
0.947586
0.000268197

-0.769144
0.0537149
0.636814
0.821682
0.00693907

-0.397384
0.45914
-0.794529
-6.53783
10.8433

0.397384
-0.45914
0.794529
0.855488
0.00404025

-0.510854
-0.0696186
-0.856844
-0.918849
0.312441

0.510854
0.0696186
0.856844
0.63272
0.0114494

0.365038
0.535671
0.761449
-0.209744
0.115951

-0.365038
-0.535671
-0.761449
0.363269
0.0322289

-0.434913
-0.900473
0
0.475951
0.0137368

0.434913
0.900473
0
0.393541
0.0183845

-0.0179059
-0.912824
0.40796
0.482216
0.00779736

0.0179059
0.912824
-0.40796
0.81117
0.00104009

0.959838
-0.108365
-0.258783
-1.17901
0.585961

-0.959838
0.108365
0.258783
0.186235
0.0817447

0.335318
-0.714785
0.613714
-1.32793
0.247676

-0.335318
0.714785
-0.613714
0.996851
6.34715e-07

-0.893192
-0.0337984
0.448404
0.810611
0.00246206

0.893192
0.0337984
-0.448404
-0.892695
0.245372

0.892955
-0.119914
-0.433881
-0.340863
0.172064

-0.892955
0.119914
0.433881
0.141846
0.0705132

-0.605953
-0.478824
0.635255
0.654055
0.0057749

0.815757
-0.544638
-0.194705
-0.289603
0.0796363

-0.815757
0.544638
0.194705
0.858811
0.000957477

0.245891
-0.105659
-0.963522
-2.33637
1.4534

-0.245891
0.105659
0.963522
0.563505
0.0248902

0.31477
0.521714
0.792927
0.821219
0.00898472

0.206737
0.2591
-0.943465
-0.926832
0.368764

-0.206737
-0.2591
0.943465
0.434662
0.0319629

-0.654132
-0.412731
0.633849
-1.71655
0.561986

0.654132
0.412731
-0.633849
0.907412
0.000674838

-0.459051
-0.84277
0.281087
-2.50564
1.99799

0.459051
0.84277
-0.281087
0.229717
0.0964915

0.371289
-0.340089
0.863993
-0.967496
0.375216

-0.371289
0.340089
-0.863993
0.488648
0.0255181

-0.134256
0.773988
0.618804
0.76472
0.0053446

0.134256
-0.773988
-0.618804
-1.24393
0.413282

0.483097
-0.736984
0.472727
0.476192
0.0173194

-0.483097
0.736984
-0.472727
0.0588539
0.055886

-0.345139
-0.938552
0
0.685344
0.00721599

0.345139
0.938552
0
-0.625291
0.19068

0.0719787
-0.287916
-0.954947
-36.4975
1015.02

-0.0719787
0.287916
0.954947
0.966587
0.000824582

0.432033
-0.022652
0.901573
0.930287
0.000488088

-0.432033
0.022652
-0.901573
-3.01415
1.61377

-0.563587
0.265532
0.782216
0.806496
0.00336001

0.563587
-0.265532
-0.782216
-1.64287
0.614237

-0.201985
0.748802
-0.631267
0.186731
0.0315318

0.201985
-0.748802
0.631267
0.669625
0.00520649

0.490032
0.742887
0.456056
0.00982165
0.188671

-0.490032
-0.742887
-0.456056
-2.96071
3.01721

-0.815719
-0.448689
-0.365076
0.89198
0.00106345

0.815719
0.448689
0.365076
-2.26757
0.972623

-0.808479
-0.588525
0
-1.45187
0.990877

0.808479
0.588525
0
-0.379169
0.315275

0.0412552
0.0767076
0.9962
0.92684
0.000314377

-0.0412552
-0.0767076
-0.9962
-0.731485
0.152234

-0.0301731
0.18292
0.982665
-4.53604
3.90517

0.0301731
-0.18292
-0.982665
0.935844
0.00113267

0.747256
-0.643611
-0.165447
0.0390306
0.10297

-0.747256
0.643611
0.165447
-0.614811
0.290741

0.226293
0.684681
0.692822
-0.325528
0.327185

-0.226293
-0.684681
-0.692822
-2.11645
1.80733

-0.0247678
0.285818
0.957964
0.704334
0.00525984

0.0247678
-0.285818
-0.957964
-0.270787
0.0971296

-0.843835
-0.180302
0.505404
0.312377
0.0311151

0.843835
0.180302
-0.505404
0.197958
0.0423108

-0.376381
0.075402
-0.923391
-23.1014
298.981

0.376381
-0.075402
0.923391
0.887959
0.00646216

-0.880719
-0.128552
0.455859
0.451034
0.0274246

0.880719
0.128552
-0.455859
-0.697811
0.261866

0.300393
0.2048
0.931569
0.936229
0.00072478

-0.300393
-0.2048
-0.931569
-6.87296
11.0148

0.302558
0.671074
-0.676844
-1.17437
0.484791

-0.302558
-0.671074
0.676844
0.499024
0.0258431

-0.199207
0.657362
-0.726768
-0.546671
0.151036

0.199207
-0.657362
0.726768
0.768241
0.00339833

0.265815
-0.881658
-0.389901
0.379004
0.0381639

-0.265815
0.881658
0.389901
-0.80252
0.321221

-0.22923
0.125826
-0.965205
-9.508
23.6108

0.22923
-0.125826
0.965205
0.97373
0.000151305

-0.590146
0.726265
-0.352515
-0.0821956
0.055208

0.353178
0.935556
0
0.915128
0.000238961

-0.353178
-0.935556
0
0.0569733
0.0294761

0.234929
0.209867
0.949086
0.536844
0.0135314

-0.739811
-0.672814
0
-0.0890547
0.0883795

0.739811
0.672814
0
0.483715
0.0240396

0.789121
0.0939353
-0.607013
-3.95295
2.90485

-0.789121
-0.0939353
0.607013
0.935833
0.00050184

0.605114
0.770173
-0.201669
0.872235
0.00102112

-0.605114
-0.770173
0.201669
-0.918465
0.22956

0.141942
-0.289889
0.946476
0.909227
0.000771817

0.1473
0.758411
0.634913
0.659804
0.00785081

-0.1473
-0.758411
-0.634913
-0.397814
0.13147

0.160117
-0.629162
0.760604
0.599528
0.0174138

-0.160117
0.629162
-0.760604
-1.64801
0.760042

-0.153868
0.00188353
0.98809
0.986756
0.000124558

0.153868
-0.00188353
-0.98809
-36.9082
1016.38

-0.379995
0.517585
0.766622
-0.794047
0.535731

0.379995
-0.517585
-0.766622
-0.977929
0.651106

0.245482
-0.0754114
-0.966464
-36.7391
1016.02

-0.245482
0.0754114
0.966464
0.979589
0.000297918

0.64646
-0.419487
-0.637275
0.603929
0.0689379

-0.64646
0.419487
0.637275
-15.734
122.886

0.486961
0.277814
-0.828063
-0.563019
0.173162

-0.486961
-0.277814
0.828063
0.678784
0.00742057

-0.554537
0.376768
0.74198
0.632221
0.0361235

0.554537
-0.376768
-0.74198
-8.19451
22.503

-0.919312
-0.377059
-0.11266
0.877749
0.00052543

0.919312
0.377059
0.11266
0.121026
0.0270874

0.100338
0.800038
-0.591499
-0.862416
0.330738

-0.100338
-0.800038
0.591499
0.4651
0.028607

-0.274405
-0.0898168
0.957411
0.59847
0.0163179

0.274405
0.0898168
-0.957411
-1.38036
0.571826

-0.946558
-0.221588
-0.234364
0.328693
0.0569317

0.946558
0.221588
0.234364
-1.55263
0.822926

-0.504081
-0.849507
-0.155691
-0.746119
0.163495

0.504081
0.849507
0.155691
0.908705
0.00046777

-0.603794
0.189249
0.77435
0.933585
0.000263573

0.878865
-0.15614
0.450795
0.894894
0.000785465

-0.878865
0.15614
-0.450795
-1.36223
0.390435

-0.102583
0.623288
0.775235
0.866261
0.0136811

0.102583
-0.623288
-0.775235
-35.4101
1010.39

0.92847
0.326251
0.177491
0.0343369
0.068708

-0.92847
-0.326251
-0.177491
0.285796
0.0375874

-0.675607
-0.71254
-0.189318
0.0133731
0.0534383

0.675607
0.71254
0.189318
0.647695
0.00681867

-0.694777
-0.0896481
0.713617
-5.43614
23.5425

0.694777
0.0896481
-0.713617
-5.43614
23.5425

0.565615
-0.323926
-0.758388
-2.31001
1.90548

-0.565615
0.323926
0.758388
-0.0216155
0.181581

-0.585923
-0.312451
0.747709
0.679583
0.00956897

0.585923
0.312451
-0.747709
-1.35027
0.514518

-0.190584
0.72139
-0.665788
0.992282
1.03931e-06

-0.0488159
-0.501104
-0.864009
-3.29077
3.83451

0.0488159
0.501104
0.864009
-0.0726869
0.240022

0.598459
0.226859
0.768363
0.534035
0.0382114

-0.478816
0.716905
0.506737
-2.5399
1.74124

0.478816
-0.716905
-0.506737
0.531917
0.0305093

-0.537521
0.190398
-0.821474
0.236145
0.0250617

0.537521
-0.190398
0.821474
0.719912
0.00337121

-0.200554
0.378404
0.903653
0.72638
0.00997129

0.117224
0.912461
-0.392012
0.902998
0.000793409

-0.52463
-0.648197
-0.55191
0.682008
0.00532869

0.52463
0.648197
0.55191
0.0149904
0.0511051

0.893894
-0.0779058
0.441456
-1.57445
0.82864

-0.893894
0.0779058
-0.441456
0.356383
0.0518484

0.225954
0.903831
-0.363366
-0.130674
0.253973

-0.103533
-0.509027
0.854502
0.726398
0.00607782

0.103533
0.509027
-0.854502
-1.01571
0.324149

0.568476
-0.644823
0.510918
0.731936
0.00862463

-0.568476
0.644823
-0.510918
-2.56551
1.51882

-0.925196
-0.379489
0
0.126524
0.0652467

0.925196
0.379489
0
-0.0670431
0.0973347

-0.51122
-0.510769
-0.691209
-1.2583
0.547416

0.51122
0.510769
0.691209
0.464496
0.0327194

0.0570289
-0.576741
-0.814934
0.48991
0.0153764

-0.14036
0.238018
0.961065
0.917237
0.000284432

0.960688
0.242388
0.135374
0.985734
9.94698e-05

-0.960688
-0.242388
-0.135374
-24.1457
300.986

-0.956135
-0.0568944
0.287347
-0.0313704
0.124395

0.956135
0.0568944
-0.287347
-0.661485
0.322772

-0.18623
0.78687
0.588348
0.552765
0.00600179

0.18623
-0.78687
-0.588348
0.752199
0.00184839

0.775762
0.47764
0.412376
0.50207
0.0105157

-0.775762
-0.47764
-0.412376
0.537838
0.00906005

-0.649012
0.726029
-0.227301
0.989834
7.33318e-05

0.791478
-0.453269
0.410012
0.549383
0.0131294

-0.791478
0.453269
-0.410012
-0.0940089
0.0772266

0.882097
0.471068
0
0.805828
0.00772061

-0.398049
0.198688
0.895589
0.947022
0.000856815

0.204559
-0.954045
0.218985
0.920445
0.00320005

-0.349068
-0.861517
-0.368701
-0.373046
0.288626

0.349068
0.861517
0.368701
-1.14537
0.704545

-0.939308
-0.325672
0.107879
0.57433
0.0173538

0.939308
0.325672
-0.107879
-1.13585
0.436845

-0.708845
0.0283326
0.704794
0.65709
0.0183116

0.708845
-0.0283326
-0.704794
-3.67493
3.40293

0.647302
0.361972
-0.670803
0.827778
0.00162947

-0.647302
-0.361972
0.670803
0.382678
0.0138052

0.01864
0.0267855
0.999467
-0.242846
0.181884

-0.01864
-0.0267855
-0.999467
-0.426728
0.239654

-0.0376041
-0.628941
-0.776543
0.823189
0.000676652

0.0376041
0.628941
0.776543
0.723016
0.0016026

0.190545
-0.948975
0.251276
-1.26714
1.16537

-0.190545
0.948975
-0.251276
-1.89067
1.8945

-0.749895
0.0702799
0.657813
0.753365
0.00152405

0.749895
-0.0702799
-0.657813
0.676734
0.00261743

0.71548
-0.57187
-0.401313
-0.0393792
0.0643804

-0.113237
-0.414024
0.903195
0.907337
0.000243623

0.113237
0.414024
-0.903195
0.452834
0.0071537

0.129964
-0.513737
0.848047
0.023236
0.17312

-0.089665
0.869246
0.48618
0.464315
0.00802132

0.089665
-0.869246
-0.48618
0.837781
0.00073624

-0.554309
-0.0806547
0.828394
0.612015
0.0203145

0.554309
0.0806547
-0.828394
-2.63892
1.77417

0.682159
0.652199
0.3306
0.387329
0.019704

-0.682159
-0.652199
-0.3306
0.423897
0.0174227

0.691137
0.150853
0.706805
0.730205
0.00182047

0.365946
-0.0350484
0.929976
0.943543
0.00120638

0.141223
-0.334392
0.931793
0.940453
0.000131075

-0.141223
0.334392
-0.931793
-0.21616
0.0544181

-0.77547
0.378301
0.505505
-2.11183
0.947556

0.77547
-0.378301
-0.505505
0.819315
0.00322125

0.650177
-0.449578
-0.612494
0.263902
0.0976007

-0.445134
0.634766
0.631608
0.630513
0.0100576

0.445134
-0.634766
-0.631608
-0.521743
0.16944

-0.66432
0.25746
0.701708
0.693687
0.00408266

0.00333527
0.95974
0.280871
-0.15979
0.158802

-0.00333527
-0.95974
-0.280871
-0.5289
0.275943

-0.28412
0.66364
-0.691995
0.0107162
0.200399

0.28412
-0.66364
0.691995
-3.35944
3.88378

0.368978
-0.449626
-0.813444
-1.18828
0.487311

-0.368978
0.449626
0.813444
0.515395
0.023937

0.53682
-0.655763
-0.530848
0.420747
0.0326602

-0.53682
0.655763
0.530848
-0.830732
0.325553

0.120679
-0.343048
0.931533
-0.326851
0.125763

0.902586
-0.144664
-0.405476
0.743093
0.00280545

-0.902586
0.144664
0.405476
0.205953
0.0267937

-0.00111743
0.524862
0.851187
0.718776
0.00603205

-0.537232
0.754343
0.377291
0.271671
0.0275548

0.28196
-0.631365
-0.722411
-1.1016
0.625005

-0.28196
0.631365
0.722411
-0.182148
0.19776

-0.965094
-0.261904
0
0.977595
4.62573e-05

0.965094
0.261904
0
0.203095
0.0144524

-0.178916
0.247235
0.952294
0.973656
0.000118448

0.178916
-0.247235
-0.952294
-7.11904
11.0968

0.970604
-0.0832207
-0.225836
0.380476
0.0414252

-0.970604
0.0832207
0.225836
-1.08228
0.467824

-0.73365
0.679528
0
0.725256
0.0209658

0.73365
-0.679528
0
-6.17728
10.1881

0.458546
0.777404
0.430556
0.707662
0.00281206

0.066196
-0.208395
-0.975802
-2.66365
2.06745

-0.066196
0.208395
0.975802
0.397865
0.0558581

-0.839445
0.309637
-0.446605
-0.0268493
0.0889419

0.839445
-0.309637
0.446605
0.114605
0.0661401

-0.620898
-0.672502
-0.402775
0.858882
0.0011322

-0.254907
0.561556
0.787196
0.741356
0.00217783

-0.161568
-0.896616
-0.412282
0.896059
0.00108459

0.161568
0.896616
0.412282
-2.67289
1.34117

-0.916102
-0.400945
0
-0.748959
0.435286

0.916102
0.400945
0
-0.480311
0.311882

-0.28243
-0.0959253
0.95448
0.966565
0.000213423

-0.823918
0.434394
-0.363951
0.142642
0.0533925

0.823918
-0.434394
0.363951
0.212597
0.0450402

0.599068
0.458702
-0.656285
0.414413
0.0201562

0.228603
-0.585976
0.777414
0.848562
0.00490473

-0.228603
0.585976
-0.777414
-7.51843
15.4754

-0.335984
-0.800681
0.496008
0.778752
0.00766611

0.335984
0.800681
-0.496008
-4.34835
4.4611

-0.283477
0.216505
0.93422
0.821118
0.00208274

0.283477
-0.216505
-0.93422
-0.776669
0.203333

0.448783
0.351017
0.821816
0.946542
0.000235846

-0.609602
0.263385
-0.747672
-0.755847
0.232541

0.609602
-0.263385
0.747672
0.691859
0.00716426

0.192232
0.651406
-0.733974
-0.164639
0.0738468

-0.192232
-0.651406
0.733974
0.738683
0.00373451

0.908144
-0.355517
-0.221093
-0.00195074
0.205917

-0.908144
0.355517
0.221093
-3.34875
3.87863

-0.214905
-0.525393
0.823273
-0.118841
0.127656

0.214905
0.525393
-0.823273
-0.187674
0.143816

-0.661202
0.182807
-0.727594
-5.49744
7.75447

0.661202
-0.182807
0.727594
0.768692
0.00989995

0.778675
-0.267673
-0.567465
-1.75834
0.782291

-0.778675
0.267673
0.567465
0.693516
0.00971174

0.704475
-0.179717
-0.686598
-6.00533
10.4725

-0.704475
0.179717
0.686598
0.645355
0.026937

0.823113
0.159025
-0.545157
0.948404
0.000239681

-0.0983842
0.298179
0.949426
-0.00117183
0.314394

0.0983842
-0.298179
-0.949426
-7.1729
20.9431
