
0.0063447
0.914542
0.404441
0.887181
0.000802438

-0.0063447
-0.914542
-0.404441
-1.01465
0.255035

0.552336
0.559199
-0.618241
-2.88279
2.1543

-0.552336
-0.559199
0.618241
0.587133
0.0244443

0.686832
-0.0846392
-0.721872
-5.93826
10.4211

-0.686832
0.0846392
0.721872
0.610806
0.0327937

0.308996
-0.451378
0.837126
0.80322
0.00213661

-0.308996
0.451378
-0.837126
-0.365405
0.102652

-0.0405073
0.819227
-0.572037
0.754053
0.00134169

0.488908
0.867706
0.0897542
0.959985
7.94418e-05

-0.488908
-0.867706
-0.0897542
-0.928857
0.184139

-0.173659
-0.909221
0.378363
0.524747
0.0138879

0.173659
0.909221
-0.378363
0.0342172
0.0572644

0.745328
0.195594
-0.637361
0.977393
5.40273e-05

-0.545636
-0.496674
-0.674979
-0.265476
0.173533

0.545636
0.496674
0.674979
-0.187623
0.152858

-0.355652
0.583187
0.730346
-0.352136
0.152951

0.355652
-0.583187
-0.730346
0.374775
0.0327303

-0.683241
0.40202
0.609558
-9.38438
23.5529

0.683241
-0.40202
-0.609558
0.959436
0.000368585

0.526373
0.82299
-0.213587
0.0717911
0.0602967

-0.526373
-0.82299
0.213587
0.33086
0.0313407

0.427051
-0.152671
0.891246
-0.250453
0.26179

-0.427051
0.152671
-0.891246
-1.70425
1.22284

0.328691
0.370971
0.868529
0.828005
0.00272375

-0.0188663
-0.548273
-0.836086
-1.74986
0.628833

0.0188663
0.548273
0.836086
0.865508
0.00150763

-0.738277
-0.135336
0.660781
0.18289
0.0305627

0.521232
-0.838279
-0.160021
0.0226833
0.0846217

-0.521232
0.838279
0.160021
-0.0294292
0.0938859

-0.351444
-0.856062
-0.379006
0.913251
0.000413318

-0.423832
0.313328
0.849819
0.846759
0.00565895

0.423832
-0.313328
-0.849819
-8.80747
23.1683

0.85324
-0.521518
0
-1.78784
1.22871

-0.85324
0.521518
0
-0.105203
0.210418

-0.536582
-0.590559
0.60276
0.668188
0.0029904

0.536582
0.590559
-0.60276
0.716912
0.00217767

-0.025588
0.635431
-0.771734
-2.63452
1.53663

0.025588
-0.635431
0.771734
0.772842
0.00602193

-0.24616
-0.969229
0
0.867528
0.000790305

-0.749099
0.662458
0
0.0697353
0.0743095

0.749099
-0.662458
0
0.112499
0.0680335

-0.362598
0.0127675
0.931858
0.979122
1.63549e-05

-0.181975
0.9256
0.331889
0.333784
0.0137173

0.994512
0.10462
0
0.936197
3.40773e-05

-0.0408132
-0.999167
0
0.729097
0.00872891

0.0408132
0.999167
0
-2.16242
1.09155

-0.3333
0.252772
-0.908305
-9.17525
23.4455

0.3333
-0.252772
0.908305
0.927626
0.0011876

-0.995587
-0.0938407
0
-0.634583
0.29409

0.995587
0.0938407
0
0.0805521
0.0930727

-0.681297
0.678208
0.275442
-0.0113946
0.0832118

0.681297
-0.678208
-0.275442
0.164136
0.0568366

0.423502
0.246015
-0.87185
-1.11171
0.432896

-0.423502
-0.246015
0.87185
0.547387
0.0200526

0.205149
-0.909689
0.361082
0.992961
5.73244e-06

-0.0970107
-0.661534
0.743614
0.787168
0.00366186

0.0970107
0.661534
-0.743614
-1.27473
0.418092

-0.2477
-0.803648
0.541104
-1.31656
0.613821

0.2477
0.803648
-0.541104
0.391319
0.0436826

-0.0973634
-0.880965
0.463056
0.456419
0.0186139

0.0973634
0.880965
-0.463056
0.0930871
0.0517336

-0.916963
-0.331404
0.222151
0.960071
0.000171728

-0.900842
-0.434148
0
-0.0789615
0.0987273

0.900842
0.434148
0
0.157369
0.0603644

-0.361344
-0.628319
-0.688946
-0.418576
0.150129

0.361344
0.628319
0.688946
0.562166
0.0143894

-0.351489
-0.911262
0.21461
-0.102371
0.0585534

0.351489
0.911262
-0.21461
0.796338
0.00200325

0.297505
0.840296
0.453203
0.906391
0.00102345

-0.297505
-0.840296
-0.453203
-3.49989
2.33838

0.129888
0.626127
-0.768826
-8.84519
23.1981

-0.129888
-0.626127
0.768826
0.856595
0.00493467

-0.297802
0.0159881
0.954494
0.244216
0.0718578

0.297802
-0.0159881
-0.954494
-1.34618
0.689713

0.183522
-0.414345
-0.891424
-5.99475
7.99654

-0.183522
0.414345
0.891424
0.924102
0.00095063

-0.706612
0.507343
0.493257
0.615451
0.0172356

0.706612
-0.507343
-0.493257
-1.99225
1.04281

-0.88866
0.280323
0.362909
0.467598
0.0151542

0.88866
-0.280323
-0.362909
0.31616
0.0249996

0.619629
0.0732628
0.781468
0.715409
0.00691456

-0.619629
-0.0732628
-0.781468
-1.18243
0.406416

-0.934003
-0.0949712
0.344412
0.467782
0.0128264

0.934003
0.0949712
-0.344412
0.508446
0.010944

0.356848
0.805541
0.473037
0.544519
0.0215677

-0.356848
-0.805541
-0.473037
-1.32821
0.562205

0.78075
-0.189492
0.595418
0.642888
0.00767338

-0.78075
0.189492
-0.595418
-0.122251
0.0752583

0.0659504
0.516529
0.853726
0.488573
0.0133697

-0.0659504
-0.516529
-0.853726
0.350437
0.0215586

-0.417735
0.221397
0.881181
0.40811
0.0169003

0.417735
-0.221397
-0.881181
0.500199
0.0120597

-0.680246
-0.365781
-0.635193
-0.506794
0.295011

0.680246
0.365781
0.635193
-0.421914
0.263031

0.683305
0.180556
-0.707456
-6.72338
14.7461

-0.683305
-0.180556
0.707456
0.51729
0.0576363

0.121182
-0.634809
0.763107
0.546811
0.00605708

0.728227
-0.351363
0.588413
0.443491
0.0127502

-0.728227
0.351363
-0.588413
0.620227
0.00596334

0.65076
0.182944
0.736915
-0.114485
0.134751

-0.65076
-0.182944
-0.736915
-0.348528
0.197266

0.422598
0.211111
-0.881387
-0.430254
0.568412

-0.422598
-0.211111
0.881387
-4.72102
9.09436

-1
0
0
-0.19095
0.377571

1
0
0
-1.95209
1.11588

-0.191539
0.183213
-0.964233
-5.86522
10.3572

0.191539
-0.183213
0.964233
0.570924
0.0404722

0.378906
0.511206
0.771427
0.372962
0.0371183

-0.378906
-0.511206
-0.771427
-0.647
0.255111

0.55888
-0.54437
0.625551
0.979752
1.90902e-05

-0.55888
0.54437
-0.625551
-0.946838
0.17155

0.510277
-0.144662
-0.847756
-2.92298
2.16996

-0.510277
0.144662
0.847756
0.616895
0.020704

0.308927
-0.273919
0.910787
0.947579
0.00136874

0.475578
0.611021
0.632834
0.249114
0.0487941

-0.475578
-0.611021
-0.632834
-0.241254
0.133135

-0.943549
-0.31245
0.109958
0.89108
0.000903833

0.943549
0.31245
-0.109958
-1.56118
0.492822

0.336383
0.67548
-0.656181
-3.79288
4.17276

-0.336383
-0.67548
0.656181
0.436594
0.0576927

-0.291875
-0.475947
0.829629
0.903342
0.00071683

0.245034
0.374158
0.894407
0.880828
0.000628717

-0.245034
-0.374158
-0.894407
-0.226694
0.0662672

-0.994893
0.0703256
0.0723993
-4.25562
7.62908

0.994893
-0.0703256
-0.0723993
-0.622767
0.727398

0.606638
0.472339
0.639442
-12.3014
62.7557

-0.606638
-0.472339
-0.639442
0.653972
0.0424736

-0.560251
-0.42273
-0.712333
-1.14489
0.310793

0.560251
0.42273
0.712333
0.874733
0.00106925

-0.123293
-0.741015
-0.660073
0.780586
0.00305782

0.123293
0.741015
0.660073
-0.560278
0.152083

-0.347258
0.361922
-0.865115
-4.578
4.55134

0.347258
-0.361922
0.865115
0.867977
0.00256444

0.737457
-0.322233
-0.593568
-1.95304
0.917403

-0.737457
0.322233
0.593568
0.72042
0.00827767

0.000345838
-0.38524
-0.922816
-0.96149
0.585229

-0.000345838
0.38524
0.922816
-0.501763
0.343233

0.78346
-0.381863
0.490276
0.612538
0.0850864

-0.78346
0.381863
-0.490276
-21.7741
293.764

-0.543182
0.430289
-0.720975
0.388441
0.0150446

0.543182
-0.430289
0.720975
0.674101
0.00427431

-0.443247
0.290539
-0.848009
-0.853889
0.224705

0.443247
-0.290539
0.848009
0.831044
0.0018669

0.545576
-0.567081
0.617063
-0.317516
0.0625899

-0.0107251
0.392773
0.919573
0.822545
0.00453431

0.196943
0.331881
0.922534
0.893395
0.000724023

-0.0255236
-0.819885
-0.571959
0.8858
0.000361343

0.0255236
0.819885
0.571959
0.361416
0.0112619

0.301668
-0.316362
0.899395
-0.301105
0.218633

-0.301668
0.316362
-0.899395
-0.632109
0.343818

0.0683543
-0.961945
0.264555
0.332435
0.0364621

-0.0683543
0.961945
-0.264555
-0.23675
0.125101

-0.545102
-0.709004
-0.447412
-0.27778
0.263807

0.545102
0.709004
0.447412
-1.50255
1.01138

-0.190447
-0.154638
0.969442
0.819968
0.00501527

0.190447
0.154638
-0.969442
-4.44597
4.49759

0.368759
-0.490199
0.789761
0.808448
0.00260346

-0.368759
0.490199
-0.789761
-0.961496
0.271264

0.831786
-0.259037
-0.49095
-1.15844
0.311896

-0.831786
0.259037
0.49095
0.881943
0.00094955

-0.0568304
-0.754297
0.654069
0.788465
0.00893054

0.842228
0.0671988
0.534918
0.244216
0.0716778

-0.842228
-0.0671988
-0.534918
-1.34618
0.689868

0.386017
0.922492
0
0.923012
0.00076646

-0.386017
-0.922492
0
-2.35356
0.976579

0.59806
0.642926
0.478508
0.606029
0.00533778

-0.59806
-0.642926
-0.478508
0.621478
0.00492945

-0.887903
0.220026
-0.404001
-4.14084
7.48461

0.887903
-0.220026
0.404001
-0.791967
0.909621

0.359503
-0.161987
0.918976
0.783294
0.00605694

-0.359503
0.161987
-0.918976
-3.19541
2.26023

0.651268
-0.0439392
0.757575
0.465305
0.012652

-0.651268
0.0439392
-0.757575
0.541584
0.00932261

-0.0195598
-0.652587
0.757461
0.667894
0.00571096

-0.0359089
-0.840251
-0.541007
-1.45187
0.992391

0.0359089
0.840251
0.541007
-0.379169
0.314104

-0.457765
0.780592
-0.425591
-1.8055
1.11857

0.457765
-0.780592
0.425591
0.213681
0.0879332

-0.913557
0.0897023
0.396694
0.0226595
0.0804866

0.913557
-0.0897023
-0.396694
0.0697514
0.0729215

-0.723576
-0.252615
0.642358
0.534035
0.0381724

0.723576
0.252615
-0.642358
-3.92176
4.24688

-0.0198655
0.640423
0.767766
-2.31001
1.90489

0.0198655
-0.640423
-0.767766
-0.0216155
0.181717

-0.303905
0.869698
-0.388931
0.916414
0.00160611

0.303905
-0.869698
0.388931
-9.11396
23.4027

0.677757
0.0552656
-0.733206
0.603062
0.00842125

-0.427185
0.0629462
-0.901971
-0.831635
0.49825

0.427185
-0.0629462
0.901971
-0.539073
0.351916

0.337156
-0.0236463
0.941152
0.966587
0.000824056

-0.337156
0.0236463
-0.941152
-36.4975
1015.03

0.165554
0.485329
0.858515
0.721452
0.0135003

-0.100023
0.481339
-0.870809
-0.471117
0.435963

0.100023
-0.481339
0.870809
-2.31002
2.20515

-0.508468
0.391208
-0.767083
-1.99965
0.824012

0.508468
-0.391208
0.767083
0.846688
0.00218616

0.721302
0.0692593
-0.689149
-2.0003
0.824349

-0.721302
-0.0692593
0.689149
0.847019
0.00215374

0.621
-0.107293
0.776432
-0.703683
0.389262

-0.314927
0.381397
0.869113
0.895086
0.000470933

0.314927
-0.381397
-0.869113
-0.218634
0.0628741

-0.910821
-0.285061
0.298572
0.95654
0.000139865

-0.464815
0.295726
0.834562
0.83228
0.00115494

0.464815
-0.295726
-0.834562
0.0451972
0.0374061

-0.417697
-0.519469
0.74544
0.707798
0.0095311

0.417697
0.519469
-0.74544
-2.11144
1.07047

-0.832019
0.135178
-0.538026
-1.68173
1.0762

0.832019
-0.135178
0.538026
0.0345757
0.139586

-0.497249
0.517001
0.696744
-2.58864
1.32573

0.497249
-0.517001
-0.696744
0.862627
0.00198193

-0.369134
-0.929376
0
-0.39732
0.178864

0.369134
0.929376
0
0.26092
0.0500903

-0.373102
-0.5935
-0.713128
0.962873
7.2794e-05

0.533471
0.365044
0.762988
0.685295
0.00455114

-0.533471
-0.365044
-0.762988
0.211054
0.0285762

0.112136
0.662342
0.740762
0.829747
0.00382079

0.0391602
0.551362
0.833347
0.755418
0.0121488

-0.0391602
-0.551362
-0.833347
-6.24991
10.6648

-0.33992
-0.940454
0
-2.26516
1.88046

0.33992
0.940454
0
-0.0867815
0.209404

-0.915815
0.393295
-0.0812552
0.0470946
0.0878149

0.915815
-0.393295
0.0812552
-0.249324
0.150942

-0.10094
0.877047
0.469681
0.493745
0.0202702

0.10094
-0.877047
-0.469681
-0.422862
0.160033

-0.864723
0.27468
0.420483
0.350439
0.0215842

-0.142712
-0.533569
0.833629
0.470148
0.0381764

0.142712
0.533569
-0.833629
-2.23411
1.42055

0.955968
-0.0909479
-0.279024
-1.47434
0.399307

0.353434
-0.73189
-0.582599
-1.35991
0.51595

-0.353434
0.73189
0.582599
0.687944
0.00907787

-0.484669
0.775641
-0.404324
0.73921
0.00282346

0.484669
-0.775641
0.404324
0.253124
0.0230184

0.101199
0.949338
-0.297517
-0.511028
0.139528

-0.0426674
0.942345
-0.331911
-0.229526
0.0547642

0.0426674
-0.942345
0.331911
0.946806
0.00010594

-0.385182
0.145678
0.91127
0.963813
0.000166347

0.385182
-0.145678
-0.91127
-4.08762
2.92679

-0.76196
-0.362051
-0.536969
0.186731
0.0316097

0.76196
0.362051
0.536969
0.669625
0.00525099

0.0787627
0.169685
0.982346
0.972487
0.000224189

-0.405684
-0.914014
0
-0.403274
0.253615

0.405684
0.914014
0
-0.513289
0.294901

-0.656005
-0.476385
0.585418
-0.205597
0.251675

0.656005
0.476385
-0.585418
-1.94338
1.49924

-0.604611
0.764457
-0.223722
0.796013
0.0017648

0.604611
-0.764457
0.223722
0.0974594
0.0344533

-0.919272
-0.393623
0
0.651286
0.019126

0.919272
0.393623
0
-1.02102
0.351993

-0.351403
0.473418
0.807707
0.847727
0.0011609

0.351403
-0.473418
-0.807707
-0.308876
0.0847784

-0.468516
0.654755
-0.593118
-0.552599
0.093193

0.376292
0.436099
0.817449
0.220517
0.117909

-0.376292
-0.436099
-0.817449
-3.5524
4.01947

-0.62131
0.119769
0.774357
0.72042
0.00824785

0.62131
-0.119769
-0.774357
-1.95304
0.917577

0.0994403
-0.30745
0.946354
0.838859
0.000186232

0.293206
-0.543996
0.786193
0.632221
0.00969295

0.904754
0.402701
-0.138749
0.704396
0.00928981

-0.904754
-0.402701
0.138749
-1.93088
0.913134

0.638871
0.22514
-0.735632
-1.13217
0.398846

-0.638871
-0.22514
0.735632
0.670361
0.0110311

-0.0448039
0.103949
0.993573
0.949521
0.000774803

0.8642
0.171355
0.473071
0.536373
0.0352899

-0.225215
-0.667395
-0.709833
-0.63207
0.235388

-0.552839
-0.0213459
0.833015
0.769302
0.00482869

0.552839
0.0213459
-0.833015
-1.58566
0.606126

-0.660342
-0.0992624
-0.744376
0.825179
0.00141398

-0.699503
-0.346432
-0.625044
-0.432088
0.161018

0.699503
0.346432
0.625044
0.507881
0.0190914

0.184161
-0.284999
0.94067
0.740391
0.00468047

-0.184161
0.284999
-0.94067
-0.622563
0.178216

-0.295643
0.758594
-0.580629
0.0225141
0.0530967

0.295643
-0.758594
0.580629
0.633289
0.00752031

0.149356
-0.0440801
0.9878
-1.99848
1.33744

-0.149356
0.0440801
-0.9878
0.204256
0.0945426

0.868849
-0.179354
0.461448
-3.79288
4.17233

-0.868849
0.179354
-0.461448
0.436594
0.0577188

-0.818007
0.11335
-0.563929
-2.07182
1.55636

0.818007
-0.11335
0.563929
-0.00303149
0.166071

-0.140489
-0.804579
-0.576989
-0.890896
0.285648

0.140489
0.804579
0.576989
0.684539
0.0079638

-0.103926
0.227745
0.968159
0.971271
8.32208e-05

-0.584988
-0.700833
-0.408193
0.986737
1.71935e-05

0.584988
0.700833
0.408193
-3.05874
1.38648

0.469476
-0.508581
0.72176
0.782461
0.00357305

0.00445163
-0.0875984
0.996146
0.969024
0.000467709

0.437124
0.757187
-0.485376
-0.661485
0.322799

-0.437124
-0.757187
0.485376
-0.0313704
0.124442

-0.672462
0.615982
0.410319
0.437933
0.0170286

0.237814
-0.400247
0.885012
-0.270596
0.312783

-0.237814
0.400247
-0.885012
-2.42929
2.27565

0.421369
0.545182
-0.724724
0.660434
0.0093681

-0.421369
-0.545182
0.724724
-0.86701
0.282902

-0.354184
0.206259
0.912146
0.914162
0.000578385

-0.624353
0.406287
0.667168
0.604607
0.0233831

0.624353
-0.406287
-0.667168
-3.16707
2.57801

0.069297
0.974739
-0.212323
-0.0362325
0.0489026

-0.069297
-0.974739
0.212323
0.805419
0.00172869

-0.613571
0.0767866
0.785897
0.696579
0.00760777

0.613571
-0.0767866
-0.785897
-0.42894
0.136213

0.717089
0.196292
-0.66877
-0.462761
0.114111

-0.717089
-0.196292
0.66877
0.850213
0.00123337

-0.536843
0.843682
0
0.893492
0.00143329

0.536843
-0.843682
0
-3.80157
2.87073

0.19865
-0.443886
-0.873787
-2.5323
1.14814

-0.19865
0.443886
0.873787
0.91968
0.000595934

0.139407
0.981999
-0.127454
0.820892
0.000590667

-0.501833
0.00501663
0.86495
-0.714727
0.426856

0.501833
-0.00501663
-0.86495
-0.574795
0.360045

0.760361
-0.164447
-0.628338
-0.100374
0.0902148

-0.760361
0.164447
0.628338
0.373231
0.0292701

0.557382
-0.658019
-0.506296
-3.29076
2.70492

-0.557382
0.658019
0.506296
0.649734
0.0180266

-0.315899
-0.12757
0.940178
-1.17437
0.484818

0.315899
0.12757
-0.940178
0.499024
0.0257886

-0.451165
0.40604
-0.794721
0.633925
0.00593284

0.451165
-0.40604
0.794721
0.679572
0.00479616

0.856588
-0.489765
-0.162443
0.786271
0.00242246

-0.856588
0.489765
0.162443
-0.240422
0.0814999

-0.162882
0.393946
0.904586
0.927346
0.000380504

0.332256
-0.662281
-0.671558
0.740105
0.00330189

0.110087
-0.461081
0.880503
0.887639
0.000999463

-0.110087
0.461081
-0.880503
-1.67031
0.557279

0.0379177
0.535907
0.843425
0.834754
0.00211361

-0.0379177
-0.535907
-0.843425
-1.34768
0.426505

-0.815719
-0.448689
-0.365076
0.89198
0.00106345

0.815719
0.448689
0.365076
-2.26757
0.972623

-0.254692
0.36069
0.897237
-0.0793519
0.179831

0.254692
-0.36069
-0.897237
-1.61177
1.05112

0.411373
-0.576252
-0.706191
-4.47073
4.50984

-0.411373
0.576252
0.706191
0.829632
0.00442412

0.217163
-0.267273
0.938832
-1.32
0.509651

-0.217163
0.267273
-0.938832
0.65236
0.0114833

-0.327245
0.17437
0.928712
0.897587
0.00121586

0.147978
-0.294994
0.943971
0.902742
0.00098246

0.05286
0.669869
-0.740595
-1.25663
0.292644

-0.05286
-0.669869
0.740595
0.955235
0.0001299

0.682433
-0.556641
0.473747
0.618912
0.0444309

-0.682433
0.556641
-0.473747
-9.83982
35.9381

-0.877263
0.37911
0.294423
-2.97871
2.1899

0.877263
-0.37911
-0.294423
0.655821
0.0164041

0.892397
0.45125
0
0.70001
0.0222239

-0.892397
-0.45125
0
-4.71221
5.46067

0.947064
0.040017
-0.318542
0.159948
0.0656862

-0.947064
-0.040017
0.318542
-0.296718
0.15647

0.0476136
-0.372567
0.926783
0.923569
0.00118315

0.22896
-0.811428
0.537739
-0.0408998
0.27002

0.0129133
-0.099988
-0.994905
-24.1116
300.982

-0.0129133
0.099988
0.994905
0.98404
0.000122646

-0.593041
-0.259272
-0.762286
0.123316
0.0626074

-0.783446
0.355574
0.509685
0.963431
0.000973926

0.783446
-0.355574
-0.509685
-36.4466
1015.13

0.236829
-0.527043
-0.816172
-0.110933
0.0589094

-0.236829
0.527043
0.816172
0.805146
0.00181958

-0.736041
-0.0403754
-0.675732
0.679963
0.00532263

0.736041
0.0403754
0.675732
0.0624908
0.0451689

0.0432532
-0.251059
-0.967005
-2.38213
1.28315

-0.0432532
0.251059
0.967005
0.75589
0.00669888

-0.847416
-0.356452
0.393481
0.469549
0.0220471

0.847416
0.356452
-0.393481
-0.357955
0.144437

0.667864
-0.0768477
0.740306
0.65649
0.00310999

0.431713
0.770057
0.469719
0.986724
1.9438e-05

-0.612427
0.600571
0.51405
0.436829
0.0165358

0.801114
0.0940549
-0.591075
-3.31845
2.29448

-0.801114
-0.0940549
0.591075
0.840294
0.00317103

-0.696678
-0.0443747
-0.71601
-0.714494
0.466516

0.696678
0.0443747
0.71601
-0.88166
0.561865

0.871302
0.397568
0.287702
0.776584
0.0031378

-0.739449
0.631655
0.232868
0.475128
0.0105363

0.744215
0.364656
-0.559615
-0.110625
0.0645954

-0.744215
-0.364656
0.559615
0.744547
0.00342678

-0.223497
-0.71973
0.657296
-0.315838
0.237514

0.223497
0.71973
-0.657296
-0.813319
0.450877

-0.48733
-0.404445
0.773908
0.672134
0.0105083

0.48733
0.404445
-0.773908
-1.45993
0.585675

-0.571945
0.122277
0.811127
0.945966
0.00147043

0.571945
-0.122277
-0.811127
-23.5919
300.068

-0.389991
0.119291
0.913059
-5.69778
10.1958

0.389991
-0.119291
-0.913059
0.470196
0.0640449

-0.322615
-0.241446
-0.915218
-4.38295
6.86758

0.322615
0.241446
0.915218
-0.0175772
0.245519

-0.0194971
0.00624824
-0.99979
-0.815019
0.206259

0.0194971
-0.00624824
0.99979
0.847911
0.00153358

0.243743
0.96412
0.105174
0.761086
0.00342715

-0.243743
-0.96412
-0.105174
-0.401665
0.117211

0.265471
0.106619
-0.958205
-5.82622
10.3228

-0.265471
-0.106619
0.958205
0.548635
0.0451378

-0.103729
0.300945
-0.947983
-8.38655
16.585

0.103729
-0.300945
0.947983
0.980788
8.81585e-05

0.556973
0.222489
0.800175
0.927366
0.00265444

0.401582
0.581906
0.707189
0.715806
0.00974956

-0.401582
-0.581906
-0.707189
-2.54012
1.51249

0.583798
-0.325222
0.743916
0.785655
0.000743918

-0.583798
0.325222
-0.743916
0.845927
0.000384959

0.500283
-0.322958
0.803377
0.793942
0.00337998

-0.500283
0.322958
-0.803377
-1.18892
0.373084

-0.194745
-0.927277
-0.319736
-4.56154
3.66423

0.194745
0.927277
0.319736
0.974101
0.000105636

0.121042
-0.379487
-0.917245
-5.63558
7.83572

-0.121042
0.379487
0.917245
0.821672
0.0056692

-0.0481561
0.281535
0.958342
0.945965
0.00147882

0.631882
0.775064
0
-0.49048
0.536005

-0.631882
-0.775064
0
-3.44679
4.77049

0.464669
0.184936
0.865957
-1.28841
1.33605

-0.464669
-0.184936
-0.865957
-2.57564
3.2618

0.363407
-0.707769
-0.605804
0.878792
0.00474435

0.352642
-0.0935723
-0.931068
-3.20765
2.67034

-0.352642
0.0935723
0.931068
0.59274
0.0250657

-0.962856
0.247873
-0.107089
0.0815234
0.0654124

0.962856
-0.247873
0.107089
0.161348
0.054537

0.422853
0.763261
-0.488495
-2.80194
1.36053

-0.422853
-0.763261
0.488495
0.937152
0.000380813

0.717632
0.353385
0.600102
0.828005
0.00268579

-0.717632
-0.353385
-0.600102
-1.81483
0.709815

0.145739
0.0536362
0.987868
0.982834
0.000107048

-0.697648
-0.070838
0.712931
0.226425
0.0664833

0.697648
0.070838
-0.712931
-0.882572
0.392902

-0.0943052
-0.939
0.330736
0.388595
0.0164217

0.0943052
0.939
-0.330736
0.60419
0.00689162

0.443784
-0.0344977
-0.89547
-23.6866
300.227

-0.443784
0.0344977
0.89547
0.954657
0.00103507

0.73063
-0.328237
0.598699
0.650752
0.0323229

-0.73063
0.328237
-0.598699
-8.23727
22.5599

-0.172626
0.0247399
-0.984677
-1.04565
0.42195

0.172626
-0.0247399
0.984677
0.467501
0.0286499

0.211889
0.926035
0.312348
0.306983
0.0201908

-0.901344
-0.0249159
0.432387
0.00890684
0.053695

0.901344
0.0249159
-0.432387
0.654577
0.00654818

-0.107765
-0.323483
0.940077
0.448147
0.0207879

-0.61356
0.270099
-0.742018
-0.39554
0.13927

0.61356
-0.270099
0.742018
0.5971
0.0116324

0.770981
0.513174
-0.377148
0.365605
0.0186106

-0.770981
-0.513174
0.377148
0.576472
0.00830704

0.369314
0.299521
0.879712
-0.0101846
0.0392073

-0.369314
-0.299521
-0.879712
0.882316
0.00058139

0.955016
0.0070782
0.296469
-0.418716
0.193683

-0.955016
-0.0070782
-0.296469
0.188938
0.0633195

-0.451034
0.693986
0.561205
0.407412
0.0644387

0.451034
-0.693986
-0.561205
-3.75715
4.15112

0.655043
-0.345981
-0.671726
-4.81448
5.78232

-0.655043
0.345981
0.671726
0.749537
0.0107457

-0.428305
-0.571536
-0.69993
-1.42283
0.640113

0.428305
0.571536
0.69993
0.511601
0.0260404

0.803614
-0.419912
0.421757
0.979906
1.67541e-05

-0.803614
0.419912
-0.421757
-0.698983
0.115905

-0.325808
-0.739627
0.588898
0.834021
0.0020378

0.325808
0.739627
-0.588898
-1.15963
0.339486

0.452415
0.541042
0.708939
0.778752
0.00764024

-0.156638
-0.970074
-0.185531
-0.82653
0.494922

0.156638
0.970074
0.185531
-0.540588
0.352094

-0.441774
0.00928198
0.897078
0.878074
0.00137917

-0.0703159
0.690607
-0.719804
0.910808
0.000551152

-0.254462
0.798916
0.544961
0.868884
0.00161201

0.254462
-0.798916
-0.544961
-2.21265
0.964358

0.345028
0.352425
0.869915
0.944276
0.000193192

-0.345028
-0.352425
-0.869915
-1.00607
0.217832

-0.531284
0.505265
-0.680033
-1.63409
0.756925

0.531284
-0.505265
0.680033
0.586459
0.0187551

0.150901
-0.280675
0.947866
-0.591916
0.200733

0.66632
-0.164461
0.727304
0.873604
0.00152382

0.372517
-0.0145218
-0.927912
-3.99919
3.53209

-0.372517
0.0145218
0.927912
0.822545
0.00445162

-0.626123
0.549018
-0.553669
-0.491695
0.177681

0.626123
-0.549018
0.553669
0.517106
0.0186355

0.589519
0.658401
0.467947
0.462209
0.0249191

-0.528528
0.316639
0.787654
0.537625
0.0197946

0.528528
-0.316639
-0.787654
-0.918641
0.33854

-0.643439
-0.0247573
-0.765097
-7.22397
15.2451

0.643439
0.0247573
0.765097
0.751261
0.0139558

0.377555
0.0841384
-0.922157
0.524882
0.0090837

-0.377555
-0.0841384
0.922157
0.563482
0.00766788

0.705992
-0.172576
0.686872
0.777103
0.00470241

-0.0642437
-0.0386414
0.997186
0.987556
4.49246e-05

0.0642437
0.0386414
-0.997186
-11.4782
37.5605

-0.24403
0.697878
-0.673362
-4.36346
11.0087

0.24403
-0.697878
0.673362
-2.43261
4.50917

0.733715
-0.0120586
0.67935
0.58602
0.0117095

-0.733715
0.0120586
-0.67935
-0.258541
0.107496

-0.621363
-0.783523
0
0.33724
0.0435208

0.621363
0.783523
0
-0.558229
0.228032

0.3636
-0.138863
-0.921147
-2.27702
1.43365

-0.3636
0.138863
0.921147
0.510813
0.0321635

-0.117021
-0.34438
0.931509
0.939038
0.00050046

-0.336049
-0.0472677
-0.940658
0.424775
0.0507052

0.336049
0.0472677
0.940658
-2.69168
2.07761

-0.478642
0.70016
0.529791
0.645356
0.0268652

0.59733
-0.801996
0
0.915661
0.00364211

-0.529269
0.514411
0.674726
0.584445
0.0077713

-0.723604
-0.575754
-0.380664
-1.28531
0.554041

0.723604
0.575754
0.380664
0.496494
0.0269293

0.357507
-0.683361
-0.636558
-1.40449
0.576105

-0.357507
0.683361
0.636558
0.621887
0.0143252

-0.642017
0.243536
-0.726983
-0.564831
0.197711

0.642017
-0.243536
0.726983
0.539675
0.0171207

-0.000673332
0.273302
0.961928
-0.873458
0.226242

0.000673332
-0.273302
-0.961928
0.844297
0.00158295

0.21244
0.642153
0.736552
0.662868
0.0203116

-0.585307
0.164385
-0.793973
-5.39176
7.6943

0.585307
-0.164385
0.793973
0.722579
0.014501

-0.618688
0.30776
0.722848
0.978623
3.27688e-05

0.0445529
-0.793302
0.607196
0.365678
0.0346239

-0.0445529
0.793302
-0.607196
-0.398544
0.167929

-0.0821973
-0.269679
0.959436
0.958841
0.000106369

0.213614
-0.159229
-0.963854
-4.80309
4.61583

-0.213614
0.159229
0.963854
0.930938
0.000692569

-0.52759
-0.578394
0.622181
-2.08055
2.3994

0.52759
0.578394
-0.622181
-1.65619
1.78395

-0.170627
-0.217989
-0.96092
0.899715
0.000739905

0.170627
0.217989
0.96092
-1.47257
0.439

0.792377
-0.0610009
0.606974
0.0847874
0.123662

-0.114331
0.993443
0
0.38253
0.0299207

0.114331
-0.993443
0
-0.219605
0.116674

0.214128
0.840083
0.498407
0.83263
0.00180605

-0.214128
-0.840083
-0.498407
-0.792661
0.204543

-0.147098
-0.613841
0.775604
0.783961
0.00850788

0.147098
0.613841
-0.775604
-5.53516
7.78079

-0.40601
0.379804
0.831207
0.796234
0.00290195

0.40601
-0.379804
-0.831207
-0.873537
0.243706

0.785379
0.35899
0.504288
-1.68577
0.959358

-0.785379
-0.35899
-0.504288
0.291775
0.0667905

-0.56894
0.371349
0.733762
0.809038
0.00718164

0.56894
-0.371349
-0.733762
-6.39332
10.763

0.746805
-0.233785
0.622597
0.86319
0.00125357

-0.746805
0.233785
-0.622597
-1.04546
0.278524

-0.649776
-0.707875
0.276955
-0.0510767
0.0645853

0.649776
0.707875
-0.276955
0.62488
0.00822756

0.100001
0.66657
-0.738705
0.402412
0.0119805

-0.100001
-0.66657
0.738705
0.788021
0.00155322

-0.403676
0.126255
0.906148
0.548635
0.0451777

0.403676
-0.126255
-0.906148
-5.82622
10.3209

0.628737
0.198211
0.751932
0.574149
0.0113305

-0.51122
-0.510769
-0.691209
-1.2583
0.547416

0.51122
0.510769
0.691209
0.464496
0.0327194

-0.796139
-0.222653
0.562662
0.625532
0.015651

0.384204
0.0134776
0.92315
0.614546
0.0161348

-0.46647
-0.884537
0
0.924503
0.00371889

-0.544688
0.50479
-0.669703
0.926518
0.000224569

0.655186
-0.280286
0.701549
-24.0528
300.778

-0.655186
0.280286
-0.701549
0.980894
0.000185118

0.33594
-0.751613
-0.567646
0.912771
0.000625087

-0.324912
-0.0108621
0.945682
-0.547448
0.104746

0.324912
0.0108621
-0.945682
0.945108
0.000132159
