
0.626105
0.575676
-0.525918
0.7722
0.00189724

-0.626105
-0.575676
0.525918
0.332072
0.0162864

-0.13891
0.308695
0.940963
0.952788
0.000357872

0.233082
-0.150746
0.960702
0.891648
0.000760427

-0.233082
0.150746
-0.960702
-1.09771
0.282598

-0.244185
-0.868313
-0.431747
-0.285708
0.0718095

0.244185
0.868313
0.431747
0.900559
0.000440039

-0.699178
-0.567732
-0.434546
-0.340079
0.0861443

0.699178
0.567732
0.434546
0.871336
0.000807567

-0.898752
-0.438458
0
-16.3281
121.846

0.898752
0.438458
0
0.773674
0.0254159

0.408479
0.385509
0.827362
-0.112234
0.15227

-0.408479
-0.385509
-0.827362
-0.710177
0.359616

0.905688
0.423945
0
0.19983
0.0970616

-0.905688
-0.423945
0
-1.07077
0.506692

0.803463
-0.105397
0.585951
0.834021
0.00203748

-0.803463
0.105397
-0.585951
-1.15963
0.339486

-0.339906
0.4407
0.830812
-0.791935
0.125946

0.339906
-0.4407
-0.830812
0.989232
9.07325e-06

0.00286233
0.401139
-0.916013
-0.549904
0.0931009

-0.00286233
-0.401139
0.916013
0.972777
3.21583e-05

-0.107539
0.275973
0.95513
0.977183
4.59995e-05

-0.984166
-0.141831
0.106308
-0.801819
0.237068

0.984166
0.141831
-0.106308
0.736083
0.00508766

0.984384
0.153972
0.0853295
0.808996
0.00195922

-0.984384
-0.153972
-0.0853295
-0.334101
0.0955463

0.346592
0.493168
-0.797909
-0.291542
0.250925

-0.383462
0.389283
0.837505
0.856079
0.00163521

-0.291853
0.903659
-0.313404
-0.542762
0.11824

0.291853
-0.903659
0.313404
0.902378
0.000562654

0.104427
0.560164
0.821773
0.711031
0.01468

-0.104427
-0.560164
-0.821773
-4.73403
5.73553

0.772825
-0.22987
-0.591525
-1.50907
1.28808

-0.772825
0.22987
0.591525
-1.14159
0.939495

0.639035
0.769178
0
0.423091
0.0191651

-0.557179
-0.0260667
-0.829983
0.902364
0.000692004

-0.889112
0.221414
-0.400569
-1.25242
0.318942

0.889112
-0.221414
0.400569
0.925071
0.000360067

0.55489
0.256438
0.791414
-0.545759
0.195787

-0.55489
-0.256438
-0.791414
0.512817
0.0195764

0.560351
-0.469984
0.681998
0.684793
0.00332481

-0.560351
0.469984
-0.681998
0.583615
0.00573444

-0.121228
0.685461
-0.717947
-0.248376
0.0862091

0.121228
-0.685461
0.717947
0.759657
0.00319664

-0.822029
-0.0650851
0.565714
0.974713
2.64253e-05

0.822029
0.0650851
-0.565714
-0.330935
0.0597352

-0.968842
-0.11774
-0.217906
0.956739
0.000700815

0.0413559
-0.382326
-0.923102
0.887117
0.00105533

-0.165583
-0.293598
-0.941479
-4.05697
4.32237

0.165583
0.293598
0.941479
0.623861
0.023925

0.0143062
-0.326494
-0.945091
0.750979
0.00512085

0.72024
0.158126
-0.675463
-0.966322
0.271702

-0.72024
-0.158126
0.675463
0.811916
0.0024912

-0.312349
0.486915
-0.815691
0.229563
0.0200623

0.312349
-0.486915
0.815691
0.856153
0.000701277

0.582252
-0.579866
0.569858
-3.29075
15.3459

-0.582252
0.579866
-0.569858
-16.1631
245.527

0.138332
0.342027
0.929452
0.984856
0.000164599

-0.138332
-0.342027
-0.929452
-36.8596
1016.22

-0.518593
0.0770225
-0.851545
-8.76728
23.1326

0.518593
-0.0770225
0.851545
0.835873
0.00653477

0.366198
0.247884
0.896913
0.662919
0.0267835

-0.366198
-0.247884
-0.896913
-7.01095
15.0376

-0.170592
0.535161
0.827346
0.802361
0.00345715

0.170592
-0.535161
-0.827346
-1.63619
0.613559

-0.328141
-0.729209
0.600481
0.387034
0.0448371

0.328141
0.729209
-0.600481
-1.45186
0.71577

-0.353908
-0.522865
-0.775475
-2.7078
1.79649

0.353908
0.522865
0.775475
0.662091
0.015034

0.247604
0.886082
-0.391855
-2.1389
1.38843

-0.247604
-0.886082
0.391855
0.371784
0.0556617

0.383444
-0.155449
0.910388
-0.0420418
0.10593

-0.383444
0.155449
-0.910388
-0.168245
0.133125

-0.902471
0.106631
0.417344
0.760923
0.00587568

0.902471
-0.106631
-0.417344
-2.01295
0.929454

0.414608
-0.681638
0.602884
0.591928
0.0124778

-0.642722
-0.0384477
-0.765134
-8.54814
22.9171

0.642722
0.0384477
0.765134
0.768958
0.0134387

0.036201
0.395638
-0.917693
0.140716
0.0224125

-0.036201
-0.395638
0.917693
0.921302
0.00018902

0.657274
0.294967
-0.693531
-4.50687
5.60561

-0.657274
-0.294967
0.693531
0.583543
0.0320663

0.19583
-0.427873
-0.882369
-2.31001
1.90464

-0.19583
0.427873
0.882369
-0.0216155
0.181775

0.0121404
0.319416
0.947537
0.108753
0.0406397

0.344861
0.0724932
0.93585
0.595988
0.0504809

-0.344861
-0.0724932
-0.93585
-9.78489
35.8238

-0.0470814
-0.499786
0.864869
0.873625
0.00379281

0.0378769
-0.31026
0.949897
0.919949
0.00201073

0.471922
0.728527
-0.496526
-0.423024
0.0944399

-0.471922
-0.728527
0.496526
0.902172
0.000449767

0.281024
-0.0959659
0.954891
0.937978
0.000233927

-0.281024
0.0959659
-0.954891
-0.86644
0.181519

0.336606
-0.582671
0.739723
-1.77771
0.98595

-0.336606
0.582671
-0.739723
0.403479
0.0455101

-0.668787
-0.0567456
-0.741285
-1.85864
0.897251

0.668787
0.0567456
0.741285
0.648057
0.0137039

-0.258473
0.848811
-0.461207
0.280945
0.030199

0.209618
-0.129541
-0.969164
-36.0721
1013.52

-0.209618
0.129541
0.969164
0.935638
0.00309182

0.245505
-0.6928
0.678052
0.684943
0.0144013

-0.245505
0.6928
-0.678052
-3.34649
2.72528

-0.124881
-0.633953
-0.763222
-17.4406
126.579

0.124881
0.633953
0.763222
0.959163
0.000635303

-0.484709
-0.637554
0.598818
0.490019
0.0197662

0.484709
0.637554
-0.598818
-0.323746
0.13306

-0.0322981
-0.162594
0.986164
-0.713924
0.10899

0.0316905
-0.649196
-0.759961
-1.52753
0.59683

-0.0316905
0.649196
0.759961
0.727131
0.00704222

0.899773
0.413825
-0.138409
0.960095
0.000131176

-0.899773
-0.413825
0.138409
-2.48856
0.998974

-0.45852
0.137011
-0.878059
0.747206
0.00254964

0.698258
-0.10514
0.708083
0.825304
0.00179368

-0.698258
0.10514
-0.708083
-0.517572
0.131774

0.173281
-0.599053
-0.781735
0.761291
0.00129477

-0.11697
0.0845305
0.989531
0.975798
0.000125413

0.0493817
-0.671774
-0.739109
0.344683
0.0197636

-0.0493817
0.671774
0.739109
0.595442
0.00753546

0.972627
0.0670778
-0.22248
0.952849
0.00109882

-0.0584013
0.246785
-0.967309
0.57883
0.00257043

0.0584013
-0.246785
0.967309
0.974206
2.35186e-05

-0.076202
-0.0680437
0.994768
0.928973
0.000270225

0.076202
0.0680437
-0.994768
-0.639143
0.129841

0.0833749
0.458806
-0.884616
-3.64002
4.07471

-0.0833749
-0.458806
0.884616
0.304725
0.0917728

-0.156927
-0.28697
0.944998
0.95259
0.000244375

0.927842
-0.103774
-0.358246
-1.55056
0.918276

-0.927842
0.103774
0.358246
0.100834
0.114171

-0.696787
-0.473664
-0.538637
-0.709729
0.263448

-0.651277
0.0387263
0.757851
0.799393
0.00216659

0.651277
-0.0387263
-0.757851
-0.253796
0.0823167

-0.0362432
-0.460972
-0.886674
0.929645
0.000918881

0.0362432
0.460972
0.886674
-6.8389
10.9905

-0.489231
-0.0219058
0.871879
0.874621
0.00252623

-0.880126
0.405878
-0.246255
0.546503
0.0336296

0.880126
-0.405878
0.246255
-3.5108
3.32572

-0.396693
0.801615
0.447268
0.817061
0.00304892

0.396693
-0.801615
-0.447268
-1.7955
0.70706

0.126088
-0.190485
0.973559
-0.219837
0.0693409

0.407069
-0.262227
0.874947
-0.0216155
0.181595

-0.407069
0.262227
-0.874947
-2.31001
1.90542

-0.318143
0.811844
-0.489585
-1.18302
0.372472

-0.561286
-0.709929
0.425392
-0.277562
0.0679853

0.561286
0.709929
-0.425392
0.913996
0.000310324

0.568797
0.505396
0.64888
-0.33432
0.303397

-0.568797
-0.505396
-0.64888
-1.6594
1.20452

0.220439
-0.0326576
0.974854
0.903216
0.00197102

-0.186232
-0.928817
0.320338
-0.332691
0.0928937

0.186232
0.928817
-0.320338
0.82408
0.00162107

0.357726
-0.184018
-0.915516
-0.40398
0.117335

-0.357726
0.184018
0.915516
0.763384
0.00334391

-0.59508
-0.501438
-0.628044
-0.633415
0.204883

0.59508
0.501438
0.628044
0.627397
0.0107307

0.711862
0.588189
-0.383779
-0.109759
0.106711

-0.711862
-0.588189
0.383779
0.138746
0.0642885

-0.293729
0.743675
0.600558
0.646098
0.0157177

0.293729
-0.743675
-0.600558
-2.43981
1.48447

-0.700775
-0.453082
0.551027
-0.12838
0.0654846

0.700775
0.453082
-0.551027
0.76505
0.00287369

0.125052
-0.302831
-0.944804
0.620647
0.0070435

-0.125052
0.302831
0.944804
0.231049
0.0289227

0.181482
0.0411438
-0.982533
-11.1076
37.4077

-0.181482
-0.0411438
0.982533
0.951704
0.000598377

-0.482655
0.309722
0.819217
0.70018
0.0171287

0.482655
-0.309722
-0.819217
-5.3442
7.66347

-0.0256644
-0.954443
-0.297288
0.117989
0.0383259

-0.262857
-0.931518
0.251357
-0.594387
0.287272

0.262857
0.931518
-0.251357
-0.00545549
0.114258

0.450475
-0.340219
0.825423
0.748945
0.0061083

-0.450475
0.340219
-0.825423
-1.68899
0.68985

-0.352527
0.202597
0.913608
0.93319
0.00028681

0.352527
-0.202597
-0.913608
-1.04401
0.237538

0.0156336
-0.212447
-0.977048
-0.936053
0.214102

-0.0156336
0.212447
0.977048
0.915544
0.000454656

-0.297754
0.0376438
-0.9539
-0.715528
0.355057

0.297754
-0.0376438
0.9539
-0.0630882
0.136419

0.00833678
0.927706
-0.373217
0.897485
0.00140134

0.0970412
-0.75953
-0.643193
-1.29862
0.506133

-0.0970412
0.75953
0.643193
0.63222
0.0130353

-0.999645
0.0266273
0
-0.00959182
0.102529

0.999645
-0.0266273
0
-0.277763
0.164222

0.586778
-0.457597
0.668054
-2.54597
2.3423

-0.586778
0.457597
-0.668054
-0.0952649
0.223832

0.676305
0.736622
0
0.894232
0.00112793

0.266687
-0.777542
-0.569479
-2.20679
1.09132

-0.266687
0.777542
0.569479
0.770354
0.00563902

-0.840962
-0.00485621
-0.541073
-0.0657268
0.0718489

0.840962
0.00485621
0.541073
0.553797
0.0126065

-0.29937
-0.21504
0.929589
0.909042
0.000181827

-0.248999
0.365545
0.89687
0.993164
1.13008e-06

0.150057
0.122711
-0.981033
-13.8434
64.8927

-0.150057
-0.122711
0.981033
0.975472
0.000178801

0.0529912
-0.28826
-0.956085
-0.488564
0.129941

-0.0529912
0.28826
0.956085
0.801267
0.00234016

0.77655
0.374864
-0.506405
-0.204628
0.145722

-0.77655
-0.374864
0.506405
-0.0708857
0.11518

0.722873
0.69098
0
-7.63799
15.5262

-0.722873
-0.69098
0
0.880443
0.0031065

-0.447916
-0.363591
0.816807
0.745196
0.00427149

0.447916
0.363591
-0.816807
-0.522528
0.149415

-0.356547
0.275854
-0.892625
0.244216
0.0718249

0.356547
-0.275854
0.892625
-1.34618
0.689741

-0.905307
-0.424757
0
0.374626
0.0610359

0.905307
0.424757
0
-1.93579
1.13414

-0.524231
-0.596004
-0.608244
0.197571
0.0850877

0.524231
0.596004
0.608244
-1.45743
0.796874

0.521443
0.316677
-0.792346
-2.82409
1.83275

-0.521443
-0.316677
0.792346
0.736909
0.00867849

-0.113082
0.908694
-0.401855
-5.74263
10.2447

0.113082
-0.908694
0.401855
0.498482
0.0567237

0.76237
0.647142
0
0.668771
0.00893428

-0.584889
-0.042015
-0.810025
-7.7237
15.608

0.584889
0.042015
0.810025
0.900744
0.00203037

0.590621
0.627482
-0.507379
-0.575919
0.143763

-0.590621
-0.627482
0.507379
0.833993
0.00161868

-0.139818
0.0248702
-0.989865
-0.485266
0.28957

0.139818
-0.0248702
0.989865
-0.485266
0.28957

-0.0616842
0.535394
0.842347
0.749988
0.00384426

0.0616842
-0.535394
-0.842347
-0.433753
0.126345

-0.221801
-0.946932
0.232647
-7.1729
20.9458

0.221801
0.946932
-0.232647
-0.00117183
0.314341

-0.173588
-0.215523
0.960946
-2.97841
1.87441

0.173588
0.215523
-0.960946
0.81894
0.00388623

0.719702
0.584257
-0.375064
0.392308
0.00867734

-0.0267399
-0.499797
-0.86573
-1.22069
0.411281

0.0267399
0.499797
0.86573
0.746806
0.00544947

-0.76311
0.0752596
0.641871
0.48373
0.0553239

0.76311
-0.0752596
-0.641871
-4.96806
7.39131

-0.777292
0.0843921
-0.623454
0.630497
0.00772178

0.777292
-0.0843921
0.623454
-0.000898361
0.0565564

-0.53046
0.767385
0.360184
0.102241
0.0187329

0.53046
-0.767385
-0.360184
0.980585
1.02707e-05

0.702087
-0.598771
0.385418
0.804174
0.00691809

-0.048584
-0.11529
0.992143
0.954811
0.000396273

0.048584
0.11529
-0.992143
-8.01593
15.7574

0.351871
-0.126232
-0.927498
-21.6553
293.078

-0.351871
0.126232
0.927498
0.578725
0.101557

-0.651132
0.107301
0.751342
0.804174
0.00696308

0.651132
-0.107301
-0.751342
-5.58758
7.80541

0.55532
0.0625072
-0.829284
-2.35638
1.12024

-0.55532
-0.0625072
0.829284
0.850414
0.00224016

-0.404584
0.804975
0.433966
0.709056
0.0048255

0.404584
-0.804975
-0.433966
-0.00416088
0.052877

0.819561
0.407611
0.402708
0.504912
0.0407587

-0.819561
-0.407611
-0.402708
-3.45579
3.29793

0.936046
0.11676
0.33194
0.0226581
0.0804724

0.307375
-0.756005
0.577908
0.615455
0.00448288

-0.708486
-0.0442411
-0.704337
-1.05174
0.933151

0.708486
0.0442411
0.704337
-2.02529
2.02836

-0.933088
0.1547
0.324675
0.35107
0.0245776

0.933088
-0.1547
-0.324675
0.328501
0.0263154

-0.6666
-0.457155
0.588773
0.937024
0.000390409

0.6666
0.457155
-0.588773
-0.569376
0.113195

0.53147
-0.631381
-0.56471
-3.53681
3.33836

-0.53147
0.631381
0.56471
0.565352
0.0306605

-0.285178
-0.489528
0.824036
0.936659
0.00201165

0.285178
0.489528
-0.824036
-23.4989
299.955

-0.412875
-0.767731
0.490023
-0.00541639
0.0243552

0.474342
0.439672
0.762685
0.841128
0.00223602

-0.890637
0.261286
0.372149
0.424133
0.0458886

0.890637
-0.261286
-0.372149
-2.18817
1.40529

0.309235
0.11316
0.944229
0.936229
0.000731157

-0.309235
-0.11316
-0.944229
-6.87296
11.0124

0.978465
-0.0805006
0.190067
0.0170232
0.066682

-0.978465
0.0805006
-0.190067
0.393165
0.0254186

0.566694
0.671585
-0.477317
-1.45186
0.715815

-0.566694
-0.671585
0.477317
0.387034
0.0448026

-0.0826154
0.992341
-0.0918357
0.647141
0.00502836

0.0826154
-0.992341
0.0918357
0.421876
0.013496

0.249842
-0.0270208
0.96791
0.543445
0.0653185

-0.249842
0.0270208
-0.96791
-9.6656
35.6451

-0.152896
-0.134055
0.979108
0.982516
0.000217478

0.152896
0.134055
-0.979108
-36.8038
1016.18

0.745722
0.20116
-0.635164
-0.32271
0.125446

-0.745722
-0.20116
0.635164
0.557914
0.0140315

-0.476974
0.191664
-0.857765
-1.45186
0.715864

0.476974
-0.191664
0.857765
0.387034
0.0447645

-0.914713
0.253725
-0.314522
-1.72842
0.456984

0.914713
-0.253725
0.314522
0.978516
2.96264e-05

-0.751253
0.418192
0.510622
0.782522
0.00338585

0.751253
-0.418192
-0.510622
-0.513653
0.140653

0.791194
0.537979
0.290843
0.991962
3.8459e-06

0.18718
0.816146
-0.54669
0.113645
0.03966

-0.18718
-0.816146
0.54669
0.666243
0.00566148

0.54309
-0.495284
-0.678046
-2.02218
0.931284

-0.54309
0.495284
0.678046
0.766806
0.00555985

-0.364279
0.474969
-0.801065
0.75704
0.00140176

0.364279
-0.474969
0.801065
0.70429
0.00207597

0.290409
-0.419935
0.859835
-1.49439
0.654346

-0.290409
0.419935
-0.859835
0.585979
0.0181833

-0.962856
0.247873
-0.107089
0.0815234
0.0654124

0.962856
-0.247873
0.107089
0.161348
0.054537

-0.235368
0.859662
-0.453414
-0.251687
0.0639157

0.235368
-0.859662
0.453414
0.915868
0.000291234

-0.284212
-0.015455
-0.958637
-1.43793
0.643258

-0.0839852
-0.241009
-0.966882
-36.587
1015.27

0.0839852
0.241009
0.966882
0.971787
0.000588167

-0.722636
0.264984
0.63842
0.735098
0.00803812

0.722636
-0.264984
-0.63842
-2.34889
1.27492

0.0840767
-0.995303
-0.047999
-1.38734
0.473071

0.749007
-0.291105
0.595185
0.317377
0.0459988

-0.749007
0.291105
-0.595185
-0.685654
0.280359

-0.85476
0.361662
0.372272
-0.704406
0.330607

0.85476
-0.361662
-0.372272
0.0594509
0.100712

-0.524572
0.689479
0.499443
-0.455958
0.0904519

0.524572
-0.689479
-0.499443
0.93845
0.000163902

-0.201206
-0.151022
-0.967837
-1.31337
0.613338

0.201206
0.151022
0.967837
0.380371
0.0482231

0.0341945
0.458284
0.888148
0.911149
0.00306785

-0.0341945
-0.458284
-0.888148
-17.0423
126.061

0.425317
-0.134912
0.894933
0.933944
0.000466033

0.439674
-0.163174
-0.883211
-1.20158
0.59117

-0.439674
0.163174
0.883211
0.221647
0.0741322

-0.188565
-0.10539
0.976389
0.961072
0.00112149

0.188565
0.10539
-0.976389
-36.41
1014.74

0.15932
-0.123052
0.979528
0.980928
0.000270224

0.468891
-0.329445
0.819516
0.842728
0.00370821

0.615624
-0.0521907
0.78631
0.677729
0.00918902

-0.615624
0.0521907
-0.78631
-1.14006
0.400637

-0.828519
0.498778
-0.254511
-0.170209
0.141529

0.828519
-0.498778
0.254511
-0.170209
0.141529

-0.480196
-0.724887
-0.493914
0.766133
0.00204004

0.480196
0.724887
0.493914
0.336053
0.0162601

-0.273507
-0.878067
0.392673
-0.504554
1.53057

0.273507
0.878067
-0.392673
-19.2279
276.632

-0.0728579
-0.407807
0.910157
0.870722
0.000848646

0.0728579
0.407807
-0.910157
-0.305491
0.0805148

0.780134
0.434085
0.450512
0.0335343
0.0627131

-0.780134
-0.434085
-0.450512
0.418226
0.0227532

-0.0331256
0.604638
0.795812
0.711545
0.013581

0.0331256
-0.604638
-0.795812
-4.21022
4.39636

0.814405
0.311834
0.489391
0.908518
0.000422462

-0.814405
-0.311834
-0.489391
-0.598006
0.127941

-0.362451
-0.862088
-0.354166
-5.64499
9.03876

0.362451
0.862088
0.354166
0.647255
0.0254791

0.30283
-0.383691
-0.872396
-0.930843
0.230464

-0.30283
0.383691
0.872396
0.879322
0.000952994

0.761513
-0.151343
-0.630232
-1.55263
0.822945

-0.761513
0.151343
0.630232
0.328693
0.0569197

-0.816227
-0.253102
-0.519339
0.909774
0.000337273

-0.903168
-0.429288
0
-1.19819
0.404047

0.903168
0.429288
0
0.728638
0.0110112

-0.306868
-0.18755
0.93309
0.757176
0.00434787

0.306868
0.18755
-0.93309
-0.825599
0.23941

-0.608759
-0.330923
-0.721043
-2.85366
2.94951

0.608759
0.330923
0.721043
-0.13067
0.253971

0.387796
0.690434
0.610669
0.51794
0.0105164

-0.27806
-0.769227
-0.575302
0.476676
0.0116279

0.27806
0.769227
0.575302
0.560263
0.00821165

-0.654538
-0.331252
0.679597
0.374626
0.052797

0.654538
0.331252
-0.679597
-1.93579
1.16047

0.0532839
0.020674
0.998365
0.339122
0.0365107

-0.0532839
-0.020674
-0.998365
-0.285104
0.13758

0.938417
-0.0351786
-0.343709
0.010034
0.0315945

-0.938417
0.0351786
0.343709
0.933934
0.000145173

0.10451
-0.69605
0.710346
0.107447
0.0772803

-0.10451
0.69605
-0.710346
-0.325755
0.170302

0.212632
-0.58815
0.780299
0.445162
0.11611

-0.212632
0.58815
-0.780299
-11.7835
61.5314

0.936887
-0.181709
-0.298703
0.740316
0.00486333

-0.936887
0.181709
0.298703
-0.676234
0.194531

0.727684
-0.596725
0.338224
-0.154808
0.104958

-0.727684
0.596725
-0.338224
0.332981
0.0350362

0.381006
-0.424557
-0.821332
-1.04182
0.278212

-0.381006
0.424557
0.821332
0.861049
0.00134195

0.702628
0.128426
0.699872
0.752525
0.00562642

0.499479
-0.820888
0.276883
0.93841
0.000268368

0.301232
-0.43149
0.850338
-0.0131848
0.0625295

-0.301232
0.43149
-0.850338
0.562468
0.0116677

0.577806
-0.675359
-0.458292
-0.568082
0.18525

-0.577806
0.675359
0.458292
0.619596
0.0109114

0.892196
-0.451648
0
-3.81458
5.09511

-0.892196
0.451648
0
-0.01139
0.224866

-0.0512735
-0.158552
0.986018
0.968329
0.00026922

0.0512735
0.158552
-0.986018
-11.2494
37.4602

-0.469586
-0.254859
0.845302
0.535168
0.0206341

0.469586
0.254859
-0.845302
-1.00511
0.381038

0.258419
-0.565885
-0.782939
-3.11244
2.62987

-0.258419
0.565885
0.782939
0.520499
0.0357575

-0.58569
0.318374
0.745389
0.650752
0.0323577

0.58569
-0.318374
-0.745389
-8.23727
22.5558

0.0345201
-0.773081
-0.633368
-1.47025
0.587491

-0.0345201
0.773081
0.633368
0.680968
0.00986739

-0.1865
-0.2567
0.948326
0.950656
0.000746006

0.1865
0.2567
-0.948326
-13.598
64.6988

-0.496588
0.427153
0.755606
0.738823
0.00683306

0.779809
-0.480756
0.400964
0.730924
0.00547113

-0.779809
0.480756
-0.400964
-0.865896
0.261999

0.12092
-0.195612
0.973198
0.859591
0.00135798

-0.12092
0.195612
-0.973198
-0.966007
0.251412

-0.734085
-0.679058
0
-0.623533
0.156296

0.734085
0.679058
0
0.832263
0.00168112

0.229317
0.599297
-0.766979
-0.217246
0.219085

-0.229317
-0.599297
0.766979
-1.2184
0.727018

0.202627
-0.9703
0.132135
0.618738
0.0103071

-0.202627
0.9703
-0.132135
-0.411734
0.140655

0.360103
-0.590341
0.722373
0.0345777
0.0796196

-0.360103
0.590341
-0.722373
0.0345777
0.0796196

0.0196386
0.441701
-0.896947
0.952041
0.000386299

0.843557
-0.505687
-0.180808
0.535855
0.0147708

-0.843557
0.505687
0.180808
-0.188212
0.0967649

0.563826
0.338059
0.753536
0.773029
0.00172609

-0.563826
-0.338059
-0.753536
0.420725
0.0112307

0.576581
0.293165
0.762632
0.640602
0.00712732

-0.576581
-0.293165
-0.762632
0.0179087
0.0532143

0.831309
0.310969
-0.460678
-3.05073
4.38766

-0.831309
-0.310969
0.460678
-1.17839
1.26894

-0.398943
0.5256
-0.751392
-0.660197
0.256824

0.398943
-0.5256
0.751392
0.393998
0.034252

0.70557
-0.512542
0.489359
0.504136
0.016901

-0.70557
0.512542
-0.489359
-0.13391
0.0881642

-0.215243
-0.318632
0.923117
0.787756
0.0027372

0.566854
0.597945
-0.56669
-0.00290644
0.0497142

-0.566854
-0.597945
0.56669
0.739144
0.00336563

-0.977666
0.122155
-0.171017
-3.59346
4.04557

0.977666
-0.122155
0.171017
0.260798
0.104948

0.767224
-0.432951
-0.473203
-0.0576181
0.10175

-0.767224
0.432951
0.473203
-0.00268054
0.0914557

0.106104
0.137998
-0.984733
0.809171
0.00342037

-0.106104
-0.137998
0.984733
-1.78201
0.704507

0.388235
0.558961
0.732691
0.797765
0.00745009

-0.388235
-0.558961
-0.732691
-5.57063
7.79627

0.374586
0.432676
0.820046
0.870609
0.000388113

0.440329
0.897837
0
0.294046
0.0289261

-0.440329
-0.897837
0
0.403317
0.0207296

0.40964
0.522563
-0.747745
0.757058
0.00142912

-0.40964
-0.522563
0.747745
0.695578
0.00224103

0.839357
-0.217218
-0.498293
-35.9005
1013.05

-0.839357
0.217218
0.498293
0.920172
0.00475325

0.391194
-0.172221
0.90405
-1.61177
1.05112

-0.391194
0.172221
-0.90405
-0.0793519
0.179835

-0.364832
-0.146317
-0.919505
0.708259
0.00446904

0.364832
0.146317
0.919505
-0.0284399
0.055387

-0.974052
-0.226324
0
0.183945
0.0429943

0.974052
0.226324
0
0.349447
0.0273333

-0.612601
-0.763947
0.202741
0.233813
0.0170949

-0.250429
-0.444916
0.859846
0.353406
0.0327957

0.250429
0.444916
-0.859846
-0.164669
0.105982

0.470602
-0.0846442
-0.878276
-10.7365
37.108

-0.470602
0.0846442
0.878276
0.890084
0.00325674

0.237072
-0.770753
0.591386
0.247539
0.0239974

-0.237072
0.770753
-0.591386
0.725695
0.00322639

0.441536
-0.226834
0.868097
0.886421
0.00129873

0.279967
0.258222
-0.924629
-16.9293
125.884

-0.279967
-0.258222
0.924629
0.893909
0.00440796

-0.241424
0.715203
0.655896
0.798082
0.0115972

0.86029
0.509805
0
0.897002
0.0036212

0.545389
-0.337368
-0.76729
-2.95933
1.86931

-0.545389
0.337368
0.76729
0.809799
0.00433015

-0.211241
-0.0355855
0.976786
0.768414
0.00596662

0.211241
0.0355855
-0.976786
-2.40302
1.28808

0.460023
-0.62106
0.634558
0.976986
2.1679e-05

-0.460023
0.62106
-0.634558
-0.686728
0.115613

0.166147
-0.640359
0.74989
0.509218
0.0295216

-0.166147
0.640359
-0.74989
-1.87673
1.01309

0.751471
0.421109
0.507896
-0.686894
0.225404

0.784624
-0.619972
0
-0.293216
0.283158

-0.784624
0.619972
0
-1.49463
0.992206

0.501824
-0.709189
-0.495201
0.896587
0.00102821

-0.026317
0.992029
0.123228
0.564323
0.0353585

0.026317
-0.992029
-0.123228
-4.47658
5.58648

0.850949
-0.345042
-0.39602
-0.804843
0.297402

-0.850949
0.345042
0.39602
0.496263
0.0232021

0.805256
-0.335801
-0.488672
0.984359
8.42114e-06

-0.556004
-0.354704
-0.751695
0.979868
5.57506e-05

0.556004
0.354704
0.751695
-5.65522
6.0808

-0.68789
0.52851
-0.497479
-1.6077
0.935908

0.68789
-0.52851
0.497479
0.185658
0.0913557

-0.87876
-0.461402
-0.12202
-1.33756
0.271102

0.87876
0.461402
0.12202
0.989874
5.17936e-06

-0.281999
-0.0505507
-0.958082
0.875238
0.00138575

-0.490055
-0.871691
0
0.38258
0.0843552

0.490055
0.871691
0
-4.22512
5.24291

-0.70765
-0.706563
0
-3.0309
1.84837

0.70765
0.706563
0
0.842722
0.00425278

-0.936391
0.245947
-0.250363
-0.408024
0.0938311

-0.293883
-0.119142
0.948387
0.566799
0.0513194

0.293883
0.119142
-0.948387
-8.05305
22.3133

0.974644
0.22376
0
-4.23249
3.50175

-0.974644
-0.22376
0
0.904048
0.00232152

0.240456
0.596784
-0.765525
-0.426014
0.0718146

-0.131961
0.896144
-0.423688
0.28694
0.0243314

0.131961
-0.896144
0.423688
0.602119
0.00757783

-0.778033
0.150285
0.609982
0.70553
0.00637477

0.778033
-0.150285
-0.609982
-0.704987
0.211849

-0.789127
0.0957333
0.606723
0.548635
0.0452126

0.789127
-0.0957333
-0.606723
-5.82622
10.3193

-0.896977
0.442076
0
0.673824
0.0161982

0.896977
-0.442076
0
-3.32848
2.70585

-0.951189
0.036501
0.306442
0.0463153
0.0565889

0.951189
-0.036501
-0.306442
0.501375
0.0154829

0.450605
-0.154633
-0.879229
-4.06014
6.53163

-0.450605
0.154633
0.879229
-0.401707
0.501681

-0.0167477
0.000278054
-0.99986
-1.13783
0.310209

0.0167477
-0.000278054
0.99986
0.870876
0.00113631

-0.279389
-0.355597
0.891904
0.748949
0.00877866

0.279389
0.355597
-0.891904
-3.4587
2.76798

-0.785854
-0.618412
0
-1.41167
0.694674

0.785854
0.618412
0
0.335282
0.0639407

0.335926
-0.431836
0.837061
0.760122
0.00383863

-0.335926
0.431836
-0.837061
-0.643669
0.179771

-0.796543
-0.604582
0
-0.639015
0.27336

0.796543
0.604582
0
0.235577
0.059473

-0.177848
0.177232
0.967966
0.951974
0.000509189

0.787249
0.25555
0.561189
0.870066
0.000918898

-0.103344
0.136154
-0.985283
-9.52192
23.6159

0.103344
-0.136154
0.985283
0.975136
0.000135557

-0.132554
0.864229
-0.485323
0.530967
0.0222356

0.132554
-0.864229
0.485323
-1.20183
0.489724

-0.0288363
0.735625
-0.676775
-2.90321
2.16275

0.0288363
-0.735625
0.676775
0.602434
0.0224406

0.306552
0.94549
-0.10988
0.761376
0.00275841

-0.306552
-0.94549
0.10988
-0.0208341
0.0504386

0.504652
0.167765
0.846865
-0.258983
0.197036

-0.504652
-0.167765
-0.846865
-0.566282
0.304951

-0.100662
-0.00499938
-0.994908
-0.546454
0.12545

0.100662
0.00499938
0.994908
0.878259
0.000780168

-0.537874
0.644617
0.543287
0.718496
0.00525704

0.0843413
0.328534
-0.940719
-0.492368
0.130176

-0.0843413
-0.328534
0.940719
0.804536
0.00225613

0.61919
0.222158
-0.75316
-0.100374
0.0902563

-0.61919
-0.222158
0.75316
0.373231
0.0293062

0.672509
0
0.740089
0.729981
0.00522458
