
-0.0822823
0.0481446
0.995446
0.948562
0.000115079

0.0822823
-0.0481446
-0.995446
-0.555989
0.105027

0.386266
-0.461509
-0.798629
-6.651
10.9048

-0.386266
0.461509
0.798629
0.886828
0.00242951

0.671162
-0.0827019
0.736683
0.604942
0.0190935

0.474692
-0.509241
0.717873
0.898681
0.000648205

-0.474692
0.509241
-0.717873
-0.967116
0.232902

0.748213
-0.363056
-0.555309
-1.49274
0.400485

-0.748213
0.363056
0.555309
0.945738
0.000199797

0.165236
-0.182633
0.969197
-0.361494
0.265111

-0.165236
0.182633
-0.969197
-0.901589
0.516731

-0.843515
-0.537106
0
-1.65942
1.17749

-0.778437
-0.296547
-0.55326
-5.39176
7.69201

0.778437
0.296547
0.55326
0.722579
0.01454

-0.509061
0.386468
0.76909
0.103327
0.081727

0.509061
-0.386468
-0.76909
-0.438672
0.210073

-0.273187
-0.673436
0.686916
0.990795
5.78967e-06

0.273187
0.673436
-0.686916
-0.713314
0.108906

0.389162
-0.890402
-0.236087
0.611156
0.0047594

-0.389162
0.890402
0.236087
0.67694
0.00328855

0.340561
0.545802
0.765584
0.0688088
0.13418

-0.340561
-0.545802
-0.765584
-1.89988
1.30114

-0.0407584
-0.546447
-0.836501
-4.01053
3.53283

0.0407584
0.546447
0.836501
0.827188
0.00427399

0.909578
0.415534
0
-0.670547
0.284369

-0.909578
-0.415534
0
0.291665
0.0604228

0.609131
0.3268
-0.722608
0.914089
0.00287917

-0.609131
-0.3268
0.722608
-17.0628
126.066

-0.281411
-0.0389822
0.958795
0.902482
0.00254075

0.69406
0.371753
-0.616507
-0.714494
0.466496

-0.69406
-0.371753
0.616507
-0.88166
0.561856

-0.475984
0.635586
0.60784
0.826926
0.00291425

0.649828
-0.288493
0.703204
0.848561
0.0025166

0.185294
-0.982683
0
-0.859231
0.3885

-0.185294
0.982683
0
0.186119
0.0744588

-0.739346
0.37865
0.556769
0.565352
0.0306464

0.739346
-0.37865
-0.556769
-3.53681
3.3386

0.830711
-0.252828
0.495981
0.0576732
0.064104

-0.830711
0.252828
-0.495981
0.298599
0.0355422

-0.947395
-0.320066
0
0.144848
0.114076

0.947395
0.320066
0
-1.57968
0.908824

0.218233
-0.953307
-0.20876
-0.456457
0.227671

-0.218233
0.953307
0.20876
0.000100851
0.107315

0.941499
-0.162682
0.295152
0.436594
0.0576876

-0.941499
0.162682
-0.295152
-3.79288
4.17285

-0.191058
-0.701507
0.686574
0.561847
0.00369726

0.519399
0.594124
-0.6142
-0.786363
0.253535

-0.519399
-0.594124
0.6142
0.652309
0.00962089

-0.745418
-0.529432
0.405035
0.928786
0.000309285

0.745418
0.529432
-0.405035
-1.18041
0.288315

0.0715797
-0.203624
-0.976429
-0.374568
0.0829182

-0.0715797
0.203624
0.976429
0.915037
0.000317069

-0.654638
-0.0105963
-0.755868
-4.81448
5.78298

0.654638
0.0105963
0.755868
0.749537
0.0107327

-0.601825
-0.425964
-0.675545
-0.924732
0.230009

0.601825
0.425964
0.675545
0.875855
0.000965008

0.460611
-0.885002
-0.0678867
0.881568
0.000888445

-0.460611
0.885002
0.0678867
-1.00421
0.254278

0.386954
-0.335506
0.858896
0.877041
0.00321281

-0.386954
0.335506
-0.858896
-7.62444
15.5367

0.233736
-0.0421651
-0.971385
0.923593
0.000167476

-0.229306
0.68998
-0.686547
0.641815
0.00831516

0.229306
-0.68998
0.686547
-0.259247
0.101858

-0.0192647
0.503314
-0.863889
-1.87233
0.718081

0.0192647
-0.503314
0.863889
0.858156
0.00176656

0.524446
-0.489905
0.696383
0.705777
0.0199521

-0.524446
0.489905
-0.696383
-7.10955
15.1416

-0.784723
0.164346
-0.597662
0.292413
0.0233905

0.784723
-0.164346
0.597662
0.620281
0.00674569

0.670294
0.655149
-0.348548
-0.754602
0.269219

-0.670294
-0.655149
0.348548
0.529459
0.0193873

0.800206
-0.151982
0.580148
0.660653
0.00702816

-0.0668878
0.99776
0
-1.98823
1.51942

0.0668878
-0.99776
0
-0.131629
0.218065

-0.030139
-0.49465
-0.868569
-5.83563
7.9264

0.030139
0.49465
0.868569
0.884708
0.00230721

0.621144
-0.40222
0.672606
0.754161
0.00426922

-0.621144
0.40222
-0.672606
-0.209927
0.0820895

-0.48039
-0.564584
0.671171
0.683083
0.0021206

0.48039
0.564584
-0.671171
0.82611
0.000638657

0.0563921
-0.474794
-0.878289
0.9907
2.55745e-05

0.696395
0.479979
0.53353
0.930651
0.00061456

-0.696395
-0.479979
-0.53353
-4.33292
3.62981

-0.667738
-0.29859
0.681887
-1.30963
0.8393

0.667738
0.29859
-0.681887
-0.334036
0.280166

0.378556
-0.724187
-0.57641
0.676302
0.00377056

-0.378556
0.724187
0.57641
0.510368
0.00857602

0.209324
0.0388577
0.977074
-0.911005
0.601536

-0.209324
-0.0388577
-0.977074
-0.81527
0.543638

-0.0347875
0.678144
-0.734105
-0.225342
0.157585

0.0347875
-0.678144
0.734105
-0.152207
0.139336

-0.372429
0.346157
0.861088
-0.512639
0.253771

0.372429
-0.346157
-0.861088
-0.0258791
0.116875

0.0342097
-0.369805
0.928479
-0.159476
0.0399566

-0.0342097
0.369805
-0.928479
0.97613
1.73818e-05

-0.258402
-0.280989
-0.924269
-0.471117
0.246893

-0.364512
0.104618
0.925303
0.788151
0.00343463

0.364512
-0.104618
-0.925303
-1.09254
0.332665

0.393546
-0.250376
0.884552
0.857572
0.00246222

-0.393546
0.250376
-0.884552
-3.36082
2.30648

-0.0933733
-0.449264
-0.888506
-12.0332
62.1629

0.0933733
0.449264
0.888506
0.553043
0.0731106

-0.118367
0.321681
-0.93942
0.912431
0.000474297

0.118367
-0.321681
0.93942
-0.867222
0.195136

0.575452
-0.440509
-0.689062
-3.63201
3.38179

-0.575452
0.440509
0.689062
0.630052
0.0216708

-0.982502
-0.186255
0
0.555815
0.0122526

0.982502
0.186255
0
0.0674169
0.0518532

-0.106316
0.48768
0.866525
0.97854
0.000167909

0.791022
-0.611787
0
0.800476
0.00237019

-0.346855
0.0729709
-0.935076
-6.8664
11.0005

0.346855
-0.0729709
0.935076
0.934988
0.000785882

-0.306516
0.905629
-0.29306
-0.0161507
0.111412

0.306516
-0.905629
0.29306
-0.44957
0.226664

-0.956963
0.290211
0
0.495299
0.647472

0.288449
-0.579815
-0.761979
-0.754602
0.269279

-0.288449
0.579815
0.761979
0.529459
0.0194885

0.137375
-0.275611
0.951402
0.909156
0.000636134

-0.784816
0.331509
-0.523608
-1.4744
0.363107

0.784816
-0.331509
0.523608
0.967416
6.83664e-05

0.821478
0.336363
-0.460471
0.917086
0.000526885

-0.821478
-0.336363
0.460471
-1.74131
0.564533

0.00144964
-0.37299
0.927834
0.906451
0.00150391

0.947759
0.0208311
0.318308
0.736707
0.00338674

-0.947759
-0.0208311
-0.318308
0.125002
0.0353581

-0.275392
-0.657167
-0.701634
0.223579
0.082144

0.275392
0.657167
0.701634
-1.63469
0.943986

0.973961
0.201946
-0.103046
0.862899
0.00100721

-0.973961
-0.201946
0.103046
-0.523347
0.124247

-0.773131
0.102226
0.625954
0.58304
0.0280119

0.773131
-0.102226
-0.625954
-3.56188
3.35036

0.105427
0.962476
0.250049
-0.513765
0.205529

-0.105427
-0.962476
-0.250049
0.368604
0.035771

0.606257
-0.795269
0
-2.685
1.47906

-0.606257
0.795269
0
0.800156
0.00861568

-0.742692
-0.445974
-0.499516
-0.882732
0.361534

0.742692
0.445974
0.499516
0.371492
0.0403536

0.489447
0.601541
-0.63134
-1.41186
0.476031

-0.489447
-0.601541
0.63134
0.809694
0.0030065

0.239978
0.374965
0.895439
0.922206
0.00188959

0.7702
0.297633
0.564099
0.586457
0.0187263

0.244358
-0.946043
0.21282
0.26011
0.0385879

-0.244358
0.946043
-0.21282
0.14984
0.0508899

0.284474
-0.793786
-0.537568
-0.100196
0.0468266

-0.284474
0.793786
0.537568
0.900982
0.000383283

0.108566
-0.00285743
-0.994085
-1.58369
0.405565

-0.108566
0.00285743
0.994085
0.97034
7.11917e-05

-0.975823
0.0784668
-0.203991
0.906345
0.000910432

0.975823
-0.0784668
0.203991
-2.93601
1.60077

0.406932
-0.543718
0.734014
-0.0717193
0.0926745

-0.406932
0.543718
-0.734014
0.229639
0.0478881

-0.749895
0.0702799
0.657813
0.753365
0.00152405

0.749895
-0.0702799
-0.657813
0.676734
0.00261743

-0.290156
0.142652
-0.946287
-0.966322
0.271719

0.290156
-0.142652
0.946287
0.811916
0.00257937

-0.162868
-0.195183
-0.967149
-17.2358
126.288

0.162868
0.195183
0.967149
0.936901
0.00154807

0.258036
-0.398114
0.880297
0.856595
0.00498583

-0.218552
0.7332
-0.643935
0.667641
0.00677647

0.218552
-0.7332
0.643935
-0.205833
0.0883948

0.253409
0.937561
-0.23825
0.646504
0.00926526

0.302075
0.343912
0.889087
0.888906
0.000260766

-0.477893
-0.394409
0.784895
0.758327
0.00627313

0.882637
-0.199725
0.425513
0.209595
0.0792553

-0.882637
0.199725
-0.425513
-1.32282
0.683978

-0.494778
0.608213
0.620703
0.525855
0.0111719

0.494778
-0.608213
-0.620703
0.348861
0.021012

0.645532
0.763733
0
0.580954
0.00953274

-0.645532
-0.763733
0
0.375691
0.0197389

0.275334
-0.683998
0.675528
-3.56188
3.35053

-0.275334
0.683998
-0.675528
0.58304
0.0280024

0.23205
0.885119
-0.403381
-0.919561
0.69981

-0.23205
-0.885119
0.403381
-1.39777
1.09191

-0.347282
-0.385233
-0.85498
-0.706667
0.244532

0.347282
0.385233
0.85498
0.558748
0.0164925

-0.291438
-0.95659
0
-1.08458
0.759858

-0.561523
-0.526466
0.638378
0.555536
0.0038214

0.561523
0.526466
-0.638378
0.924279
0.000126592

-0.421253
-0.281589
-0.862122
-1.10637
0.692264

0.421253
0.281589
0.862122
-0.462759
0.334051

-0.203603
0.0494643
0.977803
0.986082
7.7698e-05

0.203603
-0.0494643
-0.977803
-17.797
126.867

0.293248
0.457101
0.839681
-0.831635
0.49824

-0.293248
-0.457101
-0.839681
-0.539073
0.351893

0.527811
0.347685
-0.774939
0.121774
0.0349752

-0.527811
-0.347685
0.774939
0.741192
0.00303878

-0.118657
0.74376
-0.657831
-1.13384
0.262642

0.118657
-0.74376
0.657831
0.940084
0.000222511

0.498121
-0.366821
0.785696
-0.0192149
0.267749

-0.498121
0.366821
-0.785696
-5.09011
9.54831

0.255109
0.38493
-0.886988
0.878259
0.000832486

-0.805732
-0.178069
-0.564879
-7.10955
15.1429

0.805732
0.178069
0.564879
0.705777
0.019939

-0.0725237
0.366986
0.927395
0.286456
0.0552458

0.0725237
-0.366986
-0.927395
-0.91914
0.399616

-0.241559
0.464512
0.851984
0.883706
0.00282512

0.241559
-0.464512
-0.851984
-7.65119
15.5635

-0.937909
-0.174426
-0.299837
0.653323
0.0117828

-0.475978
-0.0151772
0.879326
0.905026
0.000428669

0.82605
0.44095
-0.351005
-0.258983
0.197058

-0.82605
-0.44095
0.351005
-0.566282
0.304967

-0.284201
0.381689
-0.879513
-2.06483
1.19991

0.284201
-0.381689
0.879513
0.509625
0.0307256

0.198094
-0.253426
0.946855
0.945671
0.000170151

-0.110844
0.0492586
-0.992616
-35.6859
1012.02

0.110844
-0.0492586
0.992616
0.898377
0.00778094

-0.148319
0.109865
0.982818
0.598785
0.0168286

0.148319
-0.109865
-0.982818
-1.50759
0.65721

0.559
0.329753
0.760777
0.604179
0.018473

-0.559
-0.329753
-0.760777
-1.99855
1.05786

0.108302
0.477684
-0.87183
-1.08228
0.467787

-0.108302
-0.477684
0.87183
0.380476
0.0416109

0.889609
-0.117982
-0.44122
-0.544677
0.224254

-0.889609
0.117982
0.44122
0.313476
0.0443426

-0.312728
0.452045
0.835378
0.904358
0.00114964

0.312728
-0.452045
-0.835378
-0.850848
0.195089

0.355836
-0.870048
-0.34117
0.126524
0.0652106

-0.355836
0.870048
0.34117
-0.0670431
0.0972982

0.309643
0.426933
0.849617
0.859484
0.00255424

-0.158018
-0.0966603
-0.982694
0.987966
1.53403e-05

0.0150323
-0.886334
0.462802
-0.142348
0.0763068

-0.0150323
0.886334
-0.462802
0.671091
0.00633349

0.444126
0.441778
0.779477
0.859117
0.00200653

-0.444126
-0.441778
-0.779477
-2.37536
1.12294

0.578132
-0.0950184
0.810392
0.783878
0.00103396

-0.198686
0.0309227
-0.979575
-0.574795
0.360029

0.198686
-0.0309227
0.979575
-0.714727
0.426844

0.0456191
0.416815
0.907846
0.936171
0.000632871

0.353362
-0.848141
0.394707
-0.936608
0.402801

-0.353362
0.848141
-0.394707
0.313845
0.0506075

0.0544285
-0.335531
0.940455
0.788151
0.00351241

-0.0544285
0.335531
-0.940455
-1.09254
0.332625

0.753153
0.493047
-0.435506
-0.647
0.255039

-0.753153
-0.493047
0.435506
0.372962
0.0370115

0.54394
-0.165356
0.822671
0.680448
0.00702202

-0.54394
0.165356
-0.822671
-0.461897
0.144798

0.793123
0.564067
-0.229749
-0.280574
0.0794841

-0.793123
-0.564067
0.229749
0.851735
0.00113423

0.564946
0.387603
0.728423
0.745383
0.00393755

-0.0733024
0.433955
-0.897947
0.96555
6.28387e-05

0.666615
-0.594
-0.45032
0.126524
0.0498669

-0.286812
0.303324
-0.908699
0.893492
0.00146417

0.286812
-0.303324
0.908699
-3.80157
2.86867

-0.837352
0.405193
-0.36696
0.662494
0.00684213

0.529425
0.58198
0.617258
0.595703
0.0131222

-0.321764
0.277943
-0.905105
-2.72056
2.43877

0.321764
-0.277943
0.905105
0.1329
0.132499

-0.211799
-0.184856
0.959671
0.813352
0.00260926

0.211799
0.184856
-0.959671
-1.04536
0.301848

-0.689739
-0.0724016
0.720429
0.669941
0.00707306

0.0252865
0.985356
-0.168625
-3.57958
1.97631

-0.0252865
-0.985356
0.168625
0.986619
1.69299e-05

0.728028
-0.290014
-0.621181
0.524387
0.00756284

-0.728028
0.290014
0.621181
0.707302
0.00287095

0.319794
-0.124734
0.939241
0.937885
0.000293246

-0.943924
-0.179846
-0.276879
-0.189873
0.0873142

0.943924
0.179846
0.276879
0.645987
0.00774067

0.00962487
-0.133135
0.991051
0.906357
0.000699388

0.313184
-0.23504
-0.920148
-3.15874
2.24964

0.103229
0.364317
0.925536
0.783203
0.00474655

0.759455
0.193947
-0.620977
-0.350076
0.0964701

-0.759455
-0.193947
0.620977
0.823013
0.00169423

0.0373011
0.46313
0.885505
0.975472
0.000188849

-0.0373011
-0.46313
-0.885505
-13.8434
64.8531

-0.38016
-0.474685
0.793821
0.0898361
0.109168

0.38016
0.474685
-0.793821
-1.24754
0.664412

0.686615
-0.177158
-0.705106
-2.86171
1.8424

-0.686615
0.177158
0.705106
0.758645
0.00726564

0.0056867
0.63826
-0.7698
-0.605604
0.268355

-0.0056867
-0.63826
0.7698
0.17239
0.0714448

-0.452244
0.438684
0.776551
0.654647
0.0121961

0.452244
-0.438684
-0.776551
-1.56875
0.668633

0.00331705
0.999994
0
0.973566
0.000256154

0.856233
0.412139
0.311459
0.19914
0.0347549

0.556903
0.698126
-0.449977
0.762125
0.00416141

0.840573
0.301518
-0.450027
0.644318
0.00360637

-0.840573
-0.301518
0.450027
0.708841
0.00241735

-0.626293
0.466692
-0.624464
0.761328
0.00155228

0.626293
-0.466692
0.624464
0.650516
0.00325969

0.142271
-0.285728
0.947691
0.980496
0.000281721

-0.142271
0.285728
-0.947691
-36.7586
1015.72

-0.120627
0.147297
0.981709
0.907307
0.00030285

0.120627
-0.147297
-0.981709
0.033228
0.0323462

0.610697
0.393624
0.687102
0.72042
0.00829535

0.215171
0.173015
0.961128
0.112856
0.0732005

-0.215171
-0.173015
-0.961128
-0.227885
0.139963

-0.30581
0.083403
0.948432
0.980241
0.000281023

0.88783
0.0460159
-0.457866
-0.501231
0.204035

-0.88783
-0.0460159
0.457866
0.346904
0.0386631

0.368933
-0.55681
-0.744211
-1.27619
0.502397

-0.368933
0.55681
0.744211
0.610258
0.014839

0.994971
0.100166
0
0.828
0.00227792

-0.994971
-0.100166
0
-1.15021
0.338481

-0.00563751
0.197055
0.980376
0.348026
0.0438264

0.00563751
-0.197055
-0.980376
-0.867193
0.358951

-0.218749
-0.492185
-0.842557
-10.5851
36.9525

0.218749
0.492185
0.842557
0.856974
0.00563601

0.35952
0.85823
0.366315
0.204048
0.062095

-0.35952
-0.85823
-0.366315
-0.486661
0.216518

0.164214
-0.985255
-0.0480201
0.785639
0.00322124

-0.164214
0.985255
0.0480201
-0.859975
0.242483

-0.407848
-0.525353
-0.746769
-0.527443
0.238266

0.407848
0.525353
0.746769
0.155439
0.072973

-0.671977
0.607858
0.423031
0.0990999
0.0371384

0.080121
0.889207
-0.450434
-0.282882
0.122166

-0.080121
-0.889207
0.450434
0.495471
0.0189332

0.780153
-0.560729
0.277387
0.228244
0.039077

-0.780153
0.560729
-0.277387
0.285393
0.0335045

0.134948
-0.339173
0.930995
0.969406
4.79504e-05

-0.134948
0.339173
-0.930995
-0.904025
0.170243

0.61509
0.70042
-0.362044
0.918984
0.000360523

0.70494
0.492234
0.510652
-0.350368
0.066542

-0.70494
-0.492234
-0.510652
0.962233
5.35147e-05

-0.760205
0.567536
0.316215
0.704437
0.00526347

0.760205
-0.567536
-0.316215
-0.270872
0.097149

-0.892303
-0.298291
-0.338847
0.971319
3.98781e-05

0.892303
0.298291
0.338847
-0.969034
0.185612

-0.0259454
-0.45868
0.888223
0.922927
0.000232016

0.0259454
0.45868
-0.888223
-0.209117
0.056863

0.80228
-0.3375
0.492383
0.841518
0.0018758

-0.066746
-0.196055
0.978319
0.965946
0.000566425

0.066746
0.196055
-0.978319
-23.8252
300.6

0.126522
-0.981281
-0.145189
0.77417
0.00224008

-0.126522
0.981281
0.145189
0.0966818
0.0358062

0.601801
-0.213554
-0.769565
-0.480449
0.0815336

-0.601801
0.213554
0.769565
0.973373
3.58601e-05

0.490375
0.773277
-0.401963
0.984068
7.64632e-05

-0.601779
-0.798663
0
0.768959
0.00306092

0.601779
0.798663
0
0.203143
0.0280237

-0.122209
0.68061
0.722382
0.77878
0.0109407

0.549895
-0.124506
0.825902
-11.8723
103.563

-0.549895
0.124506
-0.825902
-2.21807
6.4737

0.483544
-0.343822
-0.804967
-0.992891
0.379163

-0.483544
0.343822
0.804967
0.520403
0.0221035

-0.075064
-0.29776
0.951685
0.938839
0.00118188

0.075064
0.29776
-0.951685
-13.5049
64.5738

0.863063
-0.107467
0.493532
0.980922
3.25335e-05

0.806929
-0.211674
0.551417
0.132481
0.0679683

-0.806929
0.211674
-0.551417
-0.190442
0.127904

-0.0387011
0.38393
0.922551
-1.32417
0.386852

0.0387011
-0.38393
-0.922551
0.876228
0.0011582

0.0313406
0.441472
-0.896728
-7.56642
15.5077

-0.0313406
-0.441472
0.896728
0.861866
0.00404899

0.0833749
0.458806
-0.884616
-3.64002
4.07471

-0.0833749
-0.458806
0.884616
0.304725
0.0917728

-0.85321
0.332455
0.401879
0.273869
0.047044

0.85321
-0.332455
-0.401879
-0.350241
0.162551

-0.448614
-0.397516
-0.800454
-4.97756
5.86199

0.448614
0.397516
0.800454
0.817767
0.00546554

-0.0484679
0.768722
0.637744
0.997626
9.58553e-07

0.0936409
0.813918
0.573384
-2.21808
11.1828

-0.0936409
-0.813918
-0.573384
-27.9625
905.754

-0.563213
0.826312
0
-0.0507979
0.0781293

0.563213
-0.826312
0
0.408926
0.0247225

-0.0992891
-0.917767
-0.384506
0.310411
0.0392949

0.205495
-0.912929
0.352607
0.840858
0.00152472

-0.205495
0.912929
-0.352607
-0.688329
0.171298

-0.764779
0.028522
0.643661
0.684943
0.0143939

0.764779
-0.028522
-0.643661
-3.34649
2.72543

-0.179695
0.512466
0.839695
0.822548
0.00180839

0.179695
-0.512466
-0.839695
-0.514117
0.131461

0.639999
-0.731935
0.233822
0.427486
0.0286451

-0.639999
0.731935
-0.233822
-0.549532
0.209814

0.166315
-0.535566
-0.827954
-0.398022
0.0934052

-0.166315
0.535566
0.827954
0.88663
0.000615988

0.643278
-0.0353968
0.764814
0.955678
0.000432314

-0.643278
0.0353968
-0.764814
-9.35592
23.5478

0.620541
0.163777
0.766881
0.197571
0.0851519

-0.620541
-0.163777
-0.766881
-1.45743
0.796799

-0.372828
-0.894124
0.248076
0.750073
0.00376951

0.372828
0.894124
-0.248076
-0.39078
0.116489

-0.145216
-0.637981
-0.756236
-4.96806
7.38749

0.145216
0.637981
0.756236
0.48373
0.0554474

-0.647508
0
0.762059
0.698166
0.0112007

0.647508
0
-0.762059
-2.51337
1.50431

-0.248284
-0.703125
0.666311
0.69205
0.0332666

0.248284
0.703125
-0.666311
-12.4143
62.9669

0.797272
-0.289879
0.529459
-0.32809
0.223096

-0.797272
0.289879
-0.529459
-0.540278
0.300036

-0.329082
0.918864
0.217701
0.834383
0.00135753

0.329082
-0.918864
-0.217701
-0.169026
0.0643034

-0.388623
0.803727
-0.450551
-0.483026
0.18877

0.388623
-0.803727
0.450551
0.416139
0.0293027

0.221918
0.163825
0.961204
0.921722
0.00165301

-0.221918
-0.163825
-0.961204
-10.9069
37.2285

-0.504476
-0.208588
0.837852
-1.80633
0.6355

0.504476
0.208588
-0.837852
0.891552
0.000960238

0.985052
0.104506
-0.136936
-2.48516
1.4974

-0.985052
-0.104506
0.136936
0.678822
0.0127203

0.438709
-0.898629
0
0.980995
0.00028837

-0.189995
0.97351
-0.127202
0.26664
0.0156671

-0.742464
-0.642285
0.190309
0.994577
1.11188e-06

-0.317704
0.321075
0.892175
0.798093
0.00363442

0.317704
-0.321075
-0.892175
-1.62938
0.612516

0.275519
0.24472
0.929624
0.911021
0.0014459

-0.275519
-0.24472
-0.929624
-6.75106
10.9622

0.00548291
-0.579753
0.814774
-0.0343812
0.132487

-0.00548291
0.579753
-0.814774
-0.838894
0.418705

-0.310935
-0.940044
0.14013
0.745383
0.00644882

0.310935
0.940044
-0.14013
-1.82907
0.795799

0.714494
0.633967
0.295947
0.448332
0.0398876

-0.714494
-0.633967
-0.295947
-2.00354
1.18164

-0.694577
0.659338
0.287814
-0.153594
0.06979

0.694577
-0.659338
-0.287814
0.760709
0.0030053

-0.435694
0.108646
-0.893514
0.543058
0.0133328

0.435694
-0.108646
0.893514
-0.0595145
0.0715118

-0.0849037
0.48201
-0.872042
0.932877
0.000293763

0.72617
0.452419
-0.517682
0.963285
0.000174166

-0.871614
-0.174885
-0.457934
0.674494
0.0052654

-0.138116
-0.495546
0.85753
-2.03099
1.53808

0.138116
0.495546
-0.85753
-0.0643773
0.189982

0.237428
0.316256
0.918482
-2.52485
1.1458

-0.237428
-0.316256
-0.918482
0.917243
0.000673343

-0.713871
0.0857209
0.69501
0.76499
0.00475286

0.713871
-0.0857209
-0.69501
-1.34672
0.467678

0.673479
0.58275
0.454785
-22.0814
295.213

-0.673479
-0.58275
-0.454785
0.692703
0.0523655

0.287887
0.820087
-0.494549
-0.927875
0.313585

-0.287887
-0.820087
0.494549
0.642259
0.0108415

0.686723
0.584523
0.432139
0.434662
0.0317882

-0.686723
-0.584523
-0.432139
-0.926832
0.368734

-0.204302
0.0782815
0.975773
0.392078
0.0424209

0.204302
-0.0782815
-0.975773
-1.32242
0.618682

0.0668662
0.539744
-0.83917
0.814363
0.000673774

-0.0668662
-0.539744
0.83917
0.752061
0.00119294

0.630611
-0.0194934
0.775854
0.981111
2.53346e-05

0.829698
-0.226947
-0.509997
-0.198848
0.102924

-0.829698
0.226947
0.509997
0.490555
0.0186159

-0.654919
-0.508349
-0.559162
-0.544674
0.117999

0.654919
0.508349
0.559162
0.903457
0.000465274

0.733466
-0.547893
-0.402293
-0.0625906
0.0551923

-0.733466
0.547893
0.402293
0.781284
0.00261755

-0.859772
-0.334491
0.385885
-0.087682
0.0529828

0.27712
0.478829
0.833023
-0.159603
0.0404238

-0.688654
-0.55102
0.471309
0.418468
0.0261353

0.688654
0.55102
-0.471309
-0.238678
0.118386

-0.537726
-0.166144
0.826587
0.589236
0.0112351

-0.277722
0.520067
0.807713
0.738823
0.00690394

0.277722
-0.520067
-0.807713
-1.81964
0.793625

0.607668
-0.378237
0.698338
-2.6778
2.41522

-0.607668
0.378237
-0.698338
0.0805521
0.151157

-0.0558532
0.94777
-0.314026
0.954724
0.000136826

-0.887139
-0.449212
-0.105793
-0.917553
0.170673

0.887139
0.449212
0.105793
0.972931
3.4193e-05

0.437249
-0.45958
0.773045
0.818863
0.00159488

0.0346235
-0.299454
-0.953482
-0.336664
0.119538

-0.0346235
0.299454
0.953482
0.637802
0.00881389

-0.220138
0.36057
-0.906382
0.700809
0.00216452

-0.178832
-0.199695
-0.963401
-2.11645
1.80685

0.178832
0.199695
0.963401
-0.325528
0.327308

0.420699
0.9072
0
-0.155206
0.117261

-0.420699
-0.9072
0
0.151279
0.063302

-0.288253
-0.718254
0.633262
-15.4479
121.968

0.288253
0.718254
-0.633262
0.502518
0.11158

-0.286068
-0.522403
-0.803281
-0.548503
0.118291

0.685328
0.506107
0.523622
0.687944
0.00902588

-0.685328
-0.506107
-0.523622
-1.35991
0.516034

-0.24727
-0.270958
0.93029
0.915128
0.00229976

0.24727
0.270958
-0.93029
-13.3434
64.406

-0.310488
-0.811189
0.49555
0.914404
0.000965977

0.972428
0.233202
0
-1.37182
0.425394

-0.972428
-0.233202
0
0.848869
0.00292416

-0.7243
0.162538
0.670053
0.732209
0.00161686

0.7243
-0.162538
-0.670053
0.75897
0.00131058

0.18811
-0.850244
0.49163
0.646366
0.0244436

-0.18811
0.850244
-0.49163
-5.23811
7.59077

0.394303
0.324088
0.859937
0.839411
0.00165655

-0.394303
-0.324088
-0.859937
-0.742587
0.187283

-0.275453
-0.578629
-0.767668
-0.574807
0.360016

-0.486519
0.810614
-0.325891
0.185658
0.091314

0.486519
-0.810614
0.325891
-1.6077
0.935977

-0.306286
-0.176278
0.935476
0.881949
0.00107397

0.306286
0.176278
-0.935476
-1.54159
0.490816

-0.240156
-0.185185
0.952907
0.329969
0.0195677

0.240156
0.185185
-0.952907
0.652241
0.00527699

0.691192
-0.244029
0.680223
0.681258
0.0157077

-0.691192
0.244029
-0.680223
-3.71513
3.41888

0.542745
-0.36183
-0.757962
0.100326
0.0911161

-0.633052
-0.654661
0.413114
0.557496
0.0134219

-0.449196
-0.454895
0.768956
0.740296
0.00632808

0.131485
-0.224134
0.965648
-10.6266
36.9977

-0.131485
0.224134
-0.965648
0.866532
0.00487712

0.43716
-0.4197
-0.795451
0.828178
0.00305652

-0.057252
-0.99836
0
0.980444
5.84484e-05

-0.984976
-0.0377207
0.168522
-1.34586
0.51382

0.984976
0.0377207
-0.168522
0.675713
0.00982756

0.273228
-0.110754
-0.955552
-0.19719
0.0469434

-0.273228
0.110754
0.955552
0.964188
4.25459e-05

0.426568
0.19322
0.883576
0.529398
0.029375

-0.426568
-0.19322
-0.883576
-2.29744
1.44114

0.157487
-0.318001
-0.934919
-14.0424
64.9531

-0.157487
0.318001
0.934919
0.98913
3.97327e-05

0.251486
-0.637851
0.727943
0.582662
0.0237819

-0.251486
0.637851
-0.727943
-2.6012
1.76187

0.594889
0.795899
-0.11248
-0.285377
0.188137

-0.594889
-0.795899
0.11248
-0.292805
0.190316

0.166687
-0.365971
0.915577
0.988033
1.92762e-05

-0.166687
0.365971
-0.915577
-5.73731
6.09359

0.04301
-0.480856
0.875744
0.885384
0.000966918

-0.04301
0.480856
-0.875744
-1.44153
0.436169

-0.521356
-0.788309
0.326738
0.736419
0.00627136

0.521356
0.788309
-0.326738
-1.30918
0.462336

-0.450329
-0.022426
-0.892581
-0.307991
0.105165

0.450329
0.022426
0.892581
0.703403
0.0055194

0.256101
0.70685
0.659375
0.610402
0.0142652

-0.256101
-0.70685
-0.659375
-1.1699
0.442218

-0.374185
0.703681
0.604003
0.632828
0.0133624

0.374185
-0.703681
-0.604003
-1.41612
0.578275

0.215382
-0.905823
0.364821
0.367293
0.0231786

0.399897
-0.136982
0.906266
0.990717
6.11112e-05

0.578898
0.712846
-0.395889
-3.45579
3.29795

-0.578898
-0.712846
0.395889
0.504912
0.0407575

0.167253
-0.648508
-0.742606
-23.5379
299.974

-0.167253
0.648508
0.742606
0.94065
0.00177487

0.309684
-0.950839
0
0.885669
0.0015449

-0.309684
0.950839
0
-2.87734
1.58474

-0.180956
0.6388
-0.74779
-3.62895
2.82196

0.180956
-0.6388
0.74779
0.829747
0.00387362

-0.101248
-0.864839
-0.491735
0.69231
0.00331843

0.101248
0.864839
0.491735
0.510452
0.00835746

-0.58243
0.707169
0.400858
0.885932
0.00062128

0.58243
-0.707169
-0.400858
-0.361263
0.0870151

-0.723495
-0.58011
-0.374202
0.315342
0.0199819

0.723495
0.58011
0.374202
0.679983
0.00438012

0.502099
0.452476
0.736995
0.787768
0.00115853

-0.734833
-0.678248
0
-2.3468
2.94793

0.734833
0.678248
0
-1.85171
2.16119

-0.608412
-0.652545
0.451686
0.543707
0.025114

0.97774
0.0979138
0.185575
0.308115
0.0221584

-0.97774
-0.0979138
-0.185575
0.616825
0.0067998

-0.280032
0.874433
0.396168
0.0226823
0.0846621

0.412066
-0.695822
0.588246
0.473748
0.0319215

-0.412066
0.695822
-0.588246
-1.52505
0.732881

0.132979
0.78776
-0.601458
0.364228
0.0143363

-0.132979
-0.78776
0.601458
0.772322
0.00184665

-0.275392
-0.336362
-0.900566
0.096658
0.04267

0.275392
0.336362
0.900566
0.722243
0.00558365

0.935227
-0.0348061
-0.352334
0.617051
0.00666118

-0.935227
0.0348061
0.352334
0.334587
0.0200746

0.40917
0.205496
-0.889017
-10.468
36.7958

-0.40917
-0.205496
0.889017
0.828051
0.00835413

0.623251
0.55435
0.551592
0.0883888
0.0477999

-0.623251
-0.55435
-0.551592
0.560372
0.0111592

0.821766
-0.130095
0.554776
0.549254
0.0191268

0.995179
0.0152701
-0.0968757
-0.802311
0.1782

-0.995179
-0.0152701
0.0968757
0.909277
0.000452021

-0.141335
0.527387
0.837787
0.815781
0.0139083

0.141335
-0.527387
-0.837787
-16.5123
124.979

0.148049
-0.0496333
0.987734
0.975544
0.000126681

-0.148049
0.0496333
-0.987734
-8.18039
15.7976

-0.39532
-0.0882074
0.914299
0.865914
0.000811534

0.39532
0.0882074
-0.914299
-0.206779
0.0655368

0.717384
-0.409105
0.563909
0.226886
0.133786

-0.717384
0.409105
-0.563909
-4.63597
7.10811

-0.388418
-0.224625
0.893686
0.896656
0.000770719

0.388418
0.224625
-0.893686
-1.46574
0.438477
