
0.0172342
0.859615
0.510652
0.779707
0.00248825

-0.0172342
-0.859615
-0.510652
-0.141754
0.0660774

-0.237454
-0.558925
-0.794492
-0.702448
0.116074

-0.0796467
-0.509221
0.856943
0.868403
0.000337357

0.339941
-0.392319
-0.854708
0.822828
0.000811555

0.0616231
0.188788
-0.980083
0.724166
0.0264565

-0.0616231
-0.188788
0.980083
-12.5159
63.1407

-0.161779
-0.776413
0.609107
0.369005
0.0620407

0.161779
0.776413
-0.609107
-2.63453
2.05443

0.0845153
0.433849
0.897013
0.929872
0.00247167

0.288854
-0.957373
0
0.796514
0.000995026

-0.288854
0.957373
0
0.755137
0.0013925

0.0758351
-0.628718
0.773926
0.400356
0.136955

-0.0758351
0.628718
-0.773926
-11.6884
61.3099

0.48441
-0.0833494
0.870862
0.870091
0.00140278

-0.386584
0.137244
-0.911985
0.818709
0.00069619

0.386584
-0.137244
0.911985
0.692289
0.00200432

0.843422
0.408864
-0.348526
-0.881323
0.619298

-0.843422
-0.408864
0.348526
-1.08459
0.760336

0.101896
0.784605
-0.611565
0.108611
0.0386263

-0.101896
-0.784605
0.611565
0.733076
0.00415824

-0.622438
0.154232
-0.767323
0.582662
0.0237045

-0.227149
-0.97386
0
0.619493
0.0097823

0.227149
0.97386
0
-0.206263
0.093829

0.253576
0.467954
0.846592
0.805795
0.00101092

0.668662
-0.527611
0.523944
0.251534
0.0465499

-0.668662
0.527611
-0.523944
-0.156874
0.111105

-0.110688
0.938501
0.327054
0.861416
0.000244013

-0.0358155
0.675424
0.736559
-10.387
36.7068

0.0358155
-0.675424
-0.736559
0.80627
0.0106881

-0.0606146
0.769554
0.635699
0.784404
0.00541178

0.0606146
-0.769554
-0.635699
-2.65541
1.54128

0.92522
0.150096
-0.348482
-2.48423
2.30839

-0.92522
-0.150096
0.348482
-0.185602
0.267342

0.0139675
-0.318694
0.947755
0.940463
0.000220255

-0.0139675
0.318694
-0.947755
-1.29369
0.321646

0.560452
-0.0298937
0.827647
0.834173
0.00414845

-0.560452
0.0298937
-0.827647
-4.48264
4.51635

0.473696
0.763786
-0.438455
0.973943
0.000487485

-0.560721
0.691115
0.456018
0.98161
1.29952e-05

0.560721
-0.691115
-0.456018
-0.623352
0.100538

0.19879
-0.853088
-0.482413
0.97019
6.94468e-05

-0.19879
0.853088
0.482413
-2.20169
0.752564

-0.978482
0.118979
-0.168575
0.680527
0.00444115

0.978482
-0.118979
0.168575
0.28854
0.0220105

0.0712086
-0.237467
0.968782
-3.10744
1.90038

-0.0712086
0.237467
-0.968782
0.873898
0.00191555

-0.479071
-0.0242282
0.877442
0.856967
0.000212423

0.479071
0.0242282
-0.877442
0.905695
9.253e-05

-0.795346
-0.225568
0.562622
-0.446078
0.304448

0.795346
0.225568
-0.562622
-0.867356
0.507668

-0.0798753
0.88776
0.453323
0.575929
0.0142741

0.0798753
-0.88776
-0.453323
-0.591918
0.200595

0.150024
-0.540708
-0.827724
-4.33281
4.45197

-0.150024
0.540708
0.827724
0.771723
0.00824935

-0.416835
0.139557
0.898205
-1.06913
0.304086

0.416835
-0.139557
-0.898205
0.829415
0.00214416

0.465688
-0.312087
0.828092
0.922573
0.00101298

-0.525376
0.698871
-0.485344
0.720592
0.00206829

0.525376
-0.698871
0.485344
0.696905
0.00242727

-0.726148
0.432324
-0.534608
0.24215
0.0248733

0.726148
-0.432324
0.534608
0.71089
0.00362336

0.307193
0.0971993
-0.94667
0.400356
0.13694

-0.307193
-0.0971993
0.94667
-11.6884
61.3123

-0.209697
-0.764746
0.609254
-1.34904
0.389296

0.209697
0.764746
-0.609254
0.888629
0.000881104

0.1116
0.993753
0
0.204256
0.0945168

-0.1116
-0.993753
0
-1.99848
1.33752

0.302682
0.782114
-0.544685
-0.951937
0.442219

-0.125352
-0.790348
-0.599697
0.707448
0.00845717

0.125352
0.790348
0.599697
-1.63297
0.680391

-0.41804
-0.552556
-0.721058
-2.35494
1.45848

0.41804
0.552556
0.721058
0.579174
0.0230648

0.756493
-0.618602
0.212251
0.259843
0.0389876

-0.756493
0.618602
-0.212251
0.125524
0.0544176

0.452787
-0.0151553
0.89149
0.824095
0.00387796

-0.452787
0.0151553
-0.89149
-3.28112
2.28485

-0.217937
-0.123438
-0.968125
-17.343
126.43

0.217937
0.123438
0.968125
0.949188
0.000999231

-0.853703
-0.145851
-0.499919
-5.1787
7.54887

0.853703
0.145851
0.499919
0.613831
0.0295433

-0.323376
0.465679
-0.823755
-6.77047
14.7976

0.323376
-0.465679
0.823755
0.543333
0.0511536

0.586552
-0.54904
0.595409
0.0576732
0.0641371

-0.586552
0.54904
-0.595409
0.298599
0.0355725

0.411868
0.0678771
0.908712
-0.717754
0.213

-0.411868
-0.0678771
-0.908712
0.718157
0.00574744

0.206737
0.2591
-0.943465
-0.926832
0.368764

-0.206737
-0.2591
0.943465
0.434662
0.0319629

0.566506
-0.213969
-0.795794
-6.2943
10.6894

-0.566506
0.213969
0.795794
0.772842
0.0104521

-0.048584
-0.11529
0.992143
0.954811
0.000396273

0.048584
0.11529
-0.992143
-8.01593
15.7574

-0.443319
0.539791
-0.715607
0.0225141
0.0531503

0.443319
-0.539791
0.715607
0.633289
0.00755241

0.37194
0.928257
0
0.525591
0.0149256

-0.37194
-0.928257
0
-0.0205083
0.0668381

0.166211
0.950669
0.261919
0.763891
0.00354169

-0.166211
-0.950669
-0.261919
-0.541993
0.150702

-0.34063
-0.607823
-0.717302
-1.16341
0.641945

0.34063
0.607823
0.717302
-0.0600746
0.154303

-0.00863955
0.971623
0.236377
0.708735
0.0251141

0.145643
-0.725066
-0.673103
-0.0228249
0.0528833

-0.145643
0.725066
0.673103
0.73375
0.00363805

-0.000290161
-0.962892
0.269888
0.706247
0.00376265

0.000290161
0.962892
-0.269888
0.245004
0.0248024

-0.835967
0.220884
-0.502365
-0.822551
0.192447

0.835967
-0.220884
0.502365
0.889369
0.000713117

-0.105127
-0.481085
0.870348
0.909363
0.000476374

-0.757468
0.0163983
0.652666
0.434662
0.0318476

0.650952
-0.060414
0.756711
0.780142
0.0034731

-0.650952
0.060414
-0.756711
-0.853111
0.24191

0.099911
-0.246252
-0.964042
0.929273
0.00116982

-0.78735
-0.015485
0.616312
0.995159
3.33939e-06

-0.145771
0.176616
-0.973426
-3.67216
2.37053

0.145771
-0.176616
0.973426
0.951352
0.000263991

-0.517877
-0.855455
0
0.338381
0.0290723

0.517877
0.855455
0
0.166435
0.0460056

-0.614321
-0.192275
-0.765271
0.33131
0.0493372

0.614321
0.192275
0.765271
-1.04786
0.461212

-0.694004
0.433362
-0.574941
-1.85816
1.00797

0.694004
-0.433362
0.574941
0.490471
0.0321188

-0.437549
0.697611
-0.567353
0.400454
0.015153

0.437549
-0.697611
0.567353
0.636418
0.00562256

0.183651
0.259396
-0.948149
0.891071
0.000683365

0.135493
0.217949
0.966509
0.940351
0.00109964

-0.135493
-0.217949
-0.966509
-13.5162
64.6225

0.397636
0.012844
-0.917454
-6.6729
10.9132

-0.397636
-0.012844
0.917454
0.892399
0.00220089

0.906874
-0.0268957
0.420542
0.953633
0.000141235

-0.322089
-0.767173
-0.554711
-0.475173
0.200849

0.322089
0.767173
0.554711
0.299925
0.0453041

0.21275
-0.881919
0.420662
-1.39777
1.09187

-0.21275
0.881919
-0.420662
-0.919561
0.699817

0.440236
-0.425211
-0.790815
0.752234
0.00194082

-0.440236
0.425211
0.790815
0.515869
0.00736591

0.29766
-0.913267
0.278102
0.51608
0.0345226

-0.29766
0.913267
-0.278102
-2.79394
2.12073

-0.320143
-0.383447
0.866301
0.88558
0.00520203

0.320143
0.383447
-0.866301
-16.8782
125.727

0.319911
-0.0125313
0.947365
0.636333
0.00404196

-0.319911
0.0125313
-0.947365
0.6729
0.00327126

0.303207
-0.0177005
0.95276
0.969284
0.000161164

-0.303207
0.0177005
-0.95276
-7.08325
11.0875

-0.522041
-0.646823
0.555961
0.197571
0.0850016

0.522041
0.646823
-0.555961
-1.45743
0.796975

-0.00635034
0.132396
0.991176
0.763468
0.00339957

-0.511171
-0.748936
-0.421663
-9.09154
23.3868

0.511171
0.748936
0.421663
0.912092
0.00178415

0.375638
-0.904443
0.202187
-0.187674
0.143628

-0.375638
0.904443
-0.202187
-0.118841
0.127464

-0.23453
-0.594332
0.769263
-1.88157
0.804694

0.576405
-0.648986
-0.496562
0.540409
0.0141841

0.758041
0.652207
0
-0.142346
0.117216

-0.758041
-0.652207
0
0.119284
0.0701825

0.172233
-0.106659
0.979265
0.672587
0.0114004

0.354334
0.761671
-0.542498
0.0436187
0.0347317

-0.354334
-0.761671
0.542498
0.869954
0.00066244

0.0643125
-0.0838785
-0.994398
-1.07592
0.220911

-0.0643125
0.0838785
0.994398
0.966299
7.82992e-05

-0.31533
-0.0948941
0.944226
0.751259
0.013977

0.0153517
-0.355701
0.934474
0.637058
0.0145669

0.570427
0.499932
0.651675
0.36044
0.0278028

-0.570427
-0.499932
-0.651675
0.0856974
0.0568164

-0.0864066
0.968157
-0.234961
-0.276149
0.13653

0.0864066
-0.968157
0.234961
0.321489
0.0386065

0.806132
-0.32362
0.4954
-1.2312
0.291355

-0.806132
0.32362
-0.4954
0.94719
0.000164081

-0.229968
0.0830425
-0.969649
-2.04871
1.05643

0.229968
-0.0830425
0.969649
0.661256
0.0130615

-0.700406
0.14065
0.69975
0.602121
0.00973542

0.700406
-0.14065
-0.69975
-0.095196
0.0736186

0.0102451
0.654572
0.75593
-0.282421
0.154804

-0.0102451
-0.654572
-0.75593
0.127153
0.0717191

0.126707
0.045964
-0.990875
-2.6778
2.41429

-0.126707
-0.045964
0.990875
0.0805521
0.151307

0.373197
0.750213
0.545807
0.509625
0.0307861

-0.373197
-0.750213
-0.545807
-2.06483
1.19964

-0.454735
-0.37178
0.809318
-1.82685
1.2726

0.454735
0.37178
-0.809318
-0.0420425
0.172991

-0.977666
0.122155
-0.171017
-3.59346
4.04557

0.977666
-0.122155
0.171017
0.260798
0.104948

-0.0233301
-0.348665
0.936957
-0.962449
0.344709

0.0233301
0.348665
-0.936957
0.58902
0.0152928

0.327474
0.371137
-0.868918
-16.1018
123.945

-0.327474
-0.371137
0.868918
0.715268
0.0344867

-0.70882
0.357419
0.608133
0.0195543
0.0269625

0.70882
-0.357419
-0.608133
0.963271
3.98391e-05

-0.0966428
-0.991042
-0.0921722
-0.0550106
0.0565797

-0.658676
0.432932
0.615398
0.813969
0.00980203

0.234495
0.301826
-0.924074
-1.7144
0.694326

-0.234495
-0.301826
0.924074
0.766441
0.00516843

-0.834906
0.429499
-0.344184
-0.575435
0.245062

0.834906
-0.429499
0.344184
0.248902
0.0557303

-0.833003
0.379227
-0.402855
-0.780301
0.373388

0.833003
-0.379227
0.402855
0.0374625
0.10919

-0.845893
0.0143291
-0.533161
-1.11171
0.432931

0.845893
-0.0143291
0.533161
0.547387
0.0199505

-0.816021
-0.414151
-0.403222
-0.394169
0.123669

0.816021
0.414151
0.403222
0.707768
0.0054566

-0.599091
0.077091
-0.796961
-0.248935
0.0638622

0.599091
-0.077091
0.796961
0.914246
0.000308839

0.367373
-0.721035
-0.587491
0.406069
0.0165041

-0.367373
0.721035
0.587491
0.535224
0.010128

-0.761541
-0.648117
0
0.307712
0.0838867

0.761541
0.648117
0
-2.31274
1.60143

-0.466985
-0.0299759
0.883757
0.855488
0.00399242

-0.328599
0.424066
0.843914
0.65826
0.0115248

-0.878376
-0.177307
0.443867
0.4227
0.0279245

0.878376
0.177307
-0.443867
-0.428033
0.170418

0.451793
0.110041
-0.88531
0.0404286
0.0347392

0.28044
-0.592827
0.754924
0.699646
0.00733695

-0.28044
0.592827
-0.754924
-0.986008
0.320675

0.149195
-0.314094
0.937596
0.947009
0.00206014

-0.495872
-0.071364
0.865458
-0.757732
0.368961

0.495872
0.071364
-0.865458
-0.0088017
0.121553

-0.632366
-0.0194573
-0.774425
-7.53489
15.4869

0.632366
0.0194573
0.774425
0.853203
0.00459473

0.212471
0.977167
0
0.206904
0.0563334

0.156332
-0.70451
-0.692261
0.73781
0.00257524

-0.156332
0.70451
0.692261
0.414248
0.0124777

-0.707181
-0.277719
-0.650206
-1.36875
0.695485

0.707181
0.277719
0.650206
0.276581
0.0649979

-0.286428
0.101629
0.952696
0.883403
0.000754206

0.286428
-0.101629
-0.952696
-0.511096
0.116631

0.291669
0.430048
-0.854393
0.787399
0.00316783

-0.0629655
0.142627
0.987772
0.763051
0.00419961

0.0629655
-0.142627
-0.987772
-0.902967
0.265739

0.231086
-0.69589
-0.679953
-0.136429
0.155524

-0.231086
0.69589
0.679953
-0.615555
0.314259

0.209781
0.497115
-0.841943
-0.973646
0.294681

-0.209781
-0.497115
0.841943
0.75906
0.00441465

-0.966579
0.213776
-0.141508
-3.83321
2.87979

0.966579
-0.213776
0.141508
0.903345
0.00115285

0.958697
-0.0561082
-0.27884
-0.422728
0.111864

-0.654479
0.531828
0.537417
0.390261
0.0223671

0.654479
-0.531828
-0.537417
0.247234
0.0340598

0.55847
-0.734279
0.385934
0.904728
0.00069499

-0.55847
0.734279
-0.385934
-1.70995
0.561547

0.492094
-0.639667
-0.590483
0.935635
0.000275598

-0.662034
-0.749474
0
0.591969
0.00799301

0.662034
0.749474
0
0.436013
0.0146714

-0.402957
-0.811967
-0.422297
0.595747
0.0120069

0.402957
0.811967
0.422297
-0.44293
0.152256

-0.0109969
0.969446
-0.245058
0.356608
0.0451026

0.0109969
-0.969446
0.245058
-1.06532
0.464591

-0.111899
-0.338081
0.934441
0.891993
0.00122771

0.816234
-0.42369
-0.392745
0.907075
0.000955759

0.164112
-0.956917
-0.239535
-1.80942
0.57077

-0.164112
0.956917
0.239535
0.940561
0.000257532

-0.119728
-0.37747
0.918249
0.881833
0.00239114

0.898455
-0.313011
-0.3079
0.976704
3.26403e-05

-0.409842
-0.437811
-0.800219
-0.574961
0.331955

0.409842
0.437811
0.800219
-0.456145
0.283801

0.616671
0.242472
0.748949
0.834
0.00279502

-0.616671
-0.242472
-0.748949
-2.32231
1.11414

0.998971
0.0308238
0.0332797
-0.00581455
0.12071

-0.998971
-0.0308238
-0.0332797
-0.759164
0.369234

0.504497
0.526388
0.684397
0.769016
0.00218621

-0.504497
-0.526388
-0.684397
0.202735
0.0260057

-0.592796
-0.61459
0.520453
0.945039
0.00114893

-0.7221
-0.490387
-0.487947
-0.615555
0.314283

0.7221
0.490387
0.487947
-0.136429
0.15556

0.519453
-0.223661
0.824709
-23.5744
300.028

-0.519453
0.223661
-0.824709
0.944276
0.00156587

-0.627498
-0.778618
0
-3.32848
2.65928

0.627498
0.778618
0
0.673824
0.0187212

0.78258
0.107836
0.613139
0.481918
0.0450657

-0.726287
-0.452192
0.517716
0.491059
0.0129375

0.726287
0.452192
-0.517716
0.375538
0.0194714

0.228362
0.957458
-0.176424
0.583543
0.0320665

-0.228362
-0.957458
0.176424
-4.50687
5.60561

0.209442
0.689989
-0.692856
-17.1891
126.263

-0.209442
-0.689989
0.692856
0.931118
0.00183094

0.380633
-0.858779
0.342953
0.18861
0.0909858

-0.380633
0.858779
-0.342953
-1.6278
0.953584

0.563589
0.123137
0.816826
0.859575
0.00380821

-0.193004
0.117481
0.974139
0.989766
1.30908e-05

-0.509308
-0.63778
0.577791
-0.328756
0.194477

0.509308
0.63778
-0.577791
-0.167847
0.150256

0.403489
-0.693238
-0.597175
-0.287231
0.18845

-0.403489
0.693238
0.597175
-0.287231
0.18845

0.38643
0.764607
0.515799
0.649691
0.0061889

0.174163
-0.71661
-0.675379
-5.34377
6.00103

-0.174163
0.71661
0.675379
0.927647
0.000800614

0.341961
0.265027
0.901567
0.537006
0.0111077

0.90824
-0.0350008
0.416983
0.939188
0.000269681

-0.90824
0.0350008
-0.416983
-1.80505
0.570411

-0.715814
-0.385026
0.582551
0.991453
4.03327e-06

0.715814
0.385026
-0.582551
-1.34969
0.271386

-0.552934
-0.381692
0.740658
0.575638
0.00791518

0.552934
0.381692
-0.740658
0.422397
0.014661

-0.565145
-0.5721
0.594401
0.435247
0.0244195

0.565145
0.5721
-0.594401
-0.247903
0.119147

-0.695837
-0.0539819
0.716168
0.62209
0.0126425

0.695837
0.0539819
-0.716168
-0.992721
0.348843

-0.447758
0.719771
0.530511
0.66844
0.0136776

0.447758
-0.719771
-0.530511
-2.47046
1.49285

-0.279227
-0.680672
0.677288
0.930345
0.00152041

-0.563293
-0.738413
-0.37074
-3.14492
3.1285

0.563293
0.738413
0.37074
0.221673
0.110366

0.433772
0.757162
-0.488413
0.7591
0.00356958

-0.124005
-0.537818
0.833891
0.846085
0.00166903

0.124005
0.537818
-0.833891
-1.09534
0.306507

-0.753058
-0.291132
-0.590038
0.904142
0.000809657

0.753058
0.291132
0.590038
-2.13004
0.842142

0.293
0.956112
0
-0.754602
0.269214

-0.293
-0.956112
0
0.529459
0.0193786

-0.742485
-0.656386
-0.13369
-23.2874
299.481

0.742485
0.656386
0.13369
0.912566
0.0038822

-0.796559
0.541273
-0.26929
-6.56682
14.5658

0.796559
-0.541273
0.26929
0.424166
0.084377

-0.30108
-0.315613
-0.899855
-0.0934554
0.0702862

0.30108
0.315613
0.899855
0.645211
0.00751848

0.445964
-0.401877
0.799757
0.780862
0.00968821

-0.445964
0.401877
-0.799757
-6.3154
10.7037

-0.396276
0.0499069
0.916774
0.95542
0.000527443

0.396276
-0.0499069
-0.916774
-11.1367
37.3991

-0.309139
-0.57846
0.754862
0.838592
0.00559655

0.309139
0.57846
-0.754862
-7.48401
15.4527

-0.469101
-0.372625
0.800684
0.821768
0.00227477

-0.201023
-0.721056
-0.663074
-0.194166
0.092241

0.201023
0.721056
0.663074
0.601789
0.0102749

0.436182
-0.0395756
0.898988
-0.768169
0.292279

-0.436182
0.0395756
-0.898988
0.445501
0.0287518

0.216812
0.253752
-0.942657
-0.782321
0.344458

-0.216812
-0.253752
0.942657
0.207861
0.0681004

0.178627
-0.446171
0.87694
0.763644
0.00823616

-0.334114
-0.117482
-0.935182
-3.16457
3.74023

0.334114
0.117482
0.935182
-0.239045
0.331547

0.486096
-0.476074
0.732846
0.738227
0.00621359

-0.241575
0.149336
0.958822
0.65236
0.0116063

0.241575
-0.149336
-0.958822
-1.32
0.509493

0.359844
0.486003
0.796438
0.704593
0.0092862

-0.359844
-0.486003
-0.796438
-1.93115
0.913137

-1
0
0
0.237789
0.156116

1
0
0
-0.889323
0.414506

0.375517
-0.629946
0.67982
0.996727
1.48264e-06

-0.533496
-0.469877
0.703276
0.387032
0.0392198

0.533496
0.469877
-0.703276
-0.986009
0.411626

0.467756
-0.227943
0.853959
0.976956
3.57752e-05

-0.467756
0.227943
-0.853959
-1.05402
0.203379

-0.106618
-0.172229
0.97927
0.969844
0.000244203

0.776222
0.249903
-0.578816
-0.174399
0.226877

-0.776222
-0.249903
0.578816
-1.74702
1.24056

0.666782
-0.706805
-0.23628
0.580954
0.00800595

-0.666782
0.706805
0.23628
0.375691
0.0177596

-0.315128
-0.394073
-0.863366
-10.1933
36.4481

0.315128
0.394073
0.863366
0.74815
0.0185643

0.259846
-0.0776044
0.962527
0.65713
0.00842437

-0.126888
0.991411
0.0316755
-1.40746
0.576753

0.126888
-0.991411
-0.0316755
0.6247
0.0140165

0.68754
-0.487104
0.538534
0.801964
0.00863905

-0.68754
0.487104
-0.538534
-7.36699
15.3599

0.939152
-0.231675
-0.253613
0.765665
0.0022613

-0.939152
0.231675
0.253613
0.20554
0.0259165

0.00566011
0.899612
0.436652
-1.38722
0.47301

-0.00566011
-0.899612
-0.436652
0.793493
0.00356164

0.0632106
0.678393
0.731975
-0.0631764
0.121038

-0.0632106
-0.678393
-0.731975
-0.373481
0.201985

0.650492
0.325797
0.686088
0.9731
3.54815e-05

-0.650492
-0.325797
-0.686088
-0.918223
0.1707

0.481396
0.706724
-0.518459
-2.27782
2.54836

-0.481396
-0.706724
0.518459
-1.16389
1.11073

0.236304
-0.352629
-0.905436
0.964593
6.90388e-05

-0.236304
0.352629
0.905436
-1.21158
0.266615

0.154479
-0.736684
-0.658356
-0.38377
0.177219

-0.154479
0.736684
0.658356
0.23365
0.0543775

-0.760963
-0.648795
0
-0.454662
0.874347

0.760963
0.648795
0
0.586941
0.60563

0.181196
-0.342064
-0.922041
-0.593359
0.157011

-0.181196
0.342064
0.922041
0.80875
0.0036832

0.582668
0
-0.81271
-0.615678
0.106816

-0.517651
-0.746852
0.417431
-0.148681
0.123495

0.517651
0.746852
-0.417431
0.0255315
0.0888922

0.233732
0.0988713
-0.967261
0.0670648
0.0367446

0.416361
-0.891915
-0.176442
0.247722
0.191326

-0.416361
0.891915
0.176442
-9.11393
34.5802

0.415872
-0.310667
-0.854714
-0.627034
0.156632

-0.415872
0.310667
0.854714
0.834863
0.00167992

0.439279
0.644469
0.625854
0.428427
0.0158328

-0.439279
-0.644469
-0.625854
0.475066
0.0133569

0.227753
0.708202
-0.668265
0.37501
0.0104031

-0.122112
0.463443
-0.877672
-0.068048
0.0961663

0.622775
-0.374922
-0.68672
0.952152
8.18154e-05

-0.258232
0.804539
0.534821
-3.23007
1.92803

0.258232
-0.804539
-0.534821
0.915727
0.00079085

-0.0768815
0.114643
0.990427
0.892731
0.000693185

0.0768815
-0.114643
-0.990427
-0.716306
0.161987

0.468981
-0.00295788
-0.883203
0.869713
0.00554057

-0.468981
0.00295788
0.883203
-13.0918
64.0949

-0.552011
0.526102
-0.646916
-2.65541
1.54126

0.552011
-0.526102
0.646916
0.784404
0.00541347

-0.395447
0.357029
0.846258
0.935649
0.000374238

-0.723069
-0.265514
0.637709
0.961731
0.000112128

-0.401508
0.378036
-0.834194
-0.60904
0.232629

0.401508
-0.378036
0.834194
0.420748
0.0303065

-0.433063
-0.148904
0.888979
0.854313
0.00143472

0.181287
-0.283882
-0.941566
0.461805
0.00772833

-0.905622
-0.352053
0.236448
0.379004
0.0381387

0.905622
0.352053
-0.236448
-0.80252
0.32121

0.627757
0.732917
-0.26221
-0.354186
0.212054

-0.627757
-0.732917
0.26221
-0.265414
0.185167

-0.0167376
0.220527
-0.975237
0.207422
0.0403897

0.0167376
-0.220527
0.975237
0.342638
0.0278494

-0.105049
0.354539
0.929122
0.239365
0.0622906

0.105049
-0.354539
-0.929122
-0.800323
0.347655

-0.0639342
0.91336
-0.402102
-0.265224
0.107899

0.0639342
-0.91336
0.402102
0.595797
0.0110397

0.465172
0.784481
-0.410127
0.791865
0.00131041

-0.465172
-0.784481
0.410127
0.494041
0.00766909

-0.131099
0.754731
0.642802
-0.0585761
0.135851

0.131099
-0.754731
-0.642802
-0.734371
0.364393

-0.0615253
0.368687
0.927515
0.931041
0.000853965

-0.599644
-0.648319
0.469159
0.388787
0.0169347

0.599644
0.648319
-0.469159
0.57759
0.00810597

-0.294683
0.568757
0.767905
0.64082
0.00919325

-0.869098
0.494639
0
0.509628
0.0692069

0.869098
-0.494639
0
-5.00707
6.78032

-0.0892808
0.816787
-0.56999
0.893622
0.000854118

0.0892808
-0.816787
0.56999
-1.5668
0.493423

0.156102
-0.319705
-0.93457
-1.52045
0.659631

-0.156102
0.319705
0.93457
0.611003
0.0157562

-0.564946
-0.500772
0.655792
-0.0941546
0.162392

0.564946
0.500772
-0.655792
-1.02289
0.547744

0.601287
-0.704322
-0.377338
-1.03005
0.353818

-0.601287
0.704322
0.377338
0.660262
0.00991577

-0.751429
0.0445101
-0.658311
-0.00399864
0.0307337

-0.0212517
0.385439
0.922488
0.942853
0.00242768

0.0212517
-0.385439
-0.922488
-36.1595
1013.9

-0.908711
-0.297924
0.292379
0.923261
0.000319339

0.908711
0.297924
-0.292379
-0.831754
0.179759

0.0812194
0.996696
0
0.498482
0.0569009

0.672047
0.162602
-0.722436
0.955227
0.000279908

-0.672047
-0.162602
0.722436
-4.92126
4.64717

-0.372563
0.923148
-0.0948412
-0.152255
0.13126

0.372563
-0.923148
0.0948412
-0.0873458
0.116889

0.424118
-0.271351
0.863998
0.994904
3.9847e-06

-0.294636
-0.0955575
0.95082
-4.36346
8.60964

0.294636
0.0955575
-0.95082
-0.930843
1.11598

-0.185467
0.669052
-0.719703
-2.44204
1.2966

0.185467
-0.669052
0.719703
0.790726
0.00480859

0.0146938
0.479862
0.877221
0.0358826
0.0836977

-0.0146938
-0.479862
-0.877221
-0.0711672
0.10326

0.653236
0.51402
0.555938
0.647983
0.00219242

-0.280291
0.8779
0.388237
0.941804
0.000403068

-0.680916
0.411141
0.606067
0.815781
0.0138741

0.258737
0.0947243
-0.961292
-0.357305
0.0916156

-0.258737
-0.0947243
0.961292
0.858123
0.00100143

0.953594
0.279372
-0.112291
0.978988
2.14088e-05

-0.953594
-0.279372
0.112291
-1.06336
0.2037

0.888224
0.459411
0
-0.262583
0.0818052

0.809372
0.587296
0
-0.0793519
0.181961

-0.809372
-0.587296
0
-1.61177
1.0477

0.598414
0.728566
0.333306
0.546478
0.0124781

-0.598414
-0.728566
-0.333306
0.0225369
0.0578862

0.60398
0.330937
0.725044
0.663469
0.00607401

-0.747477
0.464923
0.474472
0.499411
0.0127569

0.747477
-0.464923
-0.474472
0.346168
0.0217352

-0.0933847
0.493587
0.864668
0.409713
0.0240369

0.0766608
-0.788503
-0.610234
0.729952
0.0166615

-0.0766608
0.788503
0.610234
-7.16896
15.1918

0.632776
0.656767
-0.410185
-0.225792
0.0695882

-0.632776
-0.656767
0.410185
0.857815
0.000949244

-0.311303
-0.106881
-0.944281
0.0109795
0.0303754

0.311303
0.106881
0.944281
0.943249
0.00010326

-0.464274
-0.806337
0.366428
0.83263
0.00179533

0.618231
0.197555
-0.760765
-4.86852
5.81056

-0.618231
-0.197555
0.760765
0.773569
0.00865343

0.518435
0.399043
-0.7563
-5.00707
7.41813

-0.518435
-0.399043
0.7563
0.509628
0.0495912

-0.124794
-0.427436
-0.895391
-3.30942
2.29069

0.124794
0.427436
0.895391
0.836461
0.00337618

0.595469
-0.488658
0.637675
0.727571
0.00848475

0.240263
0.280063
0.929429
0.315349
0.0719028

-0.240263
-0.280063
-0.929429
-2.38356
1.74363

0.76894
0.419351
0.482572
-0.0746802
0.0573893

0.587208
-0.197241
0.785037
0.0355681
0.0324502

-0.587208
0.197241
-0.785037
0.905623
0.000342884

-0.586837
-0.0418464
0.808623
-0.0891962
0.158818

0.586837
0.0418464
-0.808623
-1.02536
0.548453

-0.671469
-0.741033
0
-0.453805
0.645536

0.671469
0.741033
0
-5.56488
13.1486

-0.967619
-0.221536
0.120974
0.919462
0.000273955

0.327875
0.817248
-0.473924
0.953361
0.0010795

-0.327875
-0.817248
0.473924
-23.6719
300.298

-0.594533
-0.495734
-0.633071
0.585619
0.0102246

0.656172
-0.171621
0.734836
0.214628
0.0174113

-0.656172
0.171621
-0.734836
0.923938
0.00016899

-0.960753
0.191562
-0.200641
0.307207
0.0488376

0.960753
-0.191562
0.200641
-0.757177
0.314113

0.665049
0.348496
0.6605
-1.43209
0.711001

-0.665049
-0.348496
-0.6605
0.361954
0.0490605

0.118807
0.956735
0.265599
0.0964923
0.023972

-0.118807
-0.956735
-0.265599
0.940283
0.000108988

-0.567152
0.228621
-0.791246
0.512208
0.042115

0.669647
0.710477
0.21632
0.643038
0.00645496

-0.669647
-0.710477
-0.21632
0.147418
0.0367892

-0.971721
-0.236133
0
0.0594509
0.104682

0.971721
0.236133
0
-0.704406
0.332614

0.429328
0.0549893
-0.901473
-0.131629
0.218195

-0.429328
-0.0549893
0.901473
-1.98823
1.51903

-0.93905
-0.343781
0
0.930581
0.00159093

-0.107655
0.79917
0.591386
0.945717
0.000300187

0.107655
-0.79917
-0.591386
-0.370515
0.0759093

0.150976
-0.970583
-0.187552
-1.74713
0.5652

-0.150976
0.970583
0.187552
0.919268
0.000489822

-0.640212
-0.137012
-0.755882
0.810399
0.00119763

-0.355606
-0.139322
0.924193
0.929453
0.000630363

-0.0280438
-0.714779
0.698788
0.0227145
0.0432134

0.0280438
0.714779
-0.698788
0.79005
0.00208164

0.374786
0.336439
0.863912
0.471559
0.0273252

-0.591298
0.738237
-0.324611
-0.673392
0.382477

0.591298
-0.738237
0.324611
-0.425858
0.277705

0.791022
-0.611787
0
0.800476
0.00237019

0.60981
0.7259
-0.318121
0.643884
0.00799206

-0.60981
-0.7259
0.318121
-0.223635
0.0941735

0.0174134
0.859613
0.510649
0.689075
0.0131864

-0.0174134
-0.859613
-0.510649
-3.02959
2.20711

0.297908
-0.645757
-0.703029
0.3972
0.0314788

0.263919
-0.261012
0.928558
0.517288
0.0576207
