
0.735014
0.678052
0
0.246874
0.0152294

-0.735014
-0.678052
0
0.933068
0.000154984

0.151128
-0.386735
-0.909723
-0.296718
0.156673

-0.151128
0.386735
0.909723
0.159948
0.0659029

-0.306865
0.784234
-0.53927
-0.393929
0.157229

0.306865
-0.784234
0.53927
0.447402
0.0247693

-0.469149
-0.320475
0.822919
0.879978
0.00145937

-0.341469
-0.785339
-0.516373
0.976539
1.62434e-05

0.298814
-0.116006
-0.947234
-16.5531
125.126

-0.298814
0.116006
0.947234
0.824468
0.0125185

0.713723
0.275125
-0.644132
-1.57242
0.447242

-0.713723
-0.275125
0.644132
0.938387
0.000271851

0.220235
0.881684
-0.417289
-0.187381
0.0489977

-0.220235
-0.881684
0.417289
0.950322
9.08463e-05

-0.913869
-0.346252
-0.212018
-4.64208
5.68753

0.913869
0.346252
0.212018
0.662868
0.0203157

-0.11584
-0.835643
0.536919
0.369521
0.0653066

-0.891494
-0.356481
-0.279571
-0.584285
0.229363

0.891494
0.356481
0.279571
0.381139
0.0350159

-0.518688
-0.821479
-0.236925
0.573883
0.0803794

0.518688
0.821479
0.236925
-15.6452
122.628

-0.98038
0.197116
0
-0.297781
0.104636

0.98038
-0.197116
0
0.691189
0.00610687

-0.63527
-0.0652655
0.769527
0.762277
0.0063173

-0.31743
0.141585
-0.937652
-2.90859
2.98293

0.31743
-0.141585
0.937652
-0.0568824
0.218515

0.803026
-0.335765
-0.492352
0.99183
7.36666e-06

-0.360125
-0.161594
0.918802
0.920305
0.00118794

-0.349967
-0.0983057
0.93159
0.826743
0.00585507

0.349967
0.0983057
-0.93159
-6.44574
10.7951

0.560314
-0.103241
0.821821
0.770137
0.0117993

0.67514
-0.145368
0.723225
0.739489
0.00272036

-0.67514
0.145368
-0.723225
0.293286
0.0199229

-0.286491
-0.829614
0.479232
0.389223
0.0331753

0.286491
0.829614
-0.479232
-0.525986
0.207006

0.707102
0.707112
0
0.759074
0.0403642

-0.623666
-0.474662
-0.621077
0.86625
0.00057287

0.623666
0.474662
0.621077
0.268986
0.0170271

0.304672
-0.506613
-0.806547
0.595657
0.00590624

-0.592861
0.228798
-0.772118
0.687313
0.00668075

0.592861
-0.228798
0.772118
-0.467894
0.145249

0.0445764
0.148917
-0.987844
-5.71356
6.08792

-0.0445764
-0.148917
0.987844
0.985897
2.8968e-05

0.547488
-0.164902
-0.820405
-3.41336
2.75122

-0.547488
0.164902
0.820405
0.724166
0.0107736

-0.579052
-0.162868
0.798857
0.724166
0.010842

0.579052
0.162868
-0.798857
-3.41336
2.74968

0.833963
0.317011
0.451674
0.444341
0.0231591

-0.833963
-0.317011
-0.451674
-0.220486
0.111725

-0.920249
-0.0643192
0.386012
0.326939
0.0304158

0.920249
0.0643192
-0.386012
0.148156
0.0486998

-0.528803
0.370146
-0.76378
0.83433
0.0025981

0.528803
-0.370146
0.76378
-1.97567
0.820145

-0.686909
-0.527509
-0.49989
-2.64058
1.16132

0.686909
0.527509
0.49989
0.950534
0.000221865

0.0690811
0.937002
0.342425
-3.2641
1.64401

-0.0690811
-0.937002
-0.342425
0.981739
3.02094e-05

-0.748286
0.448365
-0.488914
0.284873
0.0323127

0.748286
-0.448365
0.488914
0.284873
0.0323127

-0.860757
0.0634464
0.505046
0.558843
0.029807

-0.084308
0.877954
-0.471263
-2.06386
1.77668

0.084308
-0.877954
0.471263
-0.418951
0.382751

0.605811
0.748368
-0.270071
0.414895
0.0672357

-0.605811
-0.748368
0.270071
-4.26594
5.44421

-0.13622
0.422416
-0.896108
-0.0442548
0.0818592

0.13622
-0.422416
0.896108
0.32511
0.0343091

0.243041
0.653326
-0.717006
0.222328
0.0527777

0.86048
0.126093
-0.493634
0.865282
0.00120573

-0.306335
0.591478
0.745864
-0.543501
0.141696

0.306335
-0.591478
-0.745864
0.80834
0.00219907

0.259134
-0.48325
0.836253
-9.29783
53.0208

-0.259134
0.48325
-0.836253
-1.57446
3.31463

-0.277181
-0.242667
-0.929669
0.445501
0.028956

-0.858003
0.377393
-0.348432
0.583525
0.00815935

0.858003
-0.377393
0.348432
0.337188
0.0206369

0.162604
0.381112
0.910117
0.955796
0.000612063

0.353554
0.582226
0.732129
0.730398
0.00349648

-0.353554
-0.582226
-0.732129
0.0908374
0.0390537

-0.890999
0.364798
-0.270265
0.703707
0.00806357

0.890999
-0.364798
0.270265
-1.37857
0.518906

0.277191
-0.716156
0.640535
0.534877
0.00913156

-0.277191
0.716156
-0.640535
0.511329
0.010078

0.800222
0.471845
-0.370145
-1.80263
0.459974

-0.372285
-0.73701
-0.56411
-0.026052
0.104317

0.372285
0.73701
0.56411
-0.221088
0.147699

-0.426019
0.282122
-0.859602
-1.12528
0.33603

0.426019
-0.282122
0.859602
0.811428
0.00272323

0.452056
0.841327
0.296333
0.369887
0.114618

-0.452056
-0.841327
-0.296333
-7.69298
21.8134

0.241606
-0.0114744
-0.970307
-23.8028
300.406

-0.241606
0.0114744
0.970307
0.964233
0.000645311

-0.0380419
-0.499979
0.865202
0.893274
0.0016405

-0.893117
-0.049151
-0.447131
0.937616
0.000392976

0.785518
0.234759
0.572582
0.337455
0.0133434

-0.785518
-0.234759
-0.572582
0.861542
0.000604728

0.234224
-0.271713
-0.933441
0.919319
0.000410733

-0.718058
0.695984
0
0.508107
0.0162667

0.718058
-0.695984
0
0.495246
0.0169284

-0.227691
-0.391927
0.891375
0.843696
0.00524543

-0.999968
-0.00805232
0
-0.643273
0.409054

0.999968
0.00805232
0
-0.789283
0.484968

-0.908402
-0.209585
-0.361775
-2.85826
1.91468

0.908402
0.209585
0.361775
0.715705
0.010433

0.797584
0.28032
-0.534116
0.313306
0.0213193

-0.797584
-0.28032
0.534116
0.633723
0.00607296

0.736007
-0.114349
-0.667247
0.579153
0.0100676

-0.736007
0.114349
0.667247
0.0781788
0.0482277

0.0493268
0.499006
0.865194
0.866918
0.000838061

-0.0493268
-0.499006
-0.865194
-0.268176
0.0748621

0.300756
0.0239537
0.9534
0.966587
0.000810803

0.294906
0.955526
0
0.797447
0.0031429

-0.470129
-0.642074
0.605573
-0.639015
0.273419

0.470129
0.642074
-0.605573
0.235577
0.0595659

-0.922958
0.252263
0.29071
0.298919
0.018589

0.922958
-0.252263
-0.29071
0.769196
0.0020227

0.534593
0.086006
-0.840722
-0.621572
0.166762

-0.534593
-0.086006
0.840722
0.78888
0.00290623

0.428628
0.270713
-0.86197
-11.7835
61.5552

-0.428628
-0.270713
0.86197
0.445162
0.115972

0.777222
0.111244
0.619315
0.804965
0.00253088

-0.777222
-0.111244
-0.619315
-0.755314
0.201702

0.591423
0.119518
-0.797455
0.992604
4.32486e-06

0.125051
0.884792
0.448894
0.230145
0.020752

-0.37925
-0.13793
-0.914956
-16.8782
125.72

0.37925
0.13793
0.914956
0.88558
0.00520776

-0.876417
-0.304869
-0.372757
0.645209
0.00705284

0.198723
0.456375
0.867313
0.636547
0.0101169

-0.198723
-0.456375
-0.867313
-0.641217
0.205628

0.225932
-0.0448239
0.973111
-1.29862
0.6778

-0.225932
0.0448239
-0.973111
0.172497
0.087877

0.714904
-0.162102
0.680173
0.669394
0.00844918

-0.714904
0.162102
-0.680173
-0.734214
0.230401

0.462614
0.870077
-0.170161
-0.960617
0.52994

-0.462614
-0.870077
0.170161
-0.214954
0.203513

0.414088
-0.04605
0.909071
0.849321
0.00295021

-0.414088
0.04605
-0.909071
-3.6772
2.83819

-0.583425
0.280572
0.762165
0.374775
0.0327047

0.583425
-0.280572
-0.762165
-0.352136
0.152925

-0.105123
0.0840288
-0.990903
0.823182
0.00314703

-0.0301731
0.18292
0.982665
-4.53604
3.90517

0.0301731
-0.18292
-0.982665
0.935844
0.00113267

-0.703632
-0.325364
-0.631697
-2.46562
3.16544

0.703632
0.325364
0.631697
-1.54617
1.70866

0.839084
0.544002
0
-8.35441
21.6097

-0.839084
-0.544002
0
0.698643
0.0317321

-0.502657
-0.22903
0.833595
0.250564
0.079107

0.502657
0.22903
-0.833595
-1.83352
1.12748

-0.490162
0.824527
-0.282659
0.207738
0.0290517

0.490162
-0.824527
0.282659
0.69077
0.00457547

0.452168
-0.83501
0.313532
0.393079
0.0229615

-0.538411
-0.279619
0.794938
0.914294
0.0016919

0.538411
0.279619
-0.794938
-9.10288
23.395

-0.33992
-0.940454
0
-2.26516
1.88046

0.33992
0.940454
0
-0.0867815
0.209404

-0.582023
-0.612818
0.534512
0.177825
0.0249559

-0.241202
-0.651001
0.719736
0.789573
0.00111273

0.241202
0.651001
-0.719736
0.662934
0.00279071

0.81331
-0.366745
-0.451691
0.763636
0.00349135

-0.81331
0.366745
0.451691
-0.493295
0.138362

-0.348186
0.685822
0.639073
0.632221
0.0360306

0.348186
-0.685822
-0.639073
-8.19451
22.5132

0.362182
0.560429
-0.744811
-0.0322978
0.0555507

-0.362182
-0.560429
0.744811
0.713429
0.0042888

0.762995
0.591459
0.260797
0.234385
0.0456193

-0.762995
-0.591459
-0.260797
-0.00609601
0.0787652

-0.922729
0.38545
0
0.959755
0.0012885

-0.00198744
-0.112347
0.993667
0.865282
0.0012242

0.00198744
0.112347
-0.993667
-1.04906
0.278811

0.0851929
-0.163263
0.982897
-0.117219
0.163195

-0.0851929
0.163263
-0.982897
-0.900754
0.471581

-0.277924
0.843393
0.459834
-0.152207
0.13939

0.277924
-0.843393
-0.459834
-0.225342
0.157636

-0.534334
-0.265045
0.802645
0.844255
0.000689063

0.534334
0.265045
-0.802645
0.437763
0.008968

-0.396909
0.825046
0.402197
0.20786
0.0680406

0.0761883
0.497168
0.864303
0.511601
0.0261816

-0.0761883
-0.497168
-0.864303
-1.42283
0.639917

0.0771712
0.168431
0.982688
0.942807
0.000679787

-0.0771712
-0.168431
-0.982688
-0.582872
0.115683

0.89301
-0.39693
0.212084
0.958743
0.000111499

-0.89301
0.39693
-0.212084
-1.64048
0.452126

0.528609
-0.642821
-0.554395
-0.238932
0.0635938

-0.528609
0.642821
0.554395
0.908189
0.000365233

0.703689
-0.227561
0.673081
0.730906
0.00291123

-0.703689
0.227561
-0.673081
0.323366
0.0181224

-0.636008
0.147842
-0.757388
-6.89891
14.9286

0.636008
-0.147842
0.757388
0.609931
0.0365359

-0.26085
-0.322053
-0.910077
-1.18072
0.443802

0.26085
0.322053
0.910077
0.621404
0.0135353

0.909578
0.415534
0
-0.670547
0.284369

-0.909578
-0.415534
0
0.291665
0.0604228

-0.255615
-0.579175
-0.774091
0.444527
0.0325667

0.255615
0.579175
0.774091
-1.13027
0.476763

0.0301071
0.266268
0.963429
0.119839
0.154573

-0.0301071
-0.266268
-0.963429
-3.45579
3.9512

0.778635
0.268013
0.567359
0.674264
0.00512647

0.762092
-0.3303
0.556881
0.487176
0.0192912

-0.762092
0.3303
-0.556881
-0.236239
0.111775

0.673589
0.321328
-0.665602
-0.482266
0.176801

-0.673589
-0.321328
0.665602
0.503175
0.0199523

0.86041
-0.239987
-0.449556
0.953518
0.000341095

-0.86041
0.239987
0.449556
-6.147
8.04917

-0.586025
0.122109
0.801039
0.738424
0.00744668

0.426706
0.0776194
0.901053
0.846351
0.00654303

-0.426706
-0.0776194
-0.901053
-10.5407
36.9046

-0.603608
0.738685
0.300004
0.466311
0.0166217

0.603608
-0.738685
-0.300004
0.197284
0.0375809

-0.129792
0.395367
0.909307
0.902913
0.000398788

0.129792
-0.395367
-0.909307
-0.202931
0.0594868

-0.599436
0.28998
-0.746048
-0.860769
0.194714

0.599436
-0.28998
0.746048
0.909301
0.00046997

-0.684335
0.624416
-0.376551
-0.594095
0.175712

0.684335
-0.624416
0.376551
0.712067
0.00575311

-0.324291
0.905889
-0.272399
-1.18162
0.243944

0.324291
-0.905889
0.272399
0.975343
3.14389e-05

0.548037
-0.529046
0.647894
-0.0175762
0.245469

0.98776
0.155982
0
0.816014
0.00323324

-0.424863
0.0330617
-0.904654
-0.346129
0.243224

0.424863
-0.0330617
0.904654
-0.703678
0.389363

0.0601112
0.0305537
0.997724
0.33724
0.0411514

-0.0601112
-0.0305537
-0.997724
-0.558229
0.226192

0.0545378
-0.0501117
-0.997253
0.220249
0.0368094

-0.0545378
0.0501117
0.997253
0.411362
0.0210649

0.538641
0.435957
-0.720977
-1.16472
0.370365

-0.538641
-0.435957
0.720977
0.77635
0.00401719

0.573595
-0.11372
0.811207
0.853724
0.00105054

-0.573595
0.11372
-0.811207
-0.316486
0.0850728

0.753505
-0.41454
-0.510281
-3.36486
3.25125

-0.753505
0.41454
0.510281
0.430817
0.0552946

-0.331678
0.0826409
-0.939766
0.981655
1.07104e-05

0.331678
-0.0826409
0.939766
0.0300512
0.0231382

-0.442524
-0.532608
0.721458
0.605227
0.0105391

0.442524
0.532608
-0.721458
-0.271784
0.108478

-0.0996768
0.687444
0.719365
0.468238
0.0255111

0.0996768
-0.687444
-0.719365
-0.709729
0.263423

0.242045
-0.321954
0.915292
0.650611
0.0139741

-0.242045
0.321954
-0.915292
-2.03516
1.05322

-0.820552
-0.15162
-0.551095
-0.271784
0.108417

0.820552
0.15162
0.551095
0.605227
0.010497

-0.515306
-0.119187
0.848678
0.644456
0.0129215

0.515306
0.119187
-0.848678
-1.55712
0.666644

-0.783765
0.287109
0.550709
-9.3618
23.5513

0.783765
-0.287109
-0.550709
0.956471
0.000416136

0.320586
0.695142
0.64343
0.84194
0.0017401

-0.320586
-0.695142
-0.64343
-1.01071
0.275621

0.802853
-0.1381
0.579962
-0.418716
0.193682

-0.802853
0.1381
-0.579962
0.188938
0.0633184

-0.30124
0.407367
0.862152
0.833828
0.00180777

0.30124
-0.407367
-0.862152
-0.857915
0.225027

0.402243
0.695328
-0.595583
-1.53636
0.59833

-0.402243
-0.695328
0.595583
0.733837
0.00664066

-0.691238
0.0940116
-0.716486
-0.901138
0.396338

0.691238
-0.0940116
0.716486
0.257367
0.0606189

0.716326
-0.389474
-0.578954
-1.02536
0.548463

-0.716326
0.389474
0.578954
-0.0891962
0.158625

-0.473307
0.214654
0.854344
0.651776
0.010024

0.294233
0.878911
-0.375422
-2.15631
1.08083

-0.294233
-0.878911
0.375422
0.738424
0.00744397

0.85795
-0.4315
-0.278801
-3.39638
3.26767

-0.85795
0.4315
0.278801
0.457275
0.04982

0.244166
0.572538
0.782677
0.556329
0.00257672

0.731244
0.611586
0.302069
0.895031
0.00204057

-0.322696
0.235452
0.91675
-0.913391
0.288216

0.322696
-0.235452
-0.91675
0.706142
0.0069261

-0.743189
0.427051
-0.51507
0.750322
0.0339698

0.743189
-0.427051
0.51507
-22.3311
296.271

0.356813
0.749138
0.558101
0.562454
0.00921629

-0.356813
-0.749138
-0.558101
0.333319
0.0213924

0.00461078
0.703344
-0.710834
0.981054
3.3814e-05

0.593769
0.218157
0.774498
0.75589
0.00676398

-0.593769
-0.218157
-0.774498
-2.38213
1.28244

0.136909
0.457833
0.878433
0.898728
0.000653482

0.3448
0.186561
0.91995
0.795104
0.00480938

-0.937002
-0.312155
-0.156802
-0.0717193
0.0926717

0.937002
0.312155
0.156802
0.229639
0.0478855

0.2272
0.479251
0.847761
0.650751
0.0323866

0.535282
-0.186984
0.823717
0.975711
3.64214e-05

-0.535282
0.186984
-0.823717
-0.874049
0.157501

-0.435779
-0.892224
-0.118459
0.0255023
0.0693093

0.435779
0.892224
0.118459
0.307248
0.0350274

0.665818
-0.0746086
0.742375
0.810267
0.00459418

-0.408786
-0.0315131
0.912086
0.639935
0.0395182

0.408786
0.0315131
-0.912086
-9.89193
35.9991

0.329039
0.944317
0
-0.355617
0.185501

-0.329039
-0.944317
0
0.0483892
0.0914263

-0.520756
0.0814875
-0.849808
0.684897
0.00734119

0.520756
-0.0814875
0.849808
-0.684911
0.209882

0.539006
0.224378
0.811866
0.846293
0.00103622

-0.539006
-0.224378
-0.811866
-0.0102013
0.0424863

0.3722
0.275078
0.886453
0.962279
0.00103557

-0.3722
-0.275078
-0.886453
-36.4286
1015.1

0.482326
0.193871
-0.854269
0.306542
0.0208333

-0.912295
0.167977
0.373499
0.250564
0.0789476

0.912295
-0.167977
-0.373499
-1.83352
1.12788

0.798227
-0.301384
0.521538
-1.56875
0.668781

-0.798227
0.301384
-0.521538
0.654647
0.0121381

0.653377
-0.583044
0.482864
-0.393714
0.190553

-0.653377
0.583044
-0.482864
0.135455
0.0734064

0.310254
-0.269999
0.911506
0.100324
0.0911942

-0.310254
0.269999
-0.911506
-0.724826
0.334381

-0.389069
-0.265921
-0.881993
-0.936608
0.402802

0.389069
0.265921
0.881993
0.313845
0.0506181

0.106913
0.994268
0
0.25056
0.0793762

-0.232454
-0.3042
0.923811
-0.573286
0.283813

0.232454
0.3042
-0.923811
-0.0531874
0.127365

-0.42189
0.062204
-0.904511
-0.653503
0.148214

0.42189
-0.062204
0.904511
0.88614
0.000708679

-0.328393
0.261351
-0.907664
-35.3452
1010.24

0.328393
-0.261351
0.907664
0.858026
0.0154159

-0.217544
-0.428733
0.876848
0.993718
1.35419e-06

0.217544
0.428733
-0.876848
-0.391763
0.0574364

-0.772031
0.286962
-0.567117
0.985109
1.07263e-05

0.12084
0.526796
0.841358
0.832064
0.00505133

-0.12084
-0.526796
-0.841358
-5.66537
7.84548

0.149327
0.008281
0.988753
0.972552
0.000165508

-0.390646
0.538426
-0.746655
0.255812
0.025319

0.390646
-0.538426
0.746655
0.66202
0.0052293

0.651866
-0.46126
-0.601921
0.850855
0.0009806

-0.651866
0.46126
0.601921
-0.107895
0.053714

0.0930906
-0.69035
-0.717461
0.0543081
0.0265754

-0.0930906
0.69035
0.717461
0.946697
0.000100285

-0.641325
-0.276815
0.715594
0.397686
0.0182095

0.641325
0.276815
-0.715594
0.464555
0.0143912

0.0382654
-0.35557
0.933866
0.896904
0.00252431

-0.0382654
0.35557
-0.933866
-9.01717
23.3168

0.189004
-0.755915
0.626794
0.978519
3.10822e-05

-0.189004
0.755915
-0.626794
-1.96567
0.581591

0.62711
0.614287
0.478941
0.48623
0.0138082

-0.62711
-0.614287
-0.478941
0.323444
0.023937

-0.867396
0.433331
0.244639
-0.244154
0.0606624

0.867396
-0.433331
-0.244639
0.927411
0.000209005

-0.529875
-0.815953
-0.231202
-0.0984381
0.0703298

0.529875
0.815953
0.231202
0.652448
0.00704866

-0.452921
0.0647888
0.889194
0.884657
0.00157353

-0.446446
-0.438747
0.779864
0.826743
0.0058494

0.446446
0.438747
-0.779864
-6.44574
10.7958

0.0524938
-0.85516
0.5157
-0.755312
0.477599

-0.587636
-0.412677
0.695976
0.465128
0.015791

0.587636
0.412677
-0.695976
0.286253
0.028048

-0.786317
0.0276969
-0.617202
-2.10255
1.21043

0.786317
-0.0276969
0.617202
0.54494
0.0261304

0.297976
0.548514
-0.781244
-0.555811
0.15169

-0.297976
-0.548514
0.781244
0.776584
0.003136

-0.236566
0.179922
0.954811
0.171955
0.144346

0.236566
-0.179922
-0.954811
-3.98878
5.23595

-0.615088
-0.759743
0.210851
-3.89486
2.39923

0.615088
0.759743
-0.210851
0.986814
1.77701e-05

-0.111956
0.0415755
0.992843
0.924558
0.000792126

-0.61352
0.442479
0.654069
0.74096
0.00568121

0.325985
-0.575566
0.749972
0.0805531
0.261003

-0.325985
0.575566
-0.749972
-7.27506
21.1186

-0.691098
-0.304896
-0.655303
-3.71513
3.41901

0.691098
0.304896
0.655303
0.681258
0.0157022

-0.0448712
-0.357188
0.932954
0.921756
0.000850107

-0.187879
0.273634
-0.943306
-23.9874
300.846

0.187879
-0.273634
0.943306
0.977055
0.000253783

0.353098
-0.928668
-0.113568
0.961575
4.13792e-05

-0.353098
0.928668
0.113568
0.0393822
0.0256797

-0.102375
-0.994746
0
0.668998
0.00871309

-0.381469
0.414433
0.826273
0.871116
0.00660362

0.381469
-0.414433
-0.826273
-16.794
125.618

0.564987
-0.0648544
-0.822547
-0.275147
0.0923663

-0.564987
0.0648544
0.822547
0.750763
0.00353797

-0.10016
0.978149
-0.18219
0.828464
0.00125324

0.10016
-0.978149
0.18219
0.00821316
0.0417245

0.688999
-0.364101
-0.626666
0.930934
0.00050815

0.179402
0.965592
0.188272
-0.458502
0.120637

-0.179402
-0.965592
-0.188272
0.813283
0.00198066

-0.569156
0.82223
0
0.735001
0.0119835

0.569156
-0.82223
0
-1.97393
0.892557

0.0139837
0.101927
0.994694
-0.802124
0.255264

-0.0139837
-0.101927
-0.994694
0.668998
0.00862975

-0.553425
0.407059
0.726652
0.769655
0.000949982

0.553425
-0.407059
-0.726652
0.824381
0.000553052

0.0244495
0.228988
0.973122
0.75952
0.0167804

-0.0244495
-0.228988
-0.973122
-10.229
36.5128

-0.882115
0.220444
-0.416266
0.951629
8.53494e-05

-0.719971
-0.184875
0.668927
0.976758
3.61655e-05

-0.0409908
0.281053
0.958817
0.648937
0.0223234

0.0409908
-0.281053
-0.958817
-4.61701
5.66736

-0.595908
0.803053
0
0.726398
0.00606968

-0.181262
-0.621584
0.762088
0.658484
0.003652

-0.751575
0.574847
-0.323552
-1.55722
0.366815

0.751575
-0.574847
0.323552
0.984181
1.50454e-05

0.110208
-0.722194
-0.682855
-0.795607
0.236471

-0.110208
0.722194
0.682855
0.730377
0.00533583

-0.763636
-0.355541
-0.538934
-0.247903
0.119205

0.763636
0.355541
0.538934
0.435247
0.0244697

0.755382
-0.119345
0.644325
0.25501
0.0154226

-0.755382
0.119345
-0.644325
0.919306
0.000199239

0.4655
0.225761
0.85577
0.821218
0.00900058

-0.4655
-0.225761
-0.85577
-10.442
36.7852

-0.0339876
0.150609
-0.988009
-2.05393
0.657325

-0.363793
0.294602
0.883665
0.872827
0.00110941

0.363793
-0.294602
-0.883665
-1.14138
0.310495

0.439253
0.418657
-0.794848
-0.108114
0.0589643

-0.439253
-0.418657
0.794848
0.802275
0.00194021

0.27855
-0.310283
0.90892
0.975443
5.99695e-05

-0.177126
-0.0935521
0.979732
-0.0696378
0.050082

0.177126
0.0935521
-0.979732
0.838499
0.00114415

-0.365521
-0.0115178
-0.930732
-24.1725
300.912

0.365521
0.0115178
0.930732
0.986998
8.71786e-05

0.150581
-0.217344
0.96441
-1.79882
0.991319

-0.150581
0.217344
-0.96441
0.42723
0.0417764

0.263801
0.155468
-0.951966
-0.512639
0.253616

-0.263801
-0.155468
0.951966
-0.0258791
0.116665

-0.275957
-0.42987
0.859686
0.826927
0.00291426

0.275957
0.42987
-0.859686
-2.12612
0.950287

0.16606
-0.337247
-0.926654
0.255727
0.0217688

-0.16606
0.337247
0.926654
0.867759
0.00161471

0.343352
0.503623
0.792763
0.721222
0.00312717

-0.756232
0.630024
0.176589
-0.170209
0.141519

0.756232
-0.630024
-0.176589
-0.170209
0.141519

-0.446883
-0.667683
-0.595395
0.91297
0.000584478

0.446883
0.667683
0.595395
-1.61252
0.497544

0.429269
0.0485504
-0.901871
0.207564
0.0319608

-0.429269
-0.0485504
0.901871
0.600659
0.00812762

-0.196897
-0.701018
0.685424
0.715027
0.0044516

-0.296398
0.521163
0.800336
0.843294
0.00147392

-0.643187
0.104811
-0.758502
-12.4143
62.981

0.643187
-0.104811
0.758502
0.69205
0.0332187

0.925128
-0.196047
0.32512
0.17239
0.0713001

-0.925128
0.196047
-0.32512
-0.605604
0.268261

0.404715
-0.119356
-0.90662
-1.07921
0.2394

0.00799279
-0.0130601
-0.999883
-23.2
299.092

-0.00799279
0.0130601
0.999883
0.901404
0.00502484

0.42618
-0.433514
0.794
0.863658
0.00202256

0.0137047
0.0999863
0.994894
0.985304
8.65638e-05

-0.0137047
-0.0999863
-0.994894
-17.783
126.854

0.444857
0.650076
0.616039
0.909338
0.000450137

-0.444857
-0.650076
-0.616039
-0.695351
0.150428

0.185506
0.186094
-0.964861
0.762017
0.00063232

-0.185506
-0.186094
0.964861
0.946269
3.24702e-05

-0.0209995
-0.562361
-0.826625
0.936061
0.000619407

0.399691
0.393534
0.827876
0.766707
0.00636853

-0.399691
-0.393534
-0.827876
-2.6237
1.53407

0.520204
-0.41385
-0.747071
-4.75513
5.74781

-0.520204
0.41385
0.747071
0.721452
0.0135551

-0.0569322
-0.560119
0.826454
0.740214
0.00436525

0.0569322
0.560119
-0.826454
-0.469531
0.136817

0.389956
-0.250835
0.886011
0.890728
0.00381836

-0.389956
0.250835
-0.886011
-13.201
64.2704

-0.184031
-0.527786
0.829201
0.912566
0.00388519

-0.602003
0.22348
-0.766583
-7.16896
15.1975

0.602003
-0.22348
0.766583
0.729952
0.0166093

-0.0619815
-0.448136
-0.891814
-0.886449
0.42878

0.0619815
0.448136
0.891814
0.0600314
0.106686

0.110896
0.160184
-0.980838
0.941672
0.000703709

-0.383116
-0.522915
0.761434
0.652652
0.00641657

0.383116
0.522915
-0.761434
0.0577141
0.0471578

-0.158378
-0.230268
0.960152
0.952442
0.00167707

0.158378
0.230268
-0.960152
-36.2852
1014.33

-0.680628
0.345055
-0.646284
-1.01703
0.382858

0.680628
-0.345055
0.646284
0.549253
0.0191252

-0.783675
0.525073
-0.331892
0.955316
4.95138e-05

0.783675
-0.525073
0.331892
0.221133
0.0148279

-0.632358
-0.101255
-0.76803
0.698342
0.00247971

0.632358
0.101255
0.76803
0.707482
0.00233492

0.32817
-0.201861
-0.922798
0.757175
0.00434541

-0.396793
-0.733988
0.551197
0.39234
0.0789792

0.396793
0.733988
-0.551197
-4.83963
7.28459

0.68438
-0.352726
0.638129
-1.18635
0.288682

-0.68438
0.352726
-0.638129
0.931105
0.000290814

-0.63311
0.346496
-0.692179
0.298603
0.0416681

0.63311
-0.346496
0.692179
-0.264801
0.135419

0.874576
-0.409834
-0.259139
-0.006145
0.136861

-0.874576
0.409834
0.259139
-1.19253
0.649877

-0.389965
0.367677
-0.84424
0.162643
0.105881

0.389965
-0.367677
0.84424
-1.96695
1.32599

-0.562505
0.497662
0.660243
0.235784
0.0902211

0.278105
0.464681
-0.840672
-9.20904
34.7602

-0.278105
-0.464681
0.840672
0.30524
0.161264

-0.326003
0.00635736
-0.945347
-0.82462
0.257763

0.326003
-0.00635736
0.945347
0.691846
0.00749232

0.195504
-0.329371
0.923739
0.969352
0.000677735

-0.195504
0.329371
-0.923739
-36.5441
1015.51

0.401699
0.641348
-0.65369
-5.29312
7.62675

-0.401699
-0.641348
0.65369
0.674941
0.0204291

-0.723002
-0.335548
-0.603884
-2.88279
2.15434

0.723002
0.335548
0.603884
0.587133
0.0244407

0.00286392
0.989222
0.146397
0.27535
0.0304203

-0.00286392
-0.989222
-0.146397
0.408817
0.020248

-0.449276
0.636192
-0.627225
-1.36914
0.568139

0.449276
-0.636192
0.627225
0.587258
0.0185755

-0.372429
0.346157
0.861088
-0.512639
0.253771

0.372429
-0.346157
-0.861088
-0.0258791
0.116875

0.674046
-0.636497
-0.374879
-0.0283339
0.0579097

-0.611513
-0.732009
-0.300358
-0.464569
0.128387

0.611513
0.732009
0.300358
0.779795
0.00291272

0.176814
-0.913807
0.365641
0.367483
0.0127665

-0.176814
0.913807
-0.365641
0.824786
0.000980282

-0.0662045
-0.959152
0.275036
0.248744
0.0315185

-0.743437
0.524609
-0.414834
-1.37484
0.630056

0.743437
-0.524609
0.414834
0.456797
0.0329686

0.624673
0.780554
-0.022784
0.53091
0.0266846

-0.624673
-0.780554
0.022784
-1.89883
1.01904

0.350896
-0.436981
0.828203
0.826743
0.00585311

-0.350896
0.436981
-0.828203
-6.44574
10.7953

-0.0866081
0.809984
-0.580022
-1.30084
0.38483

-0.800399
0.599468
0
0.686755
0.0149579

0.800399
-0.599468
0
-1.24985
0.447746

0.719586
0.259005
-0.644292
-8.05305
22.3228

-0.719586
-0.259005
0.644292
0.566799
0.0512187

0.705947
-0.133966
-0.69548
0.543128
0.0242776

0.404828
0.325602
0.854457
0.601516
0.029148

0.47014
0.179112
0.864227
0.940916
0.000323334

-0.47014
-0.179112
-0.864227
-2.41264
0.99007

0.11296
0.681366
0.723174
0.720395
0.0048085

-0.11296
-0.681366
-0.723174
-0.322705
0.106028

-0.719552
0.122103
0.683619
0.141848
0.0308341

0.719552
-0.122103
-0.683619
0.785461
0.0019732

0.547147
0.347838
0.761341
0.909534
0.000268555

0.170939
0.344876
-0.922952
-6.16371
8.05325

-0.170939
-0.344876
0.922952
0.956276
0.000302527

0.438368
0.819834
0.368384
0.272524
0.0398915

-0.438368
-0.819834
-0.368384
0.00982463
0.0738743

0.283077
-0.800307
0.528561
0.898377
0.0077829

-0.283077
0.800307
-0.528561
-35.6859
1012.01

-0.252578
0.732923
0.631687
0.973007
0.000273563

-0.627015
-0.402267
0.667109
0.757175
0.00429227

0.970308
-0.222593
0.0946304
-0.117086
0.0826266

-0.970308
0.222593
-0.0946304
0.533599
0.0144049

-0.654979
-0.723927
-0.216638
-0.639015
0.273361

0.654979
0.723927
0.216638
0.235577
0.0594734

0.0280051
0.128467
0.991318
0.77496
0.0171873

-0.0280051
-0.128467
-0.991318
-12.6914
63.4957

-0.567092
0.823654
0
0.248173
0.0195979

0.567092
-0.823654
0
0.991566
0.000173513

-0.0660841
0.986685
-0.148612
-0.426045
0.0686969

0.0660841
-0.986685
0.148612
0.982846
1.03462e-05

0.265375
0.710933
-0.651268
0.435511
0.00909989

-0.265375
-0.710933
0.651268
0.847227
0.000695471

-0.457476
0.577569
-0.676113
0.956303
0.000177516

0.829129
0.0872384
0.552208
-0.709203
0.263417

-0.829129
-0.0872384
-0.552208
0.467485
0.0256905

-0.42664
0.406084
-0.80813
-1.07813
0.304946

0.42664
-0.406084
0.80813
0.835262
0.00193147

-0.222201
-0.899268
0.376755
0.608357
0.00598669

-0.536227
-0.125822
-0.834643
0.944309
0.000136316

-0.0669892
-0.288017
-0.955279
-0.922729
0.183907

0.0669892
0.288017
0.955279
0.958067
9.32052e-05
