
-0.302395
-0.671439
0.676555
0.636547
0.0101035

0.0829179
0.133229
-0.987611
0.980894
3.62959e-05

0.985027
0.00918681
-0.172154
0.893526
0.00111323

-0.985027
-0.00918681
0.172154
-2.47935
1.15632

0.958198
-0.156997
0.239183
-0.900192
0.31007

-0.958198
0.156997
-0.239183
0.612446
0.012909

0.309148
0.170095
-0.935679
0.639293
0.00962038

-0.411843
0.0813447
0.907617
0.674806
0.0126054

0.411843
-0.0813447
-0.907617
-2.26098
1.25271

-0.522444
0.735888
0.430722
0.568982
0.0132704

0.522444
-0.735888
-0.430722
-0.330207
0.12608

0.400838
-0.522404
0.752611
0.690414
0.0108055

-0.400838
0.522404
-0.752611
-2.0873
1.06497

-0.932364
-0.043539
-0.358891
-4.58481
4.54206

0.932364
0.043539
0.358891
0.870222
0.00261483

-0.282343
0.51026
0.812353
-10.156
56.4227

0.282343
-0.51026
-0.812353
-0.650295
1.23527

-0.321447
0.385271
0.865007
0.713948
0.0169499

0.321447
-0.385271
-0.865007
-6.15127
10.593

-0.441706
-0.660545
-0.607104
-3.25057
2.68846

0.441706
0.660545
0.607104
0.622856
0.0211847

-0.671124
-0.316094
0.670579
0.736439
0.00609073

0.671124
0.316094
-0.670579
-1.30921
0.46262

-0.252418
0.654727
0.712472
0.671318
0.00282458

-0.632633
-0.619275
-0.465052
-0.0822846
0.0936085

0.632633
0.619275
0.465052
0.254795
0.0444104

-0.191962
0.759323
0.621755
0.426512
0.0216318

0.191962
-0.759323
-0.621755
0.0565662
0.0585378

0.496662
0.527931
0.688924
0.866532
0.00488472

-0.496662
-0.527931
-0.688924
-10.6266
36.9943

0.0144014
0.540905
0.84096
0.751261
0.0139509

-0.0144014
-0.540905
-0.84096
-7.22397
15.2456

0.471328
-0.292652
0.831989
-2.28957
0.975513

-0.471328
0.292652
-0.831989
0.900504
0.000902643

-0.340364
-0.321867
-0.88349
-3.01215
10.6205

0.340364
0.321867
0.88349
-11.2872
99.5961

-0.675259
0.0789269
-0.733345
0.961191
5.92702e-05

0.350917
0.170919
-0.920676
-2.8966
1.85306

-0.350917
-0.170919
0.920676
0.777786
0.00602947

-0.493405
0.0388843
-0.86893
0.705248
0.00225674

0.493405
-0.0388843
0.86893
0.713981
0.00212598

-0.128159
-0.847974
0.514311
0.381625
0.0156524

-0.192307
0.550912
0.812105
0.833198
0.00159225

-0.286461
0.676327
-0.678618
-0.425858
0.277794

0.286461
-0.676327
0.678618
-0.673392
0.382536

-0.44802
-0.0820145
0.890254
-0.366656
0.121695

0.44802
0.0820145
-0.890254
0.675632
0.00686869

0.14753
-0.569086
0.808935
0.803041
0.0017908

-0.14753
0.569086
-0.808935
0.0110807
0.0435517

-0.716982
0.464008
-0.520225
0.727411
0.00610013

0.716982
-0.464008
0.520225
-1.10332
0.363125

-0.0608212
-0.575838
0.815298
-0.837136
0.18003

0.0608212
0.575838
-0.815298
0.925667
0.000297958

0.284631
-0.301394
-0.910026
-13.4691
64.5883

-0.284631
0.301394
0.910026
0.933943
0.00134647

-0.719721
0.208106
0.662339
0.583865
0.00691853

0.37181
-0.188415
-0.908987
-6.44574
10.786

-0.37181
0.188415
0.908987
0.826743
0.00592581

-0.638498
0.187118
-0.74653
0.168582
0.0347841

-0.348147
-0.0592564
-0.935565
-3.79489
2.86948

0.348147
0.0592564
0.935565
0.89134
0.00148785

0.507457
0.0252471
-0.861307
-1.40444
0.78206

-0.507457
-0.0252471
0.861307
0.116821
0.105521

0.142746
-0.256423
0.955966
0.502186
0.00906124

-0.142746
0.256423
-0.955966
0.660976
0.0042038

0.486605
-0.456438
-0.744903
-0.559893
0.24294

-0.486605
0.456438
0.744903
0.219587
0.06094

0.0668024
0.205274
-0.976422
-13.97
64.968

-0.0668024
-0.205274
0.976422
0.984817
6.7384e-05

0.941439
-0.0524801
-0.333074
0.0853893
0.0752699

-0.941439
0.0524801
0.333074
-0.129148
0.114705

-0.26211
0.0897203
0.960858
-1.97714
1.03829

0.26211
-0.0897203
-0.960858
0.602535
0.018701

0.96944
0.0761707
0.233206
-0.523347
0.124256

-0.96944
-0.0761707
-0.233206
0.862899
0.00101064

0.910683
-0.153709
-0.383445
-0.227946
0.111056

-0.910683
0.153709
0.383445
0.472901
0.02049

0.632794
-0.115425
-0.765669
-23.413
299.779

-0.632794
0.115425
0.765669
0.927367
0.00265647

0.153189
0.813569
0.560927
0.687943
0.0187008

-0.153189
-0.813569
-0.560927
-5.31912
7.64499

-0.459628
-0.641268
0.614425
0.604451
0.0113937

0.459628
0.641268
-0.614425
-0.449483
0.152777

-0.856898
-0.0301685
-0.514603
0.824633
0.00174882

0.581755
-0.283836
-0.762232
0.944246
8.78463e-05

-0.581755
0.283836
0.762232
0.18357
0.0178457

-0.611945
-0.322894
-0.721985
0.741046
0.00240646

0.623118
-0.311088
0.717599
0.759569
0.00154033

-0.864637
0.213197
0.454917
0.68113
0.0114325

0.864637
-0.213197
-0.454917
-2.07477
1.06263

0.351222
0.867616
-0.351974
0.966915
7.73172e-05

0.771145
-0.391058
0.502403
0.613402
0.00592893

-0.771145
0.391058
-0.502403
0.490368
0.0102781

0.319398
-0.889849
0.325811
0.452875
0.0128074

-0.254168
-0.208733
-0.944367
-0.425882
0.100013

0.254168
0.208733
0.944367
0.880368
0.000710673

0.146799
-0.951091
0.271801
0.402359
0.0218585

-0.146799
0.951091
-0.271801
0.204321
0.0387331

-0.558533
0.308137
-0.770125
0.974607
0.000464623

0.558533
-0.308137
0.770125
-36.6391
1015.72

0.260374
0.958655
-0.114832
0.860435
0.00250531

-0.663449
-0.444133
-0.602147
0.555642
0.00707183

0.663449
0.444133
0.602147
0.632028
0.00485105

0.222043
-0.943847
0.244641
0.143671
0.0177079

-0.222043
0.943847
-0.244641
0.970141
2.25866e-05

0.680196
-0.530696
0.505663
0.668998
0.00865442

0.134779
0.872436
0.469777
0.820337
0.00173377

-0.134779
-0.872436
-0.469777
-0.346962
0.0962672

-0.466905
0.257533
0.845977
0.801964
0.00861605

0.666133
-0.395604
-0.632269
0.85045
0.00139397

-0.666133
0.395604
0.632269
0.107495
0.032042

0.773266
-0.634081
0
-0.215219
0.248293

-0.773266
0.634081
0
-1.53545
1.00503

-0.606078
0.714256
0.35001
0.051492
0.0956331

0.606078
-0.714256
-0.35001
-0.478869
0.231474

-0.112583
-0.176086
0.977916
0.70103
0.0146026

-0.350348
-0.171958
0.920699
0.922084
0.002334

0.350348
0.171958
-0.920699
-17.1202
126.202

-0.000832304
0.480774
0.876844
0.559921
0.019448

0.000832304
-0.480774
-0.876844
-1.22789
0.494165

0.712044
0.166133
0.682197
-0.308256
0.204972

-0.712044
-0.166133
-0.682197
-0.403368
0.235829

0.233557
-0.839878
0.489955
0.485109
0.0186877

-0.233557
0.839878
-0.489955
-0.158507
0.0945937

0.873127
-0.350566
0.338753
0.0717084
0.118144

-0.873127
0.350566
-0.338753
-1.37641
0.774001

-0.909671
-0.0781159
0.407917
0.4239
0.0481764

0.909671
0.0781159
-0.407917
-2.42288
1.69895

0.547142
0.774386
-0.317745
0.530071
0.0122531

-0.547142
-0.774386
0.317745
0.187615
0.0365822

0.507855
0.34756
0.788217
0.898943
0.00160425

-0.507855
-0.34756
-0.788217
-2.68087
1.32372

0.604149
-0.345232
-0.718205
-0.882873
0.333328

-0.604149
0.345232
0.718205
0.492378
0.0242569

-0.384992
-0.306245
0.870629
0.80385
0.00598841

-0.355854
-0.0210226
-0.934305
-36.2376
1014.18

0.355854
0.0210226
0.934305
0.948919
0.00193565

0.985839
-0.078256
-0.148317
0.436594
0.0576714

-0.985839
0.078256
0.148317
-3.79288
4.17312

0.23054
-0.764464
-0.602035
0.0969275
0.0515325

-0.23054
0.764464
0.602035
0.44812
0.0192759

0.655627
-0.361022
-0.663187
-0.294223
0.166389

-0.655627
0.361022
0.663187
0.0319293
0.0931594

0.122835
-0.85425
-0.505142
0.264441
0.054491

-0.122835
0.85425
0.505142
-0.655007
0.27578

-0.584181
0.644487
0.493325
0.409242
0.0265247

0.584181
-0.644487
-0.493325
-0.192967
0.108145

-0.535508
-0.84453
0
-0.115074
0.18593

0.535508
0.84453
0
-1.42167
0.876923

-0.0551526
-0.21244
0.975616
0.977574
0.000362764

0.140018
0.263764
0.954371
0.100834
0.114409

-0.140018
-0.263764
-0.954371
-1.55056
0.917939

-0.721042
-0.407377
-0.560484
-5.93826
10.418

0.721042
0.407377
0.560484
0.610806
0.0328512

-0.732515
0.103542
-0.672831
-0.962122
0.317803

0.732515
-0.103542
0.672831
0.676894
0.00861896

-0.318559
-0.881646
-0.348168
0.318584
0.06671

0.318559
0.881646
0.348168
-2.09169
1.37184

-0.549922
0.708418
-0.442415
-0.615555
0.314275

0.549922
-0.708418
0.442415
-0.136429
0.155548

0.338341
0.122619
0.933001
0.661018
0.0106301

-0.338341
-0.122619
-0.933001
-1.22155
0.44998

-0.421547
-0.790654
-0.444032
0.542471
0.00993451

0.421547
0.790654
0.444032
0.379904
0.0182218

0.39969
-0.295289
-0.867786
0.849768
0.00142218

-0.59551
-0.0370152
-0.802495
-0.884875
0.263919

0.59551
0.0370152
0.802495
0.747712
0.00474976

-0.369404
0.138522
-0.918887
-0.922479
0.573882

0.369404
-0.138522
0.918887
-0.602684
0.398974

0.807229
-0.130181
0.575703
0.595847
0.032606

-0.807229
0.130181
-0.575703
-5.14717
7.52547

-0.554599
-0.62126
-0.553584
-0.669214
0.115176

0.554599
0.62126
0.553584
0.972426
3.19949e-05

0.501727
-0.158491
-0.850383
0.883611
0.000501813

-0.501727
0.158491
0.850383
0.159945
0.023828

-0.439716
0.814815
-0.377792
-3.6772
2.83784

0.439716
-0.814815
0.377792
0.849321
0.00295798

-0.65727
0.731354
0.181983
-0.145526
0.109993

0.320085
-0.494001
0.808399
0.995918
5.89175e-06

-0.320085
0.494001
-0.808399
-8.61309
16.6404

0.709016
0.598688
-0.372652
-0.199657
0.114925

-0.709016
-0.598688
0.372652
0.34307
0.0344873

0.299001
-0.0590108
-0.952426
-0.621123
0.128962

-0.299001
0.0590108
0.952426
0.920398
0.00031146

0.879592
0.384918
0.279564
0.812197
0.00214394

-0.199164
-0.204669
-0.958355
-0.426931
0.0758394

0.199164
0.204669
0.958355
0.9672
4.05723e-05

0.372513
0.293129
-0.880516
-9.0799
23.382

-0.372513
-0.293129
0.880516
0.909804
0.00187483

-0.814199
-0.207825
0.542114
-1.66295
0.762976

0.814199
0.207825
-0.542114
0.613244
0.0161992

0.547438
-0.13488
0.825905
0.65593
0.00854552

-0.547438
0.13488
-0.825905
-0.542964
0.171291

0.117428
0.883543
0.453389
0.794193
0.00280634

-0.50972
0.5189
0.686243
-0.543904
0.240529

0.50972
-0.5189
-0.686243
0.188486
0.0664568

-0.290197
-0.686644
-0.666562
0.988906
8.97972e-05

0.290197
0.686644
0.666562
-36.9678
1016.32

0.055105
0.345245
0.936893
0.828369
0.00973519

-0.055105
-0.345245
-0.936893
-12.9021
63.8554

0.476054
0.357588
0.803432
0.845645
0.0012378

-0.476054
-0.357588
-0.803432
-0.30628
0.0847957

-0.440784
-0.456373
0.772938
-3.29076
2.28765

0.440784
0.456373
-0.772938
0.828369
0.0036753

0.498548
0.278604
-0.820872
0.252045
0.0581017

0.823725
0.464874
0.324605
0.567318
0.0455343

-0.867308
-0.109787
0.485513
-2.21808
0.753699

0.867308
0.109787
-0.485513
0.973404
5.52866e-05

-0.74221
-0.193924
0.641496
0.669941
0.0082059

0.74221
0.193924
-0.641496
-0.670922
0.208597

-0.458821
0.458822
0.760898
0.783962
0.00857168

-0.839353
-0.543586
0
0.25909
0.0295412

0.839353
0.543586
0
0.656073
0.0080805

0.959787
0.141743
-0.242319
-0.0742915
0.129741

-0.959787
-0.141743
0.242319
-0.492218
0.250316

-0.154013
0.167985
0.973684
0.785461
0.00332593

-0.38251
0.469763
0.795618
0.1227
0.0336557

0.38251
-0.469763
-0.795618
0.764729
0.00242231

0.361341
-0.070083
0.929796
0.896561
0.00292095

-0.11787
-0.574317
-0.810103
-1.40449
0.576176

0.11787
0.574317
0.810103
0.621887
0.0142799

0.436252
0.134134
0.889771
-0.136016
0.0800112

-0.436252
-0.134134
-0.889771
0.616417
0.0092454

-0.404664
0.0101198
0.914409
-0.0297883
0.149482

-0.0902539
0.829782
0.550742
-2.76974
2.11063

0.0902539
-0.829782
-0.550742
0.495423
0.0378946

0.056462
0.923672
-0.379001
-1.11788
0.364888

-0.056462
-0.923672
0.379001
0.739597
0.00553639

0.476281
0.247336
0.84379
-29.0352
927.765

-0.476281
-0.247336
-0.84379
-1.45187
6.18273

0.402258
0.383283
0.831434
0.82408
0.00191899

0.17272
-0.442251
0.880103
-0.0199621
0.1582

-0.17272
0.442251
-0.880103
-1.64749
1.06387

-0.843343
0.537375
0
0.483715
0.0182033

-0.254529
0.334383
0.907415
0.907891
0.00173447

-0.0559445
-0.260931
0.963735
0.941984
0.00130573

0.0559445
0.260931
-0.963735
-17.2787
126.347

0.732046
0.359764
-0.578515
0.840096
0.0103383

-0.732046
-0.359764
0.578515
-16.6295
125.269

0.910272
0.117186
-0.397081
0.125927
0.0478385

-0.910272
-0.117186
0.397081
0.435997
0.0199228

-0.0465633
-0.243412
-0.968805
-23.1356
298.926

0.0465633
0.243412
0.968805
0.892731
0.00596611

-0.381778
-0.460187
-0.801544
-0.324088
0.100489

0.381778
0.460187
0.801544
0.763441
0.00328394

0.201615
0.561639
-0.802442
-0.247315
0.126256

-0.201615
-0.561639
0.802442
0.353392
0.0340526

0.724551
0.0220593
0.688868
0.524551
0.0506062

-0.724551
-0.0220593
-0.688868
-5.78539
10.2812

-0.383622
-0.26658
0.884177
0.356384
0.0367019

0.383622
0.26658
-0.884177
-0.448132
0.184935

-0.404147
-0.588814
-0.699974
-0.422862
0.16005

0.404147
0.588814
0.699974
0.493745
0.0202858

0.0679273
-0.622517
-0.779653
-3.71513
3.42043

-0.0679273
0.622517
0.779653
0.681258
0.0156428

0.355912
0.497071
-0.791357
-0.899083
0.211841

-0.355912
-0.497071
0.791357
0.897436
0.000627195

-0.361124
0.509994
0.780702
0.611683
0.00878417

-0.667277
0.685279
-0.291777
-0.017261
0.0757964

0.667277
-0.685279
0.291777
0.336369
0.03227

-0.557228
-0.709827
-0.430862
0.78916
0.00171891

0.557228
0.709827
0.430862
0.232151
0.0227676

-0.497407
0.373018
0.783227
0.670121
0.00606996

0.497407
-0.373018
-0.783227
-0.0537007
0.0618349

0.525995
0.0341129
-0.849803
-0.184127
0.10176

-0.525995
-0.0341129
0.849803
0.464607
0.0208173

-0.807009
-0.551912
-0.210068
0.986406
1.16537e-05

0.0554332
0.251716
-0.966212
0.147349
0.0368044

-0.0554332
-0.251716
0.966212
0.643156
0.00645759

-0.38777
-0.147293
-0.909912
-0.831635
0.498252

0.38777
0.147293
0.909912
-0.539073
0.351919

0.838616
0.544724
0
0.802527
0.0116081

-0.838616
-0.544724
0
-6.37475
10.3168

-0.0589728
-0.181878
0.981551
0.391381
0.0273678

0.0589728
0.181878
-0.981551
-0.109209
0.090894

-0.964459
-0.264234
0
0.678193
0.0287055

0.964459
0.264234
0
-7.04519
14.6708

-0.992293
-0.123912
0
-0.964522
0.232731

-0.555258
-0.0831648
-0.82751
0.807164
0.00262852

0.138985
0.161456
-0.977044
0.476192
0.0175322

-0.138985
-0.161456
0.977044
0.0588539
0.0561603

-0.226803
-0.170667
0.958871
0.940078
0.000147306

0.226803
0.170667
-0.958871
-0.297374
0.0652791

0.069835
0.70039
0.710335
0.903024
0.000514454

-0.069835
-0.70039
-0.710335
-0.634352
0.138112

0.0319944
-0.13641
-0.990136
0.634105
0.00637162

0.649623
-0.0586967
0.757987
0.538218
0.00568062

-0.649623
0.0586967
-0.757987
0.82919
0.000815107

-0.545188
-0.124964
-0.828947
-0.0294039
0.0992291

0.545188
0.124964
0.828947
-0.0873849
0.110696

-0.415695
0.440718
0.795591
0.0390306
0.103155

0.415695
-0.440718
-0.795591
-0.614811
0.290856

-0.662307
-0.0413506
0.748091
0.818566
0.00143543

-0.619508
0.203206
0.758233
0.622856
0.0211794

0.61604
0.124807
0.777765
0.897738
0.00408784

-0.61604
-0.124807
-0.777765
-16.9535
125.924

-0.967943
-0.217288
-0.125985
0.654055
0.00570696

0.967943
0.217288
0.125985
0.212802
0.0295404

0.367792
0.278631
0.887183
0.915867
0.00359625

0.516675
0.747909
-0.416749
-0.684933
0.209911

-0.516675
-0.747909
0.416749
0.68492
0.00736752

-0.227524
0.821281
-0.523193
-3.92176
4.24749

0.227524
-0.821281
0.523193
0.534035
0.038142

0.707086
0.707128
0
0.98404
0.00204181

-0.0660753
0.531858
0.844252
0.786395
0.00109925

0.0660753
-0.531858
-0.844252
0.660968
0.00276571

-0.103139
0.75219
0.650825
0.859894
0.0078693

-0.0799136
-0.29549
0.951998
0.88304
0.000433386

0.0799136
0.29549
-0.951998
0.22783
0.0188603

0.808314
-0.377337
-0.451935
0.508104
0.0104256

-0.808314
0.377337
0.451935
0.520325
0.00991556

0.085018
0.232527
-0.968867
-0.865551
0.168923

-0.085018
-0.232527
0.968867
0.958025
0.000109107

0.366069
0.704256
-0.60829
-23.1684
299.11

-0.366069
-0.704256
0.60829
0.897205
0.00543423

0.238969
0.734313
-0.635356
-2.00354
1.18162

-0.238969
-0.734313
0.635356
0.448332
0.0398908

-0.10651
-0.276004
-0.955237
0.0634642
0.0489564

0.503709
-0.432231
-0.747967
-1.11989
0.241363

-0.503709
0.432231
0.747967
0.959319
0.000102556

0.454727
-0.78633
0.418222
0.578698
0.0155691

0.103451
0.461621
0.881024
0.572731
0.0200683

-0.103451
-0.461621
-0.881024
-1.6198
0.75407

0.41312
-0.32116
0.852167
0.813178
0.00324443

0.06878
0.677831
0.731994
0.700644
0.0024525

0.0222393
-0.543348
0.839213
0.888605
0.00084558

0.162845
0.228306
0.959874
0.963286
0.000164498

-0.402252
0.842482
0.358353
9.05991e-05
0.0710716

0.930823
-0.357466
0.076065
0.974246
1.76415e-05

-0.930823
0.357466
-0.076065
0.00716257
0.0260863

0.423555
-0.8289
-0.365412
-0.49279
0.138782

-0.423555
0.8289
0.365412
0.763153
0.00375787

-0.149678
0.869045
0.471548
0.627758
0.00370823

0.265986
0.0909569
-0.959676
-4.50716
3.66003

-0.265986
-0.0909569
0.959676
0.965814
0.000160196

-0.264654
-0.870411
-0.415143
-0.612736
0.1556

0.264654
0.870411
0.415143
0.82408
0.001868

0.436919
-0.872703
-0.217924
-0.838897
0.302021

-0.436919
0.872703
0.217924
0.540276
0.0188864

-0.935017
-0.159217
0.316849
0.308277
0.0153869

-0.596201
0.0150144
-0.802694
-1.04895
0.505115

0.596201
-0.0150144
0.802694
0.163666
0.0841642

0.710056
0.409732
-0.572661
-2.00354
1.18141

-0.710056
-0.409732
0.572661
0.448332
0.0399464

-0.0283251
0.758413
-0.651159
0.990513
5.9519e-06

-0.351628
0.0469816
0.93496
0.954068
0.00153863

0.351628
-0.0469816
-0.93496
-36.3077
1014.77

0.0721546
0.120348
0.990106
-0.271784
0.108609

-0.0721546
-0.120348
-0.990106
0.605227
0.0106283

-0.414571
-0.883474
0.218185
0.924405
0.000192824

0.414571
0.883474
-0.218185
0.00775123
0.0328702

0.0701397
-0.540172
-0.838627
-1.95598
0.817546

-0.0701397
0.540172
0.838627
0.823744
0.00290727

-0.569579
0.255198
0.781315
0.457551
0.0180984

0.569579
-0.255198
-0.781315
0.13881
0.045427

0.179809
0.835342
-0.519492
0.468238
0.0255447

-0.696249
0.495679
-0.519172
-1.13312
0.633696

0.696249
-0.495679
0.519172
-0.118559
0.174336

-0.480196
-0.724887
-0.493914
0.766133
0.00204004

0.480196
0.724887
0.493914
0.336053
0.0162601

0.0389328
-0.567495
0.822456
0.923079
0.000662685

-0.0389328
0.567495
-0.822456
-3.25503
1.93203

-0.797447
-0.406006
-0.446361
0.205451
0.0473713

0.797447
0.406006
0.446361
0.0934091
0.0616694

0.00148002
0.145013
0.989429
-0.287229
0.715734

-0.00148002
-0.145013
-0.989429
-10.5851
57.9729

0.324299
-0.866761
-0.378888
0.932742
0.000187104

0.0902654
-0.0572327
0.994272
0.946408
0.000638611

-0.0902654
0.0572327
-0.994272
-9.29077
23.5138

-0.149156
0.705514
0.692822
0.774911
0.00350875

0.149156
-0.705514
-0.692822
-0.78049
0.21864

-0.0993567
-0.631012
0.769385
0.520403
0.022091

0.0993567
0.631012
-0.769385
-0.992891
0.379163

0.432712
-0.0226444
-0.901248
-1.47485
1.10303

-0.226449
-0.508049
0.831028
0.839514
0.000681106

0.0137512
-0.132301
-0.991114
-11.4359
37.5457

-0.0137512
0.132301
0.991114
0.984689
6.61102e-05

0.730556
0.682853
0
0.909448
0.0020231

-0.730556
-0.682853
0
-4.25147
3.51574

0.928717
0.370791
0
-0.284058
0.201412

-0.928717
-0.370791
0
-0.481341
0.26786

0.277572
-0.460625
0.843077
-0.991636
0.296544

-0.277572
0.460625
-0.843077
0.773531
0.00392169

-0.390967
0.405325
-0.826351
-6.77047
14.7906

0.390967
-0.405325
0.826351
0.543333
0.0512644

0.461778
0.153643
0.873587
0.102369
0.0960569

-0.461778
-0.153643
-0.873587
-0.909022
0.433459

0.920434
0.390898
0
0.221647
0.0745836

-0.920434
-0.390898
0
-1.20158
0.590959

0.615446
-0.155318
0.772724
-2.11645
1.80721

-0.615446
0.155318
-0.772724
-0.325528
0.327217

-0.0397586
-0.289642
-0.956309
-0.936167
0.268938

0.0397586
0.289642
0.956309
0.789573
0.00328171

0.721014
-0.0749985
0.68885
0.896587
0.00101462

0.224923
-0.12623
-0.966165
-0.65636
0.207106

-0.224923
0.12623
0.966165
0.653854
0.00905114

0.197123
-0.450286
0.870853
0.818596
0.00156567

-0.197123
0.450286
-0.870853
-0.124538
0.0594873

0.408087
-0.227034
0.884263
0.963813
0.000152529

-0.408087
0.227034
-0.884263
-4.08762
2.92984

0.0162838
-0.859628
-0.510661
0.411554
0.159534

-0.0162838
0.859628
0.510661
-15.2191
121.129

-0.448618
0.751851
0.483179
-2.41592
1.13029

0.448618
-0.751851
-0.483179
0.876686
0.00148998

0.716028
0.260373
0.647696
-3.03143
2.59221

-0.716028
-0.260373
-0.647696
0.452799
0.0478793

-0.793546
-0.593199
-0.135644
0.715828
0.00375319

0.793546
0.593199
0.135644
0.139517
0.0343782

-0.535833
0.0303864
-0.843777
-1.96695
1.32658

0.535833
-0.0303864
0.843777
0.162643
0.105681

0.85311
-0.398149
0.337165
-0.683301
0.326772

-0.85311
0.398149
-0.337165
0.0156457
0.111772

0.62841
-0.777883
0
-2.46992
1.93775

-0.62841
0.777883
0
0.187585
0.116957

-0.436401
0.187916
0.87991
0.56596
0.00547286

0.436401
-0.187916
-0.87991
0.759404
0.00168243

-0.0654275
0.62944
0.77429
-1.42184
0.525251

0.0654275
-0.62944
-0.77429
0.738227
0.0062223

-0.139143
0.807247
-0.573578
0.572284
0.0104899

-0.316891
0.643896
0.696404
0.693657
0.00812702

0.316891
-0.643896
-0.696404
-1.15755
0.403083

-0.63919
-0.295732
0.709914
-0.480311
0.311916

0.63919
0.295732
-0.709914
-0.748959
0.435305

0.0736736
0.243014
0.967221
-3.50531
3.98795

-0.0736736
-0.243014
-0.967221
0.172497
0.134579

-0.377461
-0.775542
-0.506022
-0.641869
0.375389

0.377461
0.775542
0.506022
-0.513152
0.318857

-0.047417
-0.347102
0.936628
0.87776
0.000613226

0.047417
0.347102
-0.936628
0.0530083
0.0333698

-0.290119
-0.509023
0.810387
0.45801
0.0741473

0.140462
0.0383495
-0.989343
0.0535111
0.209057

-0.140462
-0.0383495
0.989343
-4.4518
6.93592

-0.491211
0.212252
0.844785
0.901362
0.00383347

-0.592971
-0.47248
-0.652034
-0.168217
0.0817285

0.592971
0.47248
0.652034
0.662494
0.00683726

0.458823
-0.182087
-0.86967
-4.77034
4.61261

-0.458823
0.182087
0.86967
0.923176
0.000821495

0.88852
0.373998
0.265813
-2.31722
1.44748

-0.88852
-0.373998
-0.265813
0.546938
0.0270052

0.135493
0.217949
0.966509
0.940351
0.00109964

-0.135493
-0.217949
-0.966509
-13.5162
64.6225

0.0290866
-0.136829
0.990168
0.995337
1.58572e-05

0.241536
0.328171
0.913216
0.940457
0.000569806

0.266987
-0.775414
-0.572234
-0.212829
0.0518606

-0.266987
0.775414
0.572234
0.950746
8.78997e-05

0.534917
0.125947
0.835465
0.777103
0.00688132

-0.534917
-0.125947
-0.835465
-3.51366
2.78461

0.077601
-0.650833
-0.755245
-1.53636
0.59824

-0.077601
0.650833
0.755245
0.733837
0.00667114

0.435104
0.894472
0.102978
0.880813
0.00056889

-0.435104
-0.894472
-0.102978
-0.0726919
0.0460249

0.547208
0.758899
-0.353038
0.68192
0.00380589

-0.547208
-0.758899
0.353038
0.452058
0.0112639

-0.242457
0.51603
0.82154
0.674806
0.0125806

0.242457
-0.51603
-0.82154
-2.26098
1.25289

0.770422
-0.448373
-0.453223
-0.398544
0.167887

-0.770422
0.448373
0.453223
0.365678
0.0345806

0.309145
0.805302
-0.505883
-2.02124
1.04972

-0.309145
-0.805302
0.505883
0.639449
0.0149995

0.250846
-0.161622
0.954439
0.964787
8.28921e-05

-0.250846
0.161622
-0.954439
-1.77666
0.510594

-0.644759
0.764386
0
0.995168
5.90937e-07

0.467436
-0.327638
0.821071
-0.491695
0.17782

-0.467436
0.327638
-0.821071
0.517106
0.0187696

-0.417936
-0.632299
-0.652325
-23.7911
300.476

0.417936
0.632299
0.652325
0.963327
0.000667069

0.631462
0.0834975
-0.770898
0.144848
0.10209

-0.631462
-0.0834975
0.770898
-1.57968
0.927131

0.45482
-0.499965
0.737003
0.819336
0.0027464

-0.805392
0.196684
-0.559159
-6.06714
10.5268

0.805392
-0.196684
0.559159
0.675489
0.0222103

0.540536
0.711796
0.448517
0.506944
0.050097

0.209364
0.118538
0.970626
0.982132
5.94053e-05

-0.209364
-0.118538
-0.970626
-8.24772
15.8363

-0.733094
-0.317383
-0.601532
-2.20297
1.23814

0.733094
0.317383
0.601532
0.630559
0.0165448

0.560185
-0.755027
-0.340774
0.229861
0.0375306

-0.560185
0.755027
0.340774
0.335955
0.0279089

0.53395
0.834917
-0.133456
0.123193
0.0570201

0.522074
-0.330835
-0.786122
-3.09092
2.2281

-0.522074
0.330835
0.786122
0.72638
0.0099736

-0.164373
-0.116891
0.979448
0.945039
0.00114028

-0.672271
-0.112973
0.731634
-3.59725
4.04783

0.672271
0.112973
-0.731634
0.264439
0.103828

-0.09885
-0.368264
-0.924451
0.0988333
0.144837

0.09885
0.368264
0.924451
-2.69253
2.42115

0.408272
0.83504
-0.368813
0.891165
0.00061844

-0.408272
-0.83504
0.368813
-0.567337
0.126508

0.145948
-0.0235072
0.989013
0.986877
2.32365e-05

-0.145948
0.0235072
-0.989013
-5.72421
6.09178

-0.353918
-0.376448
-0.856171
-0.462146
0.101725

0.353918
0.376448
0.856171
0.902923
0.000489111

-0.0535554
0.452191
-0.890312
-0.380666
0.252715

0.113358
-0.16467
-0.979813
-5.83563
7.93161

-0.113358
0.16467
0.979813
0.884708
0.00227298

-0.289751
0.403423
0.867925
0.910443
0.00133986

0.289751
-0.403423
-0.867925
-5.93527
7.9739

0.891945
-0.353751
0.281593
0.137743
0.0782983

-0.891945
0.353751
-0.281593
-0.588139
0.265552

-0.101583
0.213256
0.971701
-0.755314
0.47761

0.101583
-0.213256
-0.971701
-0.755314
0.47761

-0.593954
-0.74157
-0.311918
-0.252325
0.113004

0.593954
0.74157
0.311918
0.514011
0.0170358

0.492447
0.261647
-0.830083
-0.308256
0.20485

-0.492447
-0.261647
0.830083
-0.403368
0.235717

0.0617777
-0.99809
0
0.840885
0.0025163

-0.0617777
0.99809
0
-1.83265
0.707159

-0.556026
0.806522
-0.200889
-0.646296
0.138602

0.556026
-0.806522
0.200889
0.909418
0.000421723

-0.0841351
-0.299824
-0.950277
-0.566282
0.305129

0.0841351
0.299824
0.950277
-0.258983
0.197281

0.525829
0.439231
0.728409
0.964556
9.77238e-05

-0.525829
-0.439231
-0.728409
-1.89759
0.577071

-0.269605
-0.300262
-0.914962
-2.13986
0.95242

0.269605
0.300262
0.914962
0.834066
0.00268012

0.165204
0.024772
0.985948
0.985164
3.63791e-05

-0.165204
-0.024772
-0.985948
-7.23205
11.1247

0.476532
-0.124635
0.870278
0.731936
0.00859425

-0.755289
0.122062
0.643925
0.868723
0.000846928

0.755289
-0.122062
-0.643925
-0.371772
0.0922704

-0.403676
0.126255
0.906148
0.548635
0.0451777

0.403676
-0.126255
-0.906148
-5.82622
10.3209

-0.0479818
-0.943915
-0.326685
-2.3936
1.94585

0.0479818
0.943915
0.326685
0.0920794
0.139322

0.0585676
0.747155
0.662064
0.787714
0.0075901

-0.0585676
-0.747155
-0.662064
-4.90193
5.82418

-0.845841
0.140427
0.514619
0.0345777
0.079541

0.845841
-0.140427
-0.514619
0.0345777
0.079541

0.331604
-0.364741
-0.870059
0.751696
0.00254017

-0.331604
0.364741
0.870059
0.244818
0.0232633

0.682442
-0.511573
0.522079
0.484635
0.0238108

-0.682442
0.511573
-0.522079
-0.721359
0.264964

-0.589896
0.807479
0
0.860124
0.000331451

-0.767618
0.164566
-0.619419
-0.21402
0.0472604

0.767618
-0.164566
0.619419
0.970192
3.02002e-05

-0.866523
-0.0121099
-0.49899
-0.968696
0.893887

0.866523
0.0121099
0.49899
-2.3666
2.61393
