
-0.218639
0.655917
0.722475
0.856974
0.00567485

0.218639
-0.655917
-0.722475
-10.5851
36.9363

0.789351
0.613942
0
0.958477
0.00398445

0.632084
-0.707539
-0.316003
-9.11393
34.5803

-0.632084
0.707539
0.316003
0.247722
0.191324

0.480825
-0.131681
0.866872
-0.505155
0.109499

-0.480825
0.131681
-0.866872
0.90477
0.000442888

0.383035
-0.129647
-0.914591
0.852394
0.00163333

-0.249653
0.294822
-0.922363
-0.517985
0.161667

0.249653
-0.294822
0.922363
0.687549
0.00894621

0.658235
0.732737
0.172694
0.0108438
0.0451961

-0.658235
-0.732737
-0.172694
0.778496
0.00226953

-0.705045
-0.709163
0
-2.35494
1.43081

0.705045
0.709163
0
0.579174
0.0271094

0.734842
0.447884
-0.509321
-0.306591
0.464547

-0.734842
-0.447884
0.509321
-4.82318
9.22401

0.0723268
-0.742047
-0.666434
0.199784
0.0395605

-0.547858
-0.532955
0.644833
0.447058
0.00778125

0.547858
0.532955
-0.644833
0.885538
0.000356552

0.347433
0.815311
0.463205
0.72985
0.00468818

-0.347433
-0.815311
-0.463205
-0.459484
0.135989

0.306632
-0.332229
0.891965
0.882744
0.000167046

-0.306632
0.332229
-0.891965
0.846133
0.000286181

-0.340064
-0.724783
0.599204
0.820102
0.000861427

0.692169
0.178475
-0.69932
-0.909022
0.433444

-0.692169
-0.178475
0.69932
0.102369
0.0959739

0.359662
-0.401974
0.842057
-9.90358
55.4667

-0.359662
0.401974
-0.842057
-0.892986
1.6725

0.172958
0.340673
0.924136
0.88748
0.00214553

-0.172958
-0.340673
-0.924136
-5.84572
7.93833

-0.631634
-0.234438
0.73897
0.725584
0.0059243

0.631634
0.234438
-0.73897
-0.934613
0.290532

-0.30887
0.82964
0.465078
0.708467
0.00532834

-0.145606
-0.905019
0.399675
-0.977929
0.651101

0.145606
0.905019
-0.399675
-0.794047
0.535683

-0.428669
0.24998
0.86819
0.194042
0.05729

0.428669
-0.24998
-0.86819
-0.2165
0.130509

-0.765339
-0.0879945
0.637584
0.426987
0.0529037

0.765339
0.0879945
-0.637584
-3.00231
2.57945

-0.655862
-0.157439
-0.738281
-2.12612
0.949715

0.655862
0.157439
0.738281
0.826927
0.00296558

-0.624739
0.222427
0.748484
0.680101
0.00132364

0.97767
0.210144
0
0.941792
0.000167501

-0.97767
-0.210144
0
-0.539542
0.104591

-0.0196013
-0.599628
-0.800039
0.831051
0.00214472

0.0196013
0.599628
0.800039
-1.15496
0.338998

0.823924
0.420269
0.380162
0.245438
0.0414125

-0.971136
0.238526
0
0.329052
0.106805

0.971136
-0.238526
0
-5.49413
9.99969

-0.349671
0.304088
-0.886149
-1.68577
0.959492

0.349671
-0.304088
0.886149
0.291775
0.0667238

-0.867818
0.496883
0
0.660511
0.0115512

-0.819734
-0.050172
0.570543
-1.25466
0.548025

0.819734
0.050172
-0.570543
0.460069
0.0315098

0.330152
-0.531683
-0.779944
0.673131
0.00294252

-0.330152
0.531683
0.779944
0.703286
0.00242493

0.524841
-0.247049
-0.81456
-3.22947
2.67984

-0.524841
0.247049
0.81456
0.608235
0.0230087

0.0222204
0.536825
-0.843401
-6.3556
10.7382

-0.0222204
-0.536825
0.843401
0.795678
0.00828803

0.805211
-0.321374
-0.498351
0.707448
0.00844015

-0.805211
0.321374
0.498351
-1.63297
0.680448

0.519245
-0.825124
0.222609
-1.44868
0.436863

-0.519245
0.825124
-0.222609
0.888786
0.000904373

-0.177497
0.27617
-0.944577
-0.81142
0.205989

0.177497
-0.27617
0.944577
0.845514
0.00157548

-0.59605
0.284629
-0.750807
0.126923
0.0458352

0.59605
-0.284629
0.750807
0.483386
0.0160489

-0.516844
-0.773572
0.366686
0.861481
0.000545757

0.516844
0.773572
-0.366686
0.400441
0.0101834

-0.0947506
-0.753679
-0.650378
0.931228
0.000140684

0.0947506
0.753679
0.650378
0.125857
0.0226555

-0.821275
0.13921
-0.553289
-1.32821
0.562255

0.821275
-0.13921
0.553289
0.544519
0.0215221

-0.885471
-0.464694
0
0.984902
0.000795219

-0.228831
0.821738
0.521903
-0.118841
0.12746

0.228831
-0.821738
-0.521903
-0.187674
0.143624

-0.55199
-0.813738
-0.182038
0.792323
0.00326878

0.55199
0.813738
0.182038
-1.09823
0.333279

-0.0065306
0.912454
0.409126
0.448763
0.00672809

0.0065306
-0.912454
-0.409126
0.923049
0.000137901

-0.260683
0.417242
0.870605
0.930286
0.000111064

0.260683
-0.417242
-0.870605
0.470683
0.00587473

-0.843477
-0.537165
0
0.408736
0.0392363

0.0209658
-0.273191
-0.961731
-5.29263
5.98648

-0.0209658
0.273191
0.961731
0.915633
0.00108788

-0.599855
-0.0164489
-0.79994
0.956276
0.000316811

0.599855
0.0164489
0.79994
-6.16371
8.04707

-0.252653
0.648831
0.717764
0.861866
0.0040433

0.252653
-0.648831
-0.717764
-7.56642
15.509

-0.234157
0.484851
0.842668
0.623693
0.0118887

0.234157
-0.484851
-0.842668
-0.832763
0.278924

0.302852
-0.640926
-0.705332
-0.558229
0.226087

-0.302852
0.640926
0.705332
0.33724
0.0410162

-0.689766
-0.0544198
0.721984
0.268619
0.0861044

0.689766
0.0544198
-0.721984
-2.53988
2.0127

0.0514299
0.547641
0.835131
0.874837
0.00187574

-0.0150594
-0.626524
-0.779257
-6.50884
14.4891

0.0150594
0.626524
0.779257
0.387035
0.0967627

0.918655
0.395061
0
-1.62396
0.529401

-0.918655
-0.395061
0
0.865485
0.00494083

-0.151376
-0.883123
0.444048
0.987083
1.2236e-05

0.865417
0.243624
-0.437838
-0.307073
0.157112

-0.865417
-0.243624
0.437838
0.19003
0.0603959

-0.994018
-0.109217
0
0.507282
0.0149933

0.137365
-0.500913
0.854527
0.833312
0.000956462

-0.137365
0.500913
-0.854527
0.286796
0.0172485

0.862272
-0.15797
0.481178
0.846236
0.0019768

-0.862272
0.15797
-0.481178
-1.09559
0.306309

-0.72157
-0.103204
0.684606
0.322514
0.0605405

0.72157
0.103204
-0.684606
-1.70997
0.966329

-0.498402
0.419397
-0.75875
0.167913
0.0200235

0.498402
-0.419397
0.75875
0.930428
0.000162464

0.360179
0.0701176
-0.930244
0.949028
0.000349497

-0.781604
-0.483754
0.393799
0.537223
0.00659124

0.033044
0.211085
0.976909
0.963405
0.000257313

0.326651
0.679871
0.656563
0.66844
0.0136381

0.723732
0.370544
0.582159
-0.882572
0.39287

-0.723732
-0.370544
-0.582159
0.226425
0.0663465

0.679825
0.654828
0.330209
-0.149352
0.046008

-0.725371
-0.1324
-0.675505
-4.00589
4.29325

0.725371
0.1324
0.675505
0.591357
0.0287144

-0.0774856
0.518612
0.851492
0.821672
0.00567794

0.0774856
-0.518612
-0.851492
-5.63558
7.8349

0.643192
0.164074
0.74792
-0.0156764
0.0526105

-0.643192
-0.164074
-0.74792
0.72448
0.00394019

-0.802407
-0.596777
0
0.125623
0.0369345

0.802407
0.596777
0
0.708571
0.00439687

-0.426809
-0.134807
0.894238
0.859403
0.000905396

0.426809
0.134807
-0.894238
-0.0932164
0.0511113

-0.448614
-0.397516
-0.800454
-4.97756
5.86199

0.448614
0.397516
0.800454
0.817767
0.00546554

-0.692827
0.036189
0.720195
0.44072
0.0219098

0.692827
-0.036189
-0.720195
-0.0665593
0.079373

0.248638
0.25124
-0.935445
-10.387
36.7241

-0.248638
-0.25124
0.935445
0.80627
0.0106314

-0.75286
0.558916
0.347585
-2.67439
1.78677

0.75286
-0.558916
-0.347585
0.638356
0.0173327

-0.778246
0.518637
0.354046
0.251534
0.0465071

0.778246
-0.518637
-0.354046
-0.156874
0.11106

0.31635
-0.654054
0.687121
-2.17541
0.664367

-0.31635
0.654054
-0.687121
0.989501
1.02883e-05

-0.15313
0.835448
0.527804
0.63272
0.0114979

0.15313
-0.835448
-0.527804
-0.918849
0.312453

0.234828
-0.963309
0.129968
0.225809
0.0271318

0.031872
0.419172
0.907347
0.0707165
0.0468148

-0.031872
-0.419172
-0.907347
0.631601
0.00746951

-0.595999
0.694657
-0.402787
-0.530762
0.222416

0.595999
-0.694657
0.402787
0.288386
0.0481041

-0.607382
-0.630831
0.482845
0.71306
0.014394

-0.25101
0.19075
0.949004
-0.481341
0.26774

0.25101
-0.19075
-0.949004
-0.284058
0.201269

0.952445
-0.123508
-0.278557
0.242806
0.0383426

-0.952445
0.123508
0.278557
0.242806
0.0383426

-0.100425
-0.944121
-0.313926
-0.580178
0.127118

0.100425
0.944121
0.313926
0.898658
0.000528576

0.0231145
0.411958
0.910909
0.0600314
0.106696

-0.0231145
-0.411958
-0.910909
-0.886449
0.428782

0.232073
0.518022
-0.823283
0.204767
0.0330312

0.139399
-0.422317
-0.895665
-2.02464
1.18787

-0.139399
0.422317
0.895665
0.469994
0.0365278

0.335973
0.73718
0.58625
0.374263
0.0282611

-0.401045
-0.879935
0.254712
0.864787
0.00592706

0.471474
-0.422618
0.774019
0.84007
0.00356958

-0.471474
0.422618
-0.774019
-4.04299
3.54698

0.917658
-0.116641
-0.379867
-0.237912
0.074247

-0.917658
0.116641
0.379867
0.842838
0.00139339

-0.880076
0.222201
0.419633
0.757917
0.00487076

0.880076
-0.222201
-0.419633
-1.23497
0.413174

0.0781312
-0.779992
0.620892
0.741631
0.00387475

-0.0781312
0.779992
-0.620892
-0.266795
0.0919812

0.244815
-0.697412
0.673559
0.67956
0.00636822

-0.244815
0.697412
-0.673559
-0.250689
0.0960028

-0.735629
-0.015673
0.677203
0.662494
0.00683869

0.735629
0.015673
-0.677203
-0.168217
0.081731

-0.647067
0.602327
-0.467446
-0.456459
0.227715

0.688808
0.717499
0.103631
0.729393
0.00708721

-0.688808
-0.717499
-0.103631
-1.6619
0.68562

0.715067
0.212594
-0.665945
-0.473784
0.145672

-0.715067
-0.212594
0.665945
0.693956
0.00634759

0.767215
0.572965
-0.288257
0.0345757
0.139503

-0.767215
-0.572965
0.288257
-1.68173
1.07635

-0.204661
-0.588363
0.782268
0.329415
0.0124866

0.3333
-0.899998
0.280919
0.611683
0.00877009

-0.3333
0.899998
-0.280919
-0.0153549
0.0598815

0.325883
0.14639
-0.934008
0.0402274
0.0875042

-0.325883
-0.14639
0.934008
-0.198895
0.136521

-0.770704
-0.000931024
-0.637193
0.0178198
0.041775

0.770704
0.000931024
0.637193
0.839538
0.00165638

0.0217078
0.124616
-0.991967
-1.7372
0.457389

-0.0217078
-0.124616
0.991967
0.980109
2.54759e-05

-0.741969
0.208158
0.637301
0.629434
0.00925242

0.741969
-0.208158
-0.637301
-0.330339
0.119033

0.105507
0.507484
0.855177
0.837212
0.00513279

-0.105507
-0.507484
-0.855177
-6.47819
10.8151

0.387541
0.0667354
-0.919434
-9.29784
23.5159

-0.387541
-0.0667354
0.919434
0.94746
0.000615144

0.0598004
0.501394
0.86315
0.788879
0.00284604

0.0854577
-0.21975
0.971806
0.712427
0.0214777

-0.0854577
0.21975
-0.971806
-8.39013
22.7281

-0.798752
0.384022
0.463166
0.122347
0.192428

0.798752
-0.384022
-0.463166
-5.24111
9.72574

-0.509663
0.129959
-0.850502
0.699574
0.00400106

0.509663
-0.129959
0.850502
0.234007
0.0259776

0.141974
0.78313
0.605435
0.833234
0.00602548

-0.141974
-0.78313
-0.605435
-7.46601
15.434

0.109392
0.140409
0.984032
0.973989
0.000249355

-0.109392
-0.140409
-0.984032
-17.6126
126.801

0.240745
-0.449442
0.860258
0.84059
0.00706754

-0.240745
0.449442
-0.860258
-10.5173
36.8779

0.84288
0.468585
0.264541
-1.74609
1.09863

-0.316521
-0.888562
-0.332073
-1.06196
0.365096

0.316521
0.888562
0.332073
0.670955
0.00930342

-0.858783
-0.170327
-0.483199
0.478979
0.0132885

0.858783
0.170327
0.483199
0.415879
0.0166919

0.467553
-0.112339
0.876797
0.847815
0.00248532

-0.467553
0.112339
-0.876797
-2.55521
1.31891

-0.701169
0.389937
0.596918
0.698166
0.0111158

0.701169
-0.389937
-0.596918
-2.51337
1.50519

-0.0623479
-0.289717
0.95508
0.883706
0.00281419

0.0623479
0.289717
-0.95508
-7.65119
15.5664

0.574141
0.388485
-0.720723
-1.40579
0.327649

-0.574141
-0.388485
0.720723
0.97245
4.51322e-05

0.0765291
0.295849
-0.952164
0.943675
0.00100047

0.0930488
-0.567838
-0.817864
-0.958761
0.250826

-0.0930488
0.567838
0.817864
0.855157
0.00137197

-0.358119
0.45046
-0.817824
-8.96071
23.2952

0.358119
-0.45046
0.817824
0.884479
0.00313427

-0.719686
0.335878
0.60765
0.957863
0.000227038

-0.347721
-0.626719
0.697362
0.803803
0.00311876

0.347721
0.626719
-0.697362
-1.29894
0.420866

-0.327908
0.542079
0.77371
0.199069
0.0301729

-0.538629
-0.786826
-0.301305
0.525855
0.0111066

0.538629
0.786826
0.301305
0.348861
0.0209328

-0.242291
-0.389156
-0.888737
0.829415
0.00214255

0.633558
-0.693739
0.342537
0.319253
0.0331156

-0.633558
0.693739
-0.342537
0.0492053
0.0645936

0.818218
0.0432117
0.573282
-0.204179
0.165072

-0.818218
-0.0432117
-0.573282
-0.376006
0.215503

0.545197
0.445853
0.709912
0.858679
0.000217028

-0.0387387
0.569368
-0.821169
0.313845
0.0507506

0.0387387
-0.569368
0.821169
-0.936608
0.40282

-0.193161
0.840213
0.506686
0.535167
0.0205341

0.605857
0.795574
0
0.932173
0.00250774

0.365318
-0.615901
-0.698004
0.862546
0.000319945

-0.28752
0.211244
0.934189
0.980758
0.000118328

-0.538656
-0.606899
-0.5844
-0.409891
0.16915

0.538656
0.606899
0.5844
0.385853
0.0321682

-0.273337
-0.282956
0.91936
0.369843
0.0589375

0.273337
0.282956
-0.91936
-2.36989
1.6779

0.436914
0.645048
0.626912
-0.324088
0.10034

-0.436914
-0.645048
-0.626912
0.763441
0.00321441

-0.513132
-0.813291
0.274322
-0.741179
0.31157

0.960378
-0.2787
0
-2.21807
1.85894

-0.960378
0.2787
0
-0.158506
0.2413

0.976351
-0.162873
0.142163
0.378985
0.0249478

0.029498
0.650392
0.759026
0.535168
0.0206039

-0.029498
-0.650392
-0.759026
-1.00511
0.381038

0.00940104
0.518329
0.85513
0.911149
0.00305997

-0.00940104
-0.518329
-0.85513
-17.0423
126.074

-0.121704
-0.344916
-0.93071
-1.09917
0.430902

0.121704
0.344916
0.93071
0.532936
0.0213351

-0.423969
0.640862
0.639958
0.409713
0.0238469

0.423969
-0.640862
-0.639958
0.00937676
0.067161

0.172144
0.44069
0.880999
0.67549
0.0189046

-0.172144
-0.44069
-0.880999
-4.65351
5.65972

0.749314
-0.286446
-0.597057
-0.12227
0.164788

-0.749314
0.286446
0.597057
-0.898378
0.471009

0.222433
0.685227
-0.693532
-0.188212
0.0967908

-0.222433
-0.685227
0.693532
0.535855
0.0147899

-0.719516
-0.0445791
-0.693043
-1.61677
1.38856

0.719516
0.0445791
0.693043
-1.00195
0.812963

0.309439
-0.0819483
-0.947381
-36.3507
1014.57

-0.309439
0.0819483
0.947381
0.95708
0.00136324

0.344274
0.317524
-0.883546
-0.814511
0.276664

-0.344274
-0.317524
0.883546
0.603016
0.0132592

-0.0180579
-0.72244
0.691198
0.961835
0.000328194

0.0461772
-0.55957
0.827496
0.846351
0.0065428

-0.0461772
0.55957
-0.827496
-10.5407
36.9047

-0.188282
0.689736
-0.699152
0.858865
0.000400958

0.188282
-0.689736
0.699152
0.714861
0.0015495

-0.603219
-0.643415
-0.471322
-4.66628
5.70167

0.603219
0.643415
0.471322
0.675984
0.0186486

0.529188
-0.234348
0.8155
-0.561864
0.388469

-0.529188
0.234348
-0.8155
-1.06554
0.679351

0.212434
0.0351553
-0.976543
0.102978
0.0672469

-0.212434
-0.0351553
0.976543
0.0110301
0.0816804

0.0397263
-0.499945
0.865145
0.808272
0.00166348

-0.0185302
0.970239
-0.241441
0.0408853
0.0622183

0.0185302
-0.970239
0.241441
0.402216
0.0241774

-0.275615
-0.50372
0.81872
0.722488
0.011605

0.275615
0.50372
-0.81872
-3.78832
3.45144

0.402722
-0.114091
0.908184
0.573883
0.0804102

-0.402722
0.114091
-0.908184
-15.6452
122.617

-0.488827
0.251826
-0.835244
0.823782
0.00765231

0.488827
-0.251826
0.835244
-8.72436
23.0779

0.73101
-0.634852
-0.250174
-0.338
0.073481

-0.73101
0.634852
0.250174
0.93035
0.000201645

-0.128661
-0.98946
0.0664548
0.863757
0.00224453

0.128661
0.98946
-0.0664548
-3.37671
2.31032

0.220124
-0.820884
-0.526968
0.191784
0.0378202

-0.220124
0.820884
0.526968
0.478814
0.0157352

-0.151509
0.521367
-0.839775
-16.794
125.626

0.151509
-0.521367
0.839775
0.871116
0.0065968

0.416617
-0.805586
0.421262
-1.13585
0.436842

-0.416617
0.805586
-0.421262
0.57433
0.0173605

0.379859
0.51306
-0.769725
0.737081
0.00322946

-0.972388
0.216439
0.0872724
0.759232
0.00333047

0.972388
-0.216439
-0.0872724
-0.320003
0.100078

0.0610504
-0.27708
0.958905
0.820833
0.00426974

-0.0610504
0.27708
-0.958905
-3.60807
2.81726

-0.109024
-0.994039
0
0.564323
0.0356952

0.457183
0.11812
0.881494
0.634121
0.0242442

-0.457183
-0.11812
-0.881494
-4.591
5.65704

0.762247
-0.17243
0.623897
0.356387
0.136656

-0.762247
0.17243
-0.623897
-9.29783
34.9474

-0.726787
-0.18178
0.662372
0.214358
0.0369149

0.726787
0.18178
-0.662372
0.425891
0.019754

0.53147
-0.631381
-0.56471
-3.53681
3.33836

-0.53147
0.631381
0.56471
0.565352
0.0306605

-0.361434
-0.360141
0.860037
0.874303
0.00298127

0.361434
0.360141
-0.860037
-6.60389
10.8872

0.44799
0.894038
0
-3.52985
4.84604

-0.44799
-0.894038
0
-0.370268
0.443583

-0.653853
-0.0568692
0.754481
0.751485
0.00441963

0.0521434
0.645895
-0.761644
0.548728
0.0120166

-0.0521434
-0.645895
0.761644
0.325365
0.0249321

0.71858
0.0905336
-0.689526
0.907219
0.000512662

-0.71858
-0.0905336
0.689526
-0.984462
0.23401

-0.241998
-0.530644
0.812314
0.926966
0.00398288

-0.234444
-0.591012
0.771842
0.889399
0.00163885

-0.179058
-0.697666
-0.693686
0.627694
0.0080488

0.179058
0.697666
0.693686
-0.0254018
0.0605246

-0.254168
-0.208733
-0.944367
-0.425882
0.100013

0.254168
0.208733
0.944367
0.880368
0.000710673

0.899847
-0.106293
0.423057
0.389221
0.0332072

-0.341469
-0.785339
-0.516373
0.976539
1.62434e-05

-0.775088
0.124512
0.619464
0.770138
0.0152774

-0.27643
-0.641031
-0.716007
-2.11082
1.57341

0.27643
0.641031
0.716007
0.0530746
0.14584

-0.887217
-0.301682
-0.349047
0.997401
8.80627e-07

-0.0207542
0.169176
0.985367
0.987902
0.000104153

0.967517
-0.252804
0
0.381661
0.036203

-0.967517
0.252804
0
0.268358
0.0464613

0.821173
-0.548927
-0.156055
-4.74302
7.20377

-0.821173
0.548927
0.156055
0.317119
0.101861

-0.395319
-0.0518437
0.91708
0.963431
0.000972837

0.395319
0.0518437
-0.91708
-36.4466
1015.15

0.839884
-0.416085
-0.348523
0.980298
1.5554e-05

-0.058572
-0.743846
-0.665779
0.856153
0.000708162

0.058572
0.743846
0.665779
0.229563
0.0200867

0.729605
-0.683869
0
0.97827
2.10841e-05

-0.729605
0.683869
0
-0.832892
0.145569

0.274088
0.796236
-0.539337
0.517941
0.0104491

-0.274088
-0.796236
0.539337
0.464416
0.0128957

0.71719
0.410534
0.563117
-1.24919
0.664857

-0.71719
-0.410534
-0.563117
0.0926032
0.108397

-0.0935613
0.109753
0.989546
0.791772
0.00411941

0.0935613
-0.109753
-0.989546
-1.75343
0.700102

-0.928246
0.294162
-0.227659
0.675402
0.00461538

0.928246
-0.294162
0.227659
0.291386
0.0219484

-0.311332
0.270873
-0.910879
-0.339557
0.0816874

0.311332
-0.270873
0.910879
0.894038
0.000523526

0.859654
0.510876
0
-0.513289
0.294795

-0.859654
-0.510876
0
-0.403274
0.253494

-0.630209
0.0680146
0.773441
0.662868
0.0204107

0.630209
-0.0680146
-0.773441
-4.64208
5.68405

-0.639152
-0.712556
-0.289392
0.324016
0.0255906

0.639152
0.712556
0.289392
0.40713
0.0196883

0.70241
0.3881
-0.596656
0.639294
0.00952627

0.349035
0.791349
-0.501938
-2.33637
1.45313

-0.349035
-0.791349
0.501938
0.563505
0.0249307

0.472056
-0.423501
0.773182
0.429419
0.0335293

0.339439
-0.319539
0.88469
0.856974
0.00564831

-0.339439
0.319539
-0.88469
-10.5851
36.9474

-0.811403
0.0505439
-0.582298
-0.965954
0.533375

0.811403
-0.0505439
0.582298
-0.213671
0.203373

-0.1892
-0.524968
0.829826
0.783621
0.00236701

0.342754
-0.704734
0.621184
0.565559
0.013829

0.28395
0.77998
0.557677
0.424133
0.0458625

-0.28395
-0.77998
-0.557677
-2.18817
1.40541

-0.781529
-0.271825
0.561537
-0.456093
0.127825

0.781529
0.271825
-0.561537
0.771853
0.00314222

-0.398032
-0.200448
-0.895205
-2.94947
1.86523

0.398032
0.200448
0.895205
0.804966
0.00463958

0.650912
-0.682158
0.333128
0.297874
0.0305971

-0.00113021
0.446166
0.894949
0.80322
0.00221888

0.00113021
-0.446166
-0.894949
-0.365405
0.102853

-0.61319
-0.216894
0.759576
-3.06112
2.21822

0.61319
0.216894
-0.759576
0.708626
0.0114293

-0.17046
-0.727148
0.664981
0.638267
0.00456932

0.17046
0.727148
-0.664981
0.583591
0.00603797

-0.901248
-0.0874351
-0.424391
0.514531
0.0130501

-0.903907
-0.404587
-0.138783
0.822687
0.000646623

-0.960546
-0.278121
0
0.887592
0.00380732

0.853578
0.102661
-0.51075
0.140135
0.0434535

-0.853578
-0.102661
0.51075
0.501781
0.0146218

-0.840857
-0.541258
0
-0.219478
0.11045

0.840857
0.541258
0
0.458009
0.0218971

-0.977945
0.121593
0.169822
0.359298
0.0181946

0.977945
-0.121593
-0.169822
0.617431
0.0064898

-0.414562
0.7081
0.571605
0.763436
0.0119849

0.286378
-0.308446
-0.90711
0.0805485
0.0289973

-0.286378
0.308446
0.90711
0.897839
0.000360846

-0.100423
-0.324881
-0.940408
-0.744599
0.337909

0.100423
0.324881
0.940408
0.138533
0.0826284

-0.805803
0.592184
0
0.891156
0.00173185

0.805803
-0.592184
0
-2.45198
1.12175

0.977779
0.0437109
0.205033
0.117849
0.0503496

-0.146861
0.171338
-0.974205
-6.78531
10.9781

0.146861
-0.171338
0.974205
0.918568
0.00120139

-0.643213
-0.697807
-0.315185
0.912234
0.00156923

0.643213
0.697807
0.315185
-7.77657
15.6395

0.420797
-0.0455275
-0.906012
0.330482
0.0118795

-0.420797
0.0455275
0.906012
0.914602
0.000230733

-0.646267
-0.507952
0.569494
0.313476
0.0443112

-0.55016
0.6866
-0.475295
-0.853935
0.168417

0.55016
-0.6866
0.475295
0.954183
0.000109044

-0.307321
0.209994
0.928147
0.989559
1.887e-05

0.307321
-0.209994
-0.928147
-5.18209
4.68754

0.795295
0.470126
0.382736
0.709723
0.00457285

-0.795295
-0.470126
-0.382736
0.0420563
0.0465955

0.25983
-0.862105
0.435044
0.601253
0.0042807

0.498381
-0.815157
-0.295186
0.993406
2.84686e-06

0.36567
-0.436238
-0.822181
0.973586
9.64921e-05

0.620813
0.0309277
-0.783348
0.988244
4.22546e-06

-0.518097
-0.238219
-0.821479
0.876686
0.00148539

0.518097
0.238219
0.821479
-2.41592
1.13038

-0.824866
-0.363605
-0.432884
0.32181
0.0264071

0.824866
0.363605
0.432884
0.38152
0.021973

0.447718
0.278365
0.849742
0.729006
0.00935213

-0.447718
-0.278365
-0.849742
-2.8109
1.82744

0.515147
0.0793362
0.853422
0.856975
0.00217785

0.192087
-0.546785
0.814941
0.682475
0.00656261

-0.192087
0.546785
-0.814941
-0.372347
0.122124

-0.00889309
-0.67078
-0.741603
0.967234
0.000233224

-0.144938
-0.277292
0.949791
0.646366
0.0244407

0.144938
0.277292
-0.949791
-5.23811
7.59091

0.242568
0.866389
0.436498
-0.0871594
0.148552

-0.242568
-0.866389
-0.436498
-0.813819
0.413363

-0.502725
0.581047
0.64004
0.444527
0.0324307

0.502725
-0.581047
-0.64004
-1.13027
0.47681

-0.709643
-0.319377
-0.628017
0.327431
0.0396432

0.709643
0.319377
0.628017
-0.377788
0.165746

-0.47757
-0.737542
-0.477451
-0.247896
0.119186

0.403221
-0.39423
0.82583
0.443024
0.100068

-0.403221
0.39423
-0.82583
-9.45872
35.2648

0.494181
-0.860187
0.125953
-0.308609
0.139708

-0.494181
0.860187
-0.125953
0.383679
0.0309927

0.566222
-0.724678
-0.392726
0.866838
0.00122112

-0.566222
0.724678
0.392726
-1.13059
0.309588

-0.379281
0.844666
0.377737
0.137743
0.0783174

0.379281
-0.844666
-0.377737
-0.588139
0.265565

-0.340699
0.568894
-0.748521
0.779526
0.00291769

-0.260686
0.695672
-0.66939
0.0387583
0.115636

-0.719387
0.658788
0.220181
-1.25541
0.415735

0.719387
-0.658788
-0.220181
0.773253
0.00420801

-0.279882
-0.583733
-0.762183
-1.81798
0.888158

0.279882
0.583733
0.762183
0.613443
0.0168312

-0.315495
0.186995
0.93032
0.94036
0.00137852

0.397541
0.37461
-0.837633
-7.32261
15.3177

-0.397541
-0.37461
0.837633
0.786942
0.0101278

-0.346342
0.425319
-0.836152
-6.80919
10.9877

0.346342
-0.425319
0.836152
0.923615
0.00105486

0.371822
0.85535
-0.360729
0.713948
0.0450644

-0.371822
-0.85535
0.360729
-22.1702
295.629

0.08045
0.51471
0.853582
0.841852
0.00410003

0.0162639
-0.384322
0.923056
0.786942
0.010048

0.402237
-0.610094
0.682635
0.0805531
0.260848

-0.402237
0.610094
-0.682635
-7.27506
21.1268

-0.337977
-0.357803
-0.870488
-3.22842
1.927

0.337977
0.357803
0.870488
0.915227
0.000813094

0.128392
-0.0462242
0.990646
0.991818
1.07989e-05

0.68047
0.254941
-0.686998
0.0361292
0.0819368

-0.68047
-0.254941
0.686998
-0.034097
0.09431

0.0849632
0.325939
-0.941565
-1.48671
1.27896

-0.0849632
-0.325939
0.941565
-1.20273
1.00353

-0.193725
-0.50195
-0.842922
-0.103337
0.0708006

0.193725
0.50195
0.842922
0.699656
0.00678899
