
-0.459123
-0.820106
-0.341514
0.552602
0.00993885

0.459123
0.820106
0.341514
0.309933
0.0236179

-0.357371
0.610216
0.707052
0.510166
0.0071157

-0.459517
0.599371
-0.655438
-0.0258791
0.116662

0.459517
-0.599371
0.655438
-0.512639
0.253614

-0.000537775
-0.118248
0.992984
0.377456
0.0206578

-0.459284
0.105792
0.881967
0.578697
0.015692

0.459284
-0.105792
-0.881967
-0.870601
0.306286

0.169522
-0.605586
-0.777514
0.343327
0.0151438

-0.169522
0.605586
0.777514
0.788006
0.00157937

-0.881874
-0.0143735
0.471266
0.0657557
0.0183717

-0.568083
0.513715
0.642946
0.576571
0.0360721

0.568083
-0.513715
-0.642946
-5.11434
7.50076

-0.31686
0.833894
-0.451908
-1.44077
0.396826

0.31686
-0.833894
0.451908
0.927815
0.000355855

-0.783789
0.588081
-0.199588
0.335282
0.0536595

0.783789
-0.588081
0.199588
-1.41167
0.706174

0.896593
0.442855
0
0.778389
0.00297737

-0.896593
-0.442855
0
0.508423
0.0100917

0.981051
0.0848694
-0.174173
-5.78231
13.4928

-0.981051
-0.0848694
0.174173
-0.216087
0.434087

-0.211768
0.204116
0.955767
0.785462
0.0155281

0.211768
-0.204116
-0.955767
-12.7304
63.5726

0.570918
0.693305
0.439751
0.955671
0.000108773

0.38306
-0.00928303
0.923677
0.904048
0.00121399

-0.48311
0.264547
0.834637
0.940511
0.000416665

-0.694995
0.141688
0.704916
0.64812
0.00757731

0.694995
-0.141688
-0.704916
-0.157838
0.0812319

0.672047
0.162602
-0.722436
0.955227
0.000279908

-0.672047
-0.162602
0.722436
-4.92126
4.64717

0.821424
-0.373571
0.430939
-5.0801
7.47695

-0.821424
0.373571
-0.430939
0.555871
0.039942

-0.190911
-0.491138
0.849904
0.99239
3.05895e-05

-0.0122457
0.40777
-0.913003
0.160503
0.0524947

0.0122457
-0.40777
0.913003
0.160503
0.0524947

0.194059
-0.0229986
0.98072
0.794193
0.0029093

-0.194059
0.0229986
-0.98072
-0.741707
0.200705

-0.22103
0.547505
-0.807083
-0.99624
0.541104

0.22103
-0.547505
0.807083
-0.148846
0.179411

0.48356
-0.856525
0.180374
0.561493
0.0157217

-0.48356
0.856525
-0.180374
-0.642685
0.220536

-0.58569
0.318374
0.745389
0.650752
0.0323577

0.58569
-0.318374
-0.745389
-8.23727
22.5558

0.943742
-0.225153
-0.242194
-0.655001
0.542648

-0.943742
0.225153
0.242194
-1.94224
1.71497

-0.721347
-0.364839
-0.588686
-0.527431
0.181342

0.721347
0.364839
0.588686
0.567281
0.01462

-0.107043
-0.994254
0
0.176874
0.136539

0.107043
0.994254
0
-2.75793
2.33185

-0.257529
0.459246
-0.85016
-4.53599
5.6229

0.257529
-0.459246
0.85016
0.601514
0.0291747

0.0244023
0.290825
0.956465
-1.09823
0.333223

-0.0244023
-0.290825
-0.956465
0.792323
0.00336929

0.165529
0.531286
-0.830865
0.975686
6.77878e-05

0.554931
-0.113876
-0.824065
-4.1375
5.35038

-0.554931
0.113876
0.824065
0.30929
0.0967722

0.969632
0.0576056
-0.237688
0.969021
4.11447e-05

0.980135
-0.0860546
0.178688
0.196779
0.0311922

-0.548639
0.828457
-0.112489
-2.11171
0.745323

0.548639
-0.828457
0.112489
0.94886
0.000207631

0.470459
0.829775
0.300236
-0.217689
0.068177

0.679847
-0.178702
0.711248
0.885283
0.000781783

-0.679847
0.178702
-0.711248
-0.757643
0.175725

0.546983
-0.703601
-0.453603
-1.14006
0.400675

-0.546983
0.703601
0.453603
0.677729
0.00912071

0.238859
0.191355
0.952013
0.953377
0.000247062

0.892563
0.319645
-0.318055
0.462494
0.0189605

-0.892563
-0.319645
0.318055
0.0123121
0.0639696

-0.733215
-0.267099
0.625343
0.721512
0.0125607

0.733215
0.267099
-0.625343
-4.22937
4.40668

-0.171514
0.166203
0.971061
-0.405
0.0990532

0.171514
-0.166203
-0.971061
0.866002
0.000905349

-0.0805312
0.219893
-0.972194
-1.68907
0.559384

0.0805312
-0.219893
0.972194
0.895935
0.000838665

0.361648
0.378128
-0.852191
-0.484012
0.137842

-0.361648
-0.378128
0.852191
0.754666
0.00385831

-0.0796467
-0.509221
0.856943
0.868403
0.000337357

-0.814173
-0.488608
-0.313662
0.864795
0.000631075

0.814173
0.488608
0.313662
0.194269
0.0221709

0.742901
-0.645816
0.176128
-0.460051
0.18612

-0.742901
0.645816
-0.176128
0.377305
0.0338606

0.53649
-0.408253
0.738585
0.576479
0.0130946

-0.53649
0.408253
-0.738585
-0.380692
0.138125

-0.285255
-0.0401001
-0.957613
-1.27968
0.29389

0.285255
0.0401001
0.957613
0.961881
8.45089e-05

0.865202
0.302333
-0.400024
0.986962
7.44906e-06

-0.865202
-0.302333
0.400024
-0.61041
0.0943017

-0.580342
0.419017
0.698303
0.898734
0.000881294

0.580342
-0.419017
-0.698303
-1.96287
0.729425

-0.328193
0.502439
0.799903
0.912234
0.00156778

0.328193
-0.502439
-0.799903
-7.77657
15.64

-0.0626797
0.93434
0.350827
-1.28548
0.747326

0.0626797
-0.93434
-0.350827
-0.0870364
0.169104

0.485544
-0.171396
-0.857246
0.14573
0.0431649

-0.485544
0.171396
0.857246
0.489909
0.015413

0.0427036
0.562651
0.825591
0.729723
0.00512555

-0.00429178
0.275186
0.961381
0.966694
5.16254e-05

0.00429178
-0.275186
-0.961381
-0.839857
0.156388

-0.878174
0.315879
-0.359208
0.693425
0.00353084

0.878174
-0.315879
0.359208
0.437593
0.0118453

-0.976509
0.168584
0.134197
0.353406
0.0326024

0.976509
-0.168584
-0.134197
-0.164669
0.105767

0.288329
-0.534347
-0.794569
-0.632109
0.343786

-0.288329
0.534347
0.794569
-0.301105
0.218583

-0.939831
-0.341639
0
0.347278
0.031346

0.939831
0.341639
0
0.00838435
0.0713948

-0.483426
-0.452034
0.749643
0.824469
0.0125681

-0.533257
0.117187
-0.837797
-6.4622
10.7977

0.533257
-0.117187
0.837797
0.832101
0.00553686

0.287237
0.805905
0.517699
0.902006
0.000667198

-0.404409
-0.669786
-0.622767
-2.77242
1.35612

0.404409
0.669786
0.622767
0.928777
0.000499998

0.214725
-0.296426
-0.930605
0.369106
0.0185321

-0.352672
-0.919817
-0.17193
0.189275
0.128591

0.352672
0.919817
0.17193
-3.52154
3.99913

0.345647
-0.917126
-0.198512
0.947313
0.000348378

0.177549
0.538211
0.823896
0.707768
0.0055355

-0.177549
-0.538211
-0.823896
-0.394169
0.123803

-0.605315
0.12272
-0.786469
-0.0613056
0.0568162

0.605315
-0.12272
0.786469
0.750201
0.00314956

-0.263022
0.448132
-0.854398
0.965349
5.05716e-05

-0.95772
-0.287701
0
-0.111699
0.0550165

0.882124
0.086423
0.46302
0.179562
0.05972

-0.882124
-0.086423
-0.46302
-0.210225
0.129897

0.208848
-0.0245631
0.97764
0.509625
0.0309353

0.27716
0.149296
0.949154
0.941807
0.00103743

-0.27716
-0.149296
-0.949154
-13.5273
64.646

0.24853
-0.757741
-0.603375
0.749705
0.00185175

-0.24853
0.757741
0.603375
0.586248
0.00499985

-0.263576
0.20864
-0.941805
-0.120303
0.0453277

0.263576
-0.20864
0.941805
0.928032
0.000189345

0.120519
0.0415335
0.991842
0.591595
0.0363804

-0.120519
-0.0415335
-0.991842
-5.90253
10.3902

0.140537
0.424555
-0.894429
-10.1933
36.4653

-0.140537
-0.424555
0.894429
0.74815
0.0184908

0.588571
0.522748
0.6167
0.647544
0.00715091

0.609702
0.792631
0
-2.13341
0.304231

-0.609702
-0.792631
0
0.365745
0.320842

0.770786
-0.0518502
-0.634981
-2.45127
1.29878

-0.770786
0.0518502
0.634981
0.795798
0.0045497

-0.548891
-0.127396
-0.826129
-2.06545
0.939496

0.548891
0.127396
0.826129
0.793188
0.00427845

-0.0626052
0.72031
-0.690821
-2.35278
1.9263

0.0626052
-0.72031
0.690821
0.037787
0.158706

-0.51705
-0.855955
0
0.892938
0.000606012

0.51705
0.855955
0
0.0867543
0.029873

0.967849
-0.251534
0
0.496263
0.0266886

-0.967849
0.251534
0
-0.804843
0.299031

-0.417918
-0.0554273
0.906792
0.886837
0.0016598

0.417918
0.0554273
-0.906792
-3.78114
2.86352

-0.707798
-0.649347
-0.278156
0.835262
0.00191814

0.707798
0.649347
0.278156
-1.07813
0.304953

-0.674557
-0.12878
0.726903
-1.51594
0.538454

0.674557
0.12878
-0.726903
0.804058
0.00332437

0.0139675
-0.318694
0.947755
0.940463
0.000220255

-0.0139675
0.318694
-0.947755
-1.29369
0.321646

0.883164
-0.43808
-0.167654
-4.05697
4.3225

-0.883164
0.43808
0.167654
0.623861
0.0239199

0.212216
0.31619
0.924656
0.878118
0.000295781

-0.59056
0.105533
0.800064
0.841537
0.00214364

0.528283
0.592249
0.608406
0.704409
0.0025319

-0.528283
-0.592249
-0.608406
0.637675
0.00380367

0.304981
-0.739224
0.600446
0.741623
0.00228462

-0.304981
0.739224
-0.600446
0.471473
0.00943756

0.806444
-0.113415
0.580332
0.82694
0.000919185

0.418102
0.83976
0.346401
0.775341
0.00261079

-0.418102
-0.83976
-0.346401
-0.00912619
0.0484764

0.052908
-0.635348
0.770411
0.731828
0.0303995

-0.052908
0.635348
-0.770411
-16.1631
124.124

0.793769
-0.410077
0.449186
-5.53244
6.05422

-0.793769
0.410077
-0.449186
0.963422
0.000194322

0.49197
-0.488753
-0.720476
-0.865796
0.225675

-0.49197
0.488753
0.720476
0.83919
0.00172312

-0.546363
-0.543463
0.637288
0.75587
0.0040888

0.546363
0.543463
-0.637288
-0.696804
0.196895

-0.189579
-0.688311
-0.700206
-4.64208
5.68473

0.189579
0.688311
0.700206
0.662868
0.0203922

0.584314
-0.685824
0.433846
0.96029
0.000232517

-0.376775
-0.393473
0.838582
0.861628
0.000820992

0.376775
0.393473
-0.838582
-0.00606263
0.040683

0.120908
0.408839
0.904562
0.616725
0.00227857

0.85795
-0.4315
-0.278801
-3.39638
3.26767

-0.85795
0.4315
0.278801
0.457275
0.04982

-0.0187965
-0.223017
0.974633
0.972808
6.20926e-05

0.0187965
0.223017
-0.974633
-2.7458
1.1722

0.534894
0.81804
-0.211422
0.507588
0.0152683

-0.254211
-0.629026
0.734645
0.0467975
0.0784929

0.254211
0.629026
-0.734645
-0.00270915
0.0868538

-0.707107
-0.707107
0
-0.341646
0.517659

0.707107
0.707107
0
0.53338
0.32772

-0.0205613
-0.905771
-0.423268
-0.696656
0.304823

0.0205613
0.905771
0.423268
0.201623
0.0682479

0.513378
-0.857627
0.0303068
0.818192
0.000992188

-0.513378
0.857627
-0.0303068
0.441108
0.00936554

-0.172695
0.0775365
0.981919
0.9559
0.00095801

0.89419
-0.382877
0.232011
0.850005
0.00197929

-0.0136035
-0.850547
-0.525723
0.00838435
0.0705561

0.0136035
0.850547
0.525723
0.347278
0.0306084

0.984359
0.125738
-0.123401
0.463545
0.0230975

-0.984359
-0.125738
0.123401
-0.403789
0.158141

-0.834401
-0.551157
0
0.162643
0.121609

0.834401
0.551157
0
-1.96695
1.27964

0.359073
-0.147065
0.92165
-0.423771
0.236829

-0.359073
0.147065
-0.92165
-0.189844
0.167049

0.543607
-0.185122
-0.81867
-0.0420425
0.173146

-0.543607
0.185122
0.81867
-1.82685
1.27224

-0.382467
-0.549736
0.742636
-0.944324
0.199048

0.382467
0.549736
-0.742636
0.944917
0.000161767

-0.932854
0.255246
0.254229
0.195596
0.0146395

0.932854
-0.255246
-0.254229
0.972364
1.83363e-05

-0.352387
0.736408
0.577518
0.72638
0.0100163

0.427248
0.512661
0.74474
0.220517
0.118021

-0.427248
-0.512661
-0.74474
-3.5524
4.01809

0.590786
0.665257
0.456515
0.481798
0.0278045

-0.590786
-0.665257
-0.456515
-1.16007
0.482243

-0.429311
-0.0226847
-0.902872
-3.70371
2.8459

0.429311
0.0226847
0.902872
0.859484
0.00254115

-0.0341832
-0.0999387
0.994406
-0.485266
0.289572

0.0341832
0.0999387
-0.994406
-0.485266
0.289572

-0.110796
-0.486337
-0.866718
-0.951311
0.250238

0.110796
0.486337
0.866718
0.850509
0.00147575

0.916917
0.399079
0
0.400216
0.0270349

-0.916917
-0.399079
0
-0.149881
0.099143

-0.444158
0.2554
-0.858775
-2.13986
0.952448

0.444158
-0.2554
0.858775
0.834066
0.0026778

0.222676
-0.880904
-0.417641
-1.79882
0.991836

-0.222676
0.880904
0.417641
0.42723
0.0415872

0.703356
0.00976119
-0.71077
-12.8705
63.8042

-0.703356
-0.00976119
0.71077
0.820886
0.0106456

-0.130941
0.529797
0.837955
0.925098
0.000268041

0.130941
-0.529797
-0.837955
-0.359846
0.0783143

-0.390076
-0.545502
0.741801
0.753912
0.00175398

0.381188
0.275051
-0.882634
-0.340864
0.134756

-0.381188
-0.275051
0.882634
0.51729
0.0176117

0.877669
-0.326317
-0.35102
-0.558229
0.226008

-0.877669
0.326317
0.35102
0.33724
0.0409146

0.383597
-0.24601
0.890131
0.962251
0.000273733

0.200685
-0.854187
-0.479678
-1.51238
0.364935

-0.200685
0.854187
0.479678
0.975919
3.68871e-05

-0.930598
0.175525
0.321212
0.317
0.0161622

0.672413
-0.550172
-0.495149
-0.540278
0.300028

-0.672413
0.550172
0.495149
-0.32809
0.223086

0.583452
-0.485207
0.651274
0.849321
0.002982

-0.583452
0.485207
-0.651274
-3.6772
2.83676

0.721192
-0.160829
-0.673807
0.834499
0.00765204

-0.721192
0.160829
0.673807
-10.4931
36.8474

-0.641082
-0.0372361
-0.766569
-1.28548
0.747233

0.641082
0.0372361
0.766569
-0.0870364
0.169246

0.49158
0.870833
0
-0.323746
0.135595

-0.49158
-0.870833
0
0.490019
0.0219179

0.226696
-0.905029
0.359906
0.987094
7.78424e-06

0.585319
-0.396968
0.706978
0.98253
1.29785e-05

-0.585319
0.396968
-0.706978
-0.755711
0.125146

0.9793
0.0864303
-0.183033
0.699089
0.00647493

-0.9793
-0.0864303
0.183033
-0.638294
0.191781

0.433772
-0.498583
-0.750505
0.681302
0.00457395

-0.849931
0.390416
-0.353826
-0.555401
0.196717

0.849931
-0.390416
0.353826
0.526536
0.0182529

0.00999999
0.582165
0.813009
0.869663
0.00403402

0.408087
-0.227034
0.884263
0.963813
0.000152529

-0.408087
0.227034
-0.884263
-4.08762
2.92984

0.248882
-0.73728
0.628073
-1.7763
0.985559

-0.248882
0.73728
-0.628073
0.401869
0.0457817

-0.0380266
0.0522651
0.997909
-1.12314
0.308883

0.0380266
-0.0522651
-0.997909
0.862607
0.00137188

0.738322
0.665298
0.110722
-0.652821
0.859453

-0.738322
-0.665298
-0.110722
-5.40146
12.89

-0.0656375
-0.205396
0.976475
0.930964
0.000205139

0.0656375
0.205396
-0.976475
-0.404882
0.083961

-0.330983
-0.0663969
0.941298
0.835333
0.00180262

0.330983
0.0663969
-0.941298
-0.796519
0.204901

0.233318
0.366738
0.900592
0.767526
0.00314169

-0.233318
-0.366738
-0.900592
-0.367095
0.108626

-0.581761
0.679268
0.44738
0.799289
0.00209058

0.581761
-0.679268
-0.44738
-0.22122
0.0766335

0.397095
-0.578692
-0.712342
0.163666
0.0841733

-0.397095
0.578692
0.712342
-1.04895
0.505114

0.945823
0.195432
0.259279
0.960234
7.42866e-05

-0.412011
-0.240175
-0.878956
-0.930843
1.116

0.412011
0.240175
0.878956
-4.36346
8.60662

-0.117021
-0.34438
0.931509
0.939038
0.00050046

-0.994575
-0.104022
0
0.901082
0.00084647

0.994575
0.104022
0
-1.829
0.637351

0.380293
0.623546
-0.683057
-0.707773
0.306249

-0.380293
-0.623546
0.683057
0.2219
0.0636959

0.223837
-0.21496
0.950626
0.484635
0.0239587

-0.223837
0.21496
-0.950626
-0.721359
0.265057

-0.919492
0.393108
0
0.655821
0.0240718

0.919492
-0.393108
0
-2.97871
2.08398

-0.211051
0.51992
0.827733
0.745941
0.0132547

0.211051
-0.51992
-0.827733
-6.22655
10.6409

0.471783
-0.426543
0.771675
0.824469
0.0125714

0.705888
0.529676
0.470282
0.419362
0.0175675

-0.705888
-0.529676
-0.470282
0.401359
0.0186731

-0.141106
0.888802
0.436027
0.496728
0.0295415

0.141106
-0.888802
-0.436027
-1.54587
0.736448

-0.563771
-0.540315
-0.624677
-0.907013
0.336842

0.563771
0.540315
0.624677
0.523249
0.0210738

0.208544
0.403009
0.891119
0.875161
0.00425603

-0.208544
-0.403009
-0.891119
-10.6655
37.0318

-0.611555
-0.784152
-0.105382
0.427294
0.0202768

0.611555
0.784152
0.105382
0.16042
0.0435341

0.324752
0.295354
0.8985
0.684821
0.0103034

-0.324752
-0.295354
-0.8985
-1.74727
0.78021

-0.441407
0.770959
0.45911
0.826116
0.00222306

0.441407
-0.770959
-0.45911
-0.724057
0.186363

0.641347
0.320782
0.696974
-0.0742915
0.129773

-0.641347
-0.320782
-0.696974
-0.492218
0.25034

-0.813647
0.411296
-0.41087
-0.537905
0.208462

0.813647
-0.411296
0.41087
0.408828
0.0308408

-0.647124
0.736503
-0.196961
-1.28526
0.246944

0.647124
-0.736503
0.196961
0.992797
2.49566e-06

0.0509742
-0.314252
-0.94797
0.995259
8.99966e-07

-0.0509742
0.314252
0.94797
-0.592115
0.0831686

-0.460382
-0.790904
0.403137
-0.006145
0.136905

0.460382
0.790904
-0.403137
-1.19253
0.649858

-0.330723
0.544344
0.770916
0.989175
9.42265e-06

-0.311046
0.813036
-0.492162
0.0847905
0.123667

0.311046
-0.813036
0.492162
-1.71457
1.08776

0.0608217
-0.292024
0.954475
0.957385
6.19627e-05

-0.0608217
0.292024
-0.954475
-0.203763
0.0492891

0.432455
-0.841047
0.324995
0.912579
0.00031906

-0.432455
0.841047
-0.324995
-0.246138
0.0637607

-0.157709
0.689993
-0.706426
0.966725
5.87882e-05

-0.924018
-0.382349
0
0.0192523
0.122896

-0.188093
-0.213758
-0.958608
-0.88069
0.30761

0.188093
0.213758
0.958608
0.590427
0.0147694

-0.236122
0.739907
0.629908
0.744471
0.00819926

0.236122
-0.739907
-0.629908
-2.83695
1.83563

0.096782
0.854815
-0.509828
0.884479
0.00167946

-0.129934
0.207082
0.969657
0.973238
0.000138778

0.527895
0.18732
0.828395
0.138533
0.0825689

-0.527895
-0.18732
-0.828395
-0.744599
0.337882

0.375306
-0.722927
0.580105
0.316852
0.0642387

0.822646
-0.138348
-0.551464
-0.618607
0.190043

-0.822646
0.138348
0.551464
0.678111
0.00756395

0.947533
0.319659
0
0.581926
0.0126483

-0.947533
-0.319659
0
0.217124
0.0368266

0.657882
-0.0618379
0.750578
0.712672
0.00881578

-0.657882
0.0618379
-0.750578
-1.94223
0.91501

0.124941
-0.12874
-0.983776
-3.36395
2.73032

-0.124941
0.12874
0.983776
0.695502
0.0134608

-0.506526
0.835955
0.211213
0.768642
0.00346022

0.506526
-0.835955
-0.211213
-0.598536
0.16493

-0.505157
-0.75757
0.413406
-1.56491
1.16472

0.505157
0.75757
-0.413406
-0.525765
0.412263

-0.712365
-0.2179
0.667125
0.68384
0.0261689

0.712365
0.2179
-0.667125
-8.3171
22.6542

-0.924174
-0.00176778
0.381968
-0.72102
0.162106

0.924174
0.00176778
-0.381968
0.895363
0.000601431

0.428628
0.270713
-0.86197
-11.7835
61.5552

-0.428628
-0.270713
0.86197
0.445162
0.115972

-0.798571
0.479603
0.363683
0.955487
0.000217258

0.245224
0.397807
-0.88409
-2.11291
1.37872

-0.44601
-0.375341
-0.812523
0.945578
0.000234806

-0.751236
-0.0489753
-0.658214
0.456308
0.0138372

0.751236
0.0489753
0.658214
0.485298
0.0124027

-0.401035
-0.545911
0.73563
0.760441
0.010604

0.401035
0.545911
-0.73563
-5.47766
7.74694

-0.622141
0.378743
-0.685197
-4.1271
4.35648

0.622141
-0.378743
0.685197
0.665776
0.0186025

-0.613369
0.747654
0.254543
0.709238
0.00517218

0.613369
-0.747654
-0.254543
-0.312975
0.105282

-0.495511
-0.0544517
0.866893
0.907425
0.00198644

-0.566726
0.823906
0
0.467598
0.0151604

0.566726
-0.823906
0
0.31616
0.0250067

-0.622858
0.0843377
-0.777776
0.857351
0.000775207

0.622858
-0.0843377
0.777776
0.0758532
0.0325224

0.926119
-0.334444
0.1745
-0.492218
0.250319

-0.926119
0.334444
-0.1745
-0.0742915
0.129746

0.859228
0.395349
0.324695
-1.55263
0.822904

-0.859228
-0.395349
-0.324695
0.328693
0.0569455

-0.300274
0.325667
-0.896536
-9.00362
23.3276

0.300274
-0.325667
0.896536
0.893993
0.00262098

-0.76389
0.0147583
-0.645178
-1.39777
1.0918

0.76389
-0.0147583
0.645178
-0.919561
0.699828

0.699258
0.648985
0.299762
0.242313
0.0186378

-0.699258
-0.648985
-0.299762
0.869039
0.000567351

0.684131
-0.281466
0.672861
0.429845
0.00728049

-0.684131
0.281466
-0.672861
0.928304
0.000132505

-0.424985
-0.277543
0.861602
0.981616
6.42501e-05

-0.18971
0.0492754
-0.980603
-2.61851
1.15752

0.18971
-0.0492754
0.980603
0.94492
0.000300141

0.66581
-0.681116
-0.304596
0.339884
0.0651164

-0.785971
-0.406922
0.465472
0.267758
0.0344372

0.785971
0.406922
-0.465472
0.282175
0.0330978

-0.441859
0.198061
-0.874947
-5.69778
10.202

0.441859
-0.198061
0.874947
0.470196
0.0638916

-0.396455
0.899661
-0.18285
0.109848
0.0466813

0.396455
-0.899661
0.18285
0.518733
0.0136499

0.687361
0.166207
-0.707044
-0.811378
0.192596

-0.687361
-0.166207
0.707044
0.883078
0.00134555

-0.606806
0.0199643
0.794599
0.771367
0.00378789

0.102542
-0.532894
0.839946
0.863226
0.00163377

0.046177
-0.517328
-0.85454
-0.884556
0.227118

-0.046177
0.517328
0.85454
0.851509
0.00147122

0.301201
-0.839797
0.451686
-0.810165
0.221174

-0.301201
0.839797
-0.451686
0.798871
0.00275288

-0.663487
0.723725
0.189754
-0.856594
0.944892

0.663487
-0.723725
-0.189754
-3.75284
6.19217

0.26374
-0.118983
-0.957227
0.580566
0.0151567

-0.26374
0.118983
0.957227
-0.795439
0.274423

0.106488
-0.0530457
-0.992898
-9.62039
23.6293

-0.106488
0.0530457
0.992898
0.983938
6.37284e-05

0.800652
0.323187
0.504487
0.623861
0.0239622

0.486475
-0.79644
0.359201
0.886787
0.000761303

-0.486475
0.79644
-0.359201
-0.435731
0.100943

0.113777
-0.439622
-0.890947
-0.457047
0.107319

-0.113777
0.439622
0.890947
0.875036
0.000790537

0.191391
0.422841
0.885762
0.51729
0.0577842

-0.784883
-0.619644
0
0.342181
0.0571747

0.784883
0.619644
0
-1.28469
0.605479

0.0912452
-0.339145
-0.936298
-8.97541
23.3055

-0.0912452
0.339145
0.936298
0.887788
0.00295273

0.614767
0.733499
-0.289899
-1.6051
0.549905

-0.614767
-0.733499
0.289899
0.855772
0.00169254

0.708904
-0.456321
0.537797
-1.55554
1.31358

-0.708904
0.456321
-0.537797
-1.01918
0.820121

-0.561346
0.215768
0.798959
-7.08957
11.0731

0.561346
-0.215768
-0.798959
0.970083
0.000172076

-0.878069
-0.478535
0
0.745196
0.00502111

-0.992183
0.0772893
-0.097974
0.668728
0.00910852

0.992183
-0.0772893
0.097974
-0.953827
0.316791

0.311702
-0.506781
0.80375
0.77721
0.00640382

-0.331302
-0.374392
0.866065
-3.71984
4.12832

0.331302
0.374392
-0.866065
0.375888
0.0721868

0.785252
-0.476635
0.39522
0.609715
0.00711546

0.616548
0.108194
-0.779848
-5.93826
10.4149

-0.616548
-0.108194
0.779848
0.610806
0.0329077

-0.242464
0.544641
-0.802856
-2.2926
1.10793

0.242464
-0.544641
0.802856
0.818834
0.00342177

-0.498323
-0.0866958
-0.862646
0.867765
0.00199999

-0.891405
0.00310443
-0.453197
-0.950348
0.791412

0.891405
-0.00310443
0.453197
-1.8085
1.64091

-0.413065
0.045705
-0.909554
-4.86852
5.80497

0.413065
-0.045705
0.909554
0.773569
0.00875233

0.626312
0.751134
0.20864
0.337261
0.0234564

-0.626312
-0.751134
-0.20864
0.450647
0.0161193

0.496928
-0.629889
-0.59691
0.407412
0.0645096

-0.496928
0.629889
0.59691
-3.75715
4.15001

-0.0892808
0.816787
-0.56999
0.893622
0.000854118

0.0892808
-0.816787
0.56999
-1.5668
0.493423

-0.823501
0.313959
-0.47252
-0.775489
0.271847

0.823501
-0.313959
0.47252
0.556128
0.0170018

-0.381176
0.636198
-0.670789
0.994621
6.08377e-06

0.381176
-0.636198
0.670789
-7.36934
11.1406

0.248022
0.086586
-0.964877
-1.06875
0.615789

-0.248022
-0.086586
0.964877
-0.251479
0.225634

-0.328665
0.0360163
-0.94376
-0.858716
0.282001

0.328665
-0.0360163
0.94376
0.651776
0.0100523

-0.68412
0.352612
-0.63847
-0.0384766
0.0899938

0.68412
-0.352612
0.63847
0.145741
0.0609352

0.267189
-0.957865
0.105377
-1.72613
0.563175

-0.267189
0.957865
-0.105377
0.91123
0.000597737

0.0514031
-0.478055
0.876824
0.871112
0.00231472

0.0212351
0.430708
-0.902242
0.698864
0.0041667

0.0224513
0.00966449
-0.999701
-0.307991
0.104975

-0.0224513
-0.00966449
0.999701
0.703403
0.00541331

0.578615
-0.779066
0.241373
0.854301
0.00106568

-0.723753
-0.690059
0
-2.51337
1.4927

0.723753
0.690059
0
0.698166
0.0123197

0.210829
-0.402807
0.890673
0.918986
0.00332342

-0.210829
0.402807
-0.890673
-23.3404
299.602

-0.643469
0.509433
0.571337
0.449903
0.0458259

0.643469
-0.509433
-0.571337
-2.71866
2.08986

-0.459695
-0.60954
-0.645865
-2.5822
1.32519

0.459695
0.60954
0.645865
0.859844
0.00203723

0.87501
-0.484104
0
0.327979
0.0267508

-0.87501
0.484104
0
0.474776
0.0171079

-0.712613
0.401596
-0.575242
0.996935
2.7137e-07

-0.890265
0.304097
-0.339048
-2.03212
0.65666

0.890265
-0.304097
0.339048
0.964975
9.00563e-05

0.344036
0.151338
0.92668
0.805125
0.00228866

-0.344036
-0.151338
-0.92668
-0.539644
0.141463

0.725498
0.044555
-0.686781
-0.754602
0.269265

-0.725498
-0.044555
0.686781
0.529459
0.0194645

-0.163292
-0.0331724
-0.98602
0.859371
0.000584039

0.163292
0.0331724
0.98602
0.367673
0.0117811

0.104554
-0.598614
0.794185
0.87258
0.00143806

-0.104554
0.598614
-0.794185
-1.90249
0.721759

0.441242
-0.814519
-0.376648
-1.8055
1.1186

-0.441242
0.814519
0.376648
0.213681
0.0879217

-0.564285
0.154495
0.810995
0.705777
0.00666043

0.564285
-0.154495
-0.810995
-0.838903
0.259203

-0.833297
0.552826
0
0.995307
3.57434e-06

0.833297
-0.552826
0
-5.84206
6.1029

0.844912
-0.42404
-0.326057
-2.29839
1.26092

-0.844912
0.42404
0.326057
0.701427
0.0106187

0.743171
-0.257067
0.617749
-0.187674
0.143728

-0.743171
0.257067
-0.617749
-0.118841
0.127566

0.0395574
0.999217
0
0.436594
0.0576915

-0.0395574
-0.999217
0
-3.79288
4.17278

0.470964
0.616053
-0.631404
-0.638521
0.179416

-0.470964
-0.616053
0.631404
0.755407
0.00404883

0.920337
0.391125
0
0.94499
0.00180263

-0.0343681
0.116469
0.9926
0.98853
4.47334e-05

0.0343681
-0.116469
-0.9926
-14.0315
64.9417

-0.324409
-0.29624
0.898332
0.195485
0.174974

0.324409
0.29624
-0.898332
-6.24067
14.1444

0.47708
0.729859
-0.489592
0.0547217
0.0386116

-0.189496
0.560846
-0.805942
-3.92482
3.50249

0.189496
-0.560846
0.805942
0.790301
0.00643012

0.302001
0.498257
0.812733
-1.79882
0.991503

-0.302001
-0.498257
-0.812733
0.42723
0.0417089

-0.815766
-0.578382
0
-5.62003
7.60037

0.815766
0.578382
0
0.81611
0.00852902

-0.0212882
0.720317
0.693318
0.541645
0.00552172

0.0212882
-0.720317
-0.693318
0.936526
0.00036697

-0.71923
0.603969
-0.343408
-0.119366
0.0747182

0.71923
-0.603969
0.343408
0.642456
0.00764084

0.560441
-0.2688
-0.783359
-1.77973
0.786566

-0.560441
0.2688
0.783359
0.709855
0.00858046

-0.178599
-0.340211
-0.923233
-3.06044
1.62068

0.178599
0.340211
0.923233
0.942615
0.000324527

-0.66032
-0.624659
0.416868
-4.91792
5.83473

0.66032
0.624659
-0.416868
0.794292
0.00705519

-0.316638
0.841972
0.436833
0.585927
0.0174577

-0.484669
0.775641
-0.404324
0.73921
0.00282346

0.484669
-0.775641
0.404324
0.253124
0.0230184

-0.516143
0.542142
0.663082
0.363456
0.0308816

0.10097
0.858754
0.502342
0.660924
0.0244307

-0.10097
-0.858754
-0.502342
-6.03685
10.5005

-0.0622502
0.118059
0.991053
0.996205
1.21301e-06

0.337932
0.523049
-0.782446
0.103498
0.0480908

-0.337932
-0.523049
0.782446
0.574141
0.012211

-0.220739
-0.373512
0.900979
0.922206
0.0018948

0.391322
-0.747832
-0.536297
-12.8377
63.7399

-0.391322
0.747832
0.536297
0.812903
0.011685

-0.539928
-0.373403
0.754352
0.35433
0.0353345

0.539928
0.373403
-0.754352
-0.341058
0.151927

0.699105
-0.0974283
0.70835
0.70102
0.00583725

-0.699105
0.0974283
-0.70835
-0.432877
0.134006

-0.333793
0.508004
0.794049
0.442567
0.0111342

0.333793
-0.508004
-0.794049
0.718582
0.00284113

0.450074
-0.152536
0.879867
0.932251
0.00230146

-0.450074
0.152536
-0.879867
-23.4574
299.89

-0.1835
-0.637419
0.748348
-1.11975
0.222569

0.1835
0.637419
-0.748348
0.977028
2.80872e-05

-0.675299
0.684312
0.275114
0.20066
0.0322117

-0.268472
-0.0883924
0.959223
0.959791
0.000117793

-0.184335
-0.927774
0.324433
0.0345757
0.139529

0.184335
0.927774
-0.324433
-1.68173
1.0763

0.239482
0.478879
-0.844585
-3.33202
3.2316

-0.239482
-0.478879
0.844585
0.402359
0.0617309

0.161309
0.00102883
0.986903
0.976893
8.98702e-05

0.933407
0.0221152
-0.358138
0.969816
0.00011157

-0.933407
-0.0221152
0.358138
-4.53241
3.66894

0.230983
-0.723925
0.650062
0.650787
0.00261277

-0.230983
0.723925
-0.650062
0.852236
0.000489857

0.142737
-0.898943
0.41416
0.93945
0.000363763

0.555002
0.55801
-0.616926
0.277052
0.0224293

-0.441774
0.00928198
0.897078
0.878074
0.00137917

-0.445821
-0.591106
0.672189
0.716719
0.00712779
