
-0.271256
-0.212287
-0.938805
-9.29788
149.469

0.271256
0.212287
0.938805
-22.17
756.67

0.802168
0.597098
0
0.473748
0.0367804

-0.802168
-0.597098
0
-1.52505
0.724575

-0.787877
-0.344256
0.510624
-0.204629
0.145666

-0.321132
0.865328
-0.384814
0.35639
0.193095

0.321132
-0.865328
0.384814
-15.0904
120.651

0.715732
0.231735
0.658807
0.797733
0.0033893

0.110232
0.802567
0.586289
0.680276
0.00502891

-0.110232
-0.802567
-0.586289
0.124747
0.0376512

-0.749099
0.662458
0
0.0697353
0.0743095

0.749099
-0.662458
0
0.112499
0.0680335

0.927104
0.252851
-0.276666
-0.695183
0.22626

-0.927104
-0.252851
0.276666
0.626015
0.0110261

-0.56265
-0.289253
0.77444
0.659261
0.0351163

0.56265
0.289253
-0.77444
-9.94143
36.0838

-0.830694
0.524414
-0.186916
0.832101
0.00242751

-0.955681
-0.294404
0
-0.748959
0.435385

0.955681
0.294404
0
-0.480311
0.312056

0.504136
0.472025
0.723215
-2.21265
0.963822

-0.504136
-0.472025
-0.723215
0.868884
0.00164569

0.397391
-0.711811
0.579141
-0.31361
0.099709

-0.397391
0.711811
-0.579141
0.752543
0.00354129

0.715834
0.639115
0.281271
0.70685
0.0022581

0.576829
-0.337384
-0.743935
-1.53006
0.816678

-0.576829
0.337384
0.743935
0.29915
0.0628388

0.178301
0.880238
0.439762
0.740228
0.00446399

0.645638
0.0662519
-0.760765
-1.20298
0.288431

-0.645638
-0.0662519
0.760765
0.937358
0.000583069

-0.251799
0.0874191
0.963823
0.833739
0.00198756

0.251799
-0.0874191
-0.963823
-0.998091
0.274533

-0.910901
0.00777414
-0.412553
-5.37485
9.87481

0.910901
-0.00777414
0.412553
0.236148
0.141795

-0.456572
-0.889686
0
0.796181
0.00120039

0.456572
0.889686
0
0.822451
0.000973633

-0.0722275
0.0582974
0.995683
0.989492
5.23333e-05

0.0722275
-0.0582974
-0.995683
-24.2297
301.119

0.362508
0.553291
-0.749971
-0.863089
0.423871

-0.362508
-0.553291
0.749971
0.0145588
0.118745

-0.324145
0.316396
0.891529
0.898307
0.00098327

0.324145
-0.316396
-0.891529
-2.47084
1.13917

-0.8564
-0.468224
-0.217588
0.156954
0.0691788

0.8564
0.468224
0.217588
-0.403608
0.191735

0.166679
0.615619
0.770215
0.838592
0.00559668

-0.166679
-0.615619
-0.770215
-7.48401
15.4527

0.387993
0.804789
-0.449195
-0.641217
0.205631

-0.387993
-0.804789
0.449195
0.636547
0.0101194

-0.15943
0
-0.987209
-12.3593
62.8716

0.15943
0
0.987209
0.673844
0.0374955

0.0290662
-0.512779
-0.858028
0.993283
3.93592e-06

-0.860544
-0.339442
-0.379795
-0.293216
0.27108

0.860544
0.339442
0.379795
-1.49463
1.00851

0.236456
-0.36824
0.89916
0.930865
0.00111201

-0.236456
0.36824
-0.89916
-9.19391
23.4373

0.211714
0.216146
0.953131
0.0255023
0.0693162

-0.211714
-0.216146
-0.953131
0.307248
0.0350336

0.599537
-0.0684663
-0.797413
0.530287
0.0223401

-0.599537
0.0684663
0.797413
-1.20123
0.489598

0.0614087
-0.85644
-0.512581
-0.918925
0.247799

-0.0614087
0.85644
0.512581
0.829209
0.00236901

-0.207027
0.42147
0.882894
0.233794
0.057108

0.207027
-0.42147
-0.882894
-0.501772
0.2187

-0.773201
-0.516906
-0.367382
-0.678999
0.417995

0.773201
0.516906
0.367382
-0.678999
0.417995

-0.95142
-0.307896
0
0.907891
0.0037501

-0.185656
-0.0615991
-0.980682
-0.291539
0.250813

0.185656
0.0615991
0.980682
-1.18268
0.716111

-0.812298
0.0909813
-0.576103
-0.118837
0.12755

0.144706
0.780632
0.608008
0.669941
0.00988815

-0.144706
-0.780632
-0.608008
-1.2312
0.451541

-0.282698
0.833481
-0.474753
-0.653503
0.148237

0.282698
-0.833481
0.474753
0.88614
0.000717524

0.0983287
-0.455676
0.884698
0.875693
0.000904072

-0.0983287
0.455676
-0.884698
-0.741413
0.174709

0.399867
0.503426
0.765943
0.649799
0.00499022

-0.399867
-0.503426
-0.765943
0.410616
0.0141305

-0.75725
0.147307
-0.636296
0.261864
0.0522669

-0.0407559
0.339838
-0.939601
-10.8692
37.2222

0.0407559
-0.339838
0.939601
0.915236
0.00190972

0.0308139
-0.680542
-0.732061
-8.05305
22.3298

-0.0308139
0.680542
0.732061
0.566799
0.0511448

0.471005
0.882131
0
0.86865
0.00258261

-0.471005
-0.882131
0
-3.7286
2.83284

-0.0369179
0.957955
-0.284533
-0.255352
0.142714

0.0369179
-0.957955
0.284533
0.177337
0.0613027

-0.84521
0.0334701
0.533386
-23.3655
299.63

0.84521
-0.0334701
-0.533386
0.921934
0.00308939

0.867146
0.121364
0.48304
0.0853893
0.0753071

-0.867146
-0.121364
-0.48304
-0.129148
0.114742

0.871181
-0.490961
0
0.310876
0.0300627

0.285632
-0.692182
-0.662796
0.937261
0.000258495

-0.285632
0.692182
0.662796
-1.28464
0.321009

0.612872
0.317301
0.723677
0.745236
0.00400721

0.23055
-0.893069
-0.386359
-2.86171
1.84317

-0.23055
0.893069
0.386359
0.758645
0.00722042

0.804145
0.0939138
0.586967
-0.419384
0.0943653

-0.804145
-0.0939138
-0.586967
0.899999
0.000488021

-0.453894
0.0335573
-0.890424
-3.14492
3.12833

0.453894
-0.0335573
0.890424
0.221673
0.110384

-0.193186
0.321173
0.927107
0.833234
0.00607164

0.193186
-0.321173
-0.927107
-7.46601
15.4258

0.411078
-0.817259
-0.403859
0.862899
0.00101914

-0.411078
0.817259
0.403859
-0.523347
0.12428

-0.364539
0.805988
-0.466364
0.0248257
0.0662356

0.364539
-0.805988
0.466364
0.375888
0.02716

0.49475
-0.244384
0.833966
-0.126334
0.0337534

-0.49475
0.244384
-0.833966
0.987349
9.58744e-06

-0.0141538
0.709895
-0.704165
-7.69298
21.805

0.0141538
-0.709895
0.704165
0.369887
0.114743

0.997691
-0.0311312
-0.060369
0.870727
0.00227271

-0.997691
0.0311312
0.060369
-4.12695
3.57396

0.459117
-0.202822
0.864913
0.639935
0.0394016

-0.459117
0.202822
-0.864913
-9.89193
36.0182

0.764595
0.300757
-0.570035
-0.491695
0.177739

-0.764595
-0.300757
0.570035
0.517106
0.0186912

0.898712
0.234519
-0.370564
0.672519
0.003797

-0.898712
-0.234519
0.370564
0.526136
0.0079186

-0.501127
-0.384446
-0.775289
-1.36714
0.428463

0.501127
0.384446
0.775289
0.846195
0.0018618

0.501247
0.446897
0.740969
0.409979
0.013029

-0.501247
-0.446897
-0.740969
0.71089
0.00313025

-0.91857
0.207076
0.336674
0.194042
0.0573145

0.91857
-0.207076
-0.336674
-0.2165
0.130533

0.622117
-0.534294
-0.572276
0.945771
8.26368e-05

-0.262202
-0.132037
-0.955938
0.409321
0.113731

-0.891986
-0.0252195
-0.451358
0.698837
0.00683961

0.891986
0.0252195
0.451358
-0.762787
0.233262

-0.540514
0.419098
-0.729521
-1.50927
0.594088

0.540514
-0.419098
0.729521
0.712933
0.0077846

0.473297
0.31668
0.822012
0.795213
0.0104125

-0.473297
-0.31668
-0.822012
-8.62915
23.0009

-0.866194
0.213965
-0.451583
0.548634
0.00842472

0.866194
-0.213965
0.451583
0.51458
0.00974377

-0.556818
-0.441813
-0.703388
0.589278
0.00635238

0.556818
0.441813
0.703388
0.571026
0.00692376

-0.143205
-0.503236
0.852201
-2.22212
0.964352

0.143205
0.503236
-0.852201
0.873055
0.00159286

0.849909
0.065679
0.52282
-0.0341671
0.140981

-0.849909
-0.065679
-0.52282
-1.05339
0.555466

0.592925
0.100371
0.798978
0.812073
0.000973894

-0.592925
-0.100371
-0.798978
0.537592
0.00583035

0.344373
-0.46668
-0.814627
-2.46562
3.16456

-0.344373
0.46668
0.814627
-1.54617
1.70842

0.0768529
0.98234
0.170594
0.0688088
0.134178

-0.0768529
-0.98234
-0.170594
-1.89988
1.30115

-0.969797
0.0958077
0.224308
0.496494
0.0269075

0.969797
-0.0958077
-0.224308
-1.28531
0.55406

0.654184
0.678507
-0.334172
-0.0779148
0.057556

-0.654184
-0.678507
0.334172
0.769661
0.00264056

-0.849253
-0.0713948
-0.523136
-1.4624
0.398394

0.849253
0.0713948
0.523136
0.935635
0.000282712

0.573771
0.521066
-0.631884
-2.26098
1.25371

-0.573771
-0.521066
0.631884
0.674806
0.0124722

0.305764
-0.209073
-0.928868
-1.13313
0.285157

-0.305764
0.209073
0.928868
0.908689
0.000527644

0.465632
-0.240005
0.851812
0.198593
0.0189674

-0.465632
0.240005
-0.851812
0.917846
0.000232092

-0.805654
-0.354847
-0.474347
-1.15122
0.527033

0.805654
0.354847
0.474347
0.323027
0.0522569

-0.896402
-0.372292
-0.240545
0.968755
2.62256e-05

0.43635
-0.603576
0.667304
0.560372
0.0111888

-0.43635
0.603576
-0.667304
0.0883888
0.0478428

-0.5551
0.564074
0.611298
0.980196
9.63346e-05

-0.333457
0.211591
0.918714
0.285776
0.060884

0.333457
-0.211591
-0.918714
-1.2445
0.601207

0.406499
-0.618732
0.672257
0.867723
0.000910007

-0.360186
0.93288
0
-0.427153
0.353685

0.360186
-0.93288
0
-1.61231
1.18498

-0.0779201
-0.111991
-0.99065
-0.642394
0.234127

0.650488
-0.542383
0.531683
0.262881
0.0458187

-0.650488
0.542383
-0.531683
-0.203507
0.12201

-0.812859
0.334619
-0.47675
-0.25262
0.151391

0.812859
-0.334619
0.47675
0.0553348
0.0861349

0.359063
-0.714825
-0.600083
0.976979
4.33674e-05

0.596625
0.343311
0.72538
0.818599
0.00375396

-0.596625
-0.343311
-0.72538
-2.72152
1.55657

0.713469
0.318047
-0.624346
-7.81472
15.6549

-0.713469
-0.318047
0.624346
0.920048
0.00130685

0.923281
0.384124
0
-0.935768
0.249128

-0.923281
-0.384124
0
0.840511
0.00202936

-0.447726
0.0224588
0.893889
0.959805
0.00119227

-0.100299
0.49063
-0.865576
-13.0918
64.0965

0.100299
-0.49063
0.865576
0.869713
0.00553827

-0.204117
0.758781
0.618536
0.652623
0.0202004

0.204117
-0.758781
-0.618536
-4.10453
4.34546

0.534073
0.394526
-0.74774
-0.258194
0.0915389

-0.764609
-0.397802
-0.507077
0.334371
0.0394653

0.764609
0.397802
0.507077
-0.435911
0.183394

0.907409
0.42025
0
-0.471117
0.452449

-0.907409
-0.42025
0
-2.31002
2.11328

-0.172394
-0.953692
-0.24648
0.114163
0.0576141

0.172394
0.953692
0.24648
0.221433
0.044509

-0.0297343
0.129553
-0.991127
0.0168059
0.0611312

0.0297343
-0.129553
0.991127
0.507588
0.0154814

0.135423
-0.32088
0.937388
0.954069
0.00154419

0.0587366
-0.588429
0.806412
0.844964
0.00202639

-0.0587366
0.588429
-0.806412
-1.585
0.547212

-0.22304
-0.803054
-0.552592
0.830729
0.0015025

0.297475
-0.635237
0.712729
0.222328
0.052909

-0.297475
0.635237
-0.712729
-0.229034
0.131927

0.121097
0.870142
-0.47769
-0.836883
0.240381

-0.121097
-0.870142
0.47769
0.766779
0.00388213

0.724475
0.290524
-0.625086
0.933749
7.49631e-05

-0.724475
-0.290524
0.625086
0.605938
0.00260025

0.564112
-0.557432
-0.609136
0.970174
4.59075e-05

-0.564112
0.557432
0.609136
-0.504478
0.0868894

0.0609246
-0.235576
0.969944
0.922084
0.00233819

-0.395727
0.351697
-0.848357
0.52277
0.00387301

-0.40769
-0.682542
0.606569
-2.35278
1.92595

0.40769
0.682542
-0.606569
0.037787
0.158782

-0.0725719
-0.540049
-0.838499
-0.780703
0.294057

0.0725719
0.540049
0.838499
0.463254
0.0267572

-0.397261
0.633725
-0.66376
-0.0726912
0.109133

0.397261
-0.633725
0.66376
-0.0726912
0.109133

0.290583
0.0194578
0.956652
-13.4566
64.5746

-0.290583
-0.0194578
-0.956652
0.93218
0.00142196

0.802335
0.333803
0.494807
-0.403608
0.191785

-0.802335
-0.333803
-0.494807
0.156954
0.0692378

-0.42352
0.0905847
0.901346
0.977788
6.16943e-05

0.42352
-0.0905847
-0.901346
-3.82166
2.38863

-0.202416
0.339203
-0.918678
-0.332654
0.077239

0.202416
-0.339203
0.918678
0.909991
0.000357174

-0.300308
-0.863509
0.405177
0.875586
0.0028084

0.300308
0.863509
-0.405177
-6.22772
9.4047

-0.296338
-0.571813
-0.764992
-9.83982
35.9226

0.296338
0.571813
0.764992
0.618912
0.0445308

0.364385
-0.856139
0.366402
0.975889
3.25787e-05

-0.364385
0.856139
-0.366402
-1.25807
0.268533

-0.61319
-0.216894
0.759576
-3.06112
2.21822

0.61319
0.216894
-0.759576
0.708626
0.0114293

-0.273298
-0.591087
0.758897
0.824468
0.0125695

0.0747803
-0.871858
0.484016
0.84059
0.00708593

-0.0747803
0.871858
-0.484016
-10.5173
36.871

0.426797
-0.54434
-0.722176
-7.19698
15.2144

-0.426797
0.54434
0.722176
0.740934
0.0152774

0.0118173
-0.500306
0.865768
0.882861
0.0071318

-0.0118173
0.500306
-0.865768
-23.0656
298.759

-0.552332
0.0313947
-0.833033
0.722385
0.00154315

0.552332
-0.0313947
0.833033
0.824597
0.000622883

0.222189
-0.482079
0.847485
0.506305
0.00857445

-0.222189
0.482079
-0.847485
0.685483
0.003482

-0.118926
0.351174
0.928727
0.944238
0.000276762

0.276195
-0.725159
-0.630762
0.372658
0.0183815

-0.276195
0.725159
0.630762
0.559977
0.00904518

0.830038
0.557707
0
-3.03143
2.51602

-0.830038
-0.557707
0
0.452799
0.0552745

-0.688654
-0.55102
0.471309
0.418468
0.0261353

0.688654
0.55102
-0.471309
-0.238678
0.118386

0.33261
-0.547527
0.767844
0.673085
0.0139046

0.368213
-0.903515
-0.219272
0.997675
2.57399e-06

-0.45689
0.38148
0.80357
-2.09698
0.945042

0.45689
-0.38148
-0.80357
0.811187
0.00353021

0.616192
-0.169774
0.76908
0.904796
0.00353341

-0.616192
0.169774
-0.76908
-16.9994
125.993

-0.549089
0.277324
-0.788412
-3.92176
4.24596

0.549089
-0.277324
0.788412
0.534035
0.0382181

0.261787
0.549049
0.793734
0.8249
0.00464562

-0.261787
-0.549049
-0.793734
-4.45851
4.50754

-0.130805
-0.756147
-0.641196
-0.936802
0.230863

0.130805
0.756147
0.641196
0.882646
0.000875346

-0.430597
-0.831087
-0.351967
-0.46546
0.121064

0.430597
0.831087
0.351967
0.819092
0.00185697

-0.103253
-0.977147
0.185802
-0.577487
0.153199

0.103253
0.977147
-0.185802
0.795558
0.00257692

0.811434
0.0633649
-0.580998
0.360442
0.0278205

-0.73437
0.397122
-0.55045
0.970035
8.10194e-05

0.73437
-0.397122
0.55045
-2.7306
1.1703

0.135772
-0.636736
-0.759035
-0.240138
0.0953704

-0.135772
0.636736
0.759035
0.665972
0.00700504

-0.525414
-0.744774
0.411403
0.855773
0.00127231

0.525414
0.744774
-0.411403
-0.766789
0.188867

-0.0700994
-0.903406
-0.423017
0.101292
0.049152

0.0700994
0.903406
0.423017
0.489277
0.0158977

0.277872
-0.395495
0.875426
0.842538
0.000284227

0.723325
0.564974
0.396995
0.983809
1.08521e-05

-0.723325
-0.564974
-0.396995
-0.522014
0.0822357

0.231386
0.939517
0.252525
-0.515609
0.116655

-0.231386
-0.939517
-0.252525
0.886237
0.000661363

-0.317264
-0.477177
0.81954
0.822548
0.00187212

0.317264
0.477177
-0.81954
-0.514117
0.131606

-0.254529
0.334383
0.907415
0.907891
0.00173447

-0.0197969
-0.773114
0.633958
0.715806
0.00974988

0.0197969
0.773114
-0.633958
-2.54012
1.51249

0.364815
-0.377479
0.851129
0.909625
0.000564156

-0.364815
0.377479
-0.851129
-1.39525
0.393273

0.667997
-0.643529
0.373697
0.992653
3.79891e-05

0.0135225
0.288639
-0.957343
-1.02518
0.218739

-0.0135225
-0.288639
0.957343
0.95093
0.000155301

0.167193
-0.608427
-0.775798
0.0387576
0.115683

-0.167193
0.608427
0.775798
-0.978822
0.489477

-0.841951
-0.132568
-0.523015
0.755058
0.00392679

0.841951
0.132568
0.523015
-0.583824
0.163819

-0.883974
0.294661
0.362995
0.313478
0.0361101

0.883974
-0.294661
-0.362995
-0.0726918
0.088111

-0.456853
-0.43033
0.778525
0.760979
0.0128358

0.456853
0.43033
-0.778525
-7.24997
15.2661

-0.422181
-0.308938
-0.852244
-6.44754
14.4122

0.422181
0.308938
0.852244
0.346166
0.111346

-0.0839578
-0.586808
-0.805362
-1.29764
0.29463

0.0839578
0.586808
0.805362
0.966648
7.51397e-05

-0.573016
-0.528822
0.626099
-0.213588
0.138235

0.573016
0.528822
-0.626099
0.0776459
0.0799024

0.579637
0.482306
-0.656812
0.94952
0.000184428

-0.725806
0.00336553
0.687892
0.884735
0.000711893

0.271575
-0.769609
-0.577883
-0.758415
0.18898

-0.793813
-0.0648533
0.604695
-0.748959
0.435286

0.793813
0.0648533
-0.604695
-0.480311
0.311883

-0.513145
0.0858267
0.854
0.900014
0.00188522

0.513145
-0.0858267
-0.854
-6.70387
10.9301

0.340312
-0.54104
-0.769067
-1.13145
0.574561

-0.340312
0.54104
0.769067
0.107591
0.100907

-0.643353
0.0429956
0.764361
0.787713
0.00760707

0.436661
-0.858593
0.268597
0.741609
0.00486438

-0.0504849
-0.694204
0.718006
0.423629
0.0169408

0.0504849
0.694204
-0.718006
0.423629
0.0169408

0.92928
-0.00302198
-0.369364
0.943717
0.000220146

-0.92928
0.00302198
0.369364
-1.58882
0.448526

-0.66841
0.11038
-0.735557
-4.61452
4.56422

0.66841
-0.11038
0.735557
0.879761
0.00210306

0.135164
0.856747
0.497711
-1.4902
0.59088

-0.135164
-0.856747
-0.497711
0.697587
0.0087546

-0.362192
0.486198
0.795254
0.947579
0.00136445

0.544028
-0.0126477
0.838971
0.817809
0.000928802

0.586951
0.339188
-0.735147
-16.5531
125.085

-0.586951
-0.339188
0.735147
0.824468
0.012566

0.455822
-0.126678
0.88101
0.943476
0.000516966

-0.455822
0.126678
-0.88101
-6.09031
8.02967

-0.126561
-0.0918312
0.987699
0.982791
0.00010743

0.431629
-0.310654
-0.846871
-12.7677
63.6033

-0.431629
0.310654
0.846871
0.795244
0.0141565

0.49915
0.853281
0.150866
0.907026
0.000484681

-0.49915
-0.853281
-0.150866
-0.742841
0.163321

-0.865901
0.350092
0.357283
0.58304
0.028018

0.237064
0.412515
0.879564
0.854265
0.00226926

-0.682467
0.481545
0.549867
0.687944
0.00907189

0.682467
-0.481545
-0.549867
-1.35991
0.51596

0.23617
-0.101234
-0.966424
-0.549532
0.210011

-0.23617
0.101234
0.966424
0.427486
0.0288755

0.811923
-0.583764
0
-0.532413
0.457578

-0.811923
0.583764
0
-2.00354
1.73756

0.216751
0.640554
0.736688
0.707728
0.00340042

-0.916963
-0.331404
0.222151
0.960071
0.000171728

0.0721268
0.196546
0.977838
-0.168239
0.133346

-0.0402005
0.798984
0.600007
0.684943
0.0143851

0.0402005
-0.798984
-0.600007
-3.34649
2.72559

0.460757
-0.669251
0.582929
0.427486
0.0286511

-0.220292
-0.0489535
0.974205
0.953651
0.00033603

-0.645255
-0.334841
0.686679
0.812767
0.00238381

0.645255
0.334841
-0.686679
-0.82845
0.222708

-0.803247
-0.595646
0
0.740156
0.0149285

0.803247
0.595646
0
-3.82173
3.31901

-0.31286
0.594852
0.740452
0.840629
0.00200322

0.31286
-0.594852
-0.740452
-1.35757
0.427446

-0.204253
-0.424481
0.882098
0.716975
0.0103261

0.204253
0.424481
-0.882098
-1.94821
0.905915

-0.253258
0.793171
0.553842
0.639937
0.0394228

-0.302476
-0.720799
0.623664
0.137743
0.0783913

0.302476
0.720799
-0.623664
-0.588139
0.265614

-0.103769
-0.783109
-0.613166
-0.238286
0.0919805

0.103769
0.783109
0.613166
0.708684
0.00592273

0.0459366
0.805861
0.59032
0.703049
0.00495019

-0.639409
-0.345221
-0.687007
-1.76916
0.784553

0.639409
0.345221
0.687007
0.701855
0.0091031

0.31713
0.0238203
0.948083
0.195485
0.101428

-0.31713
-0.0238203
-0.948083
-2.21809
1.61757

-0.273597
0.961844
0
-2.3468
3.0526

0.273597
-0.961844
0
-1.85171
2.21759

0.688186
-0.214751
0.693024
0.772008
0.00274973

-0.688186
0.214751
-0.693024
-0.194459
0.0753078

-0.234157
0.484851
0.842668
0.623693
0.0118887

0.234157
-0.484851
-0.842668
-0.832763
0.278924

0.099424
-0.646804
0.756148
0.545461
0.0272031

-0.319391
0.552557
0.76985
-2.04255
0.73822

0.319391
-0.552557
-0.76985
0.927987
0.000439075

-0.0411616
0.450717
0.891718
0.876414
0.000439242

0.610675
-0.791882
0
-1.63574
0.834721

-0.610675
0.791882
0
0.429798
0.0443406

-0.497341
-0.653734
0.570337
0.495348
0.0162132

0.497341
0.653734
-0.570337
0.0231311
0.0605694

0.682481
0.730903
0
0.689356
0.00409033

-0.682481
-0.730903
0
0.606842
0.00611252

-0.729695
0.683773
0
0.559593
0.0332442

0.729695
-0.683773
0
-1.92915
0.987196

-0.375419
0.147555
0.915035
0.792605
0.00271735

0.375419
-0.147555
-0.915035
-0.625971
0.166952

-0.293564
-0.635036
-0.714527
-0.782321
0.344492

0.293564
0.635036
0.714527
0.207861
0.0681849

-0.409002
0.358882
-0.839
-2.86169
3.50175

0.409002
-0.358882
0.839
-0.716305
0.692114

0.345561
-0.33646
0.876003
0.901264
0.000965324

0.778774
-0.382504
-0.497194
0.307712
0.0724245

-0.778774
0.382504
0.497194
-2.31274
1.65649

0.572471
-0.729826
0.373672
0.434046
0.032798

-0.572471
0.729826
-0.373672
-1.0201
0.417576

0.209341
-0.12987
0.96918
-9.20904
34.7543

-0.209341
0.12987
-0.96918
0.30524
0.161329

0.406347
0.106909
-0.907443
-5.7332
7.88434

-0.406347
-0.106909
0.907443
0.854386
0.00370545

-0.217983
0.416728
0.882508
0.834596
0.00304478

0.217983
-0.416728
-0.882508
-2.75505
1.56494

-0.700632
-0.449311
-0.554287
-0.710177
0.359558

0.700632
0.449311
0.554287
-0.112234
0.152156

-0.388758
-0.503881
0.771344
0.793347
0.00282608

0.388758
0.503881
-0.771344
-0.682014
0.182847

-0.00374152
0.575378
-0.817879
-23.1014
298.874

0.00374152
-0.575378
0.817879
0.887959
0.00650463

0.0463232
0.787499
-0.614573
-6.77047
14.7948

-0.0463232
-0.787499
0.614573
0.543333
0.0511985

-0.332421
-0.943131
0
0.724482
0.00582308

-0.190911
-0.491138
0.849904
0.99239
3.05895e-05

0.447214
0.894427
0
-0.358359
0.250801

0.387541
0.0667354
-0.919434
-9.29784
23.5159

-0.387541
-0.0667354
0.919434
0.94746
0.000615144

0.28252
0.852153
0.440474
0.801217
0.00282604

-0.28252
-0.852153
-0.440474
-0.951609
0.270355

-0.357296
-0.184051
0.915677
0.895506
0.00225284

0.124539
-0.862437
-0.490603
0.930673
0.000120555

-0.124539
0.862437
0.490603
0.384871
0.00877701

-0.118162
0.219011
0.968541
0.971702
0.000404268

0.118162
-0.219011
-0.968541
-23.9051
300.567

-0.664714
-0.0541615
0.745132
0.908093
0.000674734

-0.755707
-0.0164496
0.654703
0.799979
0.00281528

-0.466646
-0.649074
-0.600787
-0.110277
0.0822813

0.466646
0.649074
0.600787
0.521843
0.0153211

0.760252
-0.205106
-0.6164
-0.165166
0.064034

-0.760252
0.205106
0.6164
0.830906
0.00138227

0.342007
0.888054
0.307233
0.771667
0.00639253

-0.342007
-0.888054
-0.307233
-2.88525
1.84996

-0.936717
-0.350087
0
0.871277
0.00250438

0.936717
0.350087
0
-2.21806
0.949659

-0.310292
-0.908993
0.278298
0.673744
0.0106734

0.310292
0.908993
-0.278298
-1.59118
0.67304

-0.0163354
0.220528
0.975244
0.978646
0.000145962

0.563271
0.682322
-0.466006
-3.97279
2.40469

-0.563271
-0.682322
0.466006
0.993762
4.31584e-06

0.828492
-0.171448
0.53311
0.877623
0.0028329

-0.828492
0.171448
-0.53311
-6.61611
10.8911

0.275498
0.908496
-0.314223
0.0463787
0.0600498

-0.275498
-0.908496
0.314223
0.428919
0.0215371

0.51663
-0.263564
-0.814633
-0.412456
0.117885

-0.51663
0.263564
0.814633
0.771671
0.00310002

0.306877
0.435532
0.84625
0.795051
0.00222095

-0.306877
-0.435532
-0.84625
-0.249306
0.0819727

0.139299
0.165925
0.97625
0.91612
0.000375634

-0.139299
-0.165925
-0.97625
-0.708805
0.151063

0.548176
0.341806
0.76333
-1.55226
0.543159

0.418958
0.0682473
0.905437
-0.320235
0.520957

-0.418958
-0.0682473
-0.905437
-5.68369
13.3379

0.187255
-0.661161
0.7265
0.243415
0.0174965

-0.187255
0.661161
-0.7265
0.891043
0.000370401

0.11721
-0.853192
0.508257
0.543089
0.0181409

-0.11721
0.853192
-0.508257
-0.765167
0.27055

-0.532334
-0.315749
0.785444
0.904796
0.00355946

0.532334
0.315749
-0.785444
-16.9994
125.952

-0.870394
-0.492356
0
-1.55056
0.899982

0.870394
0.492356
0
0.100834
0.127067

0.0116075
-0.466621
-0.884381
-1.20668
2.7991

-0.0116075
0.466621
0.884381
-12.7918
109.305

0.0590181
-0.831706
0.552071
0.145776
0.0170979

-0.0590181
0.831706
-0.552071
0.974076
1.5821e-05

-0.717713
-0.429929
0.547768
0.948131
0.000109695

0.717713
0.429929
-0.547768
-0.286367
0.0618417

-0.0585164
0.704106
0.70768
-0.386251
0.202729

0.0585164
-0.704106
-0.70768
-0.0184641
0.10951

0.542512
-0.0237377
-0.839713
-35.9735
1013.4

-0.542512
0.0237377
0.839713
0.926965
0.00396209

0.410473
0.738734
0.534588
0.520403
0.0219748

-0.410473
-0.738734
-0.534588
-0.992891
0.37916

-0.6743
-0.260425
0.691012
-0.323076
0.0768851

0.0158164
0.50117
-0.865205
-1.056
0.357161

-0.0158164
-0.50117
0.865205
0.685189
0.00849597

0.0224416
-0.202159
-0.979096
-0.29831
0.0842853

-0.0224416
0.202159
0.979096
0.839135
0.00130315

0.176302
-0.625439
0.760095
0.694696
0.0061181

-0.176302
0.625439
-0.760095
-0.427283
0.133596

-0.707105
-0.707108
0
-2.67919
-0.833933

0.707105
0.707108
0
0.591199
0.306245

0.746067
0.39093
0.539035
0.5691
0.00464911

-0.746067
-0.39093
-0.539035
0.82928
0.000732195

-0.936578
-0.350459
0
0.791034
0.0134977

0.936578
0.350459
0
-5.55316
7.34692

-0.515056
-0.468779
0.71761
0.701179
0.00771358

0.515056
0.468779
-0.71761
-1.16601
0.404213

0.60112
-0.415425
0.682699
0.892731
0.00196916

-0.476001
0.833319
0.281076
0.0625596
0.0533128

0.476001
-0.833319
-0.281076
0.518856
0.0140554

-0.340064
-0.724783
0.599204
0.820102
0.000861427

-0.881269
0.384222
-0.275206
0.946146
7.31924e-05

0.881269
-0.384222
0.275206
0.268017
0.0130944

-0.894013
-0.156007
0.420003
0.513066
0.0142175

0.894013
0.156007
-0.420003
0.0896105
0.0496943

-0.0959093
-0.410169
-0.906952
-0.863423
0.38935

-0.795926
-0.411525
0.444014
0.583138
0.0067892

0.0742513
0.587261
0.805985
0.876775
0.00209939

-0.145731
0.31018
0.939442
-0.759031
0.216856

0.145731
-0.31018
-0.939442
0.756456
0.0042704

-0.664284
-0.506719
-0.549511
0.992127
2.98517e-06

0.664284
0.506719
0.549511
-0.113161
0.0307712

0.0281304
0.759536
-0.649857
0.484635
0.0238459

-0.0281304
-0.759536
0.649857
-0.721359
0.264986

0.899561
0.0756604
0.430193
0.618471
0.0100937

-0.899561
-0.0756604
-0.430193
-0.36559
0.128912

0.143334
-0.633453
0.76039
-0.755311
0.290531

-0.143334
0.633453
-0.76039
0.426837
0.0311137

-0.665842
-0.507989
-0.546445
-1.42283
0.640058

0.665842
0.507989
0.546445
0.511601
0.0260802

-0.57044
-0.725509
-0.385013
0.965433
0.000137954

0.623269
0.561106
0.544697
-0.170212
0.171033

-0.623269
-0.561106
-0.544697
-0.685098
0.354516

-0.0465068
-0.998918
0
0.104536
0.128631

0.0465068
0.998918
0
-2.14813
1.58933

0.659042
0.752106
0
0.509625
0.0369582

-0.659042
-0.752106
0
-2.06483
1.17243

-0.484597
0.130393
0.864964
0.851775
0.00246524

-0.0245578
0.0888172
-0.995745
-1.28124
0.31772

0.0245578
-0.0888172
0.995745
0.936033
0.000862104

0.850243
-0.341903
-0.400237
-1.22069
0.41137

-0.850243
0.341903
0.400237
0.746806
0.00536965

-0.131574
0.821051
-0.555484
-3.13752
2.6401

0.131574
-0.821051
0.555484
0.540276
0.032671

-0.162521
-0.651584
-0.740963
-2.04506
1.19359

0.162521
0.651584
0.740963
0.490393
0.0335727

-0.124761
-0.64708
0.752145
0.77378
0.00220269

-0.748605
0.179951
-0.638129
0.83919
0.00171299

0.748605
-0.179951
0.638129
-0.865796
0.225666

-0.782839
-0.622225
0
0.78209
0.00084576

0.782839
0.622225
0
0.817226
0.000596166

0.582615
-0.737587
-0.341357
-5.4575
6.03654

-0.582615
0.737587
0.341357
0.950784
0.000354138

0.73142
0.681927
0
0.990028
1.0328e-05

-0.392523
0.0450136
0.91864
-0.660936
0.222691

0.392523
-0.0450136
-0.91864
0.584764
0.0140793

0.415981
0.575615
0.704008
0.780862
0.009671

-0.415981
-0.575615
-0.704008
-6.3154
10.7055

-0.116999
-0.436948
-0.891845
-1.30488
0.385182

0.116999
0.436948
0.891845
0.866052
0.00131627

0.465762
-0.745546
-0.476684
-4.83963
7.28511

-0.465762
0.745546
0.476684
0.39234
0.0789594

0.961416
-0.0794111
0.263386
0.0156457
0.111759

-0.961416
0.0794111
-0.263386
-0.683301
0.326765
