
-0.97552
0.119183
0.184815
-1.44153
0.436186

0.97552
-0.119183
-0.184815
0.885384
0.000963539

0.310355
0.440848
-0.842219
0.891552
0.000950448

0.841244
0.540655
0
-2.48423
2.30828

-0.841244
-0.540655
0
-0.185602
0.267361

-0.249773
0.691881
-0.677432
0.919657
0.000337216

0.347712
-0.628949
0.695356
0.566713
0.0258034

-0.347712
0.628949
-0.695356
-2.58142
1.75523

-0.187879
0.273634
-0.943306
-23.9874
300.846

0.187879
-0.273634
0.943306
0.977055
0.000253783

0.488663
0.319035
0.81205
0.67956
0.00629515

0.487507
-0.799952
0.349878
0.257888
0.0348237

-0.487507
0.799952
-0.349878
0.310876
0.0300319

-0.615073
-0.360413
0.701276
0.329246
0.0441876

0.615073
0.360413
-0.701276
-0.553628
0.227076

-0.481906
0.087619
0.871831
0.989053
4.7884e-05

-0.198296
0.1815
-0.963191
-0.8389
0.418791

-0.282712
0.021835
-0.958956
0.898868
8.07749e-05

-0.137716
-0.233765
-0.962491
-36.587
1015.61

0.137716
0.233765
0.962491
0.971787
0.000573994

0.685783
0.670294
-0.283562
0.476105
0.0178763

-0.685783
-0.670294
0.283562
0.00550282
0.0643723

-0.682117
0.420744
0.598073
0.931829
0.000265712

0.682117
-0.420744
-0.598073
-0.91068
0.197418

-0.248761
-0.0711902
0.965945
0.969094
0.000356144

0.0472313
-0.261588
0.964023
0.455716
0.0621088

-0.518498
-0.379155
0.766421
0.747004
0.00218778

0.94052
0.339737
0
-1.59426
0.495563

-0.94052
-0.339737
0
0.905517
0.000725886

0.10239
0.469637
0.876902
0.897954
0.000473602

-0.10239
-0.469637
-0.876902
-0.312958
0.0765669

0.492022
-0.355901
0.794512
0.780061
0.00214095

-0.492022
0.355901
-0.794512
0.0724868
0.0380291

0.488143
-0.0872732
-0.868389
-5.65069
10.1513

-0.488143
0.0872732
0.868389
0.439434
0.0723551

-0.126465
-0.817913
0.561271
0.540275
0.0188932

-0.768646
0.464309
-0.44
0.530474
0.00994683

0.768646
-0.464309
0.44
0.45012
0.0136316

-0.287613
-0.139141
-0.947585
0.975632
0.00011353

-0.242457
0.51603
0.82154
0.674806
0.0125806

0.242457
-0.51603
-0.82154
-2.26098
1.25289

0.229484
0.911204
0.342118
0.721223
0.00217294

-0.550793
-0.37046
-0.747922
0.841581
0.00157845

0.550793
0.37046
0.747922
0.372025
0.014461

0.440873
-0.218482
0.870572
0.856518
0.00174066

0.335926
0.191387
-0.922239
-1.91156
0.645997

-0.335926
-0.191387
0.922239
0.931546
0.000391907

0.521608
-0.114611
0.845452
0.746982
0.0268436

-0.258473
0.848811
-0.461207
0.280945
0.030199

-0.0167376
0.220527
-0.975237
0.207422
0.0403897

0.0167376
-0.220527
0.975237
0.342638
0.0278494

0.691392
0.601471
-0.400263
0.120745
0.088774

-0.691392
-0.601471
0.400263
-0.823222
0.381664

0.611888
0.395741
-0.684822
-1.63409
0.756921

-0.611888
-0.395741
0.684822
0.586459
0.0187564

-0.598909
-0.356413
-0.717131
-0.593713
0.154402

0.598909
0.356413
0.717131
0.809037
0.00226975

-0.136527
0.287157
0.948104
-2.03969
0.737625

0.136527
-0.287157
-0.948104
0.927038
0.000464191

-0.569982
-0.821657
0
0.458362
0.0352085

0.569982
0.821657
0
-0.857481
0.331965

-0.0796197
-0.554448
0.828401
0.818398
0.000672803

0.0796197
0.554448
-0.828401
0.765172
0.00109606

-0.500839
0.782972
-0.368939
0.905604
0.000772332

0.500839
-0.782972
0.368939
-2.13389
0.842856

-0.359898
0.215213
0.907831
0.47898
0.0216662

0.359898
-0.215213
-0.907831
-0.413433
0.159144

-0.530021
0.818125
-0.223044
-1.34042
0.622632

0.530021
-0.818125
0.223044
0.414896
0.0389278

-0.10294
0.921529
0.374417
0.938896
0.00020418

0.10294
-0.921529
-0.374417
-0.928325
0.198287

0.963029
0.146285
-0.22622
0.962597
0.000126988

0.689897
0.288531
0.663921
0.992876
1.23093e-05

-0.689897
-0.288531
-0.663921
-9.75658
23.68

-0.343421
-0.831725
0.436229
0.278083
0.0292897

-0.272669
0.719193
0.639072
0.490141
0.0228145

0.272669
-0.719193
-0.639072
-0.661494
0.240613

0.527288
0.0462182
0.848429
0.989573
1.11954e-05

-0.527288
-0.0462182
-0.848429
-1.91501
0.516936

0.433002
-0.710792
0.554332
0.569069
0.0125444

-0.433002
0.710792
-0.554332
-0.209034
0.0983334

0.0394322
-0.937364
-0.346113
-8.86319
23.2161

-0.0394322
0.937364
0.346113
0.861161
0.00460268

-0.636219
-0.771509
0
-1.41775
0.476817

0.636219
0.771509
0
0.813445
0.00285951

0.75609
0.290297
-0.586562
0.999266
1.13501e-07

0.634121
-0.177729
-0.752531
-1.45993
0.585687

-0.634121
0.177729
0.752531
0.672134
0.0105028

0.0833081
-0.4187
-0.904295
-6.24067
14.1443

-0.0833081
0.4187
0.904295
0.195485
0.174977

0.806045
0.591854
0
0.786771
0.00511181

-0.806045
-0.591854
0
-2.23447
1.09378

-0.361846
-0.569755
0.737866
-1.46143
0.482073

0.361846
0.569755
-0.737866
0.839817
0.00204715

0.0519747
0.907098
-0.417699
-0.33584
0.0866814

-0.894325
0.431319
-0.118944
0.893754
0.000292341

0.894325
-0.431319
0.118944
0.403105
0.00918479

0.767699
-0.105196
0.632117
-0.241258
0.100524

-0.767699
0.105196
-0.632117
0.616896
0.00959206

-0.377754
-0.782631
-0.494763
0.579975
0.00821938

0.377754
0.782631
0.494763
0.351641
0.0195717

0.845415
0.25537
-0.469105
0.816007
0.00131816

-0.333978
-0.208516
0.919228
0.89815
0.00142413

0.563567
-0.431428
-0.704459
-16.6652
125.33

-0.563567
0.431428
0.704459
0.847137
0.0094308

0.0918722
-0.533038
0.841088
-1.95465
1.25999

-0.0918722
0.533038
-0.841088
0.233409
0.0888053

-0.170583
0.707254
0.686071
0.0653431
0.0898557

0.170583
-0.707254
-0.686071
-0.421718
0.207693

-0.22731
0.616374
-0.753931
-0.644619
0.192346

0.22731
-0.616374
0.753931
0.705624
0.00616587

0.104307
-0.768236
0.631611
0.725187
0.00688559

-0.104307
0.768236
-0.631611
-1.40508
0.522829

0.10504
-0.492267
0.864083
0.871939
0.000377361

0.353957
0.280235
0.892291
0.906985
0.00122306

0.0159305
0.116438
-0.99307
-24.1116
300.982

-0.0159305
-0.116438
0.99307
0.98404
0.000122642

0.814186
-0.317532
0.486081
0.223579
0.0820179

-0.814186
0.317532
-0.486081
-1.63469
0.944208

0.340246
-0.109504
0.933939
0.90465
0.00167424

-0.145216
-0.637981
-0.756236
-4.96806
7.38749

0.145216
0.637981
0.756236
0.48373
0.0554474

-0.922612
-0.306305
0.234447
0.346168
0.0216894

0.922612
0.306305
-0.234447
0.499411
0.0127178

0.197317
-0.0576913
0.978641
0.485108
0.0267439

-0.197317
0.0576913
-0.978641
-1.05957
0.424277

-0.19964
-0.331999
0.921911
0.967052
0.000208605

0.142225
-0.311463
0.939555
0.957353
7.9029e-05

-0.142225
0.311463
-0.939555
-0.0732846
0.0360305

0.414015
0.0114343
0.910198
0.189858
0.069706

-0.414015
-0.0114343
-0.910198
-0.690308
0.303341

0.603426
-0.187287
-0.775114
0.0170232
0.0668549

-0.603426
0.187287
0.775114
0.393165
0.0255648

0.0517046
-0.165552
-0.984845
-4.69743
3.69067

-0.0517046
0.165552
0.984845
0.989581
1.30283e-05

-0.151017
0.333212
-0.930679
-3.01215
10.6223

0.151017
-0.333212
0.930679
-11.2872
99.6243

-0.893334
0.349447
0.282561
-0.293211
0.27106

0.0940553
0.231133
0.968365
0.937662
0.000325144

-0.0940553
-0.231133
-0.968365
-2.22913
0.853813

-0.936544
0.350551
0
0.568346
0.0133581

0.936544
-0.350551
0
0.369108
0.0244837

-0.0281199
-0.102776
0.994307
0.992464
1.38188e-05

0.810325
0.530647
-0.248569
0.0170232
0.0666899

-0.810325
-0.530647
0.248569
0.393165
0.0254253

0.885728
0.312314
0.343433
0.358688
0.0144521

-0.885728
-0.312314
-0.343433
0.780815
0.00169857

0.551662
0.285505
0.783681
-0.406083
0.0795748

0.762655
0.646805
0
-0.540278
0.305724

-0.762655
-0.646805
0
-0.32809
0.230264

0.380515
0.451968
-0.806804
-2.82409
1.83264

-0.380515
-0.451968
0.806804
0.736909
0.0086851

0.327235
-0.313552
-0.891405
-10.9188
37.243

-0.327235
0.313552
0.891405
0.92372
0.00156236

0.618973
0.195007
0.760818
-1.04786
0.461212

-0.618973
-0.195007
-0.760818
0.33131
0.0493353

0.103664
0.994612
0
-0.167847
0.150189

-0.103664
-0.994612
0
-0.328756
0.194415

0.0586191
-0.99828
0
-0.354186
0.21205

-0.0586191
0.99828
0
-0.265414
0.185163

0.770163
-0.109205
-0.628429
-0.26424
0.370259

-0.770163
0.109205
0.628429
-3.6077
4.91536

0.383936
-0.13364
0.913637
-0.0261925
0.0394014

-0.383936
0.13364
-0.913637
0.89466
0.000417327

-0.722638
-0.0776526
-0.686851
0.927297
0.000866126

0.989326
0.145722
0
-1.86161
0.716725

-0.989326
-0.145722
0
0.852799
0.00189909

-0.0436884
0.756902
0.652066
0.818599
0.00374375

0.767358
0.0752207
0.636791
0.725286
0.0194204

-0.767358
-0.0752207
-0.636791
-8.42436
22.7781

-0.39894
-0.082224
-0.913283
-10.9636
37.3074

0.39894
0.082224
0.913283
0.93099
0.00124159

-0.745367
0.279061
0.605436
0.598113
0.00606116

0.270976
0.506485
-0.818563
0.664618
0.0051833

-0.508478
0.0861041
-0.856759
-1.07247
0.391107

0.508478
-0.0861041
0.856759
0.610839
0.0138063

0.424076
-0.0284606
0.905179
0.961409
0.000730357

-0.424076
0.0284606
-0.905179
-23.767
300.503

0.330276
-0.147988
-0.932211
0.966365
3.79723e-05

-0.563444
0.0103782
0.826089
0.867765
0.00199882

0.486006
0.638814
-0.596418
-1.08631
0.42878

-0.486006
-0.638814
0.596418
0.51777
0.0229168

0.478022
-0.352843
0.804361
0.643537
0.0176928

-0.478022
0.352843
-0.804361
-2.9607
2.18366

-0.505168
0.249124
0.826282
0.748152
0.0185557

0.943092
0.332533
0
0.785407
0.0026521

-0.943092
-0.332533
0
0.0267497
0.0442967

0.969912
0.117955
-0.212973
-0.122582
0.0434368

-0.969912
-0.117955
0.212973
0.941351
0.000120106

-0.60153
0.389922
-0.697224
0.936841
0.000175348

-0.454239
-0.295612
0.840405
0.718775
0.00603142

0.454239
0.295612
-0.840405
-0.852651
0.260638

0.100107
-0.148316
0.98386
-4.09234
13.665

-0.100107
0.148316
-0.98386
-5.93122
25.3145

0.0458329
-0.935739
0.349703
-0.303948
0.350102

-0.0458329
0.935739
-0.349703
-2.73438
2.87139

-0.429798
-0.373988
-0.821831
-0.772523
0.20299

0.429798
0.373988
0.821831
0.818053
0.00213952

0.689818
-0.554794
0.465139
0.526916
0.0146711

-0.689818
0.554794
-0.465139
-0.0810059
0.0764181

-0.12519
-0.401877
0.907095
0.803621
0.00266158

0.563533
0.618787
0.547296
-1.94223
1.97483

-0.563533
-0.618787
-0.547296
-1.25267
1.15772

0.7985
0.259342
-0.543267
-0.204429
0.424868

-0.7985
-0.259342
0.543267
-5.79371
13.5121

0.346359
0.345487
0.872166
0.834066
0.00266849

-0.346359
-0.345487
-0.872166
-2.13986
0.952557

-0.722224
0.0303835
-0.690991
-8.0106
31.9053

0.722224
-0.0303835
0.690991
-0.65501
1.0764

0.788263
0.263193
-0.556211
-2.27702
1.43434

-0.788263
-0.263193
0.556211
0.510813
0.0320414

-0.253328
0.00608641
0.967361
0.955701
0.000165315

0.777077
0.171788
0.605509
0.83332
0.00204589

-0.777077
-0.171788
-0.605509
-1.15853
0.339389

0.682222
0.0275348
0.730626
0.740214
0.00428916

-0.682222
-0.0275348
-0.730626
-0.469531
0.136686

0.674482
0.612228
0.412615
0.854056
0.00695589

-0.674482
-0.612228
-0.412615
-13.0165
64.0201

0.660218
0.0414523
0.749929
0.63222
0.0129634

0.560354
-0.0998476
0.822213
0.85122
0.00425459

0.434822
-0.60022
-0.671316
0.574051
0.00838634

0.59738
0.0952797
0.796278
0.912552
0.00240241

0.764819
-0.26624
-0.586658
-0.152255
0.131361

-0.764819
0.26624
0.586658
-0.0873458
0.116991

0.827752
0.136724
-0.54418
0.321823
0.022532

-0.827752
-0.136724
0.54418
0.557581
0.00961704

-0.113618
0.0415674
0.992655
0.992005
4.53866e-05

-0.140933
0.706116
0.693929
0.660924
0.024408

0.140933
-0.706116
-0.693929
-6.03685
10.502

0.591406
-0.741404
0.317111
0.174244
0.064523

-0.591406
0.741404
-0.317111
-0.355556
0.173825

0.142509
0.728701
0.66984
-3.34649
2.72532

-0.142509
-0.728701
-0.66984
0.684943
0.0143995

-0.0835576
-0.173407
-0.981299
-1.20668
0.289804

0.0835576
0.173407
0.981299
0.938703
0.000258762

-0.160047
0.0855557
0.983395
0.610402
0.0144418

0.160047
-0.0855557
-0.983395
-1.1699
0.442114

0.384696
-0.0848192
0.919138
0.832555
0.011349

-0.384696
0.0848192
-0.919138
-16.5921
125.211

-0.821795
-0.491047
0.289007
-0.134621
0.0928374

0.821795
0.491047
-0.289007
0.441247
0.022529

0.386131
-0.300161
0.872242
0.835338
0.00239495

-0.386131
0.300161
-0.872242
-1.69219
0.620953

-0.252418
0.654727
0.712472
0.671318
0.00282458

0.316677
0.870549
0.376643
0.883221
0.000645071

-0.316677
-0.870549
-0.376643
-0.357202
0.0868161

0.713029
-0.496625
-0.494927
-0.853889
0.224709

-0.713029
0.496625
0.494927
0.831044
0.00187214

0.486399
-0.625902
-0.609642
-1.57445
0.546167

-0.486399
0.625902
0.609642
0.839096
0.00214206

-0.558929
0.568638
0.60353
0.478979
0.0216392

0.781683
-0.0457943
-0.621993
-0.66658
0.169888

-0.781683
0.0457943
0.621993
0.824969
0.001911

0.15242
0.575998
0.803115
0.978591
6.91774e-05

0.104639
-0.120471
0.987186
0.994457
4.54722e-06

0.62822
-0.654736
0.420309
0.515395
0.0239395

-0.62822
0.654736
-0.420309
-1.18828
0.48731

-0.203327
-0.105252
0.973437
-0.284058
0.201282

0.203327
0.105252
-0.973437
-0.481341
0.267751

0.524367
-0.82854
-0.19637
0.503175
0.0198598

-0.524367
0.82854
0.19637
-0.482266
0.176706

-0.587063
-0.00696687
0.809511
0.802487
0.0026419

0.587063
0.00696687
-0.809511
-0.814842
0.221559

0.711051
-0.100538
-0.695916
0.72638
0.00997239

-0.711051
0.100538
0.695916
-3.09092
2.22812

0.470743
-0.763083
0.442839
0.241343
0.0342928

-0.470743
0.763083
-0.442839
0.405471
0.0210755

-0.261252
-0.260752
0.929385
0.898175
0.00213288

0.261252
0.260752
-0.929385
-7.71234
15.6038

-0.84983
0.380729
0.364465
-0.0585761
0.13573

0.84983
-0.380729
-0.364465
-0.734371
0.364337

0.104383
0.0788786
0.991404
0.44516
0.115988

-0.662724
-0.748863
0
-3.11879
1.57143

0.662724
0.748863
0
0.956278
0.00074376

-0.232683
0.735467
0.636355
0.544519
0.0216067

0.232683
-0.735467
-0.636355
-1.32821
0.562163

-0.497917
0.17704
-0.848962
-36.41
1014.83

0.497917
-0.17704
0.848962
0.961072
0.00111605

-0.257398
0.542015
0.799978
0.781945
0.001181

0.257398
-0.542015
-0.799978
0.656008
0.00291965

-0.398268
0.414197
0.818427
0.604942
0.019217

0.398268
-0.414197
-0.818427
-2.17143
1.2293

-0.996986
-0.0775858
0
0.911149
0.00305886

-0.436987
-0.547108
-0.713943
-1.98402
0.92383

0.436987
0.547108
0.713943
0.741865
0.00693166

-0.039887
-0.999204
0
0.868373
0.00155487

0.039887
0.999204
0
-2.04473
0.830988

0.255569
0.409621
-0.875725
0.782462
0.00360224

0.144034
-0.489715
-0.859903
0.981893
6.2385e-05

0.373424
0.866546
0.331138
0.037787
0.158703

-0.373424
-0.866546
-0.331138
-2.35278
1.92631

0.394528
0.555942
0.731626
0.931434
0.0002476

-0.394528
-0.555942
-0.731626
-0.644553
0.130045

0.300154
0.694633
0.653752
0.359271
0.00790518

-0.300154
-0.694633
-0.653752
0.969667
1.81903e-05

-0.368821
0.400432
0.838824
0.108844
0.276588

-0.517843
0.855476
0
0.145135
0.0360415

0.517843
-0.855476
0
0.734119
0.00465263

0.455692
0.63552
-0.623265
-0.755314
0.477647

-0.455692
-0.63552
0.623265
-0.755314
0.477647

-0.18839
0.417017
0.889161
-1.08459
0.7603

0.18839
-0.417017
-0.889161
-0.881323
0.619344

0.997826
-0.0659003
0
0.258817
0.0410653

-0.997826
0.0659003
0
0.0451338
0.0680844

0.215791
0.231797
-0.948528
-1.15882
0.440395

-0.215791
-0.231797
0.948528
0.59891
0.0153816

0.593671
0.723937
0.351383
0.456688
0.0120807

-0.601825
-0.425964
-0.675545
-0.924732
0.230009

0.601825
0.425964
0.675545
0.875855
0.000965008

-0.00580123
0.156856
-0.987604
-0.324005
0.0950815

0.00580123
-0.156856
0.987604
0.799764
0.00220009

0.298146
0.383093
0.87427
0.757043
0.00385085

0.0884192
0.709962
0.698667
0.809038
0.00718622

-0.0884192
-0.709962
-0.698667
-6.39332
10.7625

0.53087
0.577837
-0.619905
0.295089
0.0572808

-0.53087
-0.577837
0.619905
-1.13206
0.522996

0.974395
0.143266
-0.173291
-0.208389
0.0761088

0.150564
0.171241
-0.973657
-36.8366
1016.16

-0.150564
-0.171241
0.973657
0.983915
0.000185988

0.474014
-0.647056
-0.597184
0.119378
0.0844046

-0.474014
0.647056
0.597184
-0.653738
0.297343

-0.794893
0.133823
0.591808
-0.00195074
0.205913

0.794893
-0.133823
-0.591808
-3.34875
3.87866

-0.159116
-0.327593
0.931324
0.119846
0.154552

-0.773079
0.138412
-0.619024
0.787052
0.00939266

0.773079
-0.138412
0.619024
-5.95869
9.19094

0.754533
0.284315
0.591477
0.625532
0.0156572

-0.754533
-0.284315
-0.591477
-1.83189
0.891459

-0.712527
-0.0720875
0.697932
-0.539073
0.351845

0.712527
0.0720875
-0.697932
-0.831635
0.498219

-0.047728
0.383554
-0.922284
0.89314
0.00075922

-0.219111
0.973146
-0.0705543
0.9053
0.00048387

0.219111
-0.973146
0.0705543
-0.73951
0.163096

0.339517
-0.9406
0
0.992265
4.59833e-06

-0.339517
0.9406
0
-2.69267
1.0132

-0.501068
-0.0499264
-0.863966
-0.0396876
0.199121

0.501068
0.0499264
0.863966
-2.58585
2.36461

0.106436
0.641967
-0.759309
-16.5123
124.99

-0.106436
-0.641967
0.759309
0.815781
0.0138954

-0.634926
-0.374927
0.675499
0.632221
0.0361062

0.634926
0.374927
-0.675499
-8.19451
22.5049

-0.369241
-0.342537
0.863904
0.483386
0.0162228

0.369241
0.342537
-0.863904
0.126923
0.0460583

0.275613
-0.617653
0.736575
0.893909
0.00441594

-0.275613
0.617653
-0.736575
-16.9293
125.873

0.87896
0.0657157
-0.472346
0.814091
0.00147331

0.583993
-0.811758
0
-2.9405
2.54221

-0.583993
0.811758
0
0.369521
0.0662018

-0.529935
0.458402
-0.713468
0.86069
0.00238781

0.167361
0.90338
0.394836
0.126921
0.0458807

0.157922
0.894459
0.418335
0.766706
0.00638106

-0.665809
0.202945
-0.717991
0.482916
0.0176142

0.584783
0.0354084
0.810417
0.825947
0.00190178

-0.584783
-0.0354084
-0.810417
-0.723828
0.185859

-0.788316
0.00504122
0.61525
0.195481
0.0460117

0.788316
-0.00504122
-0.61525
0.195481
0.0460117

0.166343
0.369333
0.914288
0.80322
0.00215456

-0.166343
-0.369333
-0.914288
-0.365405
0.102696

0.935911
0.12548
-0.329127
0.845632
0.00158403

-0.935911
-0.12548
0.329127
-0.94365
0.249626

0.463042
-0.0867964
0.882077
0.856974
0.00563493

-0.463042
0.0867964
-0.882077
-10.5851
36.953

0.240441
-0.480914
-0.843154
-6.41132
10.7659

-0.240441
0.480914
0.843154
0.81523
0.00676991

0.862768
0.5056
0
-1.31041
0.927714

-0.862768
-0.5056
0
-0.697442
0.513613

-0.198233
-0.617238
0.761394
0.782903
0.00265556

-0.6302
-0.725144
0.277514
0.469965
0.00962559

-0.0715822
0.853338
0.516421
0.885069
0.00149238

0.0715822
-0.853338
-0.516421
-3.13754
1.91051

0.248701
0.794139
0.554518
0.971352
3.38202e-05

-0.248701
-0.794139
-0.554518
-0.348151
0.063203

-0.170615
0.302289
0.937823
-3.75179
2.37707

0.170615
-0.302289
-0.937823
0.96681
0.000147388

-0.44305
-0.0921875
-0.891744
0.642505
0.0121766

0.44305
0.0921875
0.891744
-1.30943
0.507984

0.30049
0.953785
0
0.789857
0.00511946

0.318797
-0.925824
0.203023
0.869663
0.00403404

0.139299
0.165925
0.97625
0.91612
0.000375634

-0.139299
-0.165925
-0.97625
-0.708805
0.151063

-0.457754
-0.27528
-0.845389
-8.9456
23.2827

0.457754
0.27528
0.845389
0.881022
0.0033352

0.183367
0.182039
-0.966043
-2.40302
1.28775

-0.183367
-0.182039
0.966043
0.768414
0.00599468

0.219295
0.533587
-0.81682
0.962099
0.000261866

0.338944
0.508521
0.791533
-0.545759
0.195787

-0.338944
-0.508521
-0.791533
0.512817
0.0195764

-0.370592
-0.180276
-0.911132
-17.7143
126.897

0.370592
0.180276
0.911132
0.981139
0.000129037

0.277691
-0.0254317
0.960334
0.911253
0.000905672

-0.175738
0.154702
0.972205
0.582663
0.0238659

-0.0870168
0.293867
-0.951877
-1.49483
0.400522

0.0870168
-0.293867
0.951877
0.9464
0.000203552

-0.444993
-0.888585
0.111347
-9.62271
23.657

0.444993
0.888585
-0.111347
0.984122
5.30692e-05

-0.0336794
0.163848
0.985911
0.94333
0.000261163

0.0336794
-0.163848
-0.985911
-2.24872
0.856048

0.177802
0.946733
0.268482
0.138746
0.0642659

-0.177802
-0.946733
-0.268482
-0.109759
0.106689

0.345739
-0.13607
0.928412
0.914383
0.000575209

-0.0706705
0.379986
0.922289
-0.0313668
0.124629

0.632794
-0.115425
-0.765669
-23.413
299.779

-0.632794
0.115425
0.765669
0.927367
0.00265647

-0.873223
-0.402912
-0.274125
0.981748
0.000237301

0.545201
-0.292177
0.785741
0.133419
0.205634

-0.545201
0.292177
-0.785741
-6.16281
14.0481

-0.266069
0.516862
-0.813672
-0.441985
0.152096

0.266069
-0.516862
0.813672
0.594481
0.0120296

0.231084
0.972934
0
0.780169
0.0264875

-0.700626
-0.0481605
0.711901
-1.8376
0.572737

0.700626
0.0481605
-0.711901
0.948988
0.000200647

0.633564
-0.689156
0.351655
0.712427
0.0213539

-0.633564
0.689156
-0.351655
-8.39013
22.7455

-0.980635
-0.195845
0
0.354232
0.0315636

0.980635
0.195845
0
-0.0913467
0.0897688

0.789103
0.346358
-0.507298
0.796485
0.00199244

-0.789103
-0.346358
0.507298
-0.0765915
0.0550284

0.26009
-0.965584
0
-0.978822
0.489472

-0.26009
0.965584
0
0.0387576
0.115577

-0.304507
0.367461
-0.878776
0.9815
0.000108503

-0.588251
0.0253851
0.80828
0.77496
0.0171623

0.588251
-0.0253851
-0.80828
-12.6914
63.5058

-0.435731
-0.368336
-0.82126
-1.19045
0.342448

0.435731
0.368336
0.82126
0.852768
0.00156134

-0.912901
0.408181
0
0.0390306
0.10697

0.912901
-0.408181
0
-0.614811
0.293233

-0.188616
0.682687
-0.705948
0.421716
0.014297

0.188616
-0.682687
0.705948
0.602056
0.00677976

0.16634
0.840942
0.514925
0.6309
0.0593842

-0.16634
-0.840942
-0.514925
-15.817
123.155

0.152066
0.252119
0.955674
0.719326
0.00617651

-0.152066
-0.252119
-0.955674
-0.927674
0.289762

-0.569632
0.284189
0.771204
-0.838897
0.549175

0.569632
-0.284189
-0.771204
-0.838897
0.549175

-0.298214
-0.690966
-0.658509
-1.5185
0.595438

0.298214
0.690966
0.658509
0.720168
0.00741709

-0.537383
0.24746
0.806215
0.807408
0.000749196

0.537383
-0.24746
-0.806215
0.732071
0.00144932

0.241628
-0.399858
-0.884155
0.994236
1.83103e-05

0.619619
-0.124782
-0.77492
0.860751
0.00050981

-0.619619
0.124782
0.77492
0.487106
0.00678983

0.142003
0.774792
0.616063
0.773674
0.0213024

-0.142003
-0.774792
-0.616063
-16.3281
124.567

0.702489
0.711694
0
0.867951
0.00178834

-0.702489
-0.711694
0
-2.60118
1.32886

0.668612
-0.658469
-0.34551
0.822466
0.000984119

-0.668612
0.658469
0.34551
0.396734
0.0113368

0.969981
0.155216
-0.187205
0.276524
0.0282891

0.406227
0.735563
-0.54215
-0.698559
0.172015

-0.406227
-0.735563
0.54215
0.847999
0.00140244

-0.812553
0.162726
0.559712
0.789133
0.00569751

0.812553
-0.162726
-0.559712
-3.20704
2.26406

-0.145154
-0.363982
0.920026
0.920786
0.000551144

0.145154
0.363982
-0.920026
-2.34678
0.983316

-0.4409
-0.440475
-0.782041
-0.668925
0.130943

0.4409
0.440475
0.782041
0.941887
0.00016402

0.257012
-0.433918
0.863516
0.88558
0.00515792

-0.257012
0.433918
-0.863516
-16.8782
125.785

0.736894
-0.36971
0.565952
-8.19451
22.5077

-0.736894
0.36971
-0.565952
0.632221
0.0360812

0.302946
-0.0239363
0.952707
0.963725
0.000205351

0.895683
0.397642
-0.199082
-9.38087
35.1195

-0.895683
-0.397642
0.199082
0.402061
0.116532

0.155245
0.443556
0.882699
0.924724
0.00288981

-0.114379
0.260932
0.958557
0.953819
0.000145524

-0.94834
0.179697
0.261458
0.239507
0.016503

0.94834
-0.179697
-0.261458
0.913999
0.000214242

0.776547
0.313183
0.54671
0.448998
0.0194379

-0.425587
0.813902
-0.395523
-3.05047
1.88549

0.425587
-0.813902
0.395523
0.851078
0.00277169

0.264605
0.776437
-0.571952
0.832552
0.000676476

-0.264605
-0.776437
0.571952
0.599007
0.0038429

-0.660567
-0.707427
-0.251395
-0.38377
0.177208

0.660567
0.707427
0.251395
0.23365
0.0543644

-0.234929
-0.517014
-0.823107
-10.7195
37.09

0.234929
0.517014
0.823107
0.886615
0.00347689

-0.236396
-0.60993
-0.756374
-0.00959182
0.102691

0.236396
0.60993
0.756374
-0.277763
0.164372

-0.419804
0.287044
-0.861029
-1.51069
1.14144

0.419804
-0.287044
0.861029
-0.64533
0.490264

0.42188
-0.714754
0.557803
0.420318
0.0152087

-0.42188
0.714754
-0.557803
0.554613
0.00899785

0.936878
0.349656
0
0.75952
0.0195382

-0.936878
-0.349656
0
-10.229
35.8374

-0.684405
0.633477
-0.360967
-0.970246
0.318787

0.684405
-0.633477
0.360967
0.684759
0.0081663

0.634778
-0.573908
-0.517384
0.0867621
0.0520886

-0.634778
0.573908
0.517384
0.469866
0.0175892

-0.647
0.0500343
-0.760847
0.859378
0.00226484

0.492046
-0.870569
0
0.872827
0.00110514

0.824701
0.258945
-0.502808
0.270521
0.0116454

0.856448
0.0844513
0.509279
0.374775
0.0327634

-0.856448
-0.0844513
-0.509279
-0.352136
0.152985

-0.144033
0.444318
0.884215
0.786941
0.0100688

-0.0646067
0.38492
0.920686
0.724166
0.010754

-0.147346
0.362682
0.920191
0.148617
0.0450069

0.147346
-0.362682
-0.920191
0.435445
0.0198884

-0.646602
0.111037
0.754703
0.299929
0.0453765

-0.547932
-0.342076
0.763384
0.795677
0.0035806

0.547932
0.342076
-0.763384
-1.50294
0.536906

0.346291
-0.853727
0.388887
0.737689
0.00511733

-0.346291
0.853727
-0.388887
-0.677144
0.195607

-0.157505
0.573811
-0.8037
-1.68016
0.688385

0.157505
-0.573811
0.8037
0.742672
0.00643783

0.129666
0.329019
0.935379
0.851799
0.00534717

-0.129666
-0.329019
-0.935379
-8.82663
23.1651

0.0573976
0.737333
0.673087
-0.993654
0.321582

-0.0573976
-0.737333
-0.673087
0.706693
0.00702984

0.915835
0.259143
-0.306742
0.496261
0.0231878

-0.0883325
0.630626
0.771043
0.452799
0.0478134

0.0883325
-0.630626
-0.771043
-3.03143
2.59289

0.885935
-0.426402
0.182486
0.141846
0.0865112

-0.885935
0.426402
-0.182486
-0.930838
0.43791

-0.118374
-0.842622
-0.525334
0.738029
0.00380424

0.118374
0.842622
0.525334
-0.195649
0.0791996

0.0514299
0.547641
0.835131
0.874837
0.00187574

-0.940837
0.232261
0.246741
0.79345
0.00220699

-0.308374
-0.951265
0
-0.802124
0.255794

0.308374
0.951265
0
0.668998
0.00945033

0.725743
0.687966
0
0.302752
0.0930156

-0.725743
-0.687966
0
-3.22475
3.10695

0.646562
0.603589
-0.466517
-0.691961
0.460802

-0.646562
-0.603589
0.466517
-0.954862
0.614472

0.707158
0.204677
0.676783
0.512817
0.0195384

-0.707158
-0.204677
-0.676783
-0.545759
0.19575

0.909181
-0.362709
-0.20453
-0.192121
0.0972367

-0.909181
0.362709
0.20453
0.542235
0.0144547

-0.174521
-0.749416
-0.638685
-2.24707
1.24966

0.174521
0.749416
0.638685
0.664526
0.0134143

0.142143
-0.324811
-0.935036
-0.87045
0.227047

-0.142143
0.324811
0.935036
0.842304
0.00286783

0.675885
0.228827
0.700584
0.576571
0.0360879

-0.675885
-0.228827
-0.700584
-5.11434
7.50017

-0.422855
-0.156968
0.892499
0.947579
0.00138717

0.321925
0.483226
0.814161
0.945957
0.000572771

-0.104118
0.549752
0.828814
0.88072
0.0108299

0.394919
-0.428722
0.812549
0.823744
0.0029717

-0.394919
0.428722
-0.812549
-1.95598
0.81698

-0.699481
-0.369401
0.611775
-0.0862441
0.0580743

0.687495
-0.151012
0.710314
0.898129
0.000776844

-0.108783
0.112165
0.987717
0.876523
0.00212134

0.108783
-0.112165
-0.987717
-1.06902
0.279717
