
-0.420536
-0.231432
0.877262
0.644456
0.0129237

0.420536
0.231432
-0.877262
-1.55712
0.666638

-0.300144
-0.654137
0.694275
0.946197
0.000211026

0.300144
0.654137
-0.694275
-1.828
0.572253

-0.275278
0.261491
-0.925119
0.78869
0.00271304

0.996345
-0.0854183
0
0.759701
0.00872985

-0.996345
0.0854183
0
0.809558
0.00691019

0.365634
-0.0728578
0.927903
0.881833
0.00239144

-0.365634
0.0728578
-0.927903
-5.8253
7.92726

-0.562999
-0.256601
0.785613
-0.478156
0.400326

0.562999
0.256601
-0.785613
-1.79466
1.43003

0.330308
-0.258491
-0.907788
0.023236
0.173152

-0.330308
0.258491
0.907788
-2.63294
2.39034

-0.0225556
0.177965
0.983778
0.938667
0.00142888

0.0225556
-0.177965
-0.983778
-17.2505
126.39

0.182853
-0.134364
-0.973916
0.902912
0.000983498

-0.182853
0.134364
0.973916
-2.69205
1.34283

0.622953
-0.581957
0.522738
0.961584
8.09466e-05

-0.622953
0.581957
-0.522738
-0.994763
0.201247

0.997723
0.0674447
0
-1.75834
0.782349

-0.997723
-0.0674447
0
0.693516
0.00969733

0.00622762
0.0834563
-0.996492
-1.72298
2.11872

-0.510559
0.835337
0.203817
-2.45571e-05
0.0387184

0.510559
-0.835337
-0.203817
0.874012
0.000619508

0.106539
0.764256
0.636052
0.828369
0.00977173

-0.106539
-0.764256
-0.636052
-12.9021
63.8361

-0.879075
0.0572028
0.473238
0.99177
3.73598e-06

0.510651
-0.311443
-0.801398
-3.21839
2.26578

-0.510651
0.311443
0.801398
0.794737
0.00544153

-1
0
0
-1.29762
-0.929202

1
0
0
0.862096
0.494719

-0.712527
-0.0720875
0.697932
-0.539073
0.351845

0.712527
0.0720875
-0.697932
-0.831635
0.498219

0.569052
-0.579981
-0.582925
-1.18828
0.487289

-0.569052
0.579981
0.582925
0.515395
0.0239762

0.599717
0.790651
0.123331
-1.25914
0.602057

-0.599717
-0.790651
-0.123331
0.314027
0.0555816

-0.295343
-0.876853
0.379344
0.866726
0.000919028

0.295343
0.876853
-0.379344
-0.444924
0.106773

-0.645249
-0.381998
-0.661612
0.60993
0.00859936

0.736342
-0.0339566
0.675757
0.151865
0.113889

-0.736342
0.0339566
-0.675757
-2.18386
1.60433

0.173968
-0.778173
-0.603475
-6.85809
14.8929

-0.173968
0.778173
0.603475
0.589456
0.0406721

-0.156662
0.62178
-0.767363
-11.9553
61.9782

0.156662
-0.62178
0.767363
0.520881
0.0847778

0.797855
0.0528094
-0.600532
-7.36699
15.3631

-0.797855
-0.0528094
0.600532
0.801964
0.00861721

-0.123662
-0.537797
0.833956
0.793493
0.00354877

0.123662
0.537797
-0.833956
-1.38722
0.473043

-0.712487
-0.0088143
0.70163
-0.501763
0.34315

0.712487
0.0088143
-0.70163
-0.96149
0.58522

-0.0860436
-0.852383
-0.515791
-1.56057
0.823163

0.0860436
0.852383
0.515791
0.338868
0.0561729

-0.601773
-0.0217358
0.798371
-0.370268
0.443685

0.601773
0.0217358
-0.798371
-3.52985
4.84469

0.992516
-0.122116
0
0.122394
0.0191539

-0.551973
0.430593
0.714083
0.930042
0.0036245

0.551973
-0.430593
-0.714083
-36.0077
1013.6

-0.234616
-0.287622
-0.928563
-0.806501
0.178432

0.234616
0.287622
0.928563
0.911353
0.000432439

0.112741
0.7358
-0.667748
0.678192
0.017143

-0.112741
-0.7358
0.667748
-4.14892
4.36749

-0.137977
-0.0237573
-0.99015
-1.48034
0.589306

0.137977
0.0237573
0.99015
0.689445
0.00924856

-0.452888
0.870909
0.190812
-1.47668
0.330449

0.452888
-0.870909
-0.190812
0.985948
1.09494e-05

-0.419273
0
-0.90786
-0.82462
0.257757

0.419273
0
0.90786
0.691846
0.00748122

0.0996366
-0.80962
0.578436
0.590834
0.0037574

-0.731748
-0.0865838
-0.676054
-0.743778
0.248774

0.731748
0.0865838
0.676054
0.604286
0.012866

-0.0355993
0.580195
-0.813699
-17.1382
126.215

0.0355993
-0.580195
0.813699
0.924502
0.00219431

0.494474
0.31836
0.808791
0.737301
0.0176331

-0.303673
0.740625
0.599381
0.615451
0.0172411

0.303673
-0.740625
-0.599381
-1.99225
1.04279

-0.923059
-0.38466
0
-0.245706
0.178198

0.549999
-0.755447
0.356093
0.944843
0.000146212

-0.549999
0.755447
-0.356093
-0.676282
0.131218

-0.0869368
0.755993
-0.648781
-2.95933
1.86866

0.0869368
-0.755993
0.648781
0.809799
0.00435901

0.047708
-0.873643
-0.484224
-8.3171
22.6586

-0.047708
0.873643
0.484224
0.68384
0.0261346

-0.679719
0.142866
0.719424
0.889123
0.0015466

0.679719
-0.142866
-0.719424
-3.78808
2.86812

-0.625762
-0.570449
0.531986
0.106983
0.0306245

0.625762
0.570449
-0.531986
0.844111
0.000955513

-0.698101
0.188583
-0.690718
0.761624
0.00456068

0.303562
-0.355389
0.884052
0.628906
0.0328767

-0.134671
0.767886
-0.62627
0.287287
0.0251659

0.0384692
0.553797
-0.831762
0.144848
0.101925

-0.0384692
-0.553797
0.831762
-1.57968
0.927383

-0.00187325
0.827102
-0.562049
-1.92552
2.67097

0.00187325
-0.827102
0.562049
-3.21275
5.53847

0.431817
0.872225
-0.229688
-0.320758
0.0948524

0.509552
-0.401527
-0.761008
-2.11904
0.948463

-0.509552
0.401527
0.761008
0.823182
0.00310727

0.944121
-0.257473
0.205777
-0.271001
0.0921226

-0.944121
0.257473
-0.205777
0.746259
0.00367686

-0.191513
-0.404442
-0.894287
-10.7365
37.1073

0.191513
0.404442
0.894287
0.890084
0.00325795

0.190103
0.768059
0.611512
0.606209
0.0124275

-0.190103
-0.768059
-0.611512
-0.678421
0.224511

-0.0553999
0.699149
0.712826
0.985157
6.05807e-06

-0.39308
0.122122
0.911358
0.912566
0.00388601

0.39308
-0.122122
-0.911358
-23.2874
299.469

0.670597
-0.198311
-0.714823
0.875835
0.000830968

-0.670597
0.198311
0.714823
-0.499371
0.115975

0.411508
-0.728159
-0.548129
-0.00255525
0.047653

-0.411508
0.728159
0.548129
0.767584
0.0025692

-0.143849
-0.608088
-0.780728
-1.01666
0.416975

0.143849
0.608088
0.780728
0.429419
0.0335322

-0.977875
-0.209191
0
0.808895
0.0238467

0.977875
0.209191
0
-4.95452
4.63871

0.86133
0.203488
0.465514
0.845206
0.0013583

-0.86133
-0.203488
-0.465514
-0.543643
0.133239

-0.541385
-0.302971
0.78429
0.846758
0.0035089

0.541385
0.302971
-0.78429
-4.5167
4.52937

0.763151
-0.221372
0.607121
0.373356
0.0316357

-0.763151
0.221372
-0.607121
-0.257638
0.127137

-0.169672
0.265688
-0.949011
-1.16341
0.641903

0.169672
-0.265688
0.949011
-0.0600746
0.154421

0.216462
0.4946
0.841733
0.894553
0.000547085

-0.437457
-0.079134
-0.895751
-1.54521
0.664446

0.437457
0.079134
0.895751
0.633806
0.0137639

0.537272
-0.592718
0.60002
0.635324
0.00760296

0.672006
-0.413898
0.614082
-0.268692
0.234286

-0.672006
0.413898
-0.614082
-1.06083
0.613367

0.0657789
-0.418719
-0.90573
-0.0341671
0.141149

-0.0657789
0.418719
0.90573
-1.05339
0.555448

-0.686817
0.185403
-0.702785
0.523103
0.00739351

-0.101368
0.861871
-0.496893
-0.199657
0.114893

0.101368
-0.861871
0.496893
0.34307
0.0344571

0.982264
0.0324783
-0.184667
0.153324
0.0575799

-0.05279
0.395927
-0.916763
0.994185
6.3796e-06

-0.998888
-0.0471416
0
-0.744599
0.337807

0.998888
0.0471416
0
0.138533
0.082405

-0.913496
0.0533214
-0.403338
0.356608
0.0451301

-0.727215
0.234768
0.645014
0.671428
0.00770239

0.727215
-0.234768
-0.645014
-0.556458
0.172467

0.862531
-0.344521
0.370603
0.405893
0.0819251

-0.862531
0.344521
-0.370603
-5.60117
10.1085

-0.667205
0.0243315
0.744476
0.778766
0.00317855

-0.407142
0.690708
0.597628
-0.126326
0.144827

0.407142
-0.690708
-0.597628
-0.471117
0.24697

-0.195501
0.071173
0.978117
0.981388
2.67888e-05

0.195501
-0.071173
-0.978117
-1.01311
0.186976

-0.162826
-0.0787052
-0.98351
0.709621
0.00187837

0.917402
0.105807
-0.383638
0.98582
7.45328e-05

-0.371851
0.802524
0.466564
0.844401
0.00102485

0.371851
-0.802524
-0.466564
-0.00818062
0.0422887

0.847042
-0.451363
0.280698
0.975024
6.5826e-05

0.63004
0.499738
0.5944
0.622062
0.00850779

-0.63004
-0.499738
-0.5944
-0.0780127
0.0691917

0.0880838
-0.17993
0.979728
0.98304
4.80885e-05

-0.0880838
0.17993
-0.979728
-7.20841
11.1192

0.661601
-0.630248
0.406291
-0.537242
0.150352

-0.661601
0.630248
-0.406291
0.759417
0.00368774

0.532793
-0.782921
0.321196
0.927348
0.000598652

-0.532793
0.782921
-0.321196
-3.57254
2.35346

0.3239
-0.00957896
-0.946043
-0.55599
0.12611

-0.3239
0.00957896
0.946043
0.884265
0.000756418

-0.548265
-0.453241
0.702836
0.952879
0.000207058

-0.298225
0.232588
0.925724
0.811922
0.000720238

0.684629
-0.128025
0.71756
0.389223
0.0331641

-0.684629
0.128025
-0.71756
-0.525986
0.206996

-0.950882
0.150252
-0.270642
0.171194
0.0566947

0.950882
-0.150252
0.270642
-0.0357292
0.0883499

0.601287
-0.704322
-0.377338
-1.03005
0.353818

-0.601287
0.704322
0.377338
0.660262
0.00991577

-0.829241
0.425288
0.362615
0.460324
0.02248

0.829241
-0.425288
-0.362615
-0.305886
0.131476

0.265378
0.0121112
0.964069
0.791034
0.00794913

-0.265378
-0.0121112
-0.964069
-5.55316
7.78927

-0.146835
-0.931197
-0.333635
-1.3913
0.633524

0.146835
0.931197
0.333635
0.476059
0.030441

0.0574548
0.216308
-0.974633
0.105189
0.0306573

-0.0574548
-0.216308
0.974633
0.845916
0.000927595

0.75612
0.144339
-0.638317
-13.0918
64.1302

-0.75612
-0.144339
0.638317
0.869713
0.00548998

0.319948
0.919966
-0.226488
0.117231
0.0549254

-0.319948
-0.919966
0.226488
0.281836
0.036356

0.644413
-0.411942
-0.644232
0.449902
0.0457716

-0.500918
0.340476
0.795712
0.548635
0.0451488

0.500918
-0.340476
-0.795712
-5.82622
10.3223

-0.58474
0.584247
0.562791
-5.82169
6.10032

0.58474
-0.584247
-0.562791
0.994161
5.60029e-06

-0.577612
0.458662
-0.675273
-0.976515
0.25221

0.577612
-0.458662
0.675273
0.865868
0.00119644

0.0510468
0.679978
0.731454
0.75952
0.0168191

-0.0510468
-0.679978
-0.731454
-10.229
36.5033

-0.795661
0.192775
-0.574248
-0.65636
0.207157

0.795661
-0.192775
0.574248
0.653854
0.00910241

0.489509
-0.593131
0.6392
0.622062
0.00852282

-0.489509
0.593131
-0.6392
-0.0780127
0.0692161

-0.102912
-0.964623
0.242716
-0.0351317
0.060894

0.102912
0.964623
-0.242716
0.642718
0.00726293

0.560553
0.00154133
0.828117
0.922084
0.00236485

-0.560553
-0.00154133
-0.828117
-17.1202
126.142

0.815944
0.0434533
0.576496
0.582842
0.00836365

-0.815944
-0.0434533
-0.576496
0.310412
0.0228317

0.0590558
0.458194
0.886888
0.324202
0.133385

-0.28754
0.317808
0.903504
0.898307
0.00102631

0.28754
-0.317808
-0.903504
-2.47084
1.13803

0.100769
-0.86382
0.493619
0.936229
0.000723305

0.126768
0.991932
0
-0.918849
0.312476

-0.126768
-0.991932
0
0.63272
0.0115864

-0.0445411
-0.617372
0.785409
0.875374
0.00158056

-0.626124
-0.571694
0.530222
0.497888
0.0481499

-0.415425
0.669908
0.615342
0.16152
0.0221541

0.415425
-0.669908
-0.615342
0.905928
0.000298229

-0.124881
-0.633953
-0.763222
-17.4406
126.579

0.124881
0.633953
0.763222
0.959163
0.000635303

0.411215
-0.854473
0.317457
0.411015
0.0230211

-0.411215
0.854473
-0.317457
0.0636387
0.05815

-0.178963
0.874129
-0.451521
0.109466
0.0563817

0.178963
-0.874129
0.451521
0.301914
0.0349516

-0.0629341
0.583459
0.8097
0.851799
0.00532873

0.0629341
-0.583459
-0.8097
-8.82663
23.1702

-0.100093
-0.667438
0.737908
0.529459
0.0193905

0.100093
0.667438
-0.737908
-0.754602
0.269221

0.55257
-0.345523
0.758472
0.89011
0.00147179

-0.55257
0.345523
-0.758472
-1.4515
0.433985

-0.311941
-0.510762
0.801133
-4.94857
5.84504

0.311941
0.510762
-0.801133
0.806564
0.00625426

-0.829387
0.558674
0
0.825332
0.00264634

0.829387
-0.558674
0
-1.67451
0.618949

-0.44004
-0.108601
0.891387
0.918423
0.000162411

0.177867
0.148282
-0.972818
-3.05731
3.07451

-0.177867
-0.148282
0.972818
0.125403
0.143259

-0.42129
-0.186548
0.887533
-0.367683
0.200174

0.42129
0.186548
-0.887533
-0.064806
0.121447

-0.823
-0.0421316
0.566477
0.0856974
0.0569087

0.823
0.0421316
-0.566477
0.36044
0.0278837

0.809651
0.459546
0.365078
-0.724826
0.33428

-0.809651
-0.459546
-0.365078
0.100324
0.0909828

0.426397
-0.595141
-0.68117
-1.74727
0.780046

-0.426397
0.595141
0.68117
0.684821
0.0103461

0.892066
0.187333
0.411247
0.793229
0.00235199

-0.892066
-0.187333
-0.411247
-0.317047
0.0946918

-0.911589
-0.411103
0
-1.13312
0.631132

0.911589
0.411103
0
-0.118559
0.183237

0.174663
0.0106579
-0.984571
-7.02986
11.0578

-0.174663
-0.0106579
0.984571
0.962099
0.000268748

0.630527
-0.293867
-0.718386
-12.3014
62.755

-0.630527
0.293867
0.718386
0.653972
0.0424764

0.340511
0.204805
0.917664
0.630488
0.00612592

-0.773198
-0.370142
-0.514936
0.243425
0.0398689

0.773198
0.370142
0.514936
0.179061
0.0469381

-0.555933
-0.598634
0.576694
-0.447709
0.197361

0.555933
0.598634
-0.576694
0.247565
0.0533319

-0.120364
-0.99273
0
0.673127
0.00518032

-0.758411
-0.46487
0.456847
0.382793
0.0198552

0.758411
0.46487
-0.456847
0.436828
0.0165324

-0.306681
0.764424
-0.567101
-1.02985
0.457724

0.306681
-0.764424
0.567101
0.304459
0.0538327

0.707107
0.707107
0
0.922734
0.0652179

-0.338371
-0.324792
-0.883185
-1.05159
0.187942

0.338371
0.324792
0.883185
0.988276
1.17063e-05

0.957543
0.28829
0
0.70001
0.0209388

-0.957543
-0.28829
0
-4.71221
5.5141

-0.185686
-0.772359
0.607438
0.604942
0.0191585

0.185686
0.772359
-0.607438
-2.17143
1.22964

-0.61101
-0.373448
-0.697999
-1.37553
0.391553

0.61101
0.373448
0.697999
0.900986
0.000698413

0.871377
-0.270375
-0.409388
0.970979
2.85428e-05

-0.871377
0.270375
0.409388
-0.265592
0.0528993

0.569459
0.520136
-0.636534
-3.07622
2.22234

-0.569459
-0.520136
0.636534
0.717713
0.0107232

0.542953
0.0943446
0.834446
0.882313
0.00165322

-0.900851
-0.249721
0.355115
-0.495898
0.310878

0.900851
0.249721
-0.355115
-0.647971
0.377089

0.790006
0.6131
0
-0.325528
0.328223

-0.790006
-0.6131
0
-2.11645
1.80329

0.283492
0.779639
0.558386
0.304316
0.0303719

-0.283492
-0.779639
-0.558386
0.278312
0.0326797

-0.968524
-0.24892
0
-3.20765
2.66865

0.968524
0.24892
0
0.59274
0.0251838

-0.858909
-0.512128
0
0.35797
0.032943

0.858909
0.512128
0
0.259332
0.0418026

0.424419
-0.134973
0.89535
0.348026
0.0439775

-0.424419
0.134973
-0.89535
-0.867193
0.358993

-0.518103
0.816405
-0.255053
0.573362
0.0134847

0.518103
-0.816405
0.255053
-0.426538
0.150727

0.785715
-0.232398
-0.573274
-0.627034
0.156557

-0.785715
0.232398
0.573274
0.834863
0.00164263

0.077601
-0.650833
-0.755245
-1.53636
0.59824

-0.077601
0.650833
0.755245
0.733837
0.00667114

0.833865
0.524676
-0.171417
-0.329021
0.141684

-0.833865
-0.524676
0.171417
0.420416
0.0269516

-0.348651
0.45341
-0.820282
-1.22055
0.657276

0.348651
-0.45341
0.820282
0.0436859
0.122131

-0.335719
-0.036129
0.941269
0.877709
0.00152426

0.0478246
-0.306851
0.950555
-0.358119
0.0633695

-0.0478246
0.306851
-0.950555
0.974374
2.60397e-05

-0.0818327
0.539509
0.837994
0.907937
0.00234029

-0.820194
-0.0490963
0.569975
-1.03135
0.419508

0.820194
0.0490963
-0.569975
0.448959
0.03095

0.419874
0.202813
-0.884631
0.543707
0.0251452

-0.432012
-0.299634
-0.850638
0.932956
0.000553019

0.593946
0.575136
-0.562536
-0.454952
0.120497

-0.593946
-0.575136
0.562536
0.810272
0.00208097

-0.27255
0.728253
0.62878
0.706693
0.00696712

-0.293924
-0.536593
-0.790997
-2.65541
1.54087

0.293924
0.536593
0.790997
0.784404
0.00543788

0.680838
-0.118251
-0.722825
0.986112
4.713e-06

-0.799577
0.00503011
0.600542
-0.104506
0.141948

0.799577
-0.00503011
-0.600542
-0.551469
0.279939

0.33069
0.194883
-0.923398
-2.7078
1.79601

-0.33069
-0.194883
0.923398
0.662091
0.0150772

0.359876
-0.818331
0.448133
0.30983
0.0168371

-0.359876
0.818331
-0.448133
0.803965
0.00138894

-0.360353
-0.0109365
-0.932752
-1.34729
0.765564

0.360353
0.0109365
0.932752
0.0229769
0.132669

0.577266
-0.226677
-0.784462
-1.41612
0.578265

-0.742052
-0.0835555
-0.665115
-0.241254
0.133147

0.742052
0.0835555
0.665115
0.249114
0.0488061

-0.378241
-0.869122
-0.318686
0.286429
0.0442378

0.378241
0.869122
0.318686
-0.306163
0.148155

0.819314
-0.247
-0.517413
-2.08399
1.20543

-0.819314
0.247
0.517413
0.527783
0.0282781

-0.285069
-0.89994
0.329915
0.032223
0.042648

0.285069
0.89994
-0.329915
0.778993
0.0022355

0.186919
0.283837
-0.940478
-2.63105
1.1591

-0.186919
-0.283837
0.940478
0.948151
0.000264028

0.339826
0.309315
0.888168
0.773469
0.00337586

-0.0796197
-0.554448
0.828401
0.818398
0.000672803

0.0796197
0.554448
-0.828401
0.765172
0.00109606

0.367869
0.196391
-0.908902
-2.53634
2.33816

-0.367869
-0.196391
0.908902
-0.108997
0.229961

0.102624
-0.558956
-0.822823
-2.89308
1.51643

-0.102624
0.558956
0.822823
0.917546
0.000739474

0.654443
0.0541088
-0.754173
-0.674029
0.170342

-0.654443
-0.0541088
0.754173
0.830521
0.00175182

0.256456
-0.300099
-0.918788
-2.90766
2.5324

-0.256456
0.300099
0.918788
0.337453
0.0730848

-0.390085
-0.247344
-0.886936
-0.781796
0.443254

0.390085
0.247344
0.886936
-0.394331
0.271473

-0.683504
0.535051
0.49653
0.549821
0.0279658

0.683504
-0.535051
-0.49653
-2.561
1.74893

0.0984851
0.339649
0.935382
0.507881
0.0192014

-0.0984851
-0.339649
-0.935382
-0.432088
0.161139

-0.810039
0.478904
0.338359
0.895517
0.000997264

0.810039
-0.478904
-0.338359
-2.27657
0.973769

0.306156
-0.646285
-0.698988
-1.82104
0.710631

-0.306156
0.646285
0.698988
0.831434
0.00258468

-0.33163
-0.14063
0.932869
0.968295
0.000490989

-0.800111
0.45978
-0.385258
-4.51669
6.9978

0.800111
-0.45978
0.385258
0.117329
0.179161

-0.704299
-0.709903
0
0.803589
0.00244742

0.704299
0.709903
0
-0.405445
0.111536

0.940337
-0.15277
0.30402
0.346709
0.0580834

-0.940337
0.15277
-0.30402
-1.91159
1.15315

0.315796
-0.940746
0.123573
-0.284552
0.109256

-0.315796
0.940746
-0.123573
0.623108
0.00940781

0.334392
-0.237949
0.9119
-1.13312
0.633701

-0.334392
0.237949
-0.9119
-0.118559
0.174318

-0.274753
0.632218
0.724439
-1.2184
0.727028

0.274753
-0.632218
-0.724439
-0.217246
0.219067

-0.769379
-0.275194
0.576476
-0.847793
0.241407

0.769379
0.275194
-0.576476
0.775819
0.00359346

-0.745293
-0.212385
-0.632006
-0.101376
0.125565

0.745293
0.212385
0.632006
-0.243344
0.159983

0.216008
0.84759
-0.484698
0.0387576
0.115502

-0.216008
-0.84759
0.484698
-0.978822
0.489469

0.463403
0.833279
-0.301503
0.241343
0.0342625

-0.463403
-0.833279
0.301503
0.405471
0.0210486

0.559617
0.678594
-0.475751
-2.34186
1.66817

-0.559617
-0.678594
0.475751
0.339884
0.0651066

0.110621
0.686315
0.718843
0.891699
0.000831368

-0.6557
0.162999
0.737217
0.804966
0.00461178

-0.978655
0.124168
-0.16376
0.476192
0.0173125

0.978655
-0.124168
0.16376
0.0588539
0.0558771

0.678867
-0.0862259
0.72918
-1.09187
0.514448

-0.678867
0.0862259
-0.72918
0.233663
0.0690811

0.393202
0.600302
0.69644
0.655821
0.0163984

-0.393202
-0.600302
-0.69644
-2.97871
2.18998

0.311386
-0.832075
-0.459009
0.961458
9.15939e-05

0.496317
-0.607597
0.620076
0.835262
0.00192525

0.338531
-0.0236325
0.940658
0.908419
0.000623327

-0.909768
-0.252077
0.329817
0.381659
0.011027

0.909768
0.252077
-0.329817
0.863718
0.000548174

-0.169555
-0.57154
-0.802866
-0.964565
0.18546

0.169555
0.57154
0.802866
0.970162
4.40702e-05

-0.329303
-0.938442
0.104332
-0.0268493
0.0888842

0.329303
0.938442
-0.104332
0.114605
0.0660831

-0.762577
-0.337968
-0.551593
-0.535898
0.194649

0.762577
0.337968
0.551593
0.498483
0.0208168

-0.837561
0.325325
-0.438925
-1.61231
1.1849

0.837561
-0.325325
0.438925
-0.427153
0.353727

0.0866323
0.964728
-0.248587
0.116821
0.105534

-0.0866323
-0.964728
0.248587
-1.40444
0.782048

0.240624
-0.606043
-0.758164
-3.26434
3.16925

-0.240624
0.606043
0.758164
0.34072
0.0789339

-0.257388
-0.0726294
0.963575
0.887959
0.00646505

0.257388
0.0726294
-0.963575
-23.1014
298.974

-0.573174
0.166318
-0.802378
-1.19546
0.446162

0.573174
-0.166318
0.802378
0.636047
0.0122687

0.18537
0.817548
0.545209
-1.20158
0.591235

-0.18537
-0.817548
-0.545209
0.221647
0.0739916

0.407033
0.712559
0.571475
0.169716
0.0495934

-0.407033
-0.712559
-0.571475
0.203949
0.0455947

0.195133
0.206757
0.958736
-2.07908
0.835759

-0.195133
-0.206757
-0.958736
0.883584
0.00119866

0.335066
-0.63203
0.698763
-0.373046
0.288719

-0.335066
0.63203
-0.698763
-1.14537
0.704511

0.152538
-0.469258
-0.869787
0.977904
3.91317e-05

-0.152538
0.469258
0.869787
-1.61992
0.407411

0.850488
0.0132114
0.525829
0.764456
0.00594981

-0.850488
-0.0132114
-0.525829
-2.19715
1.08938

-0.773798
-0.428993
0.466049
0.882979
0.00372224

-0.672997
0.533682
0.512113
0.930581
0.0005858

0.672997
-0.533682
-0.512113
-3.93159
2.90093

0.69056
0.276984
0.668136
-1.31041
0.937928

-0.69056
-0.276984
-0.668136
-0.697442
0.506299

-0.482715
-0.212798
0.849531
0.778752
0.00772344

0.482715
0.212798
-0.849531
-4.34835
4.45849

-0.911342
-0.386173
-0.14257
-0.394757
0.116812

0.911342
0.386173
0.14257
0.754136
0.00367066

0.422765
-0.0568112
0.904457
0.882979
0.00117418

-0.358189
0.173734
0.917343
0.798445
0.00246298

0.358189
-0.173734
-0.917343
-0.531762
0.140948

-0.275564
0.391531
-0.877934
-16.5531
125.126

0.275564
-0.391531
0.877934
0.824468
0.0125177

-0.851106
-0.505679
0.141093
0.188938
0.0632994

0.851106
0.505679
-0.141093
-0.418716
0.193666

-0.549022
0.0927214
0.830649
0.843759
0.00140374

0.549022
-0.0927214
-0.830649
-0.589119
0.14453

0.114376
-0.319811
0.940552
-2.66326
3.98532

-0.114376
0.319811
-0.940552
-2.07816
2.81391

-0.707105
-0.707108
0
0.52894
0.320392

0.920248
0.21354
0.32794
0.760979
0.0128197

0.612676
0.383665
-0.690962
0.729393
0.0071541

0.57635
0.817203
0
0.956962
0.000156133

0.661505
0.659045
0.357869
0.993948
2.5775e-06

-0.661505
-0.659045
-0.357869
-2.36787
0.761635

-0.447527
0.5166
0.729962
0.832555
0.0113496

0.447527
-0.5166
-0.729962
-16.5921
125.211

-0.851336
0.466044
-0.240896
0.878618
0.00014386

-0.718133
0.692506
-0.0687042
0.35877
0.0182214

0.0274802
0.134392
0.990547
0.987563
7.37193e-05

-0.0274802
-0.134392
-0.990547
-24.185
301.072

0.449698
-0.795308
-0.406519
0.429658
0.0177739

-0.449698
0.795308
0.406519
0.330642
0.0244803

-0.293907
-0.210814
0.932296
0.876302
0.00127407

0.293907
0.210814
-0.932296
-1.64596
0.554235

0.0189666
0.923203
0.383844
0.175213
0.0561062

-0.0189666
-0.923203
-0.383844
-0.0498239
0.0908734

0.684172
-0.675719
0.274432
0.786942
0.0100548

-0.684172
0.675719
-0.274432
-7.32261
15.3278

-0.0462074
0.110376
-0.992815
-15.734
122.909

0.0462074
-0.110376
0.992815
0.603929
0.0688801

0.692011
-0.200383
-0.693519
-5.74573
7.88772

-0.692011
0.200383
0.693519
0.858312
0.00352068

-0.752272
-0.658853
0
0.605035
0.00734668

0.0105053
0.886949
-0.461748
0.51688
0.0122964

-0.0105053
-0.886949
0.461748
0.280523
0.0272251

-0.63297
-0.0807021
0.769959
0.684759
0.00818511

0.63297
0.0807021
-0.769959
-0.970246
0.318789

0.309439
-0.0819483
-0.947381
-36.3507
1014.57

-0.309439
0.0819483
0.947381
0.95708
0.00136324

-0.00738309
-0.944027
-0.329786
0.872084
0.000646118

0.00738309
0.944027
0.329786
-0.0182669
0.0408253

-0.683445
-0.159608
0.71234
0.727109
0.00396914

0.683445
0.159608
-0.71234
-0.0689418
0.0599321

-0.076207
-0.378843
-0.922318
-7.19698
15.2093

0.076207
0.378843
0.922318
0.740934
0.0153229

0.0335472
0.766438
-0.641441
-1.07938
0.281209

-0.0335472
-0.766438
0.641441
0.882122
0.000910715

-0.300538
0.0608335
-0.951828
-2.18817
1.40533

0.300538
-0.0608335
0.951828
0.424133
0.0458791

-0.783442
0.125717
-0.608617
-0.274284
0.0876764

0.783442
-0.125717
0.608617
0.78629
0.00250639

-0.867069
-0.436189
-0.240689
-0.115599
0.11334

0.867069
0.436189
0.240689
0.0494317
0.0822922

0.253559
-0.278164
0.926462
0.769302
0.00485204

-0.0833061
-0.838329
-0.538763
0.543609
0.0224405

0.0833061
0.838329
0.538763
-1.45263
0.646165

-0.643206
-0.076566
0.761856
0.946931
9.2994e-05

-0.707445
0.0794031
-0.702294
-0.416761
0.140999

0.707445
-0.0794031
0.702294
0.62528
0.00986445

0.165302
-0.224425
0.960369
0.955727
0.000127816

0.420242
0.262323
-0.868667
-2.64715
1.33695

-0.420242
-0.262323
0.868667
0.886421
0.00130225

-0.916963
-0.331404
0.222151
0.960071
0.000171728

-0.920933
0.25822
0.291898
-0.0294292
0.0939041

0.920933
-0.25822
-0.291898
0.0226833
0.0846399

-0.662453
-0.0742695
-0.745413
-0.250689
0.095877

0.662453
0.0742695
0.745413
0.67956
0.00629599

-0.83614
-0.447169
0.317662
-2.3695
1.46339

0.83614
0.447169
-0.317662
0.5912
0.0215796

-0.51543
-0.669188
0.535275
0.661623
0.00382364

-0.401124
0.609735
0.68361
0.861877
0.00524623

0.401124
-0.609735
-0.68361
-10.6062
36.9727

0.727465
-0.195268
-0.657773
-1.84544
0.894662

-0.727465
0.195268
0.657773
0.637059
0.0145766

-0.773607
0.506462
-0.380827
-0.0197542
0.0690459

0.773607
-0.506462
0.380827
0.469433
0.0187134

-0.00081088
-0.253185
0.967418
-0.325083
0.583091

0.00081088
0.253185
-0.967418
-6.81534
20.2617

-0.197774
-0.136149
0.970747
-0.0539213
0.0313574

0.197774
0.136149
-0.970747
0.971925
2.26893e-05

-0.311872
0.404067
-0.859922
0.180542
0.0400427

0.311872
-0.404067
0.859922
0.459032
0.017534

-0.660999
0.459272
0.593423
0.575929
0.0143041

0.660999
-0.459272
-0.593423
-0.591918
0.200625

-0.977945
0.121593
0.169822
0.359298
0.0181946

0.977945
-0.121593
-0.169822
0.617431
0.0064898

-0.837592
0.179702
-0.515894
-6.43312
10.735

0.837592
-0.179702
0.515894
0.822572
0.00657437

0.152829
0.948641
-0.276989
-0.263298
0.055636

-0.152829
-0.948641
0.276989
0.960548
5.74386e-05

0.352008
0.120779
0.928172
0.923336
0.00089107

-0.757737
0.42942
0.491359
0.481922
0.0449909

0.757737
-0.42942
-0.491359
-3.42667
3.28341

-0.339942
-0.485631
0.805359
0.866531
0.00492519

0.205286
0.831097
-0.516851
-0.530275
0.415012

-0.508093
0.0855755
0.857041
0.281956
0.039324

0.508093
-0.0855755
-0.857041
-0.0256001
0.0802222

-0.00933602
0.512737
-0.858495
-0.961496
0.271277

0.00933602
-0.512737
0.858495
0.808448
0.00266511

-0.871572
-0.490268
0
0.32332
0.0173841

0.871572
0.490268
0
0.886754
0.00138823

-0.719635
-0.643658
0.260443
-1.19253
0.649871

0.719635
0.643658
-0.260443
-0.006145
0.136876

0.0618116
-0.418835
0.905956
0.858547
0.0104517

-0.0618116
0.418835
-0.905956
-22.9057
298.387

0.425384
0.42192
-0.800645
-9.14566
23.4112

-0.425384
-0.42192
0.800645
0.922322
0.00140258

0.258809
0.450753
0.854306
0.926781
0.00036761

-0.258809
-0.450753
-0.854306
-1.25674
0.319134

-0.467357
-0.0111052
0.883999
0.870955
0.00454858

0.675483
-0.209233
0.707068
0.337454
0.0728706

-0.27574
0.830138
-0.484601
0.715354
0.00311086

0.27574
-0.830138
0.484601
0.387697
0.0142934

-0.860259
-0.257859
0.439844
0.778752
0.00763904

0.860259
0.257859
-0.439844
-4.34835
4.46233

-0.916991
-0.0171374
-0.398541
0.966135
5.26276e-05

0.916991
0.0171374
0.398541
-0.786495
0.144208

0.767512
-0.000841544
0.641033
0.582596
0.0144502

-0.767512
0.000841544
-0.641033
-0.72574
0.246668

0.394404
0.553122
-0.733827
0.203949
0.0456569

-0.394404
-0.553122
0.733827
0.169716
0.0496565
