
0.680196
-0.530696
0.505663
0.668998
0.00865442

0.305296
0.840474
0.447659
-0.349608
0.0738259

-0.305296
-0.840474
-0.447659
0.936101
0.000167361

0.425827
0.191327
0.884344
0.944105
0.000306916

-0.425827
-0.191327
-0.884344
-3.0664
1.62154

-0.0027398
0.0828401
-0.996559
-0.539073
0.351955

0.0027398
-0.0828401
0.996559
-0.831635
0.498267

0.633323
-0.0194377
0.773643
0.996624
2.59026e-06

-0.633323
0.0194377
-0.773643
-5.29042
4.69899

0.25575
0.453228
-0.853918
-5.14137
4.68376

-0.25575
-0.453228
0.853918
0.98585
3.11682e-05

-0.893894
-0.179183
0.41091
0.483611
0.0106547

0.893894
0.179183
-0.41091
0.609536
0.00610173

-0.689746
0.0783682
-0.719798
0.630557
0.0165738

0.738935
-0.028471
-0.673176
0.244772
0.0328729

-0.738935
0.028471
0.673176
0.442246
0.0179396

0.096418
-0.265148
0.959375
0.964531
0.000929689

-0.000835084
0.891077
-0.453852
-0.867193
0.358948

0.000835084
-0.891077
0.453852
0.348026
0.0438172

-0.591155
-0.10142
0.800156
0.853724
0.00862116

0.591155
0.10142
-0.800156
-16.6994
125.39

0.834186
-0.551483
0
-0.0675128
0.0755228

-0.834186
0.551483
0
0.502687
0.0164085

0.710994
0.0308887
-0.70252
-1.08279
0.392607

-0.710994
-0.0308887
0.70252
0.621618
0.0129636

-0.810774
0.0221296
0.584941
0.329422
0.0109327

0.810774
-0.0221296
-0.584941
0.936052
0.000120878

-0.655428
-0.0459378
-0.753859
0.430099
0.00888517

-0.479271
0.0659671
0.875184
0.872774
0.000559034

0.632776
0.725737
0.27
-0.437356
0.112655

-0.632776
-0.725737
-0.27
0.83057
0.00156749

-0.23754
-0.608435
0.75722
-2.48988
0.873212

0.23754
0.608435
-0.75722
0.989881
1.0884e-05

0.0297398
-0.0751296
-0.99673
0.693516
0.0281226

-0.0297398
0.0751296
0.99673
-10.0334
36.2117

-0.140125
0.0496927
-0.988886
-1.66069
0.951523

-0.586564
-0.729996
-0.350784
-0.168701
0.0746061

0.586564
0.729996
0.350784
0.743412
0.00384093

0.152269
-0.697829
0.699891
0.407022
0.0150611

-0.152269
0.697829
-0.699891
0.611918
0.00646106

0.866605
0.385024
-0.317415
0.488648
0.0253676

0.428349
0.792242
-0.434591
-0.150705
0.0940687

-0.428349
-0.792242
0.434591
0.471092
0.0199067

0.999761
0.0218538
0
0.940268
0.000437054

-0.921032
0.139858
0.363511
0.210187
0.0249767

0.921032
-0.139858
-0.363511
0.779873
0.00196288

0.727248
0.0200251
-0.686083
0.63458
0.00654746

-0.727248
-0.0200251
0.686083
0.223599
0.0293053

-0.979691
-0.200512
0
-0.419011
0.204515

0.979691
0.200512
0
0.302955
0.0692704

0.740208
0.661128
-0.122484
0.860368
0.00123497

0.61932
-0.384208
0.68471
0.49789
0.0482414

-0.61932
0.384208
-0.68471
-4.37799
5.51928

0.358389
-0.544423
-0.758394
-3.95088
3.51237

-0.358389
0.544423
0.758394
0.801965
0.00568676

-0.784054
0.39258
0.48077
0.545518
0.0063479

-0.0678824
-0.506303
-0.85968
-4.14483
3.5785

0.0678824
0.506303
0.85968
0.876775
0.00206647

-0.771587
-0.19119
-0.606712
-0.61733
0.203196

0.771587
0.19119
0.606712
0.608012
0.0119528

-0.619546
-0.467742
-0.630381
0.0974594
0.0345587

0.0995262
-0.832426
0.545125
0.0145588
0.118663

-0.0995262
0.832426
-0.545125
-0.863089
0.423851

-0.712136
-0.144912
-0.686923
-0.117018
0.0748667

0.712136
0.144912
0.686923
0.635259
0.00799035

0.0188536
0.181406
0.983228
0.533599
0.0146147

-0.0188536
-0.181406
-0.983228
-0.117086
0.0829159

-0.913494
-0.406852
0
0.968722
4.98975e-05

0.913494
0.406852
0
-0.959133
0.185272

-0.631847
-0.370588
0.68076
-3.5524
4.01842

0.631847
0.370588
-0.68076
0.220517
0.117995

-0.185919
-0.956437
-0.225083
-0.227885
0.13971

0.185919
0.956437
0.225083
0.112856
0.0729365

-0.817987
-0.552226
-0.161069
0.41019
0.032196

0.817987
0.552226
0.161069
-0.670594
0.25821

0.663372
0.129617
-0.736978
-2.18742
1.23377

-0.663372
-0.129617
0.736978
0.618074
0.0178256

0.651593
0.599484
0.464807
-0.0873849
0.110495

-0.651593
-0.599484
-0.464807
-0.0294039
0.0990262

-0.507218
-0.590996
0.627259
-8.35441
22.6988

0.507218
0.590996
-0.627259
0.698643
0.0236281

-0.909015
0.289405
0.299893
0.848561
0.00252263

0.575978
0.301738
0.759739
0.599613
0.00911022

-0.575978
-0.301738
-0.759739
0.355316
0.0213639

0.115129
0.543838
0.831255
0.84007
0.00357434

-0.393308
0.222779
0.892008
0.114605
0.0661399

0.393308
-0.222779
-0.892008
-0.0268493
0.0889418

-0.177584
0.387911
0.904427
-2.18197
0.750443

0.177584
-0.387911
-0.904427
0.966055
0.000102231

0.342898
-0.897377
0.277734
-17.5729
126.766

-0.342898
0.897377
-0.277734
0.970869
0.000313234

-0.422586
-0.729045
0.538438
-3.24027
1.64107

0.422586
0.729045
-0.538438
0.978366
4.65412e-05

-0.185655
-0.251262
-0.949947
-1.14289
0.223241

0.185655
0.251262
0.949947
0.981792
2.60958e-05

-0.0673805
0.715133
-0.695733
-0.637286
0.13959

0.0673805
-0.715133
0.695733
0.904619
0.000905584

-0.571443
0.224196
0.789423
-0.00268054
0.0916294

0.571443
-0.224196
-0.789423
-0.0576181
0.101923

0.693189
-0.199229
-0.692673
-0.351842
0.127901

-0.693189
0.199229
0.692673
0.599769
0.0112937

-0.883524
-0.468386
0
-1.32242
0.61713

0.883524
0.468386
0
0.392078
0.0441748

-0.218299
0.0211174
0.975653
0.916426
0.00137408

-0.384052
-0.0639014
0.921098
0.923281
0.000270925

0.335581
0.0692384
-0.939463
-6.31381
14.2501

-0.335581
-0.0692384
0.939463
0.251067
0.149437

0.599116
0.153139
-0.785881
-11.0045
37.3162

-0.599116
-0.153139
0.785881
0.937268
0.00104265

0.123075
0.668255
0.733681
0.932667
0.000320991

0.70749
-0.0860479
-0.701466
-1.83901
1.00267

-0.70749
0.0860479
0.701466
0.47062
0.0349924

0.556366
0.202479
0.805891
0.796754
0.00437289

-0.556366
-0.202479
-0.805891
-2.25196
1.10006

0.343632
0.262655
-0.901626
0.974622
1.87044e-05

0.901697
0.305761
0.3057
0.910044
0.000652604

-0.901697
-0.305761
-0.3057
-1.49663
0.440684

0.807602
-0.264787
-0.52694
-1.11142
0.661849

-0.807602
0.264787
0.52694
-0.30842
0.254244

-0.894089
-0.44789
0
0.887839
0.00205146

0.0181348
0.512575
0.858451
0.697389
0.00564792

-0.0181348
-0.512575
-0.858451
-0.302928
0.104626

-0.343833
-0.781321
-0.52088
-5.99099
13.804

0.343833
0.781321
0.52088
-0.0145624
0.29087

-0.41671
0.235318
0.878054
0.843446
0.012891

-0.494531
0.259217
0.829605
0.939925
0.000165858

0.494531
-0.259217
-0.829605
-0.576049
0.112289

-0.483917
0.831731
0.272119
0.990378
3.3592e-06

0.205742
-0.511593
-0.834232
-7.55088
15.4976

-0.205742
0.511593
0.834232
0.857633
0.00431085

0.494227
0.734951
-0.464314
0.96228
6.31377e-05

-0.703064
-0.711127
0
-0.0258791
0.119675

0.703064
0.711127
0
-0.512639
0.255836

-0.494036
0.502206
-0.709731
0.463986
0.0290322

0.494036
-0.502206
0.709731
-1.04291
0.421489

-0.566627
-0.175486
-0.805071
-13.4933
64.577

0.566627
0.175486
0.805071
0.937269
0.00123456

-0.230593
0.473008
0.850347
0.886948
0.000853139

0.230593
-0.473008
-0.850347
-1.16815
0.312702

0.577241
0.304574
-0.757646
0.737905
0.00151594

-0.577241
-0.304574
0.757646
0.787156
0.00101381

0.95438
-0.213949
0.208291
0.119378
0.0843101

-0.95438
0.213949
-0.208291
-0.653738
0.297288

-0.488009
-0.872839
0
0.926965
0.00395711

0.488009
0.872839
0
-35.9735
1013.45

0.0513659
-0.538411
-0.841115
-12.1752
62.4831

-0.0513659
0.538411
0.841115
0.608348
0.0552246

0.455701
-0.276371
0.846142
-0.617234
0.137205

0.305102
0.335846
-0.891134
-4.47658
5.58194

-0.305102
-0.335846
0.891134
0.564323
0.035521

-0.823137
0.368827
0.431754
-0.0822872
0.0936

0.585087
0.810971
0
0.995231
0.000140906

0.68493
0.0339618
0.727817
0.740899
0.00354262

-0.536531
0.515056
0.66847
0.554421
0.0346419

0.536531
-0.515056
-0.66847
-3.95088
4.26308

-0.226517
0.0839784
-0.97038
-5.74263
10.2461

0.226517
-0.0839784
0.97038
0.498482
0.0566892

0.374493
-0.766623
0.521579
0.258869
0.0739467

-0.374493
0.766623
-0.521579
-1.66069
0.951907

0.321513
0.0946871
-0.942159
-1.1016
0.624947

-0.321513
-0.0946871
0.942159
-0.182148
0.198019

0.0505753
-0.533401
0.844349
0.819663
0.0033698

-0.0505753
0.533401
-0.844349
-0.905244
0.247083

-0.597611
-0.653362
0.464735
0.489855
0.0174125

-0.786046
-0.114434
0.607484
-1.06877
1.05985

0.786046
0.114434
-0.607484
-2.67779
3.34896

0.614079
-0.532771
0.58229
0.593741
0.00525576

-0.614079
0.532771
-0.58229
0.696855
0.00295466

-0.77798
-0.158928
-0.607856
-5.97249
10.4493

0.77798
0.158928
0.607856
0.628684
0.0296542

-0.620113
0.299916
-0.724921
0.9949
3.23325e-06

0.903655
-0.15539
-0.399075
-0.0864086
0.263762

-0.330296
-0.943877
0
-2.07182
1.55668

0.330296
0.943877
0
-0.00303149
0.165974

0.240237
0.240982
-0.940327
-2.17143
1.23005

-0.240237
-0.240982
0.940327
0.604942
0.0190886

-0.836622
-0.415267
-0.357235
0.00937676
0.0671994

0.836622
0.415267
0.357235
0.409713
0.0238789

0.212216
0.31619
0.924656
0.878118
0.000295781

-0.316875
-0.41537
0.852677
0.716181
0.00210855

-0.976239
-0.132449
-0.171504
0.644902
0.00613402

0.976239
0.132449
0.171504
0.20103
0.0310355

-0.344345
-0.0971984
0.933798
0.936544
0.000228159

0.309446
-0.253314
-0.916556
0.257367
0.0362276

-0.309446
0.253314
0.916556
0.257367
0.0362276

0.0489435
-0.790681
0.610269
0.82226
0.00212117

-0.0489435
0.790681
-0.610269
-0.841452
0.223749

0.185102
-0.76279
-0.619588
0.579975
0.00822645

-0.185102
0.76279
0.619588
0.351641
0.019581

0.406339
-0.0686769
0.911138
0.926966
0.00395668

0.490278
0.154586
0.857748
0.856456
0.000584625

-0.490278
-0.154586
-0.857748
0.412695
0.00976387

-0.339191
0.795644
0.501896
-0.178779
0.0866047

0.339191
-0.795644
-0.501896
0.630334
0.00851961

0.457944
0.472849
-0.752795
0.946775
0.000371568

-0.323263
-0.220245
0.920322
-0.224031
0.0851272

0.323263
0.220245
-0.920322
0.732604
0.00417091

-0.487749
-0.329196
0.808536
0.936746
0.00044386

-0.670397
0.180808
-0.719636
0.796739
0.00152275

-0.372444
0.384229
-0.84478
-10.6266
36.9976

0.372444
-0.384229
0.84478
0.866532
0.00487718

0.0472423
-0.469266
0.881792
0.849259
0.00132407

0.154564
0.313493
-0.936927
0.772008
0.00274992

0.730556
-0.0832498
-0.67776
0.898261
0.000352484

0.578898
0.712846
-0.395889
-3.45579
3.29795

-0.578898
-0.712846
0.395889
0.504912
0.0407575

-0.190646
-0.406346
0.893609
0.894077
0.000411522

0.360613
0.0234272
0.932421
0.798081
0.0116921

-0.360613
-0.0234272
-0.932421
-10.3579
36.66

-0.450229
0.525824
0.721666
0.893538
0.00175587

0.308736
-0.133905
0.941675
0.957423
0.000127353

0.698258
-0.10514
0.708083
0.825304
0.00179368

-0.698258
0.10514
-0.708083
-0.517572
0.131774

0.0465056
0.37592
0.925484
0.941368
0.00050458

0.0613774
-0.192744
0.979328
0.975046
9.49989e-05

-0.94426
-0.329201
0
-0.570134
0.271597

0.45615
-0.795003
-0.399873
-1.6619
0.68554

-0.45615
0.795003
0.399873
0.729393
0.00710859

-0.509045
0.162614
0.845239
0.653323
0.0118924

0.509045
-0.162614
-0.845239
-1.43855
0.581974

0.655137
0.0941702
-0.749618
-0.769943
0.251768

-0.655137
-0.0941702
0.749618
0.63431
0.0108474

0.567479
-0.219341
0.793635
0.800695
0.000835794

-0.567479
0.219341
-0.793635
0.76117
0.00118189

-0.270291
-0.110986
0.95636
0.969057
9.53917e-05

0.347905
0.917299
0.193711
-0.632586
0.235451

-0.347905
-0.917299
-0.193711
0.45661
0.0260922

0.829781
-0.173277
-0.530508
-17.343
126.49

-0.829781
0.173277
0.530508
0.949188
0.000979339

0.184695
-0.217819
0.958354
0.962279
9.86157e-05

0.440786
0.760465
-0.476866
-1.05217
0.203336

-0.440786
-0.760465
0.476866
0.976541
2.98017e-05

-0.584903
-0.12432
0.801519
0.867976
0.00255227

-0.303324
0.815618
-0.492709
-0.0314426
0.0732115

0.303324
-0.815618
0.492709
0.433074
0.0221558

-0.866456
-0.23328
0.441399
0.678514
0.00935671

0.866456
0.23328
-0.441399
-1.24063
0.452907

0.194139
0.474561
-0.858546
-0.67461
0.195104

-0.194139
-0.474561
0.858546
0.735281
0.004976

-0.370046
-0.558103
0.742689
0.978804
2.30907e-05

0.370046
0.558103
-0.742689
-0.466939
0.076795

0.98043
0.186282
-0.0636875
-0.707281
0.172547

-0.98043
-0.186282
0.0636875
0.853922
0.00126856

-0.151738
0.786007
0.599307
0.590772
0.00799005

0.0407374
-0.884909
0.46398
0.453393
0.00636063

0.740986
-0.62145
-0.25444
0.871562
0.00856562

-0.740986
0.62145
0.25444
-22.9893
298.644

0.287144
0.0045469
0.957877
0.952488
6.24971e-05

0.0986416
0.824962
-0.556514
-1.19996
0.266045

-0.0986416
-0.824962
0.556514
0.961389
8.9144e-05

-0.381541
0.47732
0.791576
0.960148
0.000125379

0.381541
-0.47732
-0.791576
-1.87932
0.575744

0.952788
0.303638
0
-1.55263
0.807176

-0.952788
-0.303638
0
0.328693
0.0668903

0.0360476
-0.826994
-0.561054
-0.867356
0.50767

-0.0360476
0.826994
0.561054
-0.446078
0.304453

-0.289873
-0.710415
0.641314
0.997478
9.14494e-07

0.289873
0.710415
-0.641314
-1.26485
0.225876

0.0312271
-0.999512
0
-7.02858
10.247

-0.0312271
0.999512
0
0.961916
0.00152222

-0.83958
-0.543236
0
-0.0742915
0.140162

0.83958
0.543236
0
-0.492218
0.258256

0.95602
0.293302
0
-0.567337
0.126484

-0.95602
-0.293302
0
0.891165
0.000611014

-0.500637
-0.201476
0.841885
0.851805
0.00606953

0.679042
0.203549
0.705315
-0.441985
0.152125

-0.679042
-0.203549
-0.705315
0.594481
0.0120532

-0.493432
-0.675472
0.547961
0.402478
0.0289552

0.493432
0.675472
-0.547961
-0.318931
0.140787

-0.862845
0.362684
-0.352079
0.541404
0.011023

0.862845
-0.362684
0.352079
0.253488
0.0291731

-0.915049
0.305016
0.263912
0.667913
0.0289866

0.246298
0.34842
0.9044
0.91807
0.000202504

0.190073
-0.735397
0.650434
0.400216
0.0270547

-0.190073
0.735397
-0.650434
-0.149881
0.099166

-0.616508
0.202516
-0.760858
-1.18269
0.716132

0.168729
-0.918634
0.357269
0.350593
0.0066876

0.172069
-0.248729
0.953166
0.942146
0.000399178

-0.437699
-0.583998
0.683642
0.95708
0.00135217

0.437699
0.583998
-0.683642
-36.3507
1014.74

0.93427
0.356567
0
-0.575728
0.19096

-0.93427
-0.356567
0
0.6289
0.0148253

-0.623069
0.389217
0.678451
0.75589
0.00674566

0.623069
-0.389217
-0.678451
-2.38213
1.28264

0.480246
-0.538982
0.691999
-0.203507
0.121931

-0.480246
0.538982
-0.691999
0.262881
0.0457419

0.768474
0.275664
-0.577458
-6.50884
14.4926

-0.768474
-0.275664
0.577458
0.387035
0.0966914

0.162002
0.409874
0.897641
0.809457
0.00563761

-0.162002
-0.409874
-0.897641
-4.41992
4.48792

0.54997
-0.259311
-0.793908
-7.50148
15.4552

-0.54997
0.259311
0.793908
0.843696
0.00528354

-0.313556
-0.0147641
0.949455
-2.685
1.54741

0.313556
0.0147641
-0.949455
0.800156
0.00465544

-0.427142
-0.795178
-0.430397
0.661018
0.0104879

0.218865
0.734423
0.642434
0.586457
0.0186831

0.0348184
-0.44046
0.897097
0.65709
0.018318

-0.0348184
0.44046
-0.897097
-3.67493
3.40279

0.287117
-0.677508
-0.677161
-1.53299
0.661945

-0.287117
0.677508
0.677161
0.622665
0.0147798

0.863651
-0.310291
-0.397275
0.997672
2.73532e-06

0.0809909
0.933508
0.349289
-1.36875
0.695565

-0.0809909
-0.933508
-0.349289
0.276581
0.0649129

-0.142809
-0.205598
-0.96816
0.971554
6.72014e-05

-0.938987
-0.0294415
0.342691
0.875288
0.000864187

0.938987
0.0294415
-0.342691
-0.635741
0.147244

0.768611
0.396791
-0.501791
0.731772
0.00292256

-0.768611
-0.396791
0.501791
0.298108
0.0198372

-0.375507
0.577374
0.725006
-1.41612
0.578277

0.375507
-0.577374
-0.725006
0.632828
0.013361

-0.013146
-0.550518
0.83472
0.706693
0.0070672

0.013146
0.550518
-0.83472
-0.993654
0.321583

-0.0777072
0.853751
0.514851
0.906907
0.00106781

0.875043
0.484044
0
0.554421
0.0542305

-0.875043
-0.484044
0
-3.95088
3.8499

-0.448383
-0.480317
0.753823
0.557914
0.0141301

0.448383
0.480317
-0.753823
-0.32271
0.125574

0.294144
-0.426993
0.855077
-0.99624
0.541104

-0.294144
0.426993
-0.855077
-0.148846
0.179435

0.533718
-0.74463
0.400839
-0.736065
0.214696

-0.533718
0.74463
-0.400839
0.735614
0.00500135

-0.376638
0.0773118
-0.923129
0.993584
9.27599e-06

-0.0088109
-0.953592
-0.300972
-0.449794
0.0954848

0.0088109
0.953592
0.300972
0.917263
0.000315299

-0.268077
0.723821
0.635781
0.399519
0.0227118

0.268077
-0.723821
-0.635781
0.163892
0.0440126

-0.685861
-0.0811333
-0.723196
-0.927656
0.248342

0.685861
0.0811333
0.723196
0.835129
0.00186498

-0.988935
-0.0332576
-0.144572
-2.34027
0.864009

0.988935
0.0332576
0.144572
0.965893
9.70911e-05

0.293483
0.315535
0.902389
0.922206
0.00188654

0.973782
0.139881
-0.179393
-1.04978
0.756247

-0.973782
-0.139881
0.179393
-1.02672
0.73933

-0.31248
0.402174
-0.860588
-8.67842
23.0499

0.31248
-0.402174
0.860588
0.810303
0.00885819

0.0830646
0.667465
0.739994
0.821218
0.00903693

-0.0830646
-0.667465
-0.739994
-10.442
36.7732

0.588982
0.340388
0.732964
0.753062
0.00317021

0.41956
0.597439
-0.683401
0.799506
0.00676677

-0.41956
-0.597439
0.683401
-4.9308
5.83533

0.594229
0.147841
0.790592
-0.239045
0.331475

-0.594229
-0.147841
-0.790592
-3.16457
3.74092

0.168559
-0.219696
0.960896
0.890513
0.000858349

0.288413
0.862823
0.415156
0.310244
0.0243838

-0.288413
-0.862823
-0.415156
0.518374
0.0118924

-0.403918
-0.299603
0.864343
0.826127
0.00164214

0.403918
0.299603
-0.864343
-0.391817
0.104107

-0.686047
-0.189715
0.702387
-3.97891
4.27838

0.686047
0.189715
-0.702387
0.57349
0.0315135

0.393734
-0.804489
-0.444715
-4.1375
5.35024

-0.393734
0.804489
0.444715
0.30929
0.0967799

-0.533835
0.116295
-0.837553
0.42723
0.0417192

0.533835
-0.116295
0.837553
-1.79882
0.991475

-0.495518
0.73327
0.465594
0.0467745
0.074681

0.495518
-0.73327
-0.465594
0.0916307
0.0678184

-0.132354
0.218616
0.966793
0.969644
0.000200309

-0.340812
-0.122305
-0.932142
0.857903
0.00219566

0.340812
0.122305
0.932142
-2.80759
1.57634

0.231111
0.510016
-0.828536
-1.25541
0.415713

-0.231111
-0.510016
0.828536
0.773253
0.00422318

-0.378537
-0.554699
0.740958
0.699846
0.00615013

-0.222901
-0.643749
0.732053
0.0920794
0.139452

0.222901
0.643749
-0.732053
-2.3936
1.94523

-0.303498
-0.855051
0.420447
0.315098
0.0320913

0.303498
0.855051
-0.420447
0.129066
0.0518892

-0.385062
-0.633813
-0.670826
-7.40852
15.3895

0.385062
0.633813
0.670826
0.815451
0.00746302

-0.540679
-0.214815
0.81334
-0.941067
0.341699

0.540679
0.214815
-0.81334
0.564472
0.0172064

-0.141251
-0.782721
-0.606132
0.875835
0.000801072

-0.757723
-0.497742
-0.42203
0.949156
0.000156065

0.757723
0.497742
0.42203
-1.2372
0.291665

-0.492002
-0.0218666
0.870319
0.877407
0.00783054

0.492002
0.0218666
-0.870319
-23.0283
298.649

-0.43942
-0.687334
-0.578344
-7.87657
15.5927

0.43942
0.687334
0.578344
0.93187
0.00114317

0.813084
-0.408362
0.414891
0.316226
0.0125418

-0.813084
0.408362
-0.414891
0.910954
0.000220864

0.708232
0.447973
0.545644
0.102369
0.0959159

-0.708232
-0.447973
-0.545644
-0.909022
0.433434

-0.556783
0.170323
-0.813008
-0.369855
0.175535

0.556783
-0.170323
0.813008
0.204802
0.0591597

-0.380183
0.0797453
0.921467
0.923615
0.00105184

-0.365461
-0.522555
0.770308
0.488033
0.00688305

0.365461
0.522555
-0.770308
0.859529
0.00055521

0.478224
-0.369895
0.796542
-0.0956532
0.0855685

-0.478224
0.369895
-0.796542
0.433122
0.0230122

0.406861
0.71172
0.572642
-0.420969
0.170276

-0.406861
-0.71172
-0.572642
0.405062
0.0298663

0.531417
-0.776123
-0.339456
-1.32242
0.618679

-0.531417
0.776123
0.339456
0.392078
0.0424233

0.640268
-0.410354
0.649358
0.543242
0.0165177

-0.640268
0.410354
-0.649358
-0.509948
0.179611

-0.899775
-0.0242714
-0.43568
-1.47477
0.762743

0.899775
0.0242714
0.43568
0.318409
0.0579587

-0.197843
-0.802249
-0.563254
-0.529187
0.159562

0.197843
0.802249
0.563254
0.699846
0.00619432

0.890056
0.422284
-0.171687
0.611918
0.00644325

-0.890056
-0.422284
0.171687
0.407022
0.0150374

0.0138688
0.0251145
-0.999588
-7.69298
21.796

-0.0138688
-0.0251145
0.999588
0.369887
0.114876

0.0183464
-0.959021
0.282741
0.645211
0.00738802

-0.0183464
0.959021
-0.282741
-0.0934554
0.0700646

-0.60104
0.197799
0.774355
0.751499
0.021149

-0.298276
0.652993
-0.696155
-0.0282618
0.0487449

0.298276
-0.652993
0.696155
0.796887
0.00195033

-0.393147
-0.69602
-0.600826
0.142643
0.053461

0.877669
-0.326317
-0.35102
-0.558229
0.226008

-0.877669
0.326317
0.35102
0.33724
0.0409146

0.573389
-0.441974
-0.689843
0.619596
0.010924

-0.573389
0.441974
0.689843
-0.568082
0.185264

0.531175
-0.332801
-0.779164
0.51221
0.0422165

0.548249
0.836315
0
0.545265
0.0141998

-0.548249
-0.836315
0
0.118675
0.0477273

-0.0688243
-0.583459
0.809221
0.79634
0.00389288

0.488186
-0.799169
-0.350719
0.80322
0.00767506

-0.488186
0.799169
0.350719
-6.37671
10.7497

0.45883
-0.156875
0.874566
-2.27657
0.972936

-0.45883
0.156875
-0.874566
0.895517
0.00103671

-0.651029
-0.477844
-0.589768
-0.512437
0.109867

0.651029
0.477844
0.589768
0.908839
0.000417398

0.207859
-0.978159
0
0.91984
0.000622428

-0.207859
0.978159
0
-2.74301
1.35252

-0.344417
0.82641
-0.445446
-8.39013
22.7439

0.344417
-0.82641
0.445446
0.712427
0.0213652

-0.207505
-0.6054
0.768396
0.81666
0.00262512

0.585013
-0.601461
0.544062
0.594872
0.00773314

0.0078589
0.777076
0.629358
0.696612
0.0040986

-0.0078589
-0.777076
-0.629358
0.250818
0.0247257

0.274471
-0.943021
-0.188088
-0.248851
0.119369

-0.274471
0.943021
0.188088
0.436949
0.0243727

0.722898
-0.571496
0.388343
-1.68762
0.768348

-0.722898
0.571496
-0.388343
0.635198
0.0141632

-0.401757
0.871268
0.28193
-0.346129
0.243024

0.401757
-0.871268
-0.28193
-0.703678
0.389248

0.318877
-0.426413
0.846457
0.779526
0.00293646

-0.318877
0.426413
-0.846457
-0.420686
0.118534

0.849632
0.527375
0
-5.65069
9.55278

-0.849632
-0.527375
0
0.439434
0.0879703

-0.393735
-0.374406
0.83952
-10.9418
37.2648

0.393735
0.374406
-0.83952
0.927491
0.00140497

0.344178
-0.440469
0.829173
0.762277
0.00631435

-0.344178
0.440469
-0.829173
-2.3927
1.28571

0.87116
0.21203
0.442859
0.592026
0.0141125

-0.87116
-0.21203
-0.442859
-0.805081
0.275526

0.227096
-0.807622
0.544219
0.590427
0.0146452

-0.227096
0.807622
-0.544219
-0.88069
0.307567

0.185533
-0.846158
-0.499593
-0.454391
0.0956497

-0.185533
0.846158
0.499593
0.9197
0.000294476

-0.328665
0.0119234
0.944371
0.917485
0.00183918

-0.52916
0.255706
0.809076
-0.134397
0.103196

0.52916
-0.255706
-0.809076
0.289029
0.0405475

0.749247
0.285497
-0.597595
0.903972
0.000178411

-0.749247
-0.285497
0.597595
0.597812
0.00311201

-0.894379
-0.0980345
0.436434
-3.12791
1.62922

0.894379
0.0980345
-0.436434
0.958231
0.000171639

0.944604
0.32044
0.0710079
-0.393923
0.288824

-0.944604
-0.32044
-0.0710079
-1.00572
0.597952

-0.684131
0.585832
-0.434472
-0.998668
0.201402

0.0154226
0.279569
0.960002
0.970296
0.000114846

-0.333457
0.211591
0.918714
0.285776
0.060884

0.333457
-0.211591
-0.918714
-1.2445
0.601207

0.588844
0.620505
0.517916
0.383763
0.0225432

-0.588844
-0.620505
-0.517916
0.26939
0.0316848

0.906575
0.422045
0
0.2233
0.0410949

-0.906575
-0.422045
0
0.353589
0.0292138

-0.0681368
-0.893704
0.443454
0.6644
0.0113863

0.0681368
0.893704
-0.443454
-1.5801
0.67092

-0.767859
0.640619
0
0.630579
0.0338246

0.769647
0.63847
0
0.982302
4.63389e-05

-0.769647
-0.63847
0
-0.481357
0.0776985

-0.266609
-0.716384
-0.644759
0.391479
0.0284811

-0.17713
0.058983
-0.982418
0.54686
0.0157796

-0.358225
0.117718
-0.926184
0.660244
0.00977929

0.358225
-0.117718
0.926184
-0.94536
0.315778

-0.0381325
0.936477
-0.348651
0.756406
0.00494241

0.0381325
-0.936477
0.348651
-1.23301
0.412921

0.25779
-0.836158
-0.484133
-2.56807
1.81652

-0.25779
0.836158
0.484133
0.498621
0.0359775

0.448869
-0.1566
0.879769
0.827383
0.00285374

-0.448869
0.1566
-0.879769
-1.96267
0.81794

-0.407495
0.772241
-0.487434
0.834298
0.00151289

0.407495
-0.772241
0.487434
-0.442024
0.112961

0.00240639
0.920603
0.390492
0.407194
0.0334527

0.601887
0.662028
-0.446599
0.550518
0.0152025

-0.601887
-0.662028
0.446599
-0.410452
0.149327

0.0367209
0.222076
-0.974338
-0.174399
0.227059

-0.0367209
-0.222076
0.974338
-1.74702
1.24017

0.523756
0.665774
-0.531436
-0.282622
0.115384

-0.523756
-0.665774
0.531436
0.56163
0.0134906

-0.882414
-0.470474
0
-0.215219
0.26077

0.882414
0.470474
0
-1.53545
0.98727

-0.990835
-0.0712732
-0.114742
-0.0906708
0.345542

-0.59478
0.307856
0.742605
0.731318
0.0124906

0.59478
-0.307856
-0.742605
-4.77555
5.76159

-0.232969
0.861497
0.451163
0.254765
0.0670551

0.232969
-0.861497
-0.451163
-1.2234
0.596321

0.508188
0.57773
0.638728
0.959886
0.000148325

-0.864864
0.0832407
-0.495058
0.834596
0.00304244

0.401233
-0.282435
-0.871345
0.155823
0.0263331

-0.401233
0.282435
0.871345
0.844252
0.00091112

-0.941303
-0.337562
0
0.754157
0.0111364

-0.270286
-0.0418409
-0.961871
0.367108
0.00771377

-0.937313
-0.0989447
0.334146
0.208569
0.0370808

0.937313
0.0989447
-0.334146
0.439874
0.0185847

-0.896481
-0.108649
-0.429554
-0.00290728
0.146226

0.896481
0.108649
0.429554
-1.48596
0.897709

0.531447
-0.627537
0.569001
0.693516
0.0280161

-0.531447
0.627537
-0.569001
-10.0334
36.2322

0.709116
0.620234
-0.335357
0.771565
0.00303556

-0.709116
-0.620234
0.335357
-0.37118
0.108899

-0.0172747
0.67604
-0.736662
-13.311
64.4121

0.0172747
-0.67604
0.736662
0.909858
0.00255888

0.549321
-0.431496
-0.715582
0.931713
0.000167182

0.335041
0.00417731
0.942194
0.95225
0.000332232

0.372282
-0.109784
0.921604
-3.11856
1.90493

-0.372282
0.109784
-0.921604
0.878097
0.0017304

0.658622
0.186615
0.728967
-2.47073
0.872352

-0.658622
-0.186615
-0.728967
0.987647
1.50573e-05

-0.402252
0.842482
0.358353
9.05991e-05
0.0710716
