
-0.30073
-0.270032
0.914683
0.944414
0.000263122

0.790197
-0.300305
0.534233
0.155439
0.0728917

-0.790197
0.300305
-0.534233
-0.527443
0.238206

0.736331
0.436447
-0.51704
-0.911342
0.212605

-0.736331
-0.436447
0.51704
0.903677
0.000554933

-0.44206
-0.612932
0.654903
0.273869
0.0471197

0.44206
0.612932
-0.654903
-0.350241
0.162623

0.392614
-0.754926
0.525301
0.917895
0.000515712

-0.392614
0.754926
-0.525301
-0.414522
0.0901523

-0.446883
-0.667683
-0.595395
0.91297
0.000584478

0.446883
0.667683
0.595395
-1.61252
0.497544

0.540917
-0.767797
0.343361
0.318526
0.0192852

0.0495714
0.080043
0.995558
0.984552
0.000169651

-0.0495714
-0.080043
-0.995558
-36.8521
1016.27

0.671589
0.674734
-0.306108
-0.755314
0.201664

-0.671589
-0.674734
0.306108
0.804965
0.00249963

-0.676887
-0.606928
0.416488
0.59274
0.0250571

0.676887
0.606928
-0.416488
-3.20765
2.67047

-0.783823
-0.595054
0.177575
0.492127
0.014439

-0.748369
0.121889
0.651987
0.334998
0.0227657

0.748369
-0.121889
-0.651987
0.492906
0.0132389

0.235552
0.970009
0.0599796
0.287237
0.039343

-0.235552
-0.970009
-0.0599796
-0.0611581
0.0871856

0.350574
0.478037
0.805344
-0.0972235
0.105495

-0.596535
-0.376668
-0.708708
-2.52692
1.50874

0.596535
0.376668
0.708708
0.707186
0.0104201

-0.056101
-0.896092
0.440308
0.257949
0.0376227

0.056101
0.896092
-0.440308
0.19614
0.0441433

-0.851044
0.0718784
-0.520151
-23.413
299.787

0.851044
-0.0718784
0.520151
0.927367
0.00265441

0.039897
0.811513
0.582971
0.564343
0.0151894

-0.039897
-0.811513
-0.582971
-0.583084
0.199698

0.683963
0.669706
-0.289288
-1.20015
0.289362

-0.683963
-0.669706
0.289288
0.936317
0.000293834

0.242045
-0.321954
0.915292
0.650611
0.0139741

-0.242045
0.321954
-0.915292
-2.03516
1.05322

-0.564285
0.154495
0.810995
0.705777
0.00666043

0.564285
-0.154495
-0.810995
-0.838903
0.259203

0.265767
0.831553
0.487737
-0.635203
0.300241

-0.265767
-0.831553
-0.487737
0.0437734
0.103609

0.655782
-0.016963
-0.75476
0.878889
0.000762584

0.321508
-0.477395
0.817757
-0.660936
0.222546

-0.321508
0.477395
-0.817757
0.584764
0.0139102

0.797467
0.16952
0.57906
0.463655
0.0518548

-0.797467
-0.16952
-0.57906
-3.82711
4.19232

0.0604956
-0.795219
0.603296
-0.0819368
0.138953

-0.0604956
0.795219
-0.603296
-0.638916
0.318655

0.316228
0.948683
0
0.463655
0.0518727

0.470531
-0.562872
-0.679541
-0.29735
0.0562616

-0.470531
0.562872
0.679541
0.972781
3.23026e-05

-0.314686
-0.626814
-0.712795
-3.81458
5.09323

0.314686
0.626814
0.712795
-0.01139
0.225006

-0.656052
0.636992
0.404767
0.154469
0.0282384

0.656052
-0.636992
-0.404767
0.810604
0.00142053

0.528376
-0.481131
0.699523
0.724049
0.00921591

-0.528376
0.481131
-0.699523
-2.55298
1.51512

-0.0206791
0.897312
0.440912
-0.221088
0.147663

0.0206791
-0.897312
-0.440912
-0.026052
0.104279

0.749496
0.117882
0.651429
0.771281
0.00187861

0.488595
-0.708309
-0.509483
-2.86169
3.50273

-0.488595
0.708309
0.509483
-0.716305
0.692048

-0.713368
-0.00499247
0.700772
-2.66365
2.0666

0.713368
0.00499247
-0.700772
0.397865
0.0559749

0.204037
0.463513
-0.862279
0.596164
0.00737919

0.0162838
-0.859628
-0.510661
0.411554
0.159534

-0.0162838
0.859628
0.510661
-15.2191
121.129

-0.290836
-0.894495
-0.339549
0.400913
0.027938

0.290836
0.894495
0.339549
-0.229248
0.117532

-0.810852
-0.538931
0.228191
0.122347
0.192379

0.810852
0.538931
-0.228191
-5.24111
9.72705

-0.361858
0.590034
0.721747
0.123829
0.0841261

0.361858
-0.590034
-0.721747
-0.674422
0.306382

-0.415846
0.136862
0.899078
0.908055
0.00332443

0.415846
-0.136862
-0.899078
-17.0212
125.972

-0.195385
-0.832816
-0.517921
-0.560879
0.211168

0.195385
0.832816
0.517921
0.445261
0.0266874

-0.0504662
-0.715295
0.696998
0.440337
0.0341765

0.0504662
0.715295
-0.696998
-1.23867
0.544833

-0.0986317
-0.905636
-0.412426
-0.765167
0.270563

0.0986317
0.905636
0.412426
0.543089
0.0181637

-0.319709
-0.0712179
0.944835
0.934511
0.00218149

0.319709
0.0712179
-0.944835
-23.4785
299.788

-0.0691128
-0.781119
-0.620545
0.975254
6.21576e-05

0.190021
0.717331
0.670319
0.675483
0.00705105

-0.190021
-0.717331
-0.670319
-0.410776
0.132424

0.858449
0.512898
0
0.267576
0.072634

-0.858449
-0.512898
0
-1.5067
0.805881

0.158516
-0.618674
0.769491
0.564323
0.0354789

-0.158516
0.618674
-0.769491
-4.47658
5.58311

-0.286123
-0.0574598
-0.956469
-2.34053
0.864446

0.286123
0.0574598
0.956469
0.965949
9.05723e-05

0.934702
-0.245445
0.257079
0.325066
0.0601817

-0.934702
0.245445
-0.257079
-1.73047
0.98462

-0.340342
-0.527876
-0.778148
0.153324
0.0577585

0.257854
0.413256
0.873345
0.894351
0.000876901

-0.231111
0.425632
0.874886
-0.880895
0.1577

0.231111
-0.425632
-0.874886
0.977327
3.34161e-05

-0.537235
0.843432
0
-1.14048
0.337564

0.537235
-0.843432
0
0.821646
0.00241216

-0.445553
-0.297923
0.84423
0.927722
0.000562178

0.841168
0.24473
0.482228
0.982384
9.06429e-06

0.0430926
-0.750774
-0.659152
0.787167
0.0037107

0.655627
-0.361022
-0.663187
-0.294223
0.166389

-0.655627
0.361022
0.663187
0.0319293
0.0931594

-0.189942
-0.385645
-0.902884
0.993819
5.89118e-06

-0.203444
-0.109421
-0.972953
-23.3404
299.459

0.203444
0.109421
0.972953
0.918986
0.00336429

0.0984423
-0.852868
0.512762
0.633005
0.00278545

-0.359199
0.26858
-0.893779
0.387032
0.0394197

0.359199
-0.26858
0.893779
-0.986009
0.411632

0.377666
-0.670192
-0.638914
0.799393
0.00211438

-0.377666
0.670192
0.638914
-0.253796
0.0821814

0.231678
-0.153692
0.960575
0.971258
0.000130447

0.755382
-0.119345
0.644325
0.25501
0.0154226

-0.755382
0.119345
-0.644325
0.919306
0.000199239

0.431721
-0.828419
-0.356846
-1.79882
0.991868

-0.431721
0.828419
0.356846
0.42723
0.0415754

0.332609
-0.123749
-0.93491
-2.28326
0.859235

-0.332609
0.123749
0.93491
0.95259
0.000184108

-0.897998
-0.417847
0.137851
-0.144209
0.205048

0.897998
0.417847
-0.137851
-1.57446
1.038

-0.845856
-0.0267699
-0.532739
-0.471116
0.1547

0.845856
0.0267699
0.532739
0.632219
0.00971679

-0.384071
-0.357496
0.851285
0.824469
0.00154037

0.133877
-0.0766966
0.988026
0.91846
0.000331348

-0.133877
0.0766966
-0.988026
-0.347517
0.0779833

-0.486647
-0.515014
0.705646
0.954027
0.000794506

0.486647
0.515014
-0.705646
-17.389
126.561

0.409895
-0.448625
0.79418
0.79637
0.00313566

0.292098
-0.587683
0.754525
0.826873
0.00184255

-0.292098
0.587683
-0.754525
-0.616384
0.155914

-0.700314
-0.0874067
0.708464
0.978115
2.69337e-05

0.700314
0.0874067
-0.708464
-0.782822
0.134634

0.0454678
-0.666813
0.743837
0.793234
0.00134494

-0.0454678
0.666813
-0.743837
0.486383
0.00804069

0.964395
-0.264467
0
0.304316
0.0309853

-0.964395
0.264467
0
0.278312
0.0333033

-0.604373
-0.419814
-0.677119
-2.30059
1.26358

0.604373
0.419814
0.677119
0.702947
0.0102539

0.838578
0.4278
0.337304
0.36015
0.0259261

-0.838578
-0.4278
-0.337304
0.200739
0.0404502

0.686419
-0.351797
0.63645
0.953769
8.84235e-05

0.467195
-0.629598
-0.620753
0.782305
0.00184854

-0.467195
0.629598
0.620753
0.264385
0.0206943

-0.231822
-0.884585
-0.404682
-2.42929
2.27658

0.231822
0.884585
0.404682
-0.270596
0.312607

-0.315114
-0.672521
-0.669641
-3.39638
3.2679

0.315114
0.672521
0.669641
0.457275
0.0498029

0.464669
0.184936
0.865957
-1.28841
1.33605

-0.464669
-0.184936
-0.865957
-2.57564
3.2618

0.162642
0.102732
0.981322
0.97373
7.695e-05

-0.83704
-0.360949
0.411192
0.835732
0.00128841

0.83704
0.360949
-0.411192
-0.1994
0.0684917

-0.144317
0.659525
-0.737699
-1.67476
0.765642

0.144317
-0.659525
0.737699
0.623862
0.0151678

0.575847
-0.0923297
0.812327
0.823744
0.00290803

0.068006
0.914614
-0.398568
0.614641
0.00454378

0.490699
-0.466326
-0.736039
-2.97105
1.60563

-0.490699
0.466326
0.736039
0.917578
0.00071848

-0.208172
0.109885
-0.9719
0.973252
0.000514594

-0.504922
-0.128668
0.853521
-1.34618
0.689758

0.504922
0.128668
-0.853521
0.244216
0.0718052

0.52597
-0.166497
0.834047
0.953518
0.000359816

-0.0351473
0.359204
0.932597
0.898377
0.00776844

0.0351473
-0.359204
-0.932597
-35.6859
1012.1

0.516949
0.192865
0.834007
-2.30201
0.976531

-0.516949
-0.192865
-0.834007
0.905141
0.000845156

0.677987
0.325416
-0.65912
-0.739748
0.133425

-0.677987
-0.325416
0.65912
0.966725
5.74939e-05

-0.202113
0.665052
0.718927
0.983387
2.07714e-05

0.202113
-0.665052
-0.718927
-2.2773
0.757463

0.507633
-0.424949
0.749485
-1.06875
0.615827

-0.507633
0.424949
-0.749485
-0.251479
0.225385

0.420378
0.848887
0.320426
-0.129148
0.114703

-0.420378
-0.848887
-0.320426
0.0853893
0.0752674

0.243107
0.650682
0.719383
0.378206
0.0499144

0.171729
-0.557699
-0.812084
-0.423379
0.18189

0.679847
-0.178702
0.711248
0.885283
0.000781783

-0.679847
0.178702
-0.711248
-0.757643
0.175725

-0.134876
0.434998
0.890272
0.844045
0.00345155

0.134876
-0.434998
-0.890272
-4.05331
3.54677

0.552767
0.731654
-0.398912
0.863705
0.00225315

-0.552767
-0.731654
0.398912
-3.37658
2.31001

-0.45047
-0.482115
0.751426
0.786983
0.0113712

0.45047
0.482115
-0.751426
-8.60315
22.964

-0.640529
0.270821
0.718595
0.451392
0.0255313

0.640529
-0.270821
-0.718595
-0.504922
0.191292

0.39062
-0.798516
0.458026
0.356384
0.0894727

-0.39062
0.798516
-0.458026
-4.79253
7.24657

0.595106
0.289666
-0.749628
-6.17728
10.611

-0.595106
-0.289666
0.749628
0.725256
0.0155714

0.359092
0.827948
0.43076
0.456798
0.0330089

0.589499
-0.374327
-0.715801
0.745027
0.00234982

-0.589499
0.374327
0.715801
0.391013
0.013403

0.895504
-0.0216154
0.444529
0.267347
0.0319393

-0.895504
0.0216154
-0.444529
0.38437
0.022563

0.510188
-0.211892
-0.833553
0.890399
0.00142648

-0.371362
0.856322
-0.358891
0.177885
0.0369995

0.371362
-0.856322
0.358891
0.550143
0.0110946

-0.214008
0.85749
0.46788
0.938484
0.00028269

0.214008
-0.85749
-0.46788
-1.80283
0.570101

-0.608601
0.603695
-0.514934
0.118123
0.0427271

0.608601
-0.603695
0.514934
0.587155
0.00939964

-0.629444
-0.777046
0
0.731418
0.00641445

0.629444
0.777046
0
-0.294182
0.102812

-0.142498
-0.0248599
-0.989483
-36.7187
1015.59

0.142498
0.0248599
0.989483
0.978617
0.000339198

-0.411104
-0.558109
-0.72077
0.947612
0.000207567

-0.856569
0.500786
-0.124513
0.456352
0.00856976

0.856569
-0.500786
0.124513
0.828804
0.000867866

0.748171
0.0426747
0.662132
0.675995
0.00629499

-0.748171
-0.0426747
-0.662132
-0.178264
0.0824144

0.557764
0.749237
-0.357131
-4.30982
6.79562

-0.557764
-0.749237
0.357131
-0.0970721
0.290112

0.867551
0.0779772
0.491197
-1.45993
0.585799

-0.867551
-0.0779772
-0.491197
0.672134
0.0104483

0.308089
0.0686737
-0.948876
0.373642
0.025596

-0.308089
-0.0686737
0.948876
0.152423
0.0467039

-0.919479
-0.393139
0
-1.35788
0.610608

0.919479
0.393139
0
0.436436
0.0509608

0.89157
-0.452882
0
0.704593
0.0132383

-0.89157
0.452882
0
-1.93115
0.891715

-0.548301
0.488755
-0.67859
-4.73403
5.73694

0.548301
-0.488755
0.67859
0.711031
0.0146475

-0.278178
0.811953
0.513176
0.982883
0.000208426

-0.0438196
-0.616449
0.786174
0.977997
3.91143e-05

-0.961585
-0.202472
-0.18536
-0.578813
0.135272

0.961585
0.202472
0.18536
0.86965
0.000962888

-0.0532634
0.822135
0.566795
0.536079
0.00535753

0.227589
-0.302335
-0.925633
-0.0926069
0.0946563

-0.227589
0.302335
0.925633
0.278706
0.0413807

-0.890522
0.203879
0.406698
0.498482
0.0567246

0.890522
-0.203879
-0.406698
-5.74263
10.2446

-0.0759625
-0.420035
-0.904323
-0.351842
0.127992

0.0759625
0.420035
0.904323
0.599769
0.01136

-0.239943
0.277354
0.930324
0.943647
0.000181123

0.239943
-0.277354
-0.930324
-0.721038
0.141982

-0.166419
-0.466337
-0.868812
0.778372
0.00338573

0.166419
0.466337
0.868812
-0.722548
0.199132

0.0630631
-0.372692
-0.92581
-10.3579
36.6852

-0.0630631
0.372692
0.92581
0.798081
0.011606

-0.538315
0.522365
0.661326
0.20481
0.0278054

0.538315
-0.522365
-0.661326
0.721096
0.00343269

0.158789
-0.882853
0.441992
0.508014
0.0124919

-0.158789
0.882853
-0.441992
0.314578
0.024238

-0.689453
-0.500189
-0.523895
-3.45579
3.29837

0.689453
0.500189
0.523895
0.504912
0.0407287

-0.417277
-0.0666888
0.906329
-0.189334
0.113977

0.417277
0.0666888
-0.906329
0.32187
0.0370631

0.0111176
-0.589311
0.80783
0.989468
3.60293e-05

-0.0111176
0.589311
-0.80783
-14.0486
64.9691

0.563141
0.532254
0.632122
0.688627
0.00538523

-0.563141
-0.532254
-0.632122
-0.0669003
0.0625915

0.0521434
0.645895
-0.761644
0.548728
0.0120166

-0.0521434
-0.645895
0.761644
0.325365
0.0249321

-0.555805
-0.685444
0.470369
0.393998
0.0342727

0.555805
0.685444
-0.470369
-0.660197
0.256837

-0.565616
-0.824668
0
-0.830732
0.326747

0.565616
0.824668
0
0.420747
0.0358294

0.576648
-0.491759
-0.652419
-4.93346
5.83945

-0.576648
0.491759
0.652419
0.800571
0.00664707

-0.403732
-0.411057
0.817333
0.851098
0.00159589

0.403732
0.411057
-0.817333
-1.10357
0.307207

-0.420075
-0.755786
0.502319
0.418779
0.014005

0.920853
-0.0389896
0.387956
0.668999
0.0611381

-0.920853
0.0389896
-0.387956
-21.9863
294.806

0.51044
-0.70672
-0.489896
-10.156
36.4178

-0.51044
0.70672
0.489896
0.735953
0.0204109

0.377035
-0.751767
0.541009
0.0159762
0.0558424

-0.377035
0.751767
-0.541009
0.603015
0.00916385

-0.927518
0.37378
0
0.634064
0.0225198

0.927518
-0.37378
0
-2.42382
1.43407

0.171056
-0.724566
0.667641
0.46286
0.0183438

-0.171056
0.724566
-0.667641
0.0652952
0.0555264

-0.87029
-0.0345771
-0.491325
-1.04546
0.27852

0.87029
0.0345771
0.491325
0.86319
0.00126484

-0.519718
-0.244365
0.818644
0.595747
0.0140916

0.519718
0.244365
-0.818644
-0.44293
0.154853

0.793719
0.214519
0.569203
-0.0801973
1.06303

-0.793719
-0.214519
-0.569203
-31.6757
972.536

0.0675782
-0.536445
-0.841225
0.119598
0.0481795

0.304353
-0.103704
0.946898
0.526536
0.0182276

-0.304353
0.103704
-0.946898
-0.555401
0.196693

-0.461407
-0.195675
0.865341
0.091611
0.0647208

0.461407
0.195675
-0.865341
0.13243
0.0590369

-0.322592
0.522413
0.789316
-0.187308
0.114105

0.322592
-0.522413
-0.789316
0.317643
0.0378839

-0.086249
0.0832208
0.992792
-0.575044
0.0831745

0.086249
-0.0832208
-0.992792
0.99314
5.70154e-06

-0.787557
-0.430577
-0.44086
-0.13434
0.0477656

0.787557
0.430577
0.44086
0.922805
0.000229776

-0.126775
0.0595328
0.990143
0.289369
0.0138521

0.755127
0.0137232
-0.655435
0.965635
9.25463e-05

-0.332482
-0.238429
0.912473
-3.29076
6.9734

0.332482
0.238429
-0.912473
-3.29076
6.9734

-0.0364006
0.941867
0.334008
0.130022
0.0804325

0.0364006
-0.941867
-0.334008
-0.584323
0.265307

-0.509338
-0.326175
-0.796357
-0.351106
0.101869

0.509338
0.326175
0.796357
0.790015
0.00246824

-0.189801
0.00956044
-0.981776
0.914025
0.00108334

0.189801
-0.00956044
0.981776
-4.73403
4.59646

0.869885
0.130182
-0.475766
0.423875
0.0164639

-0.869885
-0.130182
0.475766
0.456325
0.0146658

-0.173737
0.257044
-0.950654
0.61531
0.0236661

0.173737
-0.257044
0.950654
-3.60944
3.3698

0.0534067
-0.34974
-0.935323
-16.5123
124.965

-0.0534067
0.34974
0.935323
0.815781
0.013926

-0.306434
-0.513264
-0.80166
-2.04871
1.05591

0.306434
0.513264
0.80166
0.661256
0.0131543

0.369773
1.40576e-05
0.929122
0.918771
0.000356883

0.554565
0.49618
-0.66803
0.952198
0.000195075

-0.554565
-0.49618
0.66803
-2.28172
0.858738

0.375347
0.906578
0.192956
0.87358
0.000781053

-0.375347
-0.906578
-0.192956
-0.378654
0.0925764

0.472984
0.881071
0
0.023236
0.172957

-0.472984
-0.881071
0
-2.63294
2.3915

-0.595381
-0.211768
0.775033
0.896059
0.00111059

0.595381
0.211768
-0.775033
-2.67289
1.34036

-0.455479
-0.144162
0.878497
0.852772
0.00193577

-0.293678
-0.0492561
-0.954634
-3.64002
4.07743

0.293678
0.0492561
0.954634
0.304725
0.0915712

-0.0980237
-0.0747998
0.992369
0.992966
2.32827e-05

-0.588669
-0.680267
0.436698
-0.922479
0.573852

0.588669
0.680267
-0.436698
-0.602684
0.398847

0.535849
0.844314
0
-3.53681
3.22808

-0.535849
-0.844314
0
0.565352
0.03718

-0.371804
0.0708263
0.925605
0.80057
0.00662381

0.913261
0.333824
0.233486
0.678192
0.0111923

-0.913261
-0.333824
-0.233486
-1.89625
0.90579

-0.38777
-0.147293
-0.909912
-0.831635
0.498252

0.38777
0.147293
0.909912
-0.539073
0.351919

-0.353423
-0.888125
0.293814
0.952654
0.000112689

0.353423
0.888125
-0.293814
-0.849467
0.168227

0.334316
-0.580624
-0.742367
-0.043551
0.0560756

-0.334316
0.580624
0.742367
0.728128
0.00382302

0.83118
-0.515714
0.207792
0.305305
0.03138

-0.83118
0.515714
-0.207792
0.221171
0.0394385

-0.78631
0.617832
0
-1.42184
0.513097

0.78631
-0.617832
0
0.738227
0.0116352

0.298918
-0.296287
-0.907117
-1.10637
0.692258

-0.298918
0.296287
0.907117
-0.462759
0.33407

-0.134435
-0.949581
0.283236
0.68384
0.0261094

0.134435
0.949581
-0.283236
-8.3171
22.6618

0.284839
-0.369163
0.884638
0.917591
0.00212778

-0.284839
0.369163
-0.884638
-13.3589
64.4658

-0.0808421
0.0250347
0.996413
0.993681
1.9147e-05

-0.745317
0.317121
0.586461
0.665776
0.0185811

0.745317
-0.317121
-0.586461
-4.1271
4.3571

0.0529263
0.62915
-0.77548
0.545327
0.00723748

-0.0529263
-0.62915
0.77548
0.65849
0.00408663

0.530291
0.385709
-0.754997
-13.0425
64.0368

-0.530291
-0.385709
0.754997
0.859575
0.00645223

-0.366834
-0.888332
-0.276223
0.996401
4.70502e-06

-0.455733
0.45964
-0.762259
-0.79432
0.488227

0.455733
-0.45964
0.762259
-0.64169
0.408749

0.73101
-0.634852
-0.250174
-0.338
0.073481

-0.73101
0.634852
0.250174
0.93035
0.000201645

-0.592155
-0.301914
0.747128
0.834173
0.00418449

0.592155
0.301914
-0.747128
-4.48264
4.51409

-0.593478
0.622846
0.509751
0.940264
0.000185446

0.593478
-0.622846
-0.509751
-0.762889
0.153508

0.276959
0.00451611
-0.960871
0.907909
0.00230418

-0.276959
-0.00451611
0.960871
-10.8286
37.1617

0.474235
0.0661725
-0.877908
0.982856
0.000148557

0.600487
-0.287684
0.746092
0.846758
0.00451551

-0.600487
0.287684
-0.746092
-6.50884
10.834

0.80787
0.00909389
0.58929
-0.985849
0.295951

-0.80787
-0.00909389
-0.58929
0.76894
0.00408346

-0.946717
-0.0848886
-0.310677
-0.167951
0.11206

0.946717
0.0848886
0.310677
0.276178
0.0430556

0.136738
0.0296763
-0.990163
-2.87991
2.45276

-0.136738
-0.0296763
0.990163
0.364085
0.0659927

0.0920984
-0.309163
-0.946539
0.642259
0.0109587

-0.0920984
0.309163
0.946539
-0.927875
0.313613

-0.455454
-0.110967
0.883316
0.94143
0.000891942

0.455454
0.110967
-0.883316
-11.0328
37.3525

-0.735067
-0.465802
0.492651
0.917033
0.0003444

0.735067
0.465802
-0.492651
-0.569939
0.119133

0.983752
-0.0669219
0.166592
0.943016
0.00022635

-0.983752
0.0669219
-0.166592
-1.6973
0.505023

-0.715719
-0.627773
0.30602
0.416139
0.0292572

0.715719
0.627773
-0.30602
-0.483026
0.188728

-0.950112
0.311909
0
0.233663
0.0796629

0.950112
-0.311909
0
-1.09187
0.512297

0.251959
0.909255
0.33132
0.65709
0.018314

0.707107
0.707107
0
-0.737399
0.608636

-0.707107
-0.707107
0
-0.352651
0.629852

-0.824831
0.565379
0
0.57871
0.00786272

0.824831
-0.565379
0
0.785629
0.00299964

0.906712
-0.0525696
-0.418462
-0.838901
0.207866

-0.906712
0.0525696
0.418462
0.863223
0.00116357

-0.539634
0.183945
0.821559
0.881367
0.000848232

0.539634
-0.183945
-0.821559
-0.869481
0.209929

0.545788
0.347279
-0.76257
-0.226896
0.0804759

-0.545788
-0.347279
0.76257
0.77526
0.00270172

0.319274
0.906736
0.275489
-0.633451
0.253162

-0.319274
-0.906736
-0.275489
0.35079
0.0400088

-0.607689
0.48834
0.626289
0.701031
0.0146263

0.607689
-0.48834
-0.626289
-4.19044
4.3881

-0.132945
-0.788894
-0.599976
0.259267
0.0200712

-0.278533
-0.298197
0.912961
0.767584
0.0033075

-0.466801
0.188851
-0.863963
-3.50531
3.98828

0.466801
-0.188851
0.863963
0.172497
0.134551

0.442722
-0.729861
0.520865
0.749987
0.00395947

-0.442722
0.729861
-0.520865
-0.479261
0.137404

0.0706141
-0.68883
-0.721475
0.834499
0.00108177

-0.0706141
0.68883
0.721475
0.0989405
0.0319238

-0.0673907
0.669282
-0.739946
0.276557
0.0512902

0.0673907
-0.669282
0.739946
-0.590543
0.247284

-0.508747
0.556571
-0.656814
-0.00774181
0.0652693

0.508747
-0.556571
0.656814
0.50179
0.0160193

0.374061
-0.0927371
-0.922756
-0.00930262
0.129365

-0.374061
0.0927371
0.922756
-0.953747
0.483787

0.48565
0.804797
0.341241
0.879377
0.00070573

-0.48565
-0.804797
-0.341241
-0.0486033
0.0440033

0.664679
-0.0811406
0.74271
0.783854
0.00357893

0.76144
0.648236
0
0.615311
0.0375693

-0.784087
-0.620652
0
0.091611
0.0743412

-0.538101
0.0178546
0.842692
0.984454
4.64586e-05

0.538101
-0.0178546
-0.842692
-7.22396
11.1123

0.277315
0.653781
-0.704036
-0.302863
0.110587

-0.277315
-0.653781
0.704036
0.647706
0.00810524

-0.385964
0.369297
0.84537
0.123465
0.0407677

0.385964
-0.369297
-0.84537
0.615283
0.00785938

-0.191243
-0.924956
-0.328454
0.9923
1.80373e-06

-0.620898
-0.672502
-0.402775
0.858882
0.0011322

0.170695
0.215551
0.961458
-1.12015
0.284239

-0.170695
-0.215551
-0.961458
0.902647
0.000605156

-0.482567
-0.120102
0.867586
0.715942
0.00888284

0.392742
-0.794873
0.462526
0.584764
0.0139523

-0.392742
0.794873
-0.462526
-0.660936
0.222582

-0.345293
0.809486
0.474873
0.0532677
0.128308

0.345293
-0.809486
-0.474873
-1.52027
0.908692

-0.712272
0.261803
-0.651251
-0.501767
0.147812

0.712272
-0.261803
0.651251
0.724165
0.00504508

-0.114673
-0.0392952
0.992626
-5.72034
7.87047

0.114673
0.0392952
-0.992626
0.850293
0.00399405

-0.408705
-0.812474
0.415747
0.423875
0.0164179

0.408705
0.812474
-0.415747
0.456325
0.0146214

0.62544
0.219732
-0.748694
-5.34377
6.00015

-0.62544
-0.219732
0.748694
0.927647
0.000805074

0.772905
0.478492
0.416728
0.543089
0.0181645

-0.772905
-0.478492
-0.416728
-0.765167
0.270564

0.315126
-0.563734
-0.763479
-15.4479
121.958

-0.315126
0.563734
0.763479
0.502518
0.111612

-0.293728
0.513845
0.806032
0.624776
0.0114992

0.293728
-0.513845
-0.806032
-0.761476
0.250829

0.927043
-0.243004
-0.285552
0.559921
0.0193035

-0.927043
0.243004
0.285552
-1.22789
0.494272

0.196124
-0.667902
-0.717943
-0.491549
0.156493

-0.196124
0.667902
0.717943
0.65713
0.00835286

0.214021
0.976829
0
-1.16585
0.261206

-0.214021
-0.976829
0
0.92291
0.0111663

0.036435
-0.0751122
0.996509
0.344466
0.0374794

-0.036435
0.0751122
-0.996509
-0.386914
0.166824

0.628163
0.305627
-0.715544
-0.633452
0.253172

-0.370254
0.477235
-0.796969
-5.01822
5.88124

0.370254
-0.477235
0.796969
0.832827
0.00454194

0.258685
-0.944371
-0.203088
0.956007
9.78664e-05

0.456706
-0.0784246
0.886154
0.803204
0.0024422

-0.456706
0.0784246
-0.886154
-0.638781
0.167909

-0.622354
0.739688
0.256003
-0.512639
0.253618

0.622354
-0.739688
-0.256003
-0.0258791
0.116668

0.467426
-0.153129
-0.870669
0.845241
0.00264151

-0.467426
0.153129
0.870669
-2.77846
1.57003

0.26374
-0.118983
-0.957227
0.580566
0.0151567

-0.26374
0.118983
0.957227
-0.795439
0.274423

0.717957
-0.0867639
-0.690659
-1.68127
0.454326

-0.717957
0.0867639
0.690659
0.968793
7.05567e-05

0.224086
-0.895691
0.384087
-1.57787
0.494495

-0.224086
0.895691
-0.384087
0.898515
0.000775182

0.431579
0.871006
0.23471
0.874164
0.00169892

-0.431579
-0.871006
-0.23471
-2.84735
1.58428

-0.647025
-0.394387
0.652546
0.623302
0.0101984

0.502841
-0.299177
-0.810952
-0.813319
0.450901

-0.502841
0.299177
0.810952
-0.315838
0.237576

-0.219979
0.975505
0
0.931018
5.30208e-05

0.00885906
-0.274192
-0.961634
-0.177967
0.184031

-0.00885906
0.274192
0.961634
-0.872731
0.464976

0.687165
-0.667158
0.287584
-0.638414
0.138232

-0.687165
0.667158
-0.287584
0.905228
0.000467033

0.942984
-0.31058
-0.119672
-0.308609
0.139707

-0.942984
0.31058
0.119672
0.383679
0.0309923

-0.894745
0.0335659
-0.445313
0.36346
0.0267511

0.894745
-0.0335659
0.445313
0.133594
0.0495222

0.421625
-0.228729
-0.877448
-0.416569
0.0892859

0.517173
-0.0749747
-0.852591
-8.60315
22.9762

-0.517173
0.0749747
0.852591
0.786983
0.0113077

0.827875
-0.289646
0.480342
0.58304
0.0280388

-0.827875
0.289646
-0.480342
-3.56188
3.34988

0.488404
-0.243888
0.837843
0.86358
0.000597303

-0.0614644
-0.196686
0.978538
0.924724
0.00289774

0.0614644
0.196686
-0.978538
-23.3897
299.575

0.301838
-0.770323
-0.56169
-3.09573
3.68966

-0.301838
0.770323
0.56169
-0.337378
0.393441

0.483419
-0.0642217
-0.87303
-0.744599
0.337814

-0.483419
0.0642217
0.87303
0.138533
0.08242

-0.225979
-0.643281
-0.731521
-2.31722
1.44742

0.225979
0.643281
0.731521
0.546938
0.0270142

-0.55685
-0.161336
0.814793
0.458362
0.0280399

0.55685
0.161336
-0.814793
-0.857481
0.329563

0.723359
0.690473
0
0.550143
0.011909

-0.723359
-0.690473
0
0.177885
0.0381305

0.558338
-0.466383
-0.686109
-1.86051
1.13646

-0.558338
0.466383
0.686109
0.284873
0.0711833

-0.240711
0.618005
-0.748417
-0.348114
0.0701692

0.240711
-0.618005
0.748417
0.949499
0.000115146

0.334842
-0.862545
0.379338
0.950467
0.000922521

-0.334842
0.862545
-0.379338
-17.355
126.528

0.32938
-0.842622
0.426024
-0.801475
0.126052

-0.32938
0.842622
-0.426024
0.99071
4.37996e-06

0.407925
0.700948
0.585038
0.526396
0.037033

0.606674
-0.00934086
-0.794896
-1.91159
1.15271

-0.606674
0.00934086
0.794896
0.346709
0.0582287

-0.451025
-0.730156
-0.513272
0.168456
0.0374327

0.451025
0.730156
0.513272
0.568928
0.0100931

-0.95831
0.01434
-0.285371
0.214219
0.0510521

0.95831
-0.01434
0.285371
-0.101936
0.100375

0.414977
0.677993
-0.606729
0.36015
0.0259294

-0.414977
-0.677993
0.606729
0.200739
0.0404539

0.0395851
0.523073
0.851368
0.310831
0.0279542

-0.0395851
-0.523073
-0.851368
0.356761
0.0243545

0.0226055
0.650733
0.75897
0.744471
0.00815

-0.0226055
-0.650733
-0.75897
-2.83695
1.83641

0.619424
0.292818
-0.728404
-3.08644
2.61797

-0.619424
-0.292818
0.728404
0.499411
0.0393217

0.105019
-0.936589
-0.334324
-3.68084
4.10336

-0.105019
0.936589
0.334324
0.341758
0.0811839

0.153547
0.330205
0.931337
0.833565
0.000514934

-0.153547
-0.330205
-0.931337
0.739957
0.00125614

-0.536531
0.515056
0.66847
0.554421
0.0346419

0.536531
-0.515056
-0.66847
-3.95088
4.26308

0.231034
-0.261608
0.937115
0.146032
0.0670465

0.801348
0.522924
0.290501
0.145889
0.0265373

-0.801348
-0.522924
-0.290501
0.854382
0.000777601

0.00871764
0.609796
-0.79251
-1.02985
0.457718

-0.00871764
-0.609796
0.79251
0.304459
0.0539179

0.481166
-0.735702
-0.476679
0.83651
0.00474668

0.464345
0.276881
-0.841261
-1.08675
0.332021

-0.464345
-0.276881
0.841261
0.783853
0.00364623

-0.891319
0.324289
-0.316839
0.233794
0.0569113

0.891319
-0.324289
0.316839
-0.501772
0.218544

-0.433442
-0.875744
-0.212606
-2.21153
1.41323

0.433442
0.875744
0.212606
0.447864
0.0417842

-0.323376
0.465679
-0.823755
-6.77047
14.7976

0.323376
-0.465679
0.823755
0.543333
0.0511536

0.464072
0.814354
-0.348517
-0.115244
0.0679462

-0.464072
-0.814354
0.348517
0.715027
0.0044522

0.412636
0.207743
-0.88689
-24.6143
301.194

-0.412636
-0.207743
0.88689
0.999338
5.2037e-07

0.16623
-0.347755
0.922732
0.872186
0.00201757

-0.16623
0.347755
-0.922732
-3.39907
2.3133

0.293433
0.490678
-0.820446
-1.44513
0.436528

-0.293433
-0.490678
0.820446
0.887105
0.00093337

-0.0586759
0.352054
0.934139
0.948345
0.000839033

-0.890904
0.454191
0
0.913178
0.00185852

-0.0667653
0.986022
-0.152656
0.183709
0.0451307

0.0667653
-0.986022
0.152656
0.280893
0.0350264
