
-0.104247
0.938064
0.330406
0.0073595
0.100785

0.104247
-0.938064
-0.330406
-0.338665
0.183267

-0.0851804
-0.792559
0.603816
0.773211
0.00866878

0.0851804
0.792559
-0.603816
-4.85561
5.77678

0.135808
-0.627832
-0.766409
0.706614
0.00580456

-0.135808
0.627832
0.766409
-0.485264
0.146593

-0.215318
0.97017
0.111394
0.194118
0.0336551

0.215318
-0.97017
-0.111394
0.59217
0.00862189

-0.209225
0.76899
-0.604053
0.85558
0.00176028

0.228584
-0.312268
0.922083
0.846351
0.00654454

-0.228584
0.312268
-0.922083
-10.5407
36.904

-0.0211545
0.776254
0.630065
0.598069
0.00551394

0.0211545
-0.776254
-0.630065
0.628975
0.00469885

-0.887751
-0.460324
0
0.359171
0.0212599

0.887751
0.460324
0
0.465774
0.0147762

-0.0470191
-0.770558
-0.635633
0.153622
0.0364296

0.0470191
0.770558
0.635633
0.635773
0.00676309

0.318916
-0.304708
-0.897466
0.910407
0.000239888

0.0952366
-0.21374
0.972237
0.871562
0.00856521

-0.0952366
0.21374
-0.972237
-22.9893
298.645

-0.498049
-0.627044
-0.598968
-35.9735
1013.33

0.498049
0.627044
0.598968
0.926965
0.00396995

0.446049
-0.0523799
-0.893475
0.311546
0.0376454

-0.446049
0.0523799
0.893475
-0.144721
0.104068

-0.785067
-0.370282
-0.496548
0.16973
0.0517439

0.785067
0.370282
0.496548
0.132414
0.0564936

-0.133917
0.835433
-0.533027
0.996924
1.35363e-06

0.433297
-0.394192
-0.810473
0.629138
0.00715254

-0.0409377
0.0372798
0.998466
0.993083
1.05151e-05

0.759999
0.128073
0.63718
0.493745
0.0202612

0.0287581
0.908455
-0.416991
-1.99657
0.92386

-0.295824
-0.40303
-0.866057
-0.970019
0.408808

0.295824
0.40303
0.866057
0.364016
0.0428038

-0.0583015
-0.445248
0.893507
0.688345
0.0171513

-0.338372
-0.575603
0.744436
0.812319
0.000667959

0.0151908
-0.327554
-0.94471
-1.07937
1.59113

-0.0151908
0.327554
0.94471
-6.17171
18.9269

0.115052
-0.681201
0.722999
0.945869
0.000898274

-0.801558
-0.27894
0.528864
0.601514
0.0291416

0.801558
0.27894
-0.528864
-4.53599
5.62392

-0.246853
-0.0813542
0.965632
0.958207
0.00067445

0.246853
0.0813542
-0.965632
-17.4308
126.536

-0.192579
-0.0492469
-0.980045
-0.782321
0.344545

0.192579
0.0492469
0.980045
0.207861
0.0683167

0.55355
-0.333568
-0.763096
-3.50531
3.98629

-0.55355
0.333568
0.763096
0.172497
0.134721

0.814643
-0.122942
0.566782
0.501375
0.015535

-0.814643
0.122942
-0.566782
0.0463153
0.0566583

0.860022
0.498093
-0.110752
0.610803
0.0327938

-0.0568748
0.973768
0.22032
0.0525843
0.0245735

-0.205888
0.385212
0.899568
0.904675
0.00129604

-0.0515614
-0.115888
0.991923
0.936659
0.00201451

0.0515614
0.115888
-0.991923
-23.4989
299.942

-0.56389
0.820432
-0.0944479
0.760819
0.00541558

0.56389
-0.820432
0.0944479
-1.70611
0.693083

0.0111549
0.692126
0.72169
0.777075
0.00319043

-0.0111549
-0.692126
-0.72169
-0.607965
0.165638

-0.999547
-0.0300885
0
0.983554
4.86096e-05

0.0571117
-0.923306
-0.379795
-0.100374
0.0902571

-0.0571117
0.923306
0.379795
0.373231
0.0293068

0.681677
-0.0549924
0.729584
0.868132
0.00237981

-0.681677
0.0549924
-0.729584
-4.11942
3.57102

-0.567908
-0.785425
-0.246147
0.602119
0.00758576

0.567908
0.785425
0.246147
0.28694
0.0243429

0.104383
0.0788786
0.991404
0.44516
0.115988

0.732806
0.420897
-0.534641
0.0833955
0.103727

-0.732806
-0.420897
0.534641
-1.00302
0.494919

-0.847099
0.187417
0.497291
0.517402
0.00594711

-0.361309
0.63792
0.680084
0.71114
0.00768575

0.361309
-0.63792
-0.680084
-1.3876
0.520175

0.627759
0.478316
-0.614111
-2.43261
4.50865

-0.627759
-0.478316
0.614111
-4.36346
11.0068

-0.133248
0.0409341
-0.990237
-4.47073
4.51131

0.133248
-0.0409341
0.990237
0.829632
0.00439992

0.395705
-0.213216
0.893284
0.884336
0.000358523

-0.395705
0.213216
-0.893284
0.426976
0.00852282

-0.192305
0.0981307
-0.976416
0.52837
0.0115324

0.192305
-0.0981307
0.976416
0.305989
0.0247808

-0.695844
0.638286
-0.329228
-0.199121
0.0883792

0.695844
-0.638286
0.329228
0.658655
0.00742449

0.7641
-0.614917
0.19501
0.0805521
0.0930573

-0.7641
0.614917
-0.19501
-0.634583
0.294081

0.0824562
0.636095
0.767192
-35.8615
1012.96

-0.0824562
-0.636095
-0.767192
0.916414
0.00521042

0.788119
0.484622
0.379487
0.488573
0.0133522

-0.788119
-0.484622
-0.379487
0.350437
0.0215384

0.0442503
-0.326952
-0.944004
-6.49373
10.8252

-0.0442503
0.326952
0.944004
0.842094
0.00480896

0.0976447
0.644745
0.758135
-16.4378
248.65

-0.0976447
-0.644745
-0.758135
-2.95714
12.8066

0.587441
0.0562091
-0.807313
0.266469
0.0205815

-0.587441
-0.0562091
0.807313
0.779406
0.00187674

0.926455
0.305568
0.219793
-8.65423
23.0271

-0.926455
-0.305568
-0.219793
0.802976
0.00959118

-0.557572
-0.51445
-0.651502
0.265355
0.0628796

0.557572
0.51445
0.651502
-1.11229
0.518802

0.803095
-0.103069
-0.58687
0.00982463
0.0739382

-0.267223
-0.283946
0.920851
0.813444
0.00283996

0.489373
-0.278787
-0.826312
0.896562
0.00291

0.345652
-0.791333
-0.504299
-1.05108
0.38796

-0.345652
0.791333
0.504299
0.587833
0.0157176

0.0716193
-0.679117
-0.730528
-6.47819
10.8095

-0.0716193
0.679117
0.730528
0.837212
0.00517423

0.393118
-0.511122
0.764338
0.955363
0.000106289

0.971984
0.0375876
0.232023
0.365678
0.0345404

-0.971984
-0.0375876
-0.232023
-0.398544
0.167848

0.243165
0.804457
-0.541959
0.766692
0.00433896

-0.243165
-0.804457
0.541959
-1.15195
0.368942

-0.130507
-0.408546
-0.903359
0.689131
0.0203788

0.130507
0.408546
0.903359
-6.09627
10.5416

-0.345162
-0.755503
0.556847
0.954897
9.51989e-05

0.602694
-0.144593
-0.784763
0.424272
0.0103825

-0.602694
0.144593
0.784763
0.807504
0.00117275

-0.253663
0.0275566
0.9669
0.956638
0.000327038

-0.0794667
-0.528391
0.845274
0.929873
0.00249918

0.0794667
0.528391
-0.845274
-23.4356
299.722

-0.296414
0.453917
0.840296
0.912162
0.00120745

-0.76811
-0.238832
-0.594109
-1.0051
0.381034

-0.43839
-0.259449
0.860524
0.839044
0.00116746

0.710904
-0.50748
-0.486908
-0.515487
0.192398

-0.710904
0.50748
0.486908
0.467812
0.0237763

0.0290662
-0.512779
-0.858028
0.993283
3.93592e-06

-0.306865
0.784234
-0.53927
-0.393929
0.157229

0.306865
-0.784234
0.53927
0.447402
0.0247693

-0.193181
0.791484
-0.579857
-0.334101
0.0956358

0.193181
-0.791484
0.579857
0.808996
0.00199403

0.83357
0.377926
-0.402906
0.8802
0.000964273

-0.83357
-0.377926
0.402906
-1.15512
0.311648

-0.451518
0.11902
0.884288
0.848228
0.000270355

-0.194424
0.316098
0.928591
0.535483
0.0315535

0.194424
-0.316098
-0.928591
-2.8173
2.12996

-0.464529
-0.739795
0.48674
0.598785
0.0106341

0.464529
0.739795
-0.48674
-0.228719
0.0996437

-0.335387
-0.729107
0.596589
0.649734
0.0180883

0.335387
0.729107
-0.596589
-3.29076
2.70387

0.89378
0.448507
0
0.698933
0.00698643

-0.89378
-0.448507
0
-0.831829
0.258445

0.974708
-0.223484
0
0.451463
0.0387634

-0.126744
-0.871205
0.474275
-0.774282
0.58337

0.126744
0.871205
-0.474275
-1.45576
1.11753

0.495794
0.450442
0.742489
0.543445
0.0653193

-0.495794
-0.450442
-0.742489
-9.6656
35.645

0.0971582
-0.865193
-0.491936
-0.57349
0.105629

0.305023
-0.535581
0.787473
0.873089
0.00182046

-0.207293
0.782735
-0.586818
0.159499
0.0364087

0.207293
-0.782735
0.586818
0.621875
0.0074127

0.538641
0.435957
-0.720977
-1.16472
0.370365

-0.538641
-0.435957
0.720977
0.77635
0.00401719

-0.429765
0.637203
0.639746
0.660511
0.0102635

0.429765
-0.637203
-0.639746
-1.12181
0.398127

-0.35368
-0.35072
0.867125
0.524551
0.0506678

0.35368
0.35072
-0.867125
-5.78539
10.2784

0.588743
0.417403
0.692211
0.526752
0.0262382

-0.588743
-0.417403
-0.692211
-1.72588
0.866697

-0.619575
-0.080713
0.780777
0.760923
0.00593182

0.619575
0.080713
-0.780777
-2.01295
0.929047

-0.707105
-0.707108
0
0.617566
0.274143

0.305952
-0.476349
-0.824309
-0.453805
0.64545

-0.305952
0.476349
0.824309
-5.56488
13.1518

0.537145
0.84349
0
0.864933
0.00424978

-0.0377733
0.714935
-0.69817
0.888957
0.000378215

-0.779313
-0.129034
0.613206
0.693516
0.0279797

-0.0668878
0.99776
0
-1.98823
1.51942

0.0668878
-0.99776
0
-0.131629
0.218065

-0.0371381
0.349894
0.936053
0.804514
0.00158278

-0.819531
-0.0113225
0.572923
-0.387534
0.0880326

0.947145
0.320807
0
-0.33432
0.314369

-0.947145
-0.320807
0
-1.6594
1.18286

0.150481
0.708299
-0.689687
-22.7122
297.677

-0.150481
-0.708299
0.689687
0.825789
0.0161181

0.320007
-0.00994811
0.947363
0.648937
0.0223196

-0.223508
-0.129453
0.966067
0.985287
0.000103366

0.854027
0.261596
-0.449673
0.911631
0.000461137

-0.854027
-0.261596
0.449673
-0.993804
0.234597

-0.473896
0.537915
0.697187
0.430817
0.0553177

-0.179259
-0.980367
0.0821395
0.818758
0.00287048

0.179259
0.980367
-0.0821395
-1.66324
0.617366

0.500283
-0.322958
0.803377
0.793942
0.00337998

-0.500283
0.322958
-0.803377
-1.18892
0.373084

-0.0830474
-0.988056
0.129802
0.60248
0.0108141

0.0830474
0.988056
-0.129802
-0.310653
0.117526

-0.216254
0.7753
0.593418
0.356383
0.0518904

-0.550636
0.601099
-0.579206
0.806372
0.00132251

0.550636
-0.601099
0.579206
0.30804
0.0167983

-0.755311
-0.640115
0.140564
0.178432
0.0266337

0.755311
0.640115
-0.140564
0.800976
0.00156481

0.131256
0.478973
0.867961
0.917936
0.000852826

-0.131256
-0.478973
-0.867961
-3.88363
2.88841

-0.707104
0.397615
0.584728
0.863936
0.000594436

0.707104
-0.397615
-0.584728
0.315096
0.0144833

-0.590641
-0.732311
0.338915
0.2119
0.0432591

-0.301688
0.34865
0.887371
0.947859
0.00102448

0.301688
-0.34865
-0.887371
-17.3308
126.498

-0.177616
0.90871
-0.377755
0.0463153
0.0565711

0.177616
-0.90871
0.377755
0.501375
0.0154696

0.236095
0.810874
-0.535484
0.922062
0.000118849

0.443207
-0.316692
-0.838614
-2.60065
2.77923

-0.443207
0.316692
0.838614
-0.521263
0.496482

-0.175568
0.57053
0.802291
0.65709
0.0183217

0.175568
-0.57053
-0.802291
-3.67493
3.40271

-0.741561
0.670885
0
0.414689
0.256016

0.741561
-0.670885
0
0.780944
0.116858

0.924153
-0.266233
-0.273973
-2.25093
1.63198

-0.924153
0.266233
0.273973
0.235783
0.0902114

-0.438461
-0.403539
-0.803062
-12.9615
63.9146

0.438461
0.403539
0.803062
0.841993
0.00824806

0.280466
0.81718
-0.503542
0.687733
0.00660567

0.640265
0.768154
0
-3.89736
3.4895

-0.640265
-0.768154
0
0.777572
0.00736364

0.192069
0.330982
0.923883
0.519506
0.02733

-0.192069
-0.330982
-0.923883
-1.30549
0.554965

0.353988
-0.323
0.877704
0.644348
0.00988033

0.565346
-0.700452
0.435604
-2.05789
1.35995

-0.565346
0.700452
-0.435604
0.278586
0.0757078

-0.727094
0.135656
-0.673002
-12.1752
62.48

0.727094
-0.135656
0.673002
0.608348
0.0552379

-0.668029
-0.433126
-0.605094
-0.484865
0.15581

0.668029
0.433126
0.605094
0.649119
0.00870207

-0.423809
0.898087
0.117581
-1.55554
1.3137

0.423809
-0.898087
-0.117581
-1.01918
0.820124

0.0273588
0.926425
0.375485
-0.521263
0.496356

-0.0273588
-0.926425
-0.375485
-2.60065
2.78023

-0.526697
-0.728358
-0.438275
0.974508
4.48649e-05

0.41947
0.629
0.654526
0.637967
0.00743406

-0.41947
-0.629
-0.654526
-0.00564933
0.0568926

-0.242457
0.51603
0.82154
0.674806
0.0125806

0.242457
-0.51603
-0.82154
-2.26098
1.25289

-0.468563
-0.558757
-0.68428
-12.9615
63.9449

0.468563
0.558757
0.68428
0.841993
0.00819521

-0.0708288
0.532252
0.843618
0.673086
0.0138969

0.0708288
-0.532252
-0.843618
-2.72379
1.80263

-0.573447
-0.132206
-0.808505
-0.714745
0.173041

0.61571
0.176468
-0.767958
-0.598536
0.165037

-0.61571
-0.176468
0.767958
0.768642
0.00352854

0.183732
-0.785991
-0.590305
-0.258541
0.107376

-0.183732
0.785991
0.590305
0.58602
0.0116245

-0.833533
-0.198532
-0.515566
0.951869
0.000152387

0.93052
0.284209
-0.230991
0.38437
0.0225254

-0.93052
-0.284209
0.230991
0.267347
0.0318982

-0.553605
0.484839
0.677091
-0.443257
0.14318

0.553605
-0.484839
-0.677091
0.658425
0.0080382

0.487868
-0.321685
0.811483
0.883868
0.00531394

0.137971
-0.94944
-0.282005
-0.270161
0.0712302

-0.137971
0.94944
0.282005
0.890398
0.000535253

-0.213519
-0.0894058
0.972839
0.159477
0.149187

0.213519
0.0894058
-0.972839
-3.97613
5.22614

0.744589
0.504797
-0.43677
-0.188212
0.0968114

-0.10083
0.525379
0.844873
0.897737
0.00408827

-0.110863
-0.148147
0.982732
0.804063
0.00841692

-0.478816
0.716905
0.506737
-2.5399
1.74124

0.478816
-0.716905
-0.506737
0.531917
0.0305093

0.318708
0.633876
0.704718
0.724482
0.00566448

-0.318708
-0.633876
-0.704718
-0.789282
0.235911

0.278226
-0.557234
-0.782356
0.990871
8.57523e-06

-0.278226
0.557234
0.782356
-3.62172
1.97891

0.482165
-0.00279237
-0.876076
0.981729
1.60485e-05

-0.81509
-0.160814
-0.556568
-1.07481
0.239212

0.81509
0.160814
0.556568
0.944695
0.000172518

0.845007
0.344459
-0.409038
0.708021
0.0075157

-0.845007
-0.344459
0.409038
-1.25463
0.447146

-0.545652
-0.0276184
-0.837556
-5.60404
7.81801

0.545652
0.0276184
0.837556
0.810283
0.00647174

-0.192375
-0.830563
0.522644
0.945965
0.00145144

0.573121
-0.723326
-0.385139
-1.39056
0.700966

-0.573121
0.723326
0.385139
0.306877
0.058972

0.978075
-0.208252
0
0.826636
0.00321399

0.33996
-0.234192
0.910814
-0.006145
0.13711

-0.33996
0.234192
-0.910814
-1.19253
0.649772

0.178868
-0.912336
0.368307
0.487764
0.00790031

-0.178868
0.912336
-0.368307
0.790916
0.00131884

0.714828
-0.0792843
-0.694791
-5.43615
7.7181

-0.714828
0.0792843
0.694791
0.742554
0.012422

0.517315
0.168642
0.839014
0.394246
0.0304696

-0.371774
-0.487148
-0.790235
-6.57849
10.8662

0.371774
0.487148
0.790235
0.867245
0.00338424

-0.531005
0.534294
-0.657695
-0.260812
0.162202

0.531005
-0.534294
0.657695
-0.0539343
0.113386

0.954983
-0.178565
-0.236902
0.758492
0.00225458

-0.954983
0.178565
0.236902
0.293684
0.0192724

-0.692804
0.469495
0.547355
0.739556
0.00430036

0.692804
-0.469495
-0.547355
-0.135241
0.0703586

-0.479899
-0.708787
-0.517028
0.941074
0.000221411

-0.0319229
0.984915
0.170068
0.515021
0.0177283

0.0319229
-0.984915
-0.170068
-0.339413
0.134545

0.331999
-0.351834
-0.875208
-13.3741
64.4827

-0.331999
0.351834
0.875208
0.919949
0.00200412

0.194062
-0.127086
0.972722
0.928205
0.000522231

0.223378
-0.437655
0.870954
-0.655007
0.275901

-0.223378
0.437655
-0.870954
0.264441
0.0546889

-0.331302
-0.374392
0.866065
-3.71984
4.12832

0.331302
0.374392
-0.866065
0.375888
0.0721868

0.203907
0.0992051
0.973951
0.58602
0.0116379

-0.203907
-0.0992051
-0.973951
-0.258541
0.107395

0.213205
0.558662
-0.801524
0.456548
0.00866192

0.701848
0.54546
0.458129
0.209595
0.0792638

-0.701848
-0.54546
-0.458129
-1.32282
0.683972

-0.385389
0.906638
0.171705
-0.131628
0.0975861

0.385389
-0.906638
-0.171705
0.363456
0.0308821

-0.0526753
0.0228995
-0.998349
-0.71669
0.109035

0.0526753
-0.0228995
0.998349
0.991301
8.0839e-06

0.247751
-0.427716
0.869298
-1.52026
0.908475

-0.0877804
-0.96587
0.243699
-0.303948
0.35011

0.0877804
0.96587
-0.243699
-2.73438
2.87133

-0.849236
0.0658148
0.523896
0.440337
0.0341244

0.849236
-0.0658148
-0.523896
-1.23867
0.544868

-0.482523
0.664056
0.57114
0.612722
0.00365373

0.482523
-0.664056
-0.57114
0.815584
0.000833312

-0.727372
-0.114493
-0.676625
0.661514
0.00660322

0.727372
0.114493
0.676625
-0.0756052
0.0660206

0.854209
-0.486991
-0.182117
0.984973
1.05566e-05

-0.854209
0.486991
0.182117
-1.03194
0.18749

-0.885839
-0.163632
0.434181
-0.552319
0.183754

0.885839
0.163632
-0.434181
0.599888
0.0122421

0.555712
-0.543444
-0.629169
0.954027
0.000801972

-0.555712
0.543444
0.629169
-17.389
126.536

0.886738
-0.350659
-0.301221
-0.648864
0.206359

0.362394
-0.322418
-0.874481
0.405893
0.0127607

-0.830173
0.22973
0.507973
-0.0088017
0.121606

0.830173
-0.22973
-0.507973
-0.757732
0.368984

-0.370592
-0.180276
-0.911132
-17.7143
126.897

0.370592
0.180276
0.911132
0.981139
0.000129037

0.579838
-0.18281
0.793958
0.738979
0.00320214

-0.579838
0.18281
-0.793958
0.0845698
0.0391644

-0.0785019
0.948493
-0.306918
0.928041
0.00011918

0.905303
0.141092
-0.40065
-1.47952
0.363459

-0.905303
-0.141092
0.40065
0.968646
5.84541e-05

0.693451
-0.563929
-0.448452
-3.96054
2.40362

-0.693451
0.563929
0.448452
0.992846
5.87845e-06

0.907159
-0.18568
-0.377605
0.533839
0.0098633

-0.907159
0.18568
0.377605
0.438791
0.0142856

-0.0872991
0.685678
-0.722651
-2.90766
2.5342

0.0872991
-0.685678
0.722651
0.337453
0.0728715

0.703778
-0.436539
-0.560474
-0.303844
0.117008

-0.703778
0.436539
0.560474
0.59283
0.0114142

-0.315114
-0.672521
-0.669641
-3.39638
3.2679

0.315114
0.672521
0.669641
0.457275
0.0498029

-0.783431
-0.29689
0.545978
0.968166
7.75418e-05

-0.214648
0.402464
0.889915
0.840876
0.00261169

0.214648
-0.402464
-0.889915
-2.33632
1.11581

-0.606884
0.477703
-0.63521
-1.0935
0.33239

0.271458
0.740883
0.614331
0.573391
0.0180775

-0.271458
-0.740883
-0.614331
-1.24042
0.496384

0.0518379
0.981113
0.186359
-2.08524
1.56245

-0.0518379
-0.981113
-0.186359
0.0165536
0.158781

-0.945929
0.324373
0
-0.483486
0.171857

0.945929
-0.324373
0
0.581323
0.0184168

0.162756
-0.212675
-0.963473
0.7558
0.0033735

-0.162756
0.212675
0.963473
-0.211414
0.0802904

0.27985
-0.198168
0.939369
0.0345777
0.07949

-0.27985
0.198168
-0.939369
0.0345777
0.07949

0.104956
0.375903
-0.920696
-9.03037
23.3466

-0.104956
-0.375903
0.920696
0.899696
0.00233788

-0.563036
0.100617
0.820285
0.897738
0.00408641

0.563036
-0.100617
-0.820285
-16.9535
125.926

-0.381413
-0.124797
0.915942
0.916228
0.000337078

0.381413
0.124797
-0.915942
-0.526189
0.11038

-0.0072457
-0.766936
-0.641682
0.0255023
0.0693059

0.0072457
0.766936
0.641682
0.307248
0.0350243

0.432732
0.901523
0
0.869411
0.00181421

0.728418
0.428393
-0.534684
0.593507
0.00661139

-0.728418
-0.428393
0.534684
0.498156
0.0100745

0.838889
-0.0409114
0.542764
0.795798
0.00457995

-0.399343
-0.643327
0.653189
0.544369
0.0509594

-0.853981
0.434832
-0.285721
0.613218
0.00703428

0.853981
-0.434832
0.285721
0.295916
0.0232808

-0.77798
-0.158928
-0.607856
-5.97249
10.4493

0.77798
0.158928
0.607856
0.628684
0.0296542

0.88379
0.467885
0
0.235783
0.101334

-0.88379
-0.467885
0
-2.25093
1.58408

0.0829748
-0.921958
0.378297
0.411362
0.0208483

-0.432398
-0.177685
-0.884003
-1.24872
0.414784

0.432398
0.177685
0.884003
0.768308
0.00450274

-0.278615
0.160677
0.946867
0.964936
0.000308829

0.278615
-0.160677
-0.946867
-11.2178
37.4797

-0.0422632
0.936599
-0.347846
-0.288011
0.0649933

0.0422632
-0.936599
0.347846
0.93552
0.000167426

-0.607309
0.579428
-0.543544
0.820822
0.00290309

0.607309
-0.579428
0.543544
-1.80206
0.708127

-0.143922
0.688024
-0.711273
0.864272
0.0013005

-0.777292
0.0843921
-0.623454
0.630497
0.00772178

0.777292
-0.0843921
0.623454
-0.000898361
0.0565564

-0.300907
-0.367096
0.880168
0.554421
0.0347115

0.300907
0.367096
-0.880168
-3.95088
4.26161

0.422419
-0.824777
0.375907
0.837824
0.00206147

-0.422419
0.824777
-0.375907
-1.08214
0.305201

0.106606
0.49749
0.860895
0.540864
0.0101933

0.213259
-0.199666
0.956376
0.857633
0.00437085

-0.82832
-0.310498
-0.466344
-4.50687
5.60547

0.82832
0.310498
0.466344
0.583543
0.0320712

0.406901
-0.516754
-0.753258
-7.34518
15.338

-0.406901
0.516754
0.753258
0.794659
0.00935606

-0.372459
0.270051
-0.887889
0.306877
0.0217027

-0.754571
-0.481584
-0.445756
-0.454952
0.120468

0.754571
0.481584
0.445756
0.810272
0.00206858

-0.238055
-0.453238
0.859014
0.988275
4.48387e-05

-0.204053
-0.560575
0.80257
-0.133985
0.12208

0.204053
0.560575
-0.80257
-0.0147102
0.0977912

0.535863
0.844305
0
-0.150705
0.10091

-0.535863
-0.844305
0
0.471092
0.0253531

-0.0300025
-0.555406
0.831038
0.258848
0.0279482

0.750496
0.242066
0.614947
0.593059
0.0105233

-0.750496
-0.242066
-0.614947
0.0703847
0.0504308

-0.0520709
-0.0890103
0.994669
0.745941
0.013296

0.0520709
0.0890103
-0.994669
-6.22655
10.6374

0.397798
0.428141
0.81145
0.572782
0.0188036

-0.397798
-0.428141
-0.81145
-1.35496
0.567074

-0.270772
-0.594156
-0.757404
0.602535
0.0185489

0.270772
0.594156
0.757404
-1.97714
1.03899

-0.877681
-0.0118367
0.4791
-9.6007
35.529

0.877681
0.0118367
-0.4791
0.513233
0.074929

-0.0867515
0.138852
0.986506
0.125403
0.143267

0.0867515
-0.138852
-0.986506
-3.05731
3.07444

0.419406
-0.00144899
-0.907798
-4.22937
4.40823

-0.419406
0.00144899
0.907798
0.721512
0.0125167

-0.24826
0.966112
0.0706703
0.978186
1.43493e-05

-0.927075
0.187566
-0.324578
-1.536
0.403309

0.927075
-0.187566
0.324578
0.958475
0.00011077

0.589513
0.0921847
-0.802481
-1.28531
0.553942

-0.589513
-0.0921847
0.802481
0.496494
0.0270444

0.401437
-0.092617
0.911192
0.948887
0.00026049

-0.401437
0.092617
-0.911192
-3.08615
1.62377

-0.402232
-0.492915
0.771521
-0.0839815
0.592089

0.402232
0.492915
-0.771521
-14.2435
117.016

0.873127
-0.350566
0.338753
0.0717084
0.118144

-0.873127
0.350566
-0.338753
-1.37641
0.774001

-0.625394
0.328052
0.708
0.912234
0.00158989

0.625394
-0.328052
-0.708
-7.77657
15.6322

-0.398507
0.537053
0.743483
0.599665
0.0256272

0.156003
0.562449
0.811981
0.0248803
0.0765738

-0.156003
-0.562449
-0.811981
0.153319
0.0577753

0.195955
-0.536297
0.820967
0.267576
0.069393

-0.195955
0.536297
-0.820967
-1.5067
0.810315

-0.252283
0.321087
0.912829
-0.0970721
0.290355

0.252283
-0.321087
-0.912829
-4.30982
6.79131

-0.691238
0.0940116
-0.716486
-0.901138
0.396338

0.691238
-0.0940116
0.716486
0.257367
0.0606189

0.42102
0.904608
0.0665269
-2.92503
1.18351

-0.42102
-0.904608
-0.0665269
0.995012
1.92456e-06

-0.256622
0.268287
0.92853
0.978894
0.000164719

-0.0098806
-0.767559
0.640902
0.562702
0.0178813

0.0098806
0.767559
-0.640902
-1.02866
0.384617

-0.658526
-0.746463
-0.0955853
-0.837136
0.180024

0.658526
0.746463
0.0955853
0.925667
0.000295121

0.436914
0.645048
0.626912
-0.324088
0.10034

-0.436914
-0.645048
-0.626912
0.763441
0.00321441

-0.155095
0.171965
0.972817
0.975798
0.000215426

0.155095
-0.171965
-0.972817
-17.6368
126.823

-0.505154
0.791323
0.344423
0.242806
0.0843754

-0.611964
-0.745229
0.264829
0.553652
0.0176853

0.827035
0.136983
0.545205
0.82928
0.0016199

-0.858833
-0.226873
0.459275
0.797985
0.00283335

0.858833
0.226873
-0.459275
-0.875822
0.243898

-0.43822
-0.843417
-0.310823
0.0345771
0.040876

0.43822
0.843417
0.310823
0.800533
0.00175428

0.578765
0.664792
0.472317
-0.404184
0.0676601

-0.578765
-0.664792
-0.472317
0.978928
1.80723e-05

0.329352
-0.865083
0.378364
0.843972
0.0011405

-0.329352
0.865083
-0.378364
-0.179962
0.0645479

-0.435376
0.725618
0.532847
0.488562
0.0117266

0.435376
-0.725618
-0.532847
0.501759
0.0111314

0.117428
0.883543
0.453389
0.794193
0.00280634

0.611927
-0.78159
0.121088
0.965579
9.67951e-05

-0.254899
0.106105
-0.961129
0.30524
0.161096

0.254899
-0.106105
0.961129
-9.20904
34.7757

0.136482
-0.596282
0.791088
0.765958
0.0297398

-0.136482
0.596282
-0.791088
-22.4042
296.509

0.480748
0.514389
-0.710131
-0.587522
0.165727

-0.480748
-0.514389
0.710131
0.758522
0.00486006

0.147547
-0.514005
-0.845002
-0.0531874
0.127322

-0.147547
0.514005
0.845002
-0.573286
0.283784

0.24351
-0.969899
0
-1.26881
0.825277

-0.24351
0.969899
0
-0.421933
0.324386

-0.394987
0.803807
0.444836
0.335955
0.0278908

0.394987
-0.803807
-0.444836
0.229861
0.0375112

-0.381589
-0.75786
0.529186
-0.62944
0.654675

0.381589
0.75786
-0.529186
-3.34667
4.65743

-0.580901
-0.335413
-0.741655
0.294876
0.0344769

-0.193456
-0.658134
0.727622
0.562468
0.011769

0.193456
0.658134
-0.727622
-0.0131848
0.0626778

-0.091145
0.576074
-0.8123
-0.927743
0.477796

0.091145
-0.576074
0.8123
-0.061152
0.144825

-0.806915
0.358057
-0.469769
0.855042
0.000934489

0.806915
-0.358057
0.469769
-0.138441
0.0572949

-0.46549
-0.594831
0.655359
0.247723
0.0509699

0.46549
0.594831
-0.655359
-0.337382
0.161073
