
-0.481376
0.465859
-0.742464
-2.48625
1.3054

0.481376
-0.465859
0.742464
0.814342
0.00376151

0.445216
-0.664051
-0.600682
0.457553
0.0180378

-0.672594
0.616669
-0.409067
-0.449949
0.16269

0.672594
-0.616669
0.409067
0.534408
0.0168075

-0.10249
-0.421404
-0.901063
0.336369
0.0322484

0.10249
0.421404
0.901063
-0.017261
0.0757721

0.217501
0.0733634
0.973299
-0.00117183
0.314397

-0.217501
-0.0733634
-0.973299
-7.1729
20.9429

0.173058
-0.685333
0.707368
0.459032
0.0174762

0.92664
0.126051
0.354187
0.987705
6.93789e-05

-0.66136
-0.428742
0.615454
0.527141
0.025189

0.66136
0.428742
-0.615454
-1.57446
0.743997

-0.230668
0.582555
0.779373
0.858297
0.00162589

0.911893
0.410427
0
-0.308336
0.201827

-0.911893
-0.410427
0
-0.22528
0.178804

0.263817
0.58059
0.77027
-6.42879
10.7784

-0.263817
-0.58059
-0.77027
0.821126
0.00631245

0.202574
0.957428
0.205659
-1.86481
0.802188

-0.202574
-0.957428
-0.205659
0.769287
0.00520822

-0.398311
-0.840139
-0.368125
0.294016
0.0151973

0.398311
0.840139
0.368125
0.875011
0.000484884

-0.30074
0.721214
-0.624023
0.97055
9.24193e-05

-0.769092
0.167858
0.616702
-6.81534
20.2694

0.769092
-0.167858
-0.616702
-0.325083
0.582939

-0.387152
-0.24354
0.88927
0.88022
0.0013267

0.224971
0.0265416
-0.974004
-0.581451
0.105821

-0.224971
-0.0265416
0.974004
0.95809
7.43998e-05

0.306167
0.82359
-0.477454
0.0263247
0.0631603

-0.306167
-0.82359
0.477454
0.433585
0.021407

-0.466594
-0.483717
0.740478
0.879721
0.00090883

0.466594
0.483717
-0.740478
-0.866592
0.209776

-0.237696
-0.0356719
0.970684
-0.602684
0.398993

0.237696
0.0356719
-0.970684
-0.922479
0.573886

0.578963
0.652141
0.489402
0.948452
8.35077e-05

0.970525
0.241001
0
-0.634583
0.294108

-0.970525
-0.241001
0
0.0805521
0.0931036

0.837336
0.369378
-0.403025
-0.80252
0.321222

-0.837336
-0.369378
0.403025
0.379004
0.0381666

0.131162
-0.286171
0.949159
0.815781
0.0138467

-0.133766
0.330086
0.934425
0.965539
0.000316052

0.461074
0.386551
-0.798742
-1.05339
0.555454

-0.461074
-0.386551
0.798742
-0.0341671
0.141093

0.405602
-0.00568981
-0.914032
-0.789196
0.154644

0.865147
0.361477
-0.347643
-1.04565
0.421956

-0.865147
-0.361477
0.347643
0.467501
0.0285991

0.786843
0.617153
0
0.100324
0.111267

-0.786843
-0.617153
0
-0.724826
0.344005

0.297475
-0.635237
0.712729
0.222328
0.052909

-0.297475
0.635237
-0.712729
-0.229034
0.131927

-0.293729
0.743675
0.600558
0.646098
0.0157177

0.293729
-0.743675
-0.600558
-2.43981
1.48447

0.10609
0.040564
0.993529
0.995173
8.37796e-06

-0.896147
-0.124442
0.425952
0.444532
0.00740552

0.896147
0.124442
-0.425952
0.902573
0.000236749

0.342966
0.553169
0.759196
0.788127
0.00211916

-0.342966
-0.553169
-0.759196
0.00248492
0.0456674

-0.112583
-0.176086
0.977916
0.70103
0.0146026

-0.993349
-0.115141
0
-1.05027
0.302343

0.993349
0.115141
0
0.816742
0.00241718

0.0950401
-0.605983
0.78978
0.598785
0.0106531

-0.0950401
0.605983
-0.78978
-0.228719
0.0996717

-0.599091
0.077091
-0.796961
-0.248935
0.0638622

0.599091
-0.077091
0.796961
0.914246
0.000308839

0.208153
-0.705918
-0.677017
-2.88525
1.84995

-0.208153
0.705918
0.677017
0.771667
0.00639315

0.499263
0.11273
-0.859086
0.301447
0.0273339

-0.499263
-0.11273
0.859086
0.426287
0.0184373

-0.260323
-0.508624
0.820691
0.804371
0.0128671

0.660003
0.637959
-0.396741
0.945534
0.000140373

-0.660003
-0.637959
0.396741
-0.632644
0.121568

0.853322
0.0521365
-0.518771
-17.2505
126.393

-0.853322
-0.0521365
0.518771
0.938667
0.00142787

-0.0482969
-0.998177
0.0361995
0.863757
0.00224061

0.0482969
0.998177
-0.0361995
-3.37671
2.31048

0.218133
0.465862
0.857549
0.242625
0.0285636

0.133109
0.981297
-0.139063
0.894768
0.000654123

-0.133109
-0.981297
0.139063
-0.893981
0.211512

-0.886019
-0.348865
0.305392
0.919104
0.00204832

0.670168
-0.473256
-0.571755
-0.825599
0.239357

-0.670168
0.473256
0.571755
0.757176
0.00427682

0.432312
-0.886929
-0.162675
0.99422
9.5588e-06

-0.432312
0.886929
0.162675
-14.1508
65.0447

0.0424827
0.280048
0.959046
0.19203
0.0392768

-0.0424827
-0.280048
-0.959046
0.563848
0.0132788

-0.24697
0.486839
0.837851
0.912433
0.000654487

0.24697
-0.486839
-0.837851
-2.15239
0.845245

0.368888
-0.841763
-0.394153
-6.15127
10.5913

-0.368888
0.841763
0.394153
0.713948
0.0169723

-0.911912
-0.410385
0
-1.89988
1.24787

0.911912
0.410385
0
0.0688088
0.154497

-0.783269
0.0389726
0.62046
0.59299
0.00326608

-0.8216
0.151859
0.549465
0.915909
4.75456e-05

0.135511
-0.904667
-0.403999
0.993149
2.68528e-06

0.03298
-0.123555
-0.99179
-36.9989
1016.54

-0.03298
0.123555
0.99179
0.989953
7.14385e-05

-0.075868
0.368589
-0.926491
-0.633451
0.253166

0.075868
-0.368589
0.926491
0.35079
0.040014

0.195504
-0.329371
0.923739
0.969352
0.000677735

-0.195504
0.329371
-0.923739
-36.5441
1015.51

-0.25194
-0.540883
-0.802479
-1.44809
0.790888

0.25194
0.540883
0.802479
0.183767
0.0914

0.738001
-0.317934
0.595208
0.238174
0.0175523

-0.738001
0.317934
-0.595208
0.895707
0.000330174

0.661737
0.495247
-0.562881
0.434184
0.0272635

-0.661737
-0.495247
0.562881
-0.494104
0.189986

-0.00725662
0.252454
-0.967582
-1.21503
0.492014

0.00725662
-0.252454
0.967582
0.545795
0.0207399

-0.365876
-0.656582
-0.659571
-3.07622
2.22332

0.365876
0.656582
0.659571
0.717713
0.0106671

-0.388752
-0.921343
0
0.937082
0.000325679

0.388752
0.921343
0
-0.923686
0.19819

-0.412747
-0.35394
-0.839265
-0.482115
0.132168

0.412747
0.35394
0.839265
0.795641
0.00374537

0.209698
-0.53112
-0.820938
-6.6729
10.9222

-0.209698
0.53112
0.820938
0.892399
0.0021589

0.402737
-0.305863
-0.8627
-0.00303149
0.165976

-0.402737
0.305863
0.8627
-2.07182
1.55667

-0.258557
0.806547
0.531631
-0.0216155
0.181623

0.258557
-0.806547
-0.531631
-2.31001
1.9053

0.938051
0.0637724
0.340579
-1.85443
0.896583

-0.938051
-0.0637724
-0.340579
0.644575
0.0139401

-0.880343
-0.471826
0.0487351
0.126639
0.0423581

0.880343
0.471826
-0.0487351
0.569484
0.0102978

0.293165
-0.0384028
-0.95529
0.986575
4.50262e-05

0.125725
0.941351
0.313132
0.480974
0.00800816

-0.125725
-0.941351
-0.313132
0.802125
0.00117131

-0.611719
0.0397012
0.790078
0.769732
0.0057094

0.00741872
0.937122
-0.348924
0.492646
0.0122275

-0.00741872
-0.937122
0.348924
0.433006
0.0152662

0.455905
-0.316926
0.83169
0.810303
0.00885709

-0.455905
0.316926
-0.83169
-8.67842
23.0502

-0.40979
0.452875
0.791818
0.692448
0.0219143

0.40979
-0.452875
-0.791818
-7.07802
15.1133

-0.437615
-0.661168
0.609385
0.594928
0.00878335

0.437615
0.661168
-0.609385
0.154849
0.0380265

-0.255076
0.428341
-0.866868
-9.98854
36.1687

0.255076
-0.428341
0.866868
0.677072
0.0312728

0.288954
0.276351
0.916589
0.666273
0.011785

-0.000478304
0.290965
0.956734
-1.02102
0.352617

0.000478304
-0.290965
-0.956734
0.651286
0.0106596

0.418279
0.00147667
-0.908317
-1.57848
0.447505

-0.418279
-0.00147667
0.908317
0.94039
0.000268598

-0.53898
0.255138
-0.802748
-0.0873508
0.1169

-0.680646
-0.207225
0.702694
-0.147427
0.147639

0.680646
0.207225
-0.702694
-0.397106
0.21879

-0.188514
0.620546
0.761174
0.660924
0.0244871

0.188514
-0.620546
-0.761174
-6.03685
10.497

0.772567
-0.617069
-0.149551
-2.95272
4.28742

-0.772567
0.617069
0.149551
-1.38213
1.55738

-0.466666
0.155555
-0.870646
-33.0736
990.323

0.466666
-0.155555
0.870646
0.394244
0.313271

0.287906
0.791472
-0.539149
-1.84677
1.45477

-0.287906
-0.791472
0.539149
-0.377639
0.340818

-0.387672
-0.0729885
-0.918903
-7.96463
15.7349

0.387672
0.0729885
0.918903
0.946955
0.000552015

0.441291
-0.434114
-0.785371
0.916414
0.00523888

-0.441291
0.434114
0.785371
-35.8615
1012.73

0.57662
0.611985
0.54128
0.572731
0.0201186

-0.57662
-0.611985
-0.54128
-1.6198
0.753948

-0.204258
-0.509889
-0.835639
0.542471
0.00989498

0.204258
0.509889
0.835639
0.379904
0.0181739

0.0514607
-0.815409
0.576594
0.923462
0.000893315

-0.272971
-0.0120846
0.961946
0.977922
3.5392e-05

-0.212512
0.402657
0.89034
-0.379169
0.314235

0.212512
-0.402657
-0.89034
-1.45187
0.992222

0.237539
0.157867
0.958464
0.632221
0.0360411

-0.237539
-0.157867
-0.958464
-8.19451
22.5121

-0.57746
-0.147391
-0.803004
0.132665
0.0977231

0.57746
0.147391
0.803004
-1.27354
0.671314

0.500386
-0.561228
0.65927
0.17239
0.0713978

-0.500386
0.561228
-0.65927
-0.605604
0.268325

-0.63525
0.385846
-0.669014
0.868314
0.000740645

0.323972
0.313602
-0.892578
0.820413
0.00220791

-0.501813
-0.148099
0.852203
0.886828
0.00239307

0.501813
0.148099
-0.852203
-6.651
10.9121

0.997361
-0.043506
0.0581231
-20.3298
252.333

-0.997361
0.043506
-0.0581231
0.520448
0.127563

0.0473172
0.289
-0.956159
-23.6088
300.058

-0.0473172
-0.289
0.956159
0.947579
0.00139084

-0.214832
-0.371594
0.903197
0.865048
0.00248957

-0.403013
-0.2611
0.877159
0.879693
0.00129216

-0.436857
-0.540469
-0.719061
0.541041
0.00642163

0.436857
0.540469
0.719061
0.752161
0.00188159

-0.469896
-0.27407
0.839097
0.879721
0.000919616

0.469896
0.27407
-0.839097
-0.866592
0.209788

-0.777734
0.108883
0.619092
0.938703
0.00188911

-0.819647
0.0886043
-0.565976
-0.511347
0.132462

0.819647
-0.0886043
0.565976
0.820317
0.00237603

0.107095
0.263609
-0.958666
0.926414
0.000390154

-0.292748
0.674517
0.677736
0.621618
0.0130441

0.292748
-0.674517
-0.677736
-1.08279
0.392585

0.00548291
-0.579753
0.814774
-0.0343812
0.132487

-0.00548291
0.579753
-0.814774
-0.838894
0.418705

0.390715
0.429559
0.814138
-1.43787
0.361015

-0.390715
-0.429559
-0.814138
0.957872
0.000124612

0.778526
-0.390755
0.491129
0.0600314
0.106517

-0.778526
0.390755
-0.491129
-0.886449
0.428744

-0.231614
0.957492
-0.171939
0.0912508
0.0619445

0.231614
-0.957492
0.171939
0.211365
0.0466823

-0.303623
0.563992
0.767936
0.855157
0.00142005

0.461783
0.668671
0.582783
0.406565
0.0139153

-0.777735
-0.628592
0
0.550574
0.247472

0.777735
0.628592
0
0.595116
0.228473

0.743444
0.0116311
0.668697
0.740669
0.0115755

0.791736
-0.0910342
0.604043
0.931391
0.000294117

0.305832
0.181324
-0.934659
-7.66405
15.5739

-0.305832
-0.181324
0.934659
0.886837
0.00266057

-0.394129
-0.152881
0.90625
0.970409
0.00042545

0.782134
0.552945
-0.287259
-0.0667201
0.0836813

-0.782134
-0.552945
0.287259
0.37421
0.0290115

0.507589
-0.861599
0
0.239685
0.0452834

-0.507589
0.861599
0
0.0525897
0.0693954

0.0128907
0.852751
-0.522159
0.995387
1.5597e-05

0.0319998
-0.651632
0.75786
0.840876
0.00254208

0.604709
0.410584
0.682458
0.594009
0.021313

-0.604709
-0.410584
-0.682458
-2.37294
1.46403

0.155245
0.443556
0.882699
0.924724
0.00288981

0.461481
-0.861776
-0.210658
-3.65383
3.39333

-0.461481
0.861776
0.210658
0.643958
0.0198702

-0.368251
-0.686586
-0.62689
-1.28531
0.553992

0.368251
0.686586
0.62689
0.496494
0.0269865

0.439253
0.418657
-0.794848
-0.108114
0.0589643

-0.439253
-0.418657
0.794848
0.802275
0.00194021

0.795313
0.563034
-0.224655
-0.632586
0.235453

-0.795313
-0.563034
0.224655
0.45661
0.0260953

-0.360251
0.644777
0.674153
0.751499
0.0211896

0.360251
-0.644777
-0.674153
-12.6078
63.3362

-0.0746679
0.330894
0.940709
0.928363
0.00010328

0.87726
-0.276193
0.392598
0.335955
0.0279193

-0.87726
0.276193
-0.392598
0.229861
0.0375416

-0.395092
0.788558
-0.471252
-1.6594
1.20463

0.395092
-0.788558
0.471252
-0.33432
0.303343

-0.819662
0.50601
-0.268529
0.909291
0.000444483

-0.637515
-0.432516
0.637577
0.552268
0.0122948

-0.643219
-0.581568
-0.498043
-0.308336
0.191497

0.643219
0.581568
0.498043
-0.22528
0.167967

-0.575779
0.721144
0.385265
0.689445
0.00926257

0.575779
-0.721144
-0.385265
-1.48034
0.589275

0.441613
0.702844
-0.557664
0.751068
0.00413353

-0.441613
-0.702844
0.557664
-0.579607
0.163593

-0.397176
0.163368
0.903085
0.905596
0.00182226

0.397176
-0.163368
-0.903085
-7.74559
15.6231

0.761881
-0.172544
0.624313
0.711706
0.0157972

-0.761881
0.172544
-0.624313
-5.36839
7.67642

0.578356
0.428694
0.694065
0.369235
0.093329

-0.528313
-0.257028
-0.80921
-2.06386
1.76967

0.528313
0.257028
0.80921
-0.418951
0.384523

-0.248291
0.341618
0.906449
0.872531
0.0027937

-0.307117
-0.331851
-0.891938
0.531916
0.0140815

0.307117
0.331851
0.891938
-0.0531887
0.0711271

0.684912
-0.598539
0.415508
-3.93802
3.50947

-0.684912
0.598539
-0.415508
0.796259
0.00599505

0.294318
0.200849
-0.934364
-1.26326
1.7436

-0.294318
-0.200849
0.934364
-4.97642
12.1579

-0.660693
0.705119
0.257472
0.90634
0.000627936

0.660693
-0.705119
-0.257472
-1.48782
0.440458

0.481073
0.57593
0.660963
-1.56177
0.60228

-0.481073
-0.57593
-0.660963
0.752525
0.0056804

0.810745
-0.47716
0.339133
0.722579
0.0145121

-0.810745
0.47716
-0.339133
-5.39176
7.69365

-0.931947
0.154721
0.327928
0.476707
0.0167904

0.931947
-0.154721
-0.327928
0.107287
0.0488231

0.911346
-0.224096
-0.345295
-0.683301
0.326773

-0.911346
0.224096
0.345295
0.0156457
0.111774

0.0872733
-0.265372
0.960188
0.949188
0.00097391

-0.0872733
0.265372
-0.960188
-17.343
126.506

0.30843
-0.696903
0.647454
0.48137
0.0202028

-0.30843
0.696903
-0.647454
-0.274414
0.121512

0.0980745
0.240787
0.96561
0.855488
0.00398917

-0.951056
0.0529954
0.304442
0.572423
0.0127581

-0.679711
0.662384
-0.315024
-0.237078
0.149527

0.679711
-0.662384
0.315024
0.0159392
0.0946293

0.404743
-0.0114866
-0.914358
-13.4566
64.5727

-0.404743
0.0114866
0.914358
0.93218
0.00142331

0.140813
-0.479682
0.86607
0.86965
0.00182915

-0.140813
0.479682
-0.86607
-0.578813
0.137635

0.3558
0.934562
0
-0.759031
0.216823

-0.3558
-0.934562
0
0.756456
0.00423683

-0.490117
-0.871657
0
0.863705
0.00224203

0.490117
0.871657
0
-3.37658
2.31047

-0.353345
0.773455
0.526227
0.511601
0.0260284

-0.631515
-0.307581
-0.711746
-3.92176
4.24647

0.631515
0.307581
0.711746
0.534035
0.0381929

0.586812
-0.4659
0.66226
0.87804
0.000928113

-0.586812
0.4659
-0.66226
-0.863667
0.209574

0.367203
0.655208
0.660201
0.653329
0.00561371

-0.367203
-0.655208
-0.660201
0.245355
0.0265419

0.225529
0.237399
-0.94487
-0.755314
0.477714

-0.225529
-0.237399
0.94487
-0.755314
0.477714

0.198959
0.904679
-0.376791
0.768949
0.00229837

0.139625
0.870122
0.472644
0.956342
6.19905e-05

-0.139625
-0.870122
-0.472644
0.00196278
0.0294107

-0.431932
0.847497
0.308518
0.988352
5.63785e-06

0.431932
-0.847497
-0.308518
-0.452385
0.0691212

-0.447412
0.296756
-0.843657
-7.42829
15.4002

0.447412
-0.296756
0.843657
0.821682
0.00696954

-0.393852
0.765773
0.508401
-1.73049
2.9422

0.393852
-0.765773
-0.508401
-5.74264
17.9396

0.933719
0.110748
0.340447
-5.26613
7.61105

-0.933719
-0.110748
-0.340447
0.661107
0.0222851

-0.293727
0.622062
-0.725785
-1.0183
0.2552

0.293727
-0.622062
0.725785
0.889102
0.00131882

0.0156943
-0.999877
0
-3.0219
2.20499

-0.0156943
0.999877
0
0.68419
0.0136066

-0.0414533
0.339918
0.939541
0.914953
0.000441266

0.0414533
-0.339918
-0.939541
-1.07166
0.258921

-0.289955
0.400804
0.86907
0.888596
0.00197618

0.289955
-0.400804
-0.86907
-5.19078
5.94629

-0.212771
0.0734407
-0.974338
-0.630397
0.147098

0.212771
-0.0734407
0.974338
0.8719
0.000976695

0.714458
-0.159815
0.681182
0.998094
8.13274e-07

-0.631923
0.281251
-0.722198
-2.29744
1.44109

0.631923
-0.281251
0.722198
0.529398
0.0293846

0.059403
0.492903
0.868054
0.821682
0.00690173

-0.0549345
-0.197361
-0.978791
-6.24066
8.0744

0.0549345
0.197361
0.978791
0.967819
0.000160669

-0.204041
0.641214
0.739738
0.967819
0.000382289

0.23345
-0.66712
-0.707426
-1.71457
1.0875

-0.23345
0.66712
0.707426
0.0847905
0.123801

-0.436047
0.735458
0.518617
0.805129
0.00187054

0.436047
-0.735458
-0.518617
-0.138101
0.0628945

0.665806
0.66339
-0.341492
0.348026
0.0437931

-0.665806
-0.66339
0.341492
-0.867193
0.358941

0.0230715
0.347406
-0.937431
0.342854
0.061481

-0.0230715
-0.347406
0.937431
-2.1129
1.37953

0.53727
0.686949
-0.489328
-0.685098
0.354507

-0.53727
-0.686949
0.489328
-0.170212
0.171016

0.132979
0.78776
-0.601458
0.364228
0.0143363

-0.132979
-0.78776
0.601458
0.772322
0.00184665

0.583941
0.523049
0.620832
0.939381
0.000156907

-0.583941
-0.523049
-0.620832
-0.422644
0.0845352

0.842072
0.224477
-0.490433
-0.451353
0.120266

-0.842072
-0.224477
0.490433
0.807188
0.00214722

0.722411
-0.623485
0.29898
-0.427153
0.353701

-0.722411
0.623485
-0.29898
-1.61231
1.18495

0.404587
-0.613454
0.678221
0.845145
0.0017273

0.177897
-0.831591
0.526127
0.244772
0.03292

-0.781208
-0.232847
0.57922
0.951839
0.000277934

0.781208
0.232847
-0.57922
-4.02476
2.91865

0.151811
0.780399
-0.606572
-1.56875
0.668896

-0.151811
-0.780399
0.606572
0.654647
0.0120931

-0.153877
0.939404
-0.306337
0.138746
0.0642725

0.153877
-0.939404
0.306337
-0.109759
0.106695

0.444258
0.855495
-0.266013
-0.471117
0.246902

-0.444258
-0.855495
0.266013
-0.126326
0.144741

-0.411576
-0.784056
0.464608
-0.0873849
0.110504

0.411576
0.784056
-0.464608
-0.0294039
0.0990353

0.0725531
0.84319
0.532698
0.574733
0.00745461

-0.0725531
-0.84319
-0.532698
0.497055
0.0104106

-0.92436
-0.381521
0
-1.16007
0.476162

0.92436
0.381521
0
0.481798
0.0413107

-0.577997
-0.235562
0.7813
0.846758
0.0045654

0.577997
0.235562
-0.7813
-6.50884
10.8267

0.358081
-0.91954
0.161941
0.969184
0.000204738

-0.358081
0.91954
-0.161941
-9.46551
23.5996

0.622732
-0.517518
0.586839
0.763644
0.00825559

-0.735405
-0.544232
-0.403722
0.951112
9.81455e-05

-0.428442
0.804208
0.411931
-2.93018
1.59987

0.428442
-0.804208
-0.411931
0.904399
0.000947706

0.132028
0.264056
0.955428
0.628908
0.0327343

-0.216593
0.0114685
0.976195
0.928004
6.73202e-05

0.093584
0.0579576
0.993923
0.989996
2.21808e-05

-0.305558
-0.244086
-0.920357
-11.0045
37.3354

0.305558
0.244086
0.920357
0.937268
0.00102316

-0.352527
0.202597
0.913608
0.93319
0.00028681

0.352527
-0.202597
-0.913608
-1.04401
0.237538

0.78256
0.622575
0
0.590427
0.053679

-0.78256
-0.622575
0
-8.10256
21.569

0.650996
0.391977
-0.650045
0.235455
0.0388307

-0.650996
-0.391977
0.650045
0.264576
0.0359361

-0.477285
0.822667
0.308897
0.688344
0.0171632

-0.0995944
0.766681
0.634256
0.273093
0.0807758

0.0995944
-0.766681
-0.634256
-2.28245
1.64426

-0.243614
0.108962
-0.963732
0.463653
0.0177541

0.243614
-0.108962
0.963732
0.11339
0.048494

-0.353908
-0.522865
-0.775475
-2.7078
1.79649

0.353908
0.522865
0.775475
0.662091
0.015034

0.499106
0.778782
-0.379989
-0.714647
0.284624

-0.499106
-0.778782
0.379989
0.364705
0.039108

-0.919422
0.207791
-0.333895
0.451034
0.0274011

0.919422
-0.207791
0.333895
-0.697811
0.261851

0.262095
-0.586341
0.766492
0.684821
0.0102725

0.239561
0.467671
0.85082
0.833626
0.000927596

0.383997
-0.594812
-0.706218
0.998737
5.10836e-07

-0.661092
-0.118756
0.740847
-0.0194371
0.0443782

0.661092
0.118756
-0.740847
0.834446
0.00117224

-0.425433
-0.103267
0.899079
0.711031
0.0145914

0.22267
-0.308469
0.924805
0.508183
0.0227642

-0.22267
0.308469
-0.924805
-0.895095
0.335159

0.718274
0.695761
0
0.991111
0.000316544

0.108025
0.873891
0.473967
0.959805
0.00117436

-0.418795
-0.745636
-0.518303
0.872449
0.000441904

-0.700273
-0.289929
-0.652349
0.995286
1.30738e-06

-0.523118
0.300559
-0.797504
0.190886
0.0602762

0.523118
-0.300559
0.797504
-0.310636
0.158079

0.570103
-0.423796
-0.703832
-0.458598
0.163597

-0.570103
0.423796
0.703832
0.54686
0.0158843

0.48685
0.851085
0.196545
0.945915
0.000154928

-0.48685
-0.851085
-0.196545
-0.947074
0.199176

-0.0309513
0.101019
0.994403
0.992213
3.32299e-05

0.492141
0.333371
0.804153
0.785724
0.00150509

-0.572758
0.780322
0.251088
0.841245
0.0012602

0.572758
-0.780322
-0.251088
-0.300869
0.0843832

0.972079
0.0510706
0.22903
-0.0707647
0.0835855

-0.588561
0.44805
-0.672939
0.971291
3.77431e-05

0.597346
-0.577428
0.556557
0.96306
6.50246e-05

-0.597346
0.577428
-0.556557
-0.637784
0.114352

-0.893038
0.407739
0.190348
-0.180964
0.119775

0.893038
-0.407739
-0.190348
0.21242
0.0532801

0.770481
0.341489
0.53828
0.709392
0.00244824

-0.770481
-0.341489
-0.53828
0.631462
0.00393707

0.523116
0.0534274
0.850586
0.853014
0.00206629

-0.523116
-0.0534274
-0.850586
-2.17819
0.958786

-0.87815
-0.339556
0.336978
0.405239
0.0350589

0.87815
0.339556
-0.336978
-0.820078
0.324088

0.704688
0.287664
-0.648586
-2.03388
0.737478

-0.704688
-0.287664
0.648586
0.925082
0.00046853

0.58291
0.645228
-0.493859
9.82285e-05
0.10731

-0.490505
0.117629
0.863463
0.889093
0.000798004

-0.284796
0.555923
-0.780923
-34.7562
1006.3

0.284796
-0.555923
0.780923
0.771158
0.0412281

-0.228403
-0.762442
0.605405
0.203141
0.0517804

0.228403
0.762442
-0.605405
-0.0609013
0.0917722

0.477726
-0.707177
0.521228
0.812903
0.0116833

-0.477726
0.707177
-0.521228
-12.8377
63.7407

-0.840678
0.124974
0.526918
0.909418
0.000434292

0.840678
-0.124974
-0.526918
-0.646296
0.138645

-0.926467
-0.376377
0
-0.315838
0.252862

0.926467
0.376377
0
-0.813319
0.456648

-0.624257
0.682136
-0.380781
-0.710177
0.359534

0.624257
-0.682136
0.380781
-0.112234
0.152107

-0.545218
0.69268
0.472157
0.63327
0.0197922

0.814751
0.299382
0.496539
0.516413
0.0110238

-0.814751
-0.299382
-0.496539
0.413316
0.016224

0.522951
-0.787821
0.325361
0.806048
0.00389035

-0.146664
-0.00276145
0.989182
0.977942
0.000234353

0.476768
0.513766
-0.713258
0.140805
0.0490732

-0.476768
-0.513766
0.713258
0.345592
0.0284711

-0.23852
0.0195159
-0.970941
0.972206
2.7895e-05

0.23852
-0.0195159
0.970941
-0.411004
0.0714849

0.279354
0.0160809
-0.960054
-37.1428
1016.75

-0.279354
-0.0160809
0.960054
0.994114
2.43052e-05

0.0080836
0.839839
0.542775
0.536109
0.00647816

-0.174166
0.0841255
0.981116
0.935781
0.00107085

-0.752299
-0.658821
0
-1.77388
0.86032

0.752299
0.658821
0
0.57341
0.0264283

0.0801043
0.565962
0.820531
-0.744599
0.33788

-0.0801043
-0.565962
-0.820531
0.138533
0.082565

0.833692
-0.552229
0
0.203141
0.0579658

-0.833692
0.552229
0
-0.0609013
0.0981999

-0.131735
-0.66027
0.739384
0.735109
0.00447809

0.131735
0.66027
-0.739384
-0.464548
0.136332

-0.194929
0.789532
-0.581929
-1.04001
0.386319

0.194929
-0.789532
0.581929
0.57555
0.0167316

-0.953923
-0.0879349
0.286877
0.26196
0.0107783

0.23721
-0.410232
0.880591
0.836036
0.00229366

-0.23721
0.410232
-0.880591
-1.56904
0.545187

0.125593
0.572688
0.810096
0.15745
0.0443105

-0.125593
-0.572688
-0.810096
0.414896
0.0213696

-0.0334649
0.0792693
0.996291
0.512915
0.0332443

0.0334649
-0.0792693
-0.996291
-2.51808
1.73391

0.79646
-0.292523
-0.529227
0.826693
0.000873774

-0.79646
0.292523
0.529227
0.478885
0.00772069

0.836078
0.483159
0.259867
0.247564
0.0533276

-0.322051
0.285732
-0.902574
-0.573613
0.163061

0.322051
-0.285732
0.902574
0.745319
0.0042978

0.614236
0.789123
0
0.228321
0.0440155

-0.614236
-0.789123
0
0.161246
0.051739

-0.0203626
-0.249995
-0.968033
0.96017
8.3616e-05

0.0203626
0.249995
0.968033
-1.05437
0.220063

-0.0541785
0.974728
-0.216725
0.893043
0.000119854

0.839627
0.479392
-0.255362
0.912897
0.000624955

-0.839627
-0.479392
0.255362
-1.99949
0.734009

0.818682
0.193138
-0.540794
0.987981
1.25964e-05

0.0664047
-0.858195
0.509011
0.990427
3.65196e-06

-0.0664047
0.858195
-0.509011
-0.754166
0.116984

0.366505
-0.5429
-0.755602
0.990595
2.44676e-05

-0.366505
0.5429
0.755602
-11.529
37.5939

-0.0633819
0.160185
0.98505
0.988427
6.39133e-05

-0.346641
-0.254517
0.902808
0.936707
0.000445569

0.428727
0.163294
0.888554
-1.59118
0.672677

-0.826077
-0.162679
0.539567
0.99531
2.43887e-06

-0.421439
0.545516
-0.724432
-1.35379
0.468601

0.421439
-0.545516
0.724432
0.770137
0.00453561

0.388496
0.245464
0.888155
0.922206
0.00188777

-0.388496
-0.245464
-0.888155
-13.3887
64.5009

0.802557
0.596575
0
0.627742
0.0225775

-0.802557
-0.596575
0
-2.00695
1.0138

0.535362
0.483305
0.692678
0.551356
0.00947947

-0.535362
-0.483305
-0.692678
0.376256
0.0183049

-0.851898
0.189386
-0.488264
-0.658919
0.169333

0.851898
-0.189386
0.488264
0.819136
0.0020363

0.0105458
-0.85746
0.514443
-0.421573
0.0717593

-0.113491
-0.107701
0.987684
0.612015
0.0201947

0.113491
0.107701
-0.987684
-2.63892
1.77531

-0.569969
-0.0515093
-0.82005
0.578478
0.00867983

0.569969
0.0515093
0.82005
0.298194
0.0240125

0.378424
0.0619648
0.923556
0.897021
0.000793959

-0.404949
-0.561843
-0.721352
0.963943
0.000293606

0.953481
0.301451
0
0.274509
0.0487412

-0.953481
-0.301451
0
-0.253174
0.138023

-0.442517
0.280468
-0.851773
-0.691744
0.210652

0.442517
-0.280468
0.851773
0.692027
0.00709298

-0.168455
0.865096
-0.472475
-0.0341737
0.140917

-0.742879
0.22213
-0.631498
-10.4931
36.8379

0.742879
-0.22213
0.631498
0.834499
0.00767856

-0.0213214
0.758769
0.651011
-0.0388187
0.0670872

0.0213214
-0.758769
-0.651011
0.55816
0.0122023

0.677396
-0.661951
-0.320868
0.471903
0.0333517

-0.677396
0.661951
0.320868
-1.67346
0.854064

0.288972
-0.5811
0.760801
0.959336
0.000825737

0.0700039
0.0242953
-0.997251
-10.5407
36.9031

-0.0700039
-0.0242953
0.997251
0.846351
0.00654699

-0.191074
-0.157016
0.968936
0.961654
0.000283201

0.191074
0.157016
-0.968936
-8.06466
15.7764

-0.291721
-0.0956457
0.951709
0.886952
0.00414271

0.6537
0.353141
-0.669303
-1.20157
0.591254

-0.417082
0.780665
0.465409
0.931593
0.000238638

-0.414083
0.0665474
-0.907803
-0.992135
0.450291

0.414083
-0.0665474
0.907803
0.24558
0.0645871

0.653988
-0.009172
0.756449
0.693518
0.0121665

-0.653988
0.009172
-0.756449
-2.75444
1.81097
