
0.774146
-0.193574
-0.602683
-1.47543
0.533001

-0.774146
0.193574
0.602683
0.77721
0.00436245

0.359213
-0.525174
-0.771465
-4.81448
5.77905

-0.359213
0.525174
0.771465
0.749537
0.0108105

0.723466
-0.35479
0.592217
-5.97249
10.4465

-0.723466
0.35479
-0.592217
0.628684
0.0297021

0.355389
0.713314
-0.604055
-1.2583
0.91731

0.788632
0.614865
0
-0.0420425
0.184384

-0.788632
-0.614865
0
-1.82685
1.24592

0.460023
-0.62106
0.634558
0.976986
2.1679e-05

-0.460023
0.62106
-0.634558
-0.686728
0.115613

-0.468504
-0.838172
-0.279234
0.961867
8.5377e-05

0.468504
0.838172
0.279234
-1.36305
0.325616

-0.467191
0.464197
0.752498
0.780223
0.0132786

0.467191
-0.464197
-0.752498
-9.72846
31.6182

0.935941
0.285293
0.206453
0.565461
0.00938645

-0.112422
-0.390256
-0.913817
-0.507087
0.148163

0.112422
0.390256
0.913817
0.729663
0.00479568

-0.204384
0.792459
-0.574661
0.4817
0.0124673

0.204384
-0.792459
0.574661
0.467403
0.0131645

0.874526
-0.0685531
-0.480109
0.835714
0.000961044

-0.874526
0.0685531
0.480109
0.221773
0.0215568

0.130164
-0.646168
-0.752014
-1.70611
0.692757

-0.130164
0.646168
0.752014
0.760819
0.00548737

0.729675
0.530187
0.431829
-0.245703
0.170756

-0.729675
-0.530187
-0.431829
-0.245703
0.170756

0.634121
-0.177729
-0.752531
-1.45993
0.585687

-0.634121
0.177729
0.752531
0.672134
0.0105028

0.129366
0.286239
-0.949385
-7.96463
15.7313

-0.129366
-0.286239
0.949385
0.946955
0.000558073

0.625075
0.0569275
0.778486
0.813445
0.002902

-0.625075
-0.0569275
-0.778486
-1.41775
0.47669

0.732184
0.62403
0.272934
0.46329
0.0201906

-0.732184
-0.62403
-0.272934
-0.111415
0.0865267

-0.695098
0.119455
0.708922
-0.478156
0.400299

0.695098
-0.119455
-0.708922
-1.79466
1.43011

-0.112139
0.441961
0.889997
-0.167847
0.150183

0.112139
-0.441961
-0.889997
-0.328756
0.19441

0.180216
-0.552198
-0.814002
-0.486661
0.216642

-0.180216
0.552198
0.814002
0.204048
0.0622501

-0.480169
0.127203
-0.867904
0.393541
0.0183782

0.480169
-0.127203
0.867904
0.475951
0.013731

-0.962015
0.0683054
-0.264314
0.303184
0.0320363

0.962015
-0.0683054
0.264314
0.201331
0.0420812

0.707107
0.707107
0
-0.750433
0.441349

-0.707107
-0.707107
0
0.605058
0.288879

-0.858922
-0.512107
0
-0.0343812
0.13702

0.858922
0.512107
0
-0.838894
0.42005

-0.130129
0.33551
0.933006
-22.3311
296.311

0.130129
-0.33551
-0.933006
0.750322
0.0339347

0.164089
-0.170869
-0.971534
-10.0761
36.3034

-0.164089
0.170869
0.971534
0.708734
0.0251146

-0.760822
0.554599
-0.337001
-0.158715
0.0997495

0.295051
0.288203
0.910979
0.934676
0.000187419

-0.701576
0.52872
0.477751
0.286456
0.0553062

0.701576
-0.52872
-0.477751
-0.91914
0.399626

-0.786141
-0.194142
-0.586764
0.282238
0.0129185

0.0678279
-0.197896
0.977873
0.982262
4.44284e-05

-0.790396
0.0615209
0.609499
0.666063
0.0126481

0.786255
-0.00776175
0.617853
0.470243
0.00895412

-0.786255
0.00776175
-0.617853
0.771528
0.00167305

0.453288
-0.891364
0
0.838988
0.00187628

-0.453288
0.891364
0
-0.582605
0.144978

0.680534
-0.296082
-0.67023
0.918958
0.000246226

-0.680534
0.296082
0.67023
-0.00223243
0.0345231

0.671237
0.507744
0.540034
0.511488
0.0165873

-0.671237
-0.507744
-0.540034
-0.173651
0.0957093

0.138714
0.0282992
-0.989928
-36.2618
1014.52

-0.138714
-0.0282992
0.989928
0.950728
0.00178131

-0.225979
-0.643281
-0.731521
-2.31722
1.44742

0.225979
0.643281
0.731521
0.546938
0.0270142

0.352269
0.852737
0.385677
0.31662
0.0277395

-0.206951
0.502308
-0.839558
-0.432563
0.112563

0.206951
-0.502308
0.839558
0.826684
0.00171334

0.646715
0.392782
-0.653821
0.780053
0.00205417

0.0901417
0.400909
0.911672
0.851799
0.00534349

-0.761953
-0.521949
-0.383402
0.78276
0.00125262

0.761953
0.521949
0.383402
0.616892
0.00384905

0.536314
-0.432517
-0.724773
-36.4975
1015.18

-0.536314
0.432517
0.724773
0.966587
0.000816802

-0.719211
-0.43424
-0.542376
-2.21153
1.41294

0.719211
0.43424
0.542376
0.447864
0.0418452

-0.41774
0.620567
0.663619
0.712849
0.00652591

0.41774
-0.620567
-0.663619
-0.920602
0.288994

0.266334
-0.343993
0.900408
0.869663
0.00403766

-0.226742
-0.675694
0.701446
0.632285
0.00440011

0.256165
-0.567952
-0.782182
0.494302
0.0282482

-0.256165
0.567952
0.782182
-1.40729
0.636733

0.22558
0.305091
-0.92522
0.946638
2.47306e-05

-0.22558
-0.305091
0.92522
0.907615
6.52718e-05

0.352226
0.285409
-0.891335
0.264439
0.103681

-0.352226
-0.285409
0.891335
-3.59725
4.04971

0.858449
0.512898
0
0.267576
0.072634

-0.858449
-0.512898
0
-1.5067
0.805881

-0.883777
-0.264231
0.386162
0.298919
0.0185758

0.883777
0.264231
-0.386162
0.769196
0.00201679

0.568026
-0.382757
-0.72859
-8.54814
22.9086

-0.568026
0.382757
0.72859
0.768958
0.0134868

0.460745
0.792622
0.39933
0.402359
0.0615495

-0.460745
-0.792622
-0.39933
-3.33202
3.23379

-0.95775
0.228381
0.174805
-0.0341671
0.140907

0.95775
-0.228381
-0.174805
-1.05339
0.555475

0.324815
-0.82737
-0.458207
0.835345
0.0031709

-0.324815
0.82737
0.458207
-3.01414
1.88325

-0.139075
-0.905121
-0.401763
0.407412
0.0644598

0.139075
0.905121
0.401763
-3.75715
4.15079

-0.524265
0.671318
0.523907
0.527666
0.0108189

0.256101
0.70685
0.659375
0.610402
0.0142652

-0.256101
-0.70685
-0.659375
-1.1699
0.442218

-0.691562
-0.689426
0.215484
0.865178
0.00114519

0.907715
-0.364029
0.208653
-13.7572
64.8375

-0.907715
0.364029
-0.208653
0.967776
0.000310008

0.372235
0.867355
0.330358
-0.661485
0.322777

-0.372235
-0.867355
-0.330358
-0.0313704
0.124403

0.289537
0.0480367
-0.955961
-1.91413
0.646186

-0.289537
-0.0480367
0.955961
0.932391
0.000384787

0.15988
-0.32484
0.932157
0.905315
0.000720401

-0.15988
0.32484
-0.932157
-1.83948
0.639202

0.985737
-0.133216
-0.102841
-1.73333
0.973377

-0.985737
0.133216
0.102841
0.351266
0.0548349

0.263921
-0.510471
0.818392
0.570924
0.0405985

-0.263921
0.510471
-0.818392
-5.86522
10.351

-0.251668
-0.512755
0.82082
0.736899
0.00543632

0.251668
0.512755
-0.82082
-0.227777
0.0882598

-0.611281
0.408673
0.677733
0.946564
0.000211494

0.611281
-0.408673
-0.677733
-1.70889
0.505654

0.515468
0.826508
0.226225
0.884607
0.000719237

-0.515468
-0.826508
-0.226225
-0.471662
0.108193

-0.692958
-0.211172
-0.689359
0.35433
0.03519

0.692958
0.211172
0.689359
-0.341058
0.151781

0.379914
-0.470344
0.796518
0.912894
0.00201708

-0.379914
0.470344
-0.796518
-10.856
37.213

0.743766
-0.115065
0.658462
0.742033
0.000987067

0.508231
0.81426
0.280503
0.28851
0.0637581

-0.508231
-0.81426
-0.280503
-1.45256
0.75708

0.133465
-0.311825
0.940719
0.806281
0.00282071

-0.133465
0.311825
-0.940719
-1.03532
0.300883

0.142445
-0.757573
-0.637018
0.610806
0.0327996

-0.142445
0.757573
0.637018
-5.93826
10.4208

0.0932959
0.820906
0.563391
0.572421
0.0276705

-0.0932959
-0.820906
-0.563391
-3.12293
2.56048

0.644413
-0.411942
-0.644232
0.449902
0.0457716

0.163431
0.284782
-0.944558
-0.741956
0.215331

-0.163431
-0.284782
0.944558
0.741071
0.00487815

0.427715
-0.84187
-0.329113
0.983563
1.5788e-05

-0.958721
-0.0665221
0.276457
-1.02973
0.325762

0.958721
0.0665221
-0.276457
0.738444
0.00542013

-0.526519
0.709835
0.46788
-1.79257
0.459571

0.148355
-0.848449
-0.508061
-0.177967
0.184039

-0.148355
0.848449
0.508061
-0.872731
0.464978

-0.0128702
0.572524
0.819787
0.498853
0.0194169

0.0128702
-0.572524
-0.819787
-0.376206
0.146178

0.942751
0.333498
0
0.686551
0.0138973

0.43021
-0.854951
-0.289789
0.968014
3.01585e-05

0.9225
-0.314941
-0.223171
0.0698373
0.0341869

-0.9225
0.314941
0.223171
0.845668
0.00100482

-0.747573
0.0436572
0.662743
-0.170636
0.0389096

0.747573
-0.0436572
-0.662743
0.983635
1.19455e-05

0.568063
0.161692
0.806945
0.268996
0.056713

-0.345653
0.485969
-0.802719
0.986117
4.07978e-05

-0.977932
-0.0309926
0.206611
0.843853
0.00206099

0.977932
0.0309926
-0.206611
-1.58299
0.546946

-0.398403
-0.917211
0
0.753912
0.00175146

0.41517
-0.796192
0.440128
0.976495
2.22319e-05

-0.41517
0.796192
-0.440128
-0.60208
0.100089

-0.052367
-0.650328
0.757847
0.757779
0.00585795

-0.835225
0.483408
-0.262135
0.843636
0.000999051

0.835225
-0.483408
0.262135
0.0337255
0.0377792

-0.101933
0.806974
-0.581724
-0.543714
0.0929833

0.101933
-0.806974
0.581724
0.970996
3.87234e-05

-0.342939
-0.063775
-0.93719
-13.6073
64.67

0.342939
0.063775
0.93719
0.951753
0.000731385

0.328184
0.485914
0.810051
0.88558
0.00515514

0.638383
-0.135492
0.7577
-1.17104
0.371141

-0.638383
0.135492
-0.7577
0.781035
0.00378024

-0.122528
-0.28649
0.950216
0.943543
0.000284079

0.229998
-0.129252
0.96457
0.97053
0.000258087

-0.229998
0.129252
-0.96457
-13.7866
64.8595

0.761881
-0.172544
0.624313
0.711706
0.0157972

-0.761881
0.172544
-0.624313
-5.36839
7.67642

0.9586
0.122848
-0.256894
0.181024
0.0344658

-0.9586
-0.122848
0.256894
0.616813
0.00767882

-0.00824819
-0.607385
-0.794365
-3.99919
3.53182

0.00824819
0.607385
0.794365
0.822545
0.00445751

0.71205
-0.104663
-0.694284
-0.122338
0.0543268

-0.189346
0.250471
0.949428
0.890728
0.0038095

-0.0511433
-0.0179736
-0.99853
0.988243
6.16275e-06

0.0511433
0.0179736
0.99853
-0.88365
0.146756

0.398494
0.504777
-0.765769
0.792431
0.000808731

-0.398494
-0.504777
0.765769
0.783105
0.000882964

-0.0790067
0.965667
0.247476
0.0754073
0.0427375

0.0790067
-0.965667
-0.247476
0.693149
0.00471491

0.19413
-0.980976
0
0.294873
0.035532

-0.19413
0.980976
0
0.136868
0.0527282

0.293141
0.647457
0.703469
0.702735
0.0026367

-0.647649
0.377876
0.661635
0.823275
0.00187171

0.647649
-0.377876
-0.661635
-0.562001
0.142936

-0.486717
-0.87356
0
0.793814
0.00279507

0.677227
-0.423351
0.601779
-1.13584
0.436812

-0.179031
0.499121
-0.847836
0.927053
0.000713216

0.179031
-0.499121
0.847836
-4.31821
3.62252

0.598265
0.286841
0.748199
0.779935
0.00408215

-0.109613
-0.888619
0.445355
0.995316
1.37032e-06

0.109613
0.888619
-0.445355
-0.792135
0.117536

-0.263994
-0.317198
0.910875
0.724222
0.00161729

0.103838
-0.90794
-0.406033
-0.449583
0.143699

-0.103838
0.90794
0.406033
0.666016
0.00765408

-0.0207323
-0.410087
-0.911811
-1.68577
0.959033

0.0207323
0.410087
0.911811
0.291775
0.0669522

-0.0918546
0.824033
0.559045
0.715942
0.00889384

0.0918546
-0.824033
-0.559045
-2.12307
1.07358

0.707109
0.707104
0
0.970869
0.00379352

-0.857459
-0.47825
-0.189847
0.637001
0.00600931

0.857459
0.47825
0.189847
0.298019
0.0224587

0.348516
0.856698
0.380269
0.371783
0.0556594

-0.327575
-0.705115
0.628894
0.640821
0.00918445

0.327575
0.705115
-0.628894
-0.478056
0.155251

-0.227704
-0.43414
-0.871592
0.904997
0.000129124

0.227704
0.43414
0.871592
0.875445
0.00020392

0.484873
-0.47831
-0.732201
-0.997425
0.297133

-0.484873
0.47831
0.732201
0.778064
0.00373308

-0.336495
0.488862
-0.804851
0.901447
0.000353039

0.336495
-0.488862
0.804851
0.243301
0.0172643

-0.773607
0.506462
-0.380827
-0.0197542
0.0690459

0.773607
-0.506462
0.380827
0.469433
0.0187134

0.627118
-0.294855
0.72096
0.926348
0.000352972

-0.627118
0.294855
-0.72096
-1.17429
0.287869

-0.718655
0.245229
0.65069
-6.72338
14.742

0.718655
-0.245229
-0.65069
0.51729
0.0577032

-0.742319
-0.426518
0.516764
-0.55599
0.125977

0.742319
0.426518
-0.516764
0.884265
0.000714481

-0.371116
0.507844
-0.777411
0.611957
0.0326982

-0.0921602
-0.908005
0.408697
-0.627055
0.316439

0.0921602
0.908005
-0.408697
-0.109326
0.147161

-0.281984
0.646842
0.708576
-1.53006
0.816883

0.281984
-0.646842
-0.708576
0.29915
0.0627

0.321306
0.339736
-0.883935
-1.78417
0.568608

-0.321306
-0.339736
0.883935
0.93238
0.000336672

2.77804e-05
0.333134
-0.942879
0.413435
0.0126221

-2.77804e-05
-0.333134
0.942879
0.722278
0.00283399

-0.268103
0.588513
-0.762741
0.600216
0.0072152

0.39234
0.310049
0.86599
0.832064
0.00498905

-0.39234
-0.310049
-0.86599
-5.66537
7.85177

0.605789
0.290251
0.740793
0.771866
0.00495341

-0.605789
-0.290251
-0.740793
-1.72253
0.695449

-0.258155
-0.799096
0.542956
0.895997
0.00032492

0.258155
0.799096
-0.542956
0.303685
0.0138486

0.361548
0.543619
-0.75747
-1.56177
0.602467

-0.361548
-0.543619
0.75747
0.752525
0.00562392

-0.23222
0.631767
0.739557
0.793942
0.00336883

0.32786
-0.86642
0.376596
-0.913368
0.288184

-0.32786
0.86642
-0.376596
0.706121
0.00683671

-0.945242
-0.289663
0.150376
0.492519
0.0293742

0.945242
0.289663
-0.150376
-1.542
0.736875

0.157316
0.293815
0.942828
0.912789
0.000872319

-0.157316
-0.293815
-0.942828
-3.521
2.34351

0.549317
0.791588
0.267653
0.775387
0.0027956

-0.549317
-0.791588
-0.267653
-0.197649
0.0757895

-0.172776
-0.497617
0.850015
-0.674422
0.308185

0.172776
0.497617
-0.850015
0.123829
0.0873813

0.599774
0.774041
0.202811
0.922088
0.000202299

-0.413065
0.045705
-0.909554
-4.86852
5.80497

0.413065
-0.045705
0.909554
0.773569
0.00875233

-0.557002
0.299087
-0.774787
0.720949
0.00172844

0.557002
-0.299087
0.774787
0.77612
0.00111357

0.174682
0.186006
0.966896
0.782461
0.00362221

-0.174682
-0.186006
-0.966896
-1.00312
0.297707

0.161184
0.521165
0.838097
0.810457
0.00370425

-0.608051
0.542478
-0.579648
0.108846
0.276475

0.608051
-0.542478
0.579648
-8.90176
34.1125

-0.253581
-0.597299
-0.760875
-2.58965
1.52544

0.253581
0.597299
0.760875
0.746725
0.00760334

0.895683
0.397642
-0.199082
-9.38087
35.1195

-0.895683
-0.397642
0.199082
0.402061
0.116532

-0.246147
-0.969232
0
-1.57968
0.927398

0.246147
0.969232
0
0.144848
0.101915

-0.737327
0.235447
0.633178
0.29467
0.0170471

0.652231
0.175986
0.737309
0.73154
0.0108147

-0.762879
-0.123943
-0.63455
-2.17143
1.2296

0.762879
0.123943
0.63455
0.604942
0.0191651

0.557437
-0.710688
-0.429169
-0.0420425
0.172997

-0.557437
0.710688
0.429169
-1.82685
1.27259

0.0673979
0.61339
-0.786899
0.989872
8.13067e-06

-0.0673979
-0.61339
0.786899
-0.946977
0.159251

-0.961635
-0.11788
-0.247714
-0.214854
0.123028

0.961635
0.11788
0.247714
0.287256
0.0423582

0.273328
-0.0921982
0.957492
0.971956
0.00013456

-0.273328
0.0921982
-0.957492
-7.10477
11.0929

-0.100902
0.496452
0.86218
0.413389
0.0113635

0.100902
-0.496452
-0.86218
0.784845
0.00153309

-0.0910408
-0.242665
-0.965829
-0.948106
0.292

0.0910408
0.242665
0.965829
0.737485
0.0054321

-0.941929
-0.335813
0
-3.08615
1.62197

0.941929
0.335813
0
0.948887
0.000281556

-0.807567
-0.42449
0.409443
-0.454338
0.135578

0.807567
0.42449
-0.409443
0.724432
0.00487335

0.881902
0.288262
0.373033
-3.18508
2.66104

-0.881902
-0.288262
-0.373033
0.576303
0.0273068

-0.450883
-0.0397142
0.891699
0.752525
0.00564877

0.450883
0.0397142
-0.891699
-1.56177
0.602385

-0.193527
-0.792871
0.577843
0.602535
0.0185861

0.193527
0.792871
-0.577843
-1.97714
1.03882

0.359559
0.837481
0.411513
-0.101376
0.125496

-0.359559
-0.837481
-0.411513
-0.243344
0.159917

-0.645829
0.177254
0.742621
0.742554
0.0123747

0.645829
-0.177254
-0.742621
-5.43615
7.72111

0.488372
0.114117
0.865142
-1.74702
1.24065

-0.488372
-0.114117
-0.865142
-0.174399
0.226833

-0.768902
0.200043
0.607266
0.667247
0.00535613

0.768902
-0.200043
-0.607266
0.170422
0.0332871

-0.0533914
0.171622
-0.983715
-13.848
64.8453

0.0533914
-0.171622
0.983715
0.975858
0.00018571

0.232826
0.352524
0.906377
0.685189
0.00850782

-0.232826
-0.352524
-0.906377
-1.056
0.357158

0.035474
-0.685732
0.726989
0.853802
0.00136784

-0.035474
0.685732
-0.726989
-0.888154
0.227343

0.492447
0.261647
-0.830083
-0.308256
0.20485

-0.492447
-0.261647
0.830083
-0.403368
0.235717

-0.389751
0.427444
0.815712
-3.7359
2.38106

0.389751
-0.427444
-0.815712
0.963981
0.000137874

0.981809
0.18987
0
-1.50758
0.728863

-0.981809
-0.18987
0
0.453901
0.034659

-0.429066
-0.857108
-0.285075
0.343251
0.0358429

0.429066
0.857108
0.285075
-0.287228
0.137633

0.596479
-0.349626
-0.722478
-1.70015
0.770629

-0.596479
0.349626
0.722478
0.646025
0.0133422

0.316104
-0.388161
0.865684
-0.700348
0.282628

-0.316104
0.388161
-0.865684
0.341689
0.0425497

-0.766499
-0.0492284
0.640356
0.280667
0.0263563

0.766499
0.0492284
-0.640356
0.551661
0.0102809

-0.213416
0.494973
-0.842292
-3.26117
2.2778

0.213416
-0.494973
0.842292
0.815053
0.0043678

-0.396909
0.825046
0.402197
0.20786
0.0680406

0.47282
0.624626
-0.621517
-0.112421
0.0472537

-0.47282
-0.624626
0.621517
0.909191
0.000334621

-0.824475
0.0612469
0.562575
0.594243
0.00832229

0.824475
-0.0612469
-0.562575
0.228048
0.0300887

-0.141629
0.459288
-0.876924
0.923642
6.81091e-05

0.141629
-0.459288
0.876924
0.796118
0.000482299

-0.653725
-0.348724
-0.671592
-7.50148
15.4651

0.653725
0.348724
0.671592
0.843696
0.00523234

-0.0888119
-0.707578
-0.701032
0.737246
0.00141965

-0.744532
-0.628356
-0.22548
-1.05339
0.555474

0.744532
0.628356
0.22548
-0.0341671
0.140913

-0.952219
0.031501
-0.303786
-0.613613
0.233357

0.952219
-0.031501
0.303786
0.427848
0.0296775

-0.228137
0.619405
-0.751193
-10.229
36.5024

0.228137
-0.619405
0.751193
0.75952
0.0168229

0.614024
-0.394913
0.683388
0.383679
0.0311105

-0.614024
0.394913
-0.683388
-0.308609
0.139833

0.686832
-0.0846392
-0.721872
-5.93826
10.4211

-0.686832
0.0846392
0.721872
0.610806
0.0327937

0.0981482
0.750759
-0.653244
-4.21022
4.39952

-0.0981482
-0.750759
0.653244
0.711545
0.0134878

0.187402
0.0105897
0.982226
0.717713
0.010672

-0.187402
-0.0105897
-0.982226
-3.07622
2.22323

-0.423832
-0.896533
0.128819
-0.471123
0.214383

0.929487
0.368855
0
0.186043
0.0463575

-0.061536
-0.0796138
-0.994925
-9.6855
23.6746

0.061536
0.0796138
0.994925
0.988673
2.68767e-05

-0.961717
-0.274044
0
-0.471116
0.154684

0.961717
0.274044
0
0.632219
0.00970435

0.0781525
-0.450482
-0.889358
-16.6994
125.377

-0.0781525
0.450482
0.889358
0.853724
0.00863367

-0.536064
-0.654311
-0.533397
-3.22475
3.17385

0.536064
0.654311
0.533397
0.302752
0.0865502

-0.371725
-0.86051
0.348345
0.127763
0.0440225

0.178629
-0.0706435
0.981377
0.969466
0.000399497

-0.481504
0.375898
-0.791741
-0.739444
0.281017

0.481504
-0.375898
0.791741
0.441214
0.029258

0.207373
0.831625
-0.515166
-0.0491657
0.0616677

-0.207373
-0.831625
0.515166
0.663579
0.00637785

0.593584
0.67273
-0.441692
0.579634
0.0125466

-0.593584
-0.67273
0.441692
-0.337558
0.126678

0.30827
0.177035
-0.934681
-8.57616
22.9444

-0.30827
-0.177035
0.934681
0.778246
0.0123326

-0.635331
-0.13394
0.760535
0.978911
5.30169e-05

0.635331
0.13394
-0.760535
-3.82977
2.3905

0.0100799
-0.025116
0.999634
0.976581
4.69306e-05

-0.0280335
0.822415
0.568197
0.931605
0.00038427

-0.436639
0.298518
0.848666
0.930345
0.00153118

0.436639
-0.298518
-0.848666
-13.4437
64.5227

0.0165311
0.749693
-0.661579
0.893373
0.000517874

-0.368132
0.224972
-0.902146
-1.85972
0.641337

0.368132
-0.224972
0.902146
0.913178
0.000601641

-0.164202
-0.723139
0.670901
0.491213
0.0307861

0.164202
0.723139
-0.670901
-1.69147
0.85833

-0.588473
0.279561
0.758647
0.781501
0.00504463

0.588473
-0.279561
-0.758647
-2.22545
1.09537

-0.592861
-0.765853
0.248968
0.136133
0.0297788

0.707104
0.707109
0
-11.8723
179.863

-0.707104
-0.707109
0
-11.8723
179.863

-0.691322
-0.00803781
0.722502
0.74895
0.00878343

-0.689963
0.447747
0.568748
-0.186384
0.345446

0.689963
-0.447747
-0.568748
-4.23196
6.71475

-0.564301
-0.756385
0.330825
0.364016
0.0426336

0.00507219
-0.249396
0.968388
0.919948
0.00204426

-0.82258
0.270628
-0.500123
-0.183167
0.0826429

0.82258
-0.270628
0.500123
0.682439
0.00598903

-0.82425
-0.259271
0.503378
0.0789322
0.0260287

0.82425
0.259271
-0.503378
0.932609
0.000141761

-0.276554
-0.875604
-0.396024
-1.48958
0.724751

0.276554
0.875604
0.396024
0.432898
0.0376482

0.483959
-0.127788
0.86571
0.799946
0.0048097

0.685547
0.137954
-0.714838
0.90843
0.00268848

-0.358195
-0.933647
0
-2.00352
0.927752

0.358195
0.933647
0
0.754812
0.00618745

-0.289276
-0.190099
-0.93818
-1.21524
0.29043

0.289276
0.190099
0.93818
0.941747
0.000204232

-0.187807
-0.478821
0.857589
-5.45724
7.7351

0.187807
0.478821
-0.857589
0.751739
0.011435

0.897934
-0.327299
0.294262
0.856612
0.00138092

-0.575312
0.733287
0.362362
0.465978
0.011555

0.575312
-0.733287
-0.362362
0.610361
0.00615418

-0.289354
-0.68458
-0.669048
0.840546
0.0016049

0.289354
0.68458
0.669048
-0.804073
0.20536

0.732305
-0.580918
-0.355338
0.989211
7.589e-06

0.0487069
0.882206
-0.468337
0.964103
0.000120268

0.757011
-0.417047
-0.502997
0.659463
0.00676731

0.0563744
0.458655
-0.886825
0.873187
0.00107208

-0.0563744
-0.458655
0.886825
-1.06298
0.279925

0.501727
-0.158491
-0.850383
0.883611
0.000501813

-0.501727
0.158491
0.850383
0.159945
0.023828

-0.408076
-0.363575
-0.837429
0.312502
0.02066

0.05893
0.974842
-0.214965
0.940616
7.89955e-05

0.0423886
0.574862
-0.817152
0.40102
0.0096044

-0.0423886
-0.574862
0.817152
0.887858
0.00037393

-0.0686553
-0.662114
-0.746251
0.347278
0.0306839

-0.125953
-0.7372
-0.663832
-1.17901
0.585956

0.125953
0.7372
0.663832
0.186235
0.0817574

0.35643
-0.0662329
0.931971
0.57349
0.0314193

0.58713
0.416416
0.694172
0.546503
0.0337201

-0.58713
-0.416416
-0.694172
-3.5108
3.32426

-0.456253
0.768524
-0.448558
0.811916
0.00250691

0.456253
-0.768524
0.448558
-0.966322
0.271705

-0.915154
-0.0213496
-0.402539
-0.851203
0.356263

0.915154
0.0213496
0.402539
0.323197
0.0476625

0.318996
0.171057
-0.932192
-1.37857
0.518687

-0.318996
-0.171057
0.932192
0.703707
0.00818661

0.12492
0.195514
-0.972712
-0.384832
0.0835207

0.256386
-0.762934
-0.593462
-10.229
36.52

-0.256386
0.762934
0.593462
0.75952
0.016751

-0.423052
0.641045
-0.640381
-8.57616
22.9401

0.423052
-0.641045
0.640381
0.778246
0.0123558

0.780906
0.279935
0.558411
0.933434
0.000168799

0.380928
0.0690952
-0.922019
-4.47858
3.66033

-0.380928
-0.0690952
0.922019
0.96096
0.000186184

0.036138
-0.298614
0.953689
0.968635
0.000151656

-0.18431
0.623955
0.759414
0.809951
0.00390232

0.18431
-0.623955
-0.759414
-2.47778
1.30439

0.243349
0.025004
-0.969617
0.974744
2.91693e-05

0.229119
-0.0797688
0.970124
0.917591
0.00216912

-0.0979718
0.919607
0.380427
0.207694
0.102728

0.228038
-0.231921
-0.945627
0.797882
0.00271662

-0.228038
0.231921
0.945627
-0.746313
0.20097

0.46987
0.360007
-0.805988
0.176699
0.0307344

-0.46987
-0.360007
0.805988
0.71341
0.0037251

-0.2787
-0.094047
-0.955762
-13.7977
64.8157

0.2787
0.094047
0.955762
0.971534
0.000255746

-0.560417
0.0208027
-0.827949
0.892336
0.000880317

0.516888
0.151887
-0.842471
-0.303935
0.0587097

-0.663046
-0.307517
-0.682498
-22.1702
295.564

0.663046
0.307517
0.682498
0.713948
0.0451295

-0.746847
-0.353713
0.563123
0.50857
0.0203676

0.746847
0.353713
-0.563123
-0.603664
0.216188

-0.134122
-0.275075
0.952021
0.559593
0.0232626

0.134122
0.275075
-0.952021
-1.92915
1.02675

-0.32974
-0.616649
-0.714853
-2.00695
1.04643

0.32974
0.616649
0.714853
0.627742
0.0160491

0.873579
-0.0702118
-0.481591
0.895771
0.000245427

-0.873579
0.0702118
0.481591
0.510702
0.00538016

-0.874292
0.352783
-0.333403
0.48623
0.0138207

0.874292
-0.352783
0.333403
0.323444
0.0239518

-0.33222
0.515838
-0.789646
-2.13752
0.747637

0.33222
-0.515838
0.789646
0.95563
0.000153695

0.458285
0.236767
-0.856689
0.234864
0.0519277

0.662366
0.517349
0.541868
0.558748
0.0164004

-0.662366
-0.517349
-0.541868
-0.706667
0.244465

0.0242536
-0.966064
-0.257163
-0.936608
0.402797

-0.0242536
0.966064
0.257163
0.313845
0.0505827

0.300217
0.322101
0.897842
-0.315857
0.100056

-0.300217
-0.322101
-0.897842
0.754908
0.00356971

0.553935
-0.465617
0.690186
0.986601
1.19716e-05

-0.553935
0.465617
-0.690186
-1.04129
0.187712

-0.409449
0.0912299
0.907761
0.956991
0.000910251

0.388376
0.613382
0.687696
0.966981
0.000163155

-0.994013
-0.109258
0
-0.872337
0.262797

0.994013
0.109258
0
0.736703
0.00548809

-0.615044
0.358514
-0.702273
-3.14364
1.91249

0.615044
-0.358514
0.702273
0.887261
0.00141615

-0.56161
-0.238842
0.79218
-1.05957
1.19578

0.56161
0.238842
-0.79218
-3.63402
6.0531

0.667991
0.463725
0.58202
0.600756
0.0180184

-0.667991
-0.463725
-0.58202
-1.80368
0.885072

0.499021
-0.656011
0.56624
0.480156
0.0249372

-0.499021
0.656011
-0.56624
-0.792923
0.295774

-0.526019
0.396875
-0.752193
0.342854
0.0616322

0.526019
-0.396875
0.752193
-2.1129
1.37894

0.698081
-0.212322
0.683815
0.599528
0.0173956

-0.698081
0.212322
-0.683815
-1.64801
0.76009

-0.277846
-0.137634
0.950715
0.922011
0.000568293

0.277846
0.137634
-0.950715
-2.53954
1.14884

-0.555806
-0.333712
0.761391
0.512588
0.0183298

0.555806
0.333712
-0.761391
-0.38504
0.147104

0.407074
0.712824
0.571115
0.697389
0.00564898

-0.407074
-0.712824
-0.571115
-0.302928
0.104628

0.393824
0.412714
-0.821322
-0.243294
0.0638362

-0.393824
-0.412714
0.821322
0.910862
0.00036232

-0.054514
-0.664644
-0.745169
0.125623
0.036232

0.054514
0.664644
0.745169
0.708571
0.00404145

0.87699
0.0305286
0.479539
0.832827
0.00453957

-0.87699
-0.0305286
-0.479539
-5.01822
5.88143

-0.0439479
0.0911891
0.994863
0.484635
0.0239789

0.0439479
-0.0911891
-0.994863
-0.721359
0.265069

0.751451
0.153462
0.641694
0.405251
0.00996395

-0.0459353
0.856713
0.513744
-0.168217
0.0817754

0.0459353
-0.856713
-0.513744
0.662494
0.00686434

0.116242
-0.0599666
0.991409
0.92681
0.00209424

-0.116242
0.0599666
-0.991409
-17.1557
126.168

0.874639
-0.225049
-0.429371
-1.6549
0.849368

-0.874639
0.225049
0.429371
0.451463
0.0363079

-0.85338
0.521289
0
-2.13802
1.19241

0.85338
-0.521289
0
0.576545
0.0275452

-0.541666
-0.411345
0.733071
-8.62915
22.9905

0.541666
0.411345
-0.733071
0.795213
0.0104646

0.688808
0.717499
0.103631
0.729393
0.00708721

-0.688808
-0.717499
-0.103631
-1.6619
0.68562

0.600923
-0.588587
0.540793
0.327721
0.0327624

-0.600923
0.588587
-0.540793
0.0168538
0.0699854

0.898494
-0.182671
-0.399173
-0.372079
0.187638

-0.898494
0.182671
0.399173
0.0868642
0.0831095

-0.184892
-0.841576
0.507508
0.740669
0.0115956

-0.340561
-0.819991
-0.460036
0.7292
0.0028362

-0.722863
-0.334804
-0.604463
-0.434339
0.151509

0.722863
0.334804
0.604463
0.584126
0.0128028

0.139666
0.193043
0.971199
0.930581
0.000576584

-0.139666
-0.193043
-0.971199
-3.93159
2.90193

-0.43202
0.075267
-0.898718
-10.7689
37.1368

0.43202
-0.075267
0.898718
0.896562
0.00287437

0.690469
-0.477682
-0.543206
-0.13067
0.25402

-0.690469
0.477682
0.543206
-2.85366
2.94915

-0.596262
-0.432354
0.676418
0.882861
0.0070889

0.596262
0.432354
-0.676418
-23.0656
298.862

-0.949518
0.150156
-0.275444
-0.0318743
0.0558892

0.949518
-0.150156
0.275444
0.712865
0.00448376

0.160714
-0.340787
0.926302
0.935615
0.000346851

-0.160714
0.340787
-0.926302
-1.9241
0.647157

-0.438884
-0.243948
0.864795
0.899181
0.00112864

-0.353547
0.298529
-0.886501
0.947685
7.259e-05

0.353547
-0.298529
0.886501
0.265498
0.0131562

-0.883437
0.247077
-0.39811
0.953167
0.000487558

0.913412
-0.366498
-0.177081
-3.50046
2.78245

-0.913412
0.366498
0.177081
0.770527
0.0072381

0.079762
0.587008
0.805643
0.648937
0.0221732

-0.079762
-0.587008
-0.805643
-4.61701
5.67263

-0.229306
0.68998
-0.686547
0.641815
0.00831516

0.229306
-0.68998
0.686547
-0.259247
0.101858

-0.0195752
-0.767055
0.641283
0.81666
0.00260684

0.0195752
0.767055
-0.641283
-1.22222
0.376754

0.500546
0.129047
-0.856038
-1.13145
0.574549

-0.500546
-0.129047
0.856038
0.107591
0.10095

-0.0722253
0.700704
0.709787
0.182231
0.164684

0.0722253
-0.700704
-0.709787
-5.30995
9.80404

0.0826511
-0.413824
-0.906597
-7.7237
15.6093

-0.0826511
0.413824
0.906597
0.900744
0.00202617

-0.668349
0.340165
0.661511
0.646448
0.00525188

0.0987629
-0.975607
0.196055
-0.158507
0.0945921

-0.0987629
0.975607
-0.196055
0.485109
0.0186864

-0.883004
-0.119436
0.453915
0.282929
0.0195349

0.883004
0.119436
-0.453915
0.774342
0.00193946

0.388274
-0.682692
0.619011
0.68355
0.0130074

-0.388274
0.682692
-0.619011
-2.73933
1.80673

0.431457
0.871574
-0.232816
0.667247
0.00536457

-0.431457
-0.871574
0.232816
0.170422
0.0333019

0.822267
-0.136623
0.552459
0.997142
9.17035e-07

-0.772822
-0.174012
0.6103
0.767742
0.00398954

0.772822
0.174012
-0.6103
-0.908654
0.26628

-0.335577
0.788931
0.514758
0.536178
0.0178807

0.335577
-0.788931
-0.514758
-0.623612
0.218443

0.188003
0.229675
0.954937
0.872869
0.000379047

-0.188003
-0.229675
-0.954937
0.563871
0.00431289

-0.43829
-0.847179
0.300314
0.919599
0.000329065

0.43829
0.847179
-0.300314
-0.666428
0.139547

-0.763905
0.645329
0
0.702482
0.00289084

0.763905
-0.645329
0
0.558082
0.00634893

-0.238419
-0.0806907
0.967805
-0.918641
0.338555

0.238419
0.0806907
-0.967805
0.537625
0.0198634

0.049817
-0.702158
-0.710276
0.441392
0.0203647

-0.049817
0.702158
0.710276
0.0496266
0.0589425
