
0.206265
-0.264323
0.942119
0.955992
0.000100306

-0.206265
0.264323
-0.942119
-0.859332
0.168628

-0.125166
0.334427
0.934073
0.880719
0.0107865

0.50987
0.376056
0.773702
-0.170209
0.141554

-0.50987
-0.376056
-0.773702
-0.170209
0.141554

0.607891
0.224063
-0.761751
0.930831
7.81769e-05

0.181368
0.46651
0.865722
0.713088
0.0053516

-0.678057
-0.171067
-0.714825
-1.46822
0.532076

0.678057
0.171067
0.714825
0.772199
0.00454843

-0.615259
-0.397632
0.680695
0.608067
0.019666

0.615259
0.397632
-0.680695
-2.39041
1.46979

0.823949
0.25984
-0.503579
-0.231404
0.0633391

-0.823949
-0.25984
0.503579
0.903458
0.000403137

-0.162455
-0.190543
-0.968144
-0.438672
0.209985

0.162455
0.190543
0.968144
0.103327
0.0816188

0.0697148
0.684745
0.725441
-0.232383
0.0853461

-0.0697148
-0.684745
-0.725441
0.742114
0.00373983

0.629156
-0.427627
-0.649075
-1.45743
0.796857

-0.629156
0.427627
0.649075
0.197571
0.0851028

0.134084
0.356249
0.924721
0.970197
0.000641151

-0.134084
-0.356249
-0.924721
-36.5588
1015.53

-0.102107
0.12806
0.986496
0.841993
0.00819298

0.102107
-0.12806
-0.986496
-12.9615
63.9462

-0.550128
-0.398313
0.733966
0.451034
0.0274068

0.550128
0.398313
-0.733966
-0.697811
0.261855

0.322454
0.620007
0.715272
-7.34518
15.3467

-0.322454
-0.620007
-0.715272
0.794659
0.00929563

-0.0102438
-0.30654
0.951803
0.888261
0.00120084

0.332458
0.402872
-0.85274
-6.41132
10.7724

-0.332458
-0.402872
0.85274
0.81523
0.00671556

0.757021
-0.451319
-0.472474
-0.329444
0.0660511

-0.757021
0.451319
0.472474
0.954201
7.98993e-05

0.228085
-0.875039
0.426948
0.00657988
0.0435074

-0.0341342
-0.162104
0.986183
0.979644
2.34549e-05

0.681075
-0.0372336
0.731266
-0.255352
0.142708

-0.681075
0.0372336
-0.731266
0.177337
0.0612963

-0.606171
-0.630029
0.485408
0.446173
0.0120117

0.606171
0.630029
-0.485408
0.656209
0.00464737

0.370208
0.550486
0.748273
-1.21503
0.491967

-0.370208
-0.550486
-0.748273
0.545795
0.02081

-0.360186
0.93288
0
-0.427153
0.353685

0.360186
-0.93288
0
-1.61231
1.18498

0.633315
0.354879
-0.68773
-0.207842
0.073751

-0.633315
-0.354879
0.68773
0.806257
0.00198097

-0.00972713
0.792309
0.610043
-0.501763
0.343123

0.00972713
-0.792309
-0.610043
-0.96149
0.585218

-0.62656
-0.285462
-0.725213
0.513913
0.0150639

0.269601
0.548503
-0.791492
-0.219808
0.0497831

-0.269601
-0.548503
0.791492
0.963693
5.76212e-05

0.3558
0.934562
0
-0.759031
0.216823

-0.3558
-0.934562
0
0.756456
0.00423683

-0.182911
0.568595
0.802024
0.954902
0.000251401

0.182911
-0.568595
-0.802024
-4.03995
2.91987

-0.0987794
-0.131073
0.986439
-0.204628
0.145932

0.0987794
0.131073
-0.986439
-0.0708857
0.115398

0.734494
-0.0845867
-0.673323
0.374626
0.0527947

-0.734494
0.0845867
0.673323
-1.93579
1.16047

0.920975
0.295999
0.253356
0.534035
0.0380961

-0.920975
-0.295999
-0.253356
-3.92176
4.24842

-0.359369
-0.295096
-0.885309
-10.7365
37.0816

0.359369
0.295096
0.885309
0.890084
0.00330464

-0.279354
0.808758
-0.517564
0.463254
0.0267794

0.279354
-0.808758
0.517564
-0.780703
0.294068

-0.717791
0.0523328
0.694289
0.658559
0.0128154

0.717791
-0.0523328
-0.694289
-1.8715
0.900113

-0.0454296
0.388878
-0.920168
-22.5379
297.107

0.0454296
-0.388878
0.920168
0.793124
0.0229625

-0.525672
-0.119474
-0.842256
-0.344537
0.0935327

0.525672
0.119474
0.842256
0.834057
0.00144534

-0.0198689
-0.35982
0.93281
0.645355
0.0270083

0.0198689
0.35982
-0.93281
-6.00533
10.4682

-0.579635
0.470422
0.665377
0.726311
0.00449016

0.579635
-0.470422
-0.665377
-0.289647
0.0984006

0.553961
-0.691428
-0.463739
-1.39411
1.23054

-0.553961
0.691428
0.463739
-1.47256
1.31234

0.278332
-0.377274
-0.883287
-13.0425
64.0652

-0.278332
0.377274
0.883287
0.859575
0.00640838

0.132893
-0.300573
0.944455
0.987743
7.20272e-05

0.391379
0.82976
0.397895
-0.198895
0.136539

-0.391379
-0.82976
-0.397895
0.0402274
0.087523

0.971339
-0.143075
-0.189818
-3.20765
2.67086

-0.971339
0.143075
0.189818
0.59274
0.0250298

0.315861
-0.518264
0.794754
0.82805
0.00827865

0.0223686
0.45483
0.890297
0.861162
0.00466301

-0.231822
-0.884585
-0.404682
-2.42929
2.27658

0.231822
0.884585
0.404682
-0.270596
0.312607

-0.480896
0.77021
-0.418945
-1.92878
0.517861

0.480896
-0.77021
0.418945
0.991197
5.62212e-06

0.708071
-0.0241565
0.705728
0.673194
0.00931192

-0.708071
0.0241565
-0.705728
-0.673926
0.21017

0.460998
0.40746
-0.788325
-0.950348
0.791411

-0.460998
-0.40746
0.788325
-1.8085
1.64095

-0.363793
0.294602
0.883665
0.872827
0.00110941

0.363793
-0.294602
-0.883665
-1.14138
0.310495

-0.519022
-0.353673
0.778159
0.646529
0.0296014

0.519022
0.353673
-0.778159
-6.97523
15.0054

0.577438
0.0748971
0.812992
0.914727
0.000739843

-0.324104
0.297912
0.897889
0.901264
0.000968711

0.249716
-0.674767
0.694501
0.661598
0.00597302

-0.249716
0.674767
-0.694501
0.0743986
0.0445679

-0.991747
-0.128207
0
-1.35991
0.515865

0.991747
0.128207
0
0.687944
0.00913068

0.363482
0.132069
0.922192
0.886828
0.00240169

-0.626842
0.555865
-0.54597
-0.734964
0.247763

0.626842
-0.555865
0.54597
0.593792
0.0136384

-0.310461
-0.231636
-0.921932
-1.15882
0.4404

0.310461
0.231636
0.921932
0.59891
0.0153719

0.359063
-0.714825
-0.600083
0.976979
4.33674e-05

-0.227771
0.0212948
-0.973482
-6.77701
10.9614

0.227771
-0.0212948
0.973482
0.916774
0.00130313

-0.0862326
-0.995929
0.0262649
0.960747
7.44735e-05

0.0862326
0.995929
-0.0262649
-0.874153
0.169176

0.208149
-0.29307
0.933158
-0.0437005
0.100464

-0.208149
0.29307
-0.933158
-0.0437005
0.100464

-0.525638
0.522743
-0.671152
-0.0299703
0.063578

0.525638
-0.522743
0.671152
0.591026
0.0100922

0.862556
0.0380289
0.50453
0.551353
0.0183935

0.610368
-0.621121
-0.491588
-1.15195
0.368919

-0.610368
0.621121
0.491588
0.766692
0.00436715

-0.28105
0.449211
0.848068
0.896364
0.000435985

0.28105
-0.449211
-0.848068
-0.117002
0.0494449

0.438581
-0.616282
0.654097
0.037787
0.158702

-0.438581
0.616282
-0.654097
-2.35278
1.92632

-0.118475
0.84889
-0.515121
-0.0225981
0.0497039

-0.571784
-0.661081
-0.485834
-22.8609
298.213

0.571784
0.661081
0.485834
0.851284
0.0116057

-0.413405
-0.157722
0.896783
0.896353
0.000256463

0.445964
-0.401877
0.799757
0.780862
0.00968821

-0.445964
0.401877
-0.799757
-6.3154
10.7037

0.208247
-0.368728
0.90591
0.742554
0.0124685

-0.208247
0.368728
-0.90591
-5.43615
7.71514

-0.384896
-0.910953
-0.148394
0.950768
5.95226e-05

0.384896
0.910953
0.148394
0.250249
0.0136608

-0.436542
-0.353391
0.827372
0.195481
0.101215

0.440571
0.765385
0.469129
0.642778
0.0105114

-0.440571
-0.765385
-0.469129
-0.850246
0.280953

0.00186931
0.159843
0.987141
0.865268
0.000747999

-0.00186931
-0.159843
-0.987141
-0.0535047
0.0454655

-0.219682
0.770978
-0.597773
-0.135792
0.129495

0.368596
-0.0920853
0.925017
-0.778239
0.252727

-0.368596
0.0920853
-0.925017
0.643482
0.010308

0.836801
-0.354098
0.417586
0.608281
0.00622408

-0.836801
0.354098
-0.417586
0.466829
0.0115295

0.641759
0.689137
0.336507
0.262881
0.0457462

-0.641759
-0.689137
-0.336507
-0.203507
0.121936

0.508712
-0.0471245
0.859646
0.746962
0.00464202

-0.508712
0.0471245
-0.859646
-0.813918
0.238228

0.802438
0.102491
0.587868
0.93284
0.000900895

-0.312813
0.577824
0.753835
0.644456
0.0129005

0.504009
-0.039742
0.862783
0.817229
0.00819706

0.380341
0.911526
-0.156404
-0.342689
0.107243

-0.380341
-0.911526
0.156404
0.742363
0.00399913

0
0.112347
0.993669
0.909065
0.00421023

-0.0421361
0.716816
0.695988
-0.100182
0.0448326

0.0421361
-0.716816
-0.695988
0.915961
0.000264154

0.593964
0.612359
-0.52175
0.959629
5.92984e-05

-0.371796
-0.0618849
-0.926249
-1.15755
0.402994

0.371796
0.0618849
0.926249
0.693657
0.00826257

-0.775741
0.109309
-0.621512
-0.391601
0.130989

0.775741
-0.109309
0.621512
0.6521
0.00824855

-0.296669
-0.205077
0.932701
0.906294
0.00086997

-0.302327
0.476927
0.825311
0.797733
0.0034029

0.302327
-0.476927
-0.825311
-1.39355
0.473817

0.809904
-0.241704
0.534448
-0.609033
0.367922

-0.809904
0.241704
-0.534448
-0.609033
0.367922

-0.142469
-0.989799
0
0.679676
0.00381831

0.142469
0.989799
0
0.461731
0.0107751

-0.691238
0.0940116
-0.716486
-0.901138
0.396338

0.691238
-0.0940116
0.716486
0.257367
0.0606189

-0.280734
-0.32425
0.903355
0.86411
0.000880392

0.370501
0.630041
0.682478
0.693746
0.00777217

-0.370501
-0.630041
-0.682478
-0.576697
0.175746

0.33002
-0.890204
-0.314044
0.575638
0.00793088

-0.33002
0.890204
0.314044
0.422397
0.0146803

-0.23297
0.315826
0.919771
0.8249
0.00464797

0.23297
-0.315826
-0.919771
-4.45851
4.5074

0.16964
0.738127
-0.652986
0.944367
0.000341618

-0.140255
-0.775119
0.616052
0.662919
0.0266526

0.140255
0.775119
-0.616052
-7.01095
15.0489

0.136049
0.0497212
-0.989454
-1.0085
0.323315

-0.136049
-0.0497212
0.989454
0.720059
0.00642527

-0.742485
-0.656386
-0.13369
-23.2874
299.481

0.742485
0.656386
0.13369
0.912566
0.0038822

-0.20376
0.589288
0.781807
-1.54925
0.491436

0.20376
-0.589288
-0.781807
0.885573
0.00103106

-0.133881
-0.298988
0.944819
0.928427
0.000834954

0.133881
0.298988
-0.944819
-6.0148
8.0056

0.118976
-0.474213
0.872334
0.81523
0.00677505

-0.118976
0.474213
-0.872334
-6.41132
10.7653

-0.6665
-0.561379
0.490542
0.393067
0.0222077

0.113448
0.993544
0
-4.38295
6.86356

-0.113448
-0.993544
0
-0.0175772
0.24574

-0.366331
-0.916405
0.161255
-35.0423
1008.33

0.366331
0.916405
-0.161255
0.81611
0.0262507

0.30899
0.16474
-0.936689
-0.430254
0.142321

-0.30899
-0.16474
0.936689
0.642436
0.00903915

-0.329772
0.562914
0.757878
0.0112348
0.0903354

0.329772
-0.562914
-0.757878
-0.101684
0.112102

0.951156
0.308712
0
-1.21504
0.491992

0.214833
0.281925
-0.935075
-3.36486
3.24858

-0.214833
-0.281925
0.935075
0.430817
0.0555054

-0.604514
0.484348
0.632432
0.733279
0.00397135

-0.473553
-0.145902
0.868597
0.841417
0.00137104

0.473553
0.145902
-0.868597
-0.451132
0.113436

-0.545459
0.50801
0.666633
0.579642
0.00450699

0.0080163
-0.831654
-0.555236
-0.335565
0.0859849

-0.0080163
0.831654
0.555236
0.868079
0.000861367

-0.196252
0.892646
-0.405794
0.807164
0.00257301

0.196252
-0.892646
0.405794
-0.888018
0.244974

-0.674468
0.369404
0.639245
0.0073595
0.100877

0.674468
-0.369404
-0.639245
-0.338665
0.183348

-0.237798
-0.533627
0.8116
-0.144209
0.205239

0.237798
0.533627
-0.8116
-1.57446
1.03771

-0.136403
0.308101
0.941524
0.938809
0.000325797

0.136403
-0.308101
-0.941524
-2.07673
0.74135

0.676472
-0.634468
0.373948
0.0847905
0.123659

-0.676472
0.634468
-0.373948
-1.71457
1.08778

0.32707
0.798606
0.505227
-0.714647
0.284641

-0.32707
-0.798606
-0.505227
0.364705
0.0391375

0.481923
0.75323
-0.447655
0.241343
0.0342941

-0.481923
-0.75323
0.447655
0.405471
0.0210766

-0.345215
0.415211
-0.84168
-13.3887
64.4993

0.345215
-0.415211
0.84168
0.922206
0.00188911

-0.0536441
0.279726
-0.95858
0.719597
0.00377289

0.517715
0.771235
-0.370362
-1.04786
0.461229

-0.517715
-0.771235
0.370362
0.33131
0.0491869

0.320112
0.412445
-0.852888
0.361107
0.0333065

-0.320112
-0.412445
0.852888
-0.251274
0.126809

0.176972
-0.569671
-0.802593
0.859127
0.0023237

-0.176972
0.569671
0.802593
-3.06994
1.89477

0.46524
0.0222332
-0.884906
0.955418
9.07591e-05

-0.46524
-0.0222332
0.884906
-0.658894
0.122462

0.141711
-0.349166
0.926283
0.889835
0.00062664

-0.141711
0.349166
-0.926283
-0.565116
0.126373

-0.384054
-0.380468
0.841277
0.463254
0.0268852

0.384054
0.380468
-0.841277
-0.780703
0.29412

0.748249
0.205979
0.630632
0.763906
0.00512498

-0.748249
-0.205979
-0.630632
-1.57786
0.604769

0.121884
-0.93704
-0.327261
0.716346
0.00317915

-0.121884
0.93704
0.327261
0.343675
0.0170063

0.120335
0.496705
-0.859537
-1.82535
0.637245

-0.120335
-0.496705
0.859537
0.899583
0.000848784

0.906992
-0.144161
0.395706
-2.10314
2.07827

-0.906992
0.144161
-0.395706
-0.877209
0.760616

-0.701187
0.273041
0.658624
0.889863
0.00478947

-0.621482
0.10405
-0.776488
0.546506
0.0337457

0.210219
0.0623934
-0.975661
-0.162978
0.125232

-0.210219
-0.0623934
0.975661
0.063347
0.081339

0.891505
0.319468
-0.321183
-0.0731437
0.098316

-0.891505
-0.319468
0.321183
0.142431
0.0629601

-0.549849
-0.151881
0.821339
0.543706
0.0251395

0.549849
0.151881
-0.821339
-1.9122
1.0224

-0.0338621
0.288501
0.956881
0.865774
0.00253059

-0.533557
-0.598393
0.597698
0.725286
0.0193648

0.533557
0.598393
-0.597698
-8.42436
22.7863

-0.55685
-0.161336
0.814793
0.458362
0.0280399

0.55685
0.161336
-0.814793
-0.857481
0.329563

0.809316
0.53303
-0.246753
0.775722
0.0018048

-0.809316
-0.53303
0.246753
0.351568
0.0150054

0.21715
0.611642
0.760749
0.7211
0.00177597

-0.968899
-0.247457
0
0.0255315
0.0900264

0.968899
0.247457
0
-0.148681
0.124605

-0.014399
-0.130759
0.99131
0.866532
0.00489441

0.014399
0.130759
-0.99131
-10.6266
36.9899

-0.624132
-0.781319
0
0.937989
0.000313975

0.624132
0.781319
0
0.205702
0.0186389

0.324785
0.945788
0
0.467501
0.0287949

0.420186
0.121447
0.899275
-0.671732
0.454784

-0.420186
-0.121447
-0.899275
-1.02278
0.665628

0.404587
-0.613454
0.678221
0.845145
0.0017273

0.341685
0.702822
-0.623933
0.802976
0.00960118

-0.341685
-0.702822
0.623933
-8.65423
23.025

-0.00336374
0.508427
0.861098
-0.0689418
0.0597916

0.00336374
-0.508427
-0.861098
0.727109
0.00390258

0.606681
0.549923
-0.57404
-1.7607
0.509376

-0.606681
-0.549923
0.57404
0.960875
0.000110095

-0.91777
-0.397112
0
-2.74693
1.50768

0.91777
0.397112
0
0.830802
0.005821

0.6802
-0.0501314
0.73131
0.760639
0.00391948

-0.6802
0.0501314
-0.73131
-0.702123
0.197348

0.57256
-0.710847
0.408499
0.248902
0.0557016

-0.57256
0.710847
-0.408499
-0.575435
0.245042

-0.272511
-0.742908
-0.611412
0.692764
0.00662585

0.272511
0.742908
0.611412
-0.575785
0.174132

-0.108222
0.262786
-0.958766
0.968467
6.67825e-05

0.748798
-0.44542
-0.490819
0.214219
0.0510327

-0.748798
0.44542
0.490819
-0.101936
0.100355

-0.305997
-0.8093
-0.501398
0.412763
0.0222326

0.305997
0.8093
0.501398
0.112773
0.05068

0.609892
-0.205607
0.765348
0.936038
0.000660342

-0.812421
0.094154
-0.57542
0.634156
0.00487573

0.812421
-0.094154
0.57542
0.548341
0.0074099

-0.761636
-0.0244042
0.647546
0.650526
0.01614

0.761636
0.0244042
-0.647546
-2.69134
1.79164

-0.566187
-0.638549
0.521237
0.455643
0.0205428

0.566187
0.638549
-0.521237
-0.074206
0.0798218

-0.273187
-0.673436
0.686916
0.990795
5.78967e-06

0.273187
0.673436
-0.686916
-0.713314
0.108906

-0.205606
-0.308688
0.928676
0.860589
0.00049884

0.606473
0.336809
-0.720243
0.0547934
0.195727

-0.606473
-0.336809
0.720243
-3.86385
5.07883

0.130096
-0.159807
-0.978538
0.932645
0.00121887

0.83019
0.252869
0.496832
-0.901728
0.286894

-0.83019
-0.252869
-0.496832
0.695071
0.0074445

0.276014
-0.639147
-0.71785
-1.13871
0.367341

-0.276014
0.639147
0.71785
0.756389
0.00483421

0.701338
-0.397385
-0.591786
0.975783
3.90971e-05

-0.701338
0.397385
0.591786
-1.18359
0.243942

-0.146294
-0.953748
-0.262607
-0.362111
0.102757

0.146294
0.953748
0.262607
0.800229
0.00232706

-0.847763
-0.0266176
0.529707
0.52961
0.0104553

0.847763
0.0266176
-0.529707
0.396857
0.0171821

-0.973485
-0.228751
0
-0.248376
0.08783

0.288537
-0.0112763
0.957402
0.94499
0.000534016

0.951199
-0.187446
0.245123
-13.5049
64.6208

-0.951199
0.187446
-0.245123
0.938839
0.00115117

-0.510854
-0.0696186
-0.856844
-0.918849
0.312441

0.510854
0.0696186
0.856844
0.63272
0.0114494

-0.345653
0.485969
-0.802719
0.986117
4.07978e-05

0.438827
-0.636968
-0.6338
-0.430259
0.258469

-0.438827
0.636968
0.6338
-0.430259
0.258469

0.114351
0.878228
0.46437
0.986849
7.11701e-06

-0.262475
-0.872699
-0.411709
-1.3195
0.352762

0.262475
0.872699
0.411709
0.916972
0.00058679

-0.930057
0.174452
-0.323359
0.970244
3.58002e-05

-0.785736
0.358694
0.503942
0.662089
0.0149324

-0.294427
-0.000615997
-0.955674
0.124941
0.0932952

0.294427
0.000615997
0.955674
-1.02638
0.500129

0.463407
-0.181911
0.867273
0.797765
0.00747407

-0.463407
0.181911
-0.867273
-5.57063
7.79429

-0.603595
0.795513
-0.0532138
-0.94536
0.31575

0.603595
-0.795513
0.0532138
0.660244
0.0096316

0.904002
0.295583
0.308888
0.0636387
0.0581265

-0.904002
-0.295583
-0.308888
0.411015
0.0230015

-0.983303
0.041802
0.177109
0.844111
0.000933358

0.983303
-0.041802
-0.177109
0.106983
0.0305483

0.555988
-0.548888
-0.624179
-2.57271
2.02751

-0.555988
0.548888
0.624179
0.304615
0.0769434

-0.376793
-0.440248
0.814991
0.793022
0.00214265

0.246937
-0.946894
0.205947
0.77829
0.00302886

-0.246937
0.946894
-0.205947
-0.462947
0.128426

-0.800712
-0.565374
0.198021
0.453081
0.0224004

0.800712
0.565374
-0.198021
-0.216716
0.110283

0.193058
0.14111
0.970987
0.857572
0.00246202

-0.193058
-0.14111
-0.970987
-3.36082
2.30649

0.0986321
-0.551506
0.82832
0.080549
0.0525473

-0.0986321
0.551506
-0.82832
0.48281
0.0167213

0.577633
0.0374285
0.815438
-0.126326
0.144732

-0.577633
-0.0374285
-0.815438
-0.471117
0.246895

0.624453
0.461838
0.629893
0.423629
0.0170081

-0.624453
-0.461838
-0.629893
0.423629
0.0170081

0.26786
-0.83597
-0.478963
-1.01666
0.416979

-0.26786
0.83597
0.478963
0.429419
0.0334373

-0.741771
0.358891
-0.566544
-1.21169
0.448626

0.741771
-0.358891
0.566544
0.651723
0.011131

0.540224
0.010571
-0.841455
-6.97523
15.0117

-0.540224
-0.010571
0.841455
0.646529
0.029525

0.217111
0.352247
0.910376
-24.3155
301.185

-0.217111
-0.352247
-0.910376
0.992728
2.50035e-05

-0.00228681
0.652186
0.758055
0.749241
0.00709439

0.00228681
-0.652186
-0.758055
-2.37131
1.28069

-0.383984
0.670074
-0.635262
-1.64801
0.760065

0.383984
-0.670074
0.635262
0.599528
0.0174052

-0.264557
0.407911
0.873852
0.815781
0.0139146

0.264557
-0.407911
-0.873852
-16.5123
124.974

0.198741
0.73411
0.649296
0.77767
0.0032901

-0.814574
-0.44666
0.370088
0.922148
0.000221349

0.814574
0.44666
-0.370088
-0.0667911
0.0404257

-0.0524772
-0.833321
0.550292
-2.69666
1.34481

0.0524772
0.833321
-0.550292
0.904519
0.000914429

-0.564997
-0.0143089
0.824969
0.241224
0.0195507

0.564997
0.0143089
-0.824969
0.857329
0.000776673

-0.462597
0.281524
0.840684
0.922988
0.000443729

0.462597
-0.281524
-0.840684
-1.5292
0.443736

0.874917
0.0681132
0.47946
0.985734
1.29693e-05

-0.640619
0.203947
-0.740279
-1.59
0.747348

0.640619
-0.203947
0.740279
0.543124
0.0233816

-0.200127
-0.740839
-0.641176
-0.599987
0.176199

0.200127
0.740839
0.641176
0.718095
0.0054845

0.77239
0.413066
0.482483
0.531917
0.030504

-0.77239
-0.413066
-0.482483
-2.5399
1.74128

-0.503474
-0.0427959
-0.86295
-1.1025
0.395426

0.503474
0.0427959
0.86295
0.64163
0.0115151

-0.911886
0.326295
0.248988
0.382733
0.0277882

0.911886
-0.326295
-0.248988
-0.0707657
0.0835887

-0.402353
-0.0985004
-0.91017
-7.51554
15.2476

0.402353
0.0985004
0.91017
0.847737
0.0061054

0.285929
-0.169118
-0.943209
0.485109
0.0187363

-0.285929
0.169118
0.943209
-0.158507
0.0946556

0.209698
-0.53112
-0.820938
-6.6729
10.9222

-0.209698
0.53112
0.820938
0.892399
0.0021589

-0.327609
0.829045
0.453163
-2.91766
1.37453

0.327609
-0.829045
-0.453163
0.964466
0.00011751

-0.2502
0.425757
-0.869558
0.432339
0.015748

0.2502
-0.425757
0.869558
0.463871
0.0140505

0.193282
0.878433
-0.437032
0.701512
0.00299461

0.101702
-0.26107
-0.959948
0.909011
5.20965e-05

-0.101702
0.26107
0.959948
0.946792
1.79397e-05

-0.366766
0.461504
0.807772
0.631983
0.0137754

0.366766
-0.461504
-0.807772
-1.00214
0.350097

-0.651496
-0.406352
0.640648
0.72375
0.00836612

0.651496
0.406352
-0.640648
-2.13442
1.07614

-0.809353
-0.205475
0.550207
-0.190442
0.127904

0.809353
0.205475
-0.550207
0.132481
0.0679679

0.879558
-0.24043
0.410574
0.0624992
0.036883

-0.406752
-0.849452
0.33613
0.36697
0.0124403

-0.343049
0.918602
-0.196183
-0.0181929
0.0484134

0.343049
-0.918602
0.196183
0.78574
0.00220848

-0.597261
-0.438712
-0.671425
0.307248
0.0350374

0.505406
0.862882
0
0.0898361
0.112518

-0.505406
-0.862882
0
-1.24754
0.662533

0.931944
0.162808
-0.323995
0.966497
9.73495e-05

-0.344015
0.603214
0.719574
0.786771
0.00478425

0.344015
-0.603214
-0.719574
-2.23447
1.09722

0.217
0.391857
0.894069
0.891647
0.000804168

-0.220421
0.869232
-0.442549
-0.0952649
0.223698

0.220421
-0.869232
0.442549
-2.54597
2.34305

-0.799528
-0.283316
0.529611
0.754608
0.00372324

0.799528
0.283316
-0.529611
-0.438358
0.126717

0.612158
0.0318443
0.790094
0.499551
0.00708176

-0.201462
-0.0426896
0.978566
0.603063
0.00850307

0.201462
0.0426896
-0.978566
0.15045
0.038382

-0.620997
0.71813
0.314091
0.444914
0.0158312

-0.859198
0.0106569
-0.511533
0.596732
0.0091217

0.859198
-0.0106569
0.511533
0.0682918
0.0486693

-0.367102
0.714405
-0.595703
0.424345
0.0351404

0.367102
-0.714405
0.595703
-1.11473
0.473925

-0.0387387
0.569368
-0.821169
0.313845
0.0507506

0.0387387
-0.569368
0.821169
-0.936608
0.40282

0.37812
0.437344
0.815939
0.662021
0.00523136

0.199811
0.975584
0.0911654
-0.285377
0.188083

-0.375824
0.447867
-0.811278
-1.61677
1.3884

0.375824
-0.447867
0.811278
-1.00195
0.812962

-0.664111
-0.68539
-0.298661
0.420747
0.0326117

0.664111
0.68539
0.298661
-0.830732
0.325535

0.438017
0.772881
-0.459125
-1.056
0.35718

-0.438017
-0.772881
0.459125
0.685189
0.00840859

0.943325
0.331869
0
0.351534
0.0114306

-0.943325
-0.331869
0
0.953756
0.000294598

0.750751
-0.455794
0.478147
-6.15127
10.5905

-0.750751
0.455794
-0.478147
0.713948
0.0169833

0.269441
-0.438459
-0.857412
-1.24754
0.664394

-0.269441
0.438459
0.857412
0.0898361
0.1092

-0.576066
0.172636
0.798965
-0.471117
0.435789

0.576066
-0.172636
-0.798965
-2.31002
2.20613

0.446667
0.556669
-0.700434
0.685892
0.00703224

0.304319
-0.150313
-0.940636
0.702947
0.00477594

0.165286
0.111025
-0.979976
-16.9768
125.963

-0.165286
-0.111025
0.979976
0.901362
0.00379595

-0.578604
-0.34474
-0.73917
0.655627
0.00412915

0.429509
0.736659
0.522356
0.934142
0.000353408

0.717496
-0.168067
-0.675983
-0.819809
0.238827

-0.717496
0.168067
0.675983
0.752148
0.00449005

0.555002
0.55801
-0.616926
0.277052
0.0224293

-0.443094
0.422223
0.790819
0.842728
0.00369679

-0.0305858
0.706776
-0.706776
0.712427
0.0214106

0.0305858
-0.706776
0.706776
-8.39013
22.7375

0.681456
-0.731859
0
-1.18119
0.78936

-0.681456
0.731859
0
-0.626876
0.450576

-0.174044
0.638851
0.749385
-0.258983
0.197183

0.174044
-0.638851
-0.749385
-0.566282
0.305058

-0.0421242
-0.964214
-0.261757
0.353484
0.0753475

0.0421242
0.964214
0.261757
-3.4381
3.53291

-0.118732
0.881282
0.457432
0.402478
0.0289319

0.118732
-0.881282
-0.457432
-0.318931
0.140762

0.478101
-0.773753
-0.415602
-1.8085
1.64103

-0.478101
0.773753
0.415602
-0.950348
0.791407

-0.0650313
-0.570597
0.818651
-1.26492
0.605741

0.0650313
0.570597
-0.818651
0.314862
0.0556252

0.255232
0.0323729
0.966338
-1.30401
0.322101

-0.255232
-0.0323729
-0.966338
0.943992
0.000221594

-0.0693604
-0.675101
0.734457
0.762277
0.00632985

0.0693604
0.675101
-0.734457
-2.3927
1.28554

-0.597262
-0.511849
0.617486
0.520293
0.00360576

-0.85233
-0.523005
0
0.948865
0.00188413

-0.512365
0.180912
0.839496
0.834499
0.00770701

0.512365
-0.180912
-0.839496
-10.4931
36.8277

0.616377
0.698561
0.363444
-0.782314
2.21101

-0.616377
-0.698561
-0.363444
-18.8036
272.963

-0.698973
-0.715148
0
-0.253174
0.13915

0.698973
0.715148
0
0.274509
0.0498543

0.211306
-0.41261
0.88606
0.931601
0.000185946

0.958697
-0.0561082
-0.27884
-0.422728
0.111864

0.317787
-0.692747
0.647389
0.933084
0.000221981

-0.317787
0.692747
-0.647389
-0.560598
0.111794

-0.844681
-0.53527
0
0.851775
0.0025302

0.844681
0.53527
0
-2.79331
1.57019

0.480165
-0.767427
-0.42485
-1.00302
0.49492

-0.480165
0.767427
0.42485
0.0833955
0.103695

-0.738497
0.193154
0.645998
0.711031
0.014641

-0.802789
0.596263
0
0.948708
0.00136581

0.129306
0.86603
-0.482983
0.693692
0.00341973

-0.129306
-0.86603
0.482983
0.471732
0.0101168

-0.0918957
-0.820055
0.564859
0.638356
0.0173253

0.0918957
0.820055
-0.564859
-2.67439
1.78685

-0.283071
-0.734786
0.61641
0.424132
0.0458646

-0.0621978
-0.376828
0.924193
0.777103
0.00690026

0.0621978
0.376828
-0.924193
-3.51366
2.78407

-0.0114769
0.32238
0.946541
0.922226
0.000623107

0.0114769
-0.32238
-0.946541
-2.75067
1.35195

-0.166534
-0.76194
-0.625871
-0.702144
0.17319

0.166534
0.76194
0.625871
0.850452
0.00186761

-0.82425
-0.259271
0.503378
0.0789322
0.0260287

0.82425
0.259271
-0.503378
0.932609
0.000141761

-0.346728
0.105205
-0.932047
-4.56974
3.67518

0.346728
-0.105205
0.932047
0.975245
7.34167e-05

0.482916
-0.389018
0.784511
0.777786
0.00610108

-0.82836
0.369932
0.420677
0.967058
8.06356e-05

-0.137494
-0.990503
0
0.210108
0.0536669

0.137494
0.990503
0
-0.17996
0.119704

0.605787
0.548701
0.576151
0.400772
0.0479221

-0.605787
-0.548701
-0.576151
-1.95915
1.16806

-0.354078
-0.0258372
-0.934859
-13.5381
64.6442

0.354078
0.0258372
0.934859
0.94321
0.000993963

0.201077
-0.193033
0.960368
0.939038
0.000502436

0.416281
0.562754
-0.714155
-2.2848
1.10662

-0.416281
-0.562754
0.714155
0.814717
0.0035755

-0.101921
-0.204379
0.973571
0.669508
0.0169089

0.101921
0.204379
-0.973571
-3.69535
3.41193

-0.487839
0.803727
0.34064
0.844505
0.00206486

-0.207505
-0.956861
0.20337
0.884104
0.00213937

0.207505
0.956861
-0.20337
-5.17527
5.94112

0.113209
0.505675
0.855264
0.947129
0.000854431

-0.113209
-0.505675
-0.855264
-13.5691
64.6808

0.864792
0.50213
0
0.213681
0.100851

-0.864792
-0.50213
0
-1.8055
1.08798

0.0562284
-0.455546
0.888435
0.9259
0.000693702

-0.0562284
0.455546
-0.888435
-3.91331
2.89474

0.289187
0.00601271
-0.957254
-0.481341
0.267582

-0.289187
-0.00601271
0.957254
-0.284058
0.20108

-0.276001
0.415267
0.86682
0.936707
0.000452245

0.276001
-0.415267
-0.86682
-3.60882
2.35991

-0.493711
-0.707919
0.505075
0.613832
0.00897643

-0.346351
-0.60932
0.713282
0.768642
0.00347057

0.346351
0.60932
-0.713282
-0.598536
0.164946

-0.745313
-0.143154
-0.651165
-3.58608
3.3621

0.745313
0.143154
0.651165
0.599665
0.0256257

-0.201209
-0.39243
0.897504
0.644348
0.00984984

0.201209
0.39243
-0.897504
-0.711269
0.227953

0.116132
0.971142
-0.208318
0.832377
0.00199402
