
-0.382894
-0.149442
-0.911625
0.0110301
0.0814167

0.382894
0.149442
0.911625
0.102978
0.066986

-0.117944
0.269483
0.955755
0.490393
0.0334686

0.117944
-0.269483
-0.955755
-2.04506
1.19403

-0.768259
0.368325
0.52356
-0.513289
0.29484

0.768259
-0.368325
-0.52356
-0.403274
0.253546

-0.751655
-0.160718
0.639675
0.632028
0.00486247

-0.307282
0.951618
0
0.0560319
0.192936

0.164283
0.522102
0.836911
0.791331
0.00146607

-0.4125
-0.648409
0.639851
-0.308753
0.110995

0.4125
0.648409
-0.639851
0.655364
0.0077127

-0.0473005
0.862875
-0.5032
-2.99617
2.19563

0.0473005
-0.862875
0.5032
0.667477
0.0152497

-0.766199
0.642604
0
-1.72429
0.750456

0.766199
-0.642604
0
0.666274
0.0187825

0.570378
0.821382
0
-33.0736
986.16

-0.570378
-0.821382
0
0.394244
0.316488

0.0519816
-0.698937
-0.713292
-0.627971
0.178586

-0.0519816
0.698937
0.713292
0.745548
0.00442969

-0.913074
-0.407794
0
0.988963
0.00016559

-0.0538404
0.391998
-0.918389
-1.16979
0.530908

0.0538404
-0.391998
0.918389
0.349315
0.0477711

-0.0840349
0.696241
0.712872
0.874051
0.000517652

0.0840349
-0.696241
-0.712872
0.222748
0.0196584

0.860999
-0.31869
0.396381
0.0613947
0.0951236

-0.860999
0.31869
-0.396381
-0.551569
0.259837

0.653277
0.257491
0.711989
0.19983
0.0762825

-0.653277
-0.257491
-0.711989
-1.07077
0.509863

0.291057
0.617501
-0.730738
-1.61256
0.676671

-0.291057
-0.617501
0.730738
0.69129
0.00953717

0.102367
-0.940255
0.324717
0.661256
0.0130617

-0.943294
-0.331958
0
-0.992891
0.379171

0.943294
0.331958
0
0.520403
0.0225021

-0.512382
-0.0885141
0.854184
0.0805521
0.0932677

0.512382
0.0885141
-0.854184
-0.634583
0.294207

-0.51519
-0.857076
0
0.821738
0.000727726

-0.133007
0.369676
0.919592
-4.34226
5.49305

0.133007
-0.369676
-0.919592
0.472317
0.0538394

-0.870837
-0.0690921
0.486692
0.0073595
0.100825

0.870837
0.0690921
-0.486692
-0.338665
0.183301

0.339831
0.308506
-0.888447
0.530693
0.00491317

-0.339831
-0.308506
0.888447
0.890692
0.000271035

-0.0764348
-0.711452
0.698566
0.729393
0.00709344

0.0764348
0.711452
-0.698566
-1.6619
0.685597

-0.103995
0.920132
0.377546
-0.728562
0.286642

0.103995
-0.920132
-0.377546
0.386512
0.0361408

-0.329462
0.349
0.877299
0.882979
0.00370899

0.329462
-0.349
-0.877299
-10.7021
37.0747

0.139319
0.369846
0.918588
0.179159
0.0511077

-0.139319
-0.369846
-0.918588
0.102839
0.0610486

0.963816
0.048261
-0.262163
0.786139
0.00396504

-0.963816
-0.048261
0.262163
-1.48854
0.534904

0.117673
0.571724
-0.811964
0.972328
4.41457e-05

0.2936
0.624399
0.723826
0.675489
0.0222845

-0.2936
-0.624399
-0.723826
-6.06714
10.5219

-0.622387
-0.225941
-0.74939
0.618471
0.0101649

0.935911
0.12548
-0.329127
0.845632
0.00158403

-0.935911
-0.12548
0.329127
-0.94365
0.249626

0.474391
0.433862
-0.765975
-2.04506
1.19411

-0.474391
-0.433862
0.765975
0.490393
0.0334505

0.490404
0.25157
0.834396
0.822677
0.0033609

-0.490404
-0.25157
-0.834396
-2.50267
1.30962

-0.349423
0.107189
0.930814
-0.293216
0.271047

0.349423
-0.107189
-0.930814
-1.49463
1.00856

-0.190551
0.778123
0.59851
0.834754
0.00214632

0.190551
-0.778123
-0.59851
-1.34768
0.426416

0.647688
-0.0667898
0.758973
0.784341
0.00333153

-0.647688
0.0667898
-0.758973
-0.858344
0.242383

-0.814082
-0.053276
0.578301
0.658559
0.0127382

0.814082
0.053276
-0.578301
-1.8715
0.900454

-0.470129
-0.642074
0.605573
-0.639015
0.273419

0.470129
0.642074
-0.605573
0.235577
0.0595659

-0.150034
-0.256358
0.954867
0.720059
0.00641535

0.150034
0.256358
-0.954867
-1.0085
0.323315

-0.391071
0.114717
-0.913183
-0.88166
0.561887

0.391071
-0.114717
0.913183
-0.714494
0.466564

-0.270511
0.0614886
-0.960751
0.804434
0.00106051

0.121681
0.500649
0.857056
0.883301
0.00217458

0.710311
-0.296278
0.638496
0.814794
0.00139244

-0.710311
0.296278
-0.638496
0.117137
0.0314337

-0.251412
-0.798048
-0.547642
-4.47658
5.58613

0.251412
0.798048
0.547642
0.564323
0.0353709

-0.973724
0.084133
0.211622
0.192325
0.0525016

0.973724
-0.084133
-0.211622
-0.0222114
0.0840896

0.667864
-0.0768477
0.740306
0.65649
0.00310999

-0.953083
-0.302709
0
-0.34898
0.12491

0.953083
0.302709
0
0.653701
0.0108841

-0.211646
-0.169293
-0.962572
-10.7689
58.5591

0.211646
0.169293
0.962572
-0.149321
0.559062

0.771207
0.421971
-0.476635
-0.189334
0.114028

-0.771207
-0.421971
0.476635
0.32187
0.0371113

-0.768664
-0.450584
-0.454015
-2.90859
2.98482

0.768664
0.450584
0.454015
-0.0568824
0.218262

-0.22009
-0.0649323
-0.973316
0.484635
0.0239689

0.22009
0.0649323
0.973316
-0.721359
0.265063

-0.0778615
-0.570644
0.817498
0.815026
0.00271507

0.827139
0.357316
0.433781
0.961998
7.92337e-05

-0.827139
-0.357316
-0.433781
-1.06059
0.220322

-0.729056
0.409927
0.548121
0.892058
0.000593342

-0.546707
-0.118453
-0.828903
-1.47771
0.395532

0.866771
-0.204468
-0.454863
-0.74492
0.268424

-0.866771
0.204468
0.454863
0.516712
0.0213093

-0.451252
0.723706
0.522131
0.426987
0.0528954

0.451252
-0.723706
-0.522131
-3.00231
2.57954

-0.563721
-0.439331
-0.699433
-0.38377
0.177319

0.563721
0.439331
0.699433
0.23365
0.0544878

0.324254
0.0464145
0.944831
0.473406
0.041763

-0.324254
-0.0464145
-0.944831
-2.74466
2.09935

-0.553671
-0.287334
0.781593
0.51729
0.0576235

0.553671
0.287334
-0.781593
-6.72338
14.7469

-0.681057
-0.472887
0.559051
-0.204179
0.164986

0.681057
0.472887
-0.559051
-0.376006
0.215426

-0.887138
-0.162754
-0.431853
-0.0581677
0.0620939

0.887138
0.162754
0.431853
0.676472
0.00583014

0.347359
-0.421041
-0.837894
-21.234
290.893

-0.347359
0.421041
0.837894
0.445689
0.180861

0.29766
-0.913267
0.278102
0.51608
0.0345226

-0.29766
0.913267
-0.278102
-2.79394
2.12073

-0.799158
-0.519964
0.301635
-0.610117
0.165818

0.9149
-0.403681
0
0.0591701
0.0725341

-0.9149
0.403681
0
0.142753
0.0605712

-0.983317
-0.168507
0.0685062
-0.748959
0.435238

0.983317
0.168507
-0.0685062
-0.480311
0.311798

-0.350492
-0.936566
0
0.157369
0.0599756

0.350492
0.936566
0
-0.0789615
0.0983311

0.193552
0.934071
0.300082
-3.56532
1.97483

-0.193552
-0.934071
-0.300082
0.984986
2.21846e-05

-0.735813
0.269276
-0.621346
0.586985
0.0123476

0.292178
0.071882
-0.953659
-0.0926069
0.0944652

-0.292178
-0.071882
0.953659
0.278706
0.041203

0.282319
-0.301605
0.910676
0.929013
0.00196168

-0.282319
0.301605
-0.910676
-17.1726
126.207

-0.284667
-0.616881
-0.733773
0.861855
0.00261963

0.284667
0.616881
0.733773
-4.10156
3.56581

-0.615147
0.637924
-0.4633
0.97586
1.48268e-05

0.615147
-0.637924
0.4633
0.282851
0.0103792

0.366924
0.6614
0.654154
0.966982
0.000192508

-0.366924
-0.6614
-0.654154
-6.67267
9.5717

-0.0088914
0.876617
-0.481106
-2.9607
2.18358

0.0088914
-0.876617
0.481106
0.643537
0.0176985

-0.704181
-0.368208
-0.607085
-2.63892
1.77525

0.704181
0.368208
0.607085
0.612015
0.0202007

-0.485856
0.810151
-0.328023
0.427317
0.0144106

0.485856
-0.810151
0.328023
0.574301
0.0079754

-0.426767
-0.836336
0.344111
0.451298
0.022878

0.426767
0.836336
-0.344111
-0.256931
0.119934

0.305791
-0.118675
-0.944674
-0.460051
0.186328

-0.305791
0.118675
0.944674
0.377305
0.0340868

-0.389711
0.157539
0.907362
0.404136
0.0155905

0.389711
-0.157539
-0.907362
0.593868
0.00725898

0.0565665
0.193789
-0.979411
-0.181002
0.0965182

-0.0565665
-0.193789
0.979411
0.523909
0.0158521

-0.391766
-0.49376
0.776351
0.781229
0.00353026

0.391766
0.49376
-0.776351
-0.925439
0.267909

-0.320641
0.405556
0.855987
0.971253
0.000218353

0.986016
-0.0209882
-0.165326
0.383679
0.0309957

-0.986016
0.0209882
0.165326
-0.308609
0.139711

-0.628135
-0.0778076
0.774205
0.119381
0.0844772

-0.169451
-0.641216
0.748417
0.742836
0.00256761

0.169451
0.641216
-0.748417
0.350647
0.016031

0.415023
-0.863906
0.285347
0.939734
0.000245697

-0.415023
0.863906
-0.285347
-1.57648
0.447724

-0.0526409
-0.20857
-0.97659
-15.8949
123.41

0.0526409
0.20857
0.97659
0.655207
0.0514017

-0.111393
0.930355
-0.34933
-0.291947
0.0797583

-0.0114659
-0.66244
-0.749027
0.888134
0.00042192

0.0114659
0.66244
0.749027
0.139966
0.024859

0.532922
-0.519951
0.667566
0.766707
0.00637298

-0.532922
0.519951
-0.667566
-2.6237
1.53401

0.672191
-0.188859
0.715885
0.922575
0.000608317

-0.672191
0.188859
-0.715885
-2.98751
1.60955

-0.0415044
0.988939
0.142394
-0.543501
0.14167

0.0415044
-0.988939
-0.142394
0.80834
0.00218646

0.279913
-0.318358
-0.905702
0.997274
3.11715e-07

0.219432
-0.904744
-0.365086
0.969519
5.89034e-05

-0.219432
0.904744
0.365086
-1.68448
0.454765

-0.435351
0.359811
0.825231
0.789303
0.00545334

0.435351
-0.359811
-0.825231
-2.9185
1.85743

0.202116
-0.293955
0.934205
0.951669
0.000574203

-0.202116
0.293955
-0.934205
-1.84711
0.563393

-0.494944
-0.733281
-0.466186
0.980015
2.21966e-05

-0.678914
-0.688895
-0.253969
-0.230509
0.105302

0.678914
0.688895
0.253969
0.543065
0.0145316

0.0425308
-0.819158
-0.571988
-0.108169
0.0708678

-0.0425308
0.819158
0.571988
0.666265
0.00643915

0.629071
-0.364469
-0.686609
0.821769
0.00225789

-0.629071
0.364469
0.686609
-0.980356
0.272972

0.0252675
0.956093
0.29197
0.739489
0.00807337

0.543017
0.526165
0.654434
0.188938
0.06342

-0.543017
-0.526165
-0.654434
-0.418716
0.193769

0.929716
0.368277
0
-0.512639
0.253614

-0.929716
-0.368277
0
-0.0258791
0.116662

0.0968759
-0.513256
0.85275
0.26544
0.0915965

-0.0968759
0.513256
-0.85275
-2.8377
2.49935

0.0809374
0.612463
-0.786344
-7.36699
15.3643

-0.0809374
-0.612463
0.786344
0.801964
0.00860923

-0.45391
0.0223805
0.890766
0.899696
0.0023811

0.45391
-0.0223805
-0.890766
-9.03037
23.3283

0.58563
0.164697
0.79367
0.247565
0.0534891

-0.58563
-0.164697
-0.79367
-0.447709
0.197495

0.436919
-0.872703
-0.217924
-0.838897
0.302021

-0.436919
0.872703
0.217924
0.540276
0.0188864

-0.640844
-0.358236
0.678959
0.667499
0.00285383

0.640844
0.358236
-0.678959
0.746453
0.00166133

-0.941489
-0.235658
0.240963
0.888453
0.00124891

0.941489
0.235658
-0.240963
-2.65247
1.338

0.554398
0.2584
0.791121
0.235577
0.0596409

-0.554398
-0.2584
-0.791121
-0.639015
0.273466

0.702412
-0.685915
-0.190101
0.383482
0.085465

-0.702412
0.685915
0.190101
-5.21806
8.67344

0.884331
-0.466861
0
0.824214
0.00447001

-0.70585
0.464246
0.535025
0.0805496
0.0259867

-0.0853877
-0.612235
0.786051
0.85587
0.00144745

0.535422
-0.800972
-0.267895
-0.0795217
0.0631095

-0.535422
0.800972
0.267895
0.705597
0.00470312

0.328598
-0.205554
0.92183
0.915255
0.000543729

0.817345
-0.576148
0
0.397865
0.0632286

-0.817345
0.576148
0
-2.66365
2.01408

-0.522041
-0.646823
0.555961
0.197571
0.0850016

0.522041
0.646823
-0.555961
-1.45743
0.796975

-0.429848
0.471386
-0.770082
-0.484012
0.137811

0.429848
-0.471386
0.770082
0.754666
0.00384075

0.181383
0.217784
-0.958994
-1.93619
0.579942

-0.181383
-0.217784
0.958994
0.97294
4.9444e-05

0.0093384
0.023035
0.999691
0.543445
0.0653399

-0.0093384
-0.023035
-0.999691
-9.6656
35.6423

-0.958221
-0.0742298
-0.27623
-0.763756
0.341186

0.958221
0.0742298
0.27623
0.174313
0.0747936

-0.94831
0.317345
0
0.826459
0.00328934

0.94831
-0.317345
0
-0.283382
0.0886769

-0.404574
-0.631514
0.661445
0.620372
0.00658244

-0.333852
-0.942626
0
0.991638
0.0141556

0.333852
0.942626
0
-0.159384
0.863014

-0.657934
0.405126
0.634819
0.664524
0.0134135

-0.951214
0.0231898
0.307661
0.466312
0.0166228

0.988786
0.149338
0
0.98736
1.86448e-05

0.768845
-0.00339173
-0.639426
-2.27702
1.43467

-0.768845
0.00339173
0.639426
0.510813
0.0319817

-0.639301
-0.122404
0.759152
-0.686562
0.108473

0.639301
0.122404
-0.759152
0.986241
1.20368e-05

-0.559543
0.483322
0.673284
0.833391
0.00277188

0.559543
-0.483322
-0.673284
-1.24846
0.37833

0.370683
0.738726
-0.56292
0.979159
1.25602e-05

-0.337957
-0.882362
0.32745
0.424775
0.05051

0.337957
0.882362
-0.32745
-2.69168
2.0791

0.174649
-0.158475
-0.971794
-35.0423
1008.32

-0.174649
0.158475
0.971794
0.81611
0.0262519

-0.0381325
0.936477
-0.348651
0.756406
0.00494241

0.0381325
-0.936477
0.348651
-1.23301
0.412921

0.796788
-0.60426
0
0.41736
0.0266951

-0.796788
0.60426
0
-0.0237962
0.0764697

0.556193
0.273635
0.784712
0.951255
0.000416438

-0.556193
-0.273635
-0.784712
-6.95868
11.0471

-0.769326
0.638857
0
0.0179087
0.0538284

0.769326
-0.638857
0
0.640602
0.00748948

0.875632
0.482978
0
0.883301
0.00488869

-0.875632
-0.482978
0
-5.17253
5.62152

0.392085
-0.702026
0.594499
0.742554
0.0124043

-0.392085
0.702026
-0.594499
-5.43615
7.71923

0.963086
-0.192763
-0.187901
-0.0192187
0.267573

-0.166263
0.306172
0.937345
0.946898
0.000522487

0.166263
-0.306172
-0.937345
-6.93251
11.0259

0.281433
0.30823
-0.90873
0.666299
0.00450015

-0.846123
-0.532988
0
-0.60904
0.238355

0.846123
0.532988
0
0.420748
0.0377978

-0.206336
-0.519805
0.828992
0.830157
0.00125215

0.555589
-0.831457
0
0.495423
0.0378671

0.46165
0.62084
0.633591
0.66081
0.00916008

-0.467357
-0.0111052
0.883999
0.870955
0.00454858

-0.467071
-0.695894
-0.545505
-1.73333
0.973338

0.467071
0.695894
0.545505
0.351266
0.0548521

0.650443
0.759555
0
0.326939
0.0323108

-0.650443
-0.759555
0
0.148156
0.050775

-0.148836
-0.537025
0.830332
0.797721
0.0018756

0.148836
0.537025
-0.830332
0.0370846
0.0409735

0.555977
-0.810153
-0.185853
0.671076
0.00612725

-0.555977
0.810153
0.185853
-0.0823321
0.0662503

-0.409537
-0.429145
-0.805055
-10.387
36.7193

0.409537
0.429145
0.805055
0.80627
0.0106473

0.445088
-0.278033
-0.851231
0.97621
4.96526e-05

0.358592
0.873172
0.330126
0.78022
0.00723878

-0.358592
-0.873172
-0.330126
-3.90299
3.48947

0.482733
-0.233294
0.844123
0.921848
0.00068626

0.191931
0.415951
0.888902
0.543065
0.0145603

-0.191931
-0.415951
-0.888902
-0.230509
0.10534

-0.50602
0.225444
-0.832538
-2.04004
0.934713

0.50602
-0.225444
0.832538
0.777935
0.00499716

-0.565119
-0.409627
0.716133
0.192929
0.0338456

0.565119
0.409627
-0.716133
0.594459
0.00860907

-0.307832
-0.893264
0.327596
-0.403608
0.19175

0.307832
0.893264
-0.327596
0.156954
0.0691967

0.899483
0.436956
0
-0.747745
0.217626

-0.899483
-0.436956
0
0.746358
0.00644703

-0.776196
0.377369
0.505086
-0.542736
0.11795

0.776196
-0.377369
-0.505086
0.902363
0.000486731

-0.510734
0.301175
-0.80526
0.79951
0.00183522

-0.223237
-0.644795
0.731029
-0.212612
0.297367

0.223237
0.644795
-0.731029
-2.79567
2.91093

-0.270135
-0.271573
0.923729
0.934142
0.000363878

0.502484
0.253381
-0.826624
-1.12706
0.222767

-0.502484
-0.253381
0.826624
0.9786
3.14149e-05

-0.653952
-0.112769
-0.748084
-0.813819
0.413358

0.653952
0.112769
0.748084
-0.0871594
0.148537

0.862425
0.0127139
0.506025
0.472316
0.0536994

-0.734812
-0.187697
0.651783
0.866404
0.000893934

0.149438
0.348702
-0.925243
-1.07077
0.509848

-0.149438
-0.348702
0.925243
0.19983
0.0763851

-0.118162
0.219011
0.968541
0.971702
0.000404268

0.118162
-0.219011
-0.968541
-23.9051
300.567

0.223988
-0.737009
-0.637689
0.674219
0.00298675

-0.30852
0.0714955
-0.948527
0.876812
0.00122403

0.119099
-0.521923
0.844637
0.863124
0.00157598

-0.119099
0.521923
-0.844637
-1.74503
0.628145

-0.517406
-0.759178
-0.394891
-1.52505
0.732958

0.517406
0.759178
0.394891
0.473748
0.0318763

0.330041
0.642712
0.691371
-3.79288
4.17125

-0.330041
-0.642712
-0.691371
0.436594
0.0577845

0.456764
-0.154091
0.876141
0.141845
0.123007

-0.456764
0.154091
-0.876141
-2.43261
1.96325

-0.663748
0.50343
-0.55317
0.941587
0.000196368

0.127088
0.300804
-0.94518
-2.98751
1.60939

-0.127088
-0.300804
0.94518
0.922575
0.000611382

0.240987
0.56163
0.791516
0.682699
0.0101404

-0.240987
-0.56163
-0.791516
-1.60199
0.674722

0.933841
0.086539
-0.347061
-0.686434
0.123339

-0.933841
-0.086539
0.347061
0.964578
5.69718e-05

0.00307505
0.243675
0.969852
0.634012
0.00952861

-0.00307505
-0.243675
-0.969852
-0.423572
0.141793

0.341023
-0.765877
-0.545102
-5.86522
10.3548

-0.341023
0.765877
0.545102
0.570924
0.0405216

0.639994
-0.347587
0.685267
0.537613
0.0360241

-0.639994
0.347587
-0.685267
-3.66355
3.66052

0.503853
-0.469478
0.725067
0.973199
6.70268e-05

0.422226
0.0546017
0.904845
0.810283
0.00645867

-0.422226
-0.0546017
-0.904845
-5.60404
7.81917

0.315315
0.643791
0.697215
0.735903
0.0143625

-0.475999
-0.875707
0.0810043
0.938317
0.000172827

0.475999
0.875707
-0.0810043
-0.572327
0.11214

0.172065
-0.0709872
0.982524
-0.464044
0.154254

-0.172065
0.0709872
-0.982524
0.623302
0.0103775

-0.0715822
0.853338
0.516421
0.885069
0.00149238

0.0715822
-0.853338
-0.516421
-3.13754
1.91051

-0.492421
-0.0307966
-0.869812
-6.50884
10.8321

0.492421
0.0307966
0.869812
0.846758
0.00452888

-0.53107
-0.559545
0.636298
0.0619364
0.177904

0.53107
0.559545
-0.636298
-3.40368
3.91657

0.830292
-0.220117
0.51202
0.946038
0.00015752

-0.830292
0.220117
-0.51202
-0.887528
0.182428

-0.139229
-0.271196
0.952401
0.968922
0.000304126

0.379377
-0.815676
0.436745
-1.26771
0.456872

-0.379377
0.815676
-0.436745
0.702306
0.0078767

0.00956145
-0.665603
-0.746244
0.661733
0.00411801

0.424012
0.892552
-0.15351
0.971663
2.79558e-05

-0.669472
-0.481659
-0.565519
-1.88403
0.903178

0.669472
0.481659
0.565519
0.668594
0.0119323

-0.201001
0.00984441
0.979542
0.899984
0.000944712

0.201001
-0.00984441
-0.979542
-2.47537
1.13998

0.416114
0.28318
0.864094
0.688345
0.0171778

-0.416114
-0.28318
-0.864094
-4.68964
5.71396

0.463042
-0.0867964
0.882077
0.856974
0.00563493

-0.463042
0.0867964
-0.882077
-10.5851
36.953

-0.310136
-0.94222
-0.126636
-0.563156
0.162258

0.310136
0.94222
0.126636
0.735076
0.0046957

0.0542538
-0.768655
0.637359
0.886773
0.000754037

-0.0542538
0.768655
-0.637359
-0.760239
0.175865

-0.445186
-0.753926
-0.48312
-1.056
0.357187

0.445186
0.753926
0.48312
0.685189
0.00837671

-0.0543844
-0.844168
0.533313
0.137743
0.0783599

0.0543844
0.844168
-0.533313
-0.588139
0.265593

-0.324506
0.449452
-0.83228
0.233042
0.0158004

0.973622
0.0329351
0.225777
-2.5152
0.875154

-0.973622
-0.0329351
-0.225777
0.992479
4.24059e-06

0.273438
0.820322
-0.502298
-0.673392
0.382501

-0.273438
-0.820322
0.502298
-0.425858
0.277742

-0.4866
-0.304488
0.818845
0.470195
0.0640062

-0.727943
0.685638
0
0.947484
9.9125e-05

0.917023
0.116836
-0.381338
0.676472
0.00582332

-0.917023
-0.116836
0.381338
-0.0581677
0.0620814

-0.144033
0.444318
0.884215
0.786941
0.0100688

-0.331114
0.576213
0.747223
0.751997
0.00338148

-0.471086
-0.239763
0.848877
0.771805
0.00279863

0.471086
0.239763
-0.848877
-0.226316
0.0807862

0.535369
0.250593
0.806587
0.809526
0.00279434

-0.535369
-0.250593
-0.806587
-1.21149
0.375646

-0.401671
-0.739563
0.540098
-5.78539
10.283

0.401671
0.739563
-0.540098
0.524551
0.0505656

-0.272199
0.933338
-0.234067
0.900078
0.000572699

0.272199
-0.933338
0.234067
-0.842508
0.193648

-0.463783
-0.360438
0.809314
0.759075
0.0146842

0.463783
0.360438
-0.809314
-8.51901
22.8861

-0.656247
0.571517
0.492653
0.214358
0.0367911

0.656247
-0.571517
-0.492653
0.425891
0.0196478

-0.171074
0.501978
-0.847792
0.815655
0.000481952

0.171074
-0.501978
0.847792
0.863003
0.000266795

0.549782
0.347323
0.759675
-0.0789615
0.0983429

-0.549782
-0.347323
-0.759675
0.157369
0.0599872

0.072247
0.392917
0.916732
0.89735
0.00123026

-0.697007
-0.642174
0.319051
0.829829
0.00249748

0.697007
0.642174
-0.319051
-1.68238
0.620048

-0.090555
0.886436
-0.453907
0.93099
0.00124976

0.090555
-0.886436
0.453907
-10.9636
37.3001

0.112227
-0.610903
0.783711
0.962305
9.18472e-05

-0.112227
0.610903
-0.783711
-1.20322
0.266154

0.428709
0.33774
0.837938
0.912552
0.00240939

0.507099
-0.615968
0.602855
-0.388074
0.189811

-0.161186
-0.852219
0.497737
0.945115
0.00012546

0.161186
0.852219
-0.497737
-0.338043
0.069819

-0.519729
0.812738
0.263323
-2.08827
1.31463

0.519729
-0.812738
-0.263323
0.391026
0.0514541

0.801339
0.0872771
-0.591809
-4.75513
5.75092

-0.801339
-0.0872771
0.591809
0.721452
0.013486

0.334842
-0.862545
0.379338
0.950467
0.000922521

-0.334842
0.862545
-0.379338
-17.355
126.528

0.615757
-0.69702
-0.367432
-0.671732
0.454671

-0.615757
0.69702
0.367432
-1.02278
0.665638

0.36947
-0.153286
-0.916513
0.24558
0.0648194

-0.36947
0.153286
0.916513
-0.992135
0.450295

0.339579
0.342918
0.875839
0.708624
0.011427

0.149735
-0.0390507
0.987955
0.794728
0.00508232

-0.149735
0.0390507
-0.987955
-2.92906
1.86178

-0.423111
0.239928
0.873734
0.940255
0.000282194

0.423111
-0.239928
-0.873734
-2.08155
0.742631

0.649683
-0.244188
0.71992
0.833233
0.0060033

-0.437702
0.0451249
0.897987
0.903463
0.00106517

0.304059
-0.49551
-0.813645
-0.460301
0.101632

-0.304059
0.49551
0.813645
0.901846
0.000496287

-0.910075
-0.395085
-0.125186
-1.22069
0.411392

0.910075
0.395085
0.125186
0.746806
0.00535008

-0.00533078
-0.955544
-0.2948
0.37772
0.0269277

0.00533078
0.955544
0.2948
0.0240067
0.0662305

0.0838715
0.807694
0.583607
-0.427153
0.353764

-0.0838715
-0.807694
-0.583607
-1.61231
1.18483

-0.532232
0.394293
0.749174
0.770137
0.0118676

0.532232
-0.394293
-0.749174
-7.27505
15.2807

0.566732
0.0524789
-0.822229
0.98834
8.44222e-06

-0.155431
-0.479787
0.863508
0.872659
0.000547376

0.155431
0.479787
-0.863508
0.213192
0.020432

0.578568
0.121583
0.806521
0.890084
0.00326512

-0.578568
-0.121583
-0.806521
-10.7365
37.1034

-0.435731
-0.368336
-0.82126
-1.19045
0.342448

0.435731
0.368336
0.82126
0.852768
0.00156134

0.823363
-0.309924
0.475417
-0.251472
0.0502243

-0.823363
0.309924
-0.475417
0.97446
2.43818e-05

0.861733
-0.0507344
-0.504819
0.213295
0.0224827

-0.861733
0.0507344
0.504819
0.829691
0.00105886

-0.168275
-0.552468
-0.816372
-5.31912
7.64622

0.168275
0.552468
0.816372
0.687943
0.0186769

0.907715
-0.364029
0.208653
-13.7572
64.8375

-0.907715
0.364029
-0.208653
0.967776
0.000310008

0.858324
-0.0868709
0.505702
-3.78017
3.44652

-0.858324
0.0868709
-0.505702
0.71807
0.0120624

-0.522571
0.411598
-0.746664
0.752526
0.00569638

-0.300183
-0.756002
0.58168
0.571127
0.00588896

0.522645
-0.0852514
-0.848277
-0.268403
0.0531415

-0.522645
0.0852514
0.848277
0.971887
3.82222e-05

-0.625734
-0.328993
0.707263
0.661256
0.00625611

-0.760307
0.448714
-0.469669
0.0671748
0.037826

0.727735
-0.679986
0.0895599
0.852799
0.00189724

-0.727735
0.679986
-0.0895599
-1.86161
0.716742

0.587084
-0.809526
0
-6.87788
-10.4887

-0.587084
0.809526
0
0.93715
0.0572471

0.167316
0.416646
0.893539
0.634012
0.00950257

-0.167316
-0.416646
-0.893539
-0.423572
0.141757

0.878653
-0.182847
0.441062
0.433051
0.013626

-0.465792
-0.0665098
0.882391
0.342854
0.0616897

0.465792
0.0665098
-0.882391
-2.1129
1.37871

-0.522054
0.154547
-0.838794
-0.640586
0.157373

0.522054
-0.154547
0.838794
0.844678
0.00141731

-0.172944
0.267477
-0.947917
-2.63824
1.16145

0.172944
-0.267477
0.947917
0.949955
0.000220845

-0.823939
-0.333709
0.457999
0.857836
0.00323823

0.097311
-0.464438
-0.880243
-13.1595
111.455

-0.097311
0.464438
0.880243
-0.872335
1.949

0.194991
0.638855
-0.744206
-12.3593
62.8509

-0.194991
-0.638855
0.744206
0.673844
0.03757

0.426568
0.19322
0.883576
0.529398
0.029375

-0.426568
-0.19322
-0.883576
-2.29744
1.44114

-0.169172
0.45223
0.87571
0.923682
0.00432712

0.169172
-0.45223
-0.87571
-35.9378
1013.31

-0.186027
-0.426701
-0.885054
0.998012
4.2199e-07

-0.427341
-0.280705
0.859409
0.660262
0.0100372

0.427341
0.280705
-0.859409
-1.03005
0.353805

0.780153
-0.560729
0.277387
0.228244
0.039077

-0.780153
0.560729
-0.277387
0.285393
0.0335045

-0.313163
-0.627147
0.713173
-0.00773883
0.0651541

-0.825006
0.374705
0.423037
0.101933
0.0639681

0.825006
-0.374705
-0.423037
0.101933
0.0639681

-0.531926
-0.540482
0.65187
-3.75285
3.43519

0.531926
0.540482
-0.65187
0.702946
0.0134913

0.338944
0.508521
0.791533
-0.545759
0.195787

-0.338944
-0.508521
-0.791533
0.512817
0.0195764

0.531525
0.519965
0.668669
0.640227
0.00756643

-0.531525
-0.519965
-0.668669
-0.0611234
0.0652548

0.221857
0.764849
0.604803
0.628684
0.0297049

-0.221857
-0.764849
-0.604803
-5.97249
10.4464

0.228559
0.470962
-0.85203
-13.1595
64.1887

-0.228559
-0.470962
0.85203
0.882979
0.0044358

0.0906558
-0.937373
0.336323
0.33461
0.0269988

-0.0906558
0.937373
-0.336323
0.285336
0.0311418

0.241431
-0.614289
-0.751239
-0.79432
0.488225

-0.241431
0.614289
0.751239
-0.64169
0.408746

0.189668
0.744932
-0.639611
0.10884
0.0431777

-0.189668
-0.744932
0.639611
0.60393
0.008584

-0.928931
-0.321843
-0.183044
-2.37268
1.28033

0.928931
0.321843
0.183044
0.750086
0.00710698

-0.0229902
-0.179333
0.98352
0.901533
0.000581157

0.0229902
0.179333
-0.98352
-0.732367
0.162852

0.00147049
0.620592
0.784132
0.760122
0.00384844

-0.00147049
-0.620592
-0.784132
-0.643669
0.179784

0.957392
0.288792
0
-0.461624
0.199987

-0.957392
-0.288792
0
0.274469
0.0501118

0.0708378
-0.334299
0.939801
0.96024
0.000420443

-0.382514
0.720297
0.578668
0.662015
0.00440906

0.382514
-0.720297
-0.578668
0.461284
0.0111358

-0.7782
-0.496571
0.384476
0.982188
7.33564e-05

-0.776951
-0.547248
-0.311235
-0.802121
0.377613

0.776951
0.547248
0.311235
0.0805521
0.0983221

-0.775134
0.260662
0.575519
0.662749
0.00373707

0.775134
-0.260662
-0.575519
0.591177
0.00549136

-0.291051
0.54807
0.784161
0.779996
0.00541342

0.291051
-0.54807
-0.784161
-2.42297
1.29167

0.670817
0.12846
-0.730413
-3.05479
1.89159

-0.670817
-0.12846
0.730413
0.852888
0.00253623

0.151616
0.796242
0.585671
0.582596
0.0144988

-0.151616
-0.796242
-0.585671
-0.72574
0.246703

0.406324
-0.177811
-0.896261
0.909178
0.00108586

-0.631896
-0.43949
-0.638401
0.385481
0.0164768

0.631896
0.43949
0.638401
0.611165
0.00659825

0.795007
-0.118972
-0.59482
-0.209034
0.098347

-0.795007
0.118972
0.59482
0.569069
0.0125541

-0.907266
-0.0908126
0.410635
0.458157
0.0111187

0.907266
0.0908126
-0.410635
0.668872
0.00415334

-0.733084
0.239858
-0.63644
-0.34898
0.120494

0.733084
-0.239858
0.63644
0.653701
0.00800455

0.330899
-0.451494
-0.828649
0.327027
0.0150215

-0.330899
0.451494
0.828649
0.824914
0.00101709

-0.763508
0.293278
-0.575364
-0.795684
0.219968

0.763508
-0.293278
0.575364
0.7874
0.00312139

-0.515849
0.523755
0.677924
-2.36989
1.67844

0.515849
-0.523755
-0.677924
0.369843
0.0588355

-0.0073904
0.654484
-0.75604
0.852821
0.00202051

0.119328
-0.313607
0.942025
0.893397
0.00305772

-0.667987
0.00583696
0.74415
0.747676
0.00343801

0.974055
-0.226311
0
0.993257
6.26044e-06

0.224942
0.558571
0.798373
0.720991
0.00651288

-0.224942
-0.558571
-0.798373
-1.09583
0.362164

0.515018
0.551497
0.656207
0.815781
0.0138412

-0.515018
-0.551497
-0.656207
-16.5123
125.034

-0.486227
-0.759629
-0.431912
0.947859
0.0010293

0.486227
0.759629
0.431912
-17.3308
126.484
