
-0.0258406
0.302972
0.952649
0.97053
0.000258636

0.0258406
-0.302972
-0.952649
-13.7866
64.8577

-0.535255
-0.0844662
-0.840457
0.400965
0.0252499

0.658197
-0.0060624
-0.752821
-1.00405
0.297781

-0.658197
0.0060624
0.752821
0.78318
0.00457408

-0.943256
-0.229995
-0.239522
-0.158325
0.0700197

0.943256
0.229995
0.239522
0.76596
0.00286273

-0.962526
-0.0688789
-0.262297
0.0896105
0.0497131

0.962526
0.0688789
0.262297
0.513066
0.0142314

-0.208013
-0.957297
-0.200781
0.476781
0.0459773

0.208013
0.957297
0.200781
-3.42028
3.28009

0.988131
-0.000257166
-0.15361
-1.79466
1.43043

-0.988131
0.000257166
0.15361
-0.478156
0.400186

-0.497034
0.143609
0.855765
0.872827
0.00110853

-0.317154
-0.922631
-0.219468
0.105779
0.0527196

0.317154
0.922631
0.219468
0.386001
0.0248652

0.161269
-0.397743
-0.903213
0.680637
0.0018809

-0.76707
0.616483
0.177629
-0.609033
0.367873

0.76707
-0.616483
-0.177629
-0.609033
0.367873

0.344332
0.156469
0.925717
0.740934
0.0153238

-0.344332
-0.156469
-0.925717
-7.19698
15.2092

-0.0652568
0.263636
0.962412
0.966587
0.000806368

-0.170755
0.435863
0.883667
0.885384
0.000963346

0.170755
-0.435863
-0.883667
-1.44153
0.436187

-0.142305
0.832679
0.535158
0.835393
0.00894666

0.142305
-0.832679
-0.535158
-12.9324
63.8888

0.0523987
0.648509
0.759401
-0.619533
0.251335

-0.0523987
-0.648509
-0.759401
0.327392
0.0434898

0.355027
-0.821877
0.445504
0.756207
0.00320959

-0.355027
0.821877
-0.445504
-0.179963
0.074636

0.531425
-0.745105
0.402997
0.276523
0.0282821

-0.531425
0.745105
-0.402997
0.48881
0.0141207

-0.319335
0.898383
-0.301552
0.794673
0.00441393

0.319335
-0.898383
0.301552
-2.24827
1.09994

0.733047
0.104692
0.672073
-2.21809
1.61811

-0.733047
-0.104692
-0.672073
0.195485
0.101297

0.796788
-0.60426
0
0.41736
0.0266951

-0.796788
0.60426
0
-0.0237962
0.0764697

-0.324777
0.824879
-0.462704
0.839095
0.000828728

0.324777
-0.824879
0.462704
0.356386
0.0130063

0.0783517
-0.569893
0.817975
-0.187674
0.143665

-0.0783517
0.569893
-0.817975
-0.118841
0.127502

-0.869054
-0.150243
-0.471351
0.991272
5.78145e-06

-0.131628
-0.133225
0.982306
0.903397
0.00705595

0.131628
0.133225
-0.982306
-35.733
1011.98

0.0210176
0.793914
-0.607666
0.742652
0.00370475

0.386131
-0.300161
0.872242
0.835338
0.00239495

-0.386131
0.300161
-0.872242
-1.69219
0.620953

0.359213
-0.525174
-0.771465
-4.81448
5.77905

-0.359213
0.525174
0.771465
0.749537
0.0108105

-0.115311
-0.181573
0.976593
0.578724
0.10139

0.759098
0.495855
-0.42178
0.625123
0.0375822

-0.759098
-0.495855
0.42178
-8.17847
22.4876

0.508373
0.72151
-0.470085
-2.51378
1.00095

-0.508373
-0.72151
0.470085
0.965554
0.000100807

0.808236
0.331643
0.486588
0.596959
0.0107556

-0.808236
-0.331643
-0.486588
-0.0919214
0.0745547

0.76294
-0.0706217
0.6426
-0.162978
0.124953

-0.76294
0.0706217
-0.6426
0.063347
0.0810537

0.378123
0.753813
-0.537391
-3.26533
1.64328

-0.378123
-0.753813
0.537391
0.981905
3.27639e-05

-0.290257
0.444232
0.84759
0.945224
0.000482912

-0.575536
0.7568
0.309859
0.895712
0.000490321

0.575536
-0.7568
-0.309859
-0.309453
0.0764126

0.0930488
-0.567838
-0.817864
-0.958761
0.250826

-0.0930488
0.567838
0.817864
0.855157
0.00137197

0.188162
-0.775545
-0.602598
-0.0539343
0.113365

-0.188162
0.775545
0.602598
-0.260812
0.162183

-0.384504
-0.908407
0.164176
0.38258
0.0756214

0.384504
0.908407
-0.164176
-4.22512
5.41533

-0.388471
0.0577654
-0.919649
-22.8138
298.064

0.388471
-0.0577654
0.919649
0.843445
0.0129022

0.181276
-0.929501
-0.321195
0.128782
0.0502316

-0.181276
0.929501
0.321195
0.375153
0.0260197

-0.683093
-0.730331
0
-0.0191802
0.044487

-0.426116
0.503553
0.751571
0.705624
0.00617203

0.0698478
0.479777
0.874606
0.712672
0.00884616

-0.0698478
-0.479777
-0.874606
-1.94223
0.914839

-0.0926235
0.950297
-0.297247
0.127153
0.071735

0.0926235
-0.950297
0.297247
-0.282421
0.154819

-0.342251
-0.198196
-0.918468
-1.03532
0.300903

0.342251
0.198196
0.918468
0.806281
0.002727

-0.567034
0.417235
0.710202
-0.582775
0.213819

0.567034
-0.417235
-0.710202
0.478377
0.0233312

-0.465561
0.227703
-0.855222
-13.1377
64.1884

0.465561
-0.227703
0.855222
0.878792
0.00473151

0.644485
-0.158397
-0.748031
-0.88166
0.561868

-0.644485
0.158397
0.748031
-0.714494
0.466523

0.755302
-0.129472
0.642461
-0.673058
0.258551

-0.755302
0.129472
-0.642461
0.413979
0.0317454

-0.495311
0.1215
-0.860177
-1.88271
0.719611

0.495311
-0.1215
0.860177
0.863226
0.00162231

-0.260016
0.631912
0.730123
0.706693
0.00704211

0.260016
-0.631912
-0.730123
-0.993654
0.321582

-0.370844
0.581915
0.723775
0.644456
0.0129831

0.370844
-0.581915
-0.723775
-1.55712
0.666494

0.102561
-0.810803
0.576264
-1.48874
0.898599

-0.102561
0.810803
-0.576264
0.00173903
0.144697

-0.143525
-0.49516
0.856865
-16.6295
125.235

0.143525
0.49516
-0.856865
0.840096
0.0103743

0.578202
0.425579
-0.696107
0.856
0.000765608

-0.578202
-0.425579
0.696107
0.12835
0.027907

0.508009
0.000258468
0.861351
0.887592
0.00181978

0.522468
0.174737
-0.834563
-1.53545
1.02368

-0.522468
-0.174737
0.834563
-0.215219
0.235191

-0.749804
-0.0824727
-0.656499
-0.986008
0.320678

0.749804
0.0824727
0.656499
0.699646
0.00740185

-0.390467
0.388945
0.83442
0.865704
0.00316379

0.390467
-0.388945
-0.83442
-5.76987
7.89706

-0.0953348
0.569785
0.816245
0.785725
0.00299168

-0.814173
-0.488608
-0.313662
0.864795
0.000631075

0.814173
0.488608
0.313662
0.194269
0.0221709

-0.628205
0.608968
-0.484269
-4.14892
4.36854

0.628205
-0.608968
0.484269
0.678192
0.017108

0.548528
0.692038
0.469254
0.69234
0.00776907

-0.548528
-0.692038
-0.469254
-0.978207
0.319747

-0.162038
-0.708745
0.686603
0.976177
3.49967e-05

0.162038
0.708745
-0.686603
-1.1159
0.222414

-0.399784
0.461687
0.791845
0.80875
0.00226528

0.399784
-0.461687
-0.791845
-0.593359
0.154355

-0.871302
0.490748
0
0.904728
0.000695116

0.871302
-0.490748
0
-1.70995
0.561546

0.110686
0.919327
0.377607
-0.105203
0.19763

-0.110686
-0.919327
-0.377607
-1.78784
1.25711

-0.0262929
0.660135
-0.750686
-1.37641
0.773878

0.0262929
-0.660135
0.750686
0.0717084
0.118281

0.97153
0.0723402
0.225604
-2.8995
3.18734

-0.97153
-0.0723402
-0.225604
-0.278127
0.342853

-0.359219
-0.804022
-0.473825
0.691189
0.00594061

0.359219
0.804022
0.473825
-0.297781
0.104346

-0.716812
0.0262597
0.696771
0.751261
0.0139633

0.716812
-0.0262597
-0.696771
-7.22397
15.2442

0.0568208
0.937595
0.343056
0.711051
0.0236837

-0.675175
-0.0943443
0.7316
0.884345
0.00123814

0.675175
0.0943443
-0.7316
-2.24871
0.969726

0.0091675
0.477228
0.878732
0.449539
0.0221557

-0.829351
0.443954
0.339236
0.105327
0.0581962

0.829351
-0.443954
-0.339236
0.245439
0.041404

-0.771012
0.425358
0.47393
-2.60763
2.9696

0.771012
-0.425358
-0.47393
-0.766388
0.713925

-0.568376
0.00689
0.82274
-0.168245
0.133265

0.568376
-0.00689
-0.82274
-0.0420418
0.106074

0.62259
-0.01027
0.78248
-0.689202
0.140638

-0.62259
0.01027
-0.78248
0.930246
0.000264895

-0.161733
-0.365325
-0.916722
-1.28159
0.35026

0.161733
0.365325
0.916722
0.90038
0.000716776

-0.344285
0.829911
0.438993
-0.377639
0.340792

0.344285
-0.829911
-0.438993
-1.84677
1.45485

0.398615
0.762293
0.509917
0.303921
0.02633

-0.12578
-0.0221547
0.991811
0.423367
0.0280497

0.12578
0.0221547
-0.991811
-0.431785
0.171656

0.65946
0.0996486
0.745106
0.662868
0.020314

-0.65946
-0.0996486
-0.745106
-4.64208
5.6876

0.0054421
0.741597
0.670824
0.543706
0.0252002

-0.0054421
-0.741597
-0.670824
-1.9122
1.02218

0.834781
0.550583
0
0.0782005
0.0663932

-0.823177
-0.0782531
0.562366
-0.566282
0.305007

0.823177
0.0782531
-0.562366
-0.258983
0.197113

0.280034
-0.739922
-0.611634
-1.14489
0.310801

-0.280034
0.739922
0.611634
0.874733
0.00106311

-0.511386
-0.457089
0.727705
0.748541
0.0161238

0.511386
0.457089
-0.727705
-8.48873
22.8459

0.141822
-0.619169
0.772344
0.861877
0.00524878

-0.141822
0.619169
-0.772344
-10.6062
36.9716

-0.723767
0.0641961
-0.687052
0.810652
0.00103832

0.723767
-0.0641961
0.687052
0.495948
0.00729746

0.0261033
-0.945607
0.324263
-0.661485
0.322776

-0.0261033
0.945607
-0.324263
-0.0313704
0.124402

-0.562846
0.387243
-0.730238
0.991953
1.80729e-05

0.562846
-0.387243
0.730238
-11.5544
37.6028

-0.093977
-0.995574
0
0.0938895
0.070997

0.093977
0.995574
0
-0.0548214
0.096202

-0.786105
0.597725
0.157365
-0.0531877
0.0865411

0.786105
-0.597725
-0.157365
0.268619
0.0417352

0.159486
-0.715552
0.68011
-0.118559
0.17429

-0.159486
0.715552
-0.68011
-1.13312
0.633709

-0.0326512
0.684185
-0.728577
-1.80365
1.48276

0.0326512
-0.684185
0.728577
-0.575855
0.46884

-0.0217149
-0.733705
0.679121
0.214934
0.0329754

0.360674
0.802652
-0.475041
0.133594
0.0495304

-0.360674
-0.802652
0.475041
0.36346
0.0267584

-0.126131
0.992014
0
0.88404
0.00105948

-0.517519
-0.586801
-0.622766
-0.544194
0.183004

0.517519
0.586801
0.622766
0.589447
0.0130074

-0.348277
0.363356
0.864104
0.890084
0.00330228

0.348277
-0.363356
-0.864104
-10.7365
37.0829

0.439699
-0.13161
0.88845
0.889763
0.000226442

-0.845875
0.32054
0.426321
-0.638781
0.167906

0.845875
-0.32054
-0.426321
0.803204
0.00244061

-0.460396
0.866323
0.193702
0.967829
2.25167e-05

0.460396
-0.866323
-0.193702
0.292694
0.0105428

0.258163
-0.485453
0.835277
0.775798
0.00162615

-0.258163
0.485453
-0.835277
0.460155
0.00934678

0.44199
-0.775616
0.450627
-0.653867
0.138988

-0.44199
0.775616
-0.450627
0.913333
0.000391882

0.524025
0.785011
-0.330388
0.928817
0.000541683

-0.524025
-0.785011
0.330388
-3.27546
1.93727

0.0485844
-0.761178
-0.646721
0.805863
0.000872235

-0.0485844
0.761178
0.646721
0.665326
0.00257665

-0.258958
0.708844
0.656111
0.599619
0.0051875

0.419417
0.728419
0.541752
-2.19715
1.08961

-0.419417
-0.728419
-0.541752
0.764456
0.00592396

-0.302727
-0.662771
0.684902
0.520323
0.00965399

0.302727
0.662771
-0.684902
0.531952
0.00919239

-0.114149
0.203592
0.972379
0.951551
0.000460017

0.794113
-0.156987
-0.587145
-0.384443
0.0638557

-0.473453
-0.694228
0.542116
-0.274503
0.0645987

0.473453
0.694228
-0.542116
0.928584
0.000205862

0.769524
0.334769
-0.543841
-1.18268
0.716131

-0.769524
-0.334769
0.543841
-0.291539
0.250766

0.454873
-0.452784
-0.766862
-1.84482
0.713962

-0.454873
0.452784
0.766862
0.844173
0.00219522

-0.0236496
0.562901
0.826186
0.845514
0.00155718

0.0236496
-0.562901
-0.826186
-0.81142
0.205967

0.562253
-0.0213184
0.826691
0.928184
0.000476896

-0.562253
0.0213184
-0.826691
-2.36974
0.985202

0.222808
-0.611484
0.759239
-5.21806
8.60306

-0.222808
0.611484
-0.759239
0.383482
0.0877537

0.226619
-0.121402
0.966388
0.424345
0.0353526

-0.226619
0.121402
-0.966388
-1.11473
0.473862

0.0287556
-0.746741
0.664493
0.335282
0.0537687

-0.0287556
0.746741
-0.664493
-1.41167
0.706051

0.662322
-0.448193
0.600377
0.664526
0.0133599

-0.662322
0.448193
-0.600377
-2.24707
1.25005

-0.195339
0.234478
-0.952293
-0.133642
0.137072

0.598414
0.728566
0.333306
0.546478
0.0124781

-0.598414
-0.728566
-0.333306
0.0225369
0.0578862

-0.920389
0.226018
0.31906
-0.544677
0.224217

0.920389
-0.226018
-0.31906
0.313476
0.0442959

0.763182
0.0337974
0.645299
-0.525986
0.207086

-0.763182
-0.0337974
-0.645299
0.389223
0.0332686

0.567308
0.184619
0.802544
0.137715
0.12724

-0.567308
-0.184619
-0.802544
-2.42931
1.94719

0.974352
-0.225031
0
-0.0832616
0.0505793

-0.434306
0.585068
0.68489
0.665776
0.0186024

0.434306
-0.585068
-0.68489
-4.1271
4.35648

-0.261152
-0.741717
-0.617782
-1.62244
0.611418

0.261152
0.741717
0.617782
0.793685
0.00382877

0.293296
-0.314535
0.902799
0.79087
0.00331483

0.417617
0.521239
-0.744249
-13.1377
64.1907

-0.417617
-0.521239
0.744249
0.878792
0.00472842

-0.373618
-0.60823
0.700332
0.819968
0.00492293

0.373618
0.60823
-0.700332
-4.44597
4.50288

0.103267
0.374365
-0.921513
-11.3245
37.5032

-0.103267
-0.374365
0.921513
0.975655
0.00015897

-0.697742
-0.716349
0
0.94952
0.000782794

-0.0419301
0.708244
0.704721
0.408805
0.0362759

0.0419301
-0.708244
-0.704721
-1.00155
0.414353

0.589249
0.697291
-0.408131
-1.10759
0.307596

-0.589249
-0.697291
0.408131
0.853513
0.00149985

0.407022
-0.866613
-0.288642
-2.86169
3.50312

-0.407022
0.866613
0.288642
-0.716305
0.692022

-0.782778
-0.216708
-0.583349
-0.667411
0.115181

0.782778
0.216708
0.583349
0.97193
3.83934e-05

-0.441658
0.781796
0.440151
-0.215389
0.0889539

0.0139813
-0.392183
-0.919781
-0.107389
0.0381383

0.470413
-0.652632
0.593956
0.127153
0.0718147

-0.470413
0.652632
-0.593956
-0.282421
0.154894

0.0445931
0.248006
0.967732
0.942977
0.000574497

-0.0445931
-0.248006
-0.967732
-6.90993
11.0295

0.310709
-0.484257
-0.817897
-23.2303
299.226

-0.310709
0.484257
0.817897
0.905351
0.00460444

0.165323
0.344873
-0.923976
-0.858258
0.67695

-0.165323
-0.344873
0.923976
-1.62044
1.34559

-0.126888
0.991411
0.0316755
-1.40746
0.576753

0.126888
-0.991411
-0.0316755
0.6247
0.0140165

0.348119
-0.406949
-0.844515
0.590877
0.0048312

-0.0990126
0.550095
-0.829212
-0.876446
0.209424

0.0990126
-0.550095
0.829212
0.887452
0.000753991

-0.181715
0.0246988
0.983041
0.984856
0.000171506

0.184678
-0.25706
0.948585
0.932251
0.00231017

0.093196
0.196201
-0.976125
0.369887
0.114864

-0.093196
-0.196201
0.976125
-7.69298
21.7968

-0.729746
-0.148027
-0.667502
0.0805517
0.0687757

0.729746
0.148027
0.667502
0.0805517
0.0687757

-0.787443
0.2876
0.545179
-0.0649352
0.157233

0.787443
-0.2876
-0.545179
-1.16084
0.640789

0.0935289
-0.21959
-0.971099
-8.51901
22.8691

-0.0935289
0.21959
0.971099
0.759075
0.0147854

0.106137
0.428416
-0.897326
0.687623
0.00502842

-0.106137
-0.428416
0.897326
0.079106
0.0428163

-0.63634
-0.00484529
0.771394
0.774911
0.00349862

0.63634
0.00484529
-0.771394
-0.78049
0.21863

-0.653215
0.249814
0.714775
0.63194
0.0126634

0.653215
-0.249814
-0.714775
-1.19128
0.445463

0.855318
-0.0645794
0.514063
0.33437
0.0394673

-0.76655
-0.0158085
0.64199
-1.40586
0.475286

0.76655
0.0158085
-0.64199
0.805828
0.00314096

-0.0241043
-0.729604
0.683445
0.231123
0.0156585

-0.744835
-0.653588
0.13433
0.185658
0.0912879

0.744835
0.653588
-0.13433
-1.6077
0.93602

0.840945
0.230141
0.489741
0.953563
9.36046e-05

0.837353
0.546663
0
0.549185
0.00896641

-0.837353
-0.546663
0
0.489537
0.0114284

-0.951405
0.262619
-0.160809
0.0751563
0.0628807

0.951405
-0.262619
0.160809
0.254273
0.0408851

0.672829
0.0371272
0.738865
0.630636
0.0268985

-0.672829
-0.0371272
-0.738865
-5.20898
7.56799

0.377581
0.735309
-0.562809
-0.22528
0.167987

-0.377581
-0.735309
0.562809
-0.308336
0.191516

-0.815615
-0.531594
-0.228428
-0.164395
0.0463115

0.815615
0.531594
0.228428
0.950592
8.48973e-05

-0.691014
0.551624
-0.467131
0.522601
0.00538888

-0.437935
0.529413
0.726592
0.642505
0.0122675

0.437935
-0.529413
-0.726592
-1.30943
0.507873

0.712443
0.160129
0.683215
0.558845
0.0297959

-0.474202
-0.568354
-0.672388
0.00308263
0.0516599

0.474202
0.568354
0.672388
0.699034
0.0047229

-0.114847
-0.446029
-0.887619
-0.74727
0.163608

0.114847
0.446029
0.887619
0.909291
0.00048245

0.664665
-0.538908
0.517493
0.674378
0.00448269

-0.664665
0.538908
-0.517493
0.343148
0.0181313

-0.0086716
-0.212756
0.977067
0.900014
0.00184433

0.421959
0.573423
-0.702237
0.990296
2.98965e-05

0.0766938
0.658417
0.748735
0.39234
0.0789368

-0.0766938
-0.658417
-0.748735
-4.83963
7.28571

0.80149
0.21113
0.559498
0.633779
0.00253784

-0.198396
-0.0491484
-0.978889
-0.13134
0.0456025

0.198396
0.0491484
0.978889
0.934166
0.000158462

0.647493
0.301161
-0.700039
-0.688718
0.115678

-0.647493
-0.301161
0.700039
0.977475
2.22489e-05

-0.0591586
0.916125
-0.396505
0.46329
0.0202105

0.0591586
-0.916125
0.396505
-0.111415
0.0865517

0.820207
0.244684
-0.517098
0.634066
0.0169534

-0.861827
0.44019
0.251966
0.00982463
0.0738522

0.861827
-0.44019
-0.251966
0.272524
0.0398711

0.452041
-0.210524
-0.866798
-0.296866
0.110182

-0.452041
0.210524
0.866798
0.639784
0.00853042

0.865202
0.302333
-0.400024
0.986962
7.44906e-06

-0.865202
-0.302333
0.400024
-0.61041
0.0943017

0.930259
0.220844
-0.292994
0.907891
0.00173416

0.248882
-0.73728
0.628073
-1.7763
0.985559

-0.248882
0.73728
-0.628073
0.401869
0.0457817

-0.209243
-0.863329
-0.459217
0.134394
0.0616498

0.209243
0.863329
0.459217
-0.000317335
0.0823266

0.376556
-0.728762
0.571937
-0.0726919
0.414294

-0.376556
0.728762
-0.571937
-8.65421
33.5422

0.155031
-0.45191
-0.878489
0.965039
0.000235308

-0.155031
0.45191
0.878489
-8.09047
15.7851

-0.0465068
-0.998918
0
0.104536
0.128631

0.0465068
0.998918
0
-2.14813
1.58933

-0.375714
-0.381879
0.844398
0.786771
0.00478994

0.375714
0.381879
-0.844398
-2.23447
1.09716

-0.639596
-0.479754
-0.600628
0.963163
0.000152278

-0.210103
-0.477372
-0.853213
0.771805
0.00288736

0.137224
0.256416
0.956776
0.371688
0.0687253

-0.137224
-0.256416
-0.956776
-3.29779
3.21516

0.816973
0.464431
0.341846
0.250293
0.036545

-0.816973
-0.464431
-0.341846
0.27832
0.0338656

-0.44545
-0.895307
0
0.268619
0.0433045

0.44545
0.895307
0
-0.0531877
0.0882277

-0.454799
0.185782
0.871001
0.835812
0.00163018

0.454799
-0.185782
-0.871001
-0.681276
0.170823

-0.0352159
0.902358
-0.429546
0.80937
0.00131618

0.0352159
-0.902358
0.429546
0.294133
0.0176643

-0.572378
-0.794395
0.20327
0.221171
0.039438

0.572378
0.794395
-0.20327
0.305305
0.0313795

-0.622116
0.704341
0.341871
0.394245
0.0304545

0.622116
-0.704341
-0.341871
-0.362952
0.154055

0.886227
-0.371163
0.277199
-0.0581117
0.0355368

-0.886227
0.371163
-0.277199
0.950389
8.20615e-05

-0.299534
0.270438
-0.914955
-4.6417
3.67995

0.299534
-0.270438
0.914955
0.984116
3.72925e-05

-0.148327
-0.669306
0.728031
0.860825
0.00211083

0.148327
0.669306
-0.728031
-2.81453
1.5775

0.937111
0.349032
0
-3.22947
2.67964

-0.937111
-0.349032
0
0.608235
0.0230219

0.0926767
-0.156472
-0.983325
0.983818
8.55709e-05

-0.0926767
0.156472
0.983325
-13.9548
64.9059

-0.767845
-0.640636
0
0.0387589
0.072193

0.767845
0.640636
0
0.198662
0.0502955

0.51044
-0.70672
-0.489896
-10.156
36.4178

-0.51044
0.70672
0.489896
0.735953
0.0204109

-0.663945
-0.747782
0
0.500272
0.0280152

0.663945
0.747782
0
-0.732707
0.270014

-0.293663
0.802003
-0.520148
-10.5632
36.9211

0.293663
-0.802003
0.520148
0.851806
0.00608848

-0.500734
-0.0463511
0.864359
0.389223
0.0333546

0.500734
0.0463511
-0.864359
-0.525986
0.207159

0.684079
0.256561
0.682798
0.678045
0.00278965

-0.684079
-0.256561
-0.682798
0.728019
0.00200288

0.380674
-0.634148
0.673011
0.933191
0.000344895

-0.380674
0.634148
-0.673011
-1.78659
0.56854

-0.551063
0.0627201
0.832103
0.660262
0.0100292

0.551063
-0.0627201
-0.832103
-1.03005
0.353806

0.496799
0.614636
-0.61271
0.69329
0.00909529

0.278328
-0.525285
-0.80412
0.76205
0.0041326

0.768297
0.543556
-0.338033
0.590396
0.00821158

-0.768297
-0.543556
0.338033
0.277773
0.0254911

0.283
-0.0165125
0.958978
0.971066
0.000406421

-0.938554
-0.143387
-0.313938
-0.0237962
0.0726611

0.938554
0.143387
0.313938
0.41736
0.0235481

-0.883587
-0.340382
-0.321581
0.618486
0.00556759

0.883587
0.340382
0.321581
0.512024
0.0091063

-0.391761
0.582378
0.712291
-1.13585
0.4368

0.391761
-0.582378
-0.712291
0.57433
0.0174555

0.0713495
-0.870434
-0.487087
0.647021
0.00523641

-0.0713495
0.870434
0.487087
0.519784
0.00928394

-0.363213
0.778901
0.511262
0.955172
0.000159814

0.661971
-0.468212
-0.585297
0.929435
0.000150069

-0.661971
0.468212
0.585297
0.142627
0.0216528

-0.598468
-0.176698
-0.781418
-1.67451
0.618647

0.598468
0.176698
0.781418
0.825332
0.0026997

-0.116499
0.251466
0.960829
0.51777
0.0231149

0.116499
-0.251466
-0.960829
-1.08631
0.428731

0.849909
0.065679
0.52282
-0.0341671
0.140981

-0.849909
-0.065679
-0.52282
-1.05339
0.555466

-0.559559
-0.239243
0.793509
0.902924
0.00109343

0.337116
0.114474
0.934478
0.954657
0.00101479

-0.337116
-0.114474
-0.934478
-23.6866
300.355

0.485556
0.227103
0.844192
0.853907
0.000380333

-0.217144
0.0921735
0.971778
0.898677
0.000690495

0.217144
-0.0921735
-0.971778
-1.03709
0.256594

-0.343612
-0.698037
0.628232
-1.28548
0.747272

0.343612
0.698037
-0.628232
-0.0870364
0.169187

-0.831365
-0.213478
0.513089
-2.13017
0.747104

0.831365
0.213478
-0.513089
0.953756
0.000164898

-0.398012
0.071553
0.914585
-0.152558
0.0731958

0.398012
-0.071553
-0.914585
0.724253
0.00419269

0.451376
-0.490079
0.745709
-1.24171
0.496503

-0.451376
0.490079
-0.745709
0.574756
0.0180742

0.0356891
0.894957
-0.444723
-0.115599
0.113337

-0.0356891
-0.894957
0.444723
0.0494317
0.0822896

0.432775
-0.835088
-0.339609
-0.254529
0.161821

-0.432775
0.835088
0.339609
-0.0707903
0.118071

0.271469
-0.0171209
0.962295
-1.34041
0.512963

-0.271469
0.0171209
-0.962295
0.670879
0.0101486

-0.172685
-0.530882
-0.829665
0.224254
0.0283381

0.172685
0.530882
0.829665
0.662759
0.00543601

-0.362709
-0.412317
0.835725
0.861625
0.00139657

0.362709
0.412317
-0.835725
-1.29677
0.384439

-0.108342
0.443335
0.889784
0.902538
0.000629067

0.578615
-0.779066
0.241373
0.854301
0.00106568

-0.741047
0.362225
-0.565369
-0.900192
0.310071

0.741047
-0.362225
0.565369
0.612446
0.0129133

0.320069
-0.751781
-0.576525
-4.50687
5.6053

-0.320069
0.751781
0.576525
0.583543
0.032077

0.499673
0.237547
-0.833005
-2.43261
4.50915

-0.499673
-0.237547
0.833005
-4.36346
11.0086

0.0391329
-0.336601
0.940834
0.767935
0.00335548

-0.0391329
0.336601
-0.940834
-0.49783
0.138678

0.876949
-0.273724
-0.395013
0.473407
0.015925

-0.839148
0.307783
0.448442
-0.176893
0.126465

0.839148
-0.307783
-0.448442
0.0989383
0.0741578

-0.549859
-0.792788
0.262948
0.368442
0.0239049

0.549859
0.792788
-0.262948
0.273239
0.0316504

-0.192547
-0.317703
-0.928434
0.854578
0.00156546

0.371289
-0.340089
0.863993
-0.967496
0.375216

-0.371289
0.340089
-0.863993
0.488648
0.0255181

-0.389567
0.238621
0.889549
0.892731
0.00238847

-0.170038
-0.502846
0.847487
0.653323
0.0118931

0.170038
0.502846
-0.847487
-1.43855
0.581973

0.577011
0.220584
0.786385
0.60213
0.0117844

-0.0231597
-0.477936
-0.878089
0.787126
0.000741461

0.0231597
0.477936
0.878089
0.879386
0.000262719

0.537873
0.843026
0
0.278825
0.0240809

-0.537873
-0.843026
0
0.720413
0.00455275

-0.22492
-0.908938
-0.35106
0.918986
0.00332505

0.715742
0.420356
0.557686
0.621402
0.0182686

-0.715742
-0.420356
-0.557686
-2.40736
1.47454

-0.160609
0.117764
0.979968
0.678192
0.0112009

-0.342258
0.726108
0.596345
0.573412
0.020793

0.812031
-0.504471
0.293454
0.288052
0.016181

-0.812031
0.504471
-0.293454
0.858109
0.000643092

-0.156802
0.285094
0.945587
0.892731
0.00243176

-0.529611
0.262348
0.806651
0.897205
0.00542184

0.529611
-0.262348
-0.806651
-23.1684
299.144

0.235202
0.0957345
0.96722
0.967234
0.00023253

-0.662106
0.564059
-0.493409
0.691859
0.00717149

0.662106
-0.564059
0.493409
-0.755847
0.232547

0.603239
0.172565
0.778668
0.564439
0.0104314

-0.569381
-0.230023
0.789237
0.79574
0.0033495

-0.467912
-0.677418
0.567595
-0.0717193
0.0927624

0.467912
0.677418
-0.567595
0.229639
0.0479718

0.681415
-0.264376
0.68248
-0.27748
0.354884

-0.725859
0.624023
0.28935
0.845533
0.00189502

0.725859
-0.624023
-0.28935
-1.47148
0.483224

0.436322
-0.362164
-0.823687
-9.01178
34.3616

-0.436322
0.362164
0.823687
0.182713
0.229001

-0.0391112
-0.463393
0.885289
0.443881
0.0190134

0.58477
0.745082
-0.320776
-0.653867
0.13897

-0.58477
-0.745082
0.320776
0.913333
0.000386795

-0.0495108
-0.882242
0.468185
-3.81744
2.39062

0.637476
0.77047
0
-0.829211
0.601888

-0.637476
-0.77047
0
-1.2583
0.917362

0.627058
0.369713
-0.685646
-1.40701
0.975382

-0.627058
-0.369713
0.685646
-0.474246
0.365937

0.0966931
0.520646
0.84828
0.532936
0.0213385

-0.0966931
-0.520646
-0.84828
-1.09917
0.430901

0.109594
0.789867
0.603406
0.718254
0.0182303

-0.109594
-0.789867
-0.603406
-7.13984
15.1657

-0.183123
-0.560208
0.807857
0.453968
0.0121152

0.183123
0.560208
-0.807857
0.617507
0.0059467

-0.93949
0.282099
-0.194367
-5.66537
7.85186

0.93949
-0.282099
0.194367
0.832064
0.00498819

0.456706
-0.0784246
0.886154
0.803204
0.0024422

-0.456706
0.0784246
-0.886154
-0.638781
0.167909

0.546456
0.150558
0.823844
0.909858
0.00259149

-0.546456
-0.150558
-0.823844
-13.311
64.3788

-0.420564
-0.390853
-0.818755
-1.34586
0.513666

0.420564
0.390853
0.818755
0.675713
0.00993076

-0.94493
-0.108596
-0.308731
-0.22528
0.167923

0.94493
0.108596
0.308731
-0.308336
0.191454

0.697895
-0.548619
0.460391
-0.79432
0.488185

-0.697895
0.548619
-0.460391
-0.64169
0.408683

-0.254724
0.341026
-0.904885
-7.04519
15.0705

0.254724
-0.341026
0.904885
0.678193
0.0242677

0.729711
-0.427513
-0.533624
-1.87179
0.515546

-0.729711
0.427513
0.533624
0.983518
1.98395e-05

-0.752987
0.427313
0.500414
0.566713
0.0257159

0.752987
-0.427313
-0.500414
-2.58142
1.75596

-0.58418
0.202091
-0.786061
0.960036
0.000809665

-0.210172
-0.945778
0.247651
0.212972
0.0248527

0.202931
0.67804
0.706456
0.539374
0.00947844

-0.530734
-0.0054911
0.847521
-0.732707
0.266407

0.530734
0.0054911
-0.847521
0.500272
0.022177

-0.279883
0.483691
-0.829282
0.82488
0.00219519

0.279883
-0.483691
0.829282
-0.984892
0.273377

0.491926
0.638941
0.591408
0.607724
0.0046041

-0.656059
-0.618786
0.432076
0.574675
0.00876523

0.0587969
0.158552
0.985598
0.887085
0.00964048

-0.0587969
-0.158552
-0.985598
-35.5843
1011.56

-0.874651
-0.484753
0
0.565352
0.0392621

0.874651
0.484753
0
-3.53681
3.19286

-0.14251
0.275974
0.950542
0.956283
0.000485819

0.0324073
0.51889
-0.854227
-2.0062
0.824673

-0.0324073
-0.51889
0.854227
0.849962
0.00211795

-0.477927
-0.85451
-0.203467
0.858768
0.00101363

0.477927
0.85451
0.203467
-0.395025
0.0985819

0.70241
0.3881
-0.596656
0.639294
0.00952627

-0.920026
0.216817
0.326409
0.498482
0.0566927

0.920026
-0.216817
-0.326409
-5.74263
10.246

-0.836568
-0.35585
0.416563
0.633806
0.0137865

0.836568
0.35585
-0.416563
-1.54521
0.664394

-0.128848
0.514614
0.847686
0.855117
0.00289348

-0.538963
-0.629966
-0.559162
0.834971
0.00104605

0.538963
0.629966
0.559162
0.164539
0.0261591

-0.327041
0.694534
0.640833
0.768206
0.00285861

-0.0306187
0.663577
-0.747481
-8.60315
22.9641

0.0306187
-0.663577
0.747481
0.786983
0.0113705

0.213833
-0.68081
0.700552
0.734119
0.00318934

-0.213833
0.68081
-0.700552
0.145135
0.0329347

0.911185
-0.154849
-0.38179
-1.5067
0.81052

-0.911185
0.154849
0.38179
0.267576
0.0692429

-0.314125
0.779613
0.541782
0.556574
0.00690166

-0.359898
0.215213
0.907831
0.47898
0.0216662

0.359898
-0.215213
-0.907831
-0.413433
0.159144

0.805669
-0.439302
0.397381
-6.93792
14.9762

-0.805669
0.439302
-0.397381
0.628906
0.0327393

-0.941336
-0.209432
0.264623
0.952675
0.000571433

0.572871
-0.371154
0.730797
0.342181
0.0506323

-0.572871
0.371154
-0.730797
-1.28469
0.610299

-0.0998074
0.560233
0.8223
-5.30995
9.79868

0.0998074
-0.560233
-0.8223
0.182231
0.164875

-0.121824
-0.462731
-0.878088
0.394942
0.01643

0.840728
0.119422
0.528124
0.889862
0.00476632

-0.840728
-0.119422
-0.528124
-16.9042
125.834

0.617335
0.179609
-0.765923
0.973929
0.000137183

-0.0398198
0.41272
-0.909987
0.975579
3.28029e-05

0.649101
0.141226
-0.747478
-1.61256
0.676865

-0.649101
-0.141226
0.747478
0.69129
0.00947413

-0.941048
-0.109984
-0.319895
-0.780703
0.294048

0.941048
0.109984
0.319895
0.463254
0.0267395

-0.420174
0.647691
0.635571
0.58969
0.0106701

0.420174
-0.647691
-0.635571
-0.118645
0.0788327

0.734629
0.606464
-0.304173
0.970125
0.000139842

-0.734629
-0.606464
0.304173
-6.25774
8.07743

-0.241593
-0.915765
0.320947
0.444527
0.0324448

0.241593
0.915765
-0.320947
-1.13027
0.476805

0.0368312
-0.573381
0.81846
0.806882
0.000957332

-0.0368312
0.573381
-0.81846
0.60033
0.00405648

-0.0443775
0.989306
0.138939
-0.00545549
0.114244

0.0443775
-0.989306
-0.138939
-0.594387
0.287263

-0.631024
-0.347736
0.693461
0.0721918
0.0764874

0.631024
0.347736
-0.693461
-0.0843647
0.104424

-0.53024
-0.629065
0.568439
0.0433632
0.0680865

0.53024
0.629065
-0.568439
0.2633
0.0403821
