
0.653988
-0.009172
0.756449
0.693518
0.0121665

-0.653988
0.009172
-0.756449
-2.75444
1.81097

0.212957
0.463731
0.860002
-0.149312
0.1922

-0.212957
-0.463731
-0.860002
-1.25264
0.737368

-0.553557
0.192631
-0.810227
0.51777
0.0230551

0.553557
-0.192631
0.810227
-1.08631
0.428746

0.439701
-0.84366
-0.30806
-0.752476
0.125079

-0.439701
0.84366
0.30806
0.981845
1.44674e-05

0.340622
0.167345
0.925188
0.964233
0.000625282

-0.103282
-0.531803
0.840547
0.35639
0.193244

0.103282
0.531803
-0.840547
-15.0904
120.612

0.85774
0.514083
0
0.236789
0.0420006

-0.85774
-0.514083
0
0.133993
0.0540399

0.433297
-0.394192
-0.810473
0.629138
0.00715254

0.914292
0.349137
0.20536
-0.560879
0.211163

-0.914292
-0.349137
-0.20536
0.445261
0.0266813

-0.868234
-0.496155
0
0.931957
0.00223301

0.430213
-0.67619
-0.598067
0.016701
0.125697

-0.430213
0.67619
0.598067
-1.08037
0.56214

0.487507
-0.799952
0.349878
0.257888
0.0348237

-0.487507
0.799952
-0.349878
0.310876
0.0300319

-0.777624
-0.628729
0
-2.57271
1.96083

0.777624
0.628729
0
0.304615
0.087709

0.740964
-0.423588
-0.521099
0.471906
0.0164842

-0.740964
0.423588
0.521099
0.174851
0.0401676

-0.0702188
-0.464923
-0.882562
0.458007
0.0741776

0.0702188
0.464923
0.882562
-6.62175
14.6213

-0.461404
0.640548
-0.613845
0.729663
0.00481974

0.461404
-0.640548
0.613845
-0.507087
0.148201

0.257115
-0.811912
0.52411
0.780813
0.00810389

-0.257115
0.811912
-0.52411
-4.88547
5.81725

0.365603
-0.365604
-0.855961
-0.0396876
0.199117

-0.365603
0.365604
0.855961
-2.58585
2.36463

-0.972699
0.0939281
0.21221
-0.494422
0.100016

0.972699
-0.0939281
-0.21221
0.930418
0.000246502

0.201047
0.979582
0
-1.56057
0.825029

-0.201047
-0.979582
0
0.338868
0.0550221

-0.140573
0.807766
0.572498
0.869554
0.00136209

0.140573
-0.807766
-0.572498
-0.677584
0.160502

-0.331302
-0.374392
0.866065
-3.71984
4.12832

0.331302
0.374392
-0.866065
0.375888
0.0721868

-0.546895
-0.493018
-0.676638
-0.374165
0.0746321

0.546895
0.493018
0.676638
0.9473
0.000123978

-0.792863
0.338234
0.506917
0.548371
0.00805517

0.0971722
0.962397
-0.253671
-0.239045
0.331313

-0.0971722
-0.962397
0.253671
-3.16457
3.74247

-0.608759
-0.330923
-0.721043
-2.85366
2.94951

0.608759
0.330923
0.721043
-0.13067
0.253971

-0.284213
-0.0940643
-0.954136
0.889138
0.00144745

0.284213
0.0940643
0.954136
-3.44679
2.32727

0.188901
0.146381
0.971025
0.828022
0.00490994

0.718633
-0.673632
-0.172587
-2.1273
0.746405

-0.718633
0.673632
0.172587
0.953013
0.000182187

0.764901
0.129635
0.630968
0.664848
0.00423188

-0.764901
-0.129635
-0.630968
0.468539
0.0106403

0.76775
0.172912
0.616978
-2.28928
0.974822

-0.76775
-0.172912
-0.616978
0.900393
0.000933779

0.310945
-0.101826
0.944957
0.608012
0.011942

0.686456
0.0624872
0.724482
0.6644
0.0114425

-0.686456
-0.0624872
-0.724482
-1.5801
0.670769

-0.00404852
0.990799
-0.135282
-0.0442548
0.0816151

0.00404852
-0.990799
0.135282
0.32511
0.0340904

-0.318365
0.582509
-0.747881
-4.86852
5.80684

0.318365
-0.582509
0.747881
0.773569
0.00871938

0.62544
0.219732
-0.748694
-5.34377
6.00015

-0.62544
-0.219732
0.748694
0.927647
0.000805074

0.0960917
-0.450947
0.887363
-0.73285
0.174156

-0.0960917
0.450947
-0.887363
0.870438
0.00097381

0.660382
-0.168918
0.731685
0.995225
2.43763e-06

0.973831
0.0725556
-0.215381
0.535385
0.00326972

0.529194
0.146975
-0.835675
0.983518
2.39805e-05

-0.693097
0.0695007
-0.717486
0.156902
0.0260254

0.693097
-0.0695007
0.717486
0.851874
0.000871486

0.118096
0.711043
-0.69316
0.999289
2.79379e-07

0.0146938
0.479862
0.877221
0.0358826
0.0836977

-0.0146938
-0.479862
-0.877221
-0.0711672
0.10326

0.36591
-0.282231
-0.886823
-0.605237
0.249253

-0.36591
0.282231
0.886823
0.302683
0.0470563

0.153277
0.0911706
-0.983968
0.40448
0.0146854

-0.153277
-0.0911706
0.983968
0.640842
0.00534679

0.0268529
-0.622644
-0.782044
-5.49744
7.75373

-0.0268529
0.622644
0.782044
0.768692
0.00991025

0.199257
0.521234
0.829826
0.773217
0.00191891

-0.199257
-0.521234
-0.829826
0.308272
0.0178154

-0.585914
-0.242814
0.77314
0.726951
0.00434338

-0.707533
0.324967
0.62753
-1.74702
1.24052

0.707533
-0.324967
-0.62753
-0.174399
0.226894

0.608633
-0.356557
-0.708825
-0.519505
0.140204

-0.608633
0.356557
0.708825
0.787756
0.00279163

0.882739
-0.449879
-0.135579
0.955677
5.41931e-05

-0.882739
0.449879
0.135579
0.0967475
0.0223089

-0.188437
0.00279293
0.982081
0.459511
0.0108133

0.188437
-0.00279293
-0.982081
0.684394
0.00368823

0.629572
0.63724
-0.444482
0.144848
0.101927

-0.629572
-0.63724
0.444482
-1.57968
0.927381

0.0375349
-0.0999252
0.994287
0.983772
0.000135498

-0.159011
-0.559618
-0.813353
-1.28484
0.459185

0.540347
0.223586
-0.811193
-0.34882
0.0866373

-0.540347
-0.223586
0.811193
0.877495
0.000759558

0.699217
0.592664
0.399807
-0.134397
0.103222

-0.699217
-0.592664
-0.399807
0.289029
0.0405719

-0.682495
-0.045819
0.729453
0.785063
0.00452473

0.682495
0.045819
-0.729453
-1.88969
0.806133

-0.0935887
-0.604391
0.791172
0.925539
0.000765402

0.0935887
0.604391
-0.791172
-1.02522
0.236331

-0.547404
-0.653336
-0.522973
-0.904389
0.197324

0.547404
0.653336
0.522973
0.929198
0.000457931

-0.0473005
0.862875
-0.5032
-2.99617
2.19563

0.0473005
-0.862875
0.5032
0.667477
0.0152497

-0.402245
0.864961
0.300069
0.474092
0.00594263

-0.612832
0.319158
0.722893
0.657605
0.00573263

0.612832
-0.319158
-0.722893
0.193783
0.031434

-0.121367
-0.371891
0.920308
-0.655001
0.542674

0.121367
0.371891
-0.920308
-1.94224
1.71484

0.291739
-0.325566
0.899386
0.818835
0.00343832

-0.472679
-0.481946
0.737769
0.299147
0.0628369

0.602013
-0.310853
-0.735493
0.518047
0.00543227

0.421477
-0.83332
0.357679
0.451298
0.0228803

-0.421477
0.83332
-0.357679
-0.256931
0.119937

-0.082334
0.587708
0.804873
0.800687
0.00433345

-0.105127
-0.481085
0.870348
0.909363
0.000476374

0.855467
0.499654
0.136097
0.807656
0.00293872

-0.667715
-0.56257
0.487517
0.237198
0.0109698

0.667715
0.56257
-0.487517
0.988081
4.38615e-06

0.838295
0.125796
0.530506
0.206903
0.0563522

-0.838295
-0.125796
-0.530506
-0.268549
0.144137

0.88427
-0.466976
0
0.0229769
0.149919

-0.88427
0.466976
0
-1.34729
0.751494

-0.340339
-0.378471
0.860772
-8.05305
22.3164

0.340339
0.378471
-0.860772
0.566799
0.0512864

-0.202875
-0.27544
-0.939667
-0.5289
0.27612

0.202875
0.27544
0.939667
-0.15979
0.159042

-0.55967
0.68701
0.463452
0.0493618
0.0475685

0.55967
-0.68701
-0.463452
0.665683
0.00591159

0.683078
-0.608376
-0.404084
0.051492
0.0950387

-0.683078
0.608376
0.404084
-0.478869
0.231015

0.357293
0.419363
0.834552
0.97479
6.3438e-05

0.296146
0.230555
0.926899
0.261336
0.0480957

0.341076
-0.666175
0.663232
0.989903
7.61515e-06

-0.211129
0.309679
0.927105
0.727571
0.008483

-0.410198
0.0642495
-0.90973
0.995816
8.62907e-07

-0.879428
-0.174597
-0.442858
-0.200213
0.103038

0.879428
0.174597
0.442858
0.49291
0.018428

-0.0174643
-0.927838
-0.372575
0.498785
0.0207505

0.392974
-0.615891
0.682825
0.382374
0.0473599

-0.392974
0.615891
-0.682825
-1.59555
0.834034

0.713181
0.70098
0
-7.32261
14.8273

-0.713181
-0.70098
0
0.786942
0.0136763

-0.604588
-0.1494
0.782402
0.756103
0.00526321

-0.215364
0.504266
0.836262
-0.62753
0.653807

0.215364
-0.504266
-0.836262
-3.35802
4.68762

-0.0277846
0.418867
0.907622
0.905254
0.00243685

0.0277846
-0.418867
-0.907622
-10.8143
37.1525

0.593946
0.575136
-0.562536
-0.454952
0.120497

-0.593946
-0.575136
0.562536
0.810272
0.00208097

0.531975
-0.764371
0.364335
0.417385
0.02525

-0.531975
0.764371
-0.364335
-0.158715
0.0997806

-0.539821
-0.195433
0.818779
0.966067
0.000118065

-0.771059
0.0079989
-0.636713
-2.08934
0.943742

0.771059
-0.0079989
0.636713
0.806915
0.00369778

0.387011
0.718466
0.577952
0.260646
0.0132478

-0.387011
-0.718466
-0.577952
0.950569
6.8653e-05

0.912805
0.408395
0
0.793334
0.00101244

-0.912805
-0.408395
0
0.765723
0.00127032

-0.800111
0.45978
-0.385258
-4.51669
6.9978

0.800111
-0.45978
0.385258
0.117329
0.179161

0.240774
-0.214979
0.946473
0.935781
0.00107224

-0.50651
0.338682
0.792933
0.897021
0.000800173

0.223338
-0.351646
0.909101
0.902483
0.00146942

-0.223338
0.351646
-0.909101
-5.24111
5.96899

-0.683705
-0.0026446
0.729754
0.69205
0.0332808

0.683705
0.0026446
-0.729754
-12.4143
62.9628

0.872548
0.488528
0
-1.59555
0.789511

-0.872548
-0.488528
0
0.382374
0.0719518

0.925375
-0.222715
-0.306723
-0.177967
0.183991

-0.925375
0.222715
0.306723
-0.872731
0.464966

-0.859039
-0.511909
0
0.996986
2.27086e-06

-0.0977938
-0.154386
0.983159
0.950681
0.000475842

0.52708
0.179869
0.830562
0.818521
0.00154085

-0.635439
0.107268
0.764664
-1.00155
0.414353

0.635439
-0.107268
-0.764664
0.408805
0.0361865

0.405836
0.0285794
-0.913499
-11.0921
37.4008

-0.405836
-0.0285794
0.913499
0.949669
0.000648493

-0.899506
-0.436909
0
0.792035
0.00262276

0.899506
0.436909
0
0.229966
0.0252508

0.142475
-0.00932842
0.989754
-2.31002
2.20486

-0.142475
0.00932842
-0.989754
-0.471117
0.436016

0.00307732
-0.741604
0.670831
0.745607
0.00389641

-0.00307732
0.741604
-0.670831
-0.34574
0.107446

-0.148436
-0.678012
-0.719907
0.666491
0.00439768

0.148436
0.678012
0.719907
0.422594
0.0131481

0.632884
0.0388572
0.773271
0.777104
0.00686912

0.828001
0.4481
0.337076
0.587053
0.0134324

-0.828001
-0.4481
-0.337076
-0.600566
0.201476

0.256535
-0.156421
0.953794
0.38258
0.0758522

-0.256535
0.156421
-0.953794
-4.22512
5.41077

0.558683
-0.568036
0.604325
-0.325528
0.327154

-0.558683
0.568036
-0.604325
-2.11645
1.80745

-0.329453
0.24207
-0.912613
-0.985745
0.295942

0.329453
-0.24207
0.912613
0.768857
0.00411398

0.529613
0.486608
-0.694783
0.447471
0.00803995

-0.529613
-0.486608
0.694783
0.868932
0.000452711

-0.741796
0.208109
-0.637518
-1.73638
0.824887

0.741796
-0.208109
0.637518
0.606896
0.0171722

0.888191
0.337201
-0.312111
-1.78898
0.881853

-0.888191
-0.337201
0.312111
0.587425
0.0193189

0.160777
-0.074184
0.984199
0.965735
0.000202671

0.752343
-0.101221
0.650949
-0.173073
0.0389334

-0.752343
0.101221
-0.650949
0.984239
1.10641e-05

0.252092
-0.403971
0.87935
0.86526
0.000941737

0.875591
0.483054
0
-0.10137
0.144218

0.180299
0.239683
0.953962
0.172495
0.0681009

-0.180299
-0.239683
-0.953962
-0.471123
0.214596

-0.648913
0.723338
0.235998
0.0717084
0.118126

0.648913
-0.723338
-0.235998
-1.37641
0.774017

0.656099
0.690196
-0.305228
0.960896
0.000220128

0.230765
0.648918
-0.725019
-1.71694
1.18145

-0.230765
-0.648918
0.725019
-0.11781
0.200051

0.444304
-0.591604
0.672755
0.990166
4.84082e-05

0.935904
0.163486
0.312019
0.523249
0.0210575

-0.935904
-0.163486
-0.312019
-0.907013
0.336838

-0.806886
-0.481486
0.342208
-0.177966
0.183997

0.0457814
0.380359
-0.923705
-0.760827
0.401965

-0.0457814
-0.380359
0.923705
-0.205994
0.188757

0.0607161
-0.436124
-0.897836
-10.8143
37.1785

-0.0607161
0.436124
0.897836
0.905254
0.00239626

-0.413693
0.0731649
0.907472
-0.659094
0.349335

0.413693
-0.0731649
-0.907472
-0.232979
0.193095

0.882967
-0.389164
0.262527
0.874221
0.000720601

-0.882967
0.389164
-0.262527
-0.247201
0.0703823

-0.653146
-0.735234
-0.181196
0.430538
0.00653947

0.110028
0.984153
-0.139056
-0.0113946
0.0832119

-0.110028
-0.984153
0.139056
0.164136
0.0568367

0.739656
0.261906
-0.619931
-3.92482
3.50366

-0.739656
-0.261906
0.619931
0.790301
0.00639962

-0.321132
0.865328
-0.384814
0.35639
0.193095

0.321132
-0.865328
0.384814
-15.0904
120.651

0.494433
0.226674
-0.83914
0.980426
7.19761e-05

-0.894825
-0.433778
0.105471
-1.4911
0.725157

0.894825
0.433778
-0.105471
0.434693
0.037349

0.686832
-0.0846392
-0.721872
-5.93826
10.4211

-0.686832
0.0846392
0.721872
0.610806
0.0327937

0.27712
0.478829
0.833023
-0.159603
0.0404238

0.0455139
-0.485286
-0.87317
0.194179
0.0407794

-0.0455139
0.485286
0.87317
0.37695
0.0243827

-0.313791
-0.24579
-0.917127
-16.6295
125.295

0.313791
0.24579
0.917127
0.840096
0.0103102

-0.513957
0.502299
0.695373
-1.09917
0.430902

0.513957
-0.502299
-0.695373
0.532936
0.0213338

0.777694
0.356952
-0.517471
0.93841
0.000275356

0.0728651
-0.753793
-0.653059
-1.03005
0.353811

-0.0728651
0.753793
0.653059
0.660262
0.00998329

0.142661
-0.388777
0.91022
0.879607
0.00465433

-0.877227
0.459421
0.139303
-1.89988
1.30116

0.877227
-0.459421
-0.139303
0.0688088
0.134175

-0.503483
-0.656123
-0.562146
0.239365
0.0620642

0.503483
0.656123
0.562146
-0.800323
0.347569

0.537633
0.657355
0.528049
0.924076
0.000320831

-0.537633
-0.657355
-0.528049
-0.833566
0.179869

0.502776
0.128855
-0.854759
-3.41336
2.3189

-0.502776
-0.128855
0.854759
0.877407
0.00180261

0.702621
-0.597949
-0.385721
0.731645
0.0025229

-0.702621
0.597949
0.385721
0.444294
0.0108152

0.0659227
0.478094
-0.875831
-1.52027
0.908706

-0.0659227
-0.478094
0.875831
0.0532677
0.128298

-0.213754
-0.69567
-0.685823
0.940485
0.000105643

0.0966059
-0.509695
0.854914
0.871573
0.00099205

-0.0966059
0.509695
-0.854914
-0.791873
0.190526

-0.973277
0.229636
0
0.414412
0.0215812

0.973277
-0.229636
0
0.255867
0.0341027

-0.576175
0.659113
0.483315
0.125927
0.0478443

0.576175
-0.659113
-0.483315
0.435997
0.0199275

-0.789127
0.0957333
0.606723
0.548635
0.0452126

0.789127
-0.0957333
-0.606723
-5.82622
10.3193

-0.85693
-0.136971
-0.4969
0.82414
0.000710017

0.85693
0.136971
0.4969
0.642573
0.0029148

0.112343
-0.269531
0.956416
-3.08615
1.62193

-0.112343
0.269531
-0.956416
0.948887
0.000282063

0.130892
-0.209771
-0.96895
0.339657
0.0463744

-0.130892
0.209771
0.96895
-0.953559
0.405852

0.449347
0.762114
-0.466121
0.874993
0.0008689

-0.449347
-0.762114
0.466121
-0.587051
0.135679

0.457486
-0.724707
0.515273
0.574435
0.00639536

-0.457486
0.724707
-0.515273
0.63138
0.00480636

0.354334
0.761671
-0.542498
0.0436187
0.0347317

-0.354334
-0.761671
0.542498
0.869954
0.00066244

0.8045
0.00908592
0.593884
-3.30522
5.65266

-0.8045
-0.00908592
-0.593884
-1.71385
2.24651

-0.407498
0.363657
0.837675
0.623693
0.0118871

0.407498
-0.363657
-0.837675
-0.832763
0.278923

0.916615
-0.11781
-0.382017
-0.513289
0.294782

-0.916615
0.11781
0.382017
-0.403274
0.25348

-0.626143
0.771209
0.114809
-0.354095
0.227437

0.626143
-0.771209
-0.114809
-0.456266
0.263053

0.604993
0.484701
-0.631702
-0.795439
0.274323

-0.604993
-0.484701
0.631702
0.580566
0.0149758

0.256448
-0.782743
0.567051
0.610804
0.0328065

0.440534
-0.48698
-0.754175
0.387034
0.223865

-0.440534
0.48698
0.754175
-21.0668
289.861

-0.0720717
-0.9974
0
-11.0888
59.5919

0.0720717
0.9974
0
0.067225
0.355047

0.93427
0.356567
0
-0.575728
0.19096

-0.93427
-0.356567
0
0.6289
0.0148253

-0.439541
0.388776
0.809727
0.784063
0.000376876

-0.698752
0.186406
0.690651
0.633424
0.0111125

0.698752
-0.186406
-0.690651
-0.841598
0.279921

-0.273412
0.635201
0.722333
0.528837
0.00811871

0.273412
-0.635201
-0.722333
0.6493
0.00452663

0.586227
-0.285707
0.758096
0.666274
0.0117397

-0.586227
0.285707
-0.758096
-1.72429
0.775447

0.468628
0.521331
0.713163
0.665776
0.0186092

-0.468628
-0.521331
-0.713163
-4.1271
4.35629

-0.378915
0.187832
0.906169
0.916485
0.000857181

0.378915
-0.187832
-0.906169
-3.8784
2.88959

0.796066
-0.0345236
-0.604225
0.0620193
0.0668062

-0.796066
0.0345236
0.604225
0.214881
0.046813

0.0977537
0.1423
0.984985
0.963725
0.000226708

0.149398
-0.0599644
0.986957
0.991968
4.62123e-06

0.881416
0.472341
0
0.980695
0.000189101

-0.71651
0.697577
0
0.568609
0.0200771

0.71651
-0.697577
0
-0.785577
0.275439

-0.644353
-0.318328
0.695324
0.612015
0.0202062

0.644353
0.318328
-0.695324
-2.63892
1.7752

-0.15124
0.507538
0.848252
0.846065
0.00135936

0.15124
-0.507538
-0.848252
-0.592313
0.144723

-0.581923
0.0813209
0.809168
0.779996
0.0054182

0.581923
-0.0813209
-0.809168
-2.42297
1.29161

-0.285492
0.958381
0
0.772473
0.00558054

0.285492
-0.958381
0
-2.0312
0.93061

-0.502317
-0.201992
-0.84076
0.967444
1.1922e-05

0.502317
0.201992
0.84076
0.814182
0.000293706

0.344557
-0.0671718
0.936359
0.874271
0.00202238

-0.344557
0.0671718
-0.936359
-3.74436
2.85629

0.154033
0.988066
0
-1.18892
0.373074

0.402801
0.664364
-0.62958
-1.26512
0.319808

-0.402801
-0.664364
0.62958
0.930029
0.000309283

0.681944
0.144129
-0.717063
-1.6549
0.849398

-0.681944
-0.144129
0.717063
0.451463
0.0362942

-0.158625
0.882178
-0.443397
-0.0532813
0.0823433

0.158625
-0.882178
0.443397
0.345205
0.0318535

-0.0415938
-0.878589
0.475765
0.425295
0.0436683

0.0415938
0.878589
-0.475765
-1.98172
1.17503

0.251479
0.300505
0.92003
0.948919
0.00191549

-0.251479
-0.300505
-0.92003
-36.2376
1014.45

-0.0571354
-0.778126
-0.625504
-0.972773
0.346118

0.0571354
0.778126
0.625504
0.600516
0.0142119

0.791864
-0.435571
0.428053
-0.131629
0.218005

-0.791864
0.435571
-0.428053
-1.98823
1.5196

0.209776
-0.0734893
-0.974984
-0.0708892
0.115135

-0.247431
0.471799
-0.846276
0.892449
0.000695711

0.247431
-0.471799
0.846276
-0.770327
0.176492

-0.445401
0.809446
0.382642
-0.0259104
0.0763938

0.445401
-0.809446
-0.382642
0.355747
0.0301321

0.276245
-0.703169
0.655165
0.587386
0.00801966

-0.315114
-0.672521
-0.669641
-3.39638
3.2679

0.315114
0.672521
0.669641
0.457275
0.0498029

-0.332148
0.063055
0.941117
0.342727
0.013948

0.88546
0.026156
0.463979
-0.143106
0.0728135

0.843362
0.0537331
-0.534653
-7.59623
15.5262

-0.843362
-0.0537331
0.534653
0.869785
0.0035851

0.509845
0.793507
0.332272
0.414726
0.0343416

-0.509845
-0.793507
-0.332272
-0.912536
0.366415

-0.0993768
-0.99082
-0.0916554
-1.53871
0.403511

0.0993768
0.99082
0.0916554
0.959208
0.000104386

-0.642314
0.403488
-0.651637
0.995788
2.22006e-06

0.970604
-0.0832207
-0.225836
0.380476
0.0414252

-0.970604
0.0832207
0.225836
-1.08228
0.467824

0.306699
-0.0918102
0.947368
0.146032
0.0667847

-0.306699
0.0918102
-0.947368
-0.241801
0.141219

0.110582
-0.63207
-0.766981
-2.21807
1.85924

-0.110582
0.63207
0.766981
-0.158506
0.241225

-0.577912
-0.7052
0.410745
0.959426
0.000808434

0.706863
-0.490519
-0.509643
-1.59118
0.672928

-0.706863
0.490519
0.509643
0.673744
0.0107136

0.627098
0.0585465
-0.776737
-0.254224
0.243322

-0.627098
-0.0585465
0.776737
-1.34863
0.852466

0.749146
0.662405
0
-0.590392
0.473482

-0.749146
-0.662405
0
-1.73973
1.40327

-0.215665
-0.753632
0.620908
0.512182
0.00773256

0.800441
0.103828
0.59035
0.102369
0.0959313

-0.800441
-0.103828
-0.59035
-0.909022
0.433437

-0.727679
-0.503378
0.465934
-0.373046
0.288648

0.727679
0.503378
-0.465934
-1.14537
0.704537

0.581813
-0.584569
0.565484
0.30857
0.00871531

-0.706989
-0.299118
0.640855
0.535483
0.0316314

0.706989
0.299118
-0.640855
-2.8173
2.1292

0.211249
-0.295678
0.931637
0.491067
0.0180748

-0.211249
0.295678
-0.931637
-0.126559
0.0878376

-0.0643208
0.282741
-0.957037
0.905141
0.000812292

0.0643208
-0.282741
0.957037
-2.30201
0.977313

0.338442
0.827393
-0.448194
-2.39687
1.68911

-0.338442
-0.827393
0.448194
0.397791
0.0531484

-0.56862
-0.564332
-0.598499
0.292506
0.0158643

0.56862
0.564332
0.598499
0.860191
0.000627527

-0.770632
-0.545218
-0.329945
0.0805521
0.0983258

0.770632
0.545218
0.329945
-0.802121
0.377614

0.349394
0.330435
-0.876776
-1.60053
0.496368

0.727047
0.197184
-0.657663
-11.7835
61.556

-0.727047
-0.197184
0.657663
0.445162
0.115967

-0.547143
0.787971
-0.282377
-0.357587
0.114649

0.547143
-0.787971
0.282377
0.71432
0.00525552

0.365008
-0.219217
0.904828
0.731828
0.0304316

-0.365008
0.219217
-0.904828
-16.1631
124.106

-0.663429
-0.0493422
0.746611
0.928757
0.000271607

0.663429
0.0493422
-0.746611
-0.735747
0.152337

0.0263641
-0.44668
0.894305
0.873624
0.0037816

-0.904799
-0.239613
-0.352029
-0.149313
0.0633152

0.904799
0.239613
0.352029
0.81611
0.00163259

-0.301271
-0.698077
-0.649558
-0.122103
0.122685

0.301271
0.698077
0.649558
-0.0482993
0.107366

-0.127252
-0.742962
0.657125
-0.0871594
0.148625

0.127252
0.742962
-0.657125
-0.813819
0.413388

-0.487412
0.390096
-0.781188
0.268621
0.0419075

-0.991747
-0.128207
0
-1.35991
0.515865

0.991747
0.128207
0
0.687944
0.00913068

-0.663773
-0.158601
-0.730924
-1.34729
0.765555

0.663773
0.158601
0.730924
0.0229769
0.13268

0.325699
-0.0447299
-0.944415
-13.6422
64.7371

-0.325699
0.0447299
0.944415
0.955796
0.00059604

-0.0711201
0.0525434
0.996083
0.878959
0.000613655

0.0444475
-0.766837
-0.640301
-1.8383
0.797455

-0.0444475
0.766837
0.640301
0.751698
0.00610943

-0.346342
0.425319
-0.836152
-6.80919
10.9877

0.346342
-0.425319
0.836152
0.923615
0.00105486

-0.0198369
0.199385
0.97972
0.987574
7.33591e-05

-0.120888
0.136571
0.983227
0.664543
0.00388143

0.120888
-0.136571
-0.983227
0.58501
0.00588184

-0.312368
-0.519881
0.795079
0.593069
0.00956856

0.312368
0.519881
-0.795079
0.0466552
0.0520221

-0.228615
0.883488
-0.408881
-0.475173
0.200815

0.228615
-0.883488
0.408881
0.299925
0.0452649

-0.814782
-0.0476608
-0.577806
0.744153
0.00300223

0.814782
0.0476608
0.577806
0.10054
0.0370773

-0.492403
0.427326
-0.758243
-1.23295
0.346231

0.492403
-0.427326
0.758243
0.876376
0.00110236

-0.967057
0.127367
-0.220406
-0.522528
0.149277

-0.670293
0.672068
-0.314694
0.1633
0.0478375

0.670293
-0.672068
0.314694
0.287072
0.0347376

0.196548
0.952836
-0.231243
-1.21689
0.290532

0.866857
0.434887
0.243788
0.329248
0.0253883

-0.866857
-0.434887
-0.243788
0.39259
0.0208218

0.00446354
0.16444
0.986377
0.981344
0.000248242

-0.618995
-0.353978
0.701102
0.80627
0.0106826

0.618995
0.353978
-0.701102
-10.387
36.7085

-0.418462
-0.412474
-0.809169
-0.790926
1.02886

0.418462
0.412474
0.809169
-5.29623
12.71

0.657176
-0.121983
0.743801
0.736264
0.00276921

-0.657176
0.121983
-0.743801
0.33195
0.0174208

0.470021
-0.731148
0.494473
0.102839
0.0610284

-0.598746
0.289975
-0.746605
0.405893
0.0819058

0.598746
-0.289975
0.746605
-5.60117
10.1092

-0.325228
0.226638
0.918075
0.941368
0.000533661

0.325228
-0.226638
-0.918075
-5.40829
6.01681

-0.404931
-0.523604
-0.74958
0.984791
7.14426e-06

0.404931
0.523604
0.74958
-0.241746
0.045468

-0.156336
0.259004
0.95314
0.92592
0.00124638

0.156336
-0.259004
-0.95314
-9.16561
23.4393

-0.615754
-0.531305
-0.581861
0.0634654
0.04899

0.615754
0.531305
0.581861
0.605103
0.00875752

0.800206
-0.151982
0.580148
0.660653
0.00702816

0.80149
0.21113
0.559498
0.633779
0.00253784

0.591682
0.806171
0
0.342638
0.0276019

-0.591682
-0.806171
0
0.207422
0.0401213

0.477573
0.761056
0.438996
0.403479
0.0455244

-0.477573
-0.761056
-0.438996
-1.77771
0.985913

-0.205283
-0.146423
-0.967687
-0.602684
0.398992

0.205283
0.146423
0.967687
-0.922479
0.573886

0.158806
0.578598
-0.800003
-0.965954
0.533371

-0.158806
-0.578598
0.800003
-0.213671
0.203321

-0.00701497
-0.74529
-0.666703
0.77484
0.00219678

-0.397218
-0.101487
-0.912096
-1.16979
0.530825

0.397218
0.101487
0.912096
0.349315
0.0479696

0.439888
-0.839748
-0.318312
-0.423378
0.181896

-0.439888
0.839748
0.318312
0.311182
0.0426203

0.184138
0.674029
0.715387
0.285447
0.0109216

-0.501127
-0.384446
-0.775289
-1.36714
0.428463

0.501127
0.384446
0.775289
0.846195
0.0018618

0.391457
-0.0401943
0.919318
0.900057
0.000290133

-0.956534
-0.29162
0
-0.0364697
0.12164

0.956534
0.29162
0
-0.321201
0.190165

-0.376146
0.0669985
0.924135
0.774317
0.0057465

0.376146
-0.0669985
-0.924135
-2.41311
1.28911

-0.983024
-0.168955
0.0715422
-4.38394
4.47756

0.983024
0.168955
-0.0715422
0.794362
0.00653311

0.215832
0.847561
-0.484826
0.0204642
0.0646131

-0.215832
-0.847561
0.484826
0.445825
0.021243

-0.216736
0.439258
-0.871825
-11.0842
37.3889

0.216736
-0.439258
0.871825
0.948602
0.000682351

-0.206864
-0.135518
0.968939
0.971846
6.81602e-05

-0.865399
-0.335305
0.372365
0.306877
0.0589693

0.865399
0.335305
-0.372365
-1.39056
0.700968

0.211747
0.149816
-0.965773
0.698155
0.00986877

-0.044407
0.616688
0.785954
-0.184127
0.101919

0.044407
-0.616688
-0.785954
0.464607
0.0209464

0.177328
-0.916369
0.358919
0.196907
0.0262007

-0.177328
0.916369
-0.358919
0.777368
0.002036

0.522463
0.258581
0.812507
0.749534
0.00269101

-0.348318
-0.328432
-0.877956
-2.49705
1.14198

0.348318
0.328432
0.877956
0.907778
0.000836585

-0.11992
0.736255
-0.665993
-10.156
56.4399

0.11992
-0.736255
0.665993
-0.650295
1.23517

-0.394434
0.0078116
0.918891
0.719716
0.00914581

0.394434
-0.0078116
-0.918891
-2.32534
1.26867

0.592939
-0.204797
0.778769
0.866624
0.00214525

0.0265231
0.338704
-0.940519
0.0288978
0.0727213

-0.0265231
-0.338704
0.940519
0.224523
0.0464581

-0.596713
0.425642
-0.680266
-1.50759
0.65721

0.596713
-0.425642
0.680266
0.598785
0.0168284

0.267626
0.643025
-0.717562
0.95708
0.00134161

-0.0300068
0.280235
0.959462
0.86708
0.00179899

0.0300068
-0.280235
-0.959462
-2.39335
1.12554

-0.340699
0.568894
-0.748521
0.779526
0.00291769

-0.376998
-0.752985
0.539339
0.509107
0.00447659

0.431713
0.770057
0.469719
0.986724
1.9438e-05

-0.886834
0.296257
0.354624
0.332838
0.0379449

0.886834
-0.296257
-0.354624
-0.329709
0.15063

0.732132
0.491994
0.471089
0.908444
0.000370799

-0.732132
-0.491994
-0.471089
-0.298478
0.0722561

-0.165853
0.420292
-0.892103
-1.02494
0.299875

0.165853
-0.420292
0.892103
0.798798
0.00304895

-0.202094
-0.546701
0.812574
0.927988
0.000321955

0.202094
0.546701
-0.812574
-1.17839
0.288172

-0.565271
-0.370382
-0.737079
-3.20765
2.67057

0.565271
0.370382
0.737079
0.59274
0.0250496

-0.760749
-0.0290692
-0.648395
0.911917
0.000689633

0.760749
0.0290692
0.648395
-2.32083
0.979965

-0.744684
-0.667418
0
0.490393
0.0372915

0.744684
0.667418
0
-2.04506
1.17801

0.411953
-0.651824
0.636726
0.94084
0.000271936

-0.411953
0.651824
-0.636726
-1.94089
0.64918

-0.29692
-0.0595651
0.953043
0.512915
0.0334431

0.29692
0.0595651
-0.953043
-2.51808
1.73247

0.297888
-0.537989
0.788562
0.844264
0.00180133

-0.297888
0.537989
-0.788562
-1.26641
0.381429

0.222217
0.96447
-0.14289
-3.43756
4.76116

-0.222217
-0.96447
0.14289
-0.504308
0.54734

-0.165895
-0.640522
-0.749807
0.89558
0.00138946

0.444997
0.859607
-0.251106
0.866423
0.00167635

0.951992
0.0280827
0.304832
0.479381
0.0143888

0.135077
-0.480923
0.866295
-0.148305
0.0504865

-0.135077
0.480923
-0.866295
0.916886
0.00029993

-0.186027
-0.426701
-0.885054
0.998012
4.2199e-07

0.622913
-0.0975089
0.77619
-23.5564
300.004

-0.622913
0.0975089
-0.77619
0.942506
0.0016657

-0.293362
0.0119496
-0.955927
-1.49463
1.00822

0.293362
-0.0119496
0.955927
-0.293216
0.271296

1
0
0
-0.393714
0.63507

-1
0
0
0.135455
0.589817

-0.649825
0.554788
0.519556
0.96845
5.06472e-05

-0.294124
-0.599781
-0.744146
-0.346129
0.243152

0.294124
0.599781
0.744146
-0.703678
0.389322

0.48699
0.0421584
0.87239
0.91671
0.00044326

-0.48699
-0.0421584
-0.87239
-1.00491
0.235278

-0.877978
0.0602523
0.474894
0.49789
0.0481854

0.877978
-0.0602523
-0.474894
-4.37799
5.52064

0.136065
0.190107
0.972289
0.939396
0.000598349

-0.396276
0.0499069
0.916774
0.95542
0.000527443

0.396276
-0.0499069
-0.916774
-11.1367
37.3991

-0.306847
0.60748
0.732676
0.677562
0.00773061

0.306847
-0.60748
-0.732676
-0.677994
0.20922

0.459985
-0.237335
0.85562
0.307248
0.0350291

-0.459985
0.237335
-0.85562
0.0255023
0.0693113

-0.188282
0.689736
-0.699152
0.858865
0.000400958

0.188282
-0.689736
0.699152
0.714861
0.0015495

-0.572639
-0.589529
-0.569684
0.85278
0.000781645

-0.0836665
0.846206
-0.526247
0.50835
0.0157614

0.0836665
-0.846206
0.526247
-0.0401868
0.0703544

-0.542289
0.723224
0.427633
0.896469
0.000193641

-0.437231
-0.771791
0.461701
-0.221088
0.147669

0.437231
0.771791
-0.461701
-0.026052
0.104285

-0.570238
0.302269
0.763847
-0.214858
0.123022

-0.384067
-0.704603
0.596679
-2.56098
1.7484

0.276419
-0.539517
0.795308
-0.308256
0.205018

-0.276419
0.539517
-0.795308
-0.403368
0.235872

0.702362
0.538973
-0.464968
0.988605
7.82255e-06

-0.772361
-0.376974
-0.511224
0.766707
0.00636258

0.537826
-0.401223
-0.74146
0.225397
0.0403021

0.415798
-0.140661
0.898513
0.633806
0.0137577

-0.415798
0.140661
-0.898513
-1.54521
0.664461

-0.172617
0.958848
0.225422
0.898882
0.000926785

-0.583201
-0.00486371
0.812314
0.907891
0.00173842

0.583201
0.00486371
-0.812314
-7.75615
15.6267

0.847965
0.197704
-0.491802
-2.06483
1.19969

-0.847965
-0.197704
0.491802
0.509625
0.0307734

-0.018761
0.0917203
0.995608
0.796339
0.00383189

0.112455
0.178199
0.977547
0.97018
0.000170391

-0.112455
-0.178199
-0.977547
-8.13238
15.7996

0.108594
0.567513
0.816172
-1.11229
0.51883

-0.108594
-0.567513
-0.816172
0.265355
0.0627707

0.45129
-0.530245
0.717759
0.710967
0.00492584

0.59399
0.439966
0.673503
0.520402
0.0219701

0.496355
0.732092
0.466554
0.529666
0.0097245

-0.496355
-0.732092
-0.466554
0.478855
0.0119316

0.245055
-0.258266
0.934477
0.930249
0.000759741

-0.480869
0.837093
-0.260846
-1.08459
0.760339

0.480869
-0.837093
0.260846
-0.881323
0.619295

0.410085
-0.255061
-0.875657
0.388131
0.0138561

-0.410085
0.255061
0.875657
0.732767
0.00265089

-0.8904
-0.279698
0.359105
0.492934
0.0101993

-0.599436
0.28998
-0.746048
-0.860769
0.194714

0.599436
-0.28998
0.746048
0.909301
0.00046997

0.44365
0.334274
-0.831526
-0.32805
0.0904388

-0.44365
-0.334274
0.831526
0.83502
0.00145688

0.331308
0.699723
-0.632947
0.934898
0.00111612

0.015488
0.769537
0.638415
0.355375
0.018862

-0.015488
-0.769537
-0.638415
0.599485
0.00728287

0.278455
0.960449
0
0.540117
0.012128

-0.783789
0.588081
-0.199588
0.335282
0.0536595

0.783789
-0.588081
0.199588
-1.41167
0.706174

0.596539
-0.690017
-0.409901
0.895158
0.000460258

0.33628
0.166762
-0.92688
0.329391
0.0281826

-0.0317274
0.530342
-0.84719
-2.09952
1.0676

0.0317274
-0.530342
0.84719
0.699295
0.0101679

0.403732
0.243714
-0.881819
0.948243
0.000284908

-0.790485
0.454221
0.410874
0.691859
0.00716851

0.790485
-0.454221
-0.410874
-0.755847
0.232544

-0.13299
-0.400167
-0.906741
0.177666
0.0330875

-0.136551
-0.930538
-0.339784
0.772842
0.00601781

0.136551
0.930538
0.339784
-2.63452
1.53669

0.298737
-0.275483
0.913709
0.884479
0.00318902

-0.298737
0.275483
-0.913709
-8.96071
23.2753

-0.341099
0.0364659
-0.93932
0.452273
0.00990333

0.341099
-0.0364659
0.93932
0.762194
0.00186829

0.181497
-0.370732
-0.910833
0.965509
5.86675e-05

0.548879
-0.703432
0.451569
0.891689
0.00156728

-0.548879
0.703432
-0.451569
-4.19122
3.59274

-0.684852
-0.646217
0.336722
0.451298
0.0228768

0.684852
0.646217
-0.336722
-0.256931
0.119932

0.830038
0.557707
0
-3.03143
2.51602

-0.830038
-0.557707
0
0.452799
0.0552745

-0.833305
-0.227798
0.503697
0.511488
0.0166373

0.833305
0.227798
-0.503697
-0.173651
0.095775

-0.265329
-0.122413
-0.956355
0.979238
2.60013e-05

0.265329
0.122413
0.956355
-0.375673
0.0638609

0.206242
-0.689273
0.694526
0.564857
0.0106917

0.341218
0.14582
0.928605
0.936038
0.000661768

0.0814644
0.872376
0.482
0.570925
0.0153949

-0.0814644
-0.872376
-0.482
-0.71631
0.245588

0.0660491
-0.719602
-0.691239
0.905261
0.000813121

-0.0660491
0.719602
0.691239
-2.30233
0.977285

0.343856
0.603924
0.719054
0.990384
4.83711e-06

-0.125166
0.334427
0.934073
0.880719
0.0107865

-0.429066
-0.857108
-0.285075
0.343251
0.0358429

0.429066
0.857108
0.285075
-0.287228
0.137633

-0.503671
-0.678868
0.534279
0.512939
0.0658244

0.503671
0.678868
-0.534279
-7.946
22.1792

0.628873
0.0584397
0.775309
0.709894
0.00167289

-0.300305
-0.811447
0.501368
0.426987
0.0529412

0.300305
0.811447
-0.501368
-3.00231
2.57909

0.890824
-0.336612
0.305164
0.540347
0.0119859

-0.890824
0.336612
-0.305164
0.1416
0.0417262

-0.494429
-0.32421
0.806491
-4.09234
13.6689

0.494429
0.32421
-0.806491
-5.93122
25.3229

-0.681593
0.152653
0.715631
0.535483
0.0315697

0.681593
-0.152653
-0.715631
-2.8173
2.1298

0.592083
0.0705943
0.802779
-5.4735
6.04028

-0.592083
-0.0705943
-0.802779
0.953651
0.000314179

-0.223913
0.528196
0.819068
0.856514
0.00107271

-0.358372
-0.335617
0.871166
0.897622
0.00176447

0.288173
0.743695
0.60322
0.51162
0.0216945

-0.288173
-0.743695
-0.60322
-0.816471
0.299016

0.590169
-0.374412
0.715203
0.675483
0.00838429

-0.590169
0.374412
-0.715203
-0.410776
0.134463

0.347046
-0.491627
0.798663
0.893397
0.00306415

-0.347046
0.491627
-0.798663
-10.753
37.1193

-0.182162
-0.627131
0.757314
0.806048
0.003949

0.182162
0.627131
-0.757314
-2.26872
1.10344

-0.434749
-0.498411
-0.750053
0.197571
0.0851444

0.434749
0.498411
0.750053
-1.45743
0.796808

0.319402
0.387476
0.86478
0.632221
0.0360309

-0.319402
-0.387476
-0.86478
-8.19451
22.5132

-0.50392
-0.490997
-0.710624
8.98838e-05
0.0711871

0.536355
-0.644606
0.544799
0.862628
0.00196714

-0.577709
0.332437
-0.745479
-4.64208
5.68694

0.577709
-0.332437
0.745479
0.662868
0.0203319

0.908078
-0.4188
0
0.893471
0.00130055

-0.908078
0.4188
0
-3.16132
1.91415

-0.772126
-0.0856923
0.629665
0.702946
0.0134322

0.772126
0.0856923
-0.629665
-3.75285
3.43671

0.613776
-0.419925
-0.668537
-1.6198
0.753872

-0.613776
0.419925
0.668537
0.572731
0.0201503

0.0713984
-0.503575
0.860996
0.826629
0.00234376

-0.0713984
0.503575
-0.860996
-1.23766
0.378338

-0.0553324
0.297538
0.953105
0.777104
0.006801

0.537757
0.399743
0.742309
-0.144208
0.167051

-0.537757
-0.399743
-0.742309
-0.787812
0.407748

0.212471
0.977167
0
0.206904
0.0563334

0.281619
0.413368
0.86592
0.59655
0.0717449

0.42308
0.345711
0.837548
0.829469
0.00195623

0.0906463
-0.425782
0.900274
0.731827
0.006479

-0.0906463
0.425782
-0.900274
-1.41355
0.524196

-0.694128
0.132011
0.707644
0.746358
0.00461151

0.694128
-0.132011
-0.707644
-0.747745
0.215799

-0.663928
-0.395818
0.63445
-1.53006
0.81674

0.663928
0.395818
-0.63445
0.29915
0.0627967

0.383286
-0.812981
-0.438354
0.705729
0.0028482

-0.383286
0.812981
0.438354
0.538177
0.00701453

0.465588
0.318998
-0.825511
-0.0611237
0.0653264

-0.732719
-0.0621776
0.677685
0.591357
0.0286337

0.732719
0.0621776
-0.677685
-4.00589
4.29511

-0.519159
0.613249
-0.595315
-0.579783
0.429049

0.519159
-0.613249
0.595315
-1.35992
0.957176

-0.179726
0.620269
0.763521
0.543609
0.0223919

0.179726
-0.620269
-0.763521
-1.45263
0.646241

-0.389991
0.119291
0.913059
-5.69778
10.1958

0.389991
-0.119291
-0.913059
0.470196
0.0640449

-0.228107
0.0731802
-0.970882
-4.31682
4.44859

0.228107
-0.0731802
0.970882
0.764352
0.00874072

0.522892
-0.0631007
-0.85006
0.587833
0.0157029

-0.119549
0.613169
0.780853
0.838536
0.00390744

0.119549
-0.613169
-0.780853
-4.49427
4.52167

-0.265257
0.367328
0.891465
0.925887
0.000368514

0.661979
0.182642
-0.726929
-0.794323
0.25446

-0.661979
-0.182642
0.726929
0.660809
0.009182

0.903556
-0.0925471
0.418355
0.0190753
0.0509186

-0.903556
0.0925471
-0.418355
0.676005
0.00555561

0.97153
0.0723402
0.225604
-2.8995
3.18734

-0.97153
-0.0723402
-0.225604
-0.278127
0.342853

-0.335685
0.53198
-0.777376
0.0201105
0.0413235

0.335685
-0.53198
0.777376
0.816221
0.00145371

0.081373
-0.582691
-0.80861
-2.43261
1.96438

-0.081373
0.582691
0.80861
0.141845
0.122782

-0.555087
-0.361125
-0.749312
0.945083
0.000442246

0.555087
0.361125
0.749312
-5.42715
6.02884

0.0721268
0.196546
0.977838
-0.168239
0.133346

-0.566627
-0.175486
-0.805071
-13.4933
64.577

0.566627
0.175486
0.805071
0.937269
0.00123456

-0.468971
0.812516
-0.346242
-3.30878
1.9428

0.468971
-0.812516
0.346242
0.937643
0.000411419

0.481066
-0.16988
-0.860067
0.889315
0.000155438

-0.481066
0.16988
0.860067
0.81856
0.000417418

0.424372
0.873169
-0.239758
0.780065
0.0138848

-0.424372
-0.873169
0.239758
-10.2961
36.6074

0.821063
-0.16139
-0.547549
0.493816
0.0217623

-0.821063
0.16139
0.547549
-0.59334
0.214999

-0.0692497
-0.994905
0.0732667
-1.88149
0.719462

0.0692497
0.994905
-0.0732667
0.862636
0.00163576

-0.647365
0.276588
-0.710224
0.90356
0.000770249

-0.476405
0.415775
0.774706
0.907909
0.00228679

0.476405
-0.415775
-0.774706
-10.8286
37.1732

-0.555774
-0.787787
0.26553
0.526276
0.0202021

0.555774
0.787787
-0.26553
-0.827818
0.300529

0.865594
-0.480546
-0.140792
9.05991e-05
0.0710384

-0.865594
0.480546
0.140792
0.365969
0.0285651

-0.347561
-0.867122
0.356793
0.0356971
0.075574

0.347561
0.867122
-0.356793
0.123317
0.0624704

0.48338
-0.629167
-0.608681
-5.66537
7.85133

-0.48338
0.629167
0.608681
0.832064
0.00499336

-0.143105
-0.503195
0.852241
0.873604
0.00148692

0.143105
0.503195
-0.852241
-2.22338
0.96607

0.0780642
-0.361783
-0.928988
0.275932
0.0588654

-0.0780642
0.361783
0.928988
-1.01129
0.454085

0.489581
-0.391509
0.779122
0.82819
0.00195026

-0.489581
0.391509
-0.779122
-0.849804
0.224394

0.635698
-0.676262
0.372235
0.727411
0.00611904

0.408385
0.803907
0.432383
0.554205
0.0146109

-0.166167
-0.638306
0.751634
0.626354
0.00512379

0.166167
0.638306
-0.751634
0.557771
0.00714929

-0.629566
-0.776947
0
0.605323
0.0093858

0.629566
0.776947
0
-0.0672847
0.0685945

0.492408
0.31879
0.809881
0.949668
0.000667693

-0.465561
0.227703
-0.855222
-13.1377
64.1884

0.465561
-0.227703
0.855222
0.878792
0.00473151

0.575215
-0.397834
-0.714741
-36.3296
1014.65

-0.575215
0.397834
0.714741
0.955613
0.00144847

-0.216635
0.915753
-0.338329
0.960889
8.04868e-05

-0.435319
-0.57462
0.693044
0.565351
0.0307441

0.216643
0.41848
-0.882009
0.24368
0.0319245

-0.216643
-0.41848
0.882009
0.487062
0.0147626

0.44324
0.218433
0.869382
0.879765
0.000685284

-0.44324
-0.218433
-0.869382
-0.318196
0.0808498

-0.568833
-0.0957766
0.816857
0.808658
0.0010584

-0.398675
0.552011
-0.732354
-0.714494
0.46652

0.398675
-0.552011
0.732354
-0.88166
0.561867

-0.590611
0.541312
-0.598465
-3.39638
3.26676

0.590611
-0.541312
0.598465
0.457275
0.0498879

-0.0669892
-0.288017
-0.955279
-0.922729
0.183907

0.0669892
0.288017
0.955279
0.958067
9.32052e-05

0.36567
-0.436238
-0.822181
0.973586
9.64921e-05

-0.0610631
0.23041
-0.971176
-0.325083
0.583094

0.0610631
-0.23041
0.971176
-6.81534
20.2616

-0.304653
0.789919
-0.532179
0.411552
0.0158027

0.304653
-0.789919
0.532179
0.54947
0.00926377

0.652943
0.690726
0.310747
0.860496
0.000804311

-0.652943
-0.690726
-0.310747
-0.0479094
0.0452824

0.634914
-0.692759
0.342007
0.550608
0.013201

-0.634914
0.692759
-0.342007
-0.0638698
0.072293

-0.0833347
0.699258
-0.709996
-1.13206
0.522986

0.0833347
-0.699258
0.709996
0.295089
0.0573143

0.771495
0.561235
-0.299683
0.750956
0.00427041

0.320689
-0.137354
0.937172
0.925667
0.000304345

-0.320689
0.137354
-0.937172
-0.837136
0.180043

0.445472
-0.334647
0.830401
0.790661
0.00167086

0.628307
0.495129
0.600065
-1.2016
0.447055

-0.628307
-0.495129
-0.600065
0.642038
0.0118844

0.581044
-0.0837581
0.80955
0.597741
0.0126778

-0.581044
0.0837581
-0.80955
-0.609036
0.20236

0.672569
-0.274786
-0.687127
0.856059
0.00238836

-0.672569
0.274786
0.687127
-3.06244
1.89441

0.729795
-0.496241
-0.47026
-0.208014
0.103585

-0.729795
0.496241
0.47026
0.50621
0.0173121

-0.270815
-0.499121
-0.823127
-1.19797
0.315036

0.270815
0.499121
0.823127
0.901513
0.000632835

0.987198
-0.00545707
0.159406
0.967619
1.92849e-05

0.310385
0.913163
-0.264186
-0.154492
0.0853989

-0.310385
-0.913163
0.264186
0.594272
0.0107297

-0.574013
0.487145
0.658178
0.606209
0.0123644

0.574013
-0.487145
-0.658178
-0.678421
0.224457

-0.824076
-0.566479
0
0.385853
0.0328743

0.824076
0.566479
0
-0.409891
0.169841

0.446506
0.618063
0.647017
0.66844
0.0137009

-0.446506
-0.618063
-0.647017
-2.47046
1.49263

0.198784
0.439078
0.876182
0.979238
0.000166298

-0.198784
-0.439078
-0.876182
-17.6856
126.802

0.727735
-0.679986
0.0895599
0.852799
0.00189724

-0.727735
0.679986
-0.0895599
-1.86161
0.716742

-0.873429
0.486952
0
0.275932
0.0702916

0.873429
-0.486952
0
-1.01129
0.453804

0.388559
0.833396
-0.39303
-0.219482
0.178383

-0.388559
-0.833396
0.39303
-0.505536
0.271852

0.181684
-0.977757
0.1048
-1.87733
1.67939

-0.181684
0.977757
-0.1048
-0.79336
0.652394

-0.363086
0.849462
0.38286
-1.02536
0.548461

0.363086
-0.849462
-0.38286
-0.0891962
0.158663

0.383134
-0.0923659
-0.919063
-17.1557
126.18

-0.383134
0.0923659
0.919063
0.92681
0.00208827

0.918917
0.250859
0.304403
-0.521263
0.496345

-0.918917
-0.250859
-0.304403
-2.60065
2.78031

-0.496411
-0.663535
-0.55973
-1.55263
0.822814

0.496411
0.663535
0.55973
0.328693
0.0570022

0.549175
-0.080562
0.831815
0.823511
0.0021748

-0.549175
0.080562
-0.831815
-0.910702
0.246943

-0.217092
0.574841
-0.788942
0.978765
6.51591e-05

0.217092
-0.574841
0.788942
-5.07692
4.6755

-0.915823
0.401583
0
-1.57968
0.911617

0.915823
-0.401583
0
0.144848
0.112247

-0.22499
0.817989
0.529409
0.665705
0.00276528

0.22499
-0.817989
-0.529409
0.78339
0.00118418

-0.309796
0.00675535
0.950779
0.927492
0.000404424

-0.101583
0.213256
0.971701
-0.755314
0.47761

0.101583
-0.213256
-0.971701
-0.755314
0.47761

-0.547365
-0.589643
0.593897
0.576303
0.0272964

0.547365
0.589643
-0.593897
-3.18508
2.66118

0.916814
0.399315
0
0.574656
0.0217122

-0.916814
-0.399315
0
-1.94561
1.03028

0.161204
-0.761857
0.627365
0.188938
0.0633065

-0.161204
0.761857
-0.627365
-0.418716
0.193672

0.771687
-0.636002
0
-1.31041
0.933099

-0.771687
0.636002
0
-0.697442
0.509757

0.927783
0.229274
0.294367
-0.418576
0.150031

-0.927783
-0.229274
-0.294367
0.562166
0.0143081

0.722733
-0.411538
-0.555242
-3.09573
3.68967

-0.722733
0.411538
0.555242
-0.337378
0.393441

0.440172
0.328879
0.835516
0.812767
0.00234286

-0.440172
-0.328879
-0.835516
-0.82845
0.222671

-0.11235
0.634229
0.764938
0.887623
0.000790158

0.11235
-0.634229
-0.764938
-0.880694
0.2107

-0.783428
-0.107651
0.612088
0.638356
0.0173278

0.783428
0.107651
-0.612088
-2.67439
1.78682

0.199711
0.465661
-0.862134
-0.47536
0.165243

-0.199711
-0.465661
0.862134
0.570291
0.0141563

0.125238
-0.26551
0.955939
0.930581
0.000575804

-0.317923
0.738889
0.594111
0.834971
0.0144005

0.317923
-0.738889
-0.594111
-22.7643
297.876

-0.282139
0.00191849
-0.959372
0.920223
0.000403804

0.897945
0.440109
0
0.51608
0.0421651

-0.897945
-0.440109
0
-2.79394
2.04983

-0.616537
0.0591764
-0.785099
-1.62288
0.678474

0.616537
-0.0591764
0.785099
0.699533
0.00900412

0.369314
0.299521
0.879712
-0.0101846
0.0392073

-0.369314
-0.299521
-0.879712
0.882316
0.00058139

-0.990783
0.13546
0
-2.9607
2.17807

0.990783
-0.13546
0
0.643537
0.0181145

-0.775737
-0.182164
0.604192
0.602434
0.0225094

0.775737
0.182164
-0.604192
-2.90321
2.16195

0.330932
-0.00790277
0.943622
0.95627
0.000131803

-0.34482
0.139923
-0.928181
-0.118841
0.127711

0.34482
-0.139923
0.928181
-0.187674
0.14387

-0.67093
0.741521
0
0.131121
0.116977

0.67093
-0.741521
0
-1.74609
1.08408

-0.896967
0.370255
-0.24158
-0.226158
0.180626

-0.433588
0.256436
-0.863853
-1.28531
0.554068

0.433588
-0.256436
0.863853
0.496494
0.0268985

0.153081
-0.769505
0.620023
0.561171
0.0240546

-0.153081
0.769505
-0.620023
-2.12055
1.21589

-0.668349
0.340165
0.661511
0.646448
0.00525188

0.643744
-0.256083
0.72112
0.795798
0.00456147

-0.643744
0.256083
-0.72112
-2.45127
1.29862

-0.849513
0.277222
0.448861
-0.205994
0.188566

0.849513
-0.277222
-0.448861
-0.760827
0.401881

0.960924
0.243145
0.132308
0.533612
0.0443665

-0.960924
-0.243145
-0.132308
-5.04438
7.45109

-0.952976
0.303047
0
0.638357
0.0225308

0.254503
0.0485342
0.965853
0.817086
0.00273104

-0.254503
-0.0485342
-0.965853
-1.42354
0.477553

-0.513517
-0.740553
-0.433453
0.95853
8.59909e-05

0.146152
0.989262
0
-1.25267
1.15722

-0.146152
-0.989262
0
-1.94223
1.97236

-0.873377
-0.0487017
-0.484604
0.138979
0.0743646

0.873377
0.0487017
0.484604
-0.455132
0.21225

-0.161723
0.0949203
0.982261
0.952879
0.0001631

0.587441
0.0562091
-0.807313
0.266469
0.0205815

-0.587441
-0.0562091
0.807313
0.779406
0.00187674

-0.490083
-0.519484
-0.699968
-4.79253
7.24636

0.490083
0.519484
0.699968
0.356384
0.089481

0.704466
0.67462
-0.220488
-1.5938
0.792454

-0.704466
-0.67462
0.220488
0.463424
0.0339353

0.021093
0.601248
-0.798784
-1.30943
0.50798

-0.021093
-0.601248
0.798784
0.642505
0.0121798

-0.430256
-0.141859
0.891491
0.886615
0.00352403

0.232273
0.030065
0.972186
0.677197
0.00900751

-0.232273
-0.030065
-0.972186
-1.04753
0.356069

0.88709
-0.453874
-0.0840771
0.739954
0.0107938

-0.733601
0.356681
-0.578453
-2.561
1.74846

0.733601
-0.356681
0.578453
0.549821
0.0280241

0.297271
-0.209036
0.93163
0.945324
0.000692881

-0.297271
0.209036
-0.93163
-9.28356
23.4879

-0.583717
0.230796
0.778465
0.806496
0.00329711

0.583717
-0.230796
-0.778465
-1.64287
0.614542

0.488564
0.583381
-0.648823
-2.10055
0.660755

-0.488564
-0.583381
0.648823
0.978624
3.68808e-05

-0.723288
-0.161917
0.671296
0.740345
0.00418012

0.723288
0.161917
-0.671296
-0.424325
0.12571

-0.372171
-0.382468
0.845699
0.759717
0.00384786

0.00990591
-0.680832
0.732373
-8.00094
22.2502

-0.00990591
0.680832
-0.732373
0.541058
0.0579892

0.185128
-0.132209
0.97378
0.701928
0.0185437

-0.0414729
0.227145
0.972978
0.821126
0.00625917

0.0414729
-0.227145
-0.972978
-6.42879
10.785

0.713578
0.271354
0.645889
0.924806
0.000344927

-0.713578
-0.271354
-0.645889
-1.02348
0.236382

-0.0785732
0.794117
-0.602664
0.804141
0.00573658

0.0785732
-0.794117
0.602664
-3.51074
2.6842

0.797311
0.242733
0.552608
0.870954
0.000923984

-0.797311
-0.242733
-0.552608
-0.580804
0.135328

-0.342301
-0.11051
0.933069
0.896297
0.000934788

-0.340089
0.808497
0.480283
0.540276
0.0054726

-0.118056
0
0.993007
0.386512
0.0363605

0.118056
0
-0.993007
-0.728562
0.286763

0.305004
-0.361986
0.880874
0.871277
0.00154606

-0.305004
0.361986
-0.880874
-2.21806
0.965254

-0.480497
-0.807619
-0.341869
-0.373517
0.155129

0.480497
0.807619
0.341869
0.412802
0.0283767

0.0856041
0.706265
-0.702753
0.356385
0.0172096

-0.0856041
-0.706265
0.702753
0.671625
0.00448283

-0.615472
0.747347
0.250332
0.100545
0.0385571

0.615472
-0.747347
-0.250332
0.716696
0.00383261

-0.22255
-0.793731
-0.566094
-3.29779
3.21518

0.22255
0.793731
0.566094
0.371688
0.0687238

-0.190195
-0.20504
0.960096
0.387034
0.223777

0.190195
0.20504
-0.960096
-21.0668
289.907

0.059392
0.703022
-0.708684
0.907154
0.000595005

-0.172206
0.900428
-0.399469
-0.621123
0.12899

0.172206
-0.900428
0.399469
0.920398
0.000318407

0.365116
0.855719
-0.366655
0.466561
0.0044886

-0.318559
-0.881646
-0.348168
0.318584
0.06671

0.318559
0.881646
0.348168
-2.09169
1.37184

0.929487
0.368855
0
0.630052
0.031534

-0.929487
-0.368855
0
-3.63201
3.18238

-0.180916
0.947245
0.26457
0.790726
0.00479574

0.342042
0.717103
0.607265
0.564856
0.0107624

-0.342042
-0.717103
-0.607265
0.108465
0.0449661

0.845193
-0.44772
-0.291884
-0.671732
0.454663

-0.845193
0.44772
0.291884
-1.02278
0.665639

-0.123168
0.254752
-0.95913
-2.80318
4.13339

0.123168
-0.254752
0.95913
-1.72298
2.11887

-0.286021
0.143615
-0.9474
-1.96438
0.518292

0.286021
-0.143615
0.9474
0.994731
4.52866e-06

-0.106498
-0.174399
-0.978899
0.703707
0.00808931

0.106498
0.174399
0.978899
-1.37857
0.51886

0.68647
0.537602
0.489636
0.570922
0.0572523

-0.68647
-0.537602
-0.489636
-9.7269
35.7445

0.964416
0.264388
0
0.373928
0.0202038

-0.964416
-0.264388
0
0.461375
0.0149681

0.431887
-0.1328
0.892097
0.899943
0.00172331

0.270951
-0.166737
-0.948042
-1.49463
1.00823

-0.270951
0.166737
0.948042
-0.293216
0.271292

0.625321
-0.557517
-0.54603
0.317873
0.0109687

-0.784877
0.466118
-0.408292
0.987846
1.81341e-05

-0.614156
-0.132705
-0.777947
0.286729
0.0188594

0.614156
0.132705
0.777947
0.786681
0.00169302

0.393319
0.00126384
-0.919401
-1.66646
0.453625

-0.393319
-0.00126384
0.919401
0.965325
8.11395e-05

0.873918
0.369061
-0.316324
0.781489
0.00105542

-0.623525
-0.529876
0.574846
0.561493
0.0157842

0.623525
0.529876
-0.574846
-0.642685
0.220589

-0.273517
0.102276
-0.956414
-8.89761
23.2398

0.273517
-0.102276
0.956414
0.869663
0.00404801

0.0780801
0.487199
0.869793
0.869184
0.00294671

-0.0780801
-0.487199
-0.869793
-5.7815
7.90894

0.252784
0.942501
0.218615
0.555824
0.0129033

-0.252784
-0.942501
-0.218615
-0.130331
0.0835099

0.955355
-0.295461
0
0.843593
0.000565462

-0.0965504
-0.782554
0.615051
0.639343
0.00378615

0.0965504
0.782554
-0.615051
0.700007
0.00261983

0.531179
-0.71629
-0.452524
0.506307
0.0128867

-0.531179
0.71629
0.452524
0.285058
0.0270153

-0.320047
0.547006
0.773534
0.84181
0.00276198

0.320047
-0.547006
-0.773534
-2.77081
1.56852

0.613146
-0.410794
0.67476
0.890144
0.00113068

-0.469667
0.194717
0.861103
0.916414
0.00160779

0.469667
-0.194717
-0.861103
-9.11396
23.4018

-0.94752
0.319696
0
0.973253
0.000425666

0.94752
-0.319696
0
-6.28204
7.85437

0.296243
-0.365769
-0.8823
-0.006145
0.136915

-0.296243
0.365769
0.8823
-1.19253
0.649854

0.969316
-0.245817
0
-0.277763
0.164624

-0.969316
0.245817
0
-0.00959182
0.102964

-0.476257
-0.879306
0
0.728796
0.0702011

0.476257
0.879306
0
0.605628
0.0964447

-0.177675
0.720835
0.669947
0.583543
0.0320703

0.177675
-0.720835
-0.669947
-4.50687
5.6055

-0.590352
0.657906
0.467594
0.633722
0.00606995

-0.038967
-0.151062
-0.987756
-1.42283
0.639845

0.038967
0.151062
0.987756
0.511601
0.0262333

0.178837
0.194461
0.96447
0.0192552
0.105456

-0.178837
-0.194461
-0.96447
-0.532414
0.256969

0.578845
0.707265
-0.405851
0.247234
0.0340241

-0.578845
-0.707265
0.405851
0.390261
0.0223349

-0.685319
-0.24928
0.68425
0.562921
0.00857582

0.685319
0.24928
-0.68425
0.416997
0.015244

0.0786066
-0.0728293
-0.994242
-0.639015
0.273531

-0.0786066
0.0728293
0.994242
0.235577
0.0597458

-0.0581814
0.0505646
0.997025
0.987379
7.64859e-05

0.0581814
-0.0505646
-0.997025
-24.1809
301.056

-0.732311
0.29497
0.61377
0.233663
0.0690699

0.732311
-0.29497
-0.61377
-1.09187
0.51445

0.955804
-0.0952125
-0.27816
-0.277255
0.109081

-0.955804
0.0952125
0.27816
0.612963
0.0102234

-0.884245
0.373447
0.280444
0.645111
0.00496941

-0.468493
-0.370721
-0.801923
-1.95598
0.817489

0.468493
0.370721
0.801923
0.823744
0.00291373

0.820819
0.571188
0
0.977165
6.77455e-05

0.374698
0.381314
0.845104
0.4239
0.0481545

-0.374698
-0.381314
-0.845104
-2.42288
1.69908

0.0226585
0.341286
-0.939687
0.989926
3.05673e-05

0.17975
-0.740438
-0.647643
0.302641
0.0542675

-0.17975
0.740438
0.647643
-1.02865
0.457482

0.660083
-0.407014
0.631371
0.628906
0.0328058

-0.660083
0.407014
-0.631371
-6.93792
14.971

0.0598936
-0.0402694
0.997392
0.985287
0.000112034

0.162163
-0.234784
0.958426
0.945059
0.000103353

-0.262795
-0.799117
-0.540695
-3.75715
4.15115

0.262795
0.799117
0.540695
0.407412
0.0644373

0.0559637
0.216093
-0.974768
-0.350241
0.162763

-0.0559637
-0.216093
0.974768
0.273869
0.0472674

0.180399
-0.983594
0
0.97417
2.73833e-05

-0.180399
0.983594
0
-0.633489
0.107244

-0.267826
-0.766523
-0.583706
-0.510492
0.235747

0.267826
0.766523
0.583706
0.120278
0.0800415

0.655663
-0.738848
-0.155592
-0.780703
0.294038

-0.655663
0.738848
0.155592
0.463254
0.0267208

-0.583422
-0.186173
0.790543
0.889862
0.00480171

0.583422
0.186173
-0.790543
-16.9042
125.785

-0.46057
-0.535689
-0.707752
-0.614811
0.290831

0.46057
0.535689
0.707752
0.0390306
0.103115

-0.519552
0.0854414
-0.850156
0.993378
1.84301e-05

-0.809749
-0.578212
-0.0998846
0.904946
0.000404659

0.809749
0.578212
0.0998846
-0.357141
0.0822944

0.398956
-0.305287
0.864658
0.871116
0.00659322

-0.398956
0.305287
-0.864658
-16.794
125.63

0.257671
-0.902511
0.345079
0.071661
0.0661393

-0.257671
0.902511
-0.345079
0.188801
0.0505086

-0.913554
-0.0562321
0.402811
0.112499
0.0632568

0.913554
0.0562321
-0.402811
0.0697353
0.0694952

0.1215
-0.949606
-0.288941
0.226425
0.0663599

-0.1215
0.949606
0.288941
-0.882572
0.392873

-0.905721
-0.423874
0
-0.623612
0.224312

0.905721
0.423874
0
0.536178
0.0247235
