
0.092013
0.613681
0.784174
-1.52325
0.402546

-0.092013
-0.613681
-0.784174
0.95492
0.00013034

0.301201
-0.839797
0.451686
-0.810165
0.221174

-0.301201
0.839797
-0.451686
0.798871
0.00275288

-0.901908
0.114312
0.416526
-0.934426
0.525241

0.901908
-0.114312
-0.416526
-0.284315
0.231571

0.210123
0.0184197
0.977501
0.980196
9.68727e-05

-0.116263
0.519055
-0.846797
0.843841
0.000392493

0.91652
-0.025807
-0.399155
0.831808
0.00140257

-0.91652
0.025807
0.399155
-0.256584
0.0782002

-0.225468
-0.351227
-0.908737
-1.45591
0.887835

0.225468
0.351227
0.908737
-0.0541956
0.163892

0.52263
-0.0640795
-0.850148
-2.28245
1.64385

-0.52263
0.0640795
0.850148
0.273093
0.0808666

0.484221
0.146294
0.862628
0.697856
0.00574747

-0.170201
0.903178
-0.394083
-3.13802
2.23643

0.170201
-0.903178
0.394083
0.753046
0.00832352

-0.208559
-0.364788
-0.907432
-1.24755
0.379478

0.208559
0.364788
0.907432
0.832827
0.00210808

0.551996
0.298952
0.778414
0.901985
0.00303947

-0.835821
-0.300857
-0.459226
0.644456
0.012927

0.835821
0.300857
0.459226
-1.55712
0.66663

0.16308
-0.953481
0.253533
-0.130386
0.0625237

-0.16308
0.953481
-0.253533
0.797319
0.00202169

0.264257
-0.180354
0.947439
0.651286
0.0105007

0.896491
0.443063
0
-6.17728
10.6042

-0.896491
-0.443063
0
0.725256
0.015658

-0.694352
0.29939
0.654401
0.793685
0.00383405

0.694352
-0.29939
-0.654401
-1.62244
0.611395

-0.124203
-0.746526
-0.65366
0.807123
0.00108788

-0.134037
-0.275571
-0.95189
-16.794
125.613

0.134037
0.275571
0.95189
0.871116
0.00660774

-0.320415
0.404998
0.856336
0.967549
0.000760452

-0.468304
-0.835742
-0.286753
0.986644
2.46744e-05

0.33263
-0.198173
-0.922001
0.950702
0.000627191

-0.33263
0.198173
0.922001
-11.0999
37.3987

-0.435007
-0.0793777
0.896922
-0.0350298
0.0809872

0.435007
0.0793777
-0.896922
0.304048
0.0366439

-0.973895
-0.227001
0
0.634066
0.0172671

-0.125777
-0.710132
0.692743
0.953618
0.000561141

0.125777
0.710132
-0.692743
-11.1224
37.4035

-0.119099
0.669403
0.733291
0.811197
0.00476992

0.119099
-0.669403
-0.733291
-3.58617
2.81055

0.709667
0.663796
-0.23611
0.577017
0.0161293

-0.709667
-0.663796
0.23611
-0.951884
0.343219

0.747058
0.345626
0.567844
0.024026
0.0553757

-0.747058
-0.345626
-0.567844
0.589364
0.00984994

-0.541218
0.597196
-0.59198
-0.0875666
0.0768753

0.541218
-0.597196
0.59198
0.538358
0.0139082

0.678928
0.274474
0.680971
-1.74456
0.508208

-0.678928
-0.274474
-0.680971
0.956684
0.000138696

-0.214789
-0.548288
-0.808237
0.84617
0.00102356

-0.708486
-0.0442411
-0.704337
-1.05174
0.933151

0.708486
0.0442411
0.704337
-2.02529
2.02836

-0.226558
0.518661
0.824416
0.11431
0.01879

0.213456
-0.879211
-0.425938
-0.730069
0.214131

-0.213456
0.879211
0.425938
0.729981
0.00522238

0.466929
-0.613438
0.636924
-0.525986
0.207083

-0.466929
0.613438
-0.636924
0.389223
0.0332658

-0.727777
0.565546
0.387941
-2.43261
1.2945

0.727777
-0.565546
-0.387941
0.785462
0.00507518

-0.510248
-0.0556381
0.858226
-0.890896
0.285648

0.510248
0.0556381
-0.858226
0.684539
0.00796357

-0.546968
-0.277175
-0.789936
0.903717
0.00148129

-0.877626
-0.21173
0.430051
-0.547305
0.14195

0.877626
0.21173
-0.430051
0.811476
0.00212602

0.81381
-0.233905
-0.53198
0.924879
0.00030457

-0.81381
0.233905
0.53198
-0.835361
0.17994

0.0527574
-0.678732
0.732489
0.526395
0.036962

0.696763
-0.449457
-0.559026
-1.07312
0.426572

-0.696763
0.449457
0.559026
0.501846
0.024703

0.736447
-0.415443
-0.533904
0.996716
4.3139e-07

0.0289452
0.999581
0
0.131205
0.0278598

-0.0289452
-0.999581
0
0.852808
0.000803202

-0.137612
-0.45412
0.880249
0.918568
0.0012052

-0.912047
0.119563
0.392268
-1.92992
0.725667

0.912047
-0.119563
-0.392268
0.884906
0.00113021

0.220932
-0.439478
0.87066
0.906168
0.000342554

0.284755
0.943412
0.169965
-0.232979
0.192865

-0.284755
-0.943412
-0.169965
-0.659094
0.349197

-0.768646
0.464309
-0.44
0.530474
0.00994683

0.768646
-0.464309
0.44
0.45012
0.0136316

-0.630311
0.246605
0.736135
0.668185
0.00404105

-0.329428
0.798228
-0.50429
-0.724826
0.334297

0.329428
-0.798228
0.50429
0.100324
0.0910195

0.516312
0.749131
-0.415
-3.22475
3.17417

-0.516312
-0.749131
0.415
0.302752
0.0865189

-0.206738
0.537209
0.81772
0.814929
0.00260901

0.206738
-0.537209
-0.81772
-1.13043
0.336557

-0.305154
0.355883
0.883305
0.959351
0.000501809

-0.311074
-0.482865
-0.818581
-2.99666
1.87863

0.311074
0.482865
0.818581
0.827435
0.00351924

-0.665246
-0.361191
0.653443
0.608067
0.0196643

0.665246
0.361191
-0.653443
-2.39041
1.4698

-0.742065
-0.529361
0.411238
-0.380394
0.0877789

0.742065
0.529361
-0.411238
0.89817
0.000487447

-0.628837
0.343113
0.697738
0.83232
0.00118368

0.640716
-0.544322
0.541477
-0.986847
0.348047

-0.640716
0.544322
-0.541477
0.615824
0.0131113

-0.198536
0.146153
-0.969135
-0.642685
0.220531

0.198536
-0.146153
0.969135
0.561493
0.0157159

0.136355
0.416535
0.898836
0.0920794
0.1393

-0.136355
-0.416535
-0.898836
-2.3936
1.94596

-0.304151
-0.615985
-0.726674
-0.417446
0.325312

0.304151
0.615985
0.726674
-1.28738
0.839794

0.563586
-0.202144
-0.800942
-2.51843
1.31279

-0.563586
0.202144
0.800942
0.830463
0.00305515

0.427779
-0.152893
0.890859
-1.79833
0.634563

-0.427779
0.152893
-0.890859
0.888067
0.00102835

0.286868
-0.334545
-0.897656
0.929932
0.000322113

-0.286868
0.334545
0.897656
-1.10716
0.261077

0.501019
-0.0403395
0.864496
-0.115074
0.186152

-0.501019
0.0403395
-0.864496
-1.42167
0.876694

0.756567
-0.600723
-0.258338
0.886222
0.00080062

-0.640172
0.51836
0.566994
0.838988
0.00184494

0.640172
-0.51836
-0.566994
-0.407674
0.106214

-0.6964
-0.227442
0.680659
0.944166
0.000188829

0.6964
0.227442
-0.680659
-1.07332
0.239117

-0.329521
0.108977
-0.937838
0.0666864
0.0400178

-0.767793
-0.640699
0
0.820077
0.00247052

0.767793
0.640699
0
-1.22745
0.377364

0.677396
-0.661951
-0.320868
0.471903
0.0333517

-0.677396
0.661951
0.320868
-1.67346
0.854064

-0.128432
0.189547
0.973436
0.780065
0.0139063

0.128432
-0.189547
-0.973436
-10.2961
36.6017

0.781072
-0.304091
0.545394
0.919548
0.00249583

0.492666
-0.207174
-0.845198
-10.156
36.4183

-0.492666
0.207174
0.845198
0.735953
0.0204088

0.0554332
0.251716
-0.966212
0.147349
0.0368044

-0.0554332
-0.251716
0.966212
0.643156
0.00645759

0.801663
-0.597776
0
0.616306
0.0185804

0.614767
0.733499
-0.289899
-1.6051
0.549905

-0.614767
-0.733499
0.289899
0.855772
0.00169254

0.572607
-0.735646
-0.361865
0.93615
0.000218096

-0.572607
0.735646
0.361865
-0.861883
0.181244

0.33844
-0.656904
-0.673748
-1.59555
0.83404

-0.33844
0.656904
0.673748
0.382374
0.0473567

0.320741
-0.129643
0.938252
0.936717
0.000115644

0.285025
-0.323552
0.902261
0.906538
0.00134469

-0.229753
-0.973249
0
0.100811
0.086282

0.229753
0.973249
0
-0.570133
0.262805

-0.20794
0.0963401
-0.973386
0.699533
0.0090559

0.20794
-0.0963401
0.973386
-1.62288
0.678308

0.47098
-0.431677
0.769307
0.411069
0.0991755

-0.47098
0.431677
-0.769307
-7.76182
21.9074

-0.649718
-0.610448
-0.453012
0.550143
0.011078

0.649718
0.610448
0.453012
0.177885
0.0369765

0.584926
-0.167173
0.793671
0.78024
0.00287846

-0.584926
0.167173
-0.793671
-0.421445
0.118502

-0.433802
-0.353177
0.828904
0.876775
0.00205473

0.251479
0.300505
0.92003
0.948919
0.00191549

-0.251479
-0.300505
-0.92003
-36.2376
1014.45

-0.517317
0.310922
0.797314
0.268991
0.0567133

0.517317
-0.310922
-0.797314
-0.817789
0.350576

0.991947
0.000268942
0.126656
0.141846
0.0704615

-0.991947
-0.000268942
-0.126656
-0.340863
0.172017

-0.142263
-0.933609
-0.328839
0.717817
0.00328971

0.142263
0.933609
0.328839
0.293696
0.0205398

0.728932
-0.241707
0.640496
0.860756
0.00159545

-0.728932
0.241707
-0.640496
-1.61468
0.55088

-0.973385
-0.229177
0
0.984529
1.54666e-05

0.973385
0.229177
0
-1.87833
0.516008

0.302204
0.0835038
0.949579
0.865914
0.00380666

0.931662
-0.18877
0.310439
0.910945
0.000549989

-0.145945
0.541044
-0.828234
-5.1631
5.93635

0.145945
-0.541044
0.828234
0.88051
0.00228065

0.500031
-0.366549
-0.784609
-4.2618
2.94966

-0.500031
0.366549
0.784609
0.987652
2.08892e-05

0.888426
0.45902
0
0.641946
0.0178082

-0.888426
-0.45902
0
-1.01179
0.351135

0.674052
0.639864
0.369091
0.448146
0.0207828

-0.674052
-0.639864
-0.369091
-0.0389396
0.0736416

0.387103
0.216343
0.896296
0.59274
0.0251822

-0.387103
-0.216343
-0.896296
-3.20765
2.66867

0.833692
-0.552229
0
0.203141
0.0579658

-0.833692
0.552229
0
-0.0609013
0.0981999

-0.0948572
-0.693118
0.714555
0.834163
0.00295508

0.0948572
0.693118
-0.714555
-2.52607
1.31361

0.981814
0.0568745
0.181128
-3.64002
4.07752

-0.981814
-0.0568745
-0.181128
0.304725
0.0915645

0.640831
-0.248738
0.726268
0.610806
0.0328922

-0.640831
0.248738
-0.726268
-5.93826
10.4157

0.323399
-0.473454
0.819301
0.949122
0.00130208

-0.323399
0.473454
-0.819301
-23.6253
300.132

-0.330724
0.843377
0.423483
-0.760827
0.401861

0.330724
-0.843377
-0.423483
-0.205994
0.18852

0.455063
-0.317064
0.832098
-0.397896
1.02824

-0.455063
0.317064
-0.832098
-13.7653
114.71

-0.402091
0.0789424
-0.91219
0.518856
0.01404

-0.846608
0.372489
0.380139
0.94761
0.000235398

0.0443529
0.231937
0.971719
0.349883
0.162926

-0.0443529
-0.231937
-0.971719
-11.5862
61.0327

-0.184538
-0.244599
-0.951902
0.788558
0.00135175

0.76696
-0.0648307
0.638412
0.735903
0.0143085

-0.76696
0.0648307
-0.638412
-6.20236
10.63

-0.143802
-0.59333
-0.792011
0.512791
0.0073825

0.143802
0.59333
0.792011
0.758157
0.00182195

-0.351112
0.0774784
0.933122
0.960978
0.000566279

-0.392262
0.846972
-0.358844
0.691846
0.00737019

0.392262
-0.846972
0.358844
-0.82462
0.257688

-0.133522
0.336364
0.932218
0.930345
0.00150225

0.133522
-0.336364
-0.932218
-13.4437
64.5613

0.771605
0.274566
-0.573794
-1.83901
1.00279

-0.771605
-0.274566
0.573794
0.47062
0.0349536

-0.0631467
0.0796102
0.994824
0.919889
0.000290741

0.0631467
-0.0796102
-0.994824
-0.383404
0.0832895

-0.347949
0.145003
0.926232
0.226425
0.0663407

0.347949
-0.145003
-0.926232
-0.882572
0.392868

-0.202717
0.666729
-0.717202
0.929942
0.00154077

0.265336
-0.384967
0.883967
0.982011
0.00015587

-0.265336
0.384967
-0.883967
-24.073
300.941

0.114351
0.878228
0.46437
0.986849
7.11701e-06

0.557764
0.749237
-0.357131
-4.30982
6.79562

-0.557764
-0.749237
0.357131
-0.0970721
0.290112

-0.410072
0.492853
0.767422
0.783203
0.00475271

0.410072
-0.492853
-0.767422
-2.04869
0.936265

-0.826744
0.459315
0.324845
0.77804
0.00402367

0.826744
-0.459315
-0.324845
-1.26197
0.416528

-0.192791
0.220306
0.956189
0.959208
0.000126559

0.192791
-0.220306
-0.956189
-1.53871
0.403131

0.879089
0.27608
-0.388565
0.547757
0.00956432

-0.879089
-0.27608
0.388565
0.389609
0.0174034

0.521625
0.853175
0
0.752263
0.00670028

-0.0213214
0.758769
0.651011
-0.0388187
0.0670872

0.0213214
-0.758769
-0.651011
0.55816
0.0122023

-0.695708
-0.573412
-0.432654
-16.1631
245.538

0.695708
0.573412
0.432654
-3.29075
15.3463

0.670987
0.512024
-0.536291
-0.650831
0.192946

-0.670987
-0.512024
0.536291
0.711945
0.00591654

-0.216428
0.624612
0.750346
0.800552
0.00106234

-0.473913
0.716955
-0.511255
-0.126996
0.0467465

0.473913
-0.716955
0.511255
0.931792
0.000337596

-0.427011
0.737271
0.523539
-0.992721
0.348842

0.427011
-0.737271
-0.523539
0.62209
0.0125976

0.551962
-0.439466
0.708666
0.70193
0.0185262

0.140468
0.705622
0.694526
-1.82996
0.57215

-0.140468
-0.705622
-0.694526
0.946774
0.000217827

0.543437
0.689787
-0.478404
0.982455
1.98279e-05

0.589297
-0.753483
0.291536
0.164138
0.0623224

-0.589297
0.753483
-0.291536
-0.203642
0.129204

-0.124677
-0.600779
-0.789633
-4.0634
3.55376

0.124677
0.600779
0.789633
0.847873
0.00320943

-0.0323947
-0.190634
-0.981127
-5.56488
13.158

0.0323947
0.190634
0.981127
-0.453805
0.645286

-0.606023
-0.0597869
0.793197
0.707798
0.00954233

0.646785
0.449197
0.616353
0.75026
0.00414007

-0.646785
-0.449197
-0.616353
-0.578759
0.163494

-0.0716635
0.971462
-0.226112
0.450083
0.0171339

0.0716635
-0.971462
0.226112
0.259123
0.0310916

-0.596741
-0.380426
-0.706524
0.867018
0.00232684

0.596741
0.380426
0.706524
-3.72409
2.84816

0.130076
0.0745213
-0.9887
0.976596
4.89435e-05

0.320623
0.875101
0.36249
0.586534
0.00915331

-0.320623
-0.875101
-0.36249
0.159316
0.0377712

0.327474
0.371137
-0.868918
-16.1018
123.945

-0.327474
-0.371137
0.868918
0.715268
0.0344867

0.532301
-0.496563
-0.685625
0.939616
0.000358844

0.475913
-0.0514719
0.877985
0.879889
0.000588164

0.112844
0.875969
-0.468982
0.10477
0.0824914

-0.112844
-0.875969
0.468982
-0.444657
0.21288

0.766642
-0.492144
-0.412376
-0.561864
0.38847

-0.766642
0.492144
0.412376
-1.06554
0.679351

-0.758647
-0.651502
0
0.92425
0.00141211

-0.704717
0
-0.709488
-0.147427
0.147642

0.704717
0
0.709488
-0.397106
0.218792

0.604294
0.678411
-0.417837
-1.22221
0.541592

-0.604294
-0.678411
0.417837
0.419484
0.0370059

-0.856817
-0.460607
0.231745
0.291487
0.0171321

-0.0235381
0.55244
0.83322
0.804966
0.0045719

-0.726679
0.610271
0.315447
-0.112234
0.152093

0.726679
-0.610271
-0.315447
-0.710177
0.359527

0.243589
-0.93519
0.257069
0.203141
0.0517879

-0.243589
0.93519
-0.257069
-0.0609013
0.09178

-0.43789
0.827286
0.351924
-1.69972
0.560434

0.43789
-0.827286
-0.351924
0.900477
0.000768881

0.322158
-0.604376
0.728658
0.987464
6.03683e-05

-0.322158
0.604376
-0.728658
-17.8227
126.926

0.081029
-0.921018
0.380999
-0.284315
0.231563

-0.081029
0.921018
-0.380999
-0.934426
0.52524

0.592758
0.521247
-0.613954
-8.19451
22.5133

-0.592758
-0.521247
0.613954
0.632221
0.03603

0.6998
0.320738
0.638284
0.565022
0.0062922

-0.6998
-0.320738
-0.638284
0.686055
0.00329955

-0.666274
0.714548
0.213306
-11.0237
37.3526

0.666274
-0.714548
-0.213306
0.940114
0.000927141

-0.432934
0.312792
-0.845417
-0.101936
0.100357

0.432934
-0.312792
0.845417
0.214219
0.0510341

0.852163
-0.116807
-0.510072
-1.6008
0.608292

-0.852163
0.116807
0.510072
0.779552
0.00440245

0.354505
-0.697995
0.622197
-1.11229
0.518805

-0.354505
0.697995
-0.622197
0.265355
0.062869

-0.722116
0.691772
0
0.661204
0.00626767

0.722116
-0.691772
0
0.174021
0.0343446

0.17035
0.254488
0.951954
0.90238
0.00195341

0.634249
-0.215099
-0.742604
-0.0204183
0.0601622

-0.634249
0.215099
0.742604
0.619817
0.00837143

0.269198
-0.934315
0.233643
0.32187
0.037064

-0.269198
0.934315
-0.233643
-0.189334
0.113977

-0.207087
0.946012
-0.249352
0.134824
0.0320711

0.207087
-0.946012
0.249352
0.772274
0.00222831

0.718131
-0.210034
-0.663456
0.872529
0.00114193

0.873257
0.364983
0.322816
0.459903
0.132891

-0.873257
-0.364983
-0.322816
-15.3379
121.573

0.120679
-0.343048
0.931533
-0.326851
0.125763

-0.23852
0.0195159
-0.970941
0.972206
2.7895e-05

0.23852
-0.0195159
0.970941
-0.411004
0.0714849

-0.199919
0.444704
-0.873081
-6.37475
10.7487

0.199919
-0.444704
0.873081
0.802527
0.00772929

-0.577745
0.458769
0.675086
0.488799
0.0467206

0.577745
-0.458769
-0.675086
-3.85995
4.21115

0.59733
-0.801996
0
0.915661
0.00364211

-0.549835
0.396668
0.735076
0.181718
0.0641667

0.549835
-0.396668
-0.735076
-0.387333
0.183879

0.717269
-0.48444
-0.500842
0.94009
0.000936305

0.540877
0.812805
-0.216335
-0.676396
0.240817

-0.540877
-0.812805
0.216335
0.518894
0.0198441

0.537761
-0.819496
-0.198088
0.904774
0.00085307

-0.537761
0.819496
0.198088
-2.48857
1.14191

-0.439739
-0.898126
0
0.687623
0.00633581

0.439739
0.898126
0
0.079106
0.0452808

0.632717
-0.0753847
0.770705
0.785462
0.00506189

0.657639
0.522247
-0.542926
0.894281
0.000257894

-0.657639
-0.522247
0.542926
0.547195
0.00446261

-0.310229
-0.863984
0.396598
0.510813
0.032007

0.310229
0.863984
-0.396598
-2.27702
1.43453

-0.822029
-0.0650851
0.565714
0.974713
2.64253e-05

0.822029
0.0650851
-0.565714
-0.330935
0.0597352

-0.219963
-0.0733208
0.972749
0.832555
0.0113495

-0.347569
0.131199
0.92843
-8.78293
33.8459

0.347569
-0.131199
-0.92843
0.0244112
0.336707

-0.0121494
0.65472
0.755773
0.480095
0.0137112

0.719034
0.0866254
-0.689555
0.374626
0.0528007

-0.365665
0.834125
0.412946
-0.307382
0.099383

0.567564
0.754539
-0.329457
0.484303
0.0134901

-0.567564
-0.754539
0.329457
0.365325
0.0204231

-0.710271
0.687548
-0.150976
-0.462727
0.120964

0.710271
-0.687548
0.150976
0.816825
0.00193326

0.376791
-0.43866
0.815847
0.783203
0.00473844

0.429828
0.825767
0.365182
0.718157
0.00575361

-0.429828
-0.825767
-0.365182
-0.717754
0.213007

-0.351379
-0.251119
-0.901927
-0.812626
0.178838

0.351379
0.251119
0.901927
0.914337
0.000440088

-0.0142858
0.883052
-0.469058
-0.370763
0.122909

0.0142858
-0.883052
0.469058
0.680581
0.00720933

0.428628
0.270713
-0.86197
-11.7835
61.5552

-0.428628
-0.270713
0.86197
0.445162
0.115972

-0.531458
0.813681
0.235532
0.997101
7.34081e-07

-0.443074
-0.312787
0.840148
0.936901
0.00153948

0.443074
0.312787
-0.840148
-17.2358
126.309

-0.118275
-0.360344
-0.925291
-4.58743
4.55446

0.118275
0.360344
0.925291
0.87108
0.00244118

-0.282062
0.266312
0.921693
-1.59015
0.548043

0.282062
-0.266312
-0.921693
0.847777
0.00191152

0.106275
-0.994337
0
0.941024
0.000224709

-0.106275
0.994337
0
-1.38342
0.357848

0.461309
0.796549
-0.390774
-5.29312
7.62903

-0.461309
-0.796549
0.390774
0.674941
0.0203833

-0.0110756
0.243662
-0.969797
-15.5501
122.248

0.0110756
-0.243662
0.969797
0.540277
0.0945837

0.0537671
0.020102
0.998351
0.744776
0.00718777

-0.0537671
-0.020102
-0.998351
-0.956575
0.293298

0.306632
-0.332229
0.891965
0.882744
0.000167046

-0.306632
0.332229
-0.891965
0.846133
0.000286181

-0.504406
-0.469037
0.724969
0.768857
0.0040755

0.504406
0.469037
-0.724969
-0.985745
0.295939

0.316482
0.149871
0.936684
0.960086
0.000613717

-0.316482
-0.149871
-0.936684
-17.4503
126.563

0.096093
0.89556
-0.43444
0.363279
0.0211523

-0.096093
-0.89556
0.43444
0.453888
0.0155634

0.572961
-0.118503
0.81097
0.642038
0.011938

-0.572961
0.118503
-0.81097
-1.2016
0.447014

0.0758246
-0.087347
0.993288
0.973393
0.000225026

-0.0758246
0.087347
-0.993288
-13.8188
64.8255

-0.161479
0.533917
-0.829974
-0.623533
0.156278

0.161479
-0.533917
0.829974
0.832263
0.00167212

-0.602392
0.778608
0.175768
-0.301105
0.218416

0.602392
-0.778608
-0.175768
-0.632109
0.343675

0.00590296
0.460554
-0.887612
0.972039
3.6415e-05

-0.00590296
-0.460554
0.887612
-0.712052
0.124086

-0.282698
0.833481
-0.474753
-0.653503
0.148237

0.282698
-0.833481
0.474753
0.88614
0.000717524

0.570381
-0.567389
0.593915
0.558729
0.0039271

0.424406
0.736343
0.526952
0.340289
0.0298111

-0.424406
-0.736343
-0.526952
0.165693
0.0470694

-0.214608
0.9767
0
-0.686948
0.150684

-0.823819
-0.566853
0
-0.831635
0.502332

0.823819
0.566853
0
-0.539073
0.361306

-0.238539
-0.963562
0.121027
0.995708
7.09082e-06

-0.0470219
-0.786006
0.616428
0.484635
0.0237525

0.0470219
0.786006
-0.616428
-0.721359
0.264927

-0.533857
0.332138
0.777613
0.778064
0.00368656

0.533857
-0.332138
-0.777613
-0.997425
0.297132

-0.179278
-0.765573
0.617866
-0.121979
0.107813

0.179278
0.765573
-0.617866
0.169289
0.0591054

-0.669062
0.338117
0.66184
0.990859
5.90095e-05

0.669062
-0.338117
-0.66184
-37.0272
1016.59

0.766878
-0.627147
-0.136326
0.733743
0.00319982

-0.766878
0.627147
0.136326
0.145398
0.0329267

-0.707358
-0.216409
-0.672913
0.0110301
0.0814231

0.707358
0.216409
0.672913
0.102978
0.0669923

0.646091
0.763261
0
0.65255
0.00615105

-0.646091
-0.763261
0
0.566473
0.00882675

-0.806825
0.081065
0.585202
0.869082
0.00107159

0.806825
-0.081065
-0.585202
-0.848484
0.208542

0.560292
-0.464997
0.685457
0.77878
0.0109345

-0.560292
0.464997
-0.685457
-7.29925
15.3023

0.0483621
-0.842112
-0.53713
0.955129
0.000760564

-0.0483621
0.842112
0.53713
-17.3998
126.559

-0.0631115
0.591284
-0.80399
-3.38422
2.31035

0.0631115
-0.591284
0.80399
0.866624
0.0021894

0.635132
-0.205764
0.744492
0.786983
0.0113215

0.940065
0.22051
-0.260103
-0.608811
0.145896

-0.940065
-0.22051
0.260103
0.857629
0.00122976

-0.0786696
0.359897
0.929669
-4.22414
2.94853

0.0786696
-0.359897
-0.929669
0.983617
2.99579e-05

-0.58354
0.444932
-0.67935
0.9444
4.63551e-05

0.58354
-0.444932
0.67935
0.645337
0.00185246

-0.626153
0.251298
-0.738094
-1.04497
0.257152

0.626153
-0.251298
0.738094
0.902538
0.000591843

-0.755037
0.0930251
0.64905
0.708467
0.00531143

-0.352472
-0.723
0.594167
0.774144
0.00244241

0.352472
0.723
-0.594167
-0.031677
0.0508734

-0.296414
0.453917
0.840296
0.912162
0.00120745

-0.440992
0.358632
-0.822745
0.172497
0.13475

0.440992
-0.358632
0.822745
-3.50531
3.98597

0.144132
0.841712
0.520334
0.60248
0.010824

-0.144132
-0.841712
-0.520334
-0.310653
0.11754

0.319648
0.503995
0.80238
0.878124
0.00107316

0.0410779
0.844705
0.533653
0.417358
0.0206661

-0.0410779
-0.844705
-0.533653
0.198218
0.0390825

0.203682
0.930016
-0.305915
0.997476
1.92664e-06

0.16494
-0.397192
0.902792
0.886948
0.000852316

0.461337
-0.117835
-0.879365
-0.388069
0.189737

-0.461337
0.117835
0.879365
0.122987
0.0757599

-0.526394
-0.588671
-0.613495
-0.214854
0.12312

0.526394
0.588671
0.613495
0.287256
0.0424467

-0.18383
0.658028
0.730209
0.715942
0.00896177

0.18383
-0.658028
-0.730209
-2.12307
1.07309

-0.246361
0.664619
0.7054
0.786942
0.0100605

0.246361
-0.664619
-0.7054
-7.32261
15.327

0.463067
-0.137615
-0.875575
-1.85029
0.573521

-0.463067
0.137615
0.875575
0.952545
0.000180892

-0.576418
-0.817155
0
0.41504
0.011947

0.801452
0.0687812
-0.594092
-0.525306
0.256901

-0.801452
-0.0687812
0.594092
0.00322485
0.110921

-0.431573
0.363085
-0.825781
-13.1595
64.218

0.431573
-0.363085
0.825781
0.882979
0.00439832

-0.76196
-0.362051
-0.536969
0.186731
0.0316097

0.76196
0.362051
0.536969
0.669625
0.00525099

0.904385
0.426717
0
-0.26424
0.390689

-0.904385
-0.426717
0
-3.6077
4.65146

0.10201
-0.727348
0.678644
0.170667
0.0309306

0.0696602
0.48259
-0.873072
-1.45263
0.646004

-0.0696602
-0.48259
0.873072
0.543609
0.0225423

-0.526563
0.0673908
0.847461
0.846542
0.000232907

0.526563
-0.0673908
-0.847461
0.922235
5.99277e-05

0.140883
-0.475595
0.86831
0.81523
0.0067744

0.749645
0.549516
-0.36887
0.711609
0.00252158

-0.749645
-0.549516
0.36887
0.5979
0.00489773

-0.245233
0.635123
0.732447
0.564323
0.0354673

0.245233
-0.635123
-0.732447
-4.47658
5.58344

-0.780536
0.286105
-0.555794
0.940881
0.00109073

0.110876
0.0376888
-0.993119
-7.35097
11.1415

-0.110876
-0.0376888
0.993119
0.993635
7.43257e-06

0.171107
-0.347462
-0.921951
-5.20827
5.95868

-0.171107
0.347462
0.921951
0.893537
0.00175313

-0.301314
0.386849
-0.871526
-2.08591
1.36999

0.301314
-0.386849
0.871526
0.311857
0.0681323

-0.542366
-0.00693033
0.840113
0.897568
0.00198024

0.542366
0.00693033
-0.840113
-6.69379
10.9254

-0.793193
-0.227146
0.565022
0.95264
0.000131505

0.0295268
0.933042
0.358554
0.195484
0.101202

0.302214
0.20958
0.929916
0.102369
0.0958272

-0.302214
-0.20958
-0.929916
-0.909022
0.433419

0.775632
0.631185
0
-3.22947
2.62943

-0.775632
-0.631185
0
0.608235
0.026377

0.518953
-0.691049
0.50313
0.922206
0.0018868

0.269118
0.333284
0.903603
0.936659
0.00200557

0.229119
-0.0797688
0.970124
0.917591
0.00216912

-0.448079
-0.893994
0
0.163666
0.0846133

0.448079
0.893994
0
-1.04895
0.505069

-0.681548
0.725207
0.0978103
0.257949
0.03757

0.681548
-0.725207
-0.0978103
0.19614
0.044089

-0.309163
0.271901
-0.911311
-2.30201
0.976353

0.309163
-0.271901
0.911311
0.905141
0.000852623

0.999715
0.023872
0
-0.127446
0.07063

0.160991
0.387671
0.90763
-0.149321
0.559031

-0.160991
-0.387671
-0.90763
-10.7689
58.5627

-0.105732
-0.304001
0.946786
-0.115598
0.0567142

0.105732
0.304001
-0.946786
0.834971
0.00131828

0.32846
0.913214
-0.241151
0.894894
0.000773464

0.561358
0.669387
-0.486619
0.873011
0.0014557

0.19164
0.23057
0.953998
-0.241254
0.133085

-0.19164
-0.23057
-0.953998
0.249114
0.0487444

-0.520373
-0.699987
-0.489112
-0.617062
0.177644

0.520373
0.699987
0.489112
0.735074
0.00480057

-0.606004
-0.77721
-0.169422
-2.07182
1.55668

0.606004
0.77721
0.169422
-0.00303149
0.165976

-0.938639
-0.3449
0
-0.882572
0.396057

0.938639
0.3449
0
0.226425
0.0800244

-0.063364
-0.146559
0.987171
-0.900754
0.471582

0.063364
0.146559
-0.987171
-0.117219
0.163198

-0.0858055
-0.0213694
-0.996083
-0.270355
0.297472

0.0858055
0.0213694
0.996083
-2.14887
1.82269

-0.0357962
-0.161073
0.986293
0.980496
0.000273975

0.0238577
0.312702
-0.949552
-2.87342
2.51731

-0.0238577
-0.312702
0.949552
0.302854
0.0815641

-0.769615
-0.191006
0.60927
-0.170785
0.10852

0.939902
0.186733
-0.285858
-0.527511
0.149651

-0.268636
-0.874164
-0.404565
-0.493024
0.233139

0.268636
0.874164
0.404565
0.0828083
0.0880189

-0.629245
-0.130489
0.766175
0.79088
0.0020399

0.629245
0.130489
-0.766175
-0.0227888
0.0484388

0.612963
0.714201
0.337925
0.422138
0.0109457

-0.612963
-0.714201
-0.337925
0.78477
0.00152789

-0.087182
-0.763462
-0.639941
0.261336
0.0478578

0.087182
0.763462
0.639941
-0.293941
0.146839

0.0935439
-0.989327
-0.111725
0.960505
9.43067e-05

-0.0935439
0.989327
0.111725
-1.44744
0.361768

0.699869
-0.669457
-0.249019
-0.029788
0.149494

-0.699869
0.669457
0.249019
-1.317
0.756689

-0.417216
0.478956
0.772354
0.882861
0.00712147

0.417216
-0.478956
-0.772354
-23.0656
298.784

-0.878838
-0.0706609
0.471859
0.229639
0.047943

0.878838
0.0706609
-0.471859
-0.0717193
0.0927321

0.341218
0.14582
0.928605
0.936038
0.000661768

-0.367733
-0.700205
-0.611952
-0.103342
0.0705856

0.367733
0.700205
0.611952
0.659463
0.00672611

0.33303
-0.779593
-0.530402
0.564471
0.0172174

0.776748
-0.256484
0.57522
0.947943
0.000219294

-0.776748
0.256484
-0.57522
-2.10837
0.744888

0.224134
0.269926
0.936432
0.666265
0.00646256

-0.224134
-0.269926
-0.936432
-0.108169
0.0709094

0.0518694
-0.30183
-0.95195
-36.481
1015.32

-0.0518694
0.30183
0.95195
0.965582
0.000857352

0.402258
0.383283
0.831434
0.82408
0.00191899

0.335502
-0.148039
0.930335
0.939449
0.000365682

0.763369
0.153071
0.627564
0.174241
0.0267426

-0.763369
-0.153071
-0.627564
0.806069
0.00147643

-0.769299
-0.0701698
-0.635024
0.599585
0.0147705

0.769299
0.0701698
0.635024
-1.0619
0.389549

0.584934
0.670211
0.456804
0.870438
0.000977454

0.81543
0.0435076
-0.577219
0.311483
0.0252538

-0.81543
-0.0435076
0.577219
0.479381
0.0144649

-0.177059
-0.462378
0.868825
-0.0870364
0.169296

0.177059
0.462378
-0.868825
-1.28548
0.7472

-0.686342
-0.20883
0.696652
0.476059
0.0305296

0.686342
0.20883
-0.696652
-1.3913
0.633417

-0.66042
0.453057
0.59882
0.881785
0.00101897

0.66042
-0.453057
-0.59882
-1.33512
0.387974

0.362182
0.560429
-0.744811
-0.0322978
0.0555507

-0.362182
-0.560429
0.744811
0.713429
0.0042888

0.757298
-0.446201
0.476869
0.991592
3.03334e-06

0.162123
-0.489658
-0.85671
-0.457047
0.107318

-0.162123
0.489658
0.85671
0.875036
0.000790024

-0.316856
0.0405102
-0.947608
0.544956
0.0065013

-0.337273
-0.113822
0.934501
0.930345
0.00150296

0.337273
0.113822
-0.934501
-13.4437
64.5604

0.138501
0.490106
0.860589
0.877041
0.00317376

-0.138501
-0.490106
-0.860589
-7.62444
15.5464

0.628061
-0.290249
0.722008
0.920432
0.000316018

-0.628061
0.290249
-0.722008
-0.494102
0.102947

0.397142
0.545774
-0.73784
-2.12055
1.21535

-0.397142
-0.545774
0.73784
0.561171
0.0241599

0.505601
-0.263751
0.821464
0.797998
0.000869104

-0.505601
0.263751
-0.821464
0.760313
0.00120514

0.498789
-0.118953
0.858522
0.757917
0.00487183

-0.498789
0.118953
-0.858522
-1.23497
0.413173

-0.727287
-0.483746
0.486872
-0.242846
0.181881

0.727287
0.483746
-0.486872
-0.426728
0.239651

0.223888
-0.974615
0
0.44954
0.0225404

-0.223888
0.974615
0
-0.175833
0.101557

-0.00383328
0.472714
0.881207
0.235582
0.0595152

0.347009
0.316294
-0.882917
-10.8946
37.2237

-0.347009
-0.316294
0.882917
0.919646
0.00173688

0.512928
-0.335726
0.790059
-0.00609601
0.0787563

-0.512928
0.335726
-0.790059
0.234385
0.0456109

0.000345838
-0.38524
-0.922816
-0.96149
0.585229

-0.000345838
0.38524
0.922816
-0.501763
0.343233

0.868307
-0.402185
-0.290327
-0.0758276
0.109733

-0.868307
0.402185
0.290327
-0.063318
0.107206

-0.537733
0.125679
0.833695
0.912894
0.00201784

-0.348904
-0.119214
-0.929545
-1.06554
0.679322

0.348904
0.119214
0.929545
-0.561864
0.388615

-0.46535
-0.885126
0
0.221647
0.0776682

0.46535
0.885126
0
-1.20158
0.589519

-0.000290161
-0.962892
0.269888
0.706247
0.00376265

0.000290161
0.962892
-0.269888
0.245004
0.0248024

0.437246
-0.453933
-0.776377
-0.0442548
0.0816598

-0.437246
0.453933
0.776377
0.32511
0.0341304

0.368759
-0.490199
0.789761
0.808448
0.00260346

-0.368759
0.490199
-0.789761
-0.961496
0.271264

-0.670492
-0.200788
0.71423
0.713948
0.0451362

0.670492
0.200788
-0.71423
-22.1702
295.558

0.663187
-0.748454
0
0.456797
0.0407172

-0.663187
0.748454
0
-1.37484
0.62134

0.408389
0.0458109
0.911658
0.846351
0.00655964

-0.408389
-0.0458109
-0.911658
-10.5407
36.8982

0.783188
0.0285727
0.621128
0.997804
7.75628e-07

-0.783188
-0.0285727
-0.621128
-1.78234
0.412523

0.730743
0.237602
-0.639969
0.668551
0.00545672

-0.730743
-0.237602
0.639969
0.132094
0.0373756

-0.602768
-0.63395
-0.48454
0.760921
0.00193536

0.602768
0.63395
0.48454
0.44486
0.0103292

-0.436945
-0.899488
0
-1.39057
1.3977

0.436945
0.899488
0
-2.18271
2.47737

-0.188563
0.596021
0.780515
0.374076
0.0439212

0.188563
-0.596021
-0.780515
-1.18779
0.534552

-0.10294
0.921529
0.374417
0.938896
0.00020418

0.10294
-0.921529
-0.374417
-0.928325
0.198287

-0.195455
0.0154447
-0.980591
0.882515
0.0011913

0.38415
-0.51569
-0.765828
-1.75834
0.874369

-0.38415
0.51569
0.765828
0.558663
0.0225173

0.134084
0.356249
0.924721
0.970197
0.000641151

-0.134084
-0.356249
-0.924721
-36.5588
1015.53

0.515396
-0.761104
0.39381
0.71395
0.0162961

-0.529326
0.736647
0.420911
0.408828
0.0308429

0.529326
-0.736647
-0.420911
-0.537905
0.208463

0.937383
-0.160361
0.309189
0.901404
0.00496804

-0.358036
0.692793
0.625978
0.852683
0.00126167

0.358036
-0.692793
-0.625978
-0.601654
0.14534

0.939199
0.278177
0.201303
0.489279
0.00472249

-0.681749
-0.446736
0.579349
-0.393929
0.157241

0.681749
0.446736
-0.579349
0.447402
0.0247803

0.233318
0.366738
0.900592
0.767526
0.00314169

-0.233318
-0.366738
-0.900592
-0.367095
0.108626

0.509618
-0.828971
-0.230428
0.973468
3.93672e-05

-0.589458
0.149242
-0.793893
-1.19039
0.407467

0.589458
-0.149242
0.793893
0.722142
0.00656056

-0.550423
-0.122825
-0.825802
0.65713
0.00829283

0.550423
0.122825
0.825802
-0.491549
0.156413

0.275613
-0.617653
0.736575
0.893909
0.00441594

-0.275613
0.617653
-0.736575
-16.9293
125.873

0.502776
0.128855
-0.854759
-3.41336
2.3189

-0.502776
-0.128855
0.854759
0.877407
0.00180261

-0.769401
0.497746
-0.400339
0.695519
0.00597715

0.769401
-0.497746
0.400339
-0.383441
0.122913

0.0968408
-0.827416
-0.553177
0.491059
0.0129397

-0.0968408
0.827416
0.553177
0.375538
0.0194739

-0.762994
-0.593268
0.256659
-2.48516
1.49732

0.762994
0.593268
-0.256659
0.678822
0.0127281

0.32152
0.925638
0.199547
0.567316
0.0455212

-0.782129
0.590098
0.200146
0.996313
1.31318e-06

0.782129
-0.590098
-0.200146
-3.69556
1.98346

-0.643628
-0.765339
0
0.527141
0.0311203

0.643628
0.765339
0
-1.57446
0.73185

-0.540123
-0.0485521
0.840185
0.855919
0.000587435

-0.224255
-0.254959
-0.940588
0.475385
0.0305921

0.927949
-0.2463
-0.279728
0.823334
0.00139372

-0.927949
0.2463
0.279728
-0.053793
0.0495256

0.065516
0.0667065
-0.995619
0.948516
0.00020761

-0.146865
0.771252
-0.619355
-0.101376
0.12556

0.146865
-0.771252
0.619355
-0.243344
0.159979

0.150846
-0.356164
0.922167
0.881265
0.00150048

-0.150846
0.356164
-0.922167
-2.86566
1.5879

0.0524938
-0.85516
0.5157
-0.755312
0.477599

-0.534127
-0.445976
-0.718202
0.95229
0.000159476

-0.681631
-0.731696
0
0.659263
0.00979391

-0.339819
0.525831
-0.77976
-1.15882
0.440425

0.339819
-0.525831
0.77976
0.59891
0.0153243

-0.25643
0.0846699
-0.962847
-36.8206
1016.13

0.25643
-0.0846699
0.962847
0.983237
0.000201986

0.85687
0
-0.515533
0.36788
0.0462859

-0.85687
0
0.515533
-1.30385
0.614588

0.664917
0.338948
-0.665583
0.750956
0.00431758

-0.664917
-0.338948
0.665583
-0.691395
0.196492

-0.131352
0.286164
0.949135
0.543609
0.0223995

0.131352
-0.286164
-0.949135
-1.45263
0.646229

0.234685
-0.731091
0.640648
0.734238
0.00142224

0.460823
0.421018
0.781272
0.912566
0.00391254

-0.460823
-0.421018
-0.781272
-23.2874
299.383

0.953581
0.301136
0
0.429658
0.0222572

-0.953581
-0.301136
0
0.330642
0.0293775

-0.483332
0.687562
0.541894
0.526832
0.00465989

0.430315
-0.779044
-0.455981
-1.49626
0.535927

-0.430315
0.779044
0.455981
0.791283
0.003771

-0.055727
-0.641824
0.764825
0.892399
0.00214986

-0.221314
0.722886
0.654565
0.937428
0.00043973

0.221314
-0.722886
-0.654565
-0.613138
0.122146

-0.202763
0.240845
0.949147
0.893857
0.000997855

0.202763
-0.240845
-0.949147
-1.95096
0.727635

0.359353
-0.860366
0.361436
0.44937
0.0044635

0.139888
0.541522
-0.828966
-0.0175772
0.245665

-0.139888
-0.541522
0.828966
-4.38295
6.86492

-0.862971
0.432529
-0.261152
0.00188005
0.0676587

0.862971
-0.432529
0.261152
0.425577
0.0224191

-0.0368773
-0.614062
0.788396
0.640467
0.0055668

0.0368773
0.614062
-0.788396
0.383139
0.0162191

0.773354
-0.109815
-0.624391
-12.0332
62.1615

-0.773354
0.109815
0.624391
0.553043
0.0731172

0.780897
0.182917
0.597279
0.0374625
0.10925

-0.780897
-0.182917
-0.597279
-0.780301
0.373412

0.339143
0.334857
-0.879121
-6.87296
11.0046

-0.339143
-0.334857
0.879121
0.936229
0.000751953

-0.434039
-0.473807
0.766236
0.543128
0.0242048

-0.0895506
0.032814
-0.995442
-4.07326
3.55696

0.0895506
-0.032814
0.995442
0.851561
0.00304686

-0.770704
-0.000931024
-0.637193
0.0178198
0.041775

0.770704
0.000931024
0.637193
0.839538
0.00165638

0.843539
0.135301
-0.519746
0.828369
0.000983829

-0.843539
-0.135301
0.519746
0.313478
0.01572

-0.212705
-0.234642
0.948525
0.715409
0.00704542

0.212705
0.234642
-0.948525
-1.18243
0.406309

0.811105
0.373558
-0.45007
0.960515
0.000113071

-0.811105
-0.373558
0.45007
-1.8808
0.576177

0.414392
0.19422
-0.889133
0.662927
0.0110699

0.556954
0.226458
0.799074
0.94161
0.000186188

-0.556954
-0.226458
-0.799074
-0.715931
0.141747

0.0135655
0.695196
0.718693
0.89391
0.00441549

0.0252532
-0.657522
0.753012
0.997165
2.12121e-06

0.419831
0.74788
-0.514215
0.907118
0.000501147

-0.419831
-0.74788
0.514215
-0.856348
0.194472

-0.880919
0.235331
0.410611
0.829415
0.00206885

0.880919
-0.235331
-0.410611
-1.06913
0.30412

-0.334093
-0.884395
-0.325924
0.840294
0.00314198

0.334093
0.884395
0.325924
-3.31845
2.29547

-0.410698
0.643154
-0.646282
0.515034
0.0154756

0.741479
-0.0247251
0.670521
0.700737
0.00267385

-0.741479
0.0247251
-0.670521
0.639067
0.00386894

0.521766
0.853088
0
-0.934426
0.525463

-0.521766
-0.853088
0
-0.284315
0.233178

0.764712
0.0323389
0.643561
0.604451
0.0114559

-0.419714
0.0552651
-0.905972
-0.383841
0.156356

0.419714
-0.0552651
0.905972
0.430505
0.0266487

-0.1646
-0.293831
-0.941578
-17.5283
126.708

0.1646
0.293831
0.941578
0.967152
0.000402697

-0.876479
-0.0312279
-0.480427
-1.25265
0.498494

0.876479
0.0312279
0.480427
0.586248
0.016865

-0.208253
0.218415
0.953376
0.950322
8.7365e-05

0.208253
-0.218415
-0.953376
-0.187381
0.048963

0.0894341
-0.250287
0.964032
0.956471
0.000416315

-0.0894341
0.250287
-0.964032
-9.3618
23.5511

-0.777547
0.581273
-0.239879
-0.519682
0.103788

0.777547
-0.581273
0.239879
0.932948
0.000203504

-0.40445
-0.253866
0.878619
0.369519
0.065339

-0.0967298
-0.0945971
0.990805
0.972534
0.000542598

0.0784817
-0.996916
0
0.61655
0.0045969

-0.274852
0.465134
0.841491
0.86568
0.00723402

0.670035
0.308032
-0.675403
0.238171
0.0276881

-0.670035
-0.308032
0.675403
0.637655
0.00626691

0.570387
-0.494399
0.655918
0.590427
0.0454291

-0.570387
0.494399
-0.655918
-8.10256
22.3878

0.123783
-0.708819
0.694444
0.643958
0.0199487

-0.123783
0.708819
-0.694444
-3.65383
3.39167

-0.187614
0.95221
-0.241033
0.876686
0.00147756

0.187614
-0.95221
0.241033
-2.41592
1.13055

0.670004
-0.642236
0.372327
0.622665
0.0147003

-0.670004
0.642236
-0.372327
-1.53299
0.662121

0.338992
0.20681
-0.917777
0.0448961
0.0500048

-0.338992
-0.20681
0.917777
0.636067
0.00737649

-0.686909
-0.527509
-0.49989
-2.64058
1.16132

0.686909
0.527509
0.49989
0.950534
0.000221865

0.172906
-0.702208
0.690657
-0.535078
0.160073

-0.172906
0.702208
-0.690657
0.706176
0.00593396

0.779653
0.187824
0.597381
0.164138
0.0623089

-0.779653
-0.187824
-0.597381
-0.203642
0.129191

0.471869
0.777072
0.416531
0.502864
0.0116403

-0.471869
-0.777072
-0.416531
0.429306
0.0153388

0.310074
0.367867
0.876657
0.878945
0.000689756

-0.310074
-0.367867
-0.876657
-0.195737
0.0623004

0.205815
-0.596891
-0.775475
0.56561
0.00634641

-0.205815
0.596891
0.775475
0.67003
0.00366523

0.271726
0.498154
-0.823412
-3.36082
2.30441

-0.271726
-0.498154
0.823412
0.857572
0.0025154

-0.163863
-0.935207
0.313906
0.995411
2.18219e-06

0.610472
0.754996
-0.239383
-36.1315
1014.11

-0.610472
-0.754996
0.239383
0.940589
0.00259822

-0.0368334
0.32366
0.945456
0.957963
0.000305963

-0.496397
0.839606
-0.220572
0.946681
0.000168109

0.944547
0.215793
-0.247515
0.603067
0.0157304

-0.944547
-0.215793
0.247515
-1.31236
0.527054

-0.662041
-0.593364
-0.457843
-0.609033
0.367908

0.662041
0.593364
0.457843
-0.609033
0.367908

0.0921824
-0.874218
-0.476702
0.979019
1.69422e-05

0.588538
0.808469
0
-1.75343
0.698175

-0.588538
-0.808469
0
0.791772
0.00446596

0.293699
-0.462431
0.8366
0.898728
0.000693436

-0.293699
0.462431
-0.8366
-1.11198
0.283606

0.360458
0.7949
0.488062
0.550518
0.0152108

-0.360458
-0.7949
-0.488062
-0.410452
0.149336

-0.437472
0.672205
-0.597293
0.0367693
0.0523364

0.437472
-0.672205
0.597293
0.60993
0.00859547

0.423429
0.414493
-0.805545
-0.247197
0.0818304

-0.423429
-0.414493
0.805545
0.79299
0.00225524

0.0920779
-0.115958
0.988977
0.800761
0.00534738

-0.0920779
0.115958
-0.988977
-3.56319
2.80331

-0.29758
0.52458
-0.79766
0.937619
0.000305171

0.29758
-0.52458
0.79766
-1.57012
0.446751

-0.0161318
0.536737
-0.843595
-1.32282
0.683857

0.0161318
-0.536737
0.843595
0.209595
0.0794107

-0.788159
0.162631
0.593597
0.149825
0.0353403

0.788159
-0.162631
-0.593597
0.670845
0.00530817

0.126404
0.512242
-0.849488
0.13464
0.364099

-0.126404
-0.512242
0.849488
-14.6307
118.789

0.984987
-0.0552434
-0.163551
-0.253831
0.0780799

-0.984987
0.0552434
0.163551
0.829414
0.00144768

-0.33294
-0.942948
0
-1.54617
1.70647

0.33294
0.942948
0
-2.46562
3.15741

-0.15571
0.641728
0.750959
0.758134
0.00206052

0.15571
-0.641728
-0.750959
0.399867
0.0126454

-0.653383
-0.29178
-0.698538
-0.177967
0.183999

0.653383
0.29178
0.698538
-0.872731
0.464968

0.217414
-0.216228
0.951828
0.276557
0.0511638

-0.217414
0.216228
-0.951828
-0.590543
0.247195

0.120574
0.38993
0.912917
0.874065
0.000989321

-0.120574
-0.38993
-0.912917
-0.921619
0.229784

0.176707
0.475047
0.862036
-4.4518
6.93169

-0.176707
-0.475047
-0.862036
0.0535111
0.209281

0.151499
0.345822
0.925989
0.894233
0.00112061

-0.751307
-0.204904
0.627338
0.0436859
0.122045

0.751307
0.204904
-0.627338
-1.22055
0.657318

0.0780642
-0.361783
-0.928988
0.275932
0.0588654

-0.0780642
0.361783
0.928988
-1.01129
0.454085

-0.0851628
-0.234196
-0.968452
-10.3818
57.2333

0.0851628
0.234196
0.968452
-0.451763
0.931873

0.560727
-0.158249
0.812738
0.775174
0.000825732

-0.560727
0.158249
-0.812738
0.870265
0.000289201

-0.326757
0.221515
0.918782
0.867877
0.00120175

0.326757
-0.221515
-0.918782
-1.13244
0.309744

-0.475695
-0.0734103
0.876541
0.936229
0.000725957

0.479388
-0.703425
-0.524767
-1.00236
0.350141

-0.479388
0.703425
0.524767
0.63222
0.0118629

-0.132164
-0.991228
0
0.919329
0.00369241

0.00898799
-0.99996
0
0.908419
0.000349522

-0.00898799
0.99996
0
0.60029
0.00370759

0.524265
0.583958
-0.61979
0.458007
0.0740821

-0.524265
-0.583958
0.61979
-6.62175
14.6265

0.345267
0.600093
-0.721581
0.265751
0.0373166

-0.345267
-0.600093
0.721581
0.171101
0.0475234

-0.668787
-0.0567456
-0.741285
-1.85864
0.897251

0.668787
0.0567456
0.741285
0.648057
0.0137039

-0.681146
-0.168888
0.712403
0.935894
0.000237287

0.681146
0.168888
-0.712403
-1.05095
0.23794

0.0622614
0.711851
0.699565
0.847137
0.00939847

-0.0622614
-0.711851
-0.699565
-16.6652
125.362

0.350962
-0.844643
0.404233
0.940567
0.000309518

-0.113234
-0.687564
-0.71724
0.811462
0.000680667

-0.307864
0.209844
-0.928001
-4.00589
4.29138

0.307864
-0.209844
0.928001
0.591357
0.0287951

0.610697
0.393624
0.687102
0.72042
0.00829535

0.128916
-0.419017
0.89878
0.549615
0.00487954

-0.611357
0.0182965
0.791144
0.806048
0.00395462

0.611357
-0.0182965
-0.791144
-2.26872
1.10338

0.54786
-0.282496
0.78743
0.77542
0.00287284

-0.54786
0.282496
-0.78743
-0.335996
0.101039

0.0844973
0.58467
0.806858
-0.308609
0.139884

-0.0844973
-0.58467
-0.806858
0.383679
0.0311586

0.396323
-0.366583
0.841751
0.873624
0.00379212

0.567158
-0.379045
-0.731203
-0.0993359
0.0294714

-0.567158
0.379045
0.731203
0.992815
3.59667e-06

-0.12888
-0.70822
0.694128
0.680839
0.00287374

0.409393
0.876829
0.252128
0.163888
0.0440019

0.547147
0.347838
0.761341
0.909534
0.000268555

0.890824
-0.336612
0.305164
0.540347
0.0119859

-0.890824
0.336612
-0.305164
0.1416
0.0417262

-0.483516
0.838068
0.252696
0.745185
0.00179326

0.438581
-0.616282
0.654097
0.037787
0.158702

-0.438581
0.616282
-0.654097
-2.35278
1.92632

0.403051
0.0713173
-0.912394
0.87682
0.000290523

0.723042
0.257663
0.640952
0.851283
0.0116206

0.260442
0.204278
-0.943631
-4.86825
4.63711

-0.260442
-0.204278
0.943631
0.945042
0.000414134

0.259
0.331082
-0.90736
0.0229769
0.132643

-0.259
-0.331082
0.90736
-1.34729
0.765585

-0.727239
-0.681203
0.0841787
-0.877209
0.760605

0.727239
0.681203
-0.0841787
-2.10314
2.07843

-0.691281
0.269518
0.670441
0.104536
0.128735

0.691281
-0.269518
-0.670441
-2.14813
1.58895

0.0629114
0.317871
0.946044
0.914185
0.00126162

-0.0629114
-0.317871
-0.946044
-5.95103
7.97264

0.258922
-0.361908
0.895534
0.677197
0.00898377

-0.258922
0.361908
-0.895534
-1.04753
0.356073

0.850628
-0.0648996
0.521747
-1.02672
0.739323

-0.850628
0.0648996
-0.521747
-1.04978
0.756234

-0.235608
0.447349
-0.862768
-0.711429
0.212409

0.235608
-0.447349
0.862768
0.711949
0.00602933

-0.290257
0.444232
0.84759
0.945224
0.000482912

0.856536
0.182004
-0.482929
0.798253
0.00339097

0.414507
-0.135657
0.899879
-0.532413
0.455236

-0.414507
0.135657
-0.899879
-2.00354
1.74741

0.575665
-0.68647
0.444263
0.188191
0.027314

-0.575665
0.68647
-0.444263
0.768089
0.00223405

0.726013
-0.443194
0.525817
0.976956
4.50247e-05

-0.510302
-0.334431
-0.792306
-0.379173
0.231825

0.510302
0.334431
0.792306
-0.379173
0.231825

-0.821695
-0.307269
0.480004
0.662091
0.0149702

0.821695
0.307269
-0.480004
-2.7078
1.79721

0.837372
0.530688
-0.131065
-3.51366
2.78698

-0.837372
-0.530688
0.131065
0.777103
0.00679873

0.839995
-0.16511
-0.516863
-2.52692
1.5089

-0.839995
0.16511
0.516863
0.707186
0.0104054

0.237324
0.887808
-0.394303
0.992677
2.74093e-05

-0.240243
-0.61309
-0.752598
-3.40368
3.91743

0.240243
0.61309
0.752598
0.0619364
0.177824

0.27873
0.0572053
0.958664
0.935781
0.00107229

-0.695908
0.514663
0.500833
0.959538
7.65687e-05

0.866556
-0.48206
0.129222
0.393077
0.0229405

-0.46986
0.11003
0.875857
0.88558
0.00515807

0.430491
-0.800903
-0.41621
-0.660197
0.256829

-0.430491
0.800903
0.41621
0.393998
0.0342603

-0.362034
0.48501
-0.796051
-12.1063
62.3303

0.362034
-0.48501
0.796051
0.582069
0.0633836

0.431935
0.713563
0.551597
0.58768
0.00734698

-0.431935
-0.713563
-0.551597
0.42775
0.0141415

-0.629912
-0.254487
0.73379
0.561171
0.0240739

0.629912
0.254487
-0.73379
-2.12055
1.21579

0.241557
0.55387
-0.796793
-1.78201
0.705106

-0.241557
-0.55387
0.796793
0.809171
0.0033253

0.457336
0.414991
-0.786528
-35.2032
1009.14

-0.457336
-0.414991
0.786528
0.839095
0.0199948

0.150867
0.964369
0.217328
0.420748
0.0118266

-0.36281
-0.199983
-0.910152
-1.35572
0.389702

0.36281
0.199983
0.910152
0.89183
0.00087404

0.512588
0.745871
0.425358
0.959754
0.000607166

-0.673021
0.266897
0.689789
0.882861
0.00708479

-0.354184
0.206259
0.912146
0.914162
0.000578385

-0.57969
-0.235215
0.780149
0.824182
0.00157739

0.181618
0.218416
0.958806
-0.843642
0.385551

-0.181618
-0.218416
-0.958806
0.158305
0.0803606

-0.643641
0.686885
-0.337515
0.585979
0.0180575

0.643641
-0.686885
0.337515
-1.49439
0.654582

-0.911917
-0.0205952
-0.409857
-4.82318
9.22463

0.911917
0.0205952
0.409857
-0.306591
0.464522

0.00448906
0.77201
-0.635595
-1.17094
0.264622

-0.00448906
-0.77201
0.635595
0.952692
0.00013711

-0.222583
-0.387217
0.894718
0.948345
0.000813679

0.222583
0.387217
-0.894718
-13.579
64.6915

-0.180097
0.134363
-0.974429
-0.475371
0.271268

0.180097
-0.134363
0.974429
-0.348064
0.226496

-0.691682
-0.547829
-0.470595
0.990138
3.5999e-05

0.545657
-0.184828
0.817372
0.856867
0.00105383

-0.545657
0.184828
-0.817372
-0.392459
0.0984931

0.228601
0.546524
-0.805638
-2.00695
1.04588

-0.228601
-0.546524
0.805638
0.627742
0.016159

-0.550228
0.398539
0.733768
0.8802
0.00100017

0.550228
-0.398539
-0.733768
-1.15512
0.311595

0.405139
-0.201644
0.891741
0.908303
0.00045129

-0.405139
0.201644
-0.891741
-0.693351
0.1503

0.258685
-0.944371
-0.203088
0.956007
9.78664e-05

-0.249257
0.669092
0.700134
0.756661
0.00318101

0.249257
-0.669092
-0.700134
-0.149995
0.0697585

0.0662509
0.91542
0.39701
0.109103
0.0554513

0.511892
0.148803
-0.846064
-3.81457
2.87235

-0.511892
-0.148803
0.846064
0.897607
0.0013431

-0.367683
-0.660575
-0.654561
-1.64749
1.06406

0.367683
0.660575
0.654561
-0.0199621
0.158094

0.627156
0.221157
-0.746837
0.93654
0.000337983

-0.627156
-0.221157
0.746837
-2.06929
0.740957

0.827143
0.202034
-0.524421
-0.252325
0.113055

-0.827143
-0.202034
0.524421
0.514011
0.0170759

0.156291
0.963736
-0.216302
-0.909027
0.433422

-0.0969964
0.848799
-0.519742
-0.829211
0.601907

0.0969964
-0.848799
0.519742
-1.2583
0.917326

0.032711
0.999465
0
0.78022
0.0201578

-0.032711
-0.999465
0
-3.90299
3.01949

-0.900189
0.408172
0.151838
-2.59356
1.15616

0.900189
-0.408172
-0.151838
0.938166
0.000343827

-0.73259
-0.36284
-0.575899
-0.00118029
0.0647583

0.73259
0.36284
0.575899
0.489194
0.0168627

0.528553
0.448559
-0.720713
-0.890896
0.285676

-0.528553
-0.448559
0.720713
0.684539
0.00803479

-0.671131
-0.741339
0
-1.25888
0.455579

0.671131
0.741339
0
0.69468
0.0083441

0.193581
0.873425
0.446828
-18.3085
268.398

-0.193581
-0.873425
-0.446828
-1.14538
3.31355

-0.357605
-0.259487
-0.897098
-3.82173
3.46203

0.357605
0.259487
0.897098
0.740156
0.0101755

-0.0615674
-0.481172
0.874461
0.965754
0.000437578

0.0615674
0.481172
-0.874461
-17.5122
126.694

0.399856
-0.569943
-0.71783
0.885933
0.000612805

-0.259863
-0.648749
0.715259
0.386752
0.0233145

0.259863
0.648749
-0.715259
0.210534
0.0385676

-0.701111
-0.338115
0.627791
0.802976
0.00959536

0.701111
0.338115
-0.627791
-8.65423
23.0262

-0.144894
0.39191
0.908522
0.992551
1.91737e-06

-0.636097
-0.681581
-0.361701
-0.924732
0.230009

0.636097
0.681581
0.361701
0.875855
0.000966201

-0.870403
-0.410105
-0.272421
0.97128
0.000126327

0.201555
0.797781
-0.568261
-1.38983
0.430928

-0.201555
-0.797781
0.568261
0.858894
0.00152857

0.8045
0.00908592
0.593884
-3.30522
5.65266

-0.8045
-0.00908592
-0.593884
-1.71385
2.24651

-0.416789
0.686484
0.595841
0.618397
0.00312935

0.174335
-0.718507
0.673316
0.710568
0.00325226

-0.174335
0.718507
-0.673316
0.411551
0.0131446

0.633097
-0.645942
-0.426553
0.98895
2.63589e-06

-0.633097
0.645942
0.426553
0.143768
0.0150143

-0.356991
0.248834
0.900355
0.9027
0.00055833

0.356991
-0.248834
-0.900355
-0.734562
0.162947

-0.358978
-0.933346
0
0.773674
0.0222597

0.0505611
-0.510445
-0.858423
-0.403789
0.158139

-0.0505611
0.510445
0.858423
0.463545
0.0230956

0.710011
0.501295
0.494557
0.625746
0.00785583

-0.710011
-0.501295
-0.494557
0.0271913
0.0528449

0.062449
0.977354
0.202184
0.233465
0.0356479

-0.678801
-0.684417
-0.266088
0.990888
5.77163e-06

0.033562
0.297458
0.954145
0.963431
0.000970441

0.119214
-0.413414
0.902706
0.675834
0.00469978

-0.119214
0.413414
-0.902706
0.262887
0.0242709

0.120772
-0.714473
0.689161
0.00699604
0.0400884

-0.120772
0.714473
-0.689161
0.849823
0.000917931

0.0587568
-0.288166
0.955776
0.406807
0.0434023

-0.0587568
0.288166
-0.955776
-1.61597
0.839095

-0.549407
-0.477465
-0.685696
0.0232207
0.0507405

0.549407
0.477465
0.685696
0.669828
0.00580144

0.762838
0.3182
0.562874
0.814454
0.00409352

0.633399
0.768219
0.092978
-3.87102
2.39714

-0.633399
-0.768219
-0.092978
0.984146
2.55424e-05

0.464896
0.568464
0.678764
0.294873
0.0343377

0.122751
0.541137
-0.831927
0.640692
0.00619497
