
0.627869
-0.330836
0.704506
0.0361341
0.0597608

-0.627869
0.330836
-0.704506
0.469421
0.0181267

-0.709095
0.685737
0.164163
0.0225681
0.0412574

0.709095
-0.685737
-0.164163
0.813619
0.00150455

0.43974
0.898125
0
0.440826
0.0306212

-0.677091
-0.0713095
0.732436
0.96571
0.000166372

-0.512365
0.180912
0.839496
0.834499
0.00770701

0.512365
-0.180912
-0.839496
-10.4931
36.8277

0.233005
0.197523
-0.952205
-11.0328
37.3596

-0.233005
-0.197523
0.952205
0.94143
0.00088531

-0.825591
-0.00297648
-0.564261
-0.382235
0.103571

0.825591
0.00297648
0.564261
0.818033
0.00180268

0.905333
0.424703
0
-0.205996
0.209457

-0.615856
0.763857
-0.192989
-0.0171827
0.0481959

0.615856
-0.763857
0.192989
0.784599
0.00216514

0.804071
0.184586
-0.565153
-3.75285
3.43561

-0.804071
-0.184586
0.565153
0.702946
0.0134749

0.43262
0.404807
0.805587
-0.471366
0.0909307

-0.43262
-0.404807
-0.805587
0.945203
0.000126958

0.74301
0.515205
0.427201
0.615451
0.0172327

-0.486494
-0.196764
-0.851239
0.875159
0.0006201

0.486494
0.196764
0.851239
-0.0433464
0.0432775

-0.867568
0.454836
0.201121
-0.452674
0.173631

0.867568
-0.454836
-0.201121
0.45749
0.0242246

-0.885264
0.385692
0.259901
0.369005
0.0179439

0.885264
-0.385692
-0.259901
0.596164
0.00735584

-0.970565
-0.183792
0.155641
-0.0364697
0.111347

0.970565
0.183792
-0.155641
-0.321201
0.180922

0.675607
-0.228036
0.70111
0.51506
0.00493627

-0.00609965
-0.646892
-0.762558
0.125784
0.0313334

-0.992605
0.121386
0
-1.75834
0.782491

0.992605
-0.121386
0
0.693516
0.00966222

0.901158
0.254715
-0.350763
0.141846
0.0558444

-0.901158
-0.254715
0.350763
0.141846
0.0558444

-0.602142
-0.726091
-0.33199
0.980707
0.000110015

-0.626123
0.549018
-0.553669
-0.491695
0.177681

0.626123
-0.549018
0.553669
0.517106
0.0186355

0.498291
-0.0525471
0.865416
0.871507
0.0021149

-0.498291
0.0525471
-0.865416
-3.73656
2.85431

-0.947968
-0.318367
0
0.543089
0.0267941

0.947968
0.318367
0
-0.765167
0.275637

-0.200292
0.457196
-0.866519
0.257367
0.060496

0.200292
-0.457196
0.866519
-0.901138
0.396314

-0.27806
-0.769227
-0.575302
0.476676
0.0116279

0.27806
0.769227
0.575302
0.560263
0.00821165

-0.0459615
-0.848286
-0.527541
-4.88447
7.32203

0.0459615
0.848286
0.527541
0.425344
0.0699167

0.573895
0.208896
-0.791838
-2.11082
1.57288

-0.573895
-0.208896
0.791838
0.0530746
0.145992

0.20669
-0.522563
0.827168
0.339884
0.0652766

-0.20669
0.522563
-0.827168
-2.34186
1.66731

-0.076207
-0.378843
-0.922318
-7.19698
15.2093

0.076207
0.378843
0.922318
0.740934
0.0153229

0.557634
0.303703
-0.772534
0.455716
0.0621973

-0.557634
-0.303703
0.772534
-4.92724
7.35464

-0.446832
-0.100508
0.888954
-0.890978
0.26453

0.446832
0.100508
-0.888954
0.752958
0.00454086

-0.363232
0.400155
-0.841391
0.934511
0.000298719

0.363232
-0.400155
0.841391
-1.1189
0.261729

0.074701
0.135559
0.987949
0.306877
0.0592016

-0.074701
-0.135559
-0.987949
-1.39056
0.700729

0.0254602
-0.116414
0.992874
0.973221
0.000515192

-0.486888
-0.413296
0.769498
0.377941
0.0388212

0.486888
0.413296
-0.769498
-0.650093
0.257125

0.548416
0.49243
0.675834
0.675323
0.00220102

0.70744
0.592161
0.385842
-0.845842
0.259927

-0.70744
-0.592161
-0.385842
0.712387
0.00633288

-0.336465
0.0278232
-0.941285
-8.23727
22.5661

0.336465
-0.0278232
0.941285
0.650752
0.0322694

-0.0161047
-0.997256
-0.0722533
0.615052
0.0359158

0.0161047
0.997256
0.0722533
-7.05077
15.701

0.578202
0.425579
-0.696107
0.856
0.000765608

-0.578202
-0.425579
0.696107
0.12835
0.027907

0.139163
0.990269
0
-0.352268
0.212396

-0.139163
-0.990269
0
-0.270925
0.187727

-0.793817
-0.494577
-0.353904
0.965206
3.54405e-05

0.793817
0.494577
0.353904
0.0463649
0.0246913

0.0541386
0.748205
0.661255
0.152481
0.020211

-0.0541386
-0.748205
-0.661255
0.940176
0.000115594

0.117839
0.993033
0
0.301447
0.027334

-0.117839
-0.993033
0
0.426287
0.0184375

-0.0390671
-0.8404
0.540556
-1.45223
0.397572

0.0390671
0.8404
-0.540556
0.93202
0.000326465

-0.185887
0.170196
0.967719
-36.3711
1014.62

0.185887
-0.170196
-0.967719
0.958476
0.00127641

-0.165543
0.497897
0.851289
0.846025
0.00416524

0.165543
-0.497897
-0.851289
-5.70714
7.87171

-0.810858
-0.585243
0
0.632007
0.0103832

0.810858
0.585243
0
0.418777
0.0205248

-0.437559
0.279144
-0.854764
-17.3054
126.464

0.437559
-0.279144
0.854764
0.945039
0.00114156

-0.642495
0.766289
0
0.993694
1.225e-05

-0.179567
0.568461
-0.802875
0.265545
0.0331667

0.179567
-0.568461
0.802875
0.340822
0.0267168

0.0726016
-0.61142
0.787969
0.63194
0.012598

-0.0726016
0.61142
-0.787969
-1.19128
0.445509

0.0683388
0.223854
-0.972224
0.436453
0.00637594

-0.0377593
-0.574971
0.817302
0.794659
0.00930039

0.62411
0.585261
0.517644
-1.94338
1.4993

-0.62411
-0.585261
-0.517644
-0.205597
0.251653

0.754176
0.4063
0.515887
-0.0528814
0.0823975

-0.754176
-0.4063
-0.515887
0.344326
0.0320258

-0.520963
0.67103
0.527557
0.613373
0.00736179

0.707732
-0.483329
0.515276
0.956278
0.000190472

-0.255887
-0.918386
-0.30181
0.967039
5.07614e-05

0.255887
0.918386
0.30181
-0.789591
0.144313

-0.625081
-0.0103904
0.780491
0.783203
0.00475332

-0.620907
0.393273
0.678094
0.68355
0.012947

-0.234865
0.849542
-0.472352
0.842801
0.000885904

0.263615
-0.0556155
0.963023
0.306877
0.0591881

-0.263615
0.0556155
-0.963023
-1.39056
0.700743

-0.134899
0.571272
0.809599
-1.50759
0.656962

0.134899
-0.571272
-0.809599
0.598785
0.0169535

0.663158
0.727547
-0.175776
-0.252234
0.0864212

0.775915
-0.13083
0.617122
0.543822
0.00569148

0.823949
0.25984
-0.503579
-0.231404
0.0633391

-0.823949
-0.25984
0.503579
0.903458
0.000403137

0.425479
0.156754
0.891289
0.702754
0.00992823

-0.425479
-0.156754
-0.891289
-2.10434
1.06862

0.872618
0.476877
-0.10548
-0.710177
0.359514

-0.872618
-0.476877
0.10548
-0.112234
0.152066

0.804904
-0.203125
-0.557557
-2.35278
1.92636

-0.804904
0.203125
0.557557
0.037787
0.158693

0.411162
-0.188356
-0.89189
0.706614
0.00583647

-0.411162
0.188356
0.89189
-0.485264
0.146642

-0.541385
-0.302971
0.78429
0.846758
0.0035089

0.541385
0.302971
-0.78429
-4.5167
4.52937

-0.307739
0.192993
0.931692
0.926634
0.000156421

0.276335
-0.578476
-0.767466
-0.287231
0.188392

-0.276335
0.578476
0.767466
-0.287231
0.188392

0.0792298
-0.645077
0.759999
0.846351
0.00659177

-0.0792298
0.645077
-0.759999
-10.5407
36.8857

-0.863244
-0.504788
0
-1.57968
0.906864

0.863244
0.504788
0
0.144848
0.115359

-0.642389
-0.200027
0.739815
-0.0672847
0.068625

0.642389
0.200027
-0.739815
0.605323
0.0094052

-0.403013
-0.2611
0.877159
0.879693
0.00129216

0.268428
-0.380328
0.885041
0.857836
0.00322256

-0.848092
0.300449
0.43643
0.180542
0.0398378

-0.609371
-0.529793
-0.589904
0.685344
0.00720024

0.609371
0.529793
0.589904
-0.625291
0.190662

-0.585555
0.41431
0.696759
0.725286
0.019432

0.585555
-0.41431
-0.696759
-8.42436
22.7764

0.174663
0.0106579
-0.984571
-7.02986
11.0578

-0.174663
-0.0106579
0.984571
0.962099
0.000268748

-0.266702
0.691531
0.671308
-2.80039
2.4796

0.266702
-0.691531
-0.671308
0.224896
0.103314

-0.898451
0.384963
0.211161
0.975368
1.77763e-05

0.891662
0.452702
0
0.793124
0.0270497

-0.891662
-0.452702
0
-22.5379
291.521

-0.177675
0.720835
0.669947
0.583543
0.0320703

0.177675
-0.720835
-0.669947
-4.50687
5.6055

0.364992
-0.852431
-0.374356
0.393165
0.0254455

-0.364992
0.852431
0.374356
0.0170232
0.0667139

0.179376
0.950311
0.254426
0.204041
0.0250883

-0.179376
-0.950311
-0.254426
0.787965
0.00178652

0.598628
0.777028
0.194608
-0.802121
0.377607

-0.598628
-0.777028
-0.194608
0.0805521
0.0983042

-0.939122
-0.343583
0
0.977133
0.00069049

0.164665
-0.421977
0.891527
0.996141
2.60472e-06

-0.164665
0.421977
-0.891527
-1.4767
0.30022

0.0277236
-0.49028
0.871124
0.827603
0.00644326

-0.0277236
0.49028
-0.871124
-7.44745
15.4232

-0.927225
-0.285458
0.242419
-0.0985241
0.153852

-0.893427
-0.449209
0
-0.113022
0.11206

0.61799
-0.786186
0
0.023236
0.18566

-0.61799
0.786186
0
-2.63294
2.3161

0.392015
0.876516
0.279364
0.77496
0.0171668

-0.392015
-0.876516
-0.279364
-12.6914
63.5039

-0.282773
-0.777064
0.562326
0.597741
0.0219045

0.282773
0.777064
-0.562326
-2.62035
1.76868

-0.335985
-0.48945
0.804707
0.604942
0.0191009

0.335985
0.48945
-0.804707
-2.17143
1.22998

-0.985064
-0.0121863
-0.171758
0.435247
0.0244049

0.985064
0.0121863
0.171758
-0.247903
0.11913

0.925304
-0.379225
0
-2.34185
1.61817

0.202863
0.108669
0.973158
0.970009
0.000268925

-0.0555568
0.520692
-0.851935
0.157204
0.0325806

-0.0701301
-0.184692
-0.980291
0.876853
0.000613016

0.0701301
0.184692
0.980291
-0.0676556
0.0458847

0.554535
0.378897
-0.740897
0.976814
3.66024e-05

-0.564894
-0.340328
0.751712
0.807825
0.00281729

0.564894
0.340328
-0.751712
-1.12005
0.33551

0.96944
0.0761707
0.233206
-0.523347
0.124256

-0.96944
-0.0761707
-0.233206
0.862899
0.00101064

-0.116918
0.0498422
-0.99189
-13.7572
64.7833

0.116918
-0.0498422
0.99189
0.967776
0.000328267

0.350659
-0.345084
0.870606
-0.102622
0.0672825

-0.350659
0.345084
-0.870606
0.698714
0.00502756

-0.384987
-0.255044
-0.886982
-2.99617
2.19603

0.384987
0.255044
0.886982
0.667477
0.0152215

0.600708
-0.185066
0.777754
0.789362
0.0127426

-0.600708
0.185066
-0.777754
-10.3276
36.6304

-0.0186643
-0.712921
0.700996
-0.895278
0.15807

0.0186643
0.712921
-0.700996
0.980524
2.24926e-05

0.535369
0.250593
0.806587
0.809526
0.00279434

-0.535369
-0.250593
-0.806587
-1.21149
0.375646

-0.625734
-0.328993
0.707263
0.661256
0.00625611

0.0460224
-0.652036
-0.75679
0.582662
0.0237906

-0.0460224
0.652036
0.75679
-2.6012
1.76179

-0.519914
-0.368002
-0.770885
-2.56551
1.51825

0.519914
0.368002
0.770885
0.731936
0.00867201

0.333653
0.385086
0.860456
0.117626
0.119081

-0.333653
-0.385086
-0.860456
-1.93412
1.31362

0.664122
-0.541245
0.515748
0.565352
0.0306577

0.145798
0.688062
-0.710855
0.989531
3.00716e-06

-0.0942949
-0.978606
0.182861
0.973626
3.4461e-05

0.865015
-0.137876
0.48243
0.444723
0.0599657

-0.865015
0.137876
-0.48243
-4.30495
5.47164

-0.350003
0.542243
-0.763852
0.992109
4.73092e-06

-0.745313
-0.143154
-0.651165
-3.58608
3.3621

0.745313
0.143154
0.651165
0.599665
0.0256257

-0.232312
0.903694
0.359679
0.886341
0.000419218

0.461002
-0.869598
-0.176852
-0.403274
0.253484

-0.461002
0.869598
0.176852
-0.513289
0.294786

-0.0883638
-0.633865
0.76838
0.752864
0.00258803

0.0883638
0.633865
-0.76838
0.229572
0.0245614

0.213889
0.519921
-0.827003
0.922304
0.000163441

-0.213889
-0.519921
0.827003
0.311789
0.0122571

0.00307732
-0.741604
0.670831
0.745607
0.00389641

-0.00307732
0.741604
-0.670831
-0.34574
0.107446

0.226375
0.0674756
-0.9717
-0.56734
0.152526

-0.226375
-0.0674756
0.9717
0.786816
0.00284289

-0.187417
0.611196
0.76897
0.979414
2.30437e-05

0.187417
-0.611196
-0.76897
-0.53835
0.0876001

0.308928
-0.414107
0.8562
0.288386
0.04811

-0.308928
0.414107
-0.8562
-0.530762
0.222421

0.73011
-0.530058
0.431252
-3.88306
3.48876

-0.73011
0.530058
-0.431252
0.770768
0.00771332

0.0885166
0.829462
0.551504
0.447864
0.0418476

-0.0885166
-0.829462
-0.551504
-2.21153
1.41292

0.403166
-0.447818
0.798071
0.783203
0.00481069

-0.403166
0.447818
-0.798071
-2.04869
0.935785

0.602253
-0.62934
-0.491144
-0.0883919
0.0698346

-0.602253
0.62934
0.491144
0.637741
0.00777209

0.159188
-0.0124013
0.98717
0.821126
0.00627757

0.0478791
-0.372562
0.926771
-0.748775
0.231939

-0.0478791
0.372562
-0.926771
0.684635
0.0076788

-0.449971
0.276663
0.849107
0.830113
0.00122206

-0.386291
-0.725124
0.570066
-0.0267212
0.0663539

0.386291
0.725124
-0.570066
0.536846
0.0135531

-0.474472
-0.506492
0.71996
-0.355556
0.173804

0.474472
0.506492
-0.71996
0.174244
0.0644993

-0.424596
0.15348
0.892279
0.853547
0.00169946

0.424596
-0.15348
-0.892279
-1.48596
0.484824

-0.0445193
0.247701
0.967813
0.730673
0.00154719

0.0445193
-0.247701
-0.967813
0.794133
0.000910928

-0.593981
0.598747
-0.537298
-22.0814
295.239

0.593981
-0.598747
0.537298
0.692703
0.0523377

0.707107
0.707107
0
-4.09041
5.1631

-0.707107
-0.707107
0
0.267611
0.119045

0.0615188
0.449316
0.891252
0.58701
0.00629451

-0.0615188
-0.449316
-0.891252
0.577982
0.00657254

-0.114868
0.437058
0.892068
0.424131
0.0459041

-0.662345
0.647713
0.37652
0.839096
0.00214649

0.662345
-0.647713
-0.37652
-1.57445
0.546145

-0.0778011
0.835646
-0.54373
-0.00803375
0.0716693

0.0778011
-0.835646
0.54373
0.383849
0.0268201

0.224264
0.203535
-0.953037
-3.10216
3.10367

-0.224264
-0.203535
0.953037
0.175666
0.125341

-0.495175
-0.216672
0.841341
0.768692
0.00983916

0.495175
0.216672
-0.841341
-5.49744
7.75881

-0.420261
0.0260431
-0.90703
-23.6719
300.196

0.420261
-0.0260431
0.90703
0.953361
0.00109619

0.78346
-0.381863
0.490276
0.612538
0.0850864

-0.78346
0.381863
-0.490276
-21.7741
293.764

0.233077
0.0215106
-0.97222
0.18176
0.0534687

-0.233077
-0.0215106
0.97222
0.0143155
0.0774747

-0.478976
-0.832121
-0.279566
-2.11082
1.57346

0.478976
0.832121
0.279566
0.0530746
0.145825

-0.943822
0.208661
-0.256242
-0.337381
0.39344

-0.628527
0.0195358
-0.777543
0.678193
0.00466157

-0.250955
-0.191891
0.948788
0.145169
0.0225992

0.59316
0.0202212
-0.804831
-0.539073
0.35188

-0.59316
-0.0202212
0.804831
-0.831635
0.498235

-0.213796
0.0245354
-0.97657
-0.9988
0.595969

0.213796
-0.0245354
0.97657
-0.410356
0.29696

0.218965
0.971749
0.0880845
0.065109
0.0431283

-0.66194
-0.616479
-0.426367
0.152952
0.0505414

0.66194
0.616479
0.426367
0.251549
0.0394698

-0.0823421
0.827856
0.554864
0.806432
0.0153721

0.0823421
-0.827856
-0.554864
-16.4696
124.914

-0.612269
0.307894
-0.728236
-2.75444
1.81186

0.612269
-0.307894
0.728236
0.693518
0.0120966

0.191709
0.10553
-0.975762
-1.6696
0.502769

-0.191709
-0.10553
0.975762
0.934002
0.000311453

-0.0380419
-0.499979
0.865202
0.893274
0.0016405

-0.203374
0.0459265
0.978023
0.972709
2.00236e-05

-0.966172
-0.107813
-0.234281
0.944338
4.35778e-05

0.966172
0.107813
0.234281
0.687925
0.00132149

-0.110418
0.264759
0.957972
0.949473
0.000592535

0.158575
-0.496686
0.853321
0.834174
0.00414003

0.376075
-0.519725
0.767107
0.65057
0.00854002

-0.376075
0.519725
-0.767107
-0.436815
0.142779

-0.175691
0.0984426
-0.979511
-3.68084
4.10369

0.175691
-0.0984426
0.979511
0.341758
0.0811609

-0.684629
0.663088
0.30265
-0.278245
0.200139

-0.233306
0.793784
0.561673
0.931104
0.000158915

0.233306
-0.793784
-0.561673
0.0813669
0.026063

0.51518
0.541336
-0.664488
0.583183
0.00969738

0.446415
-0.69919
-0.558432
-8.93006
23.271

-0.446415
0.69919
0.558432
0.877407
0.00354832

0.674757
-0.56749
0.471866
0.894566
0.000724681

0.824417
0.354474
0.441231
0.750465
0.00141223

0.970307
-0.241876
0
-0.213588
0.138283

-0.970307
0.241876
0
0.0776459
0.0799518

0.177658
0.580167
-0.794886
-1.0849
0.239696

-0.177658
-0.580167
0.794886
0.948192
0.000167559

-0.271693
-0.529532
-0.803603
0.876052
0.000281025

0.37428
-0.214824
0.902089
0.751261
0.0139488

-0.37428
0.214824
-0.902089
-7.22397
15.2459

0.222672
-0.313148
0.923231
0.843356
0.000471843

0.52263
-0.0640795
-0.850148
-2.28245
1.64385

-0.52263
0.0640795
0.850148
0.273093
0.0808666

0.643079
0.540348
-0.542654
-1.00871
0.298271

-0.643079
-0.540348
0.542654
0.786729
0.00339673

0.11474
0.551727
-0.826094
-2.38213
1.28326

-0.11474
-0.551727
0.826094
0.75589
0.00668882

-0.365733
0.881384
-0.299
0.327721
0.0327069

0.365733
-0.881384
0.299
0.0168538
0.0699232

-0.205435
-0.372359
-0.905066
-7.67658
15.5809

0.205435
0.372359
0.905066
0.889843
0.00251748

0.242164
0.913095
0.328046
0.39308
0.0229429

0.0618116
-0.418835
0.905956
0.858547
0.0104517

-0.0618116
0.418835
-0.905956
-22.9057
298.387

0.537432
-0.775998
-0.330143
0.113922
0.0527914

-0.537432
0.775998
0.330143
0.352943
0.0281634

0.79754
-0.192847
-0.571611
-1.15882
0.440455

-0.79754
0.192847
0.571611
0.59891
0.0152691

-0.416144
0.903054
-0.106386
0.210125
0.0852347

0.416144
-0.903054
0.106386
-1.625
0.941294

-0.757122
-0.626067
-0.186567
-1.46618
0.531634

0.757122
0.626067
0.186567
0.770766
0.00466516

-0.265013
-0.449968
0.852817
0.737485
0.00540339

0.265013
0.449968
-0.852817
-0.948106
0.291994

0.3563
-0.0129865
-0.934281
-11.1637
37.4147

-0.3563
0.0129865
0.934281
0.958724
0.000452816

-0.355358
0.285825
0.889958
0.639449
0.0149571

0.355358
-0.285825
-0.889958
-2.02124
1.04994

0.142223
-0.627337
0.765651
0.962279
0.00103149

-0.142223
0.627337
-0.765651
-36.4286
1015.18

-0.405104
0.149193
-0.902015
0.937526
0.000158223

0.405104
-0.149193
0.902015
-0.0331695
0.0352735

0.366579
0.0699291
-0.927755
-1.96696
1.32587

-0.536812
-0.826369
0.170136
0.449159
0.0139981

0.805436
-0.432329
0.405419
-2.53988
2.01329

-0.805436
0.432329
-0.405419
0.268619
0.086003

-0.244663
-0.529634
0.812175
0.919992
0.000426216

0.244663
0.529634
-0.812175
-1.32687
0.353899

0.704132
-0.710069
0
0.120745
0.0961434

-0.704132
0.710069
0
-0.823222
0.384074

0.83146
0.396669
-0.38901
-0.324185
0.159586

-0.83146
-0.396669
0.38901
0.2201
0.0553646

0.387993
0.804789
-0.449195
-0.641217
0.205631

-0.387993
-0.804789
0.449195
0.636547
0.0101194

-0.424341
-0.420437
-0.801977
0.0920794
0.139339

0.424341
0.420437
0.801977
-2.3936
1.94578

0.705276
-0.547989
0.449771
-0.418576
0.150015

-0.705276
0.547989
-0.449771
0.562166
0.0142947

-0.0712782
0.482536
0.872971
0.774959
0.0172507

-0.471785
-0.741361
-0.477287
-0.25036
0.0715416

0.471785
0.741361
0.477287
0.876532
0.000949365

-0.676256
-0.656755
-0.333694
0.797798
0.00279184

0.676256
0.656755
0.333694
-0.651877
0.173228

-0.330397
-0.543068
0.771955
0.774238
0.00168991

0.355968
0.414314
-0.837634
0.905254
0.002401

-0.355968
-0.414314
0.837634
-10.8143
37.1755

0.555797
-0.287823
0.779902
0.96258
8.62284e-05

-0.555797
0.287823
-0.779902
-1.0626
0.22039

-0.408366
-0.123822
-0.904381
-0.0822846
0.0935704

0.408366
0.123822
0.904381
0.254795
0.0443745

0.764363
-0.51768
-0.384392
0.87253
0.00279785

-0.764363
0.51768
0.384392
-5.79285
7.91322

-0.380768
-0.597924
-0.705338
0.970417
4.23885e-05

0.148783
-0.53831
-0.829509
-3.03503
1.61659

-0.148783
0.53831
0.829509
0.936015
0.000413141

0.363939
-0.626362
0.689361
-0.126323
0.0623525

0.520066
-0.854126
0
0.220504
0.0287016

-0.520066
0.854126
0
0.744313
0.00425122

0.294759
0.10971
-0.949253
-4.41921
3.6487

-0.294759
-0.10971
0.949253
0.949748
0.000314845

-0.465218
-0.409218
0.784929
0.341689
0.0423574

0.465218
0.409218
-0.784929
-0.700348
0.282517

-0.131147
0.029876
-0.990913
-5.34377
6.00455

0.131147
-0.029876
0.990913
0.927647
0.000782809

0.395398
-0.262114
0.880316
0.812903
0.0116641

-0.395398
0.262114
-0.880316
-12.8377
63.75

-0.768306
-0.581481
-0.267554
0.804058
0.00326911

0.0492566
-0.342527
0.938216
0.945765
0.000134353

-0.13792
-0.293545
0.945944
0.638089
0.00538054

0.13792
0.293545
-0.945944
0.416024
0.0140067

0.447473
0.389697
0.804925
0.791772
0.00401216

0.204486
0.560975
0.80218
-0.653738
0.297393

-0.204486
-0.560975
-0.80218
0.119378
0.0844912

-0.0832517
-0.208769
-0.974415
0.181509
0.0584842

0.0832517
0.208769
0.974415
-0.16774
0.118753

0.797896
0.212582
0.564066
-1.43789
0.435818

-0.797896
-0.212582
-0.564066
0.883624
0.000998536

-0.0725719
-0.540049
-0.838499
-0.780703
0.294057

0.0725719
0.540049
0.838499
0.463254
0.0267572

-0.972468
-0.228892
-0.0437642
-0.471662
0.108003

0.972468
0.228892
0.0437642
0.884607
0.000666033

-0.00109949
0.182792
-0.983151
-6.77047
14.7966

0.00109949
-0.182792
0.983151
0.543333
0.0511691

-0.434913
-0.900473
0
0.475951
0.0137368

0.434913
0.900473
0
0.393541
0.0183845

-0.240407
-0.566428
-0.788266
0.958433
9.63279e-05

0.240407
0.566428
0.788266
-1.18971
0.265596

0.732603
0.358124
0.578827
0.760978
0.0128271

0.976852
0.173488
0.12515
0.972326
3.41793e-05

-0.856171
0.516693
0
0.597741
0.0126637

0.856171
-0.516693
0
-0.609036
0.202346

-0.512027
0.552868
0.657393
0.810303
0.00890052

0.239741
0.38134
0.892807
0.33724
0.0410976

-0.239741
-0.38134
-0.892807
-0.558229
0.22615

0.181913
-0.305302
0.934718
0.732004
0.00723774

-0.181913
0.305302
-0.934718
-1.81
0.792153

0.221277
0.819127
-0.529214
-1.70347
0.62273

-0.221277
-0.819127
0.529214
0.841537
0.0021651

0.431582
-0.386879
0.8149
0.811931
0.00299124

0.0423444
-0.999103
0
0.70018
0.0171199

-0.737844
-0.100615
0.66743
0.748542
0.0161124

-0.422131
-0.0906498
0.901991
0.879978
0.00151429

0.422131
0.0906498
-0.901991
-2.63065
1.33274

0.779809
-0.480756
0.400964
0.730924
0.00547113

-0.779809
0.480756
-0.400964
-0.865896
0.261999

0.365604
-0.259232
0.893942
0.296894
0.0521314

-0.365604
0.259232
-0.893942
-0.834743
0.353538

0.588733
-0.51653
0.621764
0.296894
0.0520162

-0.588733
0.51653
-0.621764
-0.834743
0.353499

-0.415296
-0.570934
-0.708212
-0.780301
0.373429

0.415296
0.570934
0.708212
0.0374625
0.109294

0.199268
-0.32023
0.926145
0.909066
0.004212

-0.199268
0.32023
-0.926145
-23.2594
299.397

0.0497316
-0.392309
-0.918488
-9.28356
23.4885

-0.0497316
0.392309
0.918488
0.945324
0.000692089

-0.836392
-0.548131
0
-1.94338
1.49916

0.836392
0.548131
0
-0.205597
0.251702

0.515708
0.168833
-0.839965
-0.113016
0.101373

0.640716
-0.544322
0.541477
-0.986847
0.348047

-0.640716
0.544322
-0.541477
0.615824
0.0131113

-0.279982
-0.288495
-0.915631
0.641977
0.00225988

0.561911
-0.0495939
0.82571
0.660511
0.0102223

-0.561911
0.0495939
-0.82571
-1.12181
0.398146

0.44346
0.169532
0.880115
-0.047199
0.056221

-0.44346
-0.169532
-0.880115
0.732774
0.00367148

-0.492406
0.851595
-0.179784
0.132665
0.0977113

0.492406
-0.851595
0.179784
-1.27354
0.671321

-0.165583
-0.293598
-0.941479
-4.05697
4.32237

0.165583
0.293598
0.941479
0.623861
0.023925

0.440814
0.137703
-0.886973
-0.640489
0.12196

-0.294437
-0.232351
-0.926995
-0.813918
0.238312

0.294437
0.232351
0.926995
0.746962
0.0047521

-0.525336
-0.157518
0.836188
-6.03378
8.00515

0.525336
0.157518
-0.836188
0.932393
0.000768231

-0.0456782
-0.0957687
-0.994355
-23.9799
300.833

0.0456782
0.0957687
0.994355
0.976591
0.000264575

-0.378755
0.643463
0.665207
0.57336
0.0135042

-0.45458
-0.756374
-0.470378
-11.8723
61.7691

0.45458
0.756374
0.470378
0.485108
0.0988975

-0.894116
0.139045
0.425704
0.462614
0.0195616

0.894116
-0.139045
-0.425704
-0.0462916
0.0741267

-0.310916
0.38377
-0.869512
0.210536
0.0386389

0.455532
0.423644
0.782954
0.570922
0.0265165

-0.063588
-0.190967
-0.979535
-1.25852
0.437376

-0.390629
0.352532
-0.850371
0.924544
0.000185954

0.872591
0.114067
-0.474947
0.79574
0.00335303

-0.872591
-0.114067
0.474947
-1.28705
0.419555

0.470523
0.522678
-0.710927
-4.61701
5.67288

-0.470523
-0.522678
0.710927
0.648937
0.0221661

-0.874085
0.0841439
-0.47843
0.0168059
0.0609006

0.874085
-0.0841439
0.47843
0.507588
0.0153101

-0.0280533
-0.102312
0.994357
0.993796
1.46674e-05

0.126962
-0.348558
0.928648
0.632221
0.036023

-0.126962
0.348558
-0.928648
-8.19451
22.5141

-0.448356
0.368065
0.814558
0.78841
0.00186023

-0.399563
0.815456
-0.418785
-0.712502
0.1982

0.399563
-0.815456
0.418785
0.769764
0.00358786

0.510613
0.614483
-0.601402
0.934865
0.000248039

-0.510613
-0.614483
0.601402
-0.981191
0.216571

0.500678
-0.764635
0.405777
0.558304
0.0216213

-0.934564
0.19052
0.300487
-0.73703
0.20021

0.934564
-0.19052
-0.300487
0.790402
0.00292525

-0.800602
0.198826
-0.565248
-0.704406
0.330634

0.800602
-0.198826
0.565248
0.0594509
0.100768

0.185817
0.812388
0.552718
0.525962
0.0105395

-0.185817
-0.812388
-0.552718
0.409668
0.0163383

0.688786
0.620817
-0.374381
0.229863
0.0347796

-0.688786
-0.620817
0.374381
0.434184
0.0187862

0.672674
0.739939
0
0.278311
0.0383915

-0.346848
-0.937056
0.0402643
-1.2583
0.917374

0.346848
0.937056
-0.0402643
-0.829211
0.601882

-0.250346
0.00349974
0.96815
0.874303
0.00297804

0.250346
-0.00349974
-0.96815
-6.60389
10.8877

-0.075838
0.444167
-0.892729
-10.3276
36.6242

0.075838
-0.444167
0.892729
0.789362
0.0127647

0.320689
-0.137354
0.937172
0.925667
0.000304345

-0.320689
0.137354
-0.937172
-0.837136
0.180043

-0.57368
0.271788
0.772672
0.239365
0.0622138

0.57368
-0.271788
-0.772672
-0.800323
0.347626

0.28044
-0.592827
0.754924
0.699646
0.00733695

-0.28044
0.592827
-0.754924
-0.986008
0.320675

-0.158625
0.561834
0.8119
0.869184
0.00299253

0.158625
-0.561834
-0.8119
-5.7815
7.90286

0.889386
0.457157
0
0.907011
0.000898634

0.816995
-0.425802
-0.38886
0.908267
0.00049434

-0.230291
-0.0564444
0.971483
0.0703304
0.163828

0.230291
0.0564444
-0.971483
-3.01021
3.04828

0.891588
-0.341649
-0.297232
0.944744
0.00019024

-0.891588
0.341649
0.297232
-1.30625
0.322403

0.0260909
0.582399
0.812484
0.32511
0.0341344

-0.0260909
-0.582399
-0.812484
-0.0442548
0.0816642

-0.914467
-0.40466
0
0.0365833
0.0510492

0.00501562
-0.919334
0.393445
0.922226
0.000589175

0.722425
0.271598
0.635874
0.53126
0.0154693

-0.722425
-0.271598
-0.635874
-0.223157
0.104847

-0.522605
0.538453
-0.661024
-0.782321
0.344483

0.522605
-0.538453
0.661024
0.207861
0.0681633

-0.0654982
0.501672
0.862575
0.872531
0.00278769

0.828396
0.423028
0.36716
0.94952
0.000251691

0.282975
0.625879
-0.726774
0.731604
0.00226263

-0.282975
-0.625879
0.726774
0.544956
0.00649246

0.0821294
0.817981
-0.569352
0.769527
0.000925368

0.017936
0.820722
0.571046
0.706247
0.00401975

-0.245153
-0.394867
0.885426
0.859893
0.00789818

0.245153
0.394867
-0.885426
-16.7322
125.443

-0.487011
0.222051
-0.844698
-0.340863
0.172206

0.487011
-0.222051
0.844698
0.141846
0.0706708

0.443987
-0.352395
0.823829
0.782162
0.00442446

-0.45293
-0.845135
0.283902
0.380582
0.0250748

0.45293
0.845135
-0.283902
0.126521
0.0498581

-0.79958
0.60056
0
0.14849
0.0664299

0.240237
0.240982
-0.940327
-2.17143
1.23005

-0.240237
-0.240982
0.940327
0.604942
0.0190886

0.476563
-0.323485
0.817463
0.728638
0.00622665

-0.476563
0.323485
-0.817463
-1.19819
0.40849

0.131482
-0.713156
-0.688565
-1.70893
0.862593

-0.131482
0.713156
0.688565
0.50947
0.0284006

-0.732356
0.0538505
0.678789
0.4239
0.0481474

0.732356
-0.0538505
-0.678789
-2.42288
1.69912

-0.456301
-0.459491
0.762009
0.881041
0.00562371

0.9322
-0.217907
-0.288998
-0.217696
0.0473186

-0.9322
0.217907
0.288998
0.971419
2.74957e-05

-0.574338
-0.240309
0.782552
0.970197
0.000639578

0.539343
0.16594
0.825575
0.798487
0.000769681

-0.539343
-0.16594
-0.825575
0.782601
0.000894033

0.612126
-0.589758
-0.52677
-6.33582
10.7219

-0.612126
0.589758
0.52677
0.788465
0.00895021

0.324702
0.206014
0.923107
0.995718
6.54954e-06

-0.298083
-0.182245
0.936981
0.917198
0.00117239

0.298083
0.182245
-0.936981
-1.51426
0.43714

0.779188
0.419919
0.465333
0.319498
0.0186509

0.100001
0.66657
-0.738705
0.402412
0.0119805

-0.100001
-0.66657
0.738705
0.788021
0.00155322

-0.757187
0.573649
0.312402
0.976075
3.57806e-05

0.586343
0.2011
-0.784704
-6.77047
14.7996

-0.586343
-0.2011
0.784704
0.543333
0.0511223

0.504342
-0.425982
-0.751118
0.894047
0.000178664

-0.504342
0.425982
0.751118
0.724435
0.00120244

-0.696433
0.0610804
0.715018
0.99734
1.07374e-06

-0.792214
0.176156
0.584266
0.31685
0.06417

0.792214
-0.176156
-0.584266
-1.88651
1.14515

-0.778101
0.0936339
-0.621121
-2.23277
1.24633

0.778101
-0.0936339
0.621121
0.653746
0.0143162

-0.153039
-0.899756
-0.408678
-1.02985
0.457726

0.153039
0.899756
0.408678
0.304459
0.0537898

-0.023486
-0.72936
0.683727
0.568553
0.00701709

0.023486
0.72936
-0.683727
0.577983
0.00671377

0.229476
-0.628075
0.743547
0.891281
0.00142287

-0.229476
0.628075
-0.743547
-3.45312
2.32692

0.651956
-0.652927
0.385539
-0.308609
0.139744

-0.651956
0.652927
-0.385539
0.383679
0.0310274

-0.319859
0.322343
0.890946
0.690414
0.0108419

0.319859
-0.322343
-0.890946
-2.0873
1.06474

0.926233
0.376953
0
0.99169
0.000289711

-0.509667
0.573137
0.641681
0.232534
0.0147315

-0.0170446
0.921461
-0.388096
0.590396
0.00819629

0.0170446
-0.921461
0.388096
0.277773
0.0254695

-0.259727
-0.568422
-0.780665
0.829744
0.000556581

0.259727
0.568422
0.780665
0.77882
0.00091463

0.430849
0.038701
0.901594
-1.06875
0.615795

-0.430849
-0.038701
-0.901594
-0.251479
0.2256

0.708232
0.447973
0.545644
0.102369
0.0959159

-0.708232
-0.447973
-0.545644
-0.909022
0.433434

0.727135
-0.642683
-0.241315
-0.99624
0.541102

-0.727135
0.642683
0.241315
-0.148846
0.179234

-0.572434
-0.528946
-0.626527
0.313476
0.0443972

0.572434
0.528946
0.626527
-0.544677
0.224297

-0.671814
0.163371
-0.722479
-0.615555
0.314337

0.671814
-0.163371
0.722479
-0.136429
0.155646

0.477562
0.410433
0.776839
0.965162
5.24143e-05

-0.869739
-0.278325
0.407541
0.643482
0.0101842

-0.800583
-0.033504
-0.598284
0.140805
0.0490905

0.800583
0.033504
0.598284
0.345592
0.0284867

0.174149
0.281007
0.943773
0.970007
5.53414e-05

-0.174149
-0.281007
-0.943773
-0.751171
0.133825

-0.451728
0.451982
0.769191
0.851377
0.00125763

0.451728
-0.451982
-0.769191
-0.552164
0.13376

0.141829
0.52717
-0.83784
0.82917
0.000590994

-0.00961662
0.401531
-0.915795
-1.35266
0.426841

0.00961662
-0.401531
0.915795
0.837731
0.00210817

-0.555811
0.566009
-0.608858
-2.13442
1.07579

0.555811
-0.566009
0.608858
0.72375
0.00841353

-0.35726
-0.314637
0.879414
0.904477
0.000195653

-0.292763
-0.0629268
-0.954112
-0.481341
0.267532

0.292763
0.0629268
0.954112
-0.284058
0.201019

-0.891209
-0.453593
0
-1.77638
1.08399

0.891209
0.453593
0
0.173969
0.10938

0.223322
-0.334675
-0.915489
-23.2594
299.404

-0.223322
0.334675
0.915489
0.909066
0.00420972

-0.0670121
0.922224
-0.380806
0.967305
0.000101267

0.0670121
-0.922224
0.380806
-3.17375
1.635

-0.352387
0.736408
0.577518
0.72638
0.0100163

0.591642
-0.0372771
0.805339
0.573362
0.0136147

-0.768138
-0.538816
0.345891
-0.0807809
0.0462933

0.125655
-0.872868
-0.4715
-0.265036
0.10213

-0.125655
0.872868
0.4715
0.649575
0.00784543

0.422827
-0.481245
0.767868
0.802471
0.00245015

-0.422827
0.481245
-0.767868
-0.585717
0.153876

0.698259
-0.649173
0.301678
0.151865
0.113882

-0.698259
0.649173
-0.301678
-2.18386
1.60436

0.427394
-0.148439
-0.891796
-8.07351
15.7648

-0.427394
0.148439
0.891796
0.962835
0.000282519

-0.381678
0.76625
0.516898
0.51161
0.00640184

0.381678
-0.76625
-0.516898
0.834914
0.000749346

-0.817905
-0.575353
0
0.801965
0.0207874

-0.717215
0.250135
-0.650412
-10.415
36.7573

0.717215
-0.250135
0.650412
0.813969
0.00976772

0.460244
-0.785499
-0.413723
-3.85742
3.75669

-0.460244
0.785499
0.413723
0.665548
0.0178206

0.112455
0.178199
0.977547
0.97018
0.000170391

-0.112455
-0.178199
-0.977547
-8.13238
15.7996

-0.452934
-0.257357
0.853591
0.898827
0.000627825

0.452934
0.257357
-0.853591
-0.840112
0.193567

-0.13936
-0.710519
-0.68974
-10.2961
36.594

0.13936
0.710519
0.68974
0.780065
0.0139349

-0.402196
-0.617088
-0.676344
0.711945
0.00594219

0.402196
0.617088
0.676344
-0.650831
0.192976

0.428287
-0.176223
0.886293
-1.85933
1.50116

-0.428287
0.176223
-0.886293
-0.464377
0.399307

0.346331
-0.888131
0.302124
0.161348
0.0545608

-0.346331
0.888131
-0.302124
0.0815234
0.0654367

0.230274
-0.312581
-0.921557
-10.7845
37.147

-0.230274
0.312581
0.921557
0.899588
0.00270992

-0.668738
-0.0558826
-0.741395
0.954533
0.00054083

0.668738
0.0558826
0.741395
-11.1296
37.4055

-0.594786
-0.803884
0
-0.176893
0.126462

0.594786
0.803884
0
0.0989383
0.0741553

-0.3897
0.900972
0.190742
0.768185
0.00251261

0.3897
-0.900972
-0.190742
0.0195121
0.044879

-0.0796467
-0.509221
0.856943
0.868403
0.000337357

0.0988438
-0.917598
-0.385025
-0.763017
0.202561

0.714773
0.626607
0.310587
-1.71906
0.695113

-0.714773
-0.626607
-0.310587
0.769563
0.00501457

0.734751
-0.195812
-0.64946
0.742477
0.00169292

-0.734751
0.195812
0.64946
0.698117
0.00231294

-0.402646
-0.915356
0
0.27187
0.0330556

0.402646
0.915356
0
0.322952
0.0285981

0.180163
0.42066
0.889149
0.0343369
0.0689402

-0.180163
-0.42066
-0.889149
0.285796
0.0378009

0.484567
0.0439009
0.873652
0.347147
0.0264774

0.735801
0.639352
-0.223218
-0.346129
0.243016

-0.735801
-0.639352
0.223218
-0.703678
0.389244

-0.906529
0.3245
0.27001
0.304615
0.0768357

0.906529
-0.3245
-0.27001
-2.57271
2.02817

0.509881
0.486595
0.709399
-1.20525
0.538123

-0.509881
-0.486595
-0.709399
0.39743
0.0403121

-0.867257
-0.136157
0.47888
0.112482
0.0604381

0.867257
0.136157
-0.47888
0.151488
0.0552477

0.117594
0.769276
-0.628002
0.228812
0.0335204

-0.117594
-0.769276
0.628002
0.480322
0.0152261

0.405658
0.0149194
-0.913903
0.99498
4.31967e-06

-0.536843
0.843682
0
0.893492
0.00143329

0.536843
-0.843682
0
-3.80157
2.87073

-0.736839
-0.182754
-0.650898
-0.838903
0.259189

0.736839
0.182754
0.650898
0.705777
0.00663776

0.542865
-0.314647
0.778649
0.987607
7.84825e-06

0.88625
0.463206
0
0.719359
0.0932888

-0.88625
-0.463206
0
0.340182
0.182431

-0.624778
-0.780802
0
-0.182362
0.169881

0.624778
0.780802
0
-0.449301
0.249871

0.232502
-0.280755
0.931193
0.881041
0.00558761

0.34407
0.904213
0.253012
-0.870601
0.306233

-0.34407
-0.904213
-0.253012
0.578697
0.0155466

0.593675
-0.236692
0.769108
0.856362
0.00309624

-0.279769
0.0595893
-0.958216
-0.662516
0.130708

0.279769
-0.0595893
0.958216
0.939237
0.00018283

-0.312946
0.606211
0.731145
0.732821
0.0101108

0.633309
-0.0989654
-0.767545
-0.743124
0.163286

-0.633309
0.0989654
0.767545
0.907171
0.000463579

-0.027074
-0.725587
0.687597
0.830521
0.00179074

0.027074
0.725587
-0.687597
-0.674029
0.17041

0.383677
-0.561703
0.732995
0.17397
0.0982009

-0.826465
-0.0226138
-0.562534
-0.709729
0.263406

0.826465
0.0226138
0.562534
0.468238
0.0254832

0.208153
-0.705918
-0.677017
-2.88525
1.84995

-0.208153
0.705918
0.677017
0.771667
0.00639315

-0.240473
0.35694
-0.902644
-1.54656
0.403955

0.240473
-0.35694
0.902644
0.961293
9.45171e-05

-0.11978
-0.528071
-0.84071
0.769764
0.00367059

0.377296
0.343135
-0.860178
-1.59741
0.49609

-0.377296
-0.343135
0.860178
0.906831
0.000679009

0.593586
0.423259
0.684476
0.936532
0.000216646

-0.593586
-0.423259
-0.684476
-0.806751
0.166426

0.038265
-0.117957
0.992281
0.955639
0.000122225

-0.038265
0.117957
-0.992281
-0.858268
0.168648

0.0180037
0.589713
-0.807412
-1.26393
0.738963

-0.0180037
-0.589713
0.807412
-0.12759
0.18698

0.0920127
0.243248
0.96559
-0.26424
0.370154

-0.0920127
-0.243248
-0.96559
-3.6077
4.91672

0.931059
-0.0274242
-0.363837
-0.28463
0.17604

-0.931059
0.0274242
0.363837
-0.133642
0.137101

0.527051
0.367516
-0.766257
-0.541523
0.125317

-0.527051
-0.367516
0.766257
0.875078
0.000864261

0.748074
0.193235
0.634858
0.490019
0.0197558

-0.748074
-0.193235
-0.634858
-0.323746
0.133047

-0.249968
0.779419
0.574475
0.942977
0.000576026

0.810535
-0.252319
-0.528553
0.677453
0.00320234

-0.810535
0.252319
0.528553
0.634694
0.00409937

0.770255
0.294165
-0.565839
0.0156455
0.111762

0.121376
0.394412
0.910883
-1.02278
0.665628

-0.121376
-0.394412
-0.910883
-0.671732
0.454788

-0.41858
0.880801
-0.221316
0.0376341
0.0287654

0.168683
0.403034
-0.899505
-0.0098089
0.037427

-0.168683
-0.403034
0.899505
0.897446
0.000387293

-0.300798
0.573897
0.761684
0.265355
0.0627772

0.300798
-0.573897
-0.761684
-1.11229
0.518828

0.996847
0.0693275
0.0386045
0.813969
0.00976302

-0.996847
-0.0693275
-0.0386045
-10.415
36.7588

0.133174
0.66912
0.731124
0.495204
0.0128222

-0.133174
-0.66912
-0.731124
0.361118
0.0205352

-0.167147
-0.697233
-0.697085
0.354464
0.0149235

0.167147
0.697233
0.697085
0.771281
0.00187518

0.237663
-0.797688
0.554265
0.357845
0.0289491

0.579151
-0.5167
0.63056
0.836808
0.00100723

-0.473478
0.481712
0.737409
0.116821
0.105533

0.473478
-0.481712
-0.737409
-1.40444
0.782048

0.483569
0.138564
0.864269
0.944564
0.000963559

-0.483569
-0.138564
-0.864269
-13.5487
64.6246

0.577241
0.304574
-0.757646
0.737905
0.00151594

-0.577241
-0.304574
0.757646
0.787156
0.00101381

-0.262799
-0.0183289
-0.964676
-0.588515
0.099774

0.262799
0.0183289
0.964676
0.972865
3.00644e-05

-0.152003
0.569101
0.808096
0.81611
0.00451953

0.152003
-0.569101
-0.808096
-3.59725
2.81366

0.180146
0.775858
0.604642
0.58304
0.0280107

0.29443
-0.723926
-0.623892
-0.456457
0.227755

-0.29443
0.723926
0.623892
0.000100851
0.107421

-0.481453
-0.0696447
-0.873701
-2.95805
1.60293

0.481453
0.0696447
0.873701
0.913506
0.000805018

0.792068
-0.594523
-0.138462
-0.457767
0.185926

-0.792068
0.594523
0.138462
0.373337
0.0344264

0.080808
-0.831127
0.55018
-1.74235
0.870896

-0.080808
0.831127
-0.55018
0.543131
0.0241893

-0.15112
0.273171
0.950022
0.896961
0.000520239

0.460743
0.0521417
0.886001
0.606209
0.0125072

-0.460743
-0.0521417
-0.886001
-0.678421
0.224579

-0.0600432
0.587824
-0.806758
-0.0535011
0.0747816

0.0600432
-0.587824
0.806758
0.476505
0.01857

-0.64866
-0.0569091
-0.758947
0.958503
0.000518716

0.519877
0.538628
0.663029
0.540276
0.03261

-0.519877
-0.538628
-0.663029
-3.13752
2.64086

0.34391
-0.555583
0.757003
0.312377
0.0310841

-0.34391
0.555583
-0.757003
0.197958
0.0422778

0.413436
0.910533
0
-0.0711694
0.0635488

-0.413436
-0.910533
0
0.694445
0.00555247

0.60303
-0.679939
-0.417178
0.93101
9.32549e-05

-0.409449
0.0912299
0.907761
0.956991
0.000910251

0.244947
-0.893282
-0.376893
-0.421718
0.207578

-0.244947
0.893282
0.376893
0.0653431
0.089717

-0.844216
-0.536003
0
-0.0159566
0.0829656

0.844216
0.536003
0
0.258758
0.0455569

-0.0670184
0.172827
0.982669
-36.9272
1016.03

0.0670184
-0.172827
-0.982669
0.987462
0.000118449

-0.793118
-0.609068
0
0.337122
0.024621

0.793118
0.609068
0
0.553724
0.012262

-0.723187
-0.690652
0
0.853802
0.00143323

0.723187
0.690652
0
-0.888154
0.227394

-0.807041
-0.00472407
-0.590476
-0.772523
0.203032

0.807041
0.00472407
0.590476
0.818053
0.00217415

-0.399013
-0.733217
0.550619
-4.95939
4.65678

0.399013
0.733217
-0.550619
0.96186
0.000197779

-0.558995
-0.829171
0
0.540275
0.0123009

0.558995
0.829171
0
0.0989403
0.0472202

0.665703
-0.044238
-0.744904
0.458009
0.0219267

-0.665703
0.044238
0.744904
-0.219478
0.110485

0.229056
0.810676
-0.53883
0.823744
0.00293528

-0.229056
-0.810676
0.53883
-1.95598
0.8173

0.90596
0.173949
0.385977
0.939728
0.000193866

0.31429
-0.884318
0.34526
-0.757732
0.368965

-0.31429
0.884318
-0.34526
-0.0088017
0.121564

-0.353964
-0.646674
0.675664
0.673824
0.0154633

0.353964
0.646674
-0.675664
-3.32848
2.71942

0.752601
0.469918
0.461269
0.464106
0.00660006

-0.00889309
-0.67078
-0.741603
0.967234
0.000233224

0.813734
0.581237
0
-1.32821
0.557248

-0.813734
-0.581237
0
0.544519
0.0261315

0.610655
0.137982
-0.779783
0.913359
0.000439932

-0.180512
0.822045
0.540053
0.992418
4.24716e-06

0.180512
-0.822045
-0.540053
-1.43849
0.299628

0.210093
-0.578571
0.788109
-0.0352268
0.058816

-0.334259
-0.19684
0.921697
0.946477
0.00108024

0.334259
0.19684
-0.921697
-17.3183
126.483

-0.0131363
0.865677
-0.500431
-1.16979
0.530891

0.0131363
-0.865677
0.500431
0.349315
0.0478132

0.358154
0.56539
0.743007
0.543854
0.02352

-0.358154
-0.56539
-0.743007
-1.3276
0.560051

0.641605
0.619364
0.452472
-2.39687
1.6891

-0.641605
-0.619364
-0.452472
0.397791
0.0531494

-0.461884
-0.300517
0.834478
-0.181519
0.21235

0.461884
0.300517
-0.834478
-1.38594
0.864913

0.193581
0.873425
0.446828
-18.3085
268.398

-0.193581
-0.873425
-0.446828
-1.14538
3.31355

-0.0279116
-0.708592
0.705067
-0.430254
0.56853

0.0279116
0.708592
-0.705067
-4.72102
9.09126

-0.166235
-0.946377
0.277012
0.365605
0.0185932

0.166235
0.946377
-0.277012
0.576472
0.00829365

0.697269
-0.580707
-0.420232
-12.1063
62.3233

-0.697269
0.580707
0.420232
0.582069
0.0634158

0.802341
0.283676
-0.525144
-3.29779
3.21441

-0.802341
-0.283676
0.525144
0.371688
0.0687913

-0.447057
0.712831
0.540381
0.0898361
0.109065

0.447057
-0.712831
-0.540381
-1.24754
0.664469

0.59335
0.7697
-0.23558
-0.709729
0.263412

-0.59335
-0.7697
0.23558
0.468238
0.0254934

-0.0607267
0.488447
0.870478
0.116868
0.166395

0.0607267
-0.488447
-0.870478
-3.93386
5.19309

-0.896762
-0.442513
0
0.467501
0.0368403

0.911168
-0.204652
0.357618
0.86068
0.00126735

0.744181
-0.418551
0.520586
0.877549
0.00067142

-0.744181
0.418551
-0.520586
-0.193852
0.0620884

0.673239
0.0371102
0.738493
0.451298
0.0229821

-0.673239
-0.0371102
-0.738493
-0.256931
0.120056

0.00448906
0.77201
-0.635595
-1.17094
0.264622

-0.00448906
-0.77201
0.635595
0.952692
0.00013711

-0.429781
0.160011
0.888642
0.863519
0.000617462

0.429781
-0.160011
-0.888642
0.259837
0.0177643

-0.106294
0.235771
0.965978
0.921456
0.000216013

0.106294
-0.235771
-0.965978
0.229734
0.0168974

-0.0753528
-0.910076
-0.407533
-2.18817
1.40526

0.0753528
0.910076
0.407533
0.424133
0.0458955

0.411887
-0.0684898
0.908657
0.892731
0.00195301

-0.800399
0.341463
-0.492711
0.840894
0.00124243

0.288531
0.188678
-0.938696
-2.88525
1.84804

-0.288531
-0.188678
0.938696
0.771667
0.00649877

-0.734812
-0.187697
0.651783
0.866404
0.000893934

0.164984
-0.708988
-0.68565
0.687844
0.00518385

-0.164984
0.708988
0.68565
0.0109638
0.0514219

0.205834
-0.519767
-0.829141
-0.483446
0.0968373

-0.205834
0.519767
0.829141
0.93409
0.00021768

0.227203
-0.922521
0.311985
-0.36559
0.128888

-0.227203
0.922521
-0.311985
0.618471
0.0100771

-0.305286
-0.185286
-0.934061
0.0849106
0.0570284

0.744946
-0.587304
0.316431
0.0402133
0.0569247

0.608029
0.579284
-0.542891
0.836465
0.00129868

-0.522684
-0.710448
-0.471237
-0.605237
0.249279

0.522684
0.710448
0.471237
0.302683
0.0470938

-0.543605
0.751453
0.373914
0.956165
0.000278322

0.543605
-0.751453
-0.373914
-5.48796
6.04457

-0.695261
0.408575
0.591336
0.65231
0.00961967

0.521474
0.853267
0
0.677455
0.00384705

-0.35376
0.0883817
-0.931151
0.866261
0.013636

0.35376
-0.0883817
0.931151
-35.4101
1010.62

-0.473005
-0.333011
-0.815702
-6.14267
8.04065

0.473005
0.333011
0.815702
0.952788
0.000370409

-0.3423
0.9291
0.14001
0.884238
0.00137151

-0.282869
0.930257
-0.233679
-1.80725
0.570589

0.282869
-0.930257
0.233679
0.93988
0.000263664

-0.380337
-0.302973
-0.873814
-8.89761
23.2433

0.380337
0.302973
0.873814
0.869663
0.00403727

0.0349841
-0.0979927
-0.994572
-2.25093
1.63084

-0.0349841
0.0979927
0.994572
0.235783
0.0904758

-0.198307
-0.824812
0.52949
0.420748
0.0302018

0.198307
0.824812
-0.52949
-0.60904
0.232549

-0.0578555
0.42437
0.903639
0.531917
0.0306322

0.0578555
-0.42437
-0.903639
-2.5399
1.7403

-0.999741
-0.0227419
0
0.541346
0.00729038

0.999741
0.0227419
0
0.668259
0.00381558

-0.427191
-0.287719
-0.857161
-1.20538
0.244772

0.427191
0.287719
0.857161
0.980349
1.97846e-05

0.25886
-0.350521
0.90007
0.971066
0.00040971

-0.25886
0.350521
-0.90007
-23.8959
300.682

-0.947615
0.26133
0.183665
-0.247903
0.119131

0.947615
-0.26133
-0.183665
0.435247
0.024406

-0.948296
-0.317386
0
-0.710177
0.362087

0.948296
0.317386
0
-0.112234
0.157194

0.799091
0.180699
0.573412
-1.34586
0.513688

-0.799091
-0.180699
-0.573412
0.675713
0.00991604

0.528072
-0.313264
0.789307
0.718667
0.00387349

-0.528072
0.313264
-0.789307
0.057652
0.0434257

-0.614321
-0.192275
-0.765271
0.33131
0.0493372

0.614321
0.192275
0.765271
-1.04786
0.461212

0.481585
0.592343
0.645914
0.675489
0.0222147

-0.481585
-0.592343
-0.645914
-6.06714
10.5265

-0.860212
-0.509936
0
0.46329
0.0229248

0.860212
0.509936
0
-0.111415
0.0899649

0.177572
-0.828151
-0.531633
0.996559
6.10236e-06

0.824691
-0.0565559
-0.562749
0.343765
0.0331287

-0.824691
0.0565559
0.562749
-0.122198
0.0968391

0.273676
0.843871
-0.461501
-0.308328
0.191484

-0.656466
0.250311
-0.711616
-0.190909
0.0752677

0.656466
-0.250311
0.711616
0.768206
0.00290929

-0.268636
-0.874164
-0.404565
-0.493024
0.233139

0.268636
0.874164
0.404565
0.0828083
0.0880189

-0.338281
-0.600641
0.724428
0.284869
0.122873

0.338281
0.600641
-0.724428
-5.43614
9.93606

0.0174238
0.510524
0.859687
0.850409
0.000660807

-0.466178
-0.550812
0.692303
0.732523
0.00568408

0.466178
0.550812
-0.692303
-1.02279
0.32497

-0.439774
0.407258
0.800462
-0.650295
1.23516

0.439774
-0.407258
-0.800462
-10.156
56.4411

0.432496
0.751355
-0.498411
0.874221
0.00073356

0.273358
-0.0722991
0.959192
0.945966
0.00147887

-0.273358
0.0722991
-0.959192
-23.5919
300.023

0.278899
-0.957388
0.0749831
0.838497
0.000685002

0.339779
-0.146111
0.929087
0.888016
0.00071883

-0.339779
0.146111
-0.929087
-0.608103
0.136872

0.102746
-0.259447
0.960276
0.957934
0.000450901

-0.102746
0.259447
-0.960276
-11.1572
37.4398

-0.386076
0.481379
-0.786905
-2.60424
2.04091

0.386076
-0.481379
0.786905
0.337997
0.0690567

0.9257
0.378258
0
-0.934426
0.527435

-0.9257
-0.378258
0
-0.284315
0.247472

0.246891
0.663114
-0.706629
-0.953559
0.405852

-0.246891
-0.663114
0.706629
0.339657
0.0463739

-0.46782
-0.49598
0.731539
0.747949
0.00194212

0.46782
0.49598
-0.731539
0.57146
0.00551577

0.0705659
-0.0102987
0.997454
0.995277
1.117e-06

0.115247
-0.497008
-0.860059
-3.29077
3.83453

-0.115247
0.497008
0.860059
-0.0726869
0.24002

0.0849632
0.325939
-0.941565
-1.48671
1.27896

-0.0849632
-0.325939
0.941565
-1.20273
1.00353

0.514616
-0.456539
0.72577
0.637967
0.00736688

-0.514616
0.456539
-0.72577
-0.00564933
0.0567793

0.780536
0.428552
-0.455089
-0.754602
0.26923

-0.780536
-0.428552
0.455089
0.529459
0.0194062

0.208247
-0.368728
0.90591
0.742554
0.0124685

-0.208247
0.368728
-0.90591
-5.43615
7.71514

-0.010618
-0.888293
0.459155
-0.182362
0.162001

0.010618
0.888293
-0.459155
-0.449301
0.243366

-0.931682
-0.286387
0.223499
0.642438
0.0718665

0.931682
0.286387
-0.223499
-21.8841
294.325

0.66849
0.570635
0.476967
0.959565
0.000170451

-0.66849
-0.570635
-0.476967
-3.40509
1.95674

0.0602273
-0.598258
-0.799037
0.636544
0.0136455

-0.0602273
0.598258
0.799037
-1.54825
0.664772

-0.024302
-0.103721
-0.99431
-1.82743
1.22339

0.024302
0.103721
0.99431
0.0577548
0.135989

-0.412622
-0.548285
0.72741
-1.86378
0.574704

0.412622
0.548285
-0.72741
0.956171
0.000148599

0.33002
-0.890204
-0.314044
0.575638
0.00793088

-0.33002
0.890204
0.314044
0.422397
0.0146803

0.967001
0.254774
0
-0.9988
0.595971

-0.967001
-0.254774
0
-0.410356
0.297723

0.357167
0.129185
-0.925064
0.708811
0.00172719

-0.357167
-0.129185
0.925064
0.822793
0.000641115

-0.102107
0.12806
0.986496
0.841993
0.00819298

0.102107
-0.12806
-0.986496
-12.9615
63.9462

-0.532521
0.77695
-0.335812
0.888407
0.000853759

-0.206703
-0.645062
-0.735641
-0.999103
0.451681

-0.294568
0.481586
0.825412
0.291775
0.0669102

0.294568
-0.481586
-0.825412
-1.68577
0.959117

0.308647
0.200253
0.929858
0.92713
0.000538344

-0.142263
-0.933609
-0.328839
0.717817
0.00328971

0.142263
0.933609
0.328839
0.293696
0.0205398

-0.61351
0.734877
0.289071
0.306877
0.058954

0.61351
-0.734877
-0.289071
-1.39056
0.700984

-0.0655848
0.40806
0.910596
0.860415
0.00140476

0.0655848
-0.40806
-0.910596
-1.11933
0.30857

0.775858
-0.00906846
0.630843
-0.540278
0.300061

-0.775858
0.00906846
-0.630843
-0.32809
0.223128

-0.160472
-0.410358
0.897694
0.898515
0.000771761

0.799806
0
-0.600258
-0.156874
0.11113

-0.799806
0
0.600258
0.251534
0.0465746

-0.58569
0.318374
0.745389
0.650752
0.0323577

0.58569
-0.318374
-0.745389
-8.23727
22.5558

0.213126
-0.3588
-0.908757
-1.72588
0.866487

-0.213126
0.3588
0.908757
0.526752
0.0263149

0.286594
-0.29576
-0.911257
0.0159392
0.094606

-0.404463
0.481775
0.777369
0.678193
0.0241434

0.404463
-0.481775
-0.777369
-7.04519
15.0817

-0.267545
-0.683028
0.679626
0.665655
0.006226

0.267545
0.683028
-0.679626
-0.0239335
0.0577957

0.711576
0.662704
-0.233418
-0.460051
0.186126

-0.711576
-0.662704
0.233418
0.377305
0.0338667

0.181979
0.131636
0.974451
0.475574
0.01073

0.331011
0.356682
0.873619
0.871277
0.00154799

-0.602508
0.402569
-0.689146
-0.850246
0.280937

0.602508
-0.402569
0.689146
0.642778
0.0104771

-0.326207
0.455049
0.828565
0.870876
0.00118248

0.801194
0.298215
-0.518803
0.471209
0.0134484

-0.801194
-0.298215
0.518803
0.44056
0.0150512

-0.143973
-0.822634
-0.55004
0.433813
0.0236422

-0.4937
-0.0679886
-0.866971
-1.1016
0.625004

0.4937
0.0679886
0.866971
-0.182148
0.197762

-0.924878
0.380264
0
0.809714
0.00418736

0.924878
-0.380264
0
-2.70365
1.55191

-0.275944
-0.0849939
-0.957408
-13.311
64.4134

0.275944
0.0849939
0.957408
0.909858
0.00255764

-0.641463
-0.609984
-0.465235
-0.391601
0.130903

0.641463
0.609984
0.465235
0.6521
0.00819008

-0.189517
-0.190384
0.963243
0.100811
0.0864463

0.189517
0.190384
-0.963243
-0.570133
0.262917

0.812233
0.552703
0.186541
0.16687
0.0608009

-0.812233
-0.552703
-0.186541
-0.161623
0.118041

0.335581
0.0692384
-0.939463
-6.31381
14.2501

-0.335581
-0.0692384
0.939463
0.251067
0.149437

-0.929119
-0.0702936
-0.363039
0.691859
0.00718282

0.929119
0.0702936
0.363039
-0.755847
0.232556

0.3953
-0.622607
-0.675351
0.901925
0.000764338

-0.3953
0.622607
0.675351
-1.70317
0.560597

-0.83771
-0.161645
-0.521645
-0.831635
0.498199

0.83771
0.161645
0.521645
-0.539073
0.351799

-0.0565093
-0.126896
0.990305
-0.816817
0.323504

0.0565093
0.126896
-0.990305
0.400429
0.0354734

-0.179058
-0.697666
-0.693686
0.627694
0.0080488

0.179058
0.697666
0.693686
-0.0254018
0.0605246

-0.873585
-0.354416
-0.333525
-3.00231
2.57943

0.873585
0.354416
0.333525
0.426987
0.0529061

0.626413
0.533459
0.568356
-0.0199621
0.158062

-0.626413
-0.533459
-0.568356
-1.64749
1.06411

-0.767383
0.315104
-0.55842
-3.43756
4.7455

0.767383
-0.315104
0.55842
-0.504308
0.548419

0.640521
0.767941
0
0.408817
0.0205756

-0.640521
-0.767941
0
0.27535
0.0307839

-0.051967
0.539612
0.840308
-2.37279
2.18659

0.051967
-0.539612
-0.840308
-0.28012
0.315206

-0.662848
-0.14459
-0.734661
-2.07428
0.741464

0.662848
0.14459
0.734661
0.938066
0.000320987

0.404589
-0.709835
0.576577
0.755418
0.0121824

-0.404589
0.709835
-0.576577
-6.24991
10.6618

-0.0509763
0.124483
0.990911
0.991267
5.4886e-05

0.650452
-0.571689
0.500084
0.712427
0.0213447

-0.650452
0.571689
-0.500084
-8.39013
22.7468

0.593195
0.528645
0.607169
-0.557806
0.197086

-0.593195
-0.528645
-0.607169
0.529912
0.018078

0.871484
-0.364573
0.328028
0.186598
0.0293722

-0.384431
0.913123
-0.135721
0.433122
0.0228589

0.384431
-0.913123
0.135721
-0.0956532
0.0853816

0.0874387
0.34846
-0.933237
0.477463
0.0190308

-0.0334931
-0.423602
0.905229
0.938704
0.00190497

0.0334931
0.423602
-0.905229
-23.5187
299.888

0.943718
0.33075
0
-1.15565
0.575969

-0.943718
-0.33075
0
0.148302
0.103582

0.503227
0.240736
0.829945
0.892357
0.00116784

-0.503227
-0.240736
-0.829945
-2.66285
1.33947

-0.11459
-0.219104
0.968949
-2.60163
1.0065

0.11459
0.219104
-0.968949
0.981224
3.80949e-05

0.601534
0.063259
0.796338
0.666016
0.00763799

-0.601534
-0.063259
-0.796338
-0.449583
0.143676

0.146761
-0.565246
-0.811763
-0.253174
0.134268

-0.146761
0.565246
0.811763
0.274509
0.045031

0.904643
0.42617
0
-0.331617
0.217227

-0.904643
-0.42617
0
-0.331617
0.217227

-0.491536
-0.143864
0.858892
0.0225141
0.0530186

0.491536
0.143864
-0.858892
0.633289
0.00747351

-0.644932
-0.369713
0.668861
-1.51069
1.14133

0.644932
0.369713
-0.668861
-0.64533
0.490311

0.466736
-0.281479
-0.838408
-0.625573
0.121315

-0.466736
0.281479
0.838408
0.942672
0.000156833

0.0444942
0.0471492
-0.997896
0.36788
0.046532

-0.0444942
-0.0471492
0.997896
-1.30385
0.614389

0.439499
0.187142
0.878532
0.400429
0.0352433

-0.439499
-0.187142
-0.878532
-0.816817
0.323413

0.952445
-0.123508
-0.278557
0.242806
0.0383426

-0.952445
0.123508
0.278557
0.242806
0.0383426

-0.184978
0.293848
-0.937783
-1.20183
0.489724

0.184978
-0.293848
0.937783
0.530967
0.0222347

0.817467
0.122279
0.562846
-0.707355
0.197814

-0.817467
-0.122279
-0.562846
0.765269
0.00377824

0.48623
-0.420663
0.765913
-9.09805
23.3953

-0.48623
0.420663
-0.765913
0.91336
0.00172317

0.0955742
-0.340737
0.935288
-0.425858
0.277733

-0.0955742
0.340737
-0.935288
-0.673392
0.382496

-0.264101
-0.907825
0.325737
0.479234
0.00992835

-0.959209
-0.282699
0
0.942853
0.00347494

0.370959
-0.481815
-0.793879
-1.1271
0.262246

-0.370959
0.481815
0.793879
0.937605
0.000249032

0.0161506
0.00680364
0.999846
-1.30963
0.839388

-0.0161506
-0.00680364
-0.999846
-0.334036
0.280057

-0.607421
-0.752612
-0.254196
0.658425
0.00802953

0.607421
0.752612
0.254196
-0.443257
0.143168

0.68932
0.236559
-0.684747
-1.1016
0.625007

0.336977
-0.652734
-0.678517
-0.698568
0.172044

-0.682489
0.399082
0.612325
-2.61328
1.33044

0.682489
-0.399082
-0.612325
0.872971
0.00167251

0.413976
0.284115
0.864814
0.859484
0.00254054

-0.39308
0.122122
0.911358
0.912566
0.00388601

0.39308
-0.122122
-0.911358
-23.2874
299.469

-0.569408
-0.397682
0.71946
0.917591
0.00214861

0.888742
-0.44787
0.0977195
0.586248
0.0168205

-0.888742
0.44787
-0.0977195
-1.25265
0.498532

0.764901
0.129635
0.630968
0.664848
0.00423188

-0.764901
-0.129635
-0.630968
0.468539
0.0106403

-0.415427
0.614013
0.671125
0.664367
0.0066957

0.371076
0.688658
-0.622938
-1.42283
0.640138

-0.371076
-0.688658
0.622938
0.511601
0.0260224

-0.277721
-0.25591
0.925949
0.899181
0.00113025

-0.254568
-0.311089
0.915652
0.939453
0.000138499

0.254568
0.311089
-0.915652
-0.138994
0.0456172

0.194284
0.762984
0.61653
0.648768
0.0027861

0.452805
0.891609
0
0.37695
0.0253498

-0.452805
-0.891609
0
0.194179
0.0418641

0.741366
-0.169662
0.649301
0.582022
0.00880392

0.0463791
0.70366
0.709022
0.770457
0.00186729

-0.0463791
-0.70366
-0.709022
0.37556
0.0137359

-0.0632189
0.336879
-0.939423
-2.86406
1.36894

0.0632189
-0.336879
0.939423
0.952879
0.000203785

0.065559
0.964525
-0.255722
-2.43662
1.29401

-0.065559
-0.964525
0.255722
0.78771
0.00506718

-0.127361
-0.739459
0.661045
0.562702
0.0178819

0.127361
0.739459
-0.661045
-1.02866
0.384617

0.265038
-0.646817
-0.715111
-0.939738
0.249325

-0.265038
0.646817
0.715111
0.843103
0.00167638

0.805061
0.518399
-0.288339
-0.152248
0.131281

-0.545722
0.837966
0
0.677727
0.0106992

0.0263641
-0.44668
0.894305
0.873624
0.0037816

0.420106
-0.135273
0.897336
0.889666
0.00226985

-0.420106
0.135273
-0.897336
-6.66208
10.9177

-0.852745
-0.522328
0
0.669941
0.0144408

0.852745
0.522328
0
-1.2312
0.44728

-0.502839
0.650594
0.569105
-0.198895
0.136587

0.502839
-0.650594
-0.569105
0.0402274
0.0875736

0.386035
0.159789
0.90854
0.866468
0.00050746

0.0469023
-0.14522
-0.988287
-0.177967
0.183995

-0.0469023
0.14522
0.988287
-0.872731
0.464967
