
0.440152
-0.846442
0.29967
-0.758746
0.153302

-0.440152
0.846442
-0.29967
0.938585
0.000187752

0.407892
0.36348
-0.83756
-23.0656
298.767

-0.407892
-0.36348
0.83756
0.882861
0.00712856

-0.401633
0.330759
0.853985
0.789745
0.00347647

0.401633
-0.330759
-0.853985
-1.18303
0.372483

-0.913332
0.407215
0
-0.634583
0.300242

0.913332
-0.407215
0
0.0805521
0.103305

-0.167535
0.805908
-0.567841
0.601636
0.00906072

0.167535
-0.805908
0.567841
0.0416727
0.05217

-0.253295
0.94056
-0.226247
-0.574961
0.331834

0.253295
-0.94056
0.226247
-0.456145
0.283658

0.0156336
-0.212447
-0.977048
-0.936053
0.214102

-0.0156336
0.212447
0.977048
0.915544
0.000454656

0.084382
0.121519
0.988996
0.992631
3.84795e-05

-0.0325828
-0.193855
-0.980489
-0.922479
0.573854

0.0325828
0.193855
0.980489
-0.602684
0.398856

-0.189451
0.659312
-0.72761
-1.25131
0.29245

0.189451
-0.659312
0.72761
0.953614
0.000125788

0.385719
0.668
0.636394
-0.99624
0.541103

-0.385719
-0.668
-0.636394
-0.148846
0.179337

0.833393
0.14098
0.534397
0.782056
0.00412515

-0.833393
-0.14098
-0.534397
-1.48251
0.534089

0.0476811
0.660055
0.749703
0.533612
0.0443704

-0.0476811
-0.660055
-0.749703
-5.04438
7.45096

0.537002
0.670894
0.5114
0.768414
0.00597362

0.806121
-0.532115
-0.258889
0.693687
0.00408842

-0.806121
0.532115
0.258889
0.26705
0.0233666

0.801032
0.108115
0.588778
0.586534
0.00919655

-0.801032
-0.108115
-0.588778
0.159316
0.0378355

0.245398
0.0849218
-0.965696
-0.475022
0.230488

0.893498
-0.229516
-0.385985
0.94499
0.00053702

-0.228975
0.665505
0.710403
0.27412
0.116598

0.228975
-0.665505
-0.710403
-4.69091
7.15475

-0.442331
0.536702
0.718536
0.637864
0.00986094

0.442331
-0.536702
-0.718536
-0.583225
0.186789

-0.373366
0.707506
0.600027
0.00188005
0.067748

0.373366
-0.707506
-0.600027
0.425577
0.0224923

-0.651543
0.656986
0.379289
0.0073595
0.100796

0.651543
-0.656986
-0.379289
-0.338665
0.183276

0.311602
0.213102
0.926009
0.946344
0.000121296

0.156363
0.195682
0.968121
-0.303195
0.178766

-0.156363
-0.195682
-0.968121
-0.0833738
0.123649

0.76136
-0.31364
0.567417
0.759115
0.00344001

0.677396
-0.661951
-0.320868
0.471903
0.0333517

-0.677396
0.661951
0.320868
-1.67346
0.854064

0.164752
0.0247737
-0.986024
-4.72102
9.08816

-0.164752
-0.0247737
0.986024
-0.430254
0.568649

0.179513
-0.903271
-0.389715
0.878194
0.00254376

-0.664821
0.732953
-0.144195
-0.535433
0.0874176

0.664821
-0.732953
0.144195
0.978693
1.71018e-05

0.791311
-0.10108
-0.603
-0.317107
0.0867235

-0.791311
0.10108
0.603
0.854207
0.00153086

-0.56227
0.308445
0.767277
0.708771
0.0295974

0.56227
-0.308445
-0.767277
-12.4664
63.0629

0.600232
-0.151418
-0.785363
-0.508846
0.103524

-0.0879358
0.547115
0.832426
0.840037
0.000467445

-0.597426
0.744273
0.298562
0.641945
0.0111472

-0.0335523
0.999437
0
-0.376006
0.21543

0.0335523
-0.999437
0
-0.204179
0.164991

0.943932
0.330139
0
0.37695
0.0245932

-0.943932
-0.330139
0
0.194179
0.0410154

0.896103
-0.0625621
-0.439414
0.0436823
0.121985

0.934078
0.297944
0.196793
-0.59057
0.187386

-0.672271
-0.112973
0.731634
-3.59725
4.04783

0.672271
0.112973
-0.731634
0.264439
0.103828

-0.413745
0.0456895
0.909246
0.893397
0.00305995

0.743282
-0.156429
0.650432
0.414726
0.0344209

-0.743282
0.156429
-0.650432
-0.912536
0.366431

0.857374
-0.274742
0.43523
0.667407
0.026313

-0.857374
0.274742
-0.43523
-7.16344
15.8128

0.330152
-0.531683
-0.779944
0.673131
0.00294252

-0.330152
0.531683
0.779944
0.703286
0.00242493

-0.440286
0.887034
0.138996
-7.21198
11.1206

0.440286
-0.887034
-0.138996
0.983371
4.57973e-05

-0.0373074
0.855744
0.516052
0.684503
0.00775364

0.0373074
-0.855744
-0.516052
-0.817268
0.256896

0.655782
-0.016963
-0.75476
0.878889
0.000762584

0.396261
-0.155744
0.904832
0.911146
0.000176933

0.662411
0.326668
0.674166
0.825376
0.00407683

-0.0704004
-0.460521
0.884852
0.317377
0.04619

-0.252987
0.1393
-0.957389
-17.5729
126.687

0.252987
-0.1393
0.957389
0.970869
0.000327994

0.601887
0.662028
-0.446599
0.550518
0.0152025

-0.601887
-0.662028
0.446599
-0.410452
0.149327

0.263249
-0.857009
-0.442985
-0.0384766
0.0899292

-0.263249
0.857009
0.442985
0.145741
0.0608718

-0.960519
0.101764
0.258936
-3.68842
2.37357

0.960519
-0.101764
-0.258936
0.954769
0.000224165

-0.999752
-0.0222704
0
-1.89416
0.90527

0.999752
0.0222704
0
0.676563
0.0113314

-0.197457
0.0885389
-0.976305
0.598786
0.017012

0.670884
0.319469
0.669219
0.543734
0.0391076

-0.670884
-0.319469
-0.669219
-4.44506
5.56559

0.569835
0.12729
0.811841
0.735953
0.0204128

-0.569835
-0.12729
-0.811841
-10.156
36.4174

-0.122874
0.655359
-0.745256
-0.969557
0.251679

0.122874
-0.655359
0.745256
0.861732
0.00128411

-0.488476
0.34174
-0.802873
0.75804
0.00179161

0.488476
-0.34174
0.802873
0.525757
0.00688203

0.517634
-0.740372
-0.428842
0.707363
0.00429624

-0.30891
0.196401
-0.930592
0.310412
0.0392635

-0.658087
-0.563993
0.498833
0.451298
0.0228559

0.658087
0.563993
-0.498833
-0.256931
0.119908

0.100028
0.453102
-0.885829
-1.15175
0.311371

-0.100028
-0.453102
0.885829
0.878418
0.000996306

-0.542975
-0.104671
-0.8332
-1.39243
0.392863

0.510946
0.439002
0.739061
-0.501763
0.343069

-0.510946
-0.439002
-0.739061
-0.96149
0.585212

0.0686787
0.0214799
0.997408
0.972521
5.11925e-05

0.798909
0.562079
-0.214037
0.221171
0.0394293

-0.798909
-0.562079
0.214037
0.305305
0.0313712

0.916008
-0.367783
-0.160205
0.652231
0.0151333

-0.916008
0.367783
0.160205
-2.4481
1.48683

-0.609106
-0.335773
0.718503
0.853203
0.00458396

0.609106
0.335773
-0.718503
-7.53489
15.4892

-0.324921
0.263979
0.908153
-0.85929
0.209254

0.324921
-0.263979
-0.908153
0.875499
0.000946024

0.255864
-0.0266955
-0.966344
-0.0894233
0.0668821

-0.255864
0.0266955
0.966344
0.680938
0.00586579

0.619154
-0.0605305
0.782933
-5.00707
9.44922

-0.619154
0.0605305
-0.782933
-0.103337
0.319115

0.233277
0.778317
0.582928
0.508456
0.010942

-0.846693
-0.316505
0.427709
0.958724
0.000435733

0.846693
0.316505
-0.427709
-11.1637
37.4408

0.18195
-0.246652
0.95187
0.11812
0.0305198

-0.375618
0.407753
0.832255
0.856214
0.00266917

0.375618
-0.407753
-0.832255
-3.69506
2.84341

-0.64393
-0.280228
0.711918
0.751954
0.00662355

-0.300696
0.888476
-0.346688
-1.0619
0.38956

0.300696
-0.888476
0.346688
0.599585
0.014715

0.72723
0.289344
-0.622428
-0.253355
0.101434

-0.72723
-0.289344
0.622428
0.633789
0.00872114

0.137333
-0.383514
0.913267
0.833956
0.00369962

-0.137333
0.383514
-0.913267
-3.63904
2.82398

-0.0880431
-0.160053
-0.983174
0.595422
0.00408987

-0.800151
0.435983
0.411919
-0.572477
0.198573

0.800151
-0.435983
-0.411919
0.550129
0.0163118

0.525195
-0.101911
-0.844858
-1.02102
0.35262

-0.525195
0.101911
0.844858
0.651286
0.0106241

0.344456
0.508323
-0.789276
-0.695214
0.183749

-0.344456
-0.508323
0.789276
0.804034
0.00245732

-0.0905805
-0.50975
0.855541
0.935057
0.00160575

-0.27218
0.167595
-0.947539
-0.858571
0.19465

0.27218
-0.167595
0.947539
0.908219
0.00052266

0.367478
0.25964
-0.893055
0.962596
0.000126205

-0.367478
-0.25964
0.893055
-2.90842
1.37397

-0.517735
-0.127531
0.845983
0.830553
0.00280015

0.517735
0.127531
-0.845983
-2.13305
0.951298

0.202961
0.321312
-0.924968
-5.80392
7.9112

-0.202961
-0.321312
0.924968
0.87575
0.00270219

0.200851
0.884887
-0.420279
-7.07802
15.1133

-0.200851
-0.884887
0.420279
0.692448
0.0219151

0.0221163
-0.850809
-0.52501
-3.67493
3.40272

-0.0221163
0.850809
0.52501
0.65709
0.0183212

-0.291067
-0.948864
0.12222
-0.192009
0.0590864

-0.118796
0.807927
0.577184
0.172495
0.0197861

0.118796
-0.807927
-0.577184
0.927352
0.000153038

0.668868
0.421469
0.612356
0.938667
0.00144113

-0.668868
-0.421469
-0.612356
-17.2505
126.36

-0.492745
-0.587953
0.641494
0.491213
0.0307054

0.492745
0.587953
-0.641494
-1.69147
0.858528

0.614342
-0.420976
0.667355
0.919296
0.000704443

-0.614342
0.420976
-0.667355
-3.24202
1.93136

0.147895
0.698148
0.700512
0.880443
0.00301428

0.882019
0.471214
0
-0.397106
0.228744

-0.882019
-0.471214
0
-0.147427
0.1592

-0.357076
0.0934035
0.929393
-0.460051
0.186321

0.357076
-0.0934035
-0.929393
0.377305
0.0340793

-0.44489
-0.482575
-0.75445
-2.47046
1.49306

0.44489
0.482575
0.75445
0.66844
0.013654

0.416863
-0.219705
0.882018
0.864841
0.00108206

-0.365136
0.492801
0.789825
0.674805
0.0124941

0.00160384
0.224438
-0.974487
-1.37068
0.326006

-0.00160384
-0.224438
0.974487
0.963898
7.61775e-05

0.0684836
-0.28646
0.955642
0.908937
0.000537951

-0.382894
-0.149442
-0.911625
0.0110301
0.0814167

0.382894
0.149442
0.911625
0.102978
0.066986

0.236169
0.107571
0.965739
0.986629
3.30581e-05

0.287863
0
-0.957672
0.864935
0.000483338

-0.0281044
-0.677363
-0.735112
-5.18654
5.91383

0.0281044
0.677363
0.735112
0.890927
0.00190104

0.465588
0.318998
-0.825511
-0.0611237
0.0653264

-0.864314
0.356528
-0.354752
0.663565
0.00478703

0.864314
-0.356528
0.354752
0.348753
0.0179255

-0.340651
-0.465276
-0.816991
-8.80747
23.1673

0.340651
0.465276
0.816991
0.846759
0.00566288

-0.629184
-0.361443
-0.688103
-0.386914
0.166688

0.629184
0.361443
0.688103
0.344466
0.0373392

-0.0865254
-0.574014
0.814261
0.810303
0.0088725

0.0865254
0.574014
-0.814261
-8.67842
23.0468

-0.880203
0.422742
0.215712
-0.882572
0.39287

0.880203
-0.422742
-0.215712
0.226425
0.0663491

0.0956383
0.524715
0.845888
-2.3666
2.61301

-0.0956383
-0.524715
-0.845888
-0.968696
0.8939

0.910896
-0.36805
-0.186568
0.996694
8.59579e-07

0.805284
0.503591
0.312912
0.0620193
0.0668083

-0.805284
-0.503591
-0.312912
0.214881
0.0468149

-0.216957
-0.0866166
0.972331
0.158305
0.08043

0.216957
0.0866166
-0.972331
-0.843642
0.385571

-0.542909
-0.220557
-0.810311
0.405062
0.0300134

-0.177145
0.229343
0.95709
0.929873
0.00250753

0.177145
-0.229343
-0.95709
-23.4356
299.688

0.0728579
-0.781315
-0.61987
0.846758
0.00568981

-0.442178
0.606868
0.660447
0.426512
0.0217384

0.442178
-0.606868
-0.660447
0.0565662
0.0586677

0.870254
0.053432
-0.489697
0.946927
9.65006e-05

-0.632328
0.742634
0.220579
-0.170209
0.141524

0.632328
-0.742634
-0.220579
-0.170209
0.141524

-0.262987
-0.21772
0.939912
-1.45105
0.480582

0.262987
0.21772
-0.939912
0.833777
0.0022941

0.631275
0.41252
-0.656748
0.417352
0.0113918

-0.631275
-0.41252
0.656748
0.778522
0.00168232

-0.340081
-0.899197
0.275299
0.760885
0.0238539

0.340081
0.899197
-0.275299
-16.276
124.461

-0.559021
-0.552063
-0.618645
-0.795439
0.274363

0.559021
0.552063
0.618645
0.580566
0.0150484

0.838
0.120351
0.532232
0.809037
0.00721049

-0.579059
-0.0165061
-0.815119
0.99492
1.31535e-06

0.17272
-0.442251
0.880103
-0.0199621
0.1582

-0.17272
0.442251
-0.880103
-1.64749
1.06387

-0.054253
-0.737742
0.672899
0.684821
0.0103442

0.054253
0.737742
-0.672899
-1.74727
0.780053

0.431479
0.198969
0.879908
0.648937
0.0221948

-0.431479
-0.198969
-0.879908
-4.61701
5.67188

-0.693666
-0.355323
-0.626556
0.770865
0.00681221

0.693666
0.355323
0.626556
-3.17127
2.25327

0.782262
-0.32704
0.530199
0.977756
2.47669e-05

-0.782262
0.32704
-0.530199
-0.781295
0.134569

-0.744281
-0.667867
0
0.727857
0.0141162

-0.00112948
-0.976129
-0.217187
0.882802
0.000486666

-0.63621
0.15027
0.75674
0.833234
0.00604478

0.63621
-0.15027
-0.75674
-7.46601
15.4306

0.294792
0.143038
0.944795
0.866532
0.00488324

-0.0294495
-0.356614
0.933788
0.962689
0.000100773

0.196946
-0.617636
-0.761406
-0.0742915
0.12974

-0.196946
0.617636
0.761406
-0.492218
0.250315

-0.30632
0.0978499
0.946886
0.938811
0.00038419

-0.212602
0.655471
0.724678
0.751954
0.00668594

0.212602
-0.655471
-0.724678
-2.1772
1.08488

0.580913
0.278624
0.764793
0.0847905
0.123693

-0.580913
-0.278624
-0.764793
-1.71457
1.08771

-0.0928516
-0.528081
-0.844102
-1.13242
0.515861

-0.229742
0.407966
0.883619
0.132414
0.0566544

0.229742
-0.407966
-0.883619
0.16973
0.0519028

-0.918589
-0.124264
-0.375171
0.619306
0.00838525

0.852576
0.43255
-0.293284
-0.267728
0.153114

-0.852576
-0.43255
0.293284
0.0923396
0.0785028

0.715207
0.284545
0.638368
-0.225936
0.0895006

-0.176082
-0.718499
-0.67287
-2.6012
1.7626

0.176082
0.718499
0.67287
0.582662
0.0236976

0.0148074
-0.0700678
0.997432
0.997261
9.75022e-07

0.211651
0.53633
-0.81704
-0.864369
0.225557

-0.211651
-0.53633
0.81704
0.838228
0.00173701

0.91123
0.411898
0
0.897205
0.00719569

-0.91123
-0.411898
0
-23.1684
294.271

0.330098
-0.513193
-0.792255
0.595797
0.0111317

0.519856
0.441123
-0.731546
-1.15882
0.440433

-0.519856
-0.441123
0.731546
0.59891
0.01531

0.89061
0.454767
0
-5.30995
9.50113

-0.89061
-0.454767
0
0.182231
0.175453

0.377666
-0.670192
-0.638914
0.799393
0.00211438

-0.377666
0.670192
0.638914
-0.253796
0.0821814

-0.296077
-0.449434
0.842821
0.872096
0.00127076

0.296077
0.449434
-0.842821
-1.52145
0.488718

-0.577693
0.42556
-0.696541
-1.44573
0.528757

0.577693
-0.42556
0.696541
0.756104
0.00532361

0.350882
-0.126545
-0.92783
-3.95295
2.90265

-0.350882
0.126545
0.92783
0.935833
0.000520572

-0.585375
0.10274
0.804226
-0.273083
0.213771

0.585375
-0.10274
-0.804226
-0.732804
0.395788

0.175381
0.950285
-0.257292
0.189275
0.128611

-0.175381
-0.950285
0.257292
-3.52154
3.99891

-0.812598
-0.218039
0.540503
0.57337
0.0148378

0.812598
0.218039
-0.540503
-0.65191
0.221604

-0.111078
0.511223
-0.85224
-0.543904
0.240683

0.111078
-0.511223
0.85224
0.188486
0.0666675

0.84563
-0.108084
0.522712
0.463655
0.0518399

-0.84563
0.108084
-0.522712
-3.82711
4.19258

-0.952963
-0.303086
0
0.967549
0.0014712

0.952963
0.303086
0
-36.5134
1000.6

0.236658
-0.526637
-0.816484
-1.73049
0.696966

-0.236658
0.526637
0.816484
0.777103
0.0046654

-0.320261
-0.691912
-0.647063
-0.195282
0.0876397

0.320261
0.691912
0.647063
0.653438
0.00737452

-0.120208
-0.123741
0.985007
0.894651
0.000686667

0.478676
0.264266
-0.837277
0.353589
0.0263773

-0.478676
-0.264266
0.837277
0.2233
0.0380147

-0.281133
0.685849
0.671249
0.829632
0.00438129

0.281133
-0.685849
-0.671249
-4.47073
4.51244

0.223581
0.540178
0.811307
0.811197
0.0047809

-0.223581
-0.540178
-0.811307
-3.58617
2.81017

0.368805
-0.330348
-0.868823
0.54604
0.0175734

-0.437825
-0.197564
0.877085
0.432968
0.0294946

0.437825
0.197564
-0.877085
-0.685592
0.260242

0.144387
0.838438
0.525522
-0.064374
0.189777

-0.585049
0.810998
0
0.26544
0.0962079

0.585049
-0.810998
0
-2.8377
2.46437

0.492322
-0.713177
-0.498996
-4.10453
4.3461

-0.492322
0.713177
0.498996
0.652623
0.020177

0.284953
0.0170138
-0.958391
-11.2736
37.5091

-0.284953
-0.0170138
0.958391
0.970794
0.00021304

-0.988333
-0.152308
0
0.0360302
0.0517938

0.988333
0.152308
0
0.650177
0.00755346

-0.523458
-0.545575
0.654476
0.701031
0.0145694

0.523458
0.545575
-0.654476
-4.19044
4.38995

0.243917
-0.0840309
0.966149
-1.81964
0.793426

-0.243917
0.0840309
-0.966149
0.738823
0.00694303

-0.146584
-0.849583
0.506678
0.313243
0.01939

0.146584
0.849583
-0.506678
0.706401
0.00354494

-0.190126
-0.342752
0.919985
0.868284
0.0028059

0.190126
0.342752
-0.919985
-5.12319
5.91945

0.239345
0.760871
-0.603149
0.62488
0.00829388

-0.239345
-0.760871
0.603149
-0.0510767
0.0646938

-0.0918516
0.567435
0.818279
0.862098
0.00222393

0.601439
-0.3969
0.693355
0.768414
0.00602572

-0.601439
0.3969
-0.693355
-2.40302
1.28739

-0.250114
-0.138903
0.958201
0.931109
0.000807207

0.250114
0.138903
-0.958201
-6.02757
8.00061

0.70858
0.58766
-0.390601
-3.97564
3.52316

-0.70858
-0.58766
0.390601
0.81268
0.00501034

0.0081687
-0.759683
0.650243
0.742659
0.0227984

0.723294
0.189759
0.663956
-1.24754
0.664444

-0.723294
-0.189759
-0.663956
0.0898361
0.10911

-0.803783
-0.277622
0.526174
0.524551
0.0505623

0.803783
0.277622
-0.526174
-5.78539
10.2831

-0.353316
-0.115117
-0.928394
0.536417
0.00409583

0.353316
0.115117
0.928394
0.930085
9.66432e-05

0.739433
-0.352911
0.573317
0.650753
0.0322739

0.628176
0.574045
0.525231
-0.823222
0.381687

-0.628176
-0.574045
-0.525231
0.120745
0.0888452

-0.525833
0.694065
-0.491704
0.362492
0.0181054

0.525833
-0.694065
0.491704
0.610538
0.00675861

-0.422806
-0.464368
-0.778202
0.802975
0.00960714

0.20772
0.000491593
0.978188
0.949226
0.000735235

-0.312784
0.949824
0
-1.88157
0.802903

0.312784
-0.949824
0
0.77999
0.00503979

-0.140906
-0.203664
0.968848
-1.40449
0.576155

0.140906
0.203664
-0.968848
0.621887
0.0142932

-0.805363
0.169151
0.568137
0.558304
0.0215894

-0.166241
0.859956
-0.482535
-0.94075
0.370961

0.166241
-0.859956
0.482535
0.453586
0.0294074

-0.205172
0.960481
0.1881
0.690952
0.0103282

0.205172
-0.960481
-0.1881
-1.91288
0.908898

0.672773
-0.461076
-0.578606
-4.93786
4.65207

-0.672773
0.461076
0.578606
0.958186
0.000239203

0.620301
0.366025
0.693723
0.919013
0.000481034

-0.0447949
-0.148242
0.987936
0.488943
0.0651856

0.0447949
0.148242
-0.987936
-6.67387
14.6903

-0.869286
-0.297532
-0.394735
-1.7559
0.979757

0.869286
0.297532
0.394735
0.378204
0.0499217

0.74949
-0.202695
-0.630221
-3.03837
6.56001

-0.74949
0.202695
0.630221
-4.11106
10.5076

-0.0237061
-0.785858
-0.617953
0.249382
0.0256083

0.0237061
0.785858
0.617953
0.673453
0.00488973

-0.393223
-0.890159
0.230202
0.2526
0.0230125

0.393223
0.890159
-0.230202
0.740012
0.00279435

0.0670768
-0.69412
0.716727
0.467598
0.0151814

-0.016075
0.295951
0.955068
0.983762
5.55752e-05

-0.103455
0.149732
0.983299
0.965946
0.000585464

0.103455
-0.149732
-0.983299
-23.8252
300.438

-0.500505
0.0887109
0.861176
0.789117
0.00379088

0.500505
-0.0887109
-0.861176
-1.38078
0.472037

-0.139075
-0.905121
-0.401763
0.407412
0.0644598

0.139075
0.905121
0.401763
-3.75715
4.15079

0.502057
-0.859926
-0.0920051
-3.02261
1.88533

-0.502057
0.859926
0.0920051
0.839097
0.00301729

0.856978
0.0297826
0.514492
0.715661
0.00775979

-0.856978
-0.0297826
-0.514492
-1.28356
0.458282

0.0623439
0.342345
-0.937504
0.0327848
0.0656843

-0.310036
-0.187349
0.932083
0.979739
3.4103e-05

0.310036
0.187349
-0.932083
-1.53185
0.365507

0.00824504
0.43079
-0.902414
-16.7322
125.441

-0.00824504
-0.43079
0.902414
0.859893
0.0079006

0.491421
-0.600034
0.631241
0.612446
0.0129743

-0.491421
0.600034
-0.631241
-0.900192
0.31009

-0.133545
0.781284
0.609723
0.568609
0.0160177

0.133545
-0.781284
-0.609723
-0.785577
0.273142

-0.216325
-0.21106
0.953235
0.669421
0.00338778

0.0194451
0.523005
0.852108
0.868351
0.000651429

-0.0194451
-0.523005
-0.852108
0.0638354
0.032839

-0.452722
0.303596
0.838374
0.718063
0.00570482

0.452722
-0.303596
-0.838374
-0.656934
0.193558

0.650996
0.391977
-0.650045
0.235455
0.0388307

-0.650996
-0.391977
0.650045
0.264576
0.0359361

0.970709
0.194227
0.141421
0.501375
0.015466

-0.970709
-0.194227
-0.141421
0.0463153
0.0565663

0.240728
-0.844276
0.478798
0.25204
0.0581643

-0.240728
0.844276
-0.478798
-0.724725
0.308955

0.648234
-0.490718
0.582227
0.62209
0.0126098

0.056436
0.507618
-0.859732
-0.124539
0.0791293

0.117839
0.993033
0
0.301447
0.027334

-0.117839
-0.993033
0
0.426287
0.0184375

-0.397948
-0.28484
-0.872068
-36.6137
1015.65

0.397948
0.28484
0.872068
0.973253
0.000516707

0.684788
-0.697796
0.210108
-0.843642
0.385554

-0.684788
0.697796
-0.210108
0.158305
0.0803726

0.805734
0.301131
-0.510013
0.318869
0.0257772

-0.805734
-0.301131
0.510013
0.42114
0.018621

-0.250955
-0.191891
0.948788
0.145169
0.0225992

-0.218607
-0.924657
-0.311802
0.189858
0.0697076

0.218607
0.924657
0.311802
-0.690308
0.303342

-0.93949
0.282099
-0.194367
-5.66537
7.85186

0.93949
-0.282099
0.194367
0.832064
0.00498819

-0.961859
-0.187628
-0.199057
0.720413
0.00324724

0.961859
0.187628
0.199057
0.278825
0.0215778

-0.786921
0.482774
0.384298
0.512915
0.0332715

0.786921
-0.482774
-0.384298
-2.51808
1.73371

0.955639
-0.100165
0.276986
0.570924
0.0108285

-0.955639
0.100165
-0.276986
0.0345765
0.0547627

0.00333495
-0.249334
-0.968412
0.993444
2.12316e-06

-0.365242
0.660831
-0.655668
0.840812
0.0017834

0.127162
-0.0427972
0.990958
0.977597
4.94522e-05

-0.657132
0.559306
0.505326
0.636025
0.00842132

0.657132
-0.559306
-0.505326
-0.217944
0.093849

0.36543
-0.703386
0.609679
-0.962266
0.18538

-0.36543
0.703386
-0.609679
0.969557
4.63244e-05

-0.22232
0.824106
0.520982
0.493253
0.00498949

-0.104557
-0.917226
-0.3844
-0.332395
0.133841

0.104557
0.917226
0.3844
0.503939
0.0185802

-0.258279
-0.292973
0.920575
0.909858
0.00260037

0.889991
-0.255981
0.377345
0.789588
0.00288626

-0.889991
0.255981
-0.377345
-0.67748
0.182427

-0.707357
-0.0884062
-0.701306
-4.1271
4.35863

0.707357
0.0884062
0.701306
0.665776
0.0185277

-0.711514
-0.702671
0
0.702946
0.0134529

0.711514
0.702671
0
-3.75285
3.43618

-0.58899
0.53508
0.605624
0.836904
0.0012711

0.58899
-0.53508
-0.605624
-0.200738
0.0685555

0.349534
-0.512403
0.784391
0.982011
0.00016164

-0.349534
0.512403
-0.784391
-24.073
300.847

-0.256149
-0.754174
0.604656
-2.07182
1.55631

0.256149
0.754174
-0.604656
-0.00303149
0.166086

0.26695
0.625951
0.73275
0.875161
0.00425139

-0.310213
-0.440577
0.842413
0.731635
0.00559041

0.400695
0.59602
-0.695848
-17.0825
126.101

-0.400695
-0.59602
0.695848
0.916886
0.00268863

0.475578
0.611021
0.632834
0.249114
0.0487941

-0.475578
-0.611021
-0.632834
-0.241254
0.133135

0.860022
0.498093
-0.110752
0.610803
0.0327938

-0.869584
0.210071
-0.446871
0.575878
0.0122786

0.869584
-0.210071
0.446871
-0.251731
0.106878

-0.923084
0.384598
0
0.957595
0.00020209

0.53087
0.577837
-0.619905
0.295089
0.0572808

-0.53087
-0.577837
0.619905
-1.13206
0.522996

-0.626926
0.670744
-0.396316
0.589278
0.00625697

0.626926
-0.670744
0.396316
0.571026
0.00682525

0.0226869
0.845202
-0.533966
-1.07312
0.426573

-0.0226869
-0.845202
0.533966
0.501846
0.0246967

0.519128
-0.854696
0
-1.99848
1.33832

-0.519128
0.854696
0
0.204256
0.0942597

-0.0526165
0.89608
-0.440762
-0.0541956
0.163699

0.0526165
-0.89608
0.440762
-1.45591
0.888051

-0.102855
0.170817
-0.97992
-1.40319
0.3275

0.102855
-0.170817
0.97992
0.971861
4.8991e-05

-0.403177
0.0483452
0.913844
0.793132
0.00395626

0.403177
-0.0483452
-0.913844
-1.75561
0.701037

-0.45209
0.394875
-0.799805
-9.83982
35.921

0.45209
-0.394875
0.799805
0.618912
0.0445411

-0.894826
-0.446416
0
-1.67797
0.538708

0.894826
0.446416
0
0.891073
0.00313637

0.518787
0.335802
0.786191
0.168095
0.0176105

-0.437962
0.719791
-0.5386
-3.29076
2.70407

0.437962
-0.719791
0.5386
0.649734
0.0180767

0.43124
0.0976539
-0.896937
0.47156
0.027302

-0.456545
0.354418
0.81606
0.769764
0.00358409

-0.467071
-0.695894
-0.545505
-1.73333
0.973338

0.467071
0.695894
0.545505
0.351266
0.0548521

-0.505317
0.392998
-0.76825
-0.200268
0.0927873

0.505317
-0.392998
0.76825
0.610794
0.00985152

0.0815376
0.791446
-0.605776
-2.6012
1.76216

-0.0815376
-0.791446
0.605776
0.582662
0.023749

0.960106
-0.224399
-0.166858
0.138979
0.0743025

-0.960106
0.224399
0.166858
-0.455132
0.2122

0.449007
0.499657
-0.740767
-36.4286
1014.96

-0.449007
-0.499657
0.740767
0.962279
0.00104356

0.253722
0.754815
-0.60488
0.833777
0.00221544

0.660247
0.179499
-0.729283
-17.0423
126.066

-0.660247
-0.179499
0.729283
0.911149
0.00306451

-0.475245
0.354191
0.805414
0.221433
0.0446802

0.475245
-0.354191
-0.805414
0.114163
0.0577919

0.350986
-0.0973448
-0.931307
-16.9535
125.851

-0.350986
0.0973448
0.931307
0.897738
0.00413715

-0.0579263
-0.398608
-0.91529
-6.31688
8.09171

0.0579263
0.398608
0.91529
0.977417
7.83649e-05

0.564112
-0.557432
-0.609136
0.970174
4.59075e-05

-0.564112
0.557432
0.609136
-0.504478
0.0868894

-0.828438
0.289216
0.479629
0.226245
0.0363135

0.828438
-0.289216
-0.479629
0.396256
0.0221276

-0.0322273
0.680512
0.732028
0.761279
0.00404495

0.166942
-0.464774
-0.869549
-0.584397
0.112722

-0.166942
0.464774
0.869549
0.94344
0.000168909

0.303675
-0.276932
0.911642
0.925321
0.000510634

-0.303675
0.276932
-0.911642
-2.55005
1.15058

0.119426
0.286337
0.950657
-37.4009
1017

-0.119426
-0.286337
-0.950657
0.998788
1.0214e-06

0.591682
0.806171
0
0.342638
0.0276019

-0.591682
-0.806171
0
0.207422
0.0401213

0.749221
0.267516
-0.60589
-0.445071
0.0953743

-0.749221
-0.267516
0.60589
0.914713
0.000350256

-0.436857
-0.540469
-0.719061
0.541041
0.00642163

0.436857
0.540469
0.719061
0.752161
0.00188159

-0.724475
0.547367
0.418957
-1.10274
0.395466

0.724475
-0.547367
-0.418957
0.641862
0.01148

-0.176655
-0.714437
0.677032
-0.061152
0.144915

0.176655
0.714437
-0.677032
-0.927743
0.477808

-0.569619
0.154035
-0.807346
-0.930848
0.268402

0.569619
-0.154035
0.807346
0.785462
0.00332205

-0.819805
-0.235643
-0.521911
0.980708
1.23468e-05

-0.398529
0.0367143
0.91642
0.883782
0.00108048

-0.561191
-0.235266
-0.793545
-12.9615
63.9463

0.561191
0.235266
0.793545
0.841993
0.00819282

0.453617
0.0558496
0.889445
-4.30982
6.79532

-0.453617
-0.0558496
-0.889445
-0.0970721
0.290129

0.355529
0.511169
0.7825
0.848204
0.00758661

-0.355529
-0.511169
-0.7825
-12.9895
63.9579

0.546403
0.249929
0.799362
0.649734
0.0180277

-0.546403
-0.249929
-0.799362
-3.29076
2.7049

-0.897474
-0.35586
0.260584
0.97461
1.53257e-05

0.897474
0.35586
-0.260584
0.144356
0.0171148

-0.357804
0.8035
0.475778
0.735866
0.00588941

0.357804
-0.8035
-0.475778
-0.946247
0.291889

-0.889789
0.262588
0.373259
-0.401707
0.501518

0.889789
-0.262588
-0.373259
-4.06014
6.53464

-0.833977
0.0933187
-0.543852
0.421564
0.0139523

0.833977
-0.0933187
0.543852
0.625766
0.00586405

-0.645402
0.418837
0.638774
0.167308
0.0280006

0.645402
-0.418837
-0.638774
0.795145
0.0017333

0.762033
0.0695537
0.643792
-0.858258
0.676915

-0.762033
-0.0695537
-0.643792
-1.62044
1.34581

0.403907
0.629551
0.663721
0.776032
0.0053169

-0.403907
-0.629551
-0.663721
-2.21622
1.09352

-0.571426
-0.348465
0.742997
0.594009
0.0212328

0.571426
0.348465
-0.742997
-2.37294
1.4646

-0.388824
0.164278
-0.906548
0.71839
0.00589928

0.499316
0.345158
-0.794701
0.989772
6.15429e-06

-0.158591
-0.00410919
-0.987336
0.659463
0.00689222

0.158591
0.00410919
0.987336
-0.103342
0.0708764

0.924512
0.0919641
-0.369892
0.320911
0.0248638

-0.924512
-0.0919641
0.369892
0.455398
0.0159999

0.936655
-0.208743
-0.281253
0.924558
0.000788135

-0.936655
0.208743
0.281253
-4.77603
4.61462

-0.381178
0.483301
-0.788114
-3.07622
2.22321

0.381178
-0.483301
0.788114
0.717713
0.0106733

0.268597
0.205843
-0.941002
-0.757732
0.368979

-0.268597
-0.205843
0.941002
-0.0088017
0.121595

0.594099
-0.331465
0.732924
0.220027
0.0429353

-0.594099
0.331465
-0.732924
0.187186
0.0466158

-0.793342
-0.00258716
0.60877
0.750107
0.00824559

-0.372994
0.46144
-0.804953
-3.75285
3.43429

0.372994
-0.46144
0.804953
0.702946
0.0135258

-0.0603382
0.895164
-0.441634
0.145741
0.0608276

0.0603382
-0.895164
0.441634
-0.0384766
0.0898841

0.186332
-0.962441
0.197454
0.90473
0.000750969

-0.186332
0.962441
-0.197454
-1.97798
0.731606

-0.233872
0.552683
0.799903
0.791326
0.000996278

0.233872
-0.552683
-0.799903
0.684489
0.0022766

0.134271
0.817709
-0.559753
-1.30943
0.50792

-0.134271
-0.817709
0.559753
0.642505
0.0122289

-0.396709
0.667083
0.630573
0.789362
0.0127186

0.396709
-0.667083
-0.630573
-10.3276
36.6371

-0.740249
-0.395741
-0.543526
0.599888
0.0122631

0.740249
0.395741
0.543526
-0.552319
0.183777

-0.44503
-0.873449
0.197572
-0.579783
0.428985

0.44503
0.873449
-0.197572
-1.35992
0.957258

-0.928477
-0.371389
0
0.943055
0.00257374

0.361085
0.811719
0.459053
-1.28415
0.383164

-0.361085
-0.811719
-0.459053
0.854561
0.00157103

-0.0671948
0.390014
0.918354
0.961743
0.000443895

0.0671948
-0.390014
-0.918354
-13.6969
64.7823

0.491221
0.638344
-0.592637
-0.303844
0.1171

-0.491221
-0.638344
0.592637
0.59283
0.01148

0.432363
0.36547
-0.824314
-1.42188
0.328178

-0.432363
-0.36547
0.824314
0.975947
4.22797e-05

-0.14944
0.111085
-0.982511
-6.93792
14.9733

0.14944
-0.111085
0.982511
0.628906
0.0327766

0.129171
0.386733
0.913101
0.481922
0.0449807

-0.129171
-0.386733
-0.913101
-3.42667
3.28356

0.839884
-0.416085
-0.348523
0.980298
1.5554e-05

0.406499
-0.618732
0.672257
0.867723
0.000910007

0.403219
-0.821193
-0.403802
0.570785
0.00462877

0.407695
0.214881
-0.887475
-2.00352
0.927058

-0.407695
-0.214881
0.887475
0.754812
0.00628654

0.703219
0.170885
-0.690132
0.413975
0.0318404

-0.592712
0.326117
0.736437
0.884593
0.00179703

-0.788406
0.0719726
-0.610931
-0.375251
0.248369

0.788406
-0.0719726
0.610931
-0.604083
0.337893

-0.94596
-0.266623
-0.184584
0.953192
0.000140024

0.94596
0.266623
0.184584
-1.51725
0.402185

-0.36677
0.392693
-0.843369
0.271581
0.0191971

0.36677
-0.392693
0.843369
0.807026
0.00135418

0.426887
-0.318659
0.8463
-0.716305
0.692011

-0.426887
0.318659
-0.8463
-2.86169
3.50328

0.638171
0.769895
0
0.476888
0.0488146

0.0445661
-0.594383
-0.802946
-2.04988
0.831706

-0.0445661
0.594383
0.802946
0.870723
0.0014974

-0.132834
-0.140426
-0.98114
-2.27453
1.25688

0.132834
0.140426
0.98114
0.684617
0.0117014

-0.315223
0.840868
-0.439972
0.205931
0.0332487

0.315223
-0.840868
0.439972
0.56887
0.00982447

-0.874903
0.408777
0.259705
0.0157597
0.152042

0.874903
-0.408777
-0.259705
-1.86416
1.2873

-0.0696111
0.946846
-0.314066
0.954543
6.55844e-05

0.545935
0.746848
-0.379702
0.660195
0.00548293

-0.545935
-0.746848
0.379702
0.2093
0.0296645

0.28772
-0.412588
0.864285
0.927212
0.000762598

0.401816
0.0102211
0.915663
0.854561
0.00162288

-0.456007
0.493232
0.740797
0.731318
0.0124905

0.318782
-0.0508626
0.946462
0.879557
0.000812381

-0.318782
0.0508626
-0.946462
-0.693723
0.160567

0.545045
-0.32254
-0.773882
-13.6969
64.7858

-0.545045
0.32254
0.773882
0.961743
0.00044249

-0.338281
-0.600641
0.724428
0.284869
0.122873

0.338281
0.600641
-0.724428
-5.43614
9.93606

-0.803576
0.447991
0.39188
0.460069
0.0314405

0.803576
-0.447991
-0.39188
-1.25466
0.548075

0.498346
-0.312819
0.808576
0.792948
0.00178144

-0.646844
-0.624543
0.437652
0.473031
0.0141597

0.646844
0.624543
-0.437652
0.369595
0.020263

0.982466
-0.186441
0
0.957027
0.000100217

-0.982466
0.186441
0
-0.862475
0.168764

0.0379938
0.50293
-0.863492
0.15721
0.0427844

-0.0379938
-0.50293
0.863492
0.464821
0.0173414

0.464543
-0.50545
0.727131
0.701512
0.00477204

-0.464543
0.50545
-0.727131
-0.0493733
0.0588858

0.195778
-0.854007
-0.48202
0.0996561
0.0248139

0.918324
0.173421
0.355817
0.205451
0.0473938

-0.918324
-0.173421
-0.355817
0.0934091
0.0616927

-0.353434
0.0879512
-0.931316
-0.696806
0.243389

0.353434
-0.0879512
0.931316
0.54604
0.0175976

0.490814
0.0189673
0.871058
-0.160647
0.0701438

-0.490814
-0.0189673
-0.871058
0.768505
0.0028

0.152546
-0.761171
-0.630356
-0.514651
0.0870605

-0.448341
0.770177
0.453671
-1.04786
0.461229

0.448341
-0.770177
-0.453671
0.33131
0.0491838

-0.0673805
0.715133
-0.695733
-0.637286
0.13959

0.0673805
-0.715133
0.695733
0.904619
0.000905584

-0.415152
0.262614
-0.871024
-1.81
0.791776

0.415152
-0.262614
0.871024
0.732004
0.00731454

-0.758485
0.0651666
0.648424
0.589237
0.0112102

0.758485
-0.0651666
-0.648424
-0.222278
0.0991901

-0.114981
0.10246
0.98807
0.980966
1.21636e-05

0.114981
-0.10246
-0.98807
-0.299941
0.0534659

0.655797
0.665967
0.355555
0.181603
0.0231712

-0.05279
0.395927
-0.916763
0.994185
6.3796e-06

-0.218431
-0.402119
0.88915
-16.5921
125.149

0.218431
0.402119
-0.88915
0.832555
0.0114183

0.622345
-0.0782721
0.77882
0.741631
0.00390521

-0.622345
0.0782721
-0.77882
-0.266795
0.092044

-0.312219
0.0654836
0.947751
-0.170212
0.170961

0.312219
-0.0654836
-0.947751
-0.685098
0.354477

-0.689184
-0.0830495
0.719812
0.699089
0.0123254

0.689184
0.0830495
-0.719812
-3.04558
2.21187

0.415794
0.0538817
0.907861
0.914994
0.00088082

-0.262017
-0.48286
-0.835579
-6.52353
10.8342

0.262017
0.48286
0.835579
0.851219
0.00429923

0.521827
-0.823227
-0.223595
0.906027
0.00135375

-0.521827
0.823227
0.223595
-5.2546
5.97469

0.370882
0.794459
-0.480916
-6.67387
14.6887

-0.370882
-0.794459
0.480916
0.488943
0.0652142

-0.273259
-0.0723021
0.95922
-0.632109
0.343839

0.273259
0.0723021
-0.95922
-0.301105
0.218664

0.348516
0.856698
0.380269
0.371783
0.0556594

-0.167764
0.449587
0.877341
0.268619
0.0417891

0.167764
-0.449587
-0.877341
-0.0531877
0.0865991

-0.405079
-0.846841
0.344632
-0.361494
0.264868

0.405079
0.846841
-0.344632
-0.901589
0.516679

-0.0246182
0.310388
0.950291
0.935638
0.00305815

0.232833
0.928478
-0.28934
0.626727
0.00923087

-0.232833
-0.928478
0.28934
-0.28719
0.109482

-0.928152
-0.372201
0
0.373928
0.0201935

0.928152
0.372201
0
0.461375
0.0149588

-0.512483
-0.756598
0.406104
-2.82802
1.58018

0.512483
0.756598
-0.406104
0.866404
0.00193763

0.0215246
0.0900613
-0.995704
-1.64738
0.452562

-0.0351308
-0.519115
0.853982
0.891281
0.00143398

0.0351308
0.519115
-0.853982
-3.45312
2.32633

0.246911
0.808691
-0.533904
-0.308609
0.139782

-0.246911
-0.808691
0.533904
0.383679
0.031063

-0.922629
0.136767
-0.360625
-1.19662
0.265912

0.922629
-0.136767
0.360625
0.96044
8.93407e-05

-0.418394
-0.908266
0
-1.73536
1.59971

0.418394
0.908266
0
-1.1296
0.969636

0.0426624
-0.428197
0.902678
0.768692
0.00993571

-0.0426624
0.428197
-0.902678
-5.49744
7.75191

0.824724
0.311962
0.471709
0.67489
0.00677183

-0.824724
-0.311962
-0.471709
-0.309705
0.108942

-0.0527845
-0.243337
0.968504
-0.673392
0.382616

0.0527845
0.243337
-0.968504
-0.425858
0.277914

-0.512954
0.724837
-0.45988
-0.9967
0.627264

0.512954
-0.724837
0.45988
-0.58117
0.393427

0.0679508
-0.604989
0.793329
0.552331
0.00400208

0.677594
-0.602986
0.42104
-5.07184
4.67808

-0.677594
0.602986
-0.42104
0.978142
6.29919e-05

-0.413703
-0.17699
0.893042
0.685892
0.00708202

-0.683855
0.0819701
0.724999
0.752525
0.00563982

-0.57198
-0.586568
0.57339
-2.75175
4.93868

0.57198
0.586568
-0.57339
-3.20438
6.20203

-0.758536
-0.0862595
0.645897
0.226241
0.0362519

-0.376761
-0.543959
0.749773
0.693517
0.012165

-0.517396
-0.388432
0.76251
-0.191066
0.197467

0.517396
0.388432
-0.76251
-0.976361
0.536169

0.477334
-0.643354
0.598538
0.595702
0.0131743

-0.477334
0.643354
-0.598538
-0.669771
0.223571

0.778635
0.268013
0.567359
0.674264
0.00512647

0.52879
-0.547762
-0.648334
-2.18742
1.23391

-0.52879
0.547762
0.648334
0.618074
0.0178024

0.107117
-0.164843
0.980486
-0.213671
0.203555

-0.107117
0.164843
-0.980486
-0.965954
0.533388

0.339779
-0.146111
0.929087
0.888016
0.00071883

-0.339779
0.146111
-0.929087
-0.608103
0.136872

0.317131
-0.687089
-0.653709
0.675489
0.0221978

-0.317131
0.687089
0.653709
-6.06714
10.5276

-0.199905
-0.280134
-0.938916
-36.0406
1013.75

0.199905
0.280134
0.938916
0.932928
0.0033246

0.0545177
0.457827
-0.887368
0.0236189
0.0380946

-0.0545177
-0.457827
0.887368
0.853197
0.00087622

-0.305079
0.0799496
0.948965
-0.0873458
0.11716

0.305079
-0.0799496
-0.948965
-0.152255
0.131527

0.801497
-0.0906724
0.591085
0.898961
0.000589641

-0.801497
0.0906724
-0.591085
-0.782315
0.177131

-0.358659
-0.42676
0.830205
0.821682
0.00690635

0.358659
0.42676
-0.830205
-7.42829
15.4107

0.43271
-0.27991
0.856979
0.265352
0.0629685

0.506785
-0.538996
-0.672795
-4.1271
4.35656

-0.506785
0.538996
0.672795
0.665776
0.0185996

0.851377
-0.00972222
-0.524465
0.889255
0.000271939

-0.851377
0.00972222
0.524465
0.582072
0.00367751

0.4181
0.739495
0.527579
0.594481
0.0120837

-0.4181
-0.739495
-0.527579
-0.441985
0.152163

-0.801346
-0.48568
-0.349227
0.417344
0.0193919

0.801346
0.48568
0.349227
0.288765
0.0288742

0.35426
0.871536
-0.339005
-0.209034
0.0982771

-0.35426
-0.871536
0.339005
0.569069
0.0125046

0.0474751
0.689775
0.722466
-0.0870364
0.169226

-0.0474751
-0.689775
-0.722466
-1.28548
0.747246

0.631479
-0.282384
0.722145
0.82408
0.00162532

-0.631479
0.282384
-0.722145
-0.332691
0.0929055

0.258557
0.684764
0.681357
0.640322
0.00596574

-0.258557
-0.684764
-0.681357
0.282183
0.0237102

-0.205199
-0.374809
0.904108
0.936723
0.000906161

-0.611959
0.790889
0
-0.0184641
0.109377

0.611959
-0.790889
0
-0.386251
0.202617

-0.506735
-0.0538354
0.860419
0.966586
0.000303955

0.506735
0.0538354
-0.860419
-1.2974
0.292243

0.74178
0.229564
0.630129
0.69399
0.0109359

0.91196
-0.181726
-0.367837
0.959455
9.41186e-05

-0.91196
0.181726
0.367837
-1.19321
0.26575

-0.262873
-0.455803
-0.850378
-10.9528
37.2728

0.262873
0.455803
0.850378
0.929273
0.00133616

-0.235208
-0.261338
-0.936152
-1.33571
1.20107

0.235208
0.261338
0.936152
-1.6575
1.5546

0.467891
0.75647
0.456981
0.497273
0.0143278

-0.467891
-0.75647
-0.456981
0.202809
0.0359684

0.241606
-0.0114744
-0.970307
-23.8028
300.406

-0.241606
0.0114744
0.970307
0.964233
0.000645311

-0.217019
0.210991
0.953093
0.448332
0.0400884

0.217019
-0.210991
-0.953093
-2.00354
1.18088

-0.181632
-0.983367
0
0.777103
0.00465618

0.181632
0.983367
0
-1.73049
0.697012

-0.195114
0.350915
0.915854
0.885607
0.000827441

-0.558929
0.568638
0.60353
0.478979
0.0216392

-0.387307
0.588454
-0.709729
-10.5632
36.9132

0.387307
-0.588454
0.709729
0.851806
0.00610807

0.418399
0.529092
-0.738243
0.678193
0.00648015

0.0679971
0.543727
0.836503
-0.685654
0.280458

-0.0679971
-0.543727
-0.836503
0.317377
0.0461671

-0.569
-0.0515518
0.82072
0.890957
0.00278894

0.103522
0.180226
0.978162
0.978701
4.51905e-05

-0.330741
-0.455827
-0.826336
-0.770068
0.189152

0.330741
0.455827
0.826336
0.857903
0.00127364

0.702628
0.128426
0.699872
0.752525
0.00562642

0.478281
0.581959
-0.657702
0.313476
0.0443187

-0.478281
-0.581959
0.657702
-0.544677
0.224235

0.9065
0.242513
-0.345607
-0.995079
0.296899

0.295994
0.771257
0.563516
0.609931
0.0364867

-0.295994
-0.771257
-0.563516
-6.89891
14.9323

0.772616
0.468396
-0.428566
0.979488
2.46063e-05

-0.357371
0.610216
0.707052
0.510166
0.0071157

-0.591618
0.780025
-0.203835
-0.355403
0.0822367

0.591618
-0.780025
0.203835
0.903901
0.00041567

-0.314635
0.949213
0
0.673744
0.0106901

0.314635
-0.949213
0
-1.59118
0.672993

-0.393135
-0.151896
-0.906847
-0.614811
0.290775

0.393135
0.151896
0.906847
0.0390306
0.103024

0.275024
0.961437
0
-0.112234
0.15247

-0.275024
-0.961437
0
-0.710177
0.359716

0.039217
0.00942997
0.999186
0.678194
0.0171103

0.303369
0.952873
0
0.985839
1.56113e-05

0.730263
0.271035
0.627101
0.392078
0.0424954

-0.730263
-0.271035
-0.627101
-1.32242
0.618616

0.276102
0.531072
-0.801081
0.991443
2.27189e-06

-0.370191
0.0401052
0.92809
0.854056
0.00701316

0.370191
-0.0401052
-0.92809
-13.0165
63.9845

-0.672916
0.0617353
0.737139
0.512939
0.0658826

0.672916
-0.0617353
-0.737139
-7.946
22.1743

-0.0128511
-0.183838
0.982873
0.969094
0.000353797

-0.299786
0.285854
0.910173
0.862627
0.00194795

0.299786
-0.285854
-0.910173
-2.58864
1.32649

-0.141525
-0.64411
0.751726
0.865007
0.000607337

0.0288312
0.288546
-0.957032
-35.4714
1010.62

-0.0288312
-0.288546
0.957032
0.8738
0.012171

-0.95253
-0.304445
0
-0.420963
0.17878

0.418189
-0.706468
-0.570982
0.66228
0.00543031

-0.413287
-0.561423
0.716937
0.233411
0.0857465

-0.113827
-0.90022
-0.420294
0.911183
0.000688382

-0.085341
0.455591
-0.886089
0.775405
0.00289656

-0.1996
-0.0979842
0.974966
-0.320238
0.0811402

0.1996
0.0979842
-0.974966
0.881179
0.000720184

0.756171
-0.103823
0.646086
-0.328756
0.194398

-0.756171
0.103823
-0.646086
-0.167847
0.150171

-0.967538
0.0871241
-0.237234
0.214219
0.0510447

0.967538
-0.0871241
0.237234
-0.101936
0.100368

0.42932
0.838729
-0.33499
0.186472
0.0395694

-0.42932
-0.838729
0.33499
0.445339
0.0184015

0.12551
-0.461046
0.878455
0.889138
0.00149603

-0.12551
0.461046
-0.878455
-3.44679
2.32475

0.820589
0.571518
0
0.630052
0.0254054

-0.820589
-0.571518
0
-3.63201
3.30629

-0.422128
0.287961
0.859585
0.873604
0.00148695

-0.706837
0.391007
-0.589487
-7.22397
15.2459

0.706837
-0.391007
0.589487
0.751261
0.013949

0.556218
-0.817459
-0.149605
-0.435731
0.100514

0.459712
0.0695837
0.885338
0.850213
0.0012028

-0.0501844
0.258539
-0.964696
0.164137
0.0568385

0.291178
0.70581
-0.645793
0.868723
0.000845851

-0.291178
-0.70581
0.645793
-0.371772
0.0922666

0.504441
0.209357
-0.837681
0.948295
0.000145123

-0.423421
0.792856
-0.438284
-1.0619
0.389557

0.423421
-0.792856
0.438284
0.599585
0.0147291

0.558683
-0.568036
0.604325
-0.325528
0.327154

-0.558683
0.568036
-0.604325
-2.11645
1.80745

-0.216214
0.0899884
-0.97219
-1.1218
0.39808

0.80027
0.59964
0
-0.768169
0.292296

-0.80027
-0.59964
0
0.445501
0.028784

-0.619181
0.534649
-0.575123
-5.39176
7.69393

0.619181
-0.534649
0.575123
0.722579
0.0145073

-0.439541
0.388776
0.809727
0.784063
0.000376876

0.1039
-0.92747
0.359173
0.421338
0.021157

0.941451
0.281671
-0.185287
-0.909399
0.311272

-0.941451
-0.281671
0.185287
0.622547
0.0122672

-0.733094
-0.317383
-0.601532
-2.20297
1.23814

0.733094
0.317383
0.601532
0.630559
0.0165448

0.067363
0.812707
0.578766
0.580566
0.0149783

-0.172591
0.347368
0.921709
0.684821
0.0104088

0.172591
-0.347368
-0.921709
-1.74727
0.779803

0.311337
-0.808144
-0.499972
0.991441
2.61768e-05

-0.311337
0.808144
0.499972
-17.9062
127.025

-0.429311
-0.0226847
-0.902872
-3.70371
2.8459

0.429311
0.0226847
0.902872
0.859484
0.00254115

-0.921467
0.248311
-0.298729
-4.50562
4.5256

0.921467
-0.248311
0.298729
0.842728
0.00370123

0.461332
-0.273074
0.844159
0.549253
0.019272

-0.461332
0.273074
-0.844159
-1.01703
0.382851

0.574482
-0.387619
0.720918
0.346166
0.11129

0.327533
0.66343
0.672743
0.48436
0.00679135

0.555681
0.103629
-0.824912
0.869341
0.000515375

-0.555681
-0.103629
0.824912
0.417683
0.00939781

0.585593
0.810605
0
-1.02871
0.202528

-0.585593
-0.810605
0
0.970924
5.42568e-05

0.765805
-0.643072
0
-1.01179
0.351294

-0.765805
0.643072
0
0.641946
0.0138622

0.209089
-0.662858
0.718959
0.66844
0.0136354

-0.209089
0.662858
-0.718959
-2.47046
1.49324

0.435774
0.633862
0.638999
0.684358
0.00546653

-0.435774
-0.633862
-0.638999
-0.0369362
0.0584037

-0.789857
0.57163
-0.222182
0.818286
0.00198832

0.789857
-0.57163
0.222182
-0.605286
0.155077

-0.0295393
0.936672
0.348959
0.740934
0.0152222

0.0295393
-0.936672
-0.348959
-7.19698
15.2206

0.4706
0.210955
-0.856758
-1.52027
0.908771

-0.4706
-0.210955
0.856758
0.0532677
0.128248

-0.651661
0.480526
-0.586884
0.740848
0.00404386

0.665757
-0.178013
0.724623
0.884428
0.000536234

-0.756644
-0.625183
-0.191408
0.940245
0.000201555

-0.392394
-0.80225
0.449914
-0.417738
0.193627

0.392394
0.80225
-0.449914
0.186898
0.0637649

0.212796
-0.0465911
0.975985
0.991172
1.60955e-05

-0.43822
-0.843417
-0.310823
0.0345771
0.040876

0.43822
0.843417
0.310823
0.800533
0.00175428

-0.687139
-0.693203
0.217506
0.638554
0.00644157

0.687139
0.693203
-0.217506
0.221433
0.0294658

0.920747
-0.249027
0.300351
0.58602
0.0116349

-0.920747
0.249027
-0.300351
-0.258541
0.10739

-0.612155
-0.790738
0
0.659804
0.0078508

-0.934101
-0.24981
-0.255048
0.974979
7.02016e-05

0.667261
-0.12946
0.733487
0.694738
0.00253269

-0.667261
0.12946
-0.733487
0.689834
0.0026147

-0.336704
-0.0590287
0.939758
0.935753
0.00027105

-0.818852
-0.298413
0.490338
-0.992135
0.450292

0.818852
0.298413
-0.490338
0.24558
0.0646468

0.565175
0.326343
-0.757679
-2.57773
1.52244

-0.565175
-0.326343
0.757679
0.739488
0.00807373

0.0621599
-0.716648
-0.69466
0.889666
0.000689175

0.276561
-0.598264
-0.75206
-0.785577
0.273165

-0.276561
0.598264
0.75206
0.568609
0.0160578

-0.815425
-0.565628
0.123076
0.986351
1.3118e-05

0.742164
-0.350374
0.571341
0.585979
0.0181003

-0.742164
0.350374
-0.571341
-1.49439
0.654501

-0.916165
-0.400801
0
-2.34186
1.58088

0.916165
0.400801
0
0.339884
0.082324

-0.306434
-0.513264
-0.80166
-2.04871
1.05591

0.306434
0.513264
0.80166
0.661256
0.0131543

-0.91713
0.304175
-0.257585
-0.134621
0.0928174

-0.7428
0.147666
0.653026
0.67142
0.0122746

-0.89255
0.392233
0.222505
0.65136
0.0219734

0.942588
-0.333958
0
-0.230509
0.11515

-0.942588
0.333958
0
0.543065
0.0218653

0.132563
-0.397529
0.907963
-1.44051
0.36111

-0.132563
0.397529
-0.907963
0.958608
0.000124423

0.569559
0.410298
-0.71222
0.652623
0.0201555

-0.569559
-0.410298
0.71222
-4.10453
4.3467

0.507728
-0.671747
0.539415
0.247723
0.0509831

-0.507728
0.671747
-0.539415
-0.337382
0.161085

-0.59829
-0.382459
0.704112
0.766692
0.00439923

0.59829
0.382459
-0.704112
-1.15195
0.368894

0.420944
-0.634854
0.647893
0.893579
0.000678121

-0.420944
0.634854
-0.647893
-0.830249
0.19295

0.470986
0.876362
-0.100809
-1.98172
1.17507

-0.470986
-0.876362
0.100809
0.425295
0.0436566

-0.371768
-0.0851612
0.924411
0.871562
0.00856785

0.371768
0.0851612
-0.924411
-22.9893
298.639

0.537474
-0.105541
-0.83665
0.64813
0.00424737

-0.466409
-0.344645
-0.814667
-0.860242
0.157091

0.466409
0.344645
0.814667
0.972261
4.60371e-05

-0.795754
-0.271665
-0.54127
-2.16398
1.39721

0.795754
0.271665
0.54127
0.398821
0.0504485

-0.269925
-0.480556
0.83439
0.411554
0.159645

0.269925
0.480556
-0.83439
-15.2191
121.098

-0.846449
-0.274958
0.455984
0.337817
0.021999

0.846449
0.274958
-0.455984
0.52005
0.0115737

0.876826
-0.0779111
0.474453
0.754608
0.00371594

-0.876826
0.0779111
-0.474453
-0.438358
0.126703

0.959614
0.0689113
-0.272748
0.800952
0.00306788

-0.959614
-0.0689113
0.272748
-1.19893
0.374278

0.00990591
-0.680832
0.732373
-8.00094
22.2502

-0.00990591
0.680832
-0.732373
0.541058
0.0579892

-0.882123
-0.47102
0
-0.39732
0.182974

0.882123
0.47102
0
0.26092
0.0546383

0.552104
-0.670322
-0.495832
-21.8841
294.324

-0.552104
0.670322
0.495832
0.642438
0.0718686

0.573889
0.818933
0
0.380539
0.0238317

-0.573889
-0.818933
0
0.232348
0.0364217

0.261501
-0.68772
0.677244
0.546224
0.00877183

-0.566593
-0.698303
0.437431
0.758517
0.00255761

0.566593
0.698303
-0.437431
0.145268
0.0317876

0.970079
0.136831
-0.200558
-0.953747
0.483765

-0.970079
-0.136831
0.200558
-0.00930262
0.129116

-0.839182
-0.349434
-0.416737
0.27412
0.116504

0.839182
0.349434
0.416737
-4.69091
7.15688

-0.339226
0.643131
-0.686519
-1.9198
0.910436

0.339226
-0.643131
0.686519
0.696168
0.00993706

-0.862971
0.432529
-0.261152
0.00188005
0.0676587

0.862971
-0.432529
0.261152
0.425577
0.0224191

0.795593
-0.370965
0.478974
0.662102
0.0167121

-0.795593
0.370965
-0.478974
-3.30992
2.71182

-0.100103
-0.267353
0.958385
0.947158
0.000451182

0.290646
-0.347225
-0.891605
-1.2234
0.596322

-0.290646
0.347225
0.891605
0.254765
0.0670538

-0.468841
0.642732
0.605874
0.851775
0.00243319

0.468841
-0.642732
-0.605874
-2.79331
1.57259

0.1575
0.178938
0.971172
0.117329
0.179434

-0.1575
-0.178938
-0.971172
-4.51669
6.99242

0.707036
0.533859
0.463783
0.279424
0.0351479

-0.707036
-0.533859
-0.463783
0.188493
0.0445648

-0.604648
-0.526848
-0.597355
0.964966
3.79741e-05

0.233059
-0.12418
-0.964501
-0.630306
0.167436

0.232365
0.667956
0.706994
-0.146332
0.130851

-0.232365
-0.667956
-0.706994
-0.104561
0.121511

-0.698581
-0.39314
0.597851
0.464607
0.0208839

-0.628438
0.022645
0.77753
0.977092
3.3672e-05

0.628438
-0.022645
-0.77753
-1.05464
0.203403

-0.0205094
0.531789
0.846628
0.969873
0.000208385

-0.393669
-0.829379
0.396429
0.924153
0.00131408

-0.111729
-0.901717
0.41764
0.280667
0.0262898

0.111729
0.901717
-0.41764
0.551661
0.0102307

0.835656
0.273247
-0.476461
0.804246
0.0012992

-0.835656
-0.273247
0.476461
0.35288
0.0141462

-0.522444
0.735888
0.430722
0.568982
0.0132704

0.522444
-0.735888
-0.430722
-0.330207
0.12608

0.0892382
-0.535511
0.8398
0.907615
0.000837426

0.390006
-0.405198
0.826867
0.789948
0.00219427

-0.390006
0.405198
-0.826867
-0.123291
0.0622395

-0.924109
-0.0588075
-0.377577
-3.6077
4.91629

0.924109
0.0588075
0.377577
-0.26424
0.370187

-0.0719244
0.058373
0.9957
0.707187
0.0104068

-0.230793
-0.532881
0.814108
0.93099
0.00124437

0.265694
-0.964058
0
-1.5628
1.16389

-0.265694
0.964058
0
-0.530276
0.415026

0.539814
0.729172
-0.420606
-0.094712
0.132324

-0.539814
-0.729172
0.420606
-0.417527
0.221826

0.246975
0.360509
0.899465
0.72234
0.0198177

-0.549851
0.56454
-0.615596
-0.648863
0.206374

0.549851
-0.56454
0.615596
0.64536
0.00956298

-0.796243
0.496092
-0.346251
0.824317
0.00100655

0.796243
-0.496092
0.346251
0.358156
0.0133099

0.693336
-0.676132
0.24926
0.517974
0.0112792

-0.693336
0.676132
-0.24926
0.377548
0.0188066

0.994971
0.100166
0
0.828
0.00227792

-0.994971
-0.100166
0
-1.15021
0.338481

-0.217466
-0.230366
-0.948494
-0.108997
0.230223

0.217466
0.230366
0.948494
-2.53634
2.33671

-0.59268
-0.179654
-0.785146
0.451392
0.0254221

-0.953985
-0.299855
0
-0.539073
0.354321

0.953985
0.299855
0
-0.831635
0.499296

0.0614087
-0.85644
-0.512581
-0.918925
0.247799

-0.0614087
0.85644
0.512581
0.829209
0.00236901

-0.329
0.272605
0.904127
0.407412
0.0646274

0.329
-0.272605
-0.904127
-3.75715
4.14816

0.370888
0.518644
-0.770357
-0.552319
0.183841

-0.370888
-0.518644
0.770357
0.599888
0.0123215

0.0492611
0.983268
-0.175378
-1.32356
0.323345

-0.0492611
-0.983268
0.175378
0.950343
0.000162524

0.727483
0.312149
0.611009
0.738227
0.00619077

-0.727483
-0.312149
-0.611009
-1.42184
0.525321

-0.211777
-0.96237
-0.170279
-0.53967
0.117761

0.203107
-0.859563
-0.468935
0.901682
0.000431401

0.00840202
-0.998126
-0.060615
0.844312
0.000790406

0.421531
0.491336
-0.762169
-1.9131
0.810507

-0.421531
-0.491336
0.762169
0.799268
0.00385103

0.205553
0.429517
0.879354
0.414894
0.0213705

0.638291
0.457589
-0.619029
0.282044
0.0229283

-0.638291
-0.457589
0.619029
0.667185
0.00493165

-0.471276
-0.323943
-0.820341
0.0688088
0.134374

0.471276
0.323943
0.820341
-1.89988
1.30063

-0.957462
-0.0246452
0.287504
0.0229769
0.132664

0.957462
0.0246452
-0.287504
-1.34729
0.765567

-0.527205
0.304034
0.793485
-12.5159
63.1564

0.527205
-0.304034
-0.793485
0.724166
0.0264083

-0.32171
-0.414018
0.851523
0.369843
0.0587354

0.32171
0.414018
-0.851523
-2.36989
1.67898

0.662069
0.455852
0.594864
0.555871
0.0399776

-0.662069
-0.455852
-0.594864
-5.0801
7.47567

0.330557
0.693785
-0.639839
0.724914
0.0076884

-0.330557
-0.693785
0.639839
-1.80014
0.790186

-0.621458
0.783448
0
0.0920794
0.139576

0.621458
-0.783448
0
-2.3936
1.94464

0.805211
-0.321374
-0.498351
0.707448
0.00844015

-0.805211
0.321374
0.498351
-1.63297
0.680448

-0.244077
0.258331
-0.934714
0.999555
2.92703e-07

0.820729
0.216901
0.528544
0.735098
0.00799058

-0.820729
-0.216901
-0.528544
-2.34889
1.27539

0.576607
-0.0366643
0.816199
0.876775
0.00205862

-0.576607
0.0366643
-0.816199
-4.14483
3.57905

-0.551574
-0.032111
0.833508
-1.2076
0.244752

0.551574
0.032111
-0.833508
0.980785
2.6647e-05

-0.422087
0.0556874
0.904843
0.952606
0.000122018

0.422087
-0.0556874
-0.904843
-0.966313
0.20005

-0.285904
-0.00136705
-0.958257
0.530287
0.0223603

0.285904
0.00136705
0.958257
-1.20123
0.489585

0.314954
-0.399063
0.861135
0.774515
0.00459232

-0.314954
0.399063
-0.861135
-1.59331
0.607289

0.252616
-0.569787
0.782003
0.684761
0.0082604

-0.622945
0.057788
0.780128
-4.24794
4.4172

0.622945
-0.057788
-0.780128
0.730971
0.0116142

-0.693513
-0.389552
0.606043
0.488943
0.0651699

0.693513
0.389552
-0.606043
-6.67387
14.6912

0.724006
0.263019
0.63768
0.962362
0.000366105

-0.724006
-0.263019
-0.63768
-11.1948
37.4511

0.344274
0.317524
-0.883546
-0.814511
0.276664

-0.344274
-0.317524
0.883546
0.603016
0.0132592

0.721211
0.692716
0
0.586821
0.00677193

-0.721211
-0.692716
0
0.659794
0.00479443

-0.12093
-0.613816
-0.780132
0.614587
0.00429433

0.12093
0.613816
0.780132
0.729048
0.0021299

0.262095
-0.586341
0.766492
0.684821
0.0102725

-0.38268
-0.564857
-0.73109
-0.149321
0.558945

0.38268
0.564857
0.73109
-10.7689
58.5729

0.0926145
-0.287424
0.953315
0.512943
0.0658102

0.464876
0.718619
0.517182
0.633424
0.0111397

-0.464876
-0.718619
-0.517182
-0.841598
0.279935

-0.851618
0.425891
-0.305555
-0.180964
0.119774

0.851618
-0.425891
0.305555
0.21242
0.0532789

-0.784653
0.619936
0
-0.756143
0.208357

0.784653
-0.619936
0
0.805609
0.00791381

0.514616
-0.456539
0.72577
0.637967
0.00736688

-0.514616
0.456539
-0.72577
-0.00564933
0.0567793

0.0183716
0.421433
0.906673
0.987169
4.91099e-05

-0.0885973
0.870313
-0.484464
0.996649
3.63381e-06

-0.652558
0.0325529
0.757039
-0.315838
0.237553

0.652558
-0.0325529
-0.757039
-0.813319
0.450892

0.935867
0.192054
-0.295411
-1.23867
0.544898

-0.935867
-0.192054
0.295411
0.440337
0.0340781

0.146526
0.989207
0
-4.14891
18.642

-0.146526
-0.989207
0
-10.5851
94.3

-0.0106261
-0.997904
0.0638361
0.336913
0.0118931

0.0106261
0.997904
-0.0638361
0.900885
0.0002661

-0.581082
-0.813845
0
-1.13585
0.436841

0.581082
0.813845
0
0.57433
0.0173612

-0.0525291
-0.0998583
0.993614
-0.673392
0.382477

0.0525291
0.0998583
-0.993614
-0.425858
0.277706

0.189749
0.0355696
0.981188
0.0145588
0.118867

-0.189749
-0.0355696
-0.981188
-0.863089
0.423903

-0.887968
0.0402874
-0.458138
0.401484
0.0371767

0.887968
-0.0402874
0.458138
-0.996278
0.413431

0.23345
-0.66712
-0.707426
-1.71457
1.0875

-0.23345
0.66712
0.707426
0.0847905
0.123801

-0.654932
0.755688
0
0.864933
0.00568266

-0.409436
0.243037
-0.879372
0.606209
0.0123926

-0.466939
-0.24188
-0.850566
-2.0744
0.834444

0.466939
0.24188
0.850566
0.881578
0.00128851

-0.493172
-0.324475
0.807154
0.785462
0.00513395

0.486961
0.277814
-0.828063
-0.563019
0.173162

-0.486961
-0.277814
0.828063
0.678784
0.00742057

0.57922
0.815171
0
-0.509948
0.182529

-0.57922
-0.815171
0
0.543242
0.0192977

0.554957
-0.729414
-0.399972
0.855515
0.00183537

0.03091
0.136821
-0.990113
-1.00302
0.49492

-0.03091
-0.136821
0.990113
0.0833955
0.103659

0.435207
-0.852754
0.288802
-1.4475
0.39737

-0.435207
0.852754
-0.288802
0.930303
0.000325695

0.241404
0.269373
-0.932289
-0.462762
0.174729

-0.241404
-0.269373
0.932289
0.473406
0.0226897

0.127523
0.942302
0.309522
0.829632
0.00438566

-0.127523
-0.942302
-0.309522
-4.47073
4.51218

0.328436
0.616946
-0.715197
-1.45993
0.585706

-0.328436
-0.616946
0.715197
0.672134
0.0104936
