
-0.819442
-0.482836
0.308844
0.393998
0.0342401

0.819442
0.482836
-0.308844
-0.660197
0.256816

-0.645759
-0.687909
-0.331326
0.733398
0.00566891

0.645759
0.687909
0.331326
-1.0238
0.325084

-0.821826
-0.385649
0.419378
0.0581235
0.0738001

0.821826
0.385649
-0.419378
0.0581235
0.0738001

-0.560823
-0.785119
-0.262802
0.115423
0.022839

-0.574594
0.222591
0.787588
-0.480311
0.311943

0.574594
-0.222591
-0.787588
-0.748959
0.435321

-0.664836
-0.497738
-0.557001
-0.594381
0.145827

0.664836
0.497738
0.557001
0.847547
0.00175818

-0.121523
0.956222
0.266216
-1.12363
0.262098

0.121523
-0.956222
-0.266216
0.936306
0.00023645

-0.112214
0.288215
0.950968
0.932159
0.000305882

0.0474038
0.385818
0.921356
-0.277763
0.16445

-0.0474038
-0.385818
-0.921356
-0.00959182
0.102776

-0.460703
-0.887554
0
-1.13312
0.632379

0.460703
0.887554
0
-0.118559
0.178907

-0.37708
0.706799
-0.598536
0.492905
0.0133182

0.73063
-0.328237
0.598699
0.650752
0.0323229

-0.73063
0.328237
-0.598699
-8.23727
22.5599

-0.0482933
0.998833
0
0.724821
0.0390223

0.286125
0.0176641
-0.95803
-1.66841
0.618017

-0.286125
-0.0176641
0.95803
0.821793
0.0027798

0.0124393
0.822482
0.568656
0.0830019
0.0336735

-0.0124393
-0.822482
-0.568656
0.832385
0.0011522

0.271674
0.272903
-0.922885
0.893567
0.000782844

0.288465
0.0904711
-0.953207
-8.02115
15.7421

-0.288465
-0.0904711
0.953207
0.955575
0.000406374

-0.394302
0.804276
0.444597
0.650526
0.0161009

0.394302
-0.804276
-0.444597
-2.69134
1.79206

-0.0620097
-0.52061
-0.85154
-1.11548
0.308293

0.0620097
0.52061
0.85154
0.85817
0.00139227

0.0205766
-0.404017
0.91452
0.602536
0.0185227

0.216008
0.84759
-0.484698
0.0387576
0.115502

-0.216008
-0.84759
0.484698
-0.978822
0.489469

0.622775
-0.374922
-0.68672
0.952152
8.18154e-05

-0.761391
-0.373016
0.530229
-0.0726912
0.10902

0.682191
-0.60534
0.410096
0.890727
0.00380864

0.915089
0.403253
0
0.814137
0.001211

-0.915089
-0.403253
0
0.831943
0.00105422

0.707107
0.707107
0
-9.72692
82.3939

-0.707107
-0.707107
0
-5.86522
34.0482

-0.0817163
-0.644599
0.760141
0.795213
0.00573298

-0.474182
-0.559147
0.680077
0.770139
0.0118551

0.34391
-0.555583
0.757003
0.312377
0.0310841

-0.34391
0.555583
-0.757003
0.197958
0.0422778

0.601855
0.298102
-0.740882
-0.719245
0.124331

-0.601855
-0.298102
0.740882
0.973957
3.7152e-05

-0.445083
-0.702987
-0.554717
0.781627
0.00147885

0.445083
0.702987
0.554717
0.479113
0.00839908

-0.245267
0.335209
0.909659
0.140805
0.0490912

0.245267
-0.335209
-0.909659
0.345592
0.0284873

-0.188478
-0.325874
0.926435
0.206903
0.0563944

0.188478
0.325874
-0.926435
-0.268549
0.144177

0.803132
0.561406
0.199505
-0.064806
0.121219

-0.803132
-0.561406
-0.199505
-0.367683
0.199976

-0.693781
0.16172
-0.701793
-5.60404
7.8185

0.693781
-0.16172
0.701793
0.810283
0.00646624

-0.587759
0.693883
-0.416011
0.208763
0.0892081

-0.00429178
0.275186
0.961381
0.966694
5.16254e-05

0.00429178
-0.275186
-0.961381
-0.839857
0.156388

-0.969394
-0.0598253
0.238111
0.920048
0.000499119

-0.617964
0.585237
-0.524994
0.900643
0.000701376

0.617964
-0.585237
0.524994
-1.37477
0.391498

-0.851386
-0.379445
0.362165
0.248902
0.0557339

0.851386
0.379445
-0.362165
-0.575435
0.245065

-0.566238
0.132898
0.813457
0.206674
0.0122856

-0.723576
-0.252615
0.642358
0.534035
0.0381724

0.723576
0.252615
-0.642358
-3.92176
4.24688

0.485718
0.453999
0.746969
0.768308
0.00447469

-0.485718
-0.453999
-0.746969
-1.24872
0.414822

-0.562553
-0.70508
-0.431736
-0.891704
0.227616

0.562553
0.70508
0.431736
0.856041
0.00133336

-0.0230812
-0.889082
0.457165
0.997219
9.39663e-07

0.758113
-0.541132
-0.363924
-0.642926
0.168192

-0.758113
0.541132
0.363924
0.806556
0.00234559

0.574246
0.176317
-0.799471
0.471192
0.0127185

-0.574246
-0.176317
0.799471
0.498658
0.0114317

-0.891319
0.324289
-0.316839
0.233794
0.0569113

0.891319
-0.324289
0.316839
-0.501772
0.218544

-0.209648
0.0321083
-0.97725
-12.9324
63.9031

0.209648
-0.0321083
0.97725
0.835393
0.00892068

0.510591
-0.276187
0.814259
0.630636
0.0269201

-0.510591
0.276187
-0.814259
-5.20898
7.56705

-0.703317
0.46944
-0.533827
-2.30059
1.26335

0.703317
-0.46944
0.533827
0.702947
0.0102803

0.0673293
0.883389
-0.463779
-0.344496
0.0863376

-0.0673293
-0.883389
0.463779
0.874472
0.000767584

-0.324445
-0.141002
-0.935336
-0.966322
0.271718

0.324445
0.141002
0.935336
0.811916
0.00257722

0.48348
0.623359
-0.614548
-9.7269
35.7406

-0.48348
-0.623359
0.614548
0.570922
0.0572807

0.830394
-0.557176
0
-0.444006
0.124785

-0.830394
0.557176
0
0.800786
0.00452027

0.54835
-0.15119
0.822468
0.874837
0.00187211

0.771915
-0.253832
0.582852
0.445657
0.0140881

-0.771915
0.253832
-0.582852
0.515311
0.0107715

-0.457754
-0.27528
-0.845389
-8.9456
23.2827

0.457754
0.27528
0.845389
0.881022
0.0033352

0.784104
0.0957732
-0.613195
-0.0711672
0.103054

-0.784104
-0.0957732
0.613195
0.0358826
0.0834911

-0.0240577
-0.805843
0.59164
0.821218
0.00899105

0.0240577
0.805843
-0.59164
-10.442
36.7884

-0.37992
-0.605882
-0.698977
0.97547
0.000135563

-0.217304
-0.438272
-0.87218
-3.77085
3.44139

0.217304
0.438272
0.87218
0.712968
0.0125824

-0.353773
-0.913298
-0.201821
-0.0472897
0.0474216

-0.0559885
0.384388
-0.921472
0.200953
0.0478708

0.0559885
-0.384388
0.921472
0.244148
0.0431796

0.433401
-0.26543
0.861226
0.566799
0.0512866

-0.433401
0.26543
-0.861226
-8.05305
22.3164

0.717879
0.438958
-0.540338
0.248902
0.0557801

-0.717879
-0.438958
0.540338
-0.575435
0.245098

0.03448
0.936761
0.348268
0.51729
0.0576151

-0.03448
-0.936761
-0.348268
-6.72338
14.7474

0.161994
-0.964847
0.206949
0.691146
0.00367705

0.296282
-0.510173
0.807428
-0.0351317
0.0610754

-0.296282
0.510173
-0.807428
0.642718
0.00736952

0.822445
-0.293487
0.487288
0.904805
0.000604352

-0.822445
0.293487
-0.487288
-0.292502
0.0730696

0.433787
0.123873
0.89246
0.883326
0.000175264

-0.433787
-0.123873
-0.89246
0.832213
0.000358476

0.876825
-0.353607
-0.325792
-0.0126817
0.0685905

-0.876825
0.353607
0.325792
0.455404
0.019853

0.72924
0.512823
0.453014
0.595847
0.0325811

-0.72924
-0.512823
-0.453014
-5.14717
7.52646

0.538641
0.435957
-0.720977
-1.16472
0.370365

-0.538641
-0.435957
0.720977
0.77635
0.00401719

-0.401095
0.389407
-0.829147
-1.17902
0.2869

0.401095
-0.389407
0.829147
0.928238
0.000785062

0.22881
-0.870042
0.436661
0.462209
0.0249123

-0.22881
0.870042
-0.436661
-0.571959
0.212495

0.409393
0.876829
0.252128
0.163888
0.0440019

-0.870814
0.167082
0.46235
-0.102696
0.0952417

0.870814
-0.167082
-0.46235
0.301458
0.0382292

-0.467919
0.623111
0.626726
-0.118878
0.120278

0.467919
-0.623111
-0.626726
-0.0575836
0.107462

-0.65074
-0.415261
0.635685
0.739144
0.00336511

0.126723
0.661722
-0.738962
-7.76648
15.6257

-0.126723
-0.661722
0.738962
0.910102
0.00167296

-0.609282
-0.624293
-0.488911
-3.0226
3.6327

0.609282
0.624293
0.488911
-0.448125
0.470796

0.112221
-0.489011
-0.865029
0.544207
0.00964907

-0.112221
0.489011
0.865029
0.40252
0.0165593

0.676472
-0.634468
0.373948
0.0847905
0.123659

-0.676472
0.634468
-0.373948
-1.71457
1.08778

0.771279
0.05839
0.633813
0.534035
0.03817

-0.0786696
0.359897
0.929669
-4.22414
2.94853

0.0786696
-0.359897
-0.929669
0.983617
2.99579e-05

0.192124
-0.742328
-0.641901
0.0110301
0.0813904

-0.192124
0.742328
0.641901
0.102978
0.0669599

-0.168663
-0.112393
-0.979245
0.187199
0.0485248

0.168663
0.112393
0.979245
0.151477
0.0528783

-0.227337
0.145162
0.962936
-0.784806
0.805923

0.227337
-0.145162
-0.962936
-3.26291
4.59417

-0.803247
-0.595646
0
0.740156
0.0149285

0.803247
0.595646
0
-3.82173
3.31901

0.633744
-0.519486
0.573152
0.685902
0.00483098

-0.633744
0.519486
-0.573152
0.121149
0.0377859

0.370982
-0.782207
-0.500524
0.988078
2.49688e-05

0.865802
-0.500387
0
0.016701
0.13462

-0.865802
0.500387
0
-1.08037
0.560647

0.264653
0.513697
-0.816134
0.526101
0.0332172

-0.264653
-0.513697
0.816134
-2.80592
2.12313

0.131014
-0.926789
0.351991
-0.107895
0.0536907

-0.131014
0.926789
-0.351991
0.850855
0.000974106

-0.433506
0.726969
0.53253
-0.162978
0.124958

0.433506
-0.726969
-0.53253
0.063347
0.0810582

-0.398507
0.537053
0.743483
0.599665
0.0256272

-0.0177817
0.134422
0.990765
0.9559
0.000958527

0.0177817
-0.134422
-0.990765
-23.7009
300.384

-0.765131
0.55794
0.321369
0.32312
0.0355746

0.328782
-0.835716
0.439865
0.692448
0.0219389

-0.328782
0.835716
-0.439865
-7.07802
15.111

-0.527398
0.0989764
0.843834
0.797687
0.000654694

0.527398
-0.0989764
-0.843834
0.839794
0.000410938

-0.353993
-0.1688
0.919889
0.984837
0.000109708

0.120238
-0.782626
0.61077
0.727411
0.00615284

-0.120238
0.782626
-0.61077
-1.10332
0.363101

0.372517
-0.0145218
-0.927912
-3.99919
3.53209

-0.372517
0.0145218
0.927912
0.822545
0.00445162

0.297466
-0.729396
0.616031
-0.187674
0.143728

-0.297466
0.729396
-0.616031
-0.118841
0.127566

-0.215334
-0.145569
-0.96563
-0.569055
0.143479

0.519877
0.538628
0.663029
0.540276
0.03261

-0.519877
-0.538628
-0.663029
-3.13752
2.64086

0.0187647
0.213842
-0.976688
-2.37131
1.28075

-0.0187647
-0.213842
0.976688
0.749241
0.00708843

-0.30051
0.106329
0.947833
-2.97526
1.60708

0.30051
-0.106329
-0.947833
0.918872
0.000680279

-0.482655
0.309722
0.819217
0.70018
0.0171287

0.482655
-0.309722
-0.819217
-5.3442
7.66347

0.134134
-0.460255
0.877595
0.335282
0.053657

-0.134134
0.460255
-0.877595
-1.41167
0.706176

-0.917711
-0.397248
0
0.219073
0.0566522

0.917711
0.397248
0
-0.0327779
0.0934187

0.351475
-0.082011
0.932598
0.935056
0.00163865

0.105338
0.954538
-0.278855
-3.75885
2.38394

-0.105338
-0.954538
0.278855
0.968027
0.000109123

-0.619122
0.729585
0.290506
-0.431429
0.0644246

0.706112
0.320154
0.631592
0.141846
0.086621

-0.706112
-0.320154
-0.631592
-0.930838
0.437925

-0.502584
0.664092
0.553526
0.158315
0.0271719

-0.30191
0.139539
-0.943069
0.99641
2.76594e-06

-0.010472
-0.304121
-0.952576
-17.1202
126.183

0.010472
0.304121
0.952576
0.922084
0.0023438

-0.646275
0.193601
0.738138
0.756908
0.00261884

0.646275
-0.193601
-0.738138
0.133197
0.0330555

-0.0558603
0.338045
0.939471
0.950007
0.000231995

-0.0121494
0.65472
0.755773
0.480095
0.0137112

-0.748386
0.437408
0.498591
0.879067
0.001499

-0.0347483
-0.639613
0.767912
0.950996
0.000263302

0.0347483
0.639613
-0.767912
-3.36465
1.94993

-0.466801
0.188851
-0.863963
-3.50531
3.98828

0.466801
-0.188851
0.863963
0.172497
0.134551

0.546075
-0.837736
0
0.843951
0.00345591

-0.911813
0.0757675
0.403555
-0.112557
0.0960809

0.911813
-0.0757675
-0.403555
0.32312
0.0355909

-0.771016
-0.52947
0.353829
0.746806
0.00534984

0.771016
0.52947
-0.353829
-1.22069
0.411392

0.773066
-0.174515
0.609847
0.886953
0.00408377

-0.0370392
-0.171892
-0.984419
-0.372079
0.187889

0.0370392
0.171892
0.984419
0.0868642
0.0833986

0.991026
0.133671
0
0.381139
0.0350079

-0.991026
-0.133671
0
-0.584285
0.229356

0.287819
-0.0180517
0.957515
0.969684
6.82561e-05

-0.287819
0.0180517
-0.957515
-2.1992
0.752617

-0.509663
0.129959
-0.850502
0.699574
0.00400106

0.509663
-0.129959
0.850502
0.234007
0.0259776

0.552903
0.796168
-0.245793
-0.961108
0.29336

-0.552903
-0.796168
0.245793
0.748622
0.00482818

-0.779595
-0.404349
0.478261
0.356386
0.0270183

0.779595
0.404349
-0.478261
0.159362
0.0460831

0.640794
-0.371394
-0.6719
0.671554
0.00391793

-0.70417
0.710032
0
-1.45968
0.58545

0.70417
-0.710032
0
0.671919
0.0106119

-0.436443
-0.403979
-0.803939
0.67192
0.00565756

0.0498195
-0.338635
0.939598
0.923079
0.000636489

0.857471
-0.157816
-0.489732
-0.476825
0.129206

-0.857471
0.157816
0.489732
0.790948
0.00261538

-0.0847794
0.25169
0.964087
0.970409
0.000426189

0.0847794
-0.25169
-0.964087
-23.8865
300.693

0.925189
0.379506
0
0.860368
0.00164509

-0.925189
-0.379506
0
-0.898662
0.228425

0.277035
-0.0193093
0.960666
0.95056
0.000174521

0.528254
0.055883
-0.847245
0.634413
0.00522797

0.334256
0.731558
-0.594219
-0.376963
0.115673

-0.334256
-0.731558
0.594219
0.735594
0.00431131

-0.588188
0.206293
0.78197
0.65709
0.0183358

-0.10924
0.0694114
-0.991589
-4.63597
7.10792

0.10924
-0.0694114
0.991589
0.226886
0.133794

0.557126
-0.445904
-0.700557
-8.57616
22.9383

-0.557126
0.445904
0.700557
0.778246
0.0123655

0.647173
-0.443832
-0.619823
0.765958
0.00933168

-0.647173
0.443832
0.619823
-4.85105
5.79926

-0.729471
-0.114605
-0.674343
-0.291139
0.0932697

0.729471
0.114605
0.674343
0.767618
0.00303462

-0.356453
-0.384409
0.85157
0.920403
0.000822721

0.649794
0.352302
0.673536
0.838164
0.00148632

-0.649794
-0.352302
-0.673536
-0.534181
0.132669

-0.0464626
-0.283851
-0.957742
-1.19471
0.373691

0.0464626
0.283851
0.957742
0.798014
0.00326824

0.860735
-0.450906
-0.236258
-0.41414
0.169751

-0.860735
0.450906
0.236258
0.393277
0.0314391

0.411215
-0.854473
0.317457
0.411015
0.0230211

-0.411215
0.854473
-0.317457
0.0636387
0.05815

-0.411573
0.514871
-0.752007
-0.0384766
0.0900421

0.411573
-0.514871
0.752007
0.145741
0.0609825

0.838915
0.0313108
0.543361
0.493745
0.0203258

-0.838915
-0.0313108
-0.543361
-0.422862
0.160094

0.110277
0.398661
-0.910444
-0.45228
0.107292

-0.110277
-0.398661
0.910444
0.871809
0.000895295

0.446025
0.462173
0.766457
0.706176
0.00588327

-0.446025
-0.462173
-0.766457
-0.535078
0.160001

0.238083
0.758196
-0.607006
-0.133642
0.137172

-0.238083
-0.758196
0.607006
-0.28463
0.176106

-0.59885
-0.0897189
-0.79582
-5.03108
5.8825

0.59885
0.0897189
0.79582
0.837434
0.00433532

-0.261978
0.0548725
0.963513
0.945324
0.000694849

-0.880437
-0.310787
-0.358108
-1.35027
0.514524

0.880437
0.310787
0.358108
0.679583
0.00956556

-0.175211
-0.984531
0
-2.02877
0.828668

0.175211
0.984531
0
0.860923
0.00174997

0.0828798
-0.948901
-0.304495
0.244473
0.0450091

0.920214
-0.187796
-0.343421
0.65231
0.00962504

0.281102
0.3305
-0.900972
-0.0175772
0.245703

-0.281102
-0.3305
0.900972
-4.38295
6.86422

0.739477
-0.596353
-0.312309
-0.17996
0.119687

-0.739477
0.596353
0.312309
0.210108
0.0536507

-0.452722
0.303596
0.838374
0.718063
0.00570482

0.452722
-0.303596
-0.838374
-0.656934
0.193558

-0.0471934
0.180998
0.98235
-0.817789
0.350579

0.0471934
-0.180998
-0.98235
0.268991
0.0567237

-0.0638334
-0.456667
0.887345
0.602434
0.0224765

-0.883148
-0.469094
0
-1.49626
0.535904

0.883148
0.469094
0
0.791283
0.00377799

-0.13014
0.734224
-0.666318
0.493983
0.00900656

0.13014
-0.734224
0.666318
0.69625
0.0032536

-0.776138
-0.215845
-0.59247
-0.353297
0.0701758

0.776138
0.215845
0.59247
0.951671
9.20044e-05

-0.480189
0.534406
-0.695578
0.132481
0.067893

0.480189
-0.534406
0.695578
-0.190442
0.12783

-0.837444
-0.546523
0
-5.20629
15.6819

0.837444
0.546523
0
-2.75442
5.84622

0.477268
0.550624
-0.684856
-5.20898
7.5686

-0.477268
-0.550624
0.684856
0.630636
0.0268843

0.25097
0.0124214
0.967915
0.756617
0.0093679

-0.25097
-0.0124214
-0.967915
-4.30036
4.4412

-0.51519
-0.857076
0
0.821738
0.000727726

0.350991
-0.231745
0.907248
0.887788
0.00300257

-0.350991
0.231745
-0.907248
-8.97541
23.2868

-0.778898
0.460184
-0.426085
0.406162
0.0179529

0.778898
-0.460184
0.426085
0.440581
0.0159322

-0.740408
-0.0647956
0.669027
0.893909
0.00441448

0.740408
0.0647956
-0.669027
-16.9293
125.875

0.0717956
-0.204732
-0.976181
-36.9393
1016.44

-0.0717956
0.204732
0.976181
0.987902
0.000103638

-0.040647
0.295637
0.954435
0.265355
0.0630181

0.040647
-0.295637
-0.954435
-1.11229
0.518767

-0.963673
-0.267083
0
0.304316
0.0302943

0.963673
0.267083
0
0.278312
0.0326008

-0.811542
-0.489284
-0.319376
0.492906
0.0132586

0.811542
0.489284
0.319376
0.334998
0.0227888

-0.94119
0.104905
0.32118
-0.732804
0.395711

0.94119
-0.104905
-0.32118
-0.273083
0.213617

-0.17742
-0.639216
-0.748281
0.560372
0.0111083

0.17742
0.639216
0.748281
0.0883888
0.0477264

-0.0375102
0.761683
-0.646863
-0.776279
0.234629

0.0375102
-0.761683
0.646863
0.712091
0.00622593

-0.41663
0
0.909076
0.72095
0.00127625

-0.397484
-0.492717
-0.774104
0.692326
0.00574917

0.397484
0.492717
0.774104
-0.2609
0.0965173

-0.584729
-0.457144
0.670158
-0.315838
0.237426

0.584729
0.457144
-0.670158
-0.813319
0.450844

0.903151
-0.0877296
0.420263
-0.471123
0.214421

-0.903151
0.0877296
-0.420263
0.172495
0.067883

-0.798548
-0.247655
0.548623
0.911486
0.000406133

0.798548
0.247655
-0.548623
-0.6036
0.128242

0.375214
-0.831931
0.408786
-4.31314
3.62428

-0.375214
0.831931
-0.408786
0.925792
0.000714499

0.249893
-0.880506
0.402819
0.190884
0.0602777

0.726246
-0.592943
-0.34783
0.572997
0.0116335

-0.726246
0.592943
0.34783
-0.108226
0.0781303

-0.831249
0.411776
0.37345
0.711945
0.00589416

0.831249
-0.411776
-0.37345
-0.650831
0.19292

-0.142421
-0.560442
-0.815856
-6.41132
10.7741

0.142421
0.560442
0.815856
0.81523
0.00670116

0.941473
0.31024
0.131834
-0.0381639
0.095837

-0.941473
-0.31024
-0.131834
0.0254847
0.0844562

-0.0104354
-0.958809
-0.283858
0.945238
0.000139463

-0.298061
-0.415059
-0.859585
0.511913
0.00607727

0.298061
0.415059
0.859585
0.851627
0.000562325

0.184152
-0.036833
0.982207
0.982586
3.36615e-05

-0.88866
0.280323
0.362909
0.467598
0.0151542

0.88866
-0.280323
-0.362909
0.31616
0.0249996

0.368454
-0.913087
-0.174681
0.921719
0.000516974

-0.368454
0.913087
0.174681
-2.17894
0.848396

-0.756195
-0.526732
0.38823
0.537625
0.0196923

0.756195
0.526732
-0.38823
-0.918641
0.338518

-0.258825
0.720266
0.643604
0.254795
0.0444671

0.258825
-0.720266
-0.643604
-0.0822846
0.0936687

-0.253043
0.322865
0.911991
0.9398
0.000246047

-0.275548
0.0722521
0.958568
0.812766
0.0019596

0.275548
-0.0722521
-0.958568
-0.415952
0.111491

-0.631482
-0.158901
0.758934
0.943651
0.000147557

0.631482
0.158901
-0.758934
-0.627967
0.121382

-0.375255
-0.124023
0.918587
0.942434
0.000652725

0.482434
0.846482
-0.225225
-0.548253
0.0930285

-0.482434
-0.846482
0.225225
0.972308
3.06054e-05

0.589606
0.386748
0.709077
0.902482
0.00256723

-0.589606
-0.386748
-0.709077
-10.7996
37.1506

-0.42786
-0.00248624
-0.903841
-1.38983
0.430787

0.42786
0.00248624
0.903841
0.858894
0.00156826

-0.322615
-0.241446
-0.915218
-4.38295
6.86758

0.322615
0.241446
0.915218
-0.0175772
0.245519

0.810529
0.237955
0.535182
0.549049
0.00768273

-0.810529
-0.237955
-0.535182
0.596236
0.00616089

-0.0873501
-0.110024
0.990083
0.941145
0.000416752

0.189844
-0.689221
-0.699238
-2.15497
1.22499

-0.189844
0.689221
0.699238
0.591116
0.0206817

0.402907
0.801002
-0.442788
-2.42382
1.47982

-0.402907
-0.801002
0.442788
0.634064
0.0169086

0.310099
-0.922976
-0.227936
-1.27888
0.606525

-0.310099
0.922976
0.227936
0.341373
0.0506885

0.0672335
-0.0202374
-0.997532
0.993019
2.2829e-06

-0.408641
0.113762
0.905577
0.778246
0.0124053

0.408641
-0.113762
-0.905577
-8.57616
22.931

-0.283045
0.808819
0.515459
0.835812
0.00163522

0.283045
-0.808819
-0.515459
-0.681276
0.170832

-0.503704
-0.779905
0.371525
0.948869
0.000514915

-0.147156
-0.858329
0.491545
0.386574
0.0131299

-0.759805
0.49134
-0.425771
0.127661
0.0197956

-0.226949
0.722578
0.652975
-1.71457
1.08774

0.226949
-0.722578
-0.652975
0.0847905
0.123681

-0.467184
-0.135228
-0.873758
-2.84103
1.58304

0.467184
0.135228
0.873758
0.871654
0.00177113

0.331604
-0.364741
-0.870059
0.751696
0.00254017

-0.331604
0.364741
0.870059
0.244818
0.0232633

0.999128
0.0417527
0
0.963832
0.00019858

-0.999128
-0.0417527
0
-2.33071
0.857647

0.0162838
-0.859628
-0.510661
0.411554
0.159534

-0.0162838
0.859628
0.510661
-15.2191
121.129

0.0117393
0.555979
0.831114
0.843993
0.00300187

0.257294
-0.889901
0.376664
0.34749
0.0853699

-0.257294
0.889901
-0.376664
-4.18236
5.38422

0.578471
0.253262
0.775391
0.788548
0.000874473

0.747154
0.100869
0.656952
0.679963
0.00525535

0.588829
0.211642
-0.780056
-1.21145
0.447182

-0.588829
-0.211642
0.780056
0.651496
0.01288

0.17272
-0.442251
0.880103
-0.0199621
0.1582

-0.17272
0.442251
-0.880103
-1.64749
1.06387

-0.437457
-0.079134
-0.895751
-1.54521
0.664446

0.437457
0.079134
0.895751
0.633806
0.0137639

0.668605
-0.605589
-0.431542
0.436311
0.0156376

-0.0138344
0.331789
-0.943252
-1.70484
0.96509

-0.948556
-0.31661
0
0.783225
0.00346816

0.948556
0.31661
0
0.0698609
0.041708

0.839532
-0.29599
0.455605
0.54686
0.0158225

-0.839532
0.29599
-0.455605
-0.458598
0.163527

0.879437
0.166646
-0.445891
-2.73438
2.87105

-0.879437
-0.166646
0.445891
-0.303948
0.350149

0.168731
-0.376719
-0.910831
-1.8055
1.11812

-0.168731
0.376719
0.910831
0.213681
0.0881227

-0.185686
-0.772359
0.607438
0.604942
0.0191585

0.185686
0.772359
-0.607438
-2.17143
1.22964

-0.288049
0.333028
0.897842
0.922986
0.000498065

0.288049
-0.333028
-0.897842
-2.18271
0.84887

-0.00943545
0.200356
-0.979678
-0.307475
0.0727608

-0.416848
0.417012
-0.807675
0.718775
0.00602942

0.416848
-0.417012
0.807675
-0.852651
0.260637

-0.568379
-0.356113
0.741707
0.735098
0.00805818

-0.322696
0.235452
0.91675
-0.913391
0.288216

0.322696
-0.235452
-0.91675
0.706142
0.0069261

-0.0826154
0.992341
-0.0918357
0.647141
0.00502836

0.0826154
-0.992341
0.0918357
0.421876
0.013496

0.656162
-0.253574
0.71074
0.602025
0.00776086

-0.656162
0.253574
-0.71074
0.256671
0.0270664

0.932513
-0.333692
0.138093
0.310997
0.0132864

-0.410144
0.883438
0.226536
0.46035
0.0133471

-0.975348
0.102977
0.195171
-0.566282
0.304949

0.975348
-0.102977
-0.195171
-0.258983
0.197034

0.19763
0.304359
0.931831
0.668769
0.00900357

-0.19763
-0.304359
-0.931831
-0.875134
0.2839

0.381964
0.137763
0.913852
0.587133
0.0243862

-0.381964
-0.137763
-0.913852
-2.88279
2.15495

-0.605931
0.438002
-0.664079
-0.404085
0.0936802

0.605931
-0.438002
0.664079
0.890532
0.000576237

0.877383
-0.236114
-0.417671
-0.673392
0.382466

-0.877383
0.236114
0.417671
-0.425858
0.277689

-0.164432
0.752313
0.637955
0.455716
0.0621513

0.164432
-0.752313
-0.637955
-4.92724
7.356

-0.0554648
0.488357
-0.87088
0.959845
0.000139668

0.0554648
-0.488357
0.87088
-2.15471
0.748395

0.669959
0.246344
0.700336
0.0889099
0.0375069

-0.156789
0.0675192
-0.985321
0.983294
0.00011063

1
0
0
0.803598
0.00746465

-1
0
0
-0.587076
0.163301

-0.57245
0.320952
0.754514
0.325736
0.018098

0.83402
-0.268455
-0.482019
-0.266795
0.0919376

-0.83402
0.268455
0.482019
0.741631
0.00385364

0.889306
0.269305
0.369608
-0.0343812
0.132492

-0.889306
-0.269305
-0.369608
-0.838894
0.418707

-0.12298
-0.278908
-0.952411
0.338577
0.0769698

0.12298
0.278908
0.952411
-3.26206
3.19544

0.461481
-0.861776
-0.210658
-3.65383
3.39333

-0.461481
0.861776
0.210658
0.643958
0.0198702

0.201634
-0.417768
0.885897
-0.22528
0.168123

-0.201634
0.417768
-0.885897
-0.308336
0.191646

-0.265013
-0.449968
0.852817
0.737485
0.00540339

0.265013
0.449968
-0.852817
-0.948106
0.291994

0.605286
-0.175565
0.776406
0.675984
0.0186485

-0.605286
0.175565
-0.776406
-4.66628
5.70168

-0.175609
0.785801
-0.593024
-0.685654
0.280401

0.175609
-0.785801
0.593024
0.317377
0.0460713

0.588623
-0.626675
0.510686
0.650274
0.00730604

-0.588623
0.626675
-0.510686
-0.127397
0.0755239

0.916405
0.400252
0
-23.1684
288.761

-0.916405
-0.400252
0
0.897205
0.00920146

0.0603095
0.627075
-0.776621
0.673825
0.0154504

-0.445329
-0.568756
-0.691518
-1.28483
0.45929

0.445329
0.568756
0.691518
0.716719
0.0070783

0.81238
-0.522084
-0.259743
0.0594509
0.100691

-0.81238
0.522084
0.259743
-0.704406
0.330596

-0.276965
0.140554
-0.950545
-5.7332
7.88537

0.276965
-0.140554
0.950545
0.854386
0.00369673

-0.267545
-0.683028
0.679626
0.665655
0.006226

0.267545
0.683028
-0.679626
-0.0239335
0.0577957

-0.559366
-0.519402
0.646012
-0.643935
0.236924

0.559366
0.519402
-0.646012
0.473288
0.0244128

-0.793461
-0.40405
-0.455152
0.969352
0.000238224

0.793461
0.40405
0.455152
-11.2593
37.495

-0.0331439
0.313513
0.949005
0.937608
0.000160037

0.835914
0.162852
0.524144
0.471391
0.0111556

-0.835914
-0.162852
-0.524144
0.618563
0.00581303

-0.0499012
0.716627
0.69567
0.887788
0.00295702

0.0499012
-0.716627
-0.69567
-8.97541
23.3039

0.532861
-0.154397
0.831998
0.818887
0.000503237

-0.0109298
-0.875512
0.483073
-0.0327779
0.0849289

0.0109298
0.875512
-0.483073
0.219073
0.0485612

-0.349953
-0.222916
-0.909858
-1.94338
1.49883

0.349953
0.222916
0.909858
-0.205597
0.251817

0.831649
0.0139475
0.555127
-1.68175
1.37595

-0.831649
-0.0139475
-0.555127
-0.716293
0.563691

0.223365
0.766984
-0.601535
0.933514
0.000117041

-0.565465
0.0456908
-0.823506
-7.10955
15.1431

0.565465
-0.0456908
0.823506
0.705777
0.0199364

0.70711
0.707103
0
0.873232
0.104489

0.233388
-0.422965
0.875575
0.948919
0.00191163

-0.233388
0.422965
-0.875575
-36.2376
1014.5

0.113182
0.91499
-0.387277
-0.148193
0.0891313

-0.113182
-0.91499
0.387277
0.528783
0.0150377

0.404191
-0.885062
-0.230859
-3.82711
4.19349

-0.404191
0.885062
0.230859
0.463655
0.051787

-0.319599
-0.0475545
-0.946359
-13.5886
64.702

0.319599
0.0475545
0.946359
0.94952
0.000775241

0.837353
0.546663
0
0.549185
0.00896641

-0.837353
-0.546663
0
0.489537
0.0114284

0.47958
-0.657429
-0.581197
0.9468
0.000153037

-0.47958
0.657429
0.581197
-1.01316
0.218181

-0.40894
-0.571806
0.7112
0.937192
0.000210431

0.40894
0.571806
-0.7112
-0.705202
0.141292

-0.109081
-0.946298
0.304339
-1.07417
0.28081

0.109081
0.946298
-0.304339
0.879329
0.000951296

-0.483816
-0.814769
0.319488
0.887429
0.00653103

0.603551
0.486792
0.631474
-0.136016
0.0798032

-0.100365
-0.646243
0.756503
0.545392
0.0111947

-0.958434
-0.152177
-0.241343
0.87482
0.00152875

0.958434
0.152177
0.241343
-2.41146
1.12975

0.250615
-0.0299239
0.967624
0.577017
0.0163092

-0.250615
0.0299239
-0.967624
-0.951884
0.343245

-0.0354576
-0.69045
-0.722511
-0.979508
0.216483

-0.523826
-0.743845
-0.415091
-0.493901
0.0976785

0.523826
0.743845
0.415091
0.938855
0.000263996

-0.30937
-0.289369
0.905845
0.907589
0.000882076

-0.165612
0.877529
0.450018
-0.122894
0.0496207

-0.415119
0.322589
0.850654
0.902364
0.000723372

0.415119
-0.322589
-0.850654
-1.4786
0.439392

0.320405
0.102529
0.941716
0.990571
6.26669e-05

0.898917
0.43812
0
-13.0918
60.1687

-0.898917
-0.43812
0
0.869713
0.0111535

0.418395
-0.152961
0.895292
0.900982
0.00310529

0.633301
-0.538447
0.555881
0.439012
0.0107094

-0.633301
0.538447
-0.555881
0.756573
0.00204256

0.972242
-0.0751572
0.22158
-10.3579
36.6879

-0.972242
0.0751572
-0.22158
0.798081
0.0115968

-0.20468
0.259652
0.943762
0.923682
0.00432686

0.20468
-0.259652
-0.943762
-35.9378
1013.31

0.316756
0
0.948507
0.955424
0.000137177

-0.738968
-0.368073
0.564313
0.959263
8.61009e-05

0.738968
0.368073
-0.564313
-0.815451
0.155571

0.425495
0.503715
0.751814
0.654833
0.00878722

-0.425495
-0.503715
-0.751814
-0.597786
0.188069

0.638625
0.204992
-0.741712
-2.76913
1.81545

-0.638625
-0.204992
0.741712
0.70302
0.0113631

-0.218826
-0.952858
0.210183
0.0132914
0.0340563

0.218826
0.952858
-0.210183
0.908471
0.000295292

-0.0472993
0.641349
0.76579
0.786706
0.00260446

0.17441
-0.583824
-0.792925
0.255902
0.0214791

-0.17441
0.583824
0.792925
0.775581
0.00196049

-0.259775
0.120366
0.958138
0.81611
0.00605077

0.259775
-0.120366
-0.958138
-5.62003
7.82733

-0.0336446
-0.398525
-0.91654
-36.8741
1016.33

0.0336446
0.398525
0.91654
0.985439
0.000150438

0.540877
0.58802
0.601402
0.891715
0.000653165

-0.540877
-0.58802
-0.601402
-0.663039
0.14877

0.669045
0.435693
-0.602122
-0.611467
0.177206

-0.669045
-0.435693
0.602122
0.729591
0.00503971

0.0416926
0.935258
0.351502
-2.57241
1.00588

-0.0416926
-0.935258
-0.351502
0.976578
4.50007e-05

-0.821695
-0.307269
0.480004
0.662091
0.0149702

0.821695
0.307269
-0.480004
-2.7078
1.79721

-0.208577
-0.385905
0.898651
0.678193
0.00516786

-0.666167
-0.294377
0.685248
0.859117
0.0019581

0.666167
0.294377
-0.685248
-2.37536
1.12379

-0.744139
0.553796
-0.373587
-1.36875
0.69556

0.744139
-0.553796
0.373587
0.276581
0.0649178

0.833692
-0.552229
0
0.203141
0.0579658

-0.833692
0.552229
0
-0.0609013
0.0981999

-0.28334
-0.222076
-0.932953
-11.0506
37.3719

0.28334
0.222076
0.932953
0.943979
0.000808256

0.865575
0.352114
0.356084
-0.22528
0.167932

-0.865575
-0.352114
-0.356084
-0.308336
0.191463

0.851759
-0.399734
0.338702
-0.134942
0.041816

0.350359
-0.422578
-0.835868
-3.6772
2.83771

-0.350359
0.422578
0.835868
0.849321
0.00296071

0.942138
-0.0807104
0.325365
0.699611
0.00561577

-0.942138
0.0807104
-0.325365
-0.230842
0.0902767

-0.212454
0.944527
-0.250462
-4.66628
5.70143

0.212454
-0.944527
0.250462
0.675984
0.0186549

-0.194805
-0.247824
-0.949018
-10.8143
37.1804

0.194805
0.247824
0.949018
0.905254
0.0023933

-0.490164
0.736749
-0.465769
-0.517671
0.0923033

0.52628
-0.325635
0.785488
-1.68576
0.959149

-0.200192
0.800973
0.564239
0.719436
0.00302329

0.3669
0.712296
0.598347
0.549383
0.0131126

-0.3669
-0.712296
-0.598347
-0.0940089
0.0772028

0.8117
0.584074
0
0.892152
0.00472743

0.494954
-0.31746
0.808851
0.834681
0.000829532

-0.663804
0.693786
0.27933
-0.0184641
0.10938

0.663804
-0.693786
-0.27933
-0.386251
0.202619

-0.0300068
0.280235
0.959462
0.86708
0.00179899

0.0300068
-0.280235
-0.959462
-2.39335
1.12554

-0.52615
-0.300772
-0.795426
-4.68964
5.71511

0.52615
0.300772
0.795426
0.688345
0.017149

-0.399005
-0.626024
0.669992
-0.0443547
0.0353779

0.399005
0.626024
-0.669992
0.943518
0.00011817

-0.612408
-0.790542
0
0.372241
0.01701

0.284657
0.517916
0.806681
0.921986
0.00109914

0.774559
0.248444
-0.581665
-0.875134
0.283862

-0.774559
-0.248444
0.581665
0.668769
0.00891386

0.0589825
0.474734
0.878151
0.859987
0.00118172

0.416247
-0.73661
0.533051
-0.594387
0.287315

-0.416247
0.73661
-0.533051
-0.00545549
0.114325

-0.154614
0.56904
-0.807643
0.570009
0.00732805

0.154614
-0.56904
0.807643
0.537377
0.00847792

-0.0327047
-0.341135
0.939445
0.905813
0.000440089

0.0327047
0.341135
-0.939445
-0.507003
0.109609

-0.267108
-0.096363
0.958837
0.952965
6.05426e-05

0.267108
0.096363
-0.958837
0.58076
0.00294174

-0.936461
-0.0271468
0.349719
-0.00284815
0.0572539

0.231187
0.824362
-0.516701
0.839135
0.00129955

-0.231187
-0.824362
0.516701
-0.29831
0.0842742

-0.930005
-0.0559425
-0.363264
0.863658
0.00202057

0.930005
0.0559425
0.363264
-2.82134
1.5789

-0.333788
-0.884068
0.327124
0.403872
0.0127989

-0.732185
-0.681106
0
-2.90321
2.05829

0.732185
0.681106
0
0.602434
0.0313992

0.274617
-0.443112
0.853368
0.956319
0.000371246

0.907354
0.406815
-0.10588
-2.24145
0.855314

-0.907354
-0.406815
0.10588
0.941261
0.000281266

0.0529648
-0.83632
0.545678
0.643958
0.0199157

-0.0529648
0.83632
-0.545678
-3.65383
3.39237

-0.400131
0.3631
-0.841459
-0.0505003
0.0676538

0.400131
-0.3631
0.841459
0.57801
0.0109292

0.472195
-0.426437
0.771482
0.63159
0.00904587

-0.472195
0.426437
-0.771482
-0.290764
0.109862

0.218118
-0.503952
-0.835738
0.765272
0.00435534

-0.30771
0.619893
-0.721836
-20.8829
288.813

0.30771
-0.619893
0.721836
0.31853
0.2801

-0.602851
0.12965
0.787249
0.791034
0.00794026

0.602851
-0.12965
-0.787249
-5.55316
7.78998

-0.791386
-0.134829
0.596263
-23.1014
298.926

0.791386
0.134829
-0.596263
0.887959
0.00648432

-0.369002
-0.484323
0.793265
0.772473
0.00527683

0.369002
0.484323
-0.793265
-2.0312
0.932964

0.02111
0.419002
0.90774
0.948473
0.000536597

-0.02111
-0.419002
-0.90774
-0.73359
0.144233

0.296171
-0.854581
0.426585
0.493421
0.0153342

-0.296171
0.854581
-0.426585
0.130629
0.0450397

0.0272307
0.155067
0.987529
-2.18271
2.4764

-0.0272307
-0.155067
-0.987529
-1.39057
1.39746

0.425886
0.633744
-0.645747
0.77721
0.00436897

-0.425886
-0.633744
0.645747
-1.47543
0.532981

0.0691355
-0.582633
-0.809789
0.843449
0.00193798

0.183592
0.466711
-0.865144
-1.60676
0.556703

0.951218
0.106995
-0.289371
0.823834
0.00439026

-0.951218
-0.106995
0.289371
-4.00232
3.53284

0.678881
0.580775
-0.449245
-2.05541
1.60331

-0.678881
-0.580775
0.449245
-0.120358
0.215727

-0.769886
0.582031
0.261755
0.949188
0.000971322

0.769886
-0.582031
-0.261755
-17.343
126.514

0.950194
-0.311658
0
0.518892
0.0204721

-0.738233
0.417252
0.530012
0.980792
1.5156e-05

0.286378
-0.308446
-0.90711
0.0805485
0.0289973

-0.286378
0.308446
0.90711
0.897839
0.000360846

0.490814
0.0189673
0.871058
-0.160647
0.0701438

-0.490814
-0.0189673
-0.871058
0.768505
0.0028

0.456966
0.440927
0.772506
0.735953
0.00424963

-0.0581836
-0.840099
0.539303
0.900643
0.000702257

-0.231081
-0.14409
0.962206
0.960603
2.59386e-05

0.378293
0.447815
0.810158
0.701031
0.0145908

-0.378293
-0.447815
-0.810158
-4.19044
4.38926

0.710519
-0.426444
-0.559739
0.228048
0.0300885

-0.710519
0.426444
0.559739
0.594243
0.00832214

-0.429243
0.722218
-0.542358
-1.87733
1.67917

0.429243
-0.722218
0.542358
-0.79336
0.652426

0.235181
0.453572
-0.859629
-13.1806
64.2155

-0.235181
-0.453572
0.859629
0.886953
0.00413176

0.692929
-0.10112
-0.71388
-0.570771
0.128353

-0.692929
0.10112
0.71388
0.893201
0.0010972

0.551355
0.618293
0.560108
0.869021
0.000746578

-0.352417
0.721841
0.595607
0.613117
0.00462169

0.396936
-0.332473
0.855513
0.847072
0.00164887

0.16683
-0.851141
0.497721
0.460069
0.031491

-0.16683
0.851141
-0.497721
-1.25466
0.548038

0.820296
0.291706
-0.491957
0.200739
0.040513

-0.820296
-0.291706
0.491957
0.36015
0.0259831

-0.682128
0.641377
-0.351194
-0.103338
0.118648

0.682128
-0.641377
0.351194
-0.103338
0.118648

0.196682
-0.974535
0.10769
-0.59334
0.214942

-0.196682
0.974535
-0.10769
0.493816
0.0216956

0.9122
-0.342743
-0.22454
0.948159
0.000239347

-0.9122
0.342743
0.22454
-2.63108
1.16054

0.185068
0.305119
0.934159
-24.073
300.802

-0.185068
-0.305119
-0.934159
0.982011
0.000164451

0.109885
0.640891
-0.759726
-6.80919
10.9868

-0.109885
-0.640891
0.759726
0.923615
0.00105786

0.222676
-0.880904
-0.417641
-1.79882
0.991836

-0.222676
0.880904
0.417641
0.42723
0.0415872

-0.585914
-0.242814
0.77314
0.726951
0.00434338

0.346491
0.76878
0.537515
-0.335996
0.101075

-0.346491
-0.76878
-0.537515
0.77542
0.00288919

0.246778
0.372875
0.894464
0.846025
0.00415089

0.47586
0.141759
-0.868022
-1.89276
0.72083

-0.47586
-0.141759
0.868022
0.868028
0.00151481

0.428448
-0.0273359
0.903153
0.676542
0.00305476

-0.428448
0.0273359
-0.903153
0.713423
0.00242676

0.655164
-0.31844
0.685095
0.597741
0.0218481

0.262156
0.453238
0.851968
0.888869
0.000189462

-0.262156
-0.453238
-0.851968
0.772749
0.00076586

0.588232
0.662215
0.464171
0.294499
0.0218955

-0.588232
-0.662215
-0.464171
0.669724
0.00482177

0.89424
0.350396
0.278493
0.598469
0.0162882

0.326471
0.936546
-0.127665
-0.712502
0.198196

-0.326471
-0.936546
0.127665
0.769764
0.00358443

-0.150858
0.883958
-0.44256
-0.772527
0.203014

-0.322432
-0.919754
-0.22381
-1.66606
0.953214

0.322432
0.919754
0.22381
0.266008
0.0725137

0.926239
0.376936
0
0.0338422
0.0429236

-0.926239
-0.376936
0
0.823444
0.00249004

-0.87341
0.457486
0.166919
0.157004
0.0245098

0.87341
-0.457486
-0.166919
0.872991
0.000559622

0.913142
0.407641
0
0.746806
0.0142617

0.430372
-0.321317
0.843526
0.880314
0.000621976

-0.670492
-0.200788
0.71423
0.713948
0.0451362

0.670492
0.200788
-0.71423
-22.1702
295.558

0.862293
0.50641
0
0.703287
0.0092045

0.620296
0.179467
0.76356
0.802976
0.00965402

-0.620296
-0.179467
-0.76356
-8.65423
23.014

-0.65789
-0.29449
0.693149
-0.0456188
0.0325265

0.65789
0.29449
-0.693149
0.961712
4.40483e-05

-0.52841
-0.530557
0.662791
0.790015
0.0025107

0.52841
0.530557
-0.662791
-0.351106
0.101968

0.576048
-0.634481
-0.515367
0.308823
0.0261499

-0.576048
0.634481
0.515367
0.447661
0.016704

-0.297498
0.493003
0.817584
0.851015
0.00276414

-0.439567
0.103546
0.892221
0.896704
0.000230029

0.439567
-0.103546
-0.892221
0.55442
0.00420026

-0.324412
0.474564
-0.818258
-4.99147
5.86897

0.324412
-0.474564
0.818258
0.823006
0.00512948

0.18022
-0.528475
0.829599
0.928441
0.000256695

0.284113
0.0655453
0.956548
0.973329
0.000119961

-0.140959
0.123401
0.982295
0.827025
0.00277716

-0.386847
-0.387342
-0.836849
-0.531762
0.140919

0.386847
0.387342
0.836849
0.798445
0.00244826

0.498759
-0.352467
0.791838
0.233663
0.0692242

-0.498759
0.352467
-0.791838
-1.09187
0.514419

0.60872
0.141231
-0.780713
-1.7559
0.97984

-0.60872
-0.141231
0.780713
0.378204
0.0498872

-0.330317
-0.571478
0.751202
0.987059
7.75813e-06

0.330317
0.571478
-0.751202
-0.779108
0.125644

0.896913
0.442208
0
-2.33632
1.08654

-0.896913
-0.442208
0
0.840876
0.00453449

0.408194
0.477495
0.778059
0.876228
0.00607218

-0.408194
-0.477495
-0.778059
-16.8232
125.676

-0.700929
-0.699688
-0.138333
0.244291
0.0218296

0.7899
-0.410541
-0.455536
-0.0259104
0.0764461

-0.7899
0.410541
0.455536
0.355747
0.0301778

0.590455
-0.231688
0.7731
0.272524
0.0400225

-0.590455
0.231688
-0.7731
0.00982463
0.0740158

-0.147554
0.292912
0.944685
0.167088
0.0300075

0.177993
0.483095
0.857285
0.543089
0.0182857

-0.177993
-0.483095
-0.857285
-0.765167
0.270635

-0.966172
-0.107813
-0.234281
0.944338
4.35778e-05

0.966172
0.107813
0.234281
0.687925
0.00132149

-0.0134381
0.895455
-0.44495
-0.935613
0.290743

0.0134381
-0.895455
0.44495
0.726478
0.00626756

0.750521
-0.0449983
-0.659313
-1.49985
0.592401

-0.750521
0.0449983
0.659313
0.705411
0.00829582

-0.926491
-0.0389645
-0.374294
0.999261
3.00662e-07

-0.56384
0.082586
-0.821745
-10.0761
36.2844

0.56384
-0.082586
0.821745
0.708734
0.0252085

-0.228983
-0.97343
0
0.671895
0.00379588

0.228983
0.97343
0
0.558826
0.00677247

-0.14516
-0.769968
0.621351
0.26544
0.0915857

0.14516
0.769968
-0.621351
-2.8377
2.49944

-0.953921
-0.300056
0
0.258869
0.084057

0.953921
0.300056
0
-1.66069
0.932857

0.56563
0.248217
0.786416
0.449573
0.0380654

-0.56563
-0.248217
-0.786416
-1.81924
0.997505

-0.257529
0.459246
-0.85016
-4.53599
5.6229

0.257529
-0.459246
0.85016
0.601514
0.0291747

0.0644883
-0.33113
-0.941379
-5.49413
10.0004

-0.0644883
0.33113
0.941379
0.329052
0.106783

-0.482541
-0.873988
0.0574406
0.714837
0.0109074

0.482541
0.873988
-0.0574406
-3.07141
2.22167

0.648706
-0.129514
0.749938
0.682475
0.00662746

-0.648706
0.129514
-0.749938
-0.372347
0.122229

-0.443035
-0.773715
0.452862
0.718063
0.00563098

0.443035
0.773715
-0.452862
-0.656934
0.193471

0.715107
0.627708
0.307579
0.673744
0.0106741

-0.715107
-0.627708
-0.307579
-1.59118
0.673038

-0.691412
-0.107144
-0.714471
0.998903
8.97634e-07

0.717563
-0.530132
0.451734
0.565352
0.0306864

-0.717563
0.530132
-0.451734
-3.53681
3.33792

0.18918
-0.415204
0.889841
0.908883
0.000682846

-0.164641
0.733347
0.659618
0.969029
3.13756e-05

0.164641
-0.733347
-0.659618
0.146364
0.0177929

0.667423
-0.276417
0.691477
-1.48874
0.898545

-0.667423
0.276417
-0.691477
0.00173903
0.144742

0.153829
0.29965
-0.941566
-1.58783
0.495483

-0.153829
-0.29965
0.941566
0.902807
0.000704568

-0.280123
-0.233922
-0.931027
-0.5289
0.276116

0.280123
0.233922
0.931027
-0.15979
0.159037

0.729973
0.0795922
-0.678826
-11.0328
37.3555

-0.729973
-0.0795922
0.678826
0.94143
0.00088916

-0.198012
0.629354
0.751468
0.129227
0.0439081

0.796983
0.583164
-0.157283
0.213681
0.0878875

-0.796983
-0.583164
0.157283
-1.8055
1.11868

0.348119
-0.406949
-0.844515
0.590877
0.0048312

0.655186
-0.280286
0.701549
-24.0528
300.778

-0.655186
0.280286
-0.701549
0.980894
0.000185118

-0.459044
-0.821915
0.337247
0.928959
0.000188791

0.459044
0.821915
-0.337247
-0.169054
0.0508099

0.601591
0.746421
0.284505
0.826418
0.00318939

-0.300499
-0.393024
-0.869041
-0.881323
0.619293

0.300499
0.393024
0.869041
-1.08459
0.76034

0.699882
0.151969
-0.697905
-3.50046
2.78237

-0.699882
-0.151969
0.697905
0.770527
0.00724094

0.0462505
0.381134
0.923362
0.949088
0.000266959

0.24853
-0.757741
-0.603375
0.749705
0.00185175

-0.24853
0.757741
0.603375
0.586248
0.00499985

-0.392079
0.345921
0.852416
0.775877
0.00303916

0.392079
-0.345921
-0.852416
-0.460362
0.128137

-0.342791
-0.518898
0.783096
0.975593
3.23667e-05

0.342791
0.518898
-0.783096
-0.598605
0.100121

0.0539002
-0.0793571
0.995388
0.994834
1.83211e-06

-0.285397
-0.428494
0.857288
0.894316
0.00356283

0.285397
0.428494
-0.857288
-13.2208
64.2961

0.699722
-0.609383
0.372883
0.66621
0.00964478

-0.699722
0.609383
-0.372883
-0.951298
0.316546

-0.183232
0.0496002
0.981818
0.954735
0.000176577

0.183232
-0.0496002
-0.981818
-2.4656
0.9964

-0.38778
0.270517
0.881162
0.80092
0.00124886

-0.335853
-0.683692
-0.647895
-0.0507979
0.0782539

0.335853
0.683692
0.647895
0.408926
0.0248265

0.776274
-0.511085
0.369041
0.963145
0.000104514

-0.776274
0.511085
-0.369041
-2.16888
0.750221

0.778356
0.452602
0.4351
0.915522
0.000242674

-0.778356
-0.452602
-0.4351
0.0730557
0.0281457

0.74113
0.469875
0.479525
0.982516
0.000219794

-0.736682
0.490851
-0.465151
-2.06191
1.05944

0.736682
-0.490851
0.465151
0.67142
0.0122393

0.0806936
-0.996739
0
0.091611
0.0647315

-0.0806936
0.996739
0
0.13243
0.0590475

0.0914654
-0.337404
-0.936906
-1.03452
0.606144

-0.0914654
0.337404
0.936906
-0.327261
0.258215

0.945519
0.325566
0
0.643537
0.00460176

-0.945519
-0.325566
0
0.581651
0.00627306

0.0271948
0.119102
-0.99251
-0.936802
0.230885

-0.0271948
-0.119102
0.99251
0.882646
0.00091418

0.495248
0.868752
0
-2.85366
2.94447

-0.495248
-0.868752
0
-0.13067
0.254665

-0.295824
-0.40303
-0.866057
-0.970019
0.408808

0.295824
0.40303
0.866057
0.364016
0.0428038

-0.714966
0.282783
-0.639419
-0.834743
0.353501

0.714966
-0.282783
0.639419
0.296894
0.0520224

0.356387
0.0312831
0.933815
0.911126
0.000367762

-0.128159
-0.847974
0.514311
0.381625
0.0156524

0.245775
-0.439655
-0.863885
-5.04361
5.89247

-0.245775
0.439655
0.863885
0.841852
0.00403769

0.389914
-0.241417
-0.888642
-1.6002
0.549343

-0.389914
0.241417
0.888642
0.853179
0.00175417

-0.279388
-0.0819629
0.956674
0.893731
0.000739464

0.279388
0.0819629
-0.956674
-1.02726
0.255921

0.171889
0.316432
-0.932912
0.510925
0.0538819

-0.783457
-0.357223
0.508515
-0.951298
0.316494

0.783457
0.357223
-0.508515
0.66621
0.00933869

-0.539634
0.183945
0.821559
0.881367
0.000848232

0.539634
-0.183945
-0.821559
-0.869481
0.209929

0.28074
0.138013
0.949809
0.841572
0.0044271

-0.28074
-0.138013
-0.949809
-5.69359
7.8645

0.0896828
0.37812
-0.921402
-23.6866
300.348

-0.0896828
-0.37812
0.921402
0.954657
0.00101586

-0.376278
0.182576
-0.90834
0.48881
0.0143106

0.652328
-0.54321
0.528575
0.834221
0.00172975

-0.652328
0.54321
-0.528575
-0.73524
0.186703

0.629852
-0.289706
0.720665
0.961743
0.000450986

-0.899735
-0.212457
0.381234
-0.151433
0.0481721

0.899735
0.212457
-0.381234
0.932482
0.000171293

-0.915407
-0.402529
0
-0.886449
0.432937

0.915407
0.402529
0
0.0600314
0.126024

-0.253138
0.257714
0.932472
0.654833
0.00892834

0.253138
-0.257714
-0.932472
-0.597786
0.188228

0.0378624
0.790966
-0.610687
-0.317878
0.105589

-0.0378624
-0.790966
0.610687
0.7149
0.00494723

-0.47481
-0.631481
0.613014
0.891275
0.000595672

0.47481
0.631481
-0.613014
-0.442826
0.100824

-0.941567
0.336826
0
0.715942
0.0145448

0.441162
0.651401
-0.617295
0.216466
0.183985

-0.441162
-0.651401
0.617295
-7.45894
21.4389

0.43272
0.420702
0.797348
0.865704
0.00315915

-0.43272
-0.420702
-0.797348
-5.76987
7.89766

0.145834
-0.877627
-0.456622
0.0638323
0.243687

-0.145834
0.877627
0.456622
-6.07976
13.9309

0.784931
0.182871
0.591982
0.688345
0.0172042

-0.784931
-0.182871
-0.591982
-4.68964
5.71291

0.906612
0.0317157
0.420772
0.353392
0.0339274

-0.906612
-0.0317157
-0.420772
-0.247315
0.126122

0.645758
-0.454589
0.61347
0.421967
0.0535573

-0.92803
-0.028584
0.371407
-0.0133557
0.0924899

0.92803
0.028584
-0.371407
-0.0248921
0.094606

-0.86948
-0.397705
-0.292975
-0.0921433
0.109718

0.86948
0.397705
0.292975
0.0082655
0.0904795

0.24586
0.690199
0.680572
0.84297
0.00369424

-0.24586
-0.690199
-0.680572
-3.32482
2.27411

-0.905011
0.335352
-0.261712
-0.0675128
0.0755098

0.905011
-0.335352
0.261712
0.502687
0.0163988

0.0630815
0.240342
-0.968637
0.170914
0.0171227

0.744034
-0.24921
-0.619925
-22.5379
297.062

-0.744034
0.24921
0.619925
0.793124
0.0229954

-0.786272
-0.610696
0.093951
-1.38868
0.573389

0.786272
0.610696
-0.093951
0.606653
0.0155516

0.711364
0.177133
0.680136
0.0674169
0.0509471

-0.711364
-0.177133
-0.680136
0.555815
0.0116236

-0.558929
0.568638
0.60353
0.478979
0.0216392

0.59653
-0.74698
-0.293552
0.733857
0.00308616

-0.59653
0.74698
0.293552
0.196351
0.0280542

0.133496
-0.818072
0.559408
0.944092
7.08224e-05

-0.133496
0.818072
-0.559408
0.475451
0.00539156

-0.75487
0.145266
-0.639585
-0.0531877
0.0866652

0.75487
-0.145266
0.639585
0.268619
0.0418507

0.611609
-0.197952
0.765996
0.51221
0.0422119

-0.611609
0.197952
-0.765996
-3.89148
4.22885

-0.502912
0.136297
-0.853524
-1.57445
0.546127

0.502912
-0.136297
0.853524
0.839096
0.00215015

0.483274
0.526096
0.699764
0.693764
0.00433088

0.429288
0.112576
0.896124
0.845206
0.00135691

0.373268
-0.147577
-0.91591
0.223922
0.0204112

-0.373268
0.147577
0.91591
0.861998
0.000703701

0.659052
0.680568
-0.320122
-4.57799
7.05479

-0.659052
-0.680568
0.320122
0.174851
0.154425

0.331858
-0.542775
-0.771535
-0.922479
0.57387

-0.331858
0.542775
0.771535
-0.602684
0.398926

0.699112
0.178511
0.69237
0.685584
0.00154325

0.172478
0.0109455
0.984953
0.971427
0.000304026

-0.14163
-0.514636
-0.845631
-1.92552
0.725232

0.14163
0.514636
0.845631
0.882979
0.00116098

-0.337819
-0.139298
0.930846
-0.755314
0.477598

0.337819
0.139298
-0.930846
-0.755314
0.477598

-0.375677
-0.0753797
-0.92368
0.996106
3.35313e-05

-0.344523
-0.938778
0
0.0653431
0.089854

0.344523
0.938778
0
-0.421718
0.207691

-0.382514
0.720297
0.578668
0.662015
0.00440906

0.382514
-0.720297
-0.578668
0.461284
0.0111358

0.92664
0.126051
0.354187
0.987705
6.93789e-05

-0.0912905
0.408085
0.908368
0.016701
0.12584

0.0912905
-0.408085
-0.908368
-1.08037
0.562116

0.751676
0.28413
-0.595192
0.745184
0.00132567

0.184433
0.591307
-0.785073
0.669941
0.00998525

-0.184433
-0.591307
0.785073
-1.2312
0.45145

-0.177511
-0.181128
0.967307
0.962643
6.42135e-05

-0.81131
0.42557
-0.400833
-0.12086
0.0628702

0.81131
-0.42557
0.400833
0.787379
0.00253727

0.165697
-0.0548197
0.984652
0.908021
0.00122101

-0.165697
0.0548197
-0.984652
-0.362323
0.0866616

-0.828851
-0.000881192
0.559468
0.927578
0.00027909

0.828851
0.000881192
-0.559468
-0.733118
0.152211

0.0826595
0.757492
0.64759
0.730112
0.00197851

-0.553175
0.459069
0.695163
0.997966
8.70416e-07

0.553175
-0.459069
-0.695163
-2.42713
0.762578

-0.485924
-0.874001
0
-2.96898
1.85805

0.485924
0.874001
0
0.814454
0.00469738

0.256997
-0.792362
0.553277
0.441247
0.0225839

0.790636
-0.0792566
0.607135
0.460225
0.0158319

-0.790636
0.0792566
-0.607135
0.303918
0.0263236

0.209089
-0.662858
0.718959
0.66844
0.0136354

-0.209089
0.662858
-0.718959
-2.47046
1.49324

-0.834162
-0.55152
0
0.30929
0.105066

0.834162
0.55152
0
-4.1375
5.20255

-0.00484807
0.324757
-0.945785
0.778246
0.0124143

0.00484807
-0.324757
0.945785
-8.57616
22.9294

-0.0431043
0.444186
0.894897
0.0295733
0.0601075

0.0431043
-0.444186
-0.894897
0.482633
0.0170877

-0.151913
-0.748313
0.645717
0.652308
0.00967773

-0.477316
0.713897
-0.512367
0.0411056
0.0764165

-0.297592
-0.563112
-0.770937
-15.6452
122.588

0.297592
0.563112
0.770937
0.573883
0.08049

0.894425
0.447219
0
-34.8584
977.617

-0.894425
-0.447219
0
0.787818
0.0444626

0.702623
-0.0113831
0.711472
-1.28548
0.747249

-0.702623
0.0113831
-0.711472
-0.0870364
0.169221

0.356173
-0.144401
0.923195
0.904494
0.00048358

0.612363
-0.0709482
0.787387
0.790669
0.00318176

-0.612363
0.0709482
-0.787387
-0.0225981
0.0514642

0.0294391
0.0778952
-0.996527
-24.193
301.084

-0.0294391
-0.0778952
0.996527
0.98792
6.93195e-05

-0.172349
0.674042
-0.718306
0.675632
0.00693992

0.172349
-0.674042
0.718306
-0.366656
0.121808

0.434826
0.493441
0.753287
-1.18268
0.716071

-0.434826
-0.493441
-0.753287
-0.291539
0.250904

-0.611141
-0.407172
0.678762
0.613831
0.0295835

0.611141
0.407172
-0.678762
-5.1787
7.5472

0.532483
-0.505853
-0.678656
-1.53299
0.662114

-0.532483
0.505853
0.678656
0.622665
0.0147034

-0.0462084
0.74552
0.664879
0.691859
0.00723235

0.0462084
-0.74552
-0.664879
-0.755847
0.232597

0.611445
-0.412437
0.6753
0.713474
0.00339666

-0.611445
0.412437
-0.6753
0.296292
0.0204566

-0.0754482
-0.212158
0.974319
0.906848
0.00160249

-0.386816
0.430327
0.815593
0.418468
0.0261212

0.386816
-0.430327
-0.815593
-0.238678
0.11837

0.0879077
0.912939
0.398516
0.994331
1.57181e-06

0.955994
-0.293388
0
0.463254
0.0267169

-0.955994
0.293388
0
-0.780703
0.294037

0.428601
0.81467
0.390659
-13.1595
111.457

-0.428601
-0.81467
-0.390659
-0.872335
1.949

0.304516
0.335912
-0.89131
-0.724826
0.334376

-0.304516
-0.335912
0.89131
0.100324
0.0911832

0.529942
0.492956
0.69004
-1.55263
0.822744

-0.529942
-0.492956
-0.69004
0.328693
0.0570467

-0.868989
0.380914
0.315852
0.660925
0.0244043

0.68863
0.725113
0
-0.566282
0.309202

-0.68863
-0.725113
0
-0.258983
0.202873

-0.120148
0.617738
-0.777152
-1.20351
0.315372

0.120148
-0.617738
0.777152
0.904086
0.000631464

-0.875721
0.260463
0.406537
-1.55263
0.822878

0.875721
-0.260463
-0.406537
0.328693
0.0569618

-0.960704
-0.277575
0
-3.79288
4.04811

0.960704
0.277575
0
0.436594
0.06523

0.905145
-0.198376
0.375978
0.853403
0.00214328

-0.188831
0.497306
0.846776
0.85122
0.00425545

0.517356
0.853079
0.067817
0.827939
0.00123886

-0.517356
-0.853079
-0.067817
0.0294712
0.0394036

0.558402
0.260678
-0.787549
0.654055
0.00581287

0.0968787
-0.445911
-0.889819
-2.66365
2.06604

-0.0968787
0.445911
0.889819
0.397865
0.0560524

0.831025
0.505817
0.231403
-2.00354
1.74811

-0.831025
-0.505817
-0.231403
-0.532413
0.45507

0.67013
0.606323
-0.428133
0.583303
0.00762171

-0.67013
-0.606323
0.428133
0.419244
0.014779

0.527533
-0.463493
-0.711957
0.409256
0.0124047

-0.527533
0.463493
0.711957
0.840122
0.00149567

-0.351059
-0.0820239
-0.932754
-2.00354
1.18152

0.351059
0.0820239
0.932754
0.448332
0.0399194

-0.343543
0.52321
0.779891
0.784341
0.00333533

0.343543
-0.52321
-0.779891
-0.858344
0.242385

-0.808264
0.35676
0.468435
0.870262
0.00134528

0.808264
-0.35676
-0.468435
-0.984053
0.252812

-0.238863
-0.700855
0.672121
0.621402
0.0134646

-0.517867
0.336021
0.786704
0.809714
0.00416603

0.0445764
0.148917
-0.987844
-5.71356
6.08792

-0.0445764
-0.148917
0.987844
0.985897
2.8968e-05

-0.80024
-0.141326
0.582788
0.962873
6.90249e-05

0.80024
0.141326
-0.582788
-0.727126
0.133018

0.304756
0.702376
-0.643267
0.840117
0.00124759

-0.396362
0.368646
0.840831
0.684617
0.011691

0.396362
-0.368646
-0.840831
-2.27453
1.25697

0.643328
0.752389
0.141562
0.267095
0.0286382

0.501247
0.446897
0.740969
0.409979
0.013029

-0.501247
-0.446897
-0.740969
0.71089
0.00313025

-0.563007
0.785271
0.257629
-9.51506
23.6198

0.563007
-0.785271
-0.257629
0.974448
0.000139545

0.337954
-0.666329
-0.664675
-0.191558
0.0650837

-0.337954
0.666329
0.664675
0.85373
0.00101546

-0.936673
0.203296
0.285158
0.482987
0.0312458

-0.0545434
0.274461
-0.96005
-1.17635
0.288035

0.0545434
-0.274461
0.96005
0.927175
0.00033245

-0.718195
0.590897
0.367473
0.122987
0.0757747

0.718195
-0.590897
-0.367473
-0.388069
0.18975

-0.759833
0.374932
-0.531112
0.902029
0.000412421

-0.273917
-0.331713
-0.902738
-3.29779
3.21509

0.273917
0.331713
0.902738
0.371688
0.068732

-0.476196
0.48245
0.735173
0.929238
0.000281741

0.476196
-0.48245
-0.735173
-0.967308
0.215826

0.308725
0.387906
-0.868457
0.83497
0.00157817

0.241623
0.689983
0.682306
0.833199
0.00172978

-0.241623
-0.689983
-0.682306
-0.677678
0.170656

0.949189
0.0790839
0.304608
0.338985
0.0309386

-0.00935965
-0.385437
0.922687
0.492495
0.0322515

0.00935965
0.385437
-0.922687
-1.8792
1.02562

0.0256804
0.133161
-0.990762
-1.15446
0.309974

-0.0256804
-0.133161
0.990762
0.879853
0.00207011

0.273851
0.045613
0.96069
0.944297
0.000341382

-0.744964
-0.501731
-0.439652
-0.433412
0.195581

0.744964
0.501731
0.439652
0.219098
0.0580888

-0.244517
-0.481388
0.841711
0.828369
0.000986462

0.244517
0.481388
-0.841711
0.313478
0.0157275

0.216758
-0.911639
0.349186
0.708259
0.00447332

-0.216758
0.911639
-0.349186
-0.0284399
0.0553955

-0.753563
-0.426261
0.500444
0.869928
0.00148538

0.753563
0.426261
-0.500444
-1.89081
0.717023

-0.476278
-0.145996
0.86709
0.851799
0.00528065

0.476278
0.145996
-0.86709
-8.82663
23.1837

0.371866
-0.636876
0.675355
0.655948
0.00236294

-0.839226
-0.228969
-0.493227
-1.04536
0.301867

0.839226
0.228969
0.493227
0.813352
0.00253902

0.376813
0.279304
-0.883177
-0.856348
0.194466

-0.376813
-0.279304
0.883177
0.907118
0.000497382

-0.44792
0.7032
0.552157
0.929788
0.000813482

0.44792
-0.7032
-0.552157
-6.02125
8.005

0.579895
-0.0637697
-0.812192
0.826351
0.000724843

0.387571
-0.266103
-0.882597
-0.646109
0.114677

-0.387571
0.266103
0.882597
0.965692
6.58403e-05

-0.676052
-0.736854
0
0.77721
0.0074302

0.676052
0.736854
0
-3.1835
2.23352

0.553607
0.446583
0.70291
0.827684
0.00108254
