
0.411967
-0.0482249
0.909922
0.912553
0.00244278

-0.411967
0.0482249
-0.909922
-13.3274
64.3898

0.610926
-0.745618
0.266127
0.35388
0.026211

-0.610926
0.745618
-0.266127
0.222312
0.0379603

0.785569
0.618775
0
0.378204
0.0715641

-0.785569
-0.618775
0
-1.7559
0.927147

0.543269
0.767828
0.339559
0.268619
0.0859891

0.0896648
-0.743326
-0.662892
-2.86168
2.14621

-0.0896648
0.743326
0.662892
0.570922
0.0265993

-0.357346
0.0345839
0.933332
0.945879
0.00032417

0.357346
-0.0345839
-0.933332
-3.6474
2.36699

-0.147885
-0.0866362
-0.985203
-0.379176
0.109373

0.059399
-0.458792
-0.886556
0.93218
0.00145276

-0.0278271
0.265558
0.963693
0.433122
0.0230854

0.0278271
-0.265558
-0.963693
-0.0956532
0.0856578

-0.162045
0.194455
0.967434
0.978178
0.000185686

-0.65892
0.408201
0.631821
0.139174
0.0357325

0.65892
-0.408201
-0.631821
0.687877
0.00470986

-0.741675
0
0.670759
0.822545
0.00449513

0.741675
0
-0.670759
-3.99919
3.53007

0.912545
0.408975
0
0.86129
0.00704912

0.465368
0.0598597
0.883091
0.680932
0.0104587

0.213274
0.139695
0.966954
0.35639
0.193118

-0.213274
-0.139695
-0.966954
-15.0904
120.645

0.492231
-0.314164
0.811794
-0.691063
0.160517

-0.993051
-0.117685
0
-0.126326
0.144935

0.993051
0.117685
0
-0.471117
0.247055

-0.358958
-0.352313
0.864306
0.461375
0.0150743

0.358958
0.352313
-0.864306
0.373928
0.0203198

-0.632599
-0.64226
-0.432805
0.356876
0.0145059

0.632599
0.64226
0.432805
0.783539
0.00165976

-0.19785
-0.293692
-0.935201
-16.9535
125.919

0.19785
0.293692
0.935201
0.897738
0.00409137

0.871719
-0.336813
-0.355898
-16.9535
125.926

-0.871719
0.336813
0.355898
0.897738
0.00408643

0.858861
0.0161586
0.511954
-0.278227
0.108871

-0.858861
-0.0161586
-0.511954
0.614326
0.00995465

0.998195
0.0600551
0
0.509898
0.0121174

-0.998195
-0.0600551
0
0.341962
0.0218326

0.0414643
0.951664
0.304328
-1.73829
0.698264

-0.0414643
-0.951664
-0.304328
0.782162
0.00443042

-0.68133
0.438506
0.58609
0.602535
0.0185377

0.245111
-0.87459
0.418345
-0.247235
0.0637678

-0.245111
0.87459
-0.418345
0.913235
0.000309214

0.106804
-0.275995
-0.955207
-7.69298
21.8098

-0.106804
0.275995
0.955207
0.369887
0.114673

0.0221544
0.769333
0.638464
0.295946
0.00928623

0.135602
0.858221
-0.495044
-2.97871
2.18997

-0.135602
-0.858221
0.495044
0.655821
0.0163997

0.82992
0.557883
0
0.872531
0.00679167

0.0139965
0.931013
0.364717
-0.0237962
0.0726716

-0.0139965
-0.931013
-0.364717
0.41736
0.0235568

-0.212318
0.790731
-0.574164
0.889784
0.000262211

0.212318
-0.790731
0.574164
0.608906
0.00310033

-0.283766
0.383542
0.878847
0.891071
0.000672234

0.520333
-0.14792
0.841055
0.620767
0.00973065

-0.520333
0.14792
-0.841055
-0.323898
0.11853

0.378556
-0.724187
-0.57641
0.676302
0.00377056

-0.378556
0.724187
0.57641
0.510368
0.00857602

-0.462333
0.812127
-0.355947
-0.377788
0.166103

0.462333
-0.812127
0.355947
0.327431
0.0400141

0.448334
0.514315
-0.731079
-0.336664
0.119621

-0.448334
-0.514315
0.731079
0.637802
0.0088697

0.645634
0.583194
-0.492992
0.874065
0.00100448

-0.645634
-0.583194
0.492992
-0.921619
0.229794

-0.0709367
-0.754318
0.652666
-0.574057
0.198765

0.0709367
0.754318
-0.652666
0.552269
0.0161654

0.0178919
-0.652171
0.757861
0.883878
0.00252425

-0.0178919
0.652171
-0.757861
-6.63965
10.9064

-0.574343
0.517152
-0.634574
-0.500639
0.123113

0.574343
-0.517152
0.634574
0.846649
0.00131961

-0.520978
0.662755
-0.537901
0.922804
0.000224323

-0.154077
0.522454
-0.838631
-3.64002
4.07748

0.154077
-0.522454
0.838631
0.304725
0.0915676

0.0515389
0.722684
0.689255
-0.757177
0.31417

-0.0515389
-0.722684
-0.689255
0.307207
0.0489582

0.161786
-0.93665
0.310663
-35.4101
1010.59

-0.161786
0.93665
-0.310663
0.866261
0.0136426

0.299902
0.641732
0.70586
0.901573
0.000831101

0.581558
-0.311538
-0.751488
-2.31002
8.6104

-0.581558
0.311538
0.751488
-17.0212
255.202

-0.12003
-0.453414
0.883181
0.893397
0.00306635

0.278287
0.95686
-0.083525
-1.69013
0.504415

-0.278287
-0.95686
0.083525
0.940754
0.000248672

-0.227194
-0.681581
-0.695579
0.678193
0.0241523

0.227194
0.681581
0.695579
-7.04519
15.0809

0.905091
0.425217
0
0.258869
0.0880773

-0.905091
-0.425217
0
-1.66069
0.925283

0.448541
0.139549
-0.882801
-0.64533
0.49037

-0.448541
-0.139549
0.882801
-1.51069
1.1412

-0.00484299
0.547467
0.836813
-0.0819368
0.138896

0.00484299
-0.547467
-0.836813
-0.638916
0.318621

0.505634
0.745437
0.434347
-0.755314
0.477621

-0.505634
-0.745437
-0.434347
-0.755314
0.477621

-0.822345
0.501448
-0.268884
0.96163
0.000211247

0.745188
-0.354042
0.565111
0.508587
0.0136246

-0.287809
0.639624
0.712774
-0.512639
0.253718

0.287809
-0.639624
-0.712774
-0.0258791
0.116803

0.318402
-0.885256
-0.339032
0.10657
0.0532152

-0.318402
0.885256
0.339032
0.370669
0.0264173

0.620498
0.133484
-0.772764
-0.769597
0.23399

-0.620498
-0.133484
0.772764
0.705577
0.00656706

0.221533
-0.876775
-0.426836
-0.591918
0.200591

-0.221533
0.876775
0.426836
0.575929
0.0142693

0.0407361
0.201619
-0.978617
0.869785
0.00363519

-0.0407361
-0.201619
0.978617
-7.59623
15.5146

-0.128313
-0.518596
0.845336
-1.88991
0.644563

0.128313
0.518596
-0.845336
0.924184
0.000444526

-0.188838
0.658732
0.728294
0.824196
0.00174933

-0.961326
-0.253198
-0.108361
-1.85611
0.715974

0.961326
0.253198
0.108361
0.850005
0.00197572

-0.879325
-0.208201
-0.428299
-0.757177
0.314132

0.879325
0.208201
0.428299
0.307207
0.0488773

0.406603
0.513578
0.755587
0.123608
0.0376902

-0.406603
-0.513578
-0.755587
0.682066
0.0049634

0.297948
0.632898
0.71461
0.693956
0.00628224

-0.297948
-0.632898
-0.71461
-0.473784
0.145574

0.339631
0.831367
0.439865
0.100834
0.114139

-0.339631
-0.831367
-0.439865
-1.55056
0.918322

0.170939
0.344876
-0.922952
-6.16371
8.05325

-0.170939
-0.344876
0.922952
0.956276
0.000302527

0.524282
0.452938
-0.721093
-0.566282
0.304969

-0.524282
-0.452938
0.721093
-0.258983
0.19706

-0.352785
-0.123676
-0.927495
-2.59112
1.15591

0.352785
0.123676
0.927495
0.937481
0.000350841

-0.24996
0.804267
0.539143
0.863167
0.000984416

0.24996
-0.804267
-0.539143
-0.439881
0.106565

-0.392012
-0.764588
-0.511597
0.990265
9.4194e-06

0.392012
0.764588
0.511597
-3.09119
1.38859

-0.603595
-0.287455
0.743668
0.997595
2.16408e-06

0.657882
-0.0618379
0.750578
0.712672
0.00881578

-0.657882
0.0618379
-0.750578
-1.94223
0.91501

0.178438
0.162548
-0.970432
-1.2106
0.344195

-0.104142
0.6206
-0.777181
0.988319
9.64672e-05

0.104142
-0.6206
0.777181
-36.951
1016.47

0.24142
-0.567277
-0.787346
-5.82622
10.3214

-0.24142
0.567277
0.787346
0.548635
0.0451669

-0.286533
0.380689
-0.87919
0.392411
0.0137966

0.286533
-0.380689
0.87919
0.725159
0.00284083

0.580756
0.640009
0.503102
0.843445
0.0129059

-0.580756
-0.640009
-0.503102
-22.8138
298.057

-0.853503
-0.521087
0
0.630227
0.0102892

0.853503
0.521087
0
0.114862
0.046211

-0.95573
-0.294244
0
-0.732804
0.39572

0.95573
0.294244
0
-0.273083
0.213636

0.339455
-0.0515345
-0.939209
-0.85315
0.169559

-0.339455
0.0515345
0.939209
0.953916
0.000498588

0.789646
0.501601
-0.353349
0.48881
0.0141256

-0.789646
-0.501601
0.353349
0.276523
0.0282881

0.387837
0.889712
-0.240821
-2.00355
1.18168

-0.749804
-0.0824727
-0.656499
-0.986008
0.320678

0.749804
0.0824727
0.656499
0.699646
0.00740185

0.22466
0.69918
-0.67873
0.945538
0.000305142

-0.52542
-0.757879
-0.386722
-0.383441
0.12291

0.52542
0.757879
0.386722
0.695519
0.00597546

-0.617028
-0.0540089
0.785086
0.763892
0.00355257

-0.260686
0.695672
-0.66939
0.0387583
0.115636

-0.624446
0.106918
-0.773715
-0.746949
0.521485

0.624446
-0.106918
0.773715
-1.1341
0.778061

0.879171
0.135502
-0.456834
0.218768
0.0352817

-0.879171
-0.135502
0.456834
0.460811
0.0168276

0.110428
-0.463799
0.879031
0.861453
0.00311173

-0.0893158
-0.675321
0.732095
0.631939
0.0126681

0.22951
0.598623
0.767447
0.618471
0.0100865

-0.371075
-0.101192
0.923073
0.72757
0.00851184

-0.118393
0.644954
0.754995
-10.8425
37.1865

0.118393
-0.644954
-0.754995
0.910454
0.00215719

-0.82498
-0.371218
-0.426151
-0.0630503
0.0873302

0.82498
0.371218
0.426151
0.291597
0.0387874

-0.416703
-0.696773
0.583837
0.613443
0.0167366

-0.0601792
-0.810501
-0.582638
-11.7835
61.5536

0.0601792
0.810501
0.582638
0.445162
0.115981

-0.113409
-0.908074
-0.403162
0.995348
5.73545e-07

-0.0525796
-0.286475
-0.956644
-13.6251
64.7294

0.0525796
0.286475
0.956644
0.953841
0.000647658

0.745541
-0.540336
0.390136
0.931191
0.000224201

-0.397384
0.45914
-0.794529
-6.53783
10.8433

0.397384
-0.45914
0.794529
0.855488
0.00404025

0.504441
0.209357
-0.837681
0.948295
0.000145123

-0.44226
0.165215
0.881538
0.872971
0.00165148

0.44226
-0.165215
-0.881538
-2.61328
1.33095

-0.131355
0.960363
0.245862
-0.609033
0.367879

0.131355
-0.960363
-0.245862
-0.609033
0.367879

0.277999
0.457457
-0.84466
-2.33632
1.11592

-0.277999
-0.457457
0.84466
0.840876
0.00260465

-0.168307
0.985735
0
0.821636
0.00101446

0.589579
0.807711
0
0.337261
0.0234814

-0.589579
-0.807711
0
0.450647
0.0161418

0.709956
0.303392
-0.635543
0.897162
0.00057562

-0.476861
0.0878945
0.874573
0.852768
0.000803502

0.476861
-0.0878945
-0.874573
0.13163
0.0278261

-0.360959
-0.683706
0.634235
-1.11326
0.222328

0.360959
0.683706
-0.634235
0.975582
3.56285e-05

-0.489305
0.149606
-0.859185
0.369234
0.0934928

0.489305
-0.149606
0.859185
-5.54906
10.0508

-0.314119
0.304954
-0.899073
-17.5586
126.757

0.314119
-0.304954
0.899073
0.969703
0.000338228

-0.679989
0.0694171
-0.729929
0.667047
0.00674497

-0.885839
-0.163632
0.434181
-0.552319
0.183754

0.885839
0.163632
-0.434181
0.599888
0.0122421

-0.0542078
-0.848618
-0.526222
-0.0259104
0.0764673

0.782262
-0.32704
0.530199
0.977756
2.47669e-05

-0.782262
0.32704
-0.530199
-0.781295
0.134569

0.354065
-0.491396
0.795719
-0.0726912
0.109191

-0.354065
0.491396
-0.795719
-0.0726912
0.109191

0.385403
-0.73975
-0.551574
-0.101324
0.0489397

-0.385403
0.73975
0.551574
0.884978
0.000535947

-0.227524
0.821281
-0.523193
-3.92176
4.24749

0.227524
-0.821281
0.523193
0.534035
0.038142

0.436852
0.645434
0.626558
0.887084
0.00966216

0.850088
0.210023
-0.48295
-0.402158
0.148582

-0.850088
-0.210023
0.48295
0.538391
0.0161478

-0.326065
-0.477348
0.815978
0.83747
0.00260563

0.326065
0.477348
-0.815978
-2.14655
0.953041

0.799275
0.256557
-0.543449
-0.655007
0.27582

-0.799275
-0.256557
0.543449
0.264441
0.054557

0.227247
-0.507335
-0.831246
-3.77407
2.86433

-0.227247
0.507335
0.831246
0.884479
0.00168905

-0.487195
0.0626145
0.871046
0.830802
0.00319228

0.487195
-0.0626145
-0.871046
-2.74693
1.56323

-0.617157
0.148829
0.772637
0.784078
0.00677351

0.483959
-0.127788
0.86571
0.799946
0.0048097

0.513278
0.771481
0.375982
0.925694
0.00024832

-0.513278
-0.771481
-0.375982
-0.466075
0.0960712

0.475971
-0.430168
0.767077
0.59847
0.0163018

-0.475971
0.430168
-0.767077
-1.38036
0.571848

-0.040647
0.295637
0.954435
0.265355
0.0630181

0.040647
-0.295637
-0.954435
-1.11229
0.518767

-0.534986
0.29795
0.79058
-0.813819
0.413408

0.534986
-0.29795
-0.79058
-0.0871594
0.148684

0.0269652
0.367823
-0.929505
-7.48401
15.4532

-0.0269652
-0.367823
0.929505
0.838592
0.00559386

0.571829
0.410466
0.710302
-1.22604
0.810549

-0.571829
-0.410466
-0.710302
-0.519094
0.377508

-0.526798
0.235943
0.816587
0.000100851
0.107506

0.526798
-0.235943
-0.816587
-0.456457
0.227823

-0.508355
-0.0959887
-0.855781
-1.02866
0.384605

0.508355
0.0959887
0.855781
0.562702
0.018025

0.466039
-0.306473
-0.829989
-3.44679
2.32675

-0.466039
0.306473
0.829989
0.889138
0.00145758

-0.332758
0.661383
-0.672194
-0.0170212
0.068606

0.332758
-0.661383
0.672194
0.46885
0.0187356

0.526072
0.338189
-0.780305
-3.30942
2.29267

-0.526072
-0.338189
0.780305
0.836461
0.00331644

-0.363515
-0.205469
0.908647
0.91031
0.000369305

0.221467
-0.107547
0.969219
0.868881
0.00124023

-0.221467
0.107547
-0.969219
-1.13423
0.309828

-0.658087
-0.563993
0.498833
0.451298
0.0228559

0.658087
0.563993
-0.498833
-0.256931
0.119908

0.589249
0.697291
-0.408131
-1.10759
0.307596

-0.589249
-0.697291
0.408131
0.853513
0.00149985

0.366822
-0.559956
0.742893
0.540276
0.032634

-0.366822
0.559956
-0.742893
-3.13752
2.64057

0.96683
0.255422
0
0.729981
0.00551709

-0.452114
-0.853439
-0.259296
-4.10453
4.34699

0.452114
0.853439
0.259296
0.652623
0.020145

0.513443
-0.337067
0.789153
-3.4289
2.7569

-0.513443
0.337067
-0.789153
0.732821
0.010057

-0.518013
0.595653
-0.613889
-3.11168
1.62668

0.518013
-0.595653
0.613889
0.954722
0.000207596

-0.0445127
-0.523865
0.850637
0.982946
8.47698e-05

0.37812
0.437344
0.815939
0.662021
0.00523136

0.743632
-0.520169
0.420042
-0.977929
0.651101

-0.743632
0.520169
-0.420042
-0.794047
0.535685

0.191791
0.580128
0.791624
0.965946
0.000567069

-0.0519867
-0.345304
-0.93705
-0.267728
0.153091

0.0519867
0.345304
0.93705
0.0923396
0.0784785

-0.696337
0.106987
-0.709696
-1.09874
0.470906

0.696337
-0.106987
0.709696
0.403022
0.0382327

0.745448
-0.0288435
-0.665939
-1.90153
0.577669

-0.745448
0.0288435
0.665939
0.965469
8.41331e-05

-0.253757
-0.436588
0.863133
0.849874
0.000450711

0.253757
0.436588
-0.863133
0.679318
0.00205314

-0.492403
0.427326
-0.758243
-1.23295
0.346231

0.492403
-0.427326
0.758243
0.876376
0.00110236

0.902503
0.430683
0
0.922077
0.000543335

-0.902503
-0.430683
0
-0.671557
0.140641

-0.657818
0.647023
0.385534
0.147081
0.0248231

-0.036095
-0.641649
-0.766148
0.902364
0.0007156

0.036095
0.641649
0.766148
-1.4786
0.439442

0.948494
-0.155579
-0.27596
0.846854
0.000931582

0.95971
0.280992
0
-1.72588
0.84804

-0.95971
-0.280992
0
0.526752
0.0330513

-0.586564
-0.729996
-0.350784
-0.168701
0.0746061

0.586564
0.729996
0.350784
0.743412
0.00384093

0.259035
-0.753715
-0.603999
-0.135155
0.0657137

-0.259035
0.753715
0.603999
0.772557
0.00264261

-0.124478
-0.0519587
0.990861
-0.0531877
0.0868401

0.124478
0.0519587
-0.990861
0.268619
0.0420134

0.380327
0.372252
0.846629
0.23365
0.054398

-0.380327
-0.372252
-0.846629
-0.38377
0.177238

0.308017
0.305401
0.90103
0.914185
0.00121915

-0.240508
0.214083
0.946744
0.88983
0.00103882

0.624103
-0.781342
0
-1.71457
1.08763

-0.624103
0.781342
0
0.0847905
0.123737

0.846321
-0.431534
0.312281
0.887322
0.00096489

-0.846321
0.431534
-0.312281
-1.553
0.492039

-0.0760045
-0.0764515
0.994172
0.916774
0.00130512

0.0760045
0.0764515
-0.994172
-6.77701
10.9608

-0.117573
0.109373
0.987023
0.989383
5.33816e-05

-0.746208
0.473847
-0.467593
0.704285
0.00270923

0.746208
-0.473847
0.467593
0.590706
0.00518476

-0.773079
0.138412
-0.619024
0.787052
0.00939266

0.773079
-0.138412
0.619024
-5.95869
9.19094

0.90112
0.303296
-0.309831
-0.0891962
0.158626

-0.90112
-0.303296
0.309831
-1.02536
0.548463

0.541029
0.43201
-0.721564
0.0651397
0.022057

-0.541029
-0.43201
0.721564
0.97498
2.35642e-05

-0.22499
0.817989
0.529409
0.665705
0.00276528

0.22499
-0.817989
-0.529409
0.78339
0.00118418

-0.368255
-0.534116
0.760992
0.787378
0.000776993

-0.408112
-0.243194
-0.879944
-17.0212
125.975

0.408112
0.243194
0.879944
0.908055
0.0033226

-0.462278
0.339706
0.819084
0.765958
0.00249231

0.462278
-0.339706
-0.819084
0.0638323
0.0398534

0.221986
0.214341
-0.951199
0.205838
0.0244573

-0.201181
0.602576
-0.772288
0.0792747
0.0281459

0.201181
-0.602576
0.772288
0.911129
0.000291555

0.082871
0.0550584
0.995038
0.980998
1.82199e-05

0.449096
0.88491
0.123484
0.944276
0.0015438

0.82058
0.21854
0.528099
0.751997
0.00334429

-0.82058
-0.21854
-0.528099
-0.176212
0.0744727

0.357111
-0.0754507
0.93101
0.854305
0.00267552

-0.357111
0.0754507
-0.93101
-1.19308
0.340892

0.0878201
-0.740427
-0.666375
0.918589
0.000442414

-0.915154
-0.0213496
-0.402539
-0.851203
0.356263

0.915154
0.0213496
0.402539
0.323197
0.0476625

0.728032
0.117172
0.675456
0.664848
0.0042332

-0.728032
-0.117172
-0.675456
0.468539
0.0106422

-0.784469
-0.620168
0
-0.270354
0.147615

0.69864
0.0845531
0.71046
0.706142
0.00687456

-0.69864
-0.0845531
-0.71046
-0.913391
0.288199

-0.0484447
-0.554488
-0.83078
-0.655013
0.238241

0.0484447
0.554488
0.83078
0.489195
0.022732

-0.166938
0.921607
0.350388
0.274469
0.0490638

0.166938
-0.921607
-0.350388
-0.461624
0.199095

0.758312
-0.0782417
0.64718
-1.83969
1.27723

-0.758312
0.0782417
-0.64718
-0.0218694
0.165691

0.630808
-0.362898
-0.685847
0.587053
0.013504

-0.630808
0.362898
0.685847
-0.600566
0.201546

0.998971
0.0308238
0.0332797
-0.00581455
0.12071

-0.998971
-0.0308238
-0.0332797
-0.759164
0.369234

0.722464
0.691409
0
0.530967
0.0256213

-0.722464
-0.691409
0
-1.20183
0.487628

-0.116871
-0.240383
0.963617
0.970325
0.000221275

0.488411
-0.855041
0.174241
0.742555
0.00874355

-0.488411
0.855041
-0.174241
-3.11913
2.2372

0.607349
-0.338179
-0.718862
-4.30036
4.43857

-0.607349
0.338179
0.718862
0.756617
0.00943215

-0.00507889
-0.114515
0.993409
0.94065
0.00179023

0.00507889
0.114515
-0.993409
-23.5379
299.9

0.680473
-0.441067
-0.585163
0.770137
0.00411821

-0.680473
0.441067
0.585163
-1.06876
0.330101

-0.766008
0.236356
0.597802
0.0653431
0.0898211

0.766008
-0.236356
-0.597802
-0.421718
0.207664

-0.542208
0.595622
0.592659
0.540277
0.0944559

0.542208
-0.595622
-0.592659
-15.5501
122.292

-0.0146883
-0.48043
0.87691
0.832556
0.0113519

-0.633177
0.0869571
-0.769107
-3.93386
5.19257

0.633177
-0.0869571
0.769107
0.116868
0.16643

0.28893
0.19664
-0.936938
-1.10274
0.395411

-0.28893
-0.19664
0.936938
0.641862
0.0116302

0.0570557
-0.208513
0.976354
0.912566
0.00388433

-0.0570557
0.208513
-0.976354
-23.2874
299.475

-0.52519
-0.619269
-0.583679
-0.290764
0.109706

0.52519
0.619269
0.583679
0.63159
0.00894327

-0.0510054
0.587127
-0.807887
-9.89193
36.0189

0.0510054
-0.587127
0.807887
0.639935
0.0393973

-0.318294
-0.589822
-0.742159
-1.22055
0.657294

0.318294
0.589822
0.742159
0.0436859
0.122093

-0.234157
0.484851
0.842668
0.623693
0.0118887

0.234157
-0.484851
-0.842668
-0.832763
0.278924

0.163323
0.552312
-0.817482
0.966768
0.000123166

0.5163
0.788628
0.333917
0.540275
0.00542865

0.231925
-0.502304
0.833008
0.861866
0.00404682

-0.411843
0.0813447
0.907617
0.674806
0.0126054

0.411843
-0.0813447
-0.907617
-2.26098
1.25271

-0.455707
0.0444302
0.88902
0.794659
0.00929341

0.455707
-0.0444302
-0.88902
-7.34518
15.347

0.632484
-0.0032192
0.774567
0.991203
5.0009e-06

-0.137379
-0.651988
-0.74568
-0.0420425
0.172948

0.137379
0.651988
0.74568
-1.82685
1.2727

0.376556
-0.728762
0.571937
-0.0726919
0.414294

-0.376556
0.728762
-0.571937
-8.65421
33.5422

-0.838393
-0.545067
0
-4.61701
5.59174

0.838393
0.545067
0
0.648937
0.0244781

0.280196
0.931498
-0.231952
-0.149331
0.0528782

-0.280196
-0.931498
0.231952
0.90181
0.000433929

0.115541
-0.92182
-0.369999
0.69008
0.00555672

0.891241
0.00121308
0.453529
0.961937
0.000210838

0.0216817
-0.430704
0.902233
0.94065
0.0017626

-0.0216817
0.430704
-0.902233
-23.5379
300.033

0.834221
0.121622
-0.537851
0.0112514
0.0585451

-0.834221
-0.121622
0.537851
0.566724
0.0112852

-0.154238
-0.233008
0.960166
0.959456
0.000201629

-0.558901
-0.769723
-0.308474
0.341854
0.036021

-0.828154
-0.306703
-0.469143
-0.324713
0.0769958

0.160444
-0.0605397
0.985187
0.977106
2.16684e-05

-0.926586
-0.253522
-0.277787
0.750638
0.00263278

0.926586
0.253522
0.277787
0.200731
0.0269651

0.946707
0.322097
0
0.0288978
0.0755937

-0.946707
-0.322097
0
0.224523
0.049188

-0.694777
-0.0896481
0.713617
-5.43614
23.5425

0.694777
0.0896481
-0.713617
-5.43614
23.5425

-0.481786
-0.34165
-0.806943
-3.66355
3.65671

0.481786
0.34165
0.806943
0.537613
0.0362417

0.970983
0.23915
0
0.669814
0.00661677

-0.970983
-0.23915
0
0.722173
0.0052754

-0.553209
-0.61884
0.557671
0.444527
0.0324959

0.553209
0.61884
-0.557671
-1.13027
0.476787

0.0665166
0.0997757
0.992784
0.843696
0.0053149

0.274255
-0.396269
0.876216
0.0653431
0.0899463

-0.274255
0.396269
-0.876216
-0.421718
0.207768

0.0809909
0.933508
0.349289
-1.36875
0.695565

-0.0809909
-0.933508
-0.349289
0.276581
0.0649129

-0.493022
-0.318806
0.809501
0.984134
1.53134e-05

0.493022
0.318806
-0.809501
-1.76123
0.458499

-0.805568
-0.489882
0.333281
-1.27158
1.03507

0.805568
0.489882
-0.333281
-1.27158
1.03507

-0.275944
-0.0849939
-0.957408
-13.311
64.4134

0.275944
0.0849939
0.957408
0.909858
0.00255764

0.0087594
-0.178536
0.983894
0.959805
0.00117329

0.397636
0.012844
-0.917454
-6.6729
10.9132

-0.397636
-0.012844
0.917454
0.892399
0.00220089

-0.140268
-0.0842736
0.98652
0.980012
8.49533e-05

-0.401449
0.223179
-0.888274
-1.65017
0.555146

0.401449
-0.223179
0.888274
0.878308
0.00117278

0.0541428
-0.322247
0.945106
0.937922
0.000269684

-0.437665
-0.0013583
0.899137
0.377941
0.039742

0.437665
0.0013583
-0.899137
-0.650093
0.257745

0.906198
0.400323
0.136182
0.346709
0.0580635

-0.906198
-0.400323
-0.136182
-1.91159
1.15321

-0.144534
-0.399069
0.905458
0.678948
0.00477862

0.144534
0.399069
-0.905458
0.246229
0.0258307

0.587441
0.0562091
-0.807313
0.266469
0.0205815

-0.587441
-0.0562091
0.807313
0.779406
0.00187674

-0.0129905
0.962717
-0.270198
0.819131
0.00114673

0.0129905
-0.962717
0.270198
0.286536
0.0177494

0.851926
0.523662
0
0.0229769
0.147413

-0.851926
-0.523662
0
-1.34729
0.753538

0.819349
0.0778024
-0.567991
0.952894
8.37756e-05

-0.819349
-0.0778024
0.567991
-0.326249
0.0659634

-0.567433
0.532664
-0.627925
0.864502
0.00180478

-0.518367
-0.559035
-0.647129
0.932588
0.000126772

0.518367
0.559035
0.647129
0.225466
0.016214

0.123868
-0.111481
-0.986017
-17.1557
126.235

-0.123868
0.111481
0.986017
0.92681
0.00206229

-0.114993
-0.903325
0.413256
0.338381
0.0288299

0.114993
0.903325
-0.413256
0.166435
0.0457394

0.770506
-0.240308
0.5904
0.4455
0.0288296

0.422997
0.335378
-0.841781
0.345208
0.0319913

-0.245597
0.530149
0.811557
0.862025
0.00119489

0.411627
0.0967651
-0.9062
-7.74559
15.6228

-0.411627
-0.0967651
0.9062
0.905596
0.00182329

0.502186
-0.0870509
0.860367
0.833014
0.00106139

0.804337
-0.142258
-0.576892
0.793178
0.00182363

-0.804337
0.142258
0.576892
0.0998566
0.0343898

-0.674651
0.435355
0.59608
-1.83352
1.12773

0.674651
-0.435355
-0.59608
0.250564
0.0790096

0.0134964
0.295799
0.955155
0.581628
0.004123

-0.0134964
-0.295799
-0.955155
0.846731
0.000555513

0.00144964
-0.37299
0.927834
0.906451
0.00150391

-0.118291
-0.496828
0.85975
0.708734
0.0252183

0.118291
0.496828
-0.85975
-10.0761
36.2825

-0.618979
0.645117
0.447983
-0.289647
0.0982799

0.618979
-0.645117
-0.447983
0.726311
0.00442791

0.217626
-0.195023
0.95635
0.915622
0.00100389

0.62796
0.51505
0.583429
0.604709
0.00616762

-0.62796
-0.51505
-0.583429
0.500823
0.0098265

-0.00761958
-0.567001
0.823682
0.895663
0.00118009

-0.102529
-0.163441
0.981211
0.972625
8.34947e-05

-0.248499
0.720172
0.647766
-0.0548214
0.0962012

0.248499
-0.720172
-0.647766
0.0938895
0.0709962

0.413648
-0.103624
0.90452
0.921466
0.000399555

-0.413648
0.103624
-0.90452
-1.24348
0.318319

-0.578018
0.340839
0.741434
0.473288
0.0243189

0.578018
-0.340839
-0.741434
-0.643935
0.236853

-0.275869
0.0289671
0.960759
0.946699
0.000411117

-0.537282
0.178167
0.82437
0.760979
0.0129039

0.537282
-0.178167
-0.82437
-7.24997
15.2577

0.539654
0.763539
-0.354656
0.876259
0.000959103

-0.893285
-0.299297
-0.335355
-0.437356
0.113101

0.893285
0.299297
0.335355
0.83057
0.00173847

-0.335748
-0.33856
-0.879005
0.211901
0.0206283

0.33767
-0.195141
-0.920814
-0.753422
0.177228

-0.33767
0.195141
0.920814
0.882835
0.00171213

-0.10292
-0.74497
-0.659111
-0.291177
0.122837

0.10292
0.74497
0.659111
0.508996
0.0177838

-0.773044
0.511208
0.375593
0.364836
0.0101429

-0.536531
0.515056
0.66847
0.554421
0.0346419

0.536531
-0.515056
-0.66847
-3.95088
4.26308

-0.693895
0.0628078
0.717331
0.661256
0.0130534

-0.110006
0.344682
0.932252
0.911503
0.000651525

-0.0535181
-0.391164
-0.918764
-23.2594
299.273

0.0535181
0.391164
0.918764
0.909066
0.00425181

-0.408456
0.403368
-0.818815
-2.60118
1.32772

0.408456
-0.403368
0.818815
0.867951
0.00183743

0.793743
0.248734
0.55507
0.9764
3.1308e-05

-0.793743
-0.248734
-0.55507
-1.05155
0.203314

0.172318
-0.134301
0.975843
0.978195
0.000102288

-0.172318
0.134301
-0.975843
-9.55369
23.6315

0.157922
0.894459
0.418335
0.766706
0.00638106

0.310345
0.531205
-0.788357
-2.8966
1.8517

-0.310345
-0.531205
0.788357
0.777786
0.00610181

-0.993765
-0.111497
0
0.982769
4.38725e-05

0.993765
0.111497
0
-5.11164
4.68053

-0.227087
0.893921
-0.386442
-0.997705
0.274499

0.227087
-0.893921
0.386442
0.833484
0.00191612

-0.552419
-0.154359
-0.81915
-6.12429
10.5705

0.552419
0.154359
0.81915
0.701928
0.018533

-0.0965174
-0.325007
0.940773
0.748541
0.01606

-0.467336
0.15788
0.869868
0.920424
0.00147913

0.467336
-0.15788
-0.869868
-9.13534
23.4016

-0.578399
-0.815754
0
-2.4326
0.9932

0.578399
0.815754
0
0.946365
0.00024587

0.720404
0.63738
-0.273432
-0.0341671
0.140921

-0.720404
-0.63738
0.273432
-1.05339
0.555473

-0.289678
0.32962
-0.898575
-1.34672
0.467796

0.289678
-0.32962
0.898575
0.76499
0.00469252

-0.46345
0.118774
0.878127
0.915544
0.000411601

0.909181
-0.362709
-0.20453
-0.192121
0.0972367

-0.909181
0.362709
0.20453
0.542235
0.0144547

0.290898
0.717241
0.633202
0.646098
0.0157216

-0.290898
-0.717241
-0.633202
-2.43981
1.48444

0.213992
0.861641
-0.460198
-2.16916
0.664407

-0.213992
-0.861641
0.460198
0.988748
9.82951e-06

-0.547943
0.0945136
0.831159
0.927753
0.000300133

0.547943
-0.0945136
-0.831159
-0.786155
0.165518

-0.0371058
-0.552507
0.832682
-0.174198
0.0708044

0.0371058
0.552507
-0.832682
0.782985
0.00243734

-0.200926
-0.48612
-0.85048
-5.85558
7.94195

0.200926
0.48612
0.85048
0.890152
0.00204433

-0.17346
0.942309
-0.286296
-0.0589275
0.0542687

0.17346
-0.942309
0.286296
0.77718
0.00241167

0.160832
0.692889
-0.702878
-1.2016
0.447087

-0.160832
-0.692889
0.702878
0.642038
0.0118418

0.551844
-0.556945
0.62071
0.587833
0.0156715

-0.551844
0.556945
-0.62071
-1.05108
0.387968

0.469583
-0.435166
0.768194
0.914292
0.00149001

-0.469583
0.435166
-0.768194
-7.78643
15.6463

-0.618375
-0.219016
-0.754748
0.978961
1.82971e-05

-0.243534
-0.0821446
0.966407
0.91492
0.0013168

-0.722116
0.691772
0
0.661204
0.00626767

0.722116
-0.691772
0
0.174021
0.0343446

0.302395
0.0755987
0.95018
0.712427
0.0213391

0.174641
-0.130173
-0.97599
-0.786155
0.165465

-0.174641
0.130173
0.97599
0.927753
0.000280825

-0.288481
-0.288351
0.913034
0.925587
0.000907854

-0.0514175
-0.720317
-0.691736
-0.780309
0.373387

0.315512
0.708348
0.631423
-1.38734
0.472879

-0.315512
-0.708348
-0.631423
0.793568
0.00361721

-0.262733
0.539268
-0.800101
-5.04438
7.44643

0.262733
-0.539268
0.800101
0.533612
0.0445029

-0.613369
0.747654
0.254543
0.709238
0.00517218

0.613369
-0.747654
-0.254543
-0.312975
0.105282

0.217914
0.578626
0.785942
0.759366
0.00170657

0.813277
0.581876
0
-5.00707
9.45366

-0.813277
-0.581876
0
-0.103337
0.318932

-0.892305
-0.130313
0.432216
0.993479
2.01382e-05

-0.354208
-0.346095
-0.868766
0.0428312
0.0972649

-0.765845
-0.0161513
-0.642822
0.645717
0.00394534

0.765845
0.0161513
0.642822
0.645717
0.00394534

-0.346074
0.170661
-0.922555
-1.3524
0.389566

0.346074
-0.170661
0.922555
0.890247
0.000861626

0.207859
-0.978159
0
0.91984
0.000622428

-0.207859
0.978159
0
-2.74301
1.35252

-0.0945688
0.874119
-0.476417
0.811554
0.00119935

0.0945688
-0.874119
0.476417
0.357724
0.013717

-0.67158
0.0984053
0.734369
-0.523192
0.159123

0.67158
-0.0984053
-0.734369
0.693308
0.00653191

-0.703806
-0.053394
-0.708382
-1.48251
0.533931

0.703806
0.053394
0.708382
0.782056
0.00417634

-0.83901
-0.446587
0.310842
-2.50564
1.99796

0.83901
0.446587
-0.310842
0.229717
0.0964966

0.704142
-0.166247
0.690323
0.680968
0.00980463

-0.704142
0.166247
-0.690323
-1.47025
0.587627

-0.761352
0.248574
0.598793
-24.4888
301.234

0.761352
-0.248574
-0.598793
0.997434
3.6163e-06

-0.198015
0.971924
0.127096
-0.539073
0.351743

0.198015
-0.971924
-0.127096
-0.831635
0.498175

-0.115973
0.0198497
-0.993054
0.26092
0.0500249

-0.0354393
0.769305
-0.637898
0.718157
0.00574892

0.0354393
-0.769305
0.637898
-0.717754
0.213002

-0.482068
-0.392985
-0.783054
-0.79375
0.275238

0.482068
0.392985
0.783054
0.578535
0.017159

-0.743386
-0.668863
0
0.183945
0.0464045

0.743386
0.668863
0
0.349447
0.0304319

-0.167535
0.805908
-0.567841
0.601636
0.00906072

0.167535
-0.805908
0.567841
0.0416727
0.05217

0.245299
0.115505
-0.962542
-2.47778
1.30445

-0.245299
-0.115505
0.962542
0.809951
0.00389828

-0.950359
0.311156
0
0.846165
0.00242869

0.950359
-0.311156
0
0.184075
0.029271

-0.827536
-0.561412
0
0.0624329
0.0366908

0.827536
0.561412
0
0.834385
0.00147645

-0.833801
-0.552065
0
-0.714727
0.427266

0.833801
0.552065
0
-0.574795
0.360606

-0.528803
0.370146
-0.76378
0.83433
0.0025981

0.528803
-0.370146
0.76378
-1.97567
0.820145

-0.634575
-0.289238
0.716698
0.424166
0.0843911

0.634575
0.289238
-0.716698
-6.56682
14.5651

-0.341309
-0.518938
-0.783717
0.99579
1.07581e-06

0.223322
-0.334675
-0.915489
-23.2594
299.404

-0.223322
0.334675
0.915489
0.909066
0.00420972

-0.218179
-0.0306652
0.975427
0.558303
0.0216369

0.218179
0.0306652
-0.975427
-1.6051
0.750795

-0.635266
0.322238
-0.701854
-1.86481
0.801846

0.635266
-0.322238
0.701854
0.769287
0.00526451

-0.558624
0.325793
-0.762757
0.936642
0.000107608

0.380366
0.0932059
-0.920127
-3.32848
2.71973

-0.380366
-0.0932059
0.920127
0.673824
0.0154464

0.533571
-0.536686
-0.653659
0.572544
0.0193604

0.0425934
-0.0508253
0.997799
0.881692
0.000433474

-0.0425934
0.0508253
-0.997799
0.29801
0.0147334

0.023992
0.175016
0.984273
0.985097
4.86535e-05

-0.023992
-0.175016
-0.984273
-9.63529
23.6547

0.534799
0.272431
-0.799857
0.488899
0.0113528

-0.534799
-0.272431
0.799857
0.526513
0.0097434

0.627598
-0.604303
0.490854
0.540276
0.0326563

-0.627598
0.604303
-0.490854
-3.13752
2.64029

0.859437
-0.492866
0.135833
0.896555
0.000411885

-0.859437
0.492866
-0.135833
-0.071347
0.0440659

0.304458
-0.334834
0.891735
-1.6575
1.55507

-0.304458
0.334834
-0.891735
-1.33571
1.20128

0.471275
0.396012
-0.788083
-0.690308
0.303426

-0.471275
-0.396012
0.788083
0.189858
0.0698622

-0.636959
-0.588508
0.497937
0.895902
0.000835587

0.636959
0.588508
-0.497937
-0.721996
0.162743

-0.0349343
-0.802889
0.595105
-0.262566
0.102127

0.0349343
0.802889
-0.595105
0.646279
0.00811366

0.363659
0.770625
-0.523345
0.664386
0.00436651

-0.363659
-0.770625
0.523345
0.451434
0.0116073

-0.341228
-0.0800062
-0.93657
-2.22348
0.853394

0.341228
0.0800062
0.93657
0.935969
0.000338081

-0.787002
0.61695
0
-0.685592
0.260591

0.787002
-0.61695
0
0.432968
0.0300292

0.614991
-0.672407
-0.411891
-0.35935
0.091736

-0.614991
0.672407
0.411891
0.859654
0.000986254

-0.537439
0.0234558
0.842976
0.799946
0.00488677

0.537439
-0.0234558
-0.842976
-2.93939
1.86284

0.608241
-0.1472
-0.779984
0.961484
7.40052e-05

-0.400283
0.394222
0.827262
0.819079
0.000397107

0.168122
-0.856932
0.487239
0.713948
0.0169846

-0.168122
0.856932
-0.487239
-6.15127
10.5904

-0.137463
-0.339054
0.93067
-0.977543
0.721287

0.137463
0.339054
-0.93067
-1.20336
0.895416

-0.531087
0.730666
0.429039
0.990092
5.0527e-06

-0.691945
0.684473
0.229585
-3.11785
1.9068

0.691945
-0.684473
-0.229585
0.877828
0.00168523

-0.586847
0.725469
0.35959
0.784978
0.00213601

-0.358945
0.161673
-0.91925
-3.18575
3.15011

0.358945
-0.161673
0.91925
0.263903
0.0977342

0.0622114
-0.172468
0.983049
0.977898
7.38246e-05

-0.212049
0.924051
-0.318064
-2.26043
1.10242

0.212049
-0.924051
0.318064
0.801483
0.00409848

0.855338
0.51807
0
0.816021
0.00214399

-0.855338
-0.51807
0
-0.121881
0.0609423

-0.947374
0.0723265
0.311853
0.928106
0.000337497

0.947374
-0.0723265
-0.311853
-1.34753
0.355413

-0.573032
0.819533
0
-2.09952
1.02781

0.573032
-0.819533
0
0.699295
0.0161337

0.684817
0.617675
0.386657
-1.19039
0.407451

-0.684817
-0.617675
-0.386657
0.722142
0.00657877

0.192069
0.330982
0.923883
0.519506
0.02733

-0.192069
-0.330982
-0.923883
-1.30549
0.554965

0.484702
-0.710693
-0.509882
-0.0875287
0.0847984

-0.484702
0.710693
0.509882
0.417052
0.0243698

0.973785
-0.0303024
-0.225444
-35.0423
1008.33

-0.973785
0.0303024
0.225444
0.81611
0.0262494

0.0239765
0.745771
0.665771
0.917167
0.000804107

0.287348
0.249748
0.924693
0.835393
0.00899927

-0.287348
-0.249748
-0.924693
-12.9324
63.8599

-0.80196
-0.404089
-0.439969
0.660557
0.0168977

0.00184606
0.952091
-0.305808
-3.65879
3.38999

-0.00184606
-0.952091
0.305808
0.647071
0.0197577

0.308303
0.534045
0.787239
0.775877
0.00309256

-0.308303
-0.534045
-0.787239
-0.460362
0.128243

0.682481
0.730903
0
0.689356
0.00409033

-0.682481
-0.730903
0
0.606842
0.00611252

0.311197
-0.162212
0.936399
0.942279
0.000102976

-0.311197
0.162212
-0.936399
0.0624229
0.0263171

0.82992
-0.557883
0
0.809457
0.0141919

-0.82992
0.557883
0
-4.41992
4.02803

-0.775453
0.154319
0.612256
0.975858
0.00017705

0.775453
-0.154319
-0.612256
-13.848
64.88

-0.190741
0.193441
0.962392
0.964184
8.58857e-05

-0.324918
0.770876
0.547886
0.62209
0.0126025

0.324918
-0.770876
-0.547886
-0.992721
0.348842

-0.071027
-0.589696
-0.804496
0.674454
0.0071607

-0.206666
-0.78435
0.58488
0.70302
0.0112812

0.206666
0.78435
-0.58488
-2.76913
1.81653

-0.439073
0.378701
-0.814739
-0.136768
0.0499983

0.439073
-0.378701
0.814739
0.909654
0.000324266

0.705126
0.239264
-0.667496
-1.35788
0.626312

-0.705126
-0.239264
0.667496
0.436436
0.0358964

0.0650248
-0.714111
0.697006
-0.103333
0.349913

-0.0650248
0.714111
-0.697006
-5.89588
13.6675

-0.0162935
-0.509962
-0.860043
0.510292
0.0271398

0.0162935
0.509962
0.860043
-1.55846
0.740586

0.804253
-0.466494
0.368186
0.809526
0.00280102

-0.804253
0.466494
-0.368186
-1.21149
0.375637

0.78623
0.14641
0.600339
0.594952
0.00502928

-0.78623
-0.14641
-0.600339
0.706498
0.00264265

0.39211
-0.840547
0.373805
0.387036
0.0966407

-0.536018
0.538832
-0.649881
-0.250518
0.0820219

0.536018
-0.538832
0.649881
0.796229
0.00218891

-0.397891
0.275789
0.874999
0.698714
0.00514281

0.397891
-0.275789
-0.874999
-0.102622
0.0675053

-0.472266
0.790377
-0.390218
-0.681039
0.115497

0.472266
-0.790377
0.390218
0.975555
2.66692e-05

-0.239567
0.592569
-0.769071
-19.2279
276.583

0.239567
-0.592569
0.769071
-0.504554
1.53067

0.916967
-0.398964
0
-1.57446
0.813632

0.142313
-0.761953
0.631802
0.334371
0.0394224

-0.00511795
0.201408
0.979494
0.989357
3.87455e-05

-0.256831
0.796058
-0.548024
-0.602684
0.398816

0.256831
-0.796058
0.548024
-0.922479
0.573845

-0.00814845
0.178225
-0.983956
-36.749
1015.96

0.00814845
-0.178225
0.983956
0.980051
0.000286699

0.546516
0.217839
0.80862
0.774131
0.00351497

0.254088
0.537926
0.803788
0.817519
0.00202708

-0.254088
-0.537926
-0.803788
-0.554754
0.142523

-0.488034
0.7899
-0.371324
0.0934335
0.0595971

0.488034
-0.7899
0.371324
0.276741
0.038133

-0.115916
-0.696204
0.708423
0.543131
0.0241772

0.115916
0.696204
-0.708423
-1.74235
0.87093

-0.0660226
-0.116565
-0.990986
0.98516
1.72992e-05

-0.187934
0.977962
-0.0909498
0.36497
0.0297083

0.187934
-0.977962
0.0909498
-0.0645617
0.0834302

-0.879613
-0.47569
0
0.978318
0.000285871

-0.874559
-0.48492
0
-0.287231
0.214517

0.874559
0.48492
0
-0.287231
0.214517

0.632957
-0.487793
0.601185
0.805201
0.00182091

-0.632957
0.487793
-0.601185
-0.0849501
0.0553878

-0.891498
0.0876169
0.444472
0.429798
0.0395777

0.891498
-0.0876169
-0.444472
-1.63574
0.84451

-0.638486
0.589795
-0.494447
-0.455132
0.212208

0.638486
-0.589795
0.494447
0.138979
0.0743125

-0.619073
-0.0394136
0.784344
0.57784
0.0052462

-0.40517
0.132112
0.904646
0.750551
0.00428294

0.40517
-0.132112
-0.904646
-0.633289
0.179072

-0.0204255
-0.92955
0.36813
-1.94276
0.64954

0.0204255
0.92955
-0.36813
0.941408
0.000258686

-0.56924
0.494525
0.656819
0.226594
0.0705717

0.56924
-0.494525
-0.656819
-1.0874
0.513476

0.920739
0.280469
0.27125
0.59666
0.0231703

0.78033
0.336607
-0.52705
0.0839199
0.0500009

-0.78033
-0.336607
0.52705
0.524327
0.0134909

0.567479
-0.219341
0.793635
0.800695
0.000835794

-0.567479
0.219341
-0.793635
0.76117
0.00118189

-0.649876
-0.147711
0.745548
0.70302
0.011364

0.649876
0.147711
-0.745548
-2.76913
1.81544

-0.738091
-0.405177
-0.539494
-1.94429
1.15949

0.738091
0.405177
0.539494
0.384236
0.0521228

0.714794
0.50762
0.481033
0.860508
0.00144091

-0.714794
-0.50762
-0.481033
-0.717246
0.173734

-0.314554
0.885656
0.34157
0.722846
0.0226062

0.314554
-0.885656
-0.34157
-10.117
36.3635

-0.724322
-0.623268
0.294778
0.746982
0.0268493

0.724322
0.623268
-0.294778
-16.221
124.318

0.452569
0.295895
-0.841206
-1.13027
0.476754

-0.452569
-0.295895
0.841206
0.444527
0.0325934

0.801095
-0.561614
-0.20697
0.34749
0.0853719

-0.801095
0.561614
0.20697
-4.18236
5.38418

-0.279674
-0.586524
0.760113
0.743011
0.000594022

0.721783
0.0419473
0.690847
0.632219
0.0483287

-0.721783
-0.0419473
-0.690847
-12.2401
62.625

-0.313456
0.926906
-0.206374
0.997564
3.10174e-07

-0.922483
0.386038
0
0.0212079
0.0277557

-0.578411
0.815746
0
0.684539
0.00809866

0.578411
-0.815746
0
-0.890896
0.285701

0.699993
-0.252145
0.668156
0.707957
0.00200653

-0.699993
0.252145
-0.668156
0.76208
0.00133474

-0.917292
-0.398215
0
0.649734
0.029139

0.917292
0.398215
0
-3.29076
2.5159

-0.224464
0.129424
-0.96585
0.741631
0.00395018

0.452357
-0.680589
0.576343
0.236789
0.0419479

-0.452357
0.680589
-0.576343
0.133993
0.0539851

-0.559535
0.612065
-0.558836
0.720737
0.00988172

0.559535
-0.612065
0.558836
-2.79734
1.82483

0.363482
0.132069
0.922192
0.886828
0.00240169

0.801248
0.299035
0.518246
0.719716
0.00906082

-0.801248
-0.299035
-0.518246
-2.32534
1.26945

-0.551419
-0.31904
0.770811
-0.0088017
0.121709

0.551419
0.31904
-0.770811
-0.757732
0.369027

0.481396
0.706724
-0.518459
-2.27782
2.54836

-0.481396
-0.706724
0.518459
-1.16389
1.11073

0.658038
-0.31028
-0.686084
-0.28463
0.176135

-0.658038
0.31028
0.686084
-0.133642
0.137203

-0.774306
-0.363935
0.517689
0.430048
0.00952335

0.774306
0.363935
-0.517689
0.833877
0.000810255

-0.49513
-0.451839
0.742084
0.759516
0.00261845

0.49513
0.451839
-0.742084
0.0889106
0.0374882

-0.599648
0.590211
-0.540438
0.882089
0.000559895

0.169498
0.17071
-0.970633
-4.23196
6.71155

-0.169498
-0.17071
0.970633
-0.186384
0.345629

0.585857
-0.664076
-0.464515
0.460811
0.0168293

-0.585857
0.664076
0.464515
0.218768
0.0352838

0.900866
-0.434097
0
-0.420969
0.173553

-0.900866
0.434097
0
0.405062
0.0331952

-0.674
-0.702878
-0.227345
0.92711
0.000243821

0.674
0.702878
0.227345
-0.507421
0.103342

-0.391286
-0.76331
-0.514056
-1.03452
0.606157

0.391286
0.76331
0.514056
-0.327261
0.258047

0.0246129
-0.108203
0.993824
-1.95632
3.20144

0.579418
0.590828
0.561424
-2.27453
1.25679

-0.579418
-0.590828
-0.561424
0.684617
0.0117135

-0.395092
0.788558
-0.471252
-1.6594
1.20463

0.395092
-0.788558
0.471252
-0.33432
0.303343

0.228606
-0.70905
-0.667074
-0.851203
0.356287

-0.228606
0.70905
0.667074
0.323197
0.0477401

-0.281466
-0.403463
-0.870629
0.0182586
0.0488574

0.281466
0.403463
0.870629
0.711011
0.00424402

0.449037
-0.368189
-0.814127
-6.71373
10.9425

-0.449037
0.368189
0.814127
0.902373
0.00176256

-0.460357
-0.547314
-0.698942
-3.99919
3.53208

0.460357
0.547314
0.698942
0.822545
0.00445191

0.821424
-0.373571
0.430939
-5.0801
7.47695

-0.821424
0.373571
-0.430939
0.555871
0.039942

-0.707742
0.706471
0
-0.28463
0.185981

0.707742
-0.706471
0
-0.133642
0.147725

0.327816
0.15667
0.93166
-0.977819
0.2164

-0.327816
-0.15667
-0.93166
0.933523
0.000278622

-0.951189
0.036501
0.306442
0.0463153
0.0565889

0.951189
-0.036501
-0.306442
0.501375
0.0154829

-0.660407
-0.548973
0.51234
0.354772
0.0214668

-0.502105
0.800074
0.328286
-0.201993
0.108918

0.502105
-0.800074
-0.328286
0.426219
0.0248389

-0.735736
0.31909
0.597389
-1.18384
0.587032

0.735736
-0.31909
-0.597389
0.193914
0.0801768

-0.610755
0.612459
0.501869
0.810633
0.00208381

-0.195435
0.313351
-0.929309
-1.52505
0.732934

0.195435
-0.313351
0.929309
0.473748
0.0318906

0.0409099
0.411724
0.91039
0.478377
0.023261

-0.0409099
-0.411724
-0.91039
-0.582775
0.213758

-0.857911
-0.416589
0.300737
0.0856974
0.0568387

0.857911
0.416589
-0.300737
0.36044
0.0278223

0.405403
-0.205166
-0.890817
-8.96071
23.295

-0.405403
0.205166
0.890817
0.884479
0.00313483

-0.64969
0.657458
-0.381644
-2.06483
1.1999

0.64969
-0.657458
0.381644
0.509625
0.0307268

-0.0198564
0.789395
0.613564
0.715079
0.0115841

0.0198564
-0.789395
-0.613564
-3.39737
2.74467

-0.137087
0.201749
-0.969796
0.421338
0.0211838

0.137087
-0.201749
0.969796
0.132369
0.0475613

-0.345709
0.54802
-0.761682
-0.669864
0.139785

0.345709
-0.54802
0.761682
0.921264
0.000337433

-0.300293
0.254095
0.91938
0.929013
0.00196235

0.300293
-0.254095
-0.91938
-17.1726
126.206

0.400945
-0.47998
-0.780296
-0.956345
0.199616

-0.400945
0.47998
0.780296
0.949203
0.000153033

0.079599
0.909407
0.408218
-7.26237
11.1308

-0.079599
-0.909407
-0.408218
0.987672
2.49183e-05

-0.363159
0.332743
0.870286
0.661514
0.00655698

0.363159
-0.332743
-0.870286
-0.0756052
0.0659389

0.37868
-0.904606
-0.195675
-0.472624
0.175711

-0.37868
0.904606
0.195675
0.488622
0.0211962

-0.653104
0.394101
0.646637
0.578697
0.0156188

0.653104
-0.394101
-0.646637
-0.870601
0.306259

0.389491
-0.683043
0.617859
0.726311
0.00448134

-0.204104
-0.243559
0.948167
0.905596
0.00186999

0.204104
0.243559
-0.948167
-7.74559
15.6074

-0.440223
0.64139
-0.62835
0.91332
0.000335776

0.440223
-0.64139
0.62835
-0.371514
0.0828346

0.0177822
-0.777505
-0.628626
0.89208
0.000636734

-0.0617235
-0.269617
-0.960988
-0.260812
0.162086

0.0617235
0.269617
0.960988
-0.0539343
0.113262

-0.674227
0.61543
-0.408245
-2.50564
1.99785

0.674227
-0.61543
0.408245
0.229717
0.0965169

-0.392769
0.011552
-0.919564
-0.308336
0.191662

0.392769
-0.011552
0.919564
-0.22528
0.168141

-0.840611
-0.244358
-0.483387
-0.129148
0.114742

0.840611
0.244358
0.483387
0.0853893
0.0753072

0.498444
0.312433
0.808665
0.460069
0.0314344

-0.498444
-0.312433
-0.808665
-1.25466
0.548079

-0.178877
0.286166
-0.941335
-2.41592
1.12932

0.178877
-0.286166
0.941335
0.876686
0.00153624

0.411373
-0.576252
-0.706191
-4.47073
4.50984

-0.411373
0.576252
0.706191
0.829632
0.00442412

-0.279099
0.181134
-0.943024
-9.42044
23.5795

0.279099
-0.181134
0.943024
0.963943
0.000282559

-0.198356
-0.219705
0.955188
0.813908
0.00228708

0.198356
0.219705
-0.955188
-0.707836
0.184823

0.786048
-0.0387524
0.61695
-0.22528
0.167923

-0.786048
0.0387524
-0.61695
-0.308336
0.191454

0.208506
-0.332557
-0.919745
-6.80139
10.9736

-0.208506
0.332557
0.919745
0.921986
0.00113738

0.30357
-0.47673
0.824969
0.923065
0.00134742

-0.306868
-0.18755
0.93309
0.757176
0.00434787

0.306868
0.18755
-0.93309
-0.825599
0.23941

-0.375014
-0.306826
-0.87477
-0.875134
0.283893

0.375014
0.306826
0.87477
0.668769
0.00898612

0.119462
0.62446
0.771867
0.639293
0.00946616

-0.119462
-0.62446
-0.771867
-0.528952
0.170007

-0.815719
-0.448689
-0.365076
0.89198
0.00106345

0.815719
0.448689
0.365076
-2.26757
0.972623

0.479058
0.557788
-0.677773
-2.34982
1.11928

-0.479058
-0.557788
0.677773
0.847333
0.00232737

-0.67171
0.30089
0.676957
0.204729
0.0310313

0.67171
-0.30089
-0.676957
0.638279
0.00647508

0.335869
0.48987
-0.8045
-12.2401
62.5969

-0.335869
-0.48987
0.8045
0.632219
0.0484422

-0.504898
0.0863148
0.858853
0.226886
0.133977

0.504898
-0.0863148
-0.858853
-4.63597
7.10398

-0.903153
0.300338
0.306776
0.834385
0.00111583

0.624135
-0.651091
-0.431898
-0.417527
0.221828

-0.624135
0.651091
0.431898
-0.094712
0.132327

-0.909247
-0.416257
0
0.543128
0.0389891

-0.163084
-0.757103
0.632613
-0.006145
0.136886

0.163084
0.757103
-0.632613
-1.19253
0.649866

0.0121945
0.950434
0.310686
0.773019
0.00208456

0.703726
0.34626
0.620382
-0.386442
0.0790603

-0.703726
-0.34626
-0.620382
0.938269
0.000170638

-0.243529
0.699997
0.67134
0.524747
0.0138812

-0.228231
0.395774
-0.889536
-7.89702
15.704

0.228231
-0.395774
0.889536
0.935558
0.000824086

-0.307937
0.690806
0.654188
0.715747
0.00222913

-0.103455
0.149732
0.983299
0.965946
0.000585464

0.103455
-0.149732
-0.983299
-23.8252
300.438

-0.404853
0.884904
-0.230301
0.951315
0.000110519

0.312799
0.935158
-0.16624
-0.274151
0.0679898

-0.690774
0.637984
0.340304
-0.489422
0.102672

0.690774
-0.637984
-0.340304
0.918
0.000316699

-0.673242
0.195996
0.712973
0.1329
0.132625

0.673242
-0.195996
-0.712973
-2.72056
2.43795

-0.774792
0.536867
0.333873
0.419573
0.02193

0.774792
-0.536867
-0.333873
0.0853492
0.054421

0.403078
-0.450408
0.796656
-17.1726
126.225

-0.403078
0.450408
-0.796656
0.929013
0.00195352

-0.196415
-0.864029
0.463546
0.673844
0.0374864

0.196415
0.864029
-0.463546
-12.3593
62.8741

-0.709222
-0.241867
0.662197
-1.33032
0.511258

0.709222
0.241867
-0.662197
0.661811
0.0108455

-0.0704687
-0.579397
0.811993
0.932404
0.00103094

0.0704687
0.579397
-0.811993
-9.20293
23.4628

-0.0707615
-0.0643166
-0.995418
-3.33831
1.94477

0.0707615
0.0643166
0.995418
0.944922
0.000346466

0.198166
-0.839025
0.506722
0.763891
0.00356569

-0.198166
0.839025
-0.506722
-0.541993
0.150743

0.188056
0.878516
0.43914
0.911968
0.000539355

-0.188056
-0.878516
-0.43914
-1.40079
0.393694

0.0871201
0.265375
-0.960201
-0.539644
0.141466

-0.027826
-0.119331
-0.992465
0.832789
0.00164464

-0.74209
-0.216731
-0.634295
0.992764
2.49676e-06

-0.350042
-0.486229
-0.800657
-0.656363
0.207129

0.351464
-0.561145
-0.749392
-1.40884
0.39423

-0.318076
-0.0210619
0.947831
0.925193
0.0010111

0.318076
0.0210619
-0.947831
-6.81684
10.9907

0.350308
-0.876859
0.329244
-0.215717
0.0987472

-0.348911
-0.924333
-0.154496
-0.029788
0.149482

0.348911
0.924333
0.154496
-1.317
0.756698

0.356648
0.653858
0.667287
0.642436
0.0153605

-0.356648
-0.653858
-0.667287
-2.21807
1.24245

0.0678262
0.139731
-0.987864
-6.07234
7.85206

-0.0678262
-0.139731
0.987864
0.940071
0.00113977

0.955016
0.0070782
0.296469
-0.418716
0.193683

-0.955016
-0.0070782
-0.296469
0.188938
0.0633195

0.123688
0.123688
0.984582
0.96847
0.000735233

-0.635098
0.105736
-0.765161
-0.513765
0.205548

0.635098
-0.105736
0.765161
0.368604
0.0357932

0.436277
-0.899813
0
0.447864
0.0438988

-0.436277
0.899813
0
-2.21153
1.40294

0.379833
0.734374
0.562513
0.994303
1.5637e-06

-0.806109
-0.591768
0
0.915128
0.00336125

-0.585039
0.234109
0.776481
0.334609
0.027132

-0.691435
-0.324375
0.645522
0.602025
0.00783827

0.678604
-0.148848
-0.719265
0.902426
0.000256936

-0.678604
0.148848
0.719265
0.370233
0.0103485

0.807601
-0.0148126
-0.589543
-0.780703
0.294077

-0.807601
0.0148126
0.589543
0.463254
0.0267985

-0.0992179
0.942749
0.318401
0.0157597
0.152052

0.0992179
-0.942749
-0.318401
-1.86416
1.28727

-0.891219
-0.326809
0.314523
0.641575
0.00679718

0.891219
0.326809
-0.314523
0.0868359
0.0440338

-0.569156
0.82223
0
0.735001
0.0119835

0.569156
-0.82223
0
-1.97393
0.892557

0.272966
0.896788
0.348226
-0.0216155
0.181574

-0.272966
-0.896788
-0.348226
-2.31001
1.90551

0.760737
-0.30446
-0.573222
-0.836883
0.240406

-0.760737
0.30446
0.573222
0.766779
0.00391639

0.478012
0.79019
0.383541
0.457707
0.0164125

0.515443
0.770811
0.374391
-0.724725
0.308942

-0.515443
-0.770811
-0.374391
0.25204
0.0581387
