
0.0597795
-0.65664
0.751831
-0.263487
0.0871693

-0.0597795
0.65664
-0.751831
0.775453
0.00281713

0.420245
-0.578583
-0.699025
0.976347
4.28671e-05

0.947634
0.107076
-0.300874
-2.86208
1.36549

-0.947634
-0.107076
0.300874
0.952416
0.00024954

-0.187879
0.273634
-0.943306
-23.9874
300.846

0.187879
-0.273634
0.943306
0.977055
0.000253783

0.608408
0.0199335
0.793374
0.850293
0.0039164

0.0878979
-0.400034
0.912276
0.816414
0.00175436

-0.0878979
0.400034
-0.912276
-0.208056
0.0725289

-0.307692
-0.665931
-0.679604
-0.0800399
0.0604243

0.307692
0.665931
0.679604
0.740899
0.00353325

0.543122
-0.548446
0.635787
0.722489
0.0116088

-0.30499
0.547968
0.778917
0.817937
0.000802174

0.30499
-0.547968
-0.778917
0.623514
0.00339285

-0.326003
0.00635736
-0.945347
-0.82462
0.257763

0.326003
-0.00635736
0.945347
0.691846
0.00749232

0.27608
0.898887
-0.340267
0.800687
0.00432835

-0.200346
0.873225
-0.444229
-0.0266931
0.0694382

0.200346
-0.873225
0.444229
0.482914
0.0176153

0.823007
-0.00416053
-0.568016
-1.03168
0.256235

-0.823007
0.00416053
0.568016
0.895975
0.000691252

0.245146
0.428166
0.869814
0.457593
0.0124011

-0.777401
0.600095
0.188506
0.865459
0.000545792

0.777401
-0.600095
-0.188506
0.333933
0.0133195

-0.74282
-0.276819
0.609581
0.881042
0.00560932

0.74282
0.276819
-0.609581
-16.8512
125.71

0.703324
-0.220712
-0.675737
-0.549532
0.209909

-0.703324
0.220712
0.675737
0.427486
0.028756

0.435933
0.713779
0.548162
0.621142
0.00720638

-0.435933
-0.713779
-0.548162
0.196692
0.0323574

-0.527169
0.58168
0.619468
0.630577
0.0191892

-0.236832
-0.172171
-0.956173
-0.838901
0.207871

0.236832
0.172171
0.956173
0.863223
0.00116775

-0.71852
-0.502379
0.480982
0.263299
0.0404379

-0.39202
-0.066617
-0.917542
-0.865093
0.194965

0.39202
0.066617
0.917542
0.911406
0.000450793

0.221602
0.687927
0.691121
-0.449794
0.0954757

-0.221602
-0.687927
-0.691121
0.917263
0.000313476

0.0830833
0.893886
-0.440528
-3.65383
3.39276

-0.0830833
-0.893886
0.440528
0.643958
0.0198971

0.0846243
-0.566928
-0.819409
0.952799
0.000246507

-0.0846243
0.566928
0.819409
-3.37282
1.95085

0.543708
-0.341366
-0.766714
0.0281248
0.0300553

0.782337
-0.508086
0.360275
0.244473
0.0450198

-0.782337
0.508086
-0.360275
-0.0431002
0.0857819

0.202173
0.702704
-0.682154
-1.5067
0.810531

-0.202173
-0.702704
0.682154
0.267576
0.0692345

-0.596834
-0.182725
-0.781282
0.0226595
0.0804592

0.596834
0.182725
0.781282
0.0697514
0.0728942

0.63012
-0.524822
0.572285
0.0162518
0.0469253

-0.63012
0.524822
-0.572285
0.744324
0.00317919

0.936655
-0.208743
-0.281253
0.924558
0.000788135

-0.936655
0.208743
0.281253
-4.77603
4.61462

0.186314
-0.475297
-0.859872
0.379004
0.0383179

-0.186314
0.475297
0.859872
-0.80252
0.321285

-0.770341
-0.260814
0.581851
-0.147427
0.147516

0.770341
0.260814
-0.581851
-0.397106
0.218684

0.768333
0.596562
-0.2319
-2.75444
1.81201

-0.768333
-0.596562
0.2319
0.693518
0.0120841

-0.15017
-0.937012
0.315369
-0.565551
0.143072

0.15017
0.937012
-0.315369
0.82605
0.00176867

-0.138691
0.641356
-0.754604
0.994084
2.2583e-06

-0.224658
-0.0244763
-0.97413
-13.1151
64.1179

0.224658
0.0244763
0.97413
0.874376
0.0051511

-0.686041
0.0400458
0.72646
0.336562
0.0171998

-0.173758
-0.796688
-0.578875
0.725897
0.00547761

0.173758
0.796688
0.578875
-0.725775
0.213815

0.0272311
0.806845
0.590136
-0.152558
0.0732148

0.289209
0.165471
0.942856
0.820886
0.0107288

-0.289209
-0.165471
-0.942856
-12.8705
63.7622

-0.920467
-0.0893983
-0.380458
0.695311
0.00299465

0.0279163
-0.99961
0
0.472317
0.0536504

-0.0279163
0.99961
0
-4.34226
5.49739

0.734837
-0.597637
0.320694
-0.0742915
0.129768

-0.734837
0.597637
-0.320694
-0.492218
0.250336

0.588571
0.522748
0.6167
0.647544
0.00715091

-0.891414
-0.277916
0.357972
-0.561864
0.388461

0.891414
0.277916
-0.357972
-1.06554
0.679353

0.636767
0.695733
0.33239
0.425102
0.0130898

-0.636767
-0.695733
-0.33239
0.661196
0.0045556

-0.414849
0.753268
0.510379
0.873601
0.00104059

0.414849
-0.753268
-0.510379
-0.989889
0.253219

0.554952
-0.356012
-0.751853
0.982219
1.40907e-05

-0.63311
0.346496
-0.692179
0.298603
0.0416681

0.63311
-0.346496
0.692179
-0.264801
0.135419

0.466704
-0.29966
-0.8321
-0.685592
0.260324

-0.466704
0.29966
0.8321
0.432968
0.029619

-0.0567273
-0.824711
-0.562703
0.975886
5.80784e-05

0.0567273
0.824711
0.562703
-3.224
1.63946

0.7653
0.286527
0.576383
0.0805521
0.0983937

-0.7653
-0.286527
-0.576383
-0.802121
0.377639

0.256943
0.706424
0.659504
0.898861
0.000231248

0.845735
0.324566
0.423543
0.543609
0.0223876

-0.845735
-0.324566
-0.423543
-1.45263
0.646248

-0.0348372
0.898769
-0.437036
0.980431
2.743e-05

-0.641562
-0.704029
0.304535
-0.184261
0.0647207

-0.142698
0.123369
0.982048
0.901118
0.00119172

0.965284
-0.261201
0
-0.427955
0.0679968

-0.965284
0.261201
0
0.98461
7.98514e-06

-0.267889
0.438525
-0.857864
-2.82409
1.83277

0.267889
-0.438525
0.857864
0.736909
0.00867658

0.0825342
0.892262
-0.443911
0.877407
0.00779104

-0.0825342
-0.892262
0.443911
-23.0283
298.739

0.0102579
0.0751579
0.997119
0.995244
2.56699e-06

0.583526
-0.399212
0.707197
0.634012
0.00944794

-0.583526
0.399212
-0.707197
-0.423572
0.141682

-0.179401
0.93806
-0.29641
-0.900192
0.310072

0.179401
-0.93806
0.29641
0.612446
0.0129148

-0.521713
-0.380764
0.763436
0.799979
0.0028323

0.521713
0.380764
-0.763436
-0.87844
0.244167

0.318405
0.643889
-0.695719
0.714628
0.00294523

-0.318405
-0.643889
0.695719
0.444609
0.0111166

0.74214
0.513747
0.430456
-3.20765
2.67043

-0.74214
-0.513747
-0.430456
0.59274
0.0250594

0.0960782
-0.343769
0.934126
-2.65235
3.32509

-0.0960782
0.343769
-0.934126
-1.12179
1.12302

-0.145433
-0.612516
-0.776964
0.817407
0.00133724

0.145406
0.44067
0.885814
0.729006
0.00925556

-0.145406
-0.44067
-0.885814
-2.8109
1.82886

0.937312
0.348491
0
0.804373
0.0179933

-0.937312
-0.348491
0
-12.8035
61.2986

0.0352385
-0.879502
0.474588
0.832827
0.00212063

-0.0352385
0.879502
-0.474588
-1.24755
0.379455

-0.449696
0.259235
-0.854734
-1.01179
0.351403

0.449696
-0.259235
0.854734
0.641946
0.0111639

0.000441147
0.756901
-0.653529
0.187585
0.108666

-0.000441147
-0.756901
0.653529
-2.46992
1.98159

-0.150755
0.0936065
0.984129
0.988747
8.93464e-05

0.341065
0.888008
0.308409
0.795213
0.00567863

-0.538162
0.724789
0.43019
-3.30019
2.2901

0.538162
-0.724789
-0.43019
0.832489
0.00349333

0.103694
-0.210062
-0.972174
-36.8812
1016.33

-0.103694
0.210062
0.972174
0.985717
0.000144811

-0.994418
-0.105509
0
0.955937
0.000619464

-0.375433
0.340411
-0.862073
-0.882732
0.361567

0.375433
-0.340411
0.862073
0.371492
0.0404839

-0.170262
0.678453
-0.714642
0.987427
6.55091e-05

0.170262
-0.678453
0.714642
0.489109
0.00545103

-0.810833
-0.116487
-0.573569
0.798014
0.00317029

0.810833
0.116487
0.573569
-1.19471
0.373806

0.28347
-0.69608
0.659634
-0.94075
0.370976

-0.28347
0.69608
-0.659634
0.453586
0.0295116

0.333632
0.541317
-0.771794
-0.925827
0.184026

-0.333632
-0.541317
0.771794
0.959043
8.68911e-05

-0.522365
0.852722
0
-8.50569
49.5304

0.522365
-0.852722
0
-2.71316
7.55828

0.847169
-0.35321
0.396921
-2.11813
0.840831

-0.847169
0.35321
-0.396921
0.899547
0.000882042

0.276151
-0.0602511
0.959224
0.958443
0.000334557

-0.442836
-0.00500592
-0.896588
-8.16541
15.8124

0.442836
0.00500592
0.896588
0.973929
0.000128094

0.244774
0.750543
0.613816
0.605883
0.00768581

0.656172
-0.171621
0.734836
0.214628
0.0174113

-0.656172
0.171621
-0.734836
0.923938
0.00016899

0.221543
-0.0937874
-0.97063
0.970316
2.52838e-05

-0.879634
-0.345253
-0.327176
0.691846
0.00736672

0.248882
-0.73728
0.628073
-1.7763
0.985559

-0.248882
0.73728
-0.628073
0.401869
0.0457817

0.342754
-0.704734
0.621184
0.565559
0.013829

0.681628
0.296348
0.668999
0.797985
0.00363605

-0.681628
-0.296348
-0.668999
-0.875822
0.244413

0.624572
0.272298
0.731959
-1.58046
0.447782

-0.624572
-0.272298
-0.731959
0.941036
0.000252707

-0.564761
-0.0770708
0.821648
-0.0541956
0.163846

0.564761
0.0770708
-0.821648
-1.45591
0.887886

0.866383
0.0170564
-0.499088
-0.390874
0.0750216

-0.866383
-0.0170564
0.499088
0.954198
8.8111e-05

0.955355
-0.295461
0
0.843593
0.000565462

-0.0430577
-0.764948
-0.642651
-0.15979
0.158902

0.0430577
0.764948
0.642651
-0.5289
0.276016

-0.232358
0.424542
0.875085
0.999
2.09896e-07

0.232358
-0.424542
-0.875085
-8.71271
16.6756

-0.279666
0.90141
0.330526
-6.80919
10.9873

0.279666
-0.90141
-0.330526
0.923615
0.00105628

-0.0166657
0.770806
0.636852
0.379004
0.0381506

0.0166657
-0.770806
-0.636852
-0.80252
0.321215

-0.181494
0.982378
0.0446366
-3.07141
2.22179

0.181494
-0.982378
-0.0446366
0.714837
0.0108999

-0.237348
-0.559895
0.793841
0.351266
0.0550013

0.237348
0.559895
-0.793841
-1.73333
0.972996

0.425476
0.422307
0.800392
0.80369
0.00373705

-0.115856
0.17205
-0.978252
-0.813319
0.450857

0.115856
-0.17205
0.978252
-0.315838
0.237461

0.142828
-0.811494
-0.566637
0.549821
0.0279698

0.666882
-0.0315664
-0.744495
0.644499
0.00947177

0.455635
-0.625038
0.633817
0.512939
0.0658506

-0.455635
0.625038
-0.633817
-7.946
22.177

-0.397287
0.679795
0.616475
0.592741
0.0250979

0.823743
-0.264575
-0.501445
-0.553694
0.111498

-0.823743
0.264575
0.501445
0.929884
0.000237389

0.884985
0.280263
0.371825
0.155439
0.0728477

-0.884985
-0.280263
-0.371825
-0.527443
0.238173

0.502057
-0.859926
-0.0920051
-3.02261
1.88533

-0.502057
0.859926
0.0920051
0.839097
0.00301729

-0.173833
-0.792796
0.584171
0.341376
0.0506932

0.0573981
0.172931
-0.98326
-1.62244
0.611125

-0.0573981
-0.172931
0.98326
0.793685
0.00389508

-0.492086
-0.0773619
-0.867102
0.895704
0.000191155

0.492086
0.0773619
0.867102
0.675771
0.00182769

0.669731
0.713027
0.207493
-0.201936
0.0685958

-0.669731
-0.713027
-0.207493
0.837947
0.00125065

-0.487986
-0.319964
-0.812092
-7.22397
15.2357

0.487986
0.319964
0.812092
0.751261
0.0140351

0.0321052
0.124581
0.99169
0.581323
0.0134079

0.535293
-0.822827
-0.190835
-0.230509
0.105294

-0.535293
0.822827
0.190835
0.543065
0.0145255

-0.886586
-0.462564
0
0.822678
0.011744

-0.682761
-0.565597
0.462533
0.502385
0.00419667

0.682761
0.565597
-0.462533
0.960228
2.68832e-05

-0.0812714
-0.42011
-0.903827
-36.5731
1015.53

0.0812714
0.42011
0.903827
0.971008
0.000608249

-0.137922
-0.612902
-0.778029
0.961286
0.000136791

0.274088
0.796236
-0.539337
0.517941
0.0104491

-0.274088
-0.796236
0.539337
0.464416
0.0128957

-0.420942
-0.0681786
0.904522
0.890247
0.000900089

0.420942
0.0681786
-0.904522
-1.3524
0.389412

-0.2221
0.868921
-0.44232
0.0500652
0.0403837

0.2221
-0.868921
0.44232
0.782719
0.00213291

-0.700645
0.0286599
0.712934
0.767017
0.00482435

0.700645
-0.0286599
-0.712934
-1.46087
0.530906

-0.397466
-0.3205
0.859826
0.492519
0.0295404

0.397466
0.3205
-0.859826
-1.542
0.736573

-0.332215
0.0675367
-0.940783
-0.433412
0.195753

0.332215
-0.0675367
0.940783
0.219098
0.0582905

0.835909
-0.548868
0
-0.663446
0.182542

-0.835909
0.548868
0
0.77767
0.00410304

-0.721732
-0.627158
-0.292875
0.695743
0.00802891

0.721732
0.627158
0.292875
-1.15988
0.403383

-0.243849
0.619003
0.746574
0.444726
0.0600877

-0.60104
0.197799
0.774355
0.751499
0.021149

0.57256
-0.710847
0.408499
0.248902
0.0557016

-0.57256
0.710847
-0.408499
-0.575435
0.245042

0.208677
0.812035
0.545027
0.917172
0.00038591

-0.208677
-0.812035
-0.545027
-0.818567
0.179098

-0.84722
-0.270099
0.457456
-0.0763901
0.0601338

0.86273
-0.345403
0.369316
-1.72493
0.625617

-0.86273
0.345403
-0.369316
0.852925
0.00183416

-0.199335
-0.779621
-0.59368
-1.52753
0.596922

0.199335
0.779621
0.59368
0.727131
0.00700973

-0.410245
0.375797
0.830949
0.836839
0.0021404

0.0334834
0.504926
0.862513
0.862153
0.000697687

-0.0334834
-0.504926
-0.862513
0.121965
0.0280682

-0.410171
0.00458303
0.911997
0.902924
0.00109475

0.232034
0.193292
-0.953309
0.724166
0.0263249

-0.232034
-0.193292
0.953309
-12.5159
63.1838

-0.654673
0.535842
0.533176
0.847751
0.00168798

0.654673
-0.535842
-0.533176
-1.18197
0.341637

0.0211929
-0.0700113
-0.997321
-1.00054
0.235013

-0.0211929
0.0700113
0.997321
0.914732
0.000476677

0.91155
0.352639
0.211476
-2.22212
0.965807

-0.91155
-0.352639
-0.211476
0.873055
0.00150503

-0.439812
0.583331
0.682855
-0.544672
0.224311

-0.630603
0.660937
-0.406819
-0.441851
0.0951715

0.630603
-0.660937
0.406819
0.912948
0.000348991

-0.240054
0.780442
0.577307
0.445665
0.018368

0.240054
-0.780442
-0.577307
0.186332
0.0395655

-0.521311
0.718129
0.461006
0.400914
0.0279219

-0.615061
0.353867
0.704612
-0.863418
0.389286

0.615061
-0.353867
-0.704612
0.193468
0.0729363

-0.289543
0.377216
0.879701
0.915966
0.000955686

0.289543
-0.377216
-0.879701
-4.27525
3.61163

-0.869465
-0.493994
0
0.818582
0.00479092

-0.329821
-0.201912
0.922198
0.74895
0.00877799

0.366177
0.630182
-0.684679
-0.954667
0.292674

-0.366177
-0.630182
0.684679
0.743145
0.00505779

0.881303
0.472552
0
0.174313
0.101031

-0.881303
-0.472552
0
-0.763756
0.352461

-0.546679
-0.0054631
-0.837325
0.992633
5.88419e-06

0.238281
0.166557
0.956808
0.577017
0.0163049

-0.238281
-0.166557
-0.956808
-0.951884
0.343244

-0.669222
0.657634
0.345918
0.452797
0.0478067

0.720009
-0.448821
-0.529289
-2.0312
0.933111

-0.720009
0.448821
0.529289
0.772473
0.00525794

-0.8241
0.188418
0.534189
0.596709
0.00787328

0.8241
-0.188418
-0.534189
0.280738
0.0250304

-0.460563
-0.887627
0
0.99288
9.25358e-06

0.460563
0.887627
0
-3.36682
1.64771

1
0
0
0.538771
0.26409

-1
0
0
-0.761796
0.415328

0.760243
0.597274
0.255528
-0.218694
0.0764899

-0.760243
-0.597274
-0.255528
0.796815
0.00213816

0.596859
0.353011
-0.720515
-1.18624
0.342058

-0.596859
-0.353011
0.720515
0.850291
0.00161506

-0.410377
-0.626984
0.662179
0.935558
0.000840626

-0.0235898
-0.303179
-0.952642
-11.2392
37.4898

0.0235898
0.303179
0.952642
0.967255
0.000269476

0.561224
-0.220481
-0.797756
0.740848
0.0040842

-0.561224
0.220481
0.797756
-0.341274
0.107221

0.352374
-0.260359
-0.898914
0.799455
0.00191054

0.215287
0.532272
-0.818742
-4.45851
4.50407

-0.215287
-0.532272
0.818742
0.8249
0.00470437

0.770398
-0.0950392
0.63044
0.92596
0.000289595

-0.770398
0.0950392
-0.63044
-0.679799
0.140195

-0.305475
-0.339488
-0.889625
-16.7322
125.503

0.305475
0.339488
0.889625
0.859893
0.00784263

0.246814
-0.451373
0.857523
0.928428
0.000835382

-0.313091
-0.382263
0.869395
0.774959
0.0171805

-0.755311
-0.640115
0.140564
0.178432
0.0266337

0.755311
0.640115
-0.140564
0.800976
0.00156481

0.738829
-0.111731
-0.664566
-0.61797
0.147571

-0.738829
0.111731
0.664566
0.863801
0.00159287

-0.218116
0.259975
-0.940659
-35.9005
1012.8

0.218116
-0.259975
0.940659
0.920172
0.00478313

-0.977814
0.173234
0.117767
-4.56795
3.67516

0.977814
-0.173234
-0.117767
0.974998
7.43153e-05

-0.199196
0.912197
-0.358076
0.91236
0.000340863

0.199196
-0.912197
0.358076
-0.369824
0.0827596

-0.769788
0.433331
-0.468669
-1.37121
2.1384

0.769788
-0.433331
0.468669
-5.96847
18.4663

-0.551515
0.834165
0
0.805173
0.00663267

-0.186261
-0.673731
0.715118
0.622789
0.0122413

0.186261
0.673731
-0.715118
-0.909622
0.311298

0.840908
-0.22475
-0.492301
0.0889666
0.0912374

-0.840908
0.22475
0.492301
-0.638678
0.294839

0.250975
-0.126047
0.959752
0.973811
4.29105e-05

-0.250975
0.126047
-0.959752
-1.59959
0.406775

-0.356721
-0.0677268
0.931753
0.718846
0.00521746

0.356721
0.0677268
-0.931753
-0.449105
0.135401

0.855722
0.362145
0.369582
0.346166
0.111187

-0.855722
-0.362145
-0.369582
-6.44754
14.4195

-0.523593
-0.790478
-0.317796
-0.177967
0.183993

0.523593
0.790478
0.317796
-0.872731
0.464966

-0.759189
0.567748
-0.318267
-0.362482
0.114656

-0.0881272
0.278003
0.956529
0.571955
0.00587398

0.0799167
-0.385652
0.919177
0.656374
0.0124499

-0.0799167
0.385652
-0.919177
-1.71237
0.77328

-0.210645
-0.977563
0
0.958433
9.71846e-05

0.210645
0.977563
0
-1.18971
0.265592

0.650648
0.124807
0.749053
-0.225932
0.124102

-0.590641
-0.732311
0.338915
0.2119
0.0432591

0.526072
0.338189
-0.780305
-3.30942
2.29267

-0.526072
-0.338189
0.780305
0.836461
0.00331644

0.908558
0.122572
-0.399372
0.342468
0.015642

-0.908558
-0.122572
0.399372
0.773203
0.00187546

0.866481
0.499211
0
0.965754
0.00133802

-0.545167
-0.290172
-0.786507
0.693516
0.028063

0.545167
0.290172
0.786507
-10.0334
36.2232

-0.472376
0.841504
-0.262167
0.332838
0.0379294

0.472376
-0.841504
0.262167
-0.329709
0.150614

-0.419192
0.0455641
0.906753
0.708734
0.025231

0.288875
0.588276
0.755303
-0.19889
0.136659

0.720208
0.230203
0.654452
-23.4785
299.867

-0.720208
-0.230203
-0.654452
0.934511
0.00216347

-0.568331
0.724636
0.389747
-0.863418
0.389287

0.568331
-0.724636
-0.389747
0.193468
0.0729384

0.925741
-0.273715
0.260929
-7.04519
15.0817

-0.925741
0.273715
-0.260929
0.678193
0.0241435

-0.105224
0.220491
0.969697
-1.04565
0.42195

0.105224
-0.220491
-0.969697
0.467501
0.0286481

-0.208452
0.555122
0.805225
0.923695
0.000275832

0.208452
-0.555122
-0.805225
-0.357187
0.0782137

-0.935223
-0.256997
0.243538
0.227296
0.0177408

0.935223
0.256997
-0.243538
0.904958
0.000271423

-0.276554
-0.875604
-0.396024
-1.48958
0.724751

0.276554
0.875604
0.396024
0.432898
0.0376482

0.574534
0.0997904
0.812375
0.739954
0.0108842

-0.574534
-0.0997904
-0.812375
-4.26594
4.42224

-0.424712
0.199676
0.883034
0.677197
0.00888312

0.424712
-0.199676
-0.883034
-1.04753
0.356091

0.693352
0.586799
-0.418246
0.992465
4.65069e-06

-0.910077
-0.387016
0.148254
-0.222372
0.0580233

-0.248284
-0.703125
0.666311
0.69205
0.0332666

0.248284
0.703125
-0.666311
-12.4143
62.9669

-0.686447
0.598425
0.413131
-0.300054
0.0562282

0.686447
-0.598425
-0.413131
0.973614
2.58654e-05

0.295074
-0.663617
0.687419
0.699891
0.00228635

-0.295074
0.663617
-0.687419
0.729356
0.00186136

-0.595336
0.489177
0.637401
0.763638
0.00549641

0.595336
-0.489177
-0.637401
-1.85616
0.800614

-0.103489
-0.680184
0.725699
0.900986
0.00117269

0.103489
0.680184
-0.725699
-1.37553
0.389306

-0.140489
-0.804579
-0.576989
-0.890896
0.285648

0.140489
0.804579
0.576989
0.684539
0.0079638

-0.532924
-0.581457
-0.614735
0.742114
0.00374271

0.484459
-0.784646
-0.386821
0.332584
0.0236167

0.391815
0.787871
0.475122
0.936505
0.000188309

-0.391815
-0.787871
-0.475122
-0.52747
0.104108

-0.782093
-0.168266
-0.600015
-0.865796
0.225642

0.782093
0.168266
0.600015
0.83919
0.00168426

0.958084
0.100786
-0.268174
0.0717911
0.0603048

-0.958084
-0.100786
0.268174
0.33086
0.0313478

-0.517499
-0.27342
0.810825
-1.73987
0.507766

0.517499
0.27342
-0.810825
0.955424
0.000152058

-0.0686575
-0.824749
-0.561316
0.397052
0.0240998

0.0686575
0.824749
0.561316
0.173099
0.0443663

-0.982267
-0.187487
0
-0.17021
0.0465303

0.480165
-0.767427
-0.42485
-1.00302
0.49492

-0.480165
0.767427
0.42485
0.0833955
0.103695

-0.549141
0.0794834
0.831941
0.682066
0.0067975

0.549141
-0.0794834
-0.831941
0.123608
0.0410674

0.113739
0.278145
0.953781
0.955287
0.000124515

-0.289198
-0.944831
-0.153814
0.809365
0.00138824

0.289198
0.944831
0.153814
0.201858
0.0242975

0.542725
-0.789318
0.287101
0.176183
0.0459248

-0.542725
0.789318
-0.287101
0.301394
0.0331125

-0.809098
-0.587674
0
-0.680301
0.195632

0.809098
0.587674
0
0.740668
0.00479029

-0.443074
-0.312787
0.840148
0.936901
0.00153948

0.443074
0.312787
-0.840148
-17.2358
126.309

0.190979
-0.685296
0.702778
-0.96149
0.58522

-0.190979
0.685296
-0.702778
-0.501763
0.343151

0.320586
0.695142
0.64343
0.84194
0.0017401

-0.320586
-0.695142
-0.64343
-1.01071
0.275621

-0.665637
-0.0510191
0.744529
0.720168
0.00743488

0.938249
0.0347059
0.344215
0.910456
0.000420178

-0.938249
-0.0347059
-0.344215
-0.188204
0.0568283

-0.64575
0.41127
0.643322
0.847391
0.00197393

0.554506
0.0248399
0.831809
0.245024
0.0147455

-0.861304
0.122612
-0.493074
-1.96491
0.916662

0.861304
-0.122612
0.493074
0.728765
0.00826653

-0.0484997
-0.635253
0.77078
0.818272
0.00266609

0.0484997
0.635253
-0.77078
-0.274123
0.0858594

0.786479
-0.253425
0.563229
0.69598
0.00857054

0.138185
0.369411
0.918934
0.908824
0.00121531

-0.163416
0.969841
-0.180841
-3.08711
1.54539

0.163416
-0.969841
0.180841
0.966043
0.000107867

-0.0494005
0.135386
0.989561
0.978325
0.000137979

0.0494005
-0.135386
-0.989561
-13.8789
64.92

-0.876189
-0.330998
-0.350332
0.602434
0.0224621

0.876189
0.330998
0.350332
-2.90321
2.1625

0.272819
0.812001
-0.51597
-5.1787
7.55032

-0.272819
-0.812001
0.51597
0.613831
0.0295083

-0.0846424
0.897327
0.433175
-0.129148
0.114728

0.0846424
-0.897327
-0.433175
0.0853893
0.0752932

0.065516
0.0667065
-0.995619
0.948516
0.00020761

-0.0883325
0.630626
0.771043
0.452799
0.0478134

0.0883325
-0.630626
-0.771043
-3.03143
2.59289

0.386035
0.159789
0.90854
0.866468
0.00050746

0.291123
-0.924739
-0.245163
0.666274
0.0116443

-0.291123
0.924739
0.245163
-1.72429
0.775785

0.578493
-0.0646937
-0.813118
-2.21807
1.24179

-0.578493
0.0646937
0.813118
0.642436
0.0154594

0.102372
0.733177
0.672288
0.964531
0.00091969

-0.102372
-0.733177
-0.672288
-36.464
1015.11

0.68304
0.194565
-0.70399
-2.34186
1.66808

-0.68304
-0.194565
0.70399
0.339884
0.0651248

0.272859
0.398703
-0.875548
-7.32261
15.3259

-0.272859
-0.398703
0.875548
0.786942
0.0100683

-0.574803
0.455476
0.679812
0.72375
0.00836696

0.574803
-0.455476
-0.679812
-2.13442
1.07613

0.326811
0.0924916
0.940553
0.352054
0.0189759

-0.326811
-0.0924916
-0.940553
0.606729
0.00699981

-0.238545
0.361446
-0.901362
-3.75285
3.43363

0.238545
-0.361446
0.901362
0.702946
0.0135513

-0.273568
0.319163
0.907357
0.907908
0.00229882

0.491477
0.150853
0.857726
0.823264
0.00370485

0.0655228
-0.448035
0.891612
0.599529
0.0175413

-0.0481227
0.354398
-0.933856
0.682475
0.00657112

0.0481227
-0.354398
0.933856
-0.372347
0.122138

0.406746
-0.033018
-0.912944
0.291597
0.0388007

-0.406746
0.033018
0.912944
-0.0630503
0.0873446

-0.58565
0.23327
-0.776273
-2.17143
1.22937

0.58565
-0.23327
0.776273
0.604942
0.0192039

0.836045
-0.415198
-0.358662
0.682489
0.00199507

0.488094
0.569659
0.661251
0.786983
0.0113564

-0.488094
-0.569659
-0.661251
-8.60315
22.9668

-0.518083
-0.187815
0.834456
0.2233
0.0380134

0.0661732
-0.474235
0.877908
-0.930843
1.116

-0.0661732
0.474235
-0.877908
-4.36346
8.60663

-0.166892
0.510893
0.843288
0.83165
0.00398275

0.166892
-0.510893
-0.843288
-4.02161
3.53966

-0.276904
0.602785
0.748314
0.824095
0.00391346

0.276904
-0.602785
-0.748314
-3.28112
2.28377

-0.769962
-0.638089
0
0.26092
0.0573858

0.769962
0.638089
0
-0.39732
0.185457

-0.0210092
-0.160923
0.986743
0.978886
7.46153e-05

0.896913
0.442208
0
-2.33632
1.08654

-0.896913
-0.442208
0
0.840876
0.00453449

0.243349
0.025004
-0.969617
0.974744
2.91693e-05

0.295112
-0.543895
-0.785549
0.207861
0.0682161

-0.295112
0.543895
0.785549
-0.782321
0.344505

0.204215
-0.670328
0.713412
0.712324
0.00109445

-0.0141955
-0.807537
-0.589645
-0.680118
0.159786

0.0141955
0.807537
0.589645
0.871158
0.000946005

0.356793
0.291055
0.887685
0.871654
0.00178211

-0.356793
-0.291055
-0.887685
-2.84103
1.58272

0.162261
0.519282
0.839057
0.878924
0.00142012

-0.162261
-0.519282
-0.839057
-2.42133
1.13145

-0.404931
-0.523604
-0.74958
0.984791
7.14426e-06

0.404931
0.523604
0.74958
-0.241746
0.045468

-0.370844
0.581915
0.723775
0.644456
0.0129831

0.370844
-0.581915
-0.723775
-1.55712
0.666494

-0.967924
0.106315
0.22764
-0.0184641
0.109372

0.967924
-0.106315
-0.22764
-0.386251
0.202612

0.142661
-0.388777
0.91022
0.879607
0.00465433

0.75229
-0.560134
-0.346858
0.574923
0.0105881

-0.75229
0.560134
0.346858
0.0323188
0.0548596

-0.46435
0.671933
0.576962
0.101339
0.0230582

-0.846681
0.328959
0.41823
0.898961
0.000579389

0.846681
-0.328959
-0.41823
-0.782315
0.17711

-0.226167
-0.00874035
0.974049
0.582069
0.063381

0.226167
0.00874035
-0.974049
-12.1063
62.3309

0.410819
-0.358118
-0.838439
-0.589744
0.154066

-0.410819
0.358118
0.838439
0.805797
0.0023175

0.786664
-0.369915
0.494291
0.727648
0.00422875

-0.786664
0.369915
-0.494291
-0.219762
0.0846622

0.34099
0.15949
0.926439
0.869653
0.00140112

-0.167433
-0.62926
0.758945
0.670879
0.0102412

0.167433
0.62926
-0.758945
-1.34041
0.512828

0.683044
-0.100911
0.723373
0.205451
0.0475102

0.426745
0.388782
0.81654
0.705536
0.0123894

-0.426745
-0.388782
-0.81654
-3.38091
2.73952

0.40917
0.205496
-0.889017
-10.468
36.7958

-0.40917
-0.205496
0.889017
0.828051
0.00835413

0.803244
-0.381449
-0.457489
0.651578
0.0092318

-0.803244
0.381449
0.457489
-0.505546
0.161976

-0.398048
0.034583
0.916712
0.543596
0.00354119

0.398048
-0.034583
-0.916712
0.949554
4.34932e-05

-0.607826
-0.649194
-0.457269
0.979062
3.07729e-05

0.890881
0.0786808
-0.44737
0.760249
0.00449508

0.802335
0.333803
0.494807
-0.403608
0.191785

-0.802335
-0.333803
-0.494807
0.156954
0.0692378

-0.15168
0.944108
-0.292667
0.905668
0.000286203

0.15168
-0.944108
0.292667
0.133206
0.0241388

0.537258
-0.306362
0.785809
0.884411
0.00109798

-0.537258
0.306362
-0.785809
-1.7901
0.633632

0.271509
-0.579304
0.768563
0.847873
0.00322065

-0.271509
0.579304
-0.768563
-4.0634
3.55314

-0.463365
0.710619
-0.529447
0.777785
0.00603044

0.43615
0.899874
0
0.565463
0.00941629

0.027292
-0.141871
0.989509
0.982116
7.82638e-05

-0.027292
0.141871
-0.989509
-11.4013
37.5703

-0.852661
0.400161
-0.335916
-0.765167
0.270556

0.852661
-0.400161
0.335916
0.543089
0.0181514

-0.310388
-0.758126
-0.573502
-0.763756
0.341181

0.310388
0.758126
0.573502
0.174313
0.0747818

-0.0774856
0.518612
0.851492
0.821672
0.00567794

0.0774856
-0.518612
-0.851492
-5.63558
7.8349

0.24388
-0.308058
0.919577
0.936542
0.0005523

-0.926608
-0.376029
0
0.443024
0.11381

0.926608
0.376029
0
-9.45872
33.7522

-0.732311
0.29497
0.61377
0.233663
0.0690699

0.732311
-0.29497
-0.61377
-1.09187
0.51445

0.237194
0.60527
0.75986
0.738424
0.00743327

-0.237194
-0.60527
-0.75986
-2.15631
1.08092

-0.896515
-0.177781
-0.405777
-4.55871
3.67286

0.896515
0.177781
0.405777
0.973701
8.48499e-05

0.257824
-0.68547
0.680924
0.891699
0.000828036

-0.877421
0.103004
0.468533
0.942672
0.00041314

-0.091507
-0.219631
0.971282
0.88558
0.00521477

0.162642
0.102732
0.981322
0.97373
7.695e-05

-0.45263
0.217286
0.864819
0.85681
0.00328577

-0.25884
-0.911938
0.318387
0.0856974
0.056842

0.25884
0.911938
-0.318387
0.36044
0.0278252

-0.675582
0.618316
0.40159
0.405724
0.0117934

-0.95531
-0.0582516
-0.289808
0.914959
0.000617224

-0.570949
0.820985
0
-1.20273
0.996634

0.570949
-0.820985
0
-1.48671
1.26027

-0.177606
-0.423436
0.888346
0.589456
0.0406571

0.177606
0.423436
-0.888346
-6.85809
14.894

0.317131
-0.687089
-0.653709
0.675489
0.0221978

-0.317131
0.687089
0.653709
-6.06714
10.5276

-0.849715
0.418679
-0.320458
-0.419384
0.0943043

0.849715
-0.418679
0.320458
0.899999
0.000473949

-0.11191
0.62181
-0.775131
0.82631
0.00257504

0.11191
-0.62181
0.775131
-1.55226
0.543151

0.294209
-0.639553
-0.71022
-6.2943
10.6909

-0.294209
0.639553
0.71022
0.772842
0.0104362

0.486964
-0.281402
0.826849
0.598564
0.0165263

-0.486964
0.281402
-0.826849
-0.971005
0.346067

-0.838311
0.428749
-0.336762
-0.83129
0.239867

0.838311
-0.428749
0.336762
0.76205
0.00406412

-0.00382471
0.994742
0.102337
-2.46849
0.87305

0.00382471
-0.994742
-0.102337
0.987369
1.1658e-05

0.00544528
-0.895303
-0.445423
0.934956
0.000335804

-0.503704
-0.779905
0.371525
0.948869
0.000514915

-0.197083
0.136381
0.970855
0.531917
0.0306598

0.197083
-0.136381
-0.970855
-2.5399
1.74009

-0.47649
0.395801
0.785047
-0.0149289
0.0878832

0.47649
-0.395801
-0.785047
0.0816694
0.071954

0.476274
-0.681425
0.555719
0.502864
0.0116438

-0.476274
0.681425
-0.555719
0.429306
0.0153426

0.360558
-0.592439
-0.720427
0.687944
0.00902835

-0.360558
0.592439
0.720427
-1.35991
0.51603

0.160349
0.240523
0.957307
0.947009
0.00205741

-0.18188
0.209797
-0.960679
0.215031
0.0148908

0.18188
-0.209797
0.960679
0.958517
4.20409e-05

-0.140749
0.412253
-0.900132
0.711666
0.00592563

-0.766339
-0.0761262
0.63791
-0.23675
0.125198

0.766339
0.0761262
-0.63791
0.332435
0.0365539

-0.166433
-0.495678
-0.85241
-16.276
124.408

0.166433
0.495678
0.85241
0.760885
0.0239378

0.150295
-0.654609
0.740877
0.560009
0.0124068

0.0681783
0.995805
-0.0610298
-1.0201
0.417577

-0.0681783
-0.995805
0.0610298
0.434046
0.0327907

0.363969
-0.643189
-0.673673
-5.07938
5.9071

-0.363969
0.643189
0.673673
0.854076
0.00341327

-0.00184221
-0.874613
-0.484819
-0.293941
0.146898

0.00184221
0.874613
0.484819
0.261336
0.0479176

0.129888
0.626127
-0.768826
-8.84519
23.1981

-0.129888
-0.626127
0.768826
0.856595
0.00493467

-0.495082
-0.0319092
-0.86826
-2.20679
1.09081

0.495082
0.0319092
0.86826
0.770354
0.00569251

-0.579635
0.470422
0.665377
0.726311
0.00449016

0.579635
-0.470422
-0.665377
-0.289647
0.0984006

0.439669
-0.76506
0.470504
0.655937
0.00728749

-0.439669
0.76506
-0.470504
-0.043951
0.0624211

-0.696788
0.325909
0.638959
0.371397
0.0409344

0.696788
-0.325909
-0.638959
-0.797533
0.321171

-0.313259
-0.447579
0.837581
0.892647
0.000437435

0.746138
-0.604517
0.278994
0.307207
0.0488481

-0.746138
0.604517
-0.278994
-0.757177
0.314118

0.928477
0.371389
0
-8.27809
21.4873

-0.928477
-0.371389
0
0.667913
0.0382407

-0.935532
-0.160702
-0.31457
-0.412815
0.105171

0.935532
0.160702
0.31457
0.843021
0.00130686

-0.324104
0.297912
0.897889
0.901264
0.000968711

0.436206
0.745976
-0.503233
0.949188
0.000978484

0.625773
-0.0916355
-0.774604
-5.43615
7.71707

-0.625773
0.0916355
0.774604
0.742554
0.0124381

-0.146646
0.307922
-0.940042
-0.532414
0.256814

0.146646
-0.307922
0.940042
0.0192552
0.105239

-0.701316
0.344495
-0.624082
0.796669
0.00197321

0.701316
-0.344495
0.624082
-0.0519102
0.0517638

0.316967
-0.723146
-0.61367
0.00519371
0.14593

-0.316967
0.723146
0.61367
-1.50834
0.913497

0.320923
0.307514
-0.895792
0.914383
0.000584077

-0.320923
-0.307514
0.895792
-1.86291
0.641673

-0.793573
0.477413
0.377252
-0.143522
0.0524563

0.663674
0.264947
-0.699528
-1.03056
0.277291

-0.663674
-0.264947
0.699528
0.854313
0.00146793

0.691894
0.00424098
0.721987
-1.62044
1.34595

-0.691894
-0.00424098
-0.721987
-0.858258
0.676892

-0.568624
0.598325
-0.564511
0.905815
0.000298048

-0.154962
0.979203
-0.130954
-4.69091
7.15789

0.154962
-0.979203
0.130954
0.27412
0.11646

-0.0800519
-0.383311
-0.920144
0.169776
0.0301111

0.0800519
0.383311
0.920144
0.748438
0.0028555

-0.914147
0.010182
0.405254
0.401457
0.016105

-0.375049
-0.749092
-0.546077
0.278687
0.0302817

0.375049
0.749092
0.546077
0.400013
0.0209526

-0.907916
0.348558
0.232799
0.878456
0.000201711

-0.608805
0.692416
-0.387191
-1.37641
0.774028

0.608805
-0.692416
0.387191
0.0717084
0.118114

0.666901
0.514563
0.538951
0.65709
0.0183218

0.738048
0.674749
0
-2.16857
1.78572

-0.738048
-0.674749
0
-0.237716
0.292458

-0.773213
-0.427329
-0.468543
-0.0197836
0.0362437

0.773213
0.427329
0.468543
0.917949
0.000244773

0.84702
0.0619013
-0.527944
-2.73933
1.80694

-0.84702
-0.0619013
0.527944
0.68355
0.0129904

0.705197
-0.264057
-0.658005
-9.05576
23.3555

-0.705197
0.264057
0.658005
0.904951
0.00211162

-0.344336
0.601383
0.720951
-0.151925
0.0768641

0.643781
0.315319
-0.697223
-5.49744
7.75485

-0.643781
-0.315319
0.697223
0.768692
0.00989453

0.294759
0.10971
-0.949253
-4.41921
3.6487

-0.294759
-0.10971
0.949253
0.949748
0.000314845

0.40829
0.0727786
-0.909946
-2.28245
1.64471

-0.40829
-0.0727786
0.909946
0.273093
0.0806764

-0.544741
-0.42251
0.724391
-0.64169
0.408739

0.544741
0.42251
-0.724391
-0.79432
0.48822

0.0173516
-0.0975057
0.995084
-4.72102
9.09289

-0.0173516
0.0975057
-0.995084
-0.430254
0.568468

0.141987
0.15839
-0.977114
-1.46242
0.437838

-0.141987
-0.15839
0.977114
0.895151
0.000852525

-0.501813
-0.148099
0.852203
0.886828
0.00239307

0.501813
0.148099
-0.852203
-6.651
10.9121

0.648176
-0.726156
0.22927
-0.655269
0.180693

-0.648176
0.726156
-0.22927
0.770523
0.00348407

0.702464
-0.649189
0.291717
0.160341
0.0534542

-0.702464
0.649189
-0.291717
0.135621
0.0566266

0.420324
0.499441
0.757553
0.558845
0.0298236

-0.420324
-0.499441
-0.757553
-3.16172
2.65104

-0.420134
0.643271
-0.64007
-2.47046
1.49265

0.420134
-0.643271
0.64007
0.66844
0.0136993

-0.206946
0.701156
0.682315
0.261336
0.0479834

0.206946
-0.701156
-0.682315
-0.293941
0.146963

-0.0431654
0.984261
0.17137
0.353361
0.0315677

0.0431654
-0.984261
-0.17137
-0.0909381
0.0896318

-0.307998
-0.0384762
0.950609
0.935657
0.000208784

0.307998
0.0384762
-0.950609
-0.414614
0.0844882

0.433297
-0.394192
-0.810473
0.629138
0.00715254

0.546581
0.837406
0
-1.52505
0.73072

-0.546581
-0.837406
0
0.473748
0.0331854

-0.215195
-0.80069
-0.559094
-2.33726
1.27259

0.215195
0.80069
0.559094
0.72757
0.0084924

-0.291533
-0.716224
-0.63406
-1.04001
0.386319

0.291533
0.716224
0.63406
0.57555
0.0167331

0.0965419
0.995329
0
0.65397
0.0425813

-0.337965
0.607832
0.718554
0.606032
0.00654275

0.337965
-0.607832
-0.718554
0.430126
0.0136866

0.181158
-0.975846
-0.122095
0.237306
0.0234595

-0.181158
0.975846
0.122095
0.762598
0.00229714

-0.313961
-0.326879
0.891391
0.735953
0.0204056

0.313961
0.326879
-0.891391
-10.156
36.419

0.0251574
-0.0418252
-0.998808
0.899977
0.000749562

0.357627
-0.424204
0.831958
0.324316
0.0131372

0.432582
-0.742428
0.511539
0.990795
5.00691e-06

-0.432582
0.742428
-0.511539
-0.953315
0.159361

-0.0918284
-0.333909
0.938122
0.700301
0.00752883

0.0918284
0.333909
-0.938122
-1.07242
0.359274

-0.818059
-0.575134
0
0.286728
0.0461474

0.818059
0.575134
0
-0.410517
0.180386

0.00268434
-0.46804
0.883703
0.910275
0.000986497

-0.00268434
0.46804
-0.883703
-3.85658
2.8853

-0.0348039
-0.0626506
-0.997428
0.888067
0.00103161

0.294645
-0.851196
0.434339
-0.315838
0.237447

-0.294645
0.851196
-0.434339
-0.813319
0.450852

-0.870259
0.0132645
0.492415
-0.183744
0.107372

-0.0377733
0.714935
-0.69817
0.888957
0.000378215

-0.17469
0.205642
0.96291
0.873491
0.00337149

0.906629
0.235961
0.34978
0.0717084
0.118147

-0.906629
-0.235961
-0.34978
-1.37641
0.773999

-0.339819
0.525831
-0.77976
-1.15882
0.440425

0.339819
-0.525831
0.77976
0.59891
0.0153243

0.441015
-0.100028
0.891908
0.641815
0.00823601

-0.147975
-0.230921
-0.961654
-1.04837
0.203191

0.147975
0.230921
0.961654
0.975675
4.22696e-05

0.0423821
-0.173061
0.983999
0.89926
0.00123842

0.545166
-0.559474
-0.624326
-9.39511
23.5668

-0.545166
0.559474
0.624326
0.960806
0.000336057

-0.504785
0.553468
0.662469
0.780586
0.0030582

0.504785
-0.553468
-0.662469
-0.560278
0.152084

-0.696249
0.495679
-0.519172
-1.13312
0.633696

0.696249
-0.495679
0.519172
-0.118559
0.174336

0.834781
0.550583
0
0.0782005
0.0663932

0.251009
-0.353857
0.900988
0.934241
0.00113161

0.20118
0.894667
0.39887
0.326939
0.0303799

-0.20118
-0.894667
-0.39887
0.148156
0.0486604

-0.0776203
0.15224
0.985291
0.385853
0.0323323

0.0776203
-0.15224
-0.985291
-0.409891
0.169311

0.531078
-0.435844
0.726633
0.690672
0.00109882

-0.0474372
-0.998874
0
0.680386
0.00342917

-0.802861
0.596166
0
-0.145524
0.130051

-0.296759
0.153917
0.942467
0.699646
0.00736919

-0.466111
-0.023529
0.884413
0.821117
0.00150811

0.466111
0.023529
-0.884413
-0.127164
0.0595597

-0.693205
0.533477
0.484632
0.910443
0.00134229

0.841559
-0.400679
-0.362263
-0.22684
0.0601868

-0.841559
0.400679
0.362263
0.917659
0.00027729

0.959416
-0.0917898
0.266638
-0.0965111
0.0533252

-0.959416
0.0917898
-0.266638
0.840748
0.00113529

-0.564185
-0.522571
-0.63923
-2.42929
2.27621

0.564185
0.522571
0.63923
-0.270596
0.312677

0.177156
-0.655105
0.734474
0.899588
0.00272903

0.849919
-0.124634
-0.511962
0.79451
0.00189705

-0.849919
0.124634
0.511962
0.0187787
0.0431059

-0.603595
0.795513
-0.0532138
-0.94536
0.31575

0.603595
-0.795513
0.0532138
0.660244
0.0096316

0.044024
-0.2782
-0.959514
-7.88953
15.6961

-0.044024
0.2782
0.959514
0.93422
0.000868654

-0.51229
0.420503
0.748823
0.718295
0.00729145

0.51229
-0.420503
-0.748823
-1.39643
0.521483

-0.197445
-0.267817
0.943022
0.89773
0.0033313

0.197445
0.267817
-0.943022
-13.24
64.3179

0.838814
0.0273223
0.543731
0.841572
0.00441355

-0.188354
-0.432051
0.881961
0.612169
0.0404981

0.280901
0.13698
0.949911
0.935813
0.000370802

0.735615
0.58881
0.334922
0.989206
3.60853e-06

0.686645
-0.384363
-0.617077
0.572731
0.0201366

-0.686645
0.384363
0.617077
-1.6198
0.753904

-0.786277
0.309147
-0.534973
0.314162
0.0227705

0.786277
-0.309147
0.534973
0.574674
0.00878567

0.807715
0.277058
-0.520418
-1.43794
0.643176

-0.807715
-0.277058
0.520418
0.528016
0.0241699

-0.756446
-0.654056
0
0.943726
0.0010276

0.596479
-0.349626
-0.722478
-1.70015
0.770629

-0.596479
0.349626
0.722478
0.646025
0.0133422

-0.497724
-0.840613
0.213636
-1.05413
0.203407

0.497724
0.840613
-0.213636
0.976981
2.57519e-05

0.649868
-0.386518
-0.654427
-0.0561907
0.0679692

-0.649868
0.386518
0.654427
0.587427
0.0103785

0.937911
0.135228
0.319433
0.961319
0.000208664

0.354283
-0.187534
-0.916141
-17.0423
126.004

-0.354283
0.187534
0.916141
0.911149
0.00310124

0.906591
-0.0569405
0.418151
0.699439
0.00112714

0.140363
0.724194
-0.675161
-2.69443
1.55125

-0.140363
-0.724194
0.675161
0.805022
0.00432645

-0.486227
-0.759629
-0.431912
0.947859
0.0010293

0.486227
0.759629
0.431912
-17.3308
126.484

0.231229
0.0523997
-0.971487
0.924904
0.000579536

-0.231229
-0.0523997
0.971487
-2.99539
1.61032

-0.141248
-0.218345
0.965595
0.9848
3.09708e-05

0.141248
0.218345
-0.965595
-5.13088
4.68625

0.263476
-0.754741
0.600789
0.387035
0.0966986

-0.263476
0.754741
-0.600789
-6.50884
14.4922

-0.293054
0.282849
0.9133
0.849584
0.00102469

-0.382062
-0.743288
0.549137
0.700763
0.00308177

0.382062
0.743288
-0.549137
0.506591
0.00837227

-0.181761
-0.262978
-0.947526
-0.0787728
0.050393

0.181761
0.262978
0.947526
0.846829
0.00101794

-0.777735
-0.628592
0
0.550574
0.247472

0.777735
0.628592
0
0.595116
0.228473

-0.554933
0.0579201
0.829876
0.808813
0.00282766

0.773404
0.0381556
0.632764
0.64815
0.00344405

-0.773404
-0.0381556
-0.632764
0.719853
0.00218393

-0.271111
0.316723
-0.908948
-0.816817
0.323425

0.728585
0.604275
0.322516
-0.898543
0.286516

-0.728585
-0.604275
-0.322516
0.692
0.00755711

-0.885737
0.155634
-0.43732
0.821239
0.00236398

-0.682241
-0.0834267
0.726352
0.928207
0.000924703

0.52726
0.209617
-0.823442
-6.61611
10.8859

-0.52726
-0.209617
0.823442
0.877623
0.00286062

-0.0573437
-0.22816
0.971934
0.965946
0.000585008

0.0573437
0.22816
-0.971934
-23.8252
300.442

-0.825652
0.184892
-0.533023
0.868185
0.00127826

0.825652
-0.184892
0.533023
-1.30885
0.385542

0.884294
-0.036088
-0.465533
-0.797533
0.320824

-0.884294
0.036088
0.465533
0.371397
0.0401144

0.214584
-0.900696
-0.377757
0.848296
0.00190105

-0.214584
0.900696
0.377757
-1.5911
0.54814

0.00446675
0.944717
-0.327857
-0.0146527
0.0296237

-0.509974
0.19297
0.838265
0.896904
0.00247325

0.509974
-0.19297
-0.838265
-9.01717
23.3378

-0.0826987
0.512105
0.854933
0.909448
0.00108288

0.543501
0.412216
-0.731221
-0.590098
0.52026

-0.543501
-0.412216
0.731221
-2.24512
2.1666

0.917191
0.248977
0.31108
0.909105
0.000418944

-0.917191
-0.248977
-0.31108
-0.212672
0.0601845

0.432025
0.104139
-0.895829
0.893363
0.00138212

-0.386696
-0.70767
0.591328
0.610839
0.0137948

0.386696
0.70767
-0.591328
-1.07247
0.391109

0.0620819
-0.459939
0.885777
0.927647
0.000784855

-0.804766
-0.593592
0
-3.11913
2.23384

0.804766
0.593592
0
0.742555
0.00891645

-0.673055
0.291085
0.679902
-0.158507
0.0947272

-0.210317
0.488224
-0.846997
-1.69788
0.622103

0.210317
-0.488224
0.846997
0.838482
0.00223718

0.734842
0.447884
-0.509321
-0.306591
0.464547

-0.734842
-0.447884
0.509321
-4.82318
9.22401

-0.761636
-0.0244042
0.647546
0.650526
0.01614

0.761636
0.0244042
-0.647546
-2.69134
1.79164

-0.917132
-0.349085
-0.192376
-0.287231
0.188361

0.917132
0.349085
0.192376
-0.287231
0.188361

-0.84044
-0.541905
0
0.608235
0.0229972

0.84044
0.541905
0
-3.22947
2.68001

-0.569937
-0.338593
0.748684
0.132481
0.0680455

0.569937
0.338593
-0.748684
-0.190442
0.12798

0.539016
-0.369248
0.757045
0.87253
0.00282894

-0.539016
0.369248
-0.757045
-5.79285
7.90898

0.47339
0.578844
-0.663959
0.973541
5.6159e-05

-0.474853
-0.32727
0.816951
0.82876
0.00177062

-0.353229
0.713938
0.604584
0.898884
0.00050083

0.353229
-0.713938
-0.604584
-0.417536
0.0942962

-0.16506
0.406417
0.898655
0.948675
0.000178421

0.16506
-0.406417
-0.898655
-1.23572
0.291481

0.119912
0.971318
-0.205337
-2.81105
1.36216

-0.119912
-0.971318
0.205337
0.939617
0.000343494

0.187547
0.917371
0.35108
-0.303844
0.117036

-0.187547
-0.917371
-0.35108
0.59283
0.0114347

-0.84403
-0.24065
0.47927
0.207423
0.0401277

-0.451455
0.131926
0.882487
0.929645
0.000888217

0.258381
0.264989
0.928989
0.974607
0.000465659

-0.258381
-0.264989
-0.928989
-36.6391
1015.69

-0.0624193
0.74167
-0.667855
-3.80527
3.45686

0.0624193
-0.74167
0.667855
0.73154
0.0108589

-0.739152
-0.424165
-0.5232
-0.310653
0.117597

0.739152
0.424165
0.5232
0.60248
0.0108642

-0.228778
0.676823
0.699694
0.55613
0.0170157

-0.464133
0.885765
0
0.996393
0.00100952

0.325829
0.78043
-0.533632
-3.9446
2.90353

-0.325829
-0.78043
0.533632
0.933806
0.00053174

0.188668
-0.922049
0.33798
-0.260811
0.162111

-0.762988
-0.646413
0
0.945642
0.00146393

0.0975668
-0.271208
0.957563
0.873991
0.00215367

-0.39637
-0.358225
-0.84532
0.35079
0.0401803

-0.537082
-0.291042
0.791731
0.83433
0.00254543

0.537082
0.291042
-0.791731
-1.97567
0.820648

-0.30131
-0.895074
0.328718
0.438417
0.0175409

0.30131
0.895074
-0.328718
0.300792
0.0271716

0.800625
0.455505
0.389249
0.459956
0.0137227

-0.44262
0.300944
0.844702
0.831856
0.00262894

0.675197
-0.680092
0.285628
0.91984
0.000624203

-0.675197
0.680092
-0.285628
-2.74301
1.35245

0.0511138
-0.184936
-0.98142
-2.96071
3.01713

-0.0511138
0.184936
0.98142
0.00982165
0.188681

0.273755
-0.342828
-0.898625
-4.01053
3.53234

-0.273755
0.342828
0.898625
0.827188
0.00428442

-0.232754
-0.746515
0.62333
0.549253
0.0191288

0.270302
-0.0120938
0.9627
0.943076
0.000387789

-0.419163
0.495036
-0.761079
-0.0930153
0.0556342

0.419163
-0.495036
0.761079
0.813364
0.00163584

-0.157589
0.554376
-0.817211
0.037787
0.158873

0.157589
-0.554376
0.817211
-2.35278
1.92554

0.701507
0.495274
-0.512437
-0.402158
0.14853

-0.701507
-0.495274
0.512437
0.538391
0.0161034

0.239482
0.478879
-0.844585
-3.33202
3.2316

-0.239482
-0.478879
0.844585
0.402359
0.0617309

-0.906024
-0.0471594
0.42059
0.856793
0.0012242

0.906024
0.0471594
-0.42059
-0.711588
0.172841

-0.602003
0.22348
-0.766583
-7.16896
15.1975

0.602003
-0.22348
0.766583
0.729952
0.0166093

0.710056
0.409732
-0.572661
-2.00354
1.18141

-0.710056
-0.409732
0.572661
0.448332
0.0399464

-0.0782909
0.0840649
0.99338
0.540275
0.0116545

0.339826
0.309315
0.888168
0.773469
0.00337586

-0.572758
0.780322
0.251088
0.841245
0.0012602

0.572758
-0.780322
-0.251088
-0.300869
0.0843832

-0.741118
-0.636138
0.214646
0.992997
5.31586e-06

0.723008
0.501449
0.475194
0.425295
0.0437107

-0.723008
-0.501449
-0.475194
-1.98172
1.17488

-0.0659499
-0.680217
0.730038
0.941882
0.000114651

-0.905622
-0.352053
0.236448
0.379004
0.0381387

0.905622
0.352053
-0.236448
-0.80252
0.32121

-0.278538
-0.0262832
-0.960065
-3.90373
2.8921

0.278538
0.0262832
0.960065
0.923379
0.00074866

-0.67622
-0.202441
-0.708339
0.383622
0.0215707

0.67622
0.202441
0.708339
0.33242
0.0252977

0.366984
0.887915
0.277364
0.427963
0.0168003

-0.366984
-0.887915
-0.277364
0.410496
0.0178412

0.155921
0.61327
0.774331
0.687944
0.00911983

-0.155921
-0.61327
-0.774331
-1.35991
0.515883

-0.420418
-0.241703
0.874545
0.902377
0.00225037

0.420418
0.241703
-0.874545
-9.04323
23.3383

0.169896
-0.146899
0.974452
-2.06152
1.77809

-0.169896
0.146899
-0.974452
-0.423229
0.384707

-0.440585
-0.49157
-0.751162
-13.3434
64.4495

0.440585
0.49157
0.751162
0.915128
0.0022598

-0.760637
-0.455935
-0.462121
0.472318
0.0347175

0.760637
0.455935
0.462121
-1.84063
1.0032

0.57114
-0.484422
-0.662672
-1.17431
0.405288

-0.57114
0.484422
0.662672
0.708425
0.00735611

0.325561
0.84654
0.421164
0.55325
0.00627179

-0.325561
-0.84654
-0.421164
0.726621
0.00236004

0.539203
0.398578
-0.741887
-0.318081
0.149532

-0.539203
-0.398578
0.741887
0.310233
0.0410609

0.287939
0.33223
-0.898173
-16.3776
124.713

-0.287939
-0.33223
0.898173
0.785462
0.0190198

0.9051
0.102529
-0.412652
0.453781
0.0155929

-0.9051
-0.102529
0.412652
0.363637
0.0211533

0.237831
-0.335237
-0.911621
-2.27702
1.43367

-0.237831
0.335237
0.911621
0.510813
0.0321595

0.261197
-0.229674
-0.937564
-22.9893
298.646

-0.261197
0.229674
0.937564
0.871562
0.0085649

-0.0400487
-0.546461
-0.836526
-8.91407
23.2568

0.0400487
0.546461
0.836526
0.873624
0.00378492

-0.887979
-0.0729339
0.454064
0.410455
0.0100888

0.887979
0.0729339
-0.454064
0.849167
0.000674564

0.950202
0.311635
0
0.729163
0.00256209

-0.950202
-0.311635
0
0.746918
0.00229852

0.388668
-0.885685
0.253969
0.142753
0.0583243

-0.388668
0.885685
-0.253969
0.0591701
0.0702485

-0.869025
-0.329031
0.369506
0.996421
6.07147e-06

-0.944476
0.252471
0.210294
0.664866
0.00786067

0.944476
-0.252471
-0.210294
-0.498109
0.156935

0.377581
0.735309
-0.562809
-0.22528
0.167987

-0.377581
-0.735309
0.562809
-0.308336
0.191516

0.33261
-0.547527
0.767844
0.673085
0.0139046

0.584184
-0.0293714
-0.81109
0.984229
7.84957e-05

-0.584184
0.0293714
0.81109
-13.961
64.9279

-0.213903
-0.584846
0.782433
0.795244
0.0140929

-0.366159
-0.459652
-0.809103
-0.221088
0.147797

0.366159
0.459652
0.809103
-0.026052
0.10442

-0.0592668
0.953284
-0.296206
0.926057
0.000708681

0.0592668
-0.953284
0.296206
-4.3142
3.6246

0.480612
0.827981
-0.288894
0.990134
9.55084e-06

-0.480612
-0.827981
0.288894
-3.61378
1.97862

-0.81834
-0.190709
-0.542172
0.315095
0.0321673

-0.724675
0.303179
0.618812
0.749537
0.010782

0.724675
-0.303179
-0.618812
-4.81448
5.78049

-0.0992643
-0.419311
-0.902399
0.895987
0.000654981

-0.665397
-0.681732
-0.30412
-1.06752
0.18831

0.665397
0.681732
0.30412
0.990633
4.39311e-06

0.747154
0.100869
0.656952
0.679963
0.00525535

0.299641
-0.0419079
-0.953131
0.948602
0.000704387

-0.299641
0.0419079
0.953131
-11.0842
37.3621

0.476241
0.872145
0.112059
0.947528
0.000242759

-0.476241
-0.872145
-0.112059
-2.6286
1.16041

-0.608509
-0.397044
-0.687076
0.847137
0.00942877

-0.182152
0.445877
0.876364
0.838073
0.00185052

0.570317
-0.13239
0.810686
0.904081
0.00291506

-0.820916
-0.281009
-0.497122
0.83387
0.000769134

0.820916
0.281009
0.497122
0.500085
0.00681261

-0.201825
-0.263234
-0.943385
-1.27489
0.24671

0.201825
0.263234
0.943385
0.991548
3.6921e-06

-0.727427
-0.51647
0.451783
0.566799
0.051143

0.727427
0.51647
-0.451783
-8.05305
22.3299

0.20593
-0.665391
-0.717529
-5.1787
7.54678

-0.20593
0.665391
0.717529
0.613831
0.0295938

-0.47419
-0.504163
0.721778
0.63222
0.0130551

0.47419
0.504163
-0.721778
-1.29862
0.50611

0.306623
0.676967
-0.669102
-1.2168
0.316378

-0.306623
-0.676967
0.669102
0.910092
0.000544067

-0.59338
0.143073
0.792105
0.912234
0.00157219

0.59338
-0.143073
-0.792105
-7.77657
15.6384

0.272381
0.847396
0.455773
-0.485266
0.289389

-0.272381
-0.847396
-0.455773
-0.485266
0.289389

-0.19105
0.0737769
0.978804
0.976118
0.000124945

0.19105
-0.0737769
-0.978804
-9.53189
23.6198

0.213205
0.558662
-0.801524
0.456548
0.00866192

-0.620926
-0.132884
0.772524
0.983744
2.07462e-05

-0.389426
-0.918498
0.068621
0.911869
0.000518128

0.389426
0.918498
-0.068621
-1.3074
0.352446

0.200186
0.83722
0.508909
0.698643
0.0235765

-0.200186
-0.83722
-0.508909
-8.35441
22.7058

-0.386044
-0.13751
0.912174
0.860726
0.00175018

-0.00746022
-0.83296
0.553283
0.60037
0.0050619

-0.38123
-0.885645
0.265134
-2.72056
2.43881

0.38123
0.885645
-0.265134
0.1329
0.132493

-0.0109331
0.412045
-0.911098
-0.398544
0.167887

0.0109331
-0.412045
0.911098
0.365678
0.0345812

-0.798984
0.548553
-0.246402
0.747712
0.00473622

0.262538
-0.5723
-0.776882
0.750978
0.00508225

-0.721247
0.420479
-0.550455
0.138979
0.074385

0.872212
-0.164387
-0.460676
-0.173225
0.0918239

-0.872212
0.164387
0.460676
0.569691
0.0129268

-0.685122
0.398377
0.609839
0.597741
0.0218606

-0.479071
-0.0242282
0.877442
0.856967
0.000212423

0.479071
0.0242282
-0.877442
0.905695
9.253e-05

0.205618
-0.676008
0.707626
-0.0972235
0.105529

-0.205618
0.676008
-0.707626
0.106425
0.0700039

-0.824555
-0.0628902
0.562275
-0.986616
0.252975

0.430785
0.78444
0.446182
0.346709
0.0580719

-0.430785
-0.78444
-0.446182
-1.91159
1.15318

-0.148327
-0.669306
0.728031
0.860825
0.00211083

0.148327
0.669306
-0.728031
-2.81453
1.5775

-0.458478
-0.56254
0.688002
0.555824
0.012896

0.458478
0.56254
-0.688002
-0.130331
0.0834994

-0.801744
0.28853
0.523409
0.670299
0.00492166

0.801744
-0.28853
-0.523409
0.266001
0.0242418

0.191479
0.0398651
0.980687
0.985145
1.84405e-05

0.151225
0.640216
0.753163
-0.532414
0.25689

-0.151225
-0.640216
-0.753163
0.0192552
0.105345

0.469988
-0.0516579
-0.88116
-0.211887
0.0628522

-0.469988
0.0516579
0.88116
0.890483
0.000560665

0.26427
0.170725
0.949218
0.936229
0.000726519

-0.100877
-0.292093
-0.951055
-3.80813
2.87367

0.100877
0.292093
0.951055
0.89558
0.00135606

-0.449586
-0.798564
-0.400209
-1.12719
0.262089

0.449586
0.798564
0.400209
0.93764
0.000321537

0.600732
0.779357
-0.17811
-1.21557
0.266795

-0.600732
-0.779357
0.17811
0.965659
6.47532e-05

-0.603162
0.030039
-0.797053
-3.87587
5.14543

0.603162
-0.030039
0.797053
0.0560331
0.192929

-0.134612
-0.893933
0.427509
-0.0327779
0.0849769

0.134612
0.893933
-0.427509
0.219073
0.0486069

0.351055
-0.285235
-0.891853
0.813445
0.00292162

-0.351055
0.285235
0.891853
-1.41775
0.476632

0.718567
-0.0146012
-0.695304
0.170665
0.0309429

-0.718567
0.0146012
0.695304
0.722519
0.00346999

0.600536
-0.358652
0.714651
0.935755
0.000325444

-0.600536
0.358652
-0.714651
-2.06675
0.741263

-0.997636
0.0687212
0
0.582662
0.0236946

-0.0970107
-0.661534
0.743614
0.787168
0.00366186

0.0970107
0.661534
-0.743614
-1.27473
0.418092

0.762275
0.647253
0
-0.22684
0.0613253

-0.762275
-0.647253
0
0.917659
0.000466818
