
-0.102114
-0.407057
-0.907677
-0.195282
0.0876328

0.102114
0.407057
0.907677
0.653438
0.00737037

0.522102
-0.791297
-0.318212
0.00609422
0.0435525

-0.522102
0.791297
0.318212
0.808432
0.00162755

-0.890894
0.11068
-0.440519
0.658848
0.00727516

0.890894
-0.11068
0.440519
-0.23473
0.0949148

0.504943
-0.445718
-0.739167
-3.19541
2.25928

-0.504943
0.445718
0.739167
0.783294
0.00609662

0.00204445
-0.749335
-0.662188
-3.06112
2.21832

-0.00204445
0.749335
0.662188
0.708626
0.0114237

-0.826026
-0.230616
-0.514293
-0.340864
0.134616

0.826026
0.230616
0.514293
0.51729
0.0174963

0.273568
0.961853
0
-0.711429
0.212555

-0.273568
-0.961853
0
0.711949
0.00617463

0.987984
0.0816588
-0.131221
-0.501768
0.115979

-0.987984
-0.0816588
0.131221
0.877407
0.000774054

0.445768
0.155055
-0.881617
-3.09157
1.89926

-0.445768
-0.155055
0.881617
0.867765
0.00204471

-0.763445
0.625381
0.161401
-2.34425
1.11826

0.763445
-0.625381
-0.161401
0.84469
0.00241598

-0.36935
0.790446
0.488646
-0.213588
0.13819

0.36935
-0.790446
-0.488646
0.0776459
0.0798558

0.40287
0.317622
0.858378
0.813969
0.00983901

-0.40287
-0.317622
-0.858378
-10.415
36.7346

-0.788516
0.0308658
-0.61424
-2.35494
1.45868

0.788516
-0.0308658
0.61424
0.579174
0.0230358

0.261536
0.610889
0.747271
0.324412
0.018423

-0.134014
-0.104215
0.985484
-1.33647
1.06443

0.134014
0.104215
-0.985484
-1.08409
0.846924

0.530019
0.641267
-0.554849
-6.72338
14.7436

-0.530019
-0.641267
0.554849
0.51729
0.0576773

0.489293
-0.817955
-0.302558
-5.43614
9.93985

-0.489293
0.817955
0.302558
0.284869
0.122751

-0.797147
0.482805
-0.362568
-0.831635
0.498186

0.797147
-0.482805
0.362568
-0.539073
0.351768

-0.229782
0.0970093
0.968395
0.942684
0.000338575

0.229782
-0.0970093
-0.968395
-2.82268
1.36178

-0.879937
0.109291
-0.462348
0.917444
0.0007197

0.879937
-0.109291
0.462348
-2.00586
0.728099

0.488564
0.583381
-0.648823
-2.10055
0.660755

-0.488564
-0.583381
0.648823
0.978624
3.68808e-05

-0.0113058
-0.292807
-0.956105
0.990292
4.99217e-05

0.484183
-0.457311
0.745945
0.712427
0.0213562

-0.452244
0.438684
0.776551
0.654647
0.0121961

0.452244
-0.438684
-0.776551
-1.56875
0.668633

0.925053
0.207956
-0.317854
-1.72588
0.866927

-0.925053
-0.207956
0.317854
0.526752
0.0261545

0.194377
0.572708
0.796381
0.397637
0.0145804

-0.700473
0.432729
-0.567523
0.932789
0.000187745

-0.481331
-0.636806
-0.602327
-2.33605
0.863633

0.481331
0.636806
0.602327
0.964992
0.000102799

-0.352405
-0.935848
0
-0.202931
0.0604492

0.352405
0.935848
0
0.902913
0.000584237

-0.183966
0.0416127
0.982051
0.988427
6.36246e-05

0.183966
-0.0416127
-0.982051
-24.2045
301.094

-0.650434
-0.167765
-0.740804
-1.16004
0.223825

0.650434
0.167765
0.740804
0.984937
1.1361e-05

0.566757
0.456217
-0.686041
0.480725
0.00976978

-0.566757
-0.456217
0.686041
0.691608
0.00348195

-0.812987
-0.357801
-0.459381
-0.394328
0.271434

0.167684
0.347668
0.922502
0.96754
0.000514966

-0.167684
-0.347668
-0.922502
-23.8466
300.624

0.886067
0.267608
-0.378512
-1.22688
0.317154

-0.281242
0.577619
0.766329
0.470241
0.0147849

0.281242
-0.577619
-0.766329
0.343865
0.0226239

0.437447
0.745655
0.502632
0.999296
2.46071e-07

-0.458102
-0.307741
0.83393
0.761624
0.00455528

0.458102
0.307741
-0.83393
-1.14539
0.368168

0.539896
0.63594
-0.551446
-0.628787
0.122313

-0.539896
-0.63594
0.551446
0.943984
0.000308043

0.255828
-0.317603
0.913061
-0.296718
0.1565

-0.255828
0.317603
-0.913061
0.159948
0.0657182

0.425099
-0.851068
0.308179
0.445339
0.0187619

-0.425099
0.851068
-0.308179
0.186472
0.0400034

0.860997
0.35423
0.364972
-0.0916021
0.0636808

-0.860997
-0.35423
-0.364972
0.721199
0.00415824

0.221162
-0.167821
0.960689
0.53706
0.0104714

-0.221162
0.167821
-0.960689
0.369887
0.0192709

0.655953
0.508889
-0.557457
-0.686718
0.2421

-0.655953
-0.508889
0.557457
0.532767
0.0186414

-0.110769
-0.308567
0.944731
0.653972
0.0425098

0.110769
0.308567
-0.944731
-12.3014
62.7462

-0.334098
0.0920896
0.938029
0.623861
0.0239166

0.334098
-0.0920896
-0.938029
-4.05697
4.32258

-0.427939
-0.208378
-0.879458
-3.37658
2.31048

0.427939
0.208378
0.879458
0.863705
0.00224171

0.108594
0.567513
0.816172
-1.11229
0.51883

-0.108594
-0.567513
-0.816172
0.265355
0.0627707

0.174706
0.234855
0.956201
0.928429
0.00102442

-0.174706
-0.234855
-0.956201
-7.85799
15.6845

-0.195683
0.60159
-0.774466
-0.299302
0.123528

0.888702
-0.214816
-0.405046
-1.51262
0.401839

-0.888702
0.214816
0.405046
0.951829
0.000152444

-0.276975
0.152191
-0.948748
-36.1595
1014.22

0.276975
-0.152191
0.948748
0.942853
0.00240066

-0.204706
0.685062
0.699132
0.566451
0.0166606

0.538641
0.435957
-0.720977
-1.16472
0.370365

-0.538641
-0.435957
0.720977
0.77635
0.00401719

0.60028
-0.265388
-0.754476
-1.40444
0.781897

-0.60028
0.265388
0.754476
0.116821
0.105687

0.291903
-0.939792
0.177717
0.286456
0.0552509

-0.291903
0.939792
-0.177717
-0.91914
0.399617

-0.718779
0.242685
-0.651506
-0.15979
0.158905

0.718779
-0.242685
0.651506
-0.5289
0.276019

0.0290662
-0.512779
-0.858028
0.993283
3.93592e-06

0.181513
0.878301
0.442313
0.777572
0.00723318

-0.649102
-0.313461
-0.693115
0.992279
1.64812e-05

0.447131
-0.524252
-0.72473
-0.870601
0.306267

-0.447131
0.524252
0.72473
0.578697
0.0156406

-0.316021
0.867108
-0.385039
0.965931
2.72184e-05

0.00315523
-0.239644
-0.970856
-0.403608
0.191964

-0.00315523
0.239644
0.970856
0.156954
0.0694462

0.446731
0.333701
-0.830105
-2.15955
0.955171

-0.446731
-0.333701
0.830105
0.843972
0.00239196

0.876012
0
0.482289
0.901362
0.00379584

-0.876012
0
-0.482289
-16.9768
125.963

-0.911917
-0.410375
0
-0.0891962
0.178882

0.911917
0.410375
0
-1.02536
0.547414

-0.0609486
-0.728867
0.681937
0.900983
0.00110272

0.0609486
0.728867
-0.681937
-3.18352
1.9193

0.438189
0.0898851
0.894377
0.853724
0.00863442

-0.438189
-0.0898851
-0.894377
-16.6994
125.376

0.818778
0.0383792
-0.572826
-3.6077
4.91668

-0.818778
-0.0383792
0.572826
-0.26424
0.370157

0.767123
-0.477783
-0.428073
-3.82173
3.46462

-0.767123
0.477783
0.428073
0.740156
0.0100894

0.102458
0.400381
-0.910603
-8.48873
22.8529

-0.102458
-0.400381
0.910603
0.748541
0.0160804

-0.559588
0.201952
-0.803789
-21.9863
294.788

0.559588
-0.201952
0.803789
0.668999
0.0611591

0.0234921
0.814876
-0.579159
-2.40736
1.47451

-0.0234921
-0.814876
0.579159
0.621402
0.0182732

0.224711
-0.717246
0.659594
0.952524
9.42165e-05

-0.224711
0.717246
-0.659594
-0.453609
0.0854549

0.375618
-0.749759
-0.544768
0.396892
0.0188022

-0.375618
0.749759
0.544768
0.432362
0.0166561

-0.151953
-0.168134
-0.973982
-2.09699
0.944227

-0.114379
0.260932
0.958557
0.953819
0.000145524

-0.20873
0.428995
0.87886
0.751739
0.0115367

0.20873
-0.428995
-0.87886
-5.45724
7.72838

-0.355575
-0.854968
0.377619
0.679262
0.00588254

0.355575
0.854968
-0.377619
-0.117597
0.0713617

-0.823675
0.567062
0
-0.813819
0.41388

0.823675
-0.567062
0
-0.0871594
0.150071

-0.307185
-0.950437
0.0480338
0.948919
0.000209573

0.307185
0.950437
-0.0480338
-2.26915
0.858104

-0.195435
0.313351
-0.929309
-1.52505
0.732934

0.195435
-0.313351
0.929309
0.473748
0.0318906

-0.232156
-0.286408
-0.929556
-9.0799
23.3616

0.232156
0.286408
0.929556
0.909804
0.00191786

0.508879
0.688655
-0.516523
-0.101684
0.112009

-0.508879
-0.688655
0.516523
0.0112348
0.0902412

0.761842
-0.622948
0.177576
-0.482266
0.176699

-0.761842
0.622948
-0.177576
0.503175
0.0198528

0.708459
-0.134521
0.692813
-0.291539
0.25076

-0.708459
0.134521
-0.692813
-1.18268
0.716134

0.873834
0.486224
0
0.973517
0.000418387

0.320268
-0.762574
-0.562058
0.518894
0.019838

-0.320268
0.762574
0.562058
-0.676396
0.240813

0.168296
-0.916761
-0.362252
0.668998
0.00861362

-0.168296
0.916761
0.362252
-0.802124
0.255254

0.75865
-0.173551
-0.627957
-1.15882
0.440448

-0.75865
0.173551
0.627957
0.59891
0.0152824

-0.606247
-0.474071
0.638531
-0.293216
0.271069

0.606247
0.474071
-0.638531
-1.49463
1.00853

-0.909015
0.289405
0.299893
0.848561
0.00252263

0.619504
-0.499205
0.605813
0.625295
0.00233767

-0.619504
0.499205
-0.605813
0.933426
8.61003e-05

0.647693
0.48955
-0.58381
-34.6462
1005.47

-0.647693
-0.48955
0.58381
0.752456
0.0485022

-0.248609
0.661078
-0.707933
-0.258985
0.197167

-0.0520267
-0.501943
-0.863335
0.966656
5.89602e-05

-0.0873804
-0.352943
0.931555
0.769302
0.0049337

0.0873804
0.352943
-0.931555
-1.58566
0.605736

-0.638448
-0.562877
-0.524931
-9.36759
23.5473

0.638448
0.562877
0.524931
0.957242
0.000407709

0.158789
-0.882853
0.441992
0.508014
0.0124919

-0.158789
0.882853
-0.441992
0.314578
0.024238

0.358535
0.610968
-0.705812
-5.60404
7.81501

-0.358535
-0.610968
0.705812
0.810283
0.00650569

-0.489713
0.315935
-0.812629
-4.93346
5.8422

0.489713
-0.315935
0.812629
0.800571
0.0066048

-0.320902
0.751632
0.576256
0.955992
0.00010321

0.320902
-0.751632
-0.576256
-0.859332
0.168637

0.400812
-0.742207
-0.537102
-1.22221
0.541574

-0.400812
0.742207
0.537102
0.419484
0.0370346

-0.769299
-0.0701698
-0.635024
0.599585
0.0147705

0.769299
0.0701698
0.635024
-1.0619
0.389549

0.3201
0.0178491
0.947216
0.961598
0.000723636

-0.314427
-0.770039
0.555136
0.750956
0.00429957

0.314427
0.770039
-0.555136
-0.691395
0.19647

0.0653848
0.716805
0.694202
0.680276
0.00504244

-0.0653848
-0.716805
-0.694202
0.124747
0.037676

0.335502
-0.148039
0.930335
0.939449
0.000365682

-0.36329
0.758114
0.541557
0.60393
0.0085067

0.0257185
0.906675
0.421046
0.788326
0.00299173

-0.0257185
-0.906675
-0.421046
-0.734492
0.200009

0.87116
0.21203
0.442859
0.592026
0.0141125

-0.87116
-0.21203
-0.442859
-0.805081
0.275526

-0.141302
0.391976
0.909059
0.763644
0.008238

0.141302
-0.391976
-0.909059
-3.86837
3.48299

-0.392473
0.647732
-0.652999
0.159036
0.0313062

0.392473
-0.647732
0.652999
0.739463
0.00300772

0.0370119
0.999315
0
-0.245867
0.151078

-0.0370119
-0.999315
0
0.0461333
0.0890929

0.0063447
0.914542
0.404441
0.887181
0.000802438

-0.0063447
-0.914542
-0.404441
-1.01465
0.255035

-0.0816056
0.965114
0.248789
0.220013
0.0411039

-0.474313
0.325988
0.817777
0.96529
8.58509e-05

0.474313
-0.325988
-0.817777
-1.46579
0.362525

-0.57862
-0.137082
-0.803995
-1.56395
0.493114

0.57862
0.137082
0.803995
0.892336
0.000879708

-0.181981
-0.176217
0.967383
-15.2191
121.14

0.181981
0.176217
-0.967383
0.411554
0.159495

-0.0358155
0.675424
0.736559
-10.387
36.7068

0.0358155
-0.675424
-0.736559
0.80627
0.0106881

-0.539436
0.0997823
0.836094
0.861841
0.000907848

0.539436
-0.0997823
-0.836094
-0.261513
0.074592

0.847926
0.466786
-0.251261
-0.303844
0.11702

-0.847926
-0.466786
0.251261
0.59283
0.0114228

0.014853
-0.752588
-0.658324
-10.5851
36.9503

-0.014853
0.752588
0.658324
0.856974
0.00564121

0.956813
-0.104507
0.27127
0.752015
0.00161815

0.293625
0.0226962
0.955651
0.84832
0.001388

-0.293625
-0.0226962
-0.955651
-0.595466
0.145076

-0.168188
0.865476
-0.471874
-0.155161
0.0553216

0.168188
-0.865476
0.471874
0.888289
0.000531129

0.118306
0.622194
0.773872
0.936147
0.000190954

0.643933
0.634136
0.428044
0.975971
4.11582e-05

-0.643933
-0.634136
-0.428044
-1.95174
0.5807

0.949586
-0.249274
0.190131
0.946864
0.000262807

-0.949586
0.249274
-0.190131
-2.83911
1.36581

0.650996
0.391977
-0.650045
0.235455
0.0388307

-0.650996
-0.391977
0.650045
0.264576
0.0359361

0.33369
-0.660105
0.672987
-0.083982
0.0407881

-0.33369
0.660105
-0.672987
0.932251
0.000161287

0.0974313
-0.965543
0.241316
-0.124924
0.0652391

-0.0974313
0.965543
-0.241316
0.761153
0.00294271

0.470021
-0.731148
0.494473
0.102839
0.0610284

-0.0529292
0.745431
0.664479
0.729359
0.00522074

0.472195
0.481701
-0.738238
-0.60469
0.145548

-0.472195
-0.481701
0.738238
0.854794
0.00123585

0.702119
-0.682169
0.204143
0.471905
0.0333367

-0.830859
0.386168
0.400685
0.417385
0.0252571

0.830859
-0.386168
-0.400685
-0.158715
0.0997889

0.617682
-0.598926
0.509663
0.670845
0.00530428

-0.617682
0.598926
-0.509663
0.149825
0.0353333

0.16797
-0.71123
-0.682596
-5.00707
7.41892

-0.16797
0.71123
0.682596
0.509628
0.0495672

-0.569313
0.75486
0.325682
0.821126
0.00625591

0.569313
-0.75486
-0.325682
-6.42879
10.7854

0.855263
0.307668
-0.416972
-1.11788
0.364885

-0.855263
-0.307668
0.416972
0.739597
0.00554059

-0.474509
-0.875008
0.0959218
-0.0992374
0.0826145

-0.448356
0.368065
0.814558
0.78841
0.00186023

0.193674
0.187626
-0.962957
-9.65665
23.6612

-0.193674
-0.187626
0.962957
0.986681
3.88522e-05

0.674593
0.379242
-0.633324
-0.563019
0.173102

-0.674593
-0.379242
0.633324
0.678784
0.00737357

0.274227
0.174254
0.945746
0.940511
0.000420031

-0.828587
-0.55986
0
-1.16979
0.527418

0.828587
0.55986
0
0.349315
0.0560902

-0.249359
-0.856692
-0.451553
0.974048
0.000328886

0.249359
0.856692
0.451553
-23.9401
300.746

0.934628
0.355627
0
-2.37131
2.17185

-0.934628
-0.355627
0
-0.365245
0.381088

0.032222
0.213458
-0.976421
0.822407
0.000767677

-0.765806
-0.389543
0.511661
0.960082
0.000252654

0.743444
0.0116311
0.668697
0.740669
0.0115755

-0.407447
-0.676978
0.612934
0.985039
1.14705e-05

0.407447
0.676978
-0.612934
-0.56337
0.0880156

0.108831
0.390462
-0.914164
0.438901
0.0123085

-0.108831
-0.390462
0.914164
0.671882
0.00427881

-0.062068
0.556272
0.828679
0.744597
0.00220047

0.012771
0.407267
0.91322
0.852259
0.00102199

0.807687
0.483422
-0.337556
-0.258541
0.107397

-0.805076
-0.119046
0.581104
0.77878
0.0109186

0.805076
0.119046
-0.581104
-7.29925
15.3044

0.791194
0.537979
0.290843
0.991962
3.8459e-06

-0.269863
-0.321931
0.907488
-0.192457
0.0410823

0.834229
-0.33049
-0.441404
0.640227
0.00752084

-0.834229
0.33049
0.441404
-0.0611234
0.0651779

-0.263016
-0.954016
-0.14379
0.530287
0.0223025

0.263016
0.954016
0.14379
-1.20123
0.489621

0.351988
0.627878
-0.694171
0.872302
0.00120918

0.469906
0.33169
0.818028
0.792682
0.00170991

-0.469906
-0.33169
-0.818028
0.243329
0.021956

0.700434
0.713717
0
0.742672
0.0107819

-0.700434
-0.713717
0
-1.68016
0.670726

0.740216
-0.0688485
0.668835
0.764186
0.00155829

-0.49867
-0.694021
0.519292
-1.34409
0.324548

0.49867
0.694021
-0.519292
0.956548
0.000118562

-0.428642
0.295152
0.853904
-0.0742915
0.129745

0.428642
-0.295152
-0.853904
-0.492218
0.250319

-0.759741
0.0831898
0.644882
0.558994
0.0201181

0.759741
-0.0831898
-0.644882
-1.34176
0.564693

-0.550714
-0.159085
0.819393
0.83433
0.0026063

-0.206965
-0.0681149
-0.975974
-4.81448
5.78301

0.23749
-0.280406
-0.930038
0.956269
0.0001074

0.946875
0.243202
0.210428
-11.2593
37.5013

-0.946875
-0.243202
-0.210428
0.969352
0.000235213

0.0671292
-0.85697
-0.510976
-9.83982
35.9321

-0.0671292
0.85697
0.510976
0.618912
0.0444696

0.323972
0.313602
-0.892578
0.820413
0.00220791

-0.514643
-0.588333
0.623704
0.642496
0.0039703

0.26698
-0.420093
0.86732
0.702251
0.00328583

-0.26698
0.420093
-0.86732
0.433175
0.0119033

0.943535
0.331272
0
-0.574057
0.207602

-0.943535
-0.331272
0
0.552269
0.0253249

0.471085
0.274441
0.838308
0.916582
0.000478024

-0.471085
-0.274441
-0.838308
-1.23176
0.317415

-0.931089
-0.320817
0.173635
0.13881
0.0452527

0.931089
0.320817
-0.173635
0.457551
0.0179579

0.590751
0.806854
0
0.806496
0.00339222

-0.590751
-0.806854
0
-1.64287
0.61408

0.872765
-0.324476
0.364687
-0.619447
0.128912

-0.872765
0.324476
-0.364687
0.91957
0.000324206

0.218967
-0.443129
-0.869305
0.572777
0.0121733

-0.218967
0.443129
0.869305
-0.175186
0.0911587

0.71835
-0.275521
-0.638797
0.322514
0.0605239

-0.71835
0.275521
0.638797
-1.70997
0.966365

0.544351
0.169507
0.821553
0.673086
0.0140067

-0.544351
-0.169507
-0.821553
-2.72379
1.80135

0.645172
0.310613
0.698049
0.999448
2.69836e-07

-0.199267
0.363325
-0.910103
-16.5123
124.969

0.199267
-0.363325
0.910103
0.815781
0.0139212

-0.439073
0.378701
-0.814739
-0.136768
0.0499983

0.439073
-0.378701
0.814739
0.909654
0.000324266

0.783278
0.520763
-0.339531
-0.831998
0.193192

-0.783278
-0.520763
0.339531
0.894521
0.000754252

-0.228137
0.619405
-0.751193
-10.229
36.5024

0.228137
-0.619405
0.751193
0.75952
0.0168229

-0.854705
-0.124395
0.503989
-0.221207
0.0940107

0.854705
0.124395
-0.503989
0.640546
0.00815775

-0.0516838
0.771634
-0.633964
0.805981
0.00164126

0.0516838
-0.771634
0.633964
0.0296465
0.041015

-0.0566091
0.966908
0.248765
0.298175
0.0180307

0.0566091
-0.966908
-0.248765
0.78773
0.00165125

-0.567794
0.46212
-0.681216
-0.486661
0.216595

0.567794
-0.46212
0.681216
0.204048
0.0621918

0.743879
-0.0943959
0.661615
0.61789
0.0113566

-0.743879
0.0943959
-0.661615
-0.625454
0.204087

0.124645
0.696956
-0.706198
0.23365
0.0544905

-0.124645
-0.696956
0.706198
-0.38377
0.177321

0.150024
-0.540708
-0.827724
-4.33281
4.45197

-0.150024
0.540708
0.827724
0.771723
0.00824935

-0.40894
-0.571806
0.7112
0.937192
0.000210431

0.40894
0.571806
-0.7112
-0.705202
0.141292

0.0645797
-0.829448
0.554838
0.352945
0.0281545

0.520291
-0.821439
0.233529
0.408569
0.0216203

-0.33084
0.816451
-0.473236
0.582335
0.00856791

0.33084
-0.816451
0.473236
0.28163
0.0253384

0.0365316
0.297205
-0.954115
-6.89891
14.9238

-0.0365316
-0.297205
0.954115
0.609931
0.0366007

0.705427
0.458261
0.540713
0.535897
0.00759913

-0.705427
-0.458261
-0.540713
0.665429
0.00396594

0.404795
-0.380775
0.831355
0.0171125
0.094062

-0.404795
0.380775
-0.831355
-0.145564
0.126473

-0.881794
-0.0830345
-0.464267
0.864717
0.000854329

0.881794
0.0830345
0.464267
-0.205245
0.0655819

-0.936836
-0.349769
0
0.532767
0.0212297

0.936836
0.349769
0
-0.686718
0.24401

0.362267
0.932074
0
-0.741187
0.312089

-0.362267
-0.932074
0
0.280434
0.0542862

-0.611834
0.724701
0.316965
0.273869
0.0470267

0.611834
-0.724701
-0.316965
-0.350241
0.162535

-0.0691128
-0.781119
-0.620545
0.975254
6.21576e-05

-0.628427
-0.777868
0
0.788963
0.00266926

-0.420836
-0.431141
0.798132
0.990436
6.96332e-06

0.420836
0.431141
-0.798132
-2.67421
1.01237

-0.869824
0.493363
0
0.192223
0.0442858

0.869824
-0.493363
0
0.431783
0.0236654

-0.0677361
0.472645
0.878646
0.84194
0.00171084

0.0677361
-0.472645
-0.878646
-1.01071
0.275623

0.765264
0.31005
-0.564128
-1.67476
0.765706

-0.765264
-0.31005
0.564128
0.623862
0.0151461

-0.274939
-0.53733
0.797298
0.941074
0.000234311

0.274939
0.53733
-0.797298
-1.29546
0.321644

-0.357814
0.933793
0
0.0404295
0.0500602

0.357814
-0.933793
0
0.643229
0.00696879

0.245595
-0.269546
-0.931144
-0.952309
0.214997

-0.245595
0.269546
0.931144
0.922845
0.000338242

0.145692
0.908002
0.392819
0.247433
0.021709

0.168308
0.644029
0.746257
0.797359
0.00163225

-0.168308
-0.644029
-0.746257
0.225861
0.0230769

-0.872331
0.348004
0.343411
-1.32821
0.56223

0.872331
-0.348004
-0.343411
0.544519
0.0215449

0.230351
-0.310662
0.922186
0.798081
0.01169

-0.230351
0.310662
-0.922186
-10.3579
36.6606

-0.769485
0.608489
-0.193995
0.525591
0.0142479

0.769485
-0.608489
0.193995
-0.0205083
0.0659022

0.788286
0.615309
0
0.156954
0.0803617

-0.788286
-0.615309
0
-0.403608
0.201333

0.354733
0.454103
0.817285
0.866532
0.00488841

-0.354733
-0.454103
-0.817285
-10.6266
36.9926

-0.841315
0.200813
-0.50186
-8.62915
23.002

0.841315
-0.200813
0.50186
0.795213
0.0104072

0.261865
-0.0339265
-0.964508
0.951352
0.000284149

-0.261865
0.0339265
0.964508
-3.67216
2.36788

0.253332
0.195204
0.94748
0.924896
0.000884078

-0.253332
-0.195204
-0.94748
-5.33167
5.99354

0.327057
0.861888
0.387534
0.499112
0.00405154

-0.0745718
0.193212
0.978319
0.78662
0.00380344

0.0745718
-0.193212
-0.978319
-1.37714
0.471771

0.106606
0.49749
0.860895
0.540864
0.0101933

0.202296
-0.438928
0.875454
0.990971
1.36261e-05

-0.0407661
0.36444
-0.930334
0.629568
0.0269722

0.0407661
-0.36444
0.930334
-5.20703
7.57067

0.473555
0.880764
0
0.100324
0.0909541

-0.473555
-0.880764
0
-0.724826
0.334266

-0.396225
-0.918154
0
-1.39056
0.698714

0.396225
0.918154
0
0.306877
0.0611569

0.712202
-0.408686
0.57074
0.800757
0.00365135

-0.712202
0.408686
-0.57074
-1.768
0.702945

0.438485
-0.217207
-0.872097
0.947362
0.00015107

-0.438485
0.217207
0.872097
-0.951114
0.199367

-0.371657
-0.609749
0.700056
0.671381
0.0067943

0.371657
0.609749
-0.700056
-0.281822
0.103251

-0.70809
-0.0949332
-0.699711
-10.8692
37.2126

0.70809
0.0949332
0.699711
0.915236
0.00192308

-0.753309
0.105224
-0.649195
-0.331804
0.0831955

0.753309
-0.105224
0.649195
0.88899
0.001004

-0.755767
0.159569
0.635102
0.716449
0.00470783

0.755767
-0.159569
-0.635102
-0.244791
0.0906141

-0.584735
-0.359369
0.727282
0.715268
0.0344529

0.584735
0.359369
-0.727282
-16.1018
123.963

-0.90016
-0.43556
0
0.717713
0.0156217

0.90016
0.43556
0
-3.07622
2.13684

-0.855866
-0.141871
0.497358
0.73154
0.0108306

0.855866
0.141871
-0.497358
-3.80527
3.45768

-0.628087
0.132239
0.766825
0.932928
0.0033474

0.628087
-0.132239
-0.766825
-36.0406
1013.53

0.540455
0.221397
0.811722
-3.05731
3.07524

-0.540455
-0.221397
-0.811722
0.125403
0.143173

-0.260852
0.369844
0.891724
0.829771
0.00225941

0.260852
-0.369844
-0.891724
-1.24265
0.37885

-0.182493
-0.512855
-0.838854
-0.283158
0.0681716

0.182493
0.512855
0.838854
0.917237
0.000287313

-0.381621
0.0941353
-0.919513
0.732506
0.00304036

0.381621
-0.0941353
0.919513
0.228382
0.0252687

-0.167542
-0.374284
-0.912053
0.560916
0.00275045

0.167542
0.374284
0.912053
0.971132
1.24386e-05

0.828492
-0.171448
0.53311
0.877623
0.0028329

-0.828492
0.171448
-0.53311
-6.61611
10.8911

-0.647507
-0.381289
-0.659813
-0.376006
0.215531

0.647507
0.381289
0.659813
-0.204179
0.165104

0.785518
0.234759
0.572582
0.337455
0.0133434

-0.785518
-0.234759
-0.572582
0.861542
0.000604728

-0.941486
-0.337053
0
0.492646
0.014973

0.941486
0.337053
0
0.433006
0.0182119

0.251827
0.0423619
-0.966845
0.808115
0.00130343

-0.392541
-0.384215
-0.835638
-3.16172
2.64951

0.392541
0.384215
0.835638
0.558845
0.0299404

0.0447777
-0.0440382
0.998026
-0.625454
0.204192

-0.768478
-0.326653
-0.550217
-0.0962647
0.0812578

0.768478
0.326653
0.550217
0.496926
0.0171245

-0.438659
0.20082
0.875928
0.0188785
0.0555412

0.438659
-0.20082
-0.875928
0.598134
0.00931995

-0.448447
0.776993
0.441787
-0.540278
0.300017

0.448447
-0.776993
-0.441787
-0.32809
0.223072

0.393273
-0.706391
0.588514
0.643499
0.00325514

-0.190785
-0.0871181
0.977758
0.985393
4.01265e-05

0.190785
0.0871181
-0.977758
-6.39472
8.09619

0.339746
0.908835
0.242057
0.741075
0.00938709

-0.339746
-0.908835
-0.242057
-3.444
2.76264

-0.0154145
0.0399971
-0.999081
0.594244
0.00831059

0.534894
0.81804
-0.211422
0.507588
0.0152683

-0.951565
-0.116447
-0.284541
-2.52627
1.14522

0.951565
0.116447
0.284541
0.917712
0.000688265

0.775296
0.631598
0
0.831703
0.00351382

0.0512197
0.349535
-0.935522
-1.38078
0.472

-0.0512197
-0.349535
0.935522
0.789117
0.00380631

-0.278817
-0.0841258
-0.956653
0.746552
0.0111301

0.727386
-0.681305
-0.0820533
-0.152475
0.165035

-0.592298
0.612412
0.523579
-0.927743
0.477791

0.592298
-0.612412
-0.523579
-0.061152
0.144796

0.0684836
-0.28646
0.955642
0.908937
0.000537951

0.348272
0.318759
0.881533
0.917263
0.000315093

-0.270135
-0.271573
0.923729
0.934142
0.000363878

-0.794122
-0.15404
-0.587913
-0.72574
0.246703

0.794122
0.15404
0.587913
0.582596
0.0144994

-0.555991
-0.591702
-0.583749
-3.71513
3.41936

0.555991
0.591702
0.583749
0.681258
0.0156877

-0.743956
-0.434028
-0.508083
-0.597786
0.188107

0.743956
0.434028
0.508083
0.654833
0.00882139

0.314286
-0.284136
0.90581
0.876267
0.000560623

0.0264858
-0.688403
-0.724845
-2.04871
1.05652

-0.0264858
0.688403
0.724845
0.661256
0.0130472

-0.561617
0.405983
-0.720946
-0.281487
0.0836242

0.561617
-0.405983
0.720946
0.824804
0.00161113

0.893513
0.183605
0.409785
0.59217
0.00863895

-0.893513
-0.183605
-0.409785
0.194118
0.0336804

0.868593
0.495526
0
-0.243344
0.166651

-0.868593
-0.495526
0
-0.101376
0.13258

-0.215668
0.773943
-0.595398
0.923536
0.000214161

0.215668
-0.773943
0.595398
-0.00940907
0.0346476

-0.815682
0.391965
-0.425471
-14.0177
115.964

0.815682
-0.391965
0.425471
-0.225932
0.772892

0.483091
-0.503787
-0.716115
-2.62035
1.76833

-0.483091
0.503787
0.716115
0.597741
0.0219432

-0.878145
0.390042
-0.277
0.836938
0.00119116

0.877782
0.384815
0.285334
0.818595
0.00124868

-0.0466832
-0.775357
-0.629795
-0.867193
0.358962

0.0466832
0.775357
0.629795
0.348026
0.0438685

0.695381
0.335356
0.635595
0.660434
0.00937546

-0.695381
-0.335356
-0.635595
-0.86701
0.282905

0.557842
0.108641
-0.822806
-0.775259
0.218253

-0.557842
-0.108641
0.822806
0.770501
0.00373041

0.702023
0.134813
-0.699278
-0.116253
0.0987282

-0.702023
-0.134813
0.699278
0.331097
0.0367541

0.50973
0.637321
-0.577925
-7.19698
15.2173

-0.50973
-0.637321
0.577925
0.740934
0.0152515

0.388248
-0.0495203
0.920224
-0.659094
0.349229

-0.388248
0.0495203
-0.920224
-0.232979
0.192918

-0.749075
0.282948
0.599022
0.0387551
0.0717356

-0.255819
0.299615
0.919123
0.916886
0.00266958

-0.462832
-0.819565
0.337787
0.765958
0.00382106

0.462832
0.819565
-0.337787
-0.769939
0.217719

-0.981101
-0.145151
0.127957
0.726951
0.00432418

0.981101
0.145151
-0.127957
-0.253793
0.0911296

-0.919316
0.146779
-0.365123
0.855853
0.00197821

-0.379995
0.517585
0.766622
-0.794047
0.535731

0.379995
-0.517585
-0.766622
-0.977929
0.651106

-1
0
0
-1.34495
0.386426

1
0
0
0.886645
0.00157698

-0.253663
0.0736222
0.964487
0.811017
0.00213547

0.253663
-0.0736222
-0.964487
-0.500035
0.130735

0.756488
-0.0287282
0.653377
0.625746
0.00783015

-0.756488
0.0287282
-0.653377
0.0271913
0.0528027

-0.674453
-0.394705
-0.623956
-0.0194629
0.0575563

-0.524472
-0.592407
-0.611541
-4.0319
4.3076

0.524472
0.592407
0.611541
0.608117
0.0262095

0.774451
-0.139532
-0.617055
0.0784837
0.0444746

-0.774451
0.139532
0.617055
0.655118
0.00627973

-0.702582
0.633852
0.323435
0.623861
0.0239342

0.702582
-0.633852
-0.323435
-4.05697
4.32214

0.900493
-0.0835405
-0.426771
-0.673058
0.258537

-0.900493
0.0835405
0.426771
0.413979
0.0317243

0.300208
-0.160893
-0.940207
-13.0425
64.0206

-0.300208
0.160893
0.940207
0.859575
0.00647734

0.0562857
0.86204
-0.503705
0.998369
1.99311e-07

-0.572159
0.523473
0.631356
0.637655
0.00633417

-0.160472
-0.410358
0.897694
0.898515
0.000771761

0.3504
-0.719315
0.599839
-0.346853
0.0599268

0.535735
-0.398447
-0.744465
0.830863
0.00202555

-0.535735
0.398447
0.744465
-0.993757
0.274155

0.0195184
-0.396163
0.917973
0.958476
0.00127408

-0.0195184
0.396163
-0.917973
-36.3711
1014.66

-0.790522
0.0509492
-0.610311
0.043896
0.104725

0.790522
-0.0509492
0.610311
-0.696822
0.329316

-0.483426
-0.452034
0.749643
0.824469
0.0125681

0.338926
0.534803
0.774025
0.828085
0.00134508

-0.338926
-0.534803
-0.774025
-0.0829147
0.0528448

-0.356716
0.673606
-0.647309
-0.842137
0.208113

0.356716
-0.673606
0.647309
0.865219
0.00114613

-0.5837
0.797226
0.154031
0.779218
0.00260047

-0.062075
-0.345104
0.936509
0.945991
0.000365294

-0.497886
0.800638
0.333298
0.476278
0.0075165

0.372235
0.867355
0.330358
-0.661485
0.322777

-0.372235
-0.867355
-0.330358
-0.0313704
0.124403

0.0442659
-0.561238
0.82647
0.928427
0.000834599

-0.0442659
0.561238
-0.82647
-6.0148
8.00569

0.341526
-0.477819
0.809351
0.893993
0.00265988

0.485101
-0.765492
-0.422728
-1.48967
0.330813

-0.485101
0.765492
0.422728
0.987901
9.13057e-06

-0.0805851
-0.305152
-0.948888
-1.21015
0.290017

0.0805851
0.305152
0.948888
0.939949
0.000246321

-0.949655
0.150641
0.274704
-0.31789
0.0657708

0.949655
-0.150641
-0.274704
0.949372
9.93144e-05

-0.36057
0.592985
0.71997
0.618821
0.00246956

0.879567
-0.175507
0.442221
0.937431
0.000216735

-0.879567
0.175507
-0.442221
-0.987754
0.216909

0.431629
-0.310654
-0.846871
-12.7677
63.6033

-0.431629
0.310654
0.846871
0.795244
0.0141565

-0.526982
-0.0849838
-0.845617
-1.05957
0.424307

0.526982
0.0849838
0.845617
0.485108
0.0265614

0.263646
-0.174789
0.948651
0.878966
0.00156738

0.382109
-0.776808
-0.500561
0.975429
3.86937e-05

-0.0146469
-0.240996
-0.970415
-1.20525
0.538184

0.0146469
0.240996
0.970415
0.39743
0.0401975

0.744232
-0.248472
-0.619984
0.537579
0.00786433

-0.744232
0.248472
0.619984
0.627136
0.0051142

0.751296
0.0596465
-0.657265
0.471193
0.0128194

0.95448
-0.298276
0
-0.661335
0.154908

0.171858
0.960236
-0.220028
0.578571
0.00980756

0.220917
-0.048947
-0.974063
-24.2648
301.143

-0.220917
0.048947
0.974063
0.990892
3.93526e-05

-0.335968
-0.758185
0.558822
0.887085
0.00965689

0.335968
0.758185
-0.558822
-35.5843
1011.47

0.0571117
-0.923306
-0.379795
-0.100374
0.0902571

-0.0571117
0.923306
0.379795
0.373231
0.0293068

-0.0241016
0.660172
0.750728
0.116868
0.166404

0.0241016
-0.660172
-0.750728
-3.93386
5.19295

0.909705
0.0561159
0.411445
-0.606442
0.249437

-0.909705
-0.0561159
-0.411445
0.304793
0.0467562

-0.0264988
0.644525
0.764124
0.339984
0.0258402

-0.133386
-0.942068
0.307759
0.749537
0.0107338

-0.652591
0.499514
-0.569746
-0.0294039
0.0990437

0.652591
-0.499514
0.569746
-0.0873849
0.110512

0.410912
-0.561322
0.718379
0.699295
0.0101363

-0.410912
0.561322
-0.718379
-2.09952
1.06781

0.243666
-0.703971
0.667122
0.935415
0.000266969

-0.243666
0.703971
-0.667122
-1.19771
0.289338

-0.389483
0.288853
0.874567
-0.373046
0.288594

0.389483
-0.288853
-0.874567
-1.14537
0.704556

-0.0896759
0.637964
0.764827
0.927212
0.000733302

0.878707
-0.0393435
0.475738
0.797005
0.00267787

-0.878707
0.0393435
-0.475738
-0.686481
0.183125

-0.167228
-0.547355
0.820023
0.789573
0.00319564

-0.66919
-0.478253
-0.568735
0.962249
9.19481e-05

0.66919
0.478253
0.568735
-1.654
0.452986

0.403051
0.0713173
-0.912394
0.87682
0.000290523

0.349103
0.513258
0.784024
0.632219
0.0483358

-0.349103
-0.513258
-0.784024
-12.2401
62.6233

0.771687
-0.636002
0
-1.31041
0.933099

-0.771687
0.636002
0
-0.697442
0.509757

0.258036
-0.398114
0.880297
0.856595
0.00498583

-0.216288
0.799338
0.560605
-2.27782
2.5483

0.216288
-0.799338
-0.560605
-1.16389
1.11072

0.189391
-0.196731
-0.961992
-0.100498
0.0586432

-0.231586
-0.971484
-0.0508661
-23.2874
299.484

0.231586
0.971484
0.0508661
0.912566
0.00388141

0.659859
0.203536
-0.723297
-2.23277
1.24642

-0.659859
-0.203536
0.723297
0.653746
0.0143029

-0.173216
0
0.984884
0.959805
0.0011964

-0.185008
0.69594
-0.693858
-0.954299
0.373132

0.185008
-0.69594
0.693858
0.471559
0.0273955

0.620498
0.133484
-0.772764
-0.769597
0.23399

-0.620498
-0.133484
0.772764
0.705577
0.00656706

0.366398
0.85096
-0.376323
0.775637
0.0170664

-0.0226681
0.620231
0.784092
0.57433
0.0173829

0.0226681
-0.620231
-0.784092
-1.13585
0.436832

0.295021
0.931317
-0.213568
0.435247
0.0243988

-0.295021
-0.931317
0.213568
-0.247903
0.119123

0.46835
0.0285896
0.88308
-0.55599
0.125927

-0.46835
-0.0285896
-0.88308
0.884265
0.000698729

-0.804048
0.529762
-0.269923
0.721973
0.0069083

0.0567203
0.152864
0.986618
0.789133
0.00568925

-0.0567203
-0.152864
-0.986618
-3.20704
2.26426

0.743942
-0.494226
0.449767
-0.101375
0.125459

-0.413206
-0.0145579
0.910521
0.759075
0.0146639

0.413206
0.0145579
-0.910521
-8.51901
22.8896

-0.861768
0.428883
0.270952
-1.68173
1.07632

0.861768
-0.428883
-0.270952
0.0345757
0.139519

-0.388601
0.654505
0.648547
0.543445
0.0653387

0.388601
-0.654505
-0.648547
-9.6656
35.6425

-0.602463
0.221552
-0.766781
0.812292
0.00581815

-0.0167596
-0.39707
-0.917635
-5.38819
6.01822

0.0167596
0.39707
0.917635
0.937264
0.00058082

-0.376514
0.558209
-0.739351
0.476059
0.0305441

0.376514
-0.558209
0.739351
-1.3913
0.6334

0.403732
0.243714
-0.881819
0.948243
0.000284908

-0.496973
-0.232192
-0.836125
-1.50864
0.487134

0.496973
0.232192
0.836125
0.865578
0.00145314

0.547208
0.758899
-0.353038
0.68192
0.00380589

-0.547208
-0.758899
0.353038
0.452058
0.0112639

0.38643
0.764607
0.515799
0.649691
0.0061889

0.638625
0.204992
-0.741712
-2.76913
1.81545

-0.638625
-0.204992
0.741712
0.70302
0.0113631

-0.587964
0.575774
0.56814
0.582556
0.00350871

0.587964
-0.575774
-0.56814
0.898926
0.000209485

0.119446
0.98418
-0.130852
-0.0197542
0.0690068

-0.119446
-0.98418
0.130852
0.469433
0.0186829

0.479476
-0.844574
-0.238323
-0.438358
0.126651

-0.479476
0.844574
0.238323
0.754608
0.00368813

-0.167352
-0.412972
0.895236
0.839097
0.00303468

0.167352
0.412972
-0.895236
-3.02261
1.88485

0.26374
-0.118983
-0.957227
0.580566
0.0151567

-0.26374
0.118983
0.957227
-0.795439
0.274423

0.251385
0.413703
0.875017
-0.558858
0.24296

-0.251385
-0.413703
-0.875017
0.217604
0.0615268

0.608521
0.429061
-0.66754
0.916886
0.00268674

-0.471274
-0.426557
-0.771978
-4.30036
4.44122

0.471274
0.426557
0.771978
0.756617
0.00936761

-0.220396
0.558542
-0.79966
-0.51103
0.139668

0.220396
-0.558542
0.79966
0.780147
0.00303034

0.339631
0.831367
0.439865
0.100834
0.114139

-0.339631
-0.831367
-0.439865
-1.55056
0.918322

0.136818
0.321206
-0.937074
-1.20336
0.895393

-0.136818
-0.321206
0.937074
-0.977543
0.72129

0.529616
0.536661
0.656888
0.856768
0.000491591

0.340618
0.930814
-0.132531
-1.97567
0.820648

0.229484
0.911204
0.342118
0.721223
0.00217294

-0.368226
0.607857
0.703505
0.597741
0.0218531

0.368226
-0.607857
-0.703505
-2.62035
1.76915

0.381839
-0.830577
-0.405389
-0.527443
0.238152

-0.381839
0.830577
0.405389
0.155439
0.0728186

0.421531
0.491336
-0.762169
-1.9131
0.810507

-0.421531
-0.491336
0.762169
0.799268
0.00385103

0.896289
-0.239054
0.373523
0.783399
0.00640807

-0.896289
0.239054
-0.373523
-3.52652
2.79087

0.498759
-0.352467
0.791838
0.233663
0.0692242

-0.498759
0.352467
-0.791838
-1.09187
0.514419

-0.480474
-0.189474
0.856297
0.881546
0.000364988

-0.734764
0.501323
-0.456943
-0.0726869
0.239802

0.734764
-0.501323
0.456943
-3.29077
3.83668

-0.393916
0.381656
-0.836163
-1.45187
0.992253

0.393916
-0.381656
0.836163
-0.379169
0.314211

-0.740563
0.257343
0.620758
0.787049
0.00421842

-0.138155
-0.434462
0.890031
0.850293
0.00392726

0.138155
0.434462
-0.890031
-5.72034
7.87811

0.708232
0.447973
0.545644
0.102369
0.0959159

-0.708232
-0.447973
-0.545644
-0.909022
0.433434

-0.65048
-0.0946716
0.7536
0.773953
0.0021233

-0.841113
-0.363308
-0.400671
-0.500921
0.17864

0.841113
0.363308
0.400671
0.53045
0.0175151

0.22862
0.315647
-0.920924
0.910087
0.000114428

-0.809353
-0.205475
0.550207
-0.190442
0.127904

0.809353
0.205475
-0.550207
0.132481
0.0679679

-0.179798
-0.239705
0.954051
0.957991
8.25262e-05

0.179798
0.239705
-0.954051
-0.760513
0.143335

-0.616723
0.683958
-0.389684
-1.89625
0.905803

0.616723
-0.683958
0.389684
0.678192
0.0111895

0.206242
-0.689273
0.694526
0.564857
0.0106917

-0.175706
0.237251
0.955426
-33.7551
997.749

0.175706
-0.237251
-0.955426
0.570922
0.152076

-0.735067
-0.465802
0.492651
0.917033
0.0003444

0.735067
0.465802
-0.492651
-0.569939
0.119133

-0.30125
0.216647
0.928608
0.702947
0.0102389

0.30125
-0.216647
-0.928608
-2.30059
1.2637

-0.00624769
-0.0237409
-0.999699
0.99345
1.41907e-05

0.632013
-0.774958
0
0.693814
0.137868

-0.632013
0.774958
0
0.659818
0.150491

-0.871847
0.392496
0.292968
-0.026052
0.104246

0.871847
-0.392496
-0.292968
-0.221088
0.147632

0.703214
0.176692
-0.688672
0.351868
0.0253737

-0.578365
-0.815778
0
-2.75442
6.08467

0.578365
0.815778
0
-5.20629
16.6269

-0.175687
-0.161047
0.971184
0.555871
0.0399107

0.175687
0.161047
-0.971184
-5.0801
7.47807

0.0771255
0.940702
0.330352
0.815804
0.00198933

-0.0771255
-0.940702
-0.330352
-0.341759
0.0964196

-0.281461
-0.821483
-0.495928
0.788979
0.00183267

0.281461
0.821483
0.495928
0.155915
0.0292274

-0.789316
0.537651
-0.296498
-0.723091
0.151717

0.789316
-0.537651
0.296498
0.922975
0.000307132

-0.261913
0.841841
0.471917
0.610258
0.0147753

0.261913
-0.841841
-0.471917
-1.27619
0.502461

0.525878
-0.212859
0.823494
0.703049
0.00497046

-0.203176
0.90227
0.380301
0.462209
0.0249012

0.203176
-0.90227
-0.380301
-0.571959
0.212485

-0.537114
0.502276
0.677663
-2.48676
0.998795

0.959922
0.280266
0
0.54686
0.0224553

-0.959922
-0.280266
0
-0.458598
0.171

-0.405124
0.0535076
0.912695
0.896562
0.00291902

0.252509
0.526036
0.812112
0.503175
0.0198552

-0.290448
0.177196
-0.940341
-2.27702
1.43445

0.290448
-0.177196
0.940341
0.510813
0.0320214

-0.0442179
-0.41364
0.909366
0.861849
0.00187837

-0.89573
-0.444599
0
0.39399
0.0215843

0.89573
0.444599
0
0.280945
0.0303421

-0.232192
0.0972614
-0.967795
-0.261214
0.053076

0.232192
-0.0972614
0.967795
0.969533
4.80295e-05

0.815936
0.578143
0
0.856974
0.0083241

-0.815936
-0.578143
0
-10.5851
35.8286

0.607384
0.794409
0
-1.12393
0.434459

-0.607384
-0.794409
0
0.561171
0.0197942

-0.72212
-0.523131
0.452633
0.258869
0.0739275

0.72212
0.523131
-0.452633
-1.66069
0.951943

0.326158
0.230351
-0.91682
-2.62496
1.33283

-0.326158
-0.230351
0.91682
0.877709
0.00153212

-0.953121
-0.0302577
0.301072
0.929273
0.00130974

-0.159418
-0.428507
0.889363
0.834145
0.000382925

0.159418
0.428507
-0.889363
0.850816
0.000309877

-0.278506
-0.848891
0.449241
-0.13474
0.059937

0.278506
0.848891
-0.449241
0.828257
0.00140486

0.0378375
0.207734
0.977453
0.505922
0.0245855

-0.0378375
-0.207734
-0.977453
-0.666939
0.242299

0.178605
0.942192
-0.283506
0.194461
0.0349397

-0.178605
-0.942192
0.283506
0.555011
0.0106719

0.723344
-0.458183
0.516568
-5.87465
7.94822

-0.723344
0.458183
-0.516568
0.895219
0.00186329

0.687516
-0.319263
0.652222
0.861049
0.00132222

-0.687516
0.319263
-0.652222
-1.04182
0.278218

0.140315
-0.522279
0.841152
0.887085
0.000529273

-0.140315
0.522279
-0.841152
-0.0162325
0.0393473

-0.110028
0.875582
-0.470372
-0.493513
0.251353

0.110028
-0.875582
0.470372
-0.0711672
0.12996

-0.422219
-0.435467
-0.795047
-2.57271
2.02791

0.422219
0.435467
0.795047
0.304615
0.076879

-0.449846
-0.444277
-0.774762
-0.795607
0.236535

0.449846
0.444277
0.774762
0.730377
0.00541743

0.715088
0.248572
0.653346
0.706964
0.00413277

-0.715088
-0.248572
-0.653346
0.107231
0.0383069

-0.71522
-0.117509
0.68895
0.993829
2.98131e-06

0.71522
0.117509
-0.68895
-0.48061
0.068779

0.187174
-0.544413
-0.817668
-0.287229
0.715915

-0.187174
0.544413
0.817668
-10.5851
57.9511

-0.751159
0.660121
0
0.742554
0.0096612

0.384407
0.666061
-0.639214
0.905712
0.000298085

-0.384407
-0.666061
0.639214
0.175482
0.0211965

-0.381566
-0.363077
0.850049
0.841774
0.00163424

0.967718
-0.252034
0
0.919785
0.000310644

-0.967718
0.252034
0
-0.418049
0.0892802

0.375484
0.8849
-0.275617
-1.45576
1.11752

-0.375484
-0.8849
0.275617
-0.774282
0.583373

-0.316206
0.347055
0.882931
-0.398314
0.093766

0.316206
-0.347055
-0.882931
0.88682
0.000702196

-0.291352
-0.339983
-0.894162
-4.96326
5.85075

0.291352
0.339983
0.894162
0.812291
0.00588619

-0.489383
-0.263964
0.83116
0.843243
0.000544298

-0.234787
0.656444
-0.716907
0.880462
0.000767035

-0.105018
-0.655196
0.748124
0.229717
0.0966309

0.105018
0.655196
-0.748124
-2.50564
1.99721

0.741312
0.356991
0.568343
0.579337
0.0118849

-0.170995
-0.971182
-0.166033
0.418468
0.0260862

0.170995
0.971182
0.166033
-0.238678
0.11833

-0.647962
-0.0615321
0.759183
0.689929
0.0157784

0.647962
0.0615321
-0.759183
-4.17002
4.37942

0.289518
-0.0132804
-0.957081
-17.5283
126.643

-0.289518
0.0132804
0.957081
0.967152
0.000416438

-0.728649
0.4237
0.538096
0.602025
0.00777105

0.728649
-0.4237
-0.538096
0.256671
0.0270814

0.727735
-0.679986
0.0895599
0.852799
0.00189724

-0.727735
0.679986
-0.0895599
-1.86161
0.716742

-0.909261
-0.191078
0.369777
-1.70997
0.966597

0.909261
0.191078
-0.369777
0.322514
0.0604161

-0.607201
-0.312095
0.730687
0.553592
0.00806184

0.607201
0.312095
-0.730687
0.543027
0.00844442

-0.944363
0.284854
-0.16443
-0.594387
0.287264

0.944363
-0.284854
0.16443
-0.00545549
0.114247

0.693421
0.292795
0.658361
0.504136
0.0168573

-0.693421
-0.292795
-0.658361
-0.13391
0.0881066

0.19583
-0.427873
-0.882369
-2.31001
1.90464

-0.19583
0.427873
0.882369
-0.0216155
0.181775

-0.985279
-0.0921265
0.144009
0.845687
0.00310073

0.985279
0.0921265
-0.144009
-3.66797
2.83561

-0.557779
0.827475
0.0645588
0.884736
0.000710161

0.557779
-0.827475
-0.0645588
-0.602661
0.136437

0.00824288
0.794063
-0.607779
-0.454338
0.13559

-0.00824288
-0.794063
0.607779
0.724432
0.00488069

0.696192
0.407057
0.591288
0.695987
0.00330296

-0.696192
-0.407057
-0.591288
0.478662
0.00970419

-0.51722
-0.547994
0.657409
0.0624906
0.0450626

0.221608
-0.420094
-0.880006
-0.691395
0.196545

-0.221608
0.420094
0.880006
0.750956
0.00436184

0.424076
-0.0284606
0.905179
0.961409
0.000730357

-0.424076
0.0284606
-0.905179
-23.767
300.503

0.00119864
0.720798
0.693144
0.730483
0.00444868

-0.144627
-0.91962
0.365216
0.998573
2.16721e-07

-0.70534
-0.593437
-0.387722
0.18532
0.0353283

0.70534
0.593437
0.387722
0.573337
0.00970857

0.282108
0.883392
0.374212
0.90764
0.000354934

-0.282108
-0.883392
-0.374212
-0.21033
0.0596952

0.897513
0.323631
0.299554
-1.02985
0.457728

-0.897513
-0.323631
-0.299554
0.304459
0.0537683

0.398229
-0.760435
0.512984
0.508996
0.0178188

-0.398229
0.760435
-0.512984
-0.291177
0.122881

-0.285819
-0.233511
0.929398
0.888605
0.000814117

0.285819
0.233511
-0.929398
-1.09175
0.282145

-0.0704004
-0.460521
0.884852
0.317377
0.04619

-0.338339
-0.104948
-0.935154
0.518894
0.0198825

0.338339
0.104948
0.935154
-0.676396
0.240846

0.365768
0.323789
0.872568
0.84794
0.00153017

0.802171
-0.385986
-0.455562
-0.695183
0.22628

-0.802171
0.385986
0.455562
0.626015
0.0110505

0.405791
-0.548513
0.731072
0.767476
0.00147237

-0.405791
0.548513
-0.731072
0.603021
0.00429034

0.403118
0.592442
0.697501
-0.0352021
0.0582006

-0.403118
-0.592442
-0.697501
0.681909
0.00549712

-0.599895
-0.506039
0.619718
0.815781
0.0138462

0.599895
0.506039
-0.619718
-16.5123
125.03

0.818309
-0.426801
0.384982
0.220517
0.117903

-0.818309
0.426801
-0.384982
-3.5524
4.01954

-0.664203
-0.739737
-0.107813
-0.141826
0.0458656

0.664203
0.739737
0.107813
0.939687
0.000134565

-0.691276
0.0607526
0.720032
-0.813319
0.450846

0.691276
-0.0607526
-0.720032
-0.315838
0.237431

-0.542521
-0.346154
0.765407
0.874385
0.0015749

0.542521
0.346154
-0.765407
-2.41042
1.12886

-0.536227
-0.125822
-0.834643
0.944309
0.000136316

0.651013
0.0976023
0.752766
0.865681
0.00718451

-0.651013
-0.0976023
-0.752766
-16.7638
125.569

-0.684355
0.0638733
-0.726346
0.912081
0.000799984

-0.320428
0.706451
-0.631073
-3.11244
2.62965

0.320428
-0.706451
0.631073
0.520499
0.0357759

0.584076
0.0611897
-0.809389
0.864695
0.001072

-0.584076
-0.0611897
0.809389
-0.619317
0.146416

-0.555333
-0.457368
0.694564
0.638673
0.0219323

-0.75678
-0.609933
-0.235087
-0.34853
0.0819853

0.75678
0.609933
0.235087
0.899697
0.000456709

0.686975
0.596489
-0.41505
0.216859
0.038168

-0.686975
-0.596489
0.41505
0.370509
0.0246734

-0.826752
0.0562547
-0.559747
-0.642393
0.138465

0.826752
-0.0562547
0.559747
0.907358
0.000457336

-0.529923
-0.457494
0.71406
0.0156457
0.111777

0.529923
0.457494
-0.71406
-0.683301
0.326774

0.207859
-0.978159
0
0.91984
0.000622428

-0.207859
0.978159
0
-2.74301
1.35252

0.22788
-0.437184
0.870023
0.871511
0.00265818

-0.426538
0.372704
-0.82411
-0.379173
0.231839

0.426538
-0.372704
0.82411
-0.379173
0.231839

0.773577
-0.212479
0.597019
0.629117
0.00291798

-0.452722
0.303596
0.838374
0.718063
0.00570482

0.452722
-0.303596
-0.838374
-0.656934
0.193558

-0.358567
0.124776
0.925128
0.888629
0.000930253

0.521608
-0.114611
0.845452
0.746982
0.0268436

-0.891247
-0.453518
0
0.338577
0.086776

0.891247
0.453518
0
-3.26206
3.08866

0.908606
0.321506
0.266589
0.273712
0.0367801

-0.908606
-0.321506
-0.266589
0.144828
0.0509853

-0.223813
0.665445
0.712103
-0.378458
0.146579

0.223813
-0.665445
-0.712103
0.502382
0.0192767

-0.404528
-0.158411
-0.900701
0.678193
0.0242665

0.404528
0.158411
0.900701
-7.04519
15.0706

0.261944
-0.888702
0.37629
-36.3296
1014.8

-0.261944
0.888702
-0.37629
0.955613
0.00143865

0.554689
0.388282
0.735906
-0.0168841
0.109348

0.514247
-0.175356
0.839524
0.889399
0.00163963

-0.514247
0.175356
-0.839524
-4.18386
3.5905

0.263919
-0.261012
0.928558
0.517288
0.0576207

0.777934
0.282127
0.561447
0.726398
0.0059836

-0.777934
-0.282127
-0.561447
-1.01571
0.324155

0.656439
0.489985
-0.573587
-0.795858
0.177883

-0.656439
-0.489985
0.573587
0.906022
0.000505075

-0.648942
-0.0948349
0.754905
0.832064
0.00498799

0.651048
-0.0570502
-0.756889
0.931301
0.000245211

-0.385883
0.898575
0.208944
-0.962449
0.344691

0.385883
-0.898575
-0.208944
0.58902
0.015126

-0.361483
0.826501
0.431539
0.0255023
0.069362

0.518676
0.558265
-0.647546
-0.898543
0.286534

-0.518676
-0.558265
0.647546
0.692
0.00760743

-0.180382
-0.947578
0.263739
0.235464
0.0402918

0.180382
0.947578
-0.263739
0.203941
0.0436814

-0.229094
0.343282
0.910864
0.956319
0.000374556

0.428048
0.756974
-0.493726
-0.521743
0.169365

-0.428048
-0.756974
0.493726
0.630513
0.00999526

-0.294396
-0.836284
-0.462559
-0.308336
0.191443

0.294396
0.836284
0.462559
-0.22528
0.167911

0.190718
-0.129538
0.97306
-0.0450566
0.112572

-0.190718
0.129538
-0.97306
-0.291184
0.171664

0.288733
-0.192664
0.937824
0.704593
0.00941096

-0.288733
0.192664
-0.937824
-1.93115
0.91246

-0.798298
0.160436
-0.580501
0.855644
0.00104799

0.798298
-0.160436
0.580501
-0.318965
0.0852739

-0.672441
0.0276901
0.739632
0.768241
0.00340812

0.672441
-0.0276901
-0.739632
-0.546671
0.151053

-0.252283
0.321087
0.912829
-0.0970721
0.290355

0.252283
-0.321087
-0.912829
-4.30982
6.79131

0.970604
-0.0832207
-0.225836
0.380476
0.0414252

-0.970604
0.0832207
0.225836
-1.08228
0.467824

-0.687804
-0.00381175
0.725886
0.662091
0.0150212

0.687804
0.00381175
-0.725886
-2.7078
1.79664

0.158018
-0.513603
0.843352
0.809357
0.00206334

0.368092
0.234609
-0.899704
-6.5653
10.8565

-0.368092
-0.234609
0.899704
0.863491
0.00360121

-0.379151
0.0187244
0.925145
0.889862
0.00476339

0.379151
-0.0187244
-0.925145
-16.9042
125.838

-0.341231
0.30308
0.889778
0.989319
1.30059e-05

0.341231
-0.30308
-0.889778
-2.32226
0.758809

-0.428434
0.878986
0.20935
0.294341
0.0266754

0.428434
-0.878986
-0.20935
0.484059
0.0142638

0.275836
-0.788091
0.550297
0.735614
0.00498941

-0.275836
0.788091
-0.550297
-0.736065
0.214684

-0.486519
0.810614
-0.325891
0.185658
0.091314

0.486519
-0.810614
0.325891
-1.6077
0.935977

-0.35144
-0.863534
0.361663
0.725528
0.00170138

0.646602
0.762828
0
0.184575
0.0343647

0.905291
0.424793
0
0.0785389
0.0581419

-0.905291
-0.424793
0
0.434582
0.0233736

0.302504
0.50698
-0.807133
-1.57446
2.33524

-0.302504
-0.50698
0.807133
-4.79253
11.8193

0.885705
0.143228
-0.441602
0.991403
6.53906e-06

0.374572
0.193755
0.906727
0.862545
0.00078516

-0.374572
-0.193755
-0.906727
0.0132982
0.0384886

0.936979
0.170852
0.304763
0.2531
0.063895

-0.337744
0.941238
0
0.027423
0.050602

-0.425192
-0.0605063
0.903079
0.337997
0.06911

0.425192
0.0605063
-0.903079
-2.60424
2.04056

-0.326744
0.140886
0.934553
0.641946
0.0112883

0.326744
-0.140886
-0.934553
-1.01179
0.351398

-0.468962
0.115184
0.875675
0.838536
0.00391294

-0.66156
-0.356893
-0.659519
0.944346
0.000365828

-0.249765
0.300643
0.920452
-33.0736
990.293

0.249765
-0.300643
-0.920452
0.394244
0.313294

-0.157053
-0.397514
0.904056
0.953361
0.00107414

-0.65908
0.526363
0.537174
0.302752
0.0864911

0.65908
-0.526363
-0.537174
-3.22475
3.17446

-0.180102
0.55221
0.814019
-1.28531
0.554055

0.180102
-0.55221
-0.814019
0.496494
0.0269128

0.917885
0.396848
0
-6.24067
14.1449

-0.917885
-0.396848
0
0.195485
0.174963

-0.716013
0.601443
0.354389
-0.602903
0.113226

0.716013
-0.601443
-0.354389
0.950791
0.000110382

0.682479
0.2936
0.669344
0.732848
0.0134357

-0.682479
-0.2936
-0.669344
-5.41433
7.70492

-0.276685
-0.119779
0.953467
0.969218
6.88433e-05

-0.27669
-0.803618
-0.526915
-0.484707
0.129711

0.27669
0.803618
0.526915
0.797915
0.00243275

0.498721
0.180266
0.84781
-0.232383
0.0855482

-0.498721
-0.180266
-0.84781
0.742114
0.00383583

-0.135468
-0.754586
-0.642065
-9.13534
23.4102

0.135468
0.754586
0.642065
0.920424
0.00146301

-0.0659858
-0.658924
-0.749309
0.545795
0.0208103

0.0659858
0.658924
0.749309
-1.21503
0.491966

-0.665866
0.00216398
-0.746068
0.434662
0.03188

0.665866
-0.00216398
0.746068
-0.926832
0.36875

-0.404254
-0.310074
-0.860484
-0.0257701
0.0467165

-0.0666145
-0.939498
-0.336014
0.60297
0.021248

-0.588353
-0.238321
-0.772687
-36.2852
1014.69

0.588353
0.238321
0.772687
0.952442
0.00165192

0.4378
0.555069
0.707269
-3.08615
1.62399

-0.4378
-0.555069
-0.707269
0.948887
0.000257973

0.148674
0.642271
0.751921
0.918017
0.000823802

-0.148674
-0.642271
-0.751921
-0.941461
0.214698

0.147959
-0.251664
0.956438
0.947306
0.000120946

-0.147959
0.251664
-0.956438
-0.552845
0.104923

0.260751
-0.00615479
-0.965387
-24.1317
300.858

-0.260751
0.00615479
0.965387
0.98505
0.000114998

-0.505977
0.695158
-0.51063
0.375536
0.0128629

0.0189666
0.923203
0.383844
0.175213
0.0561062

-0.0189666
-0.923203
-0.383844
-0.0498239
0.0908734

-0.0333917
-0.71712
-0.696149
0.957164
6.70897e-05

-0.846681
0.328959
0.41823
0.898961
0.000579389

0.846681
-0.328959
-0.41823
-0.782315
0.17711

0.908558
0.122572
-0.399372
0.342468
0.015642

-0.908558
-0.122572
0.399372
0.773203
0.00187546

-0.513145
0.0858267
0.854
0.900014
0.00188522

0.513145
-0.0858267
-0.854
-6.70387
10.9301

0.803546
0.595243
0
0.660511
0.02096

-0.803546
-0.595243
0
-1.12181
0.393223

-0.287684
0.793959
-0.535599
0.313845
0.0506436

0.287684
-0.793959
0.535599
-0.936608
0.402806

-0.41774
0.620567
0.663619
0.712849
0.00652591

0.41774
-0.620567
-0.663619
-0.920602
0.288994

0.713493
-0.49741
0.493468
-2.22351
0.754054

-0.713493
0.49741
-0.493468
0.974427
5.12415e-05

-0.890637
0.261286
0.372149
0.424133
0.0458886

0.890637
-0.261286
-0.372149
-2.18817
1.40529

0.10763
-0.159913
-0.981246
-17.8036
126.941

-0.10763
0.159913
0.981246
0.986448
6.79288e-05

-0.679144
0.0252561
-0.73357
-0.5289
0.275938

0.679144
-0.0252561
0.73357
-0.15979
0.158796

-0.249087
0.606844
0.754782
-0.241254
0.133038

0.249087
-0.606844
-0.754782
0.249114
0.0486972

0.968471
0.0467769
0.244697
0.9577
5.13275e-05

-0.778934
-0.386387
0.49393
0.498483
0.0208029

0.778934
0.386387
-0.49393
-0.535898
0.194636

0.710056
0.409732
-0.572661
-2.00354
1.18141

-0.710056
-0.409732
0.572661
0.448332
0.0399464

-0.322771
0.558029
-0.764475
-0.877208
0.226553

0.322771
-0.558029
0.764475
0.846758
0.00156011

0.622763
0.782411
0
0.783301
0.00508596

-0.941199
-0.337852
0
0.831044
0.00614918

-0.12093
-0.613816
-0.780132
0.614587
0.00429433

0.12093
0.613816
0.780132
0.729048
0.0021299

0.377803
0.611422
0.69529
0.601609
0.00449656

-0.738225
0.160209
0.655253
-1.25264
0.737422

0.738225
-0.160209
-0.655253
-0.149312
0.192107

-0.700134
0.0854596
0.708878
0.836893
0.00210603

0.700134
-0.0854596
-0.708878
-0.330318
0.0925813

-0.188866
0.480541
0.856394
0.935639
0.00130405

-0.333793
-0.590893
0.734457
0.489853
0.0173674

0.333793
0.590893
-0.734457
-0.0605738
0.075048

0.661438
0.653373
0.368243
0.361954
0.0489805

-0.661438
-0.653373
-0.368243
-1.43209
0.711098

0.389375
-0.791199
-0.471583
0.0680274
0.0413826

-0.389375
0.791199
0.471583
0.733592
0.0034074

-0.693644
0.554919
0.459263
0.82004
0.00234308

0.693644
-0.554919
-0.459263
-1.05509
0.302795

0.562178
-0.343267
-0.752412
-0.012028
0.0522933

-0.562178
0.343267
0.752412
0.719659
0.00401706

0.420704
-0.658493
0.624016
0.543089
0.0182111

0.713723
0.275125
-0.644132
-1.57242
0.447242

-0.713723
-0.275125
0.644132
0.938387
0.000271851

-0.598784
-0.662287
-0.450371
-17.1202
126.201

0.598784
0.662287
0.450371
0.922084
0.00233443

-0.164501
0.603831
-0.779954
-1.5777
0.490047

-0.642141
-0.759937
-0.100748
-1.25466
0.54808

0.642141
0.759937
0.100748
0.460069
0.0314337

-0.30977
0.300335
0.902132
0.838592
0.00560151

0.177032
0.40556
0.896761
0.856214
0.00273264

0.691005
0.294682
-0.660057
-0.35878
0.12844

-0.691005
-0.294682
0.660057
0.609291
0.0106939

-0.261175
-0.167204
-0.9507
-0.317336
0.118044

0.261175
0.167204
0.9507
0.611787
0.010261

0.815091
0.222499
0.534902
-0.671732
0.454697

-0.815091
-0.222499
-0.534902
-1.02278
0.665636

0.790301
-0.106133
-0.603456
-2.47046
1.49272

-0.790301
0.106133
0.603456
0.66844
0.0136916

-0.601371
0.57599
0.553704
-0.882873
0.33334

0.601371
-0.57599
-0.553704
0.492378
0.0242981

0.423335
-0.765929
0.483881
0.50087
0.0181281

-0.184257
0.193279
0.963687
0.559921
0.0193352

0.184257
-0.193279
-0.963687
-1.22789
0.494249

-0.213999
0.106735
0.970985
0.268619
0.0860233

0.213999
-0.106735
-0.970985
-2.53988
2.01318

0.236329
0.42526
-0.873672
0.792013
0.00119302

0.115241
-0.945752
0.303766
0.983202
6.31197e-06

-0.115241
0.945752
-0.303766
0.271152
0.0101363

0.346228
-0.401221
0.848026
-6.89891
14.9265

-0.346228
0.401221
-0.848026
0.609931
0.0365639

-0.151016
-0.232422
-0.960819
-0.858344
0.242411

0.151016
0.232422
0.960819
0.784341
0.00337244

0.0324297
0.92089
0.38847
0.458587
0.0091709

0.197892
0.902046
-0.383604
0.893223
0.000784152

-0.197892
-0.902046
0.383604
-1.26641
0.349154

-0.263119
-0.964763
0
-2.35278
1.91961

0.263119
0.964763
0
0.037787
0.160178

-0.201701
0.870974
0.448018
-0.255477
0.113246

0.201701
-0.870974
-0.448018
0.519141
0.0166246

0.206345
-0.0325348
0.977938
-2.03516
1.05308

-0.206345
0.0325348
-0.977938
0.650611
0.0139999

0.980355
-0.18742
-0.061462
-4.31295
6.79862

-0.980355
0.18742
0.061462
-0.0935831
0.288073

0.966778
0.0164244
-0.255088
-0.787812
0.407739

-0.966778
-0.0164244
0.255088
-0.144208
0.167029

0.939129
-0.343566
0
0.986856
1.46422e-05

-0.52463
-0.648197
-0.55191
0.682008
0.00532869

0.52463
0.648197
0.55191
0.0149904
0.0511051
