
-0.845487
-0.533996
0
0.966718
0.00250332

0.153277
0.0911706
-0.983968
0.40448
0.0146854

-0.153277
-0.0911706
0.983968
0.640842
0.00534679

-0.0629655
0.142627
0.987772
0.763051
0.00419961

0.0629655
-0.142627
-0.987772
-0.902967
0.265739

-0.673602
0.739094
0
-0.934426
0.525235

0.673602
-0.739094
0
-0.284315
0.231529

-0.396191
0.757394
0.519025
0.50857
0.0203568

0.396191
-0.757394
-0.519025
-0.603664
0.216178

-0.719013
0.509199
-0.473008
0.854604
0.00100442

0.719013
-0.509199
0.473008
-0.252288
0.0741834

0.239321
-0.321802
0.916062
0.930249
0.000758335

-0.239321
0.321802
-0.916062
-5.35545
6.00138

0.375618
-0.749759
-0.544768
0.396892
0.0188022

-0.375618
0.749759
0.544768
0.432362
0.0166561

0.0713054
0.997455
0
0.675161
0.0101274

-0.0713054
-0.997455
0
0.653946
0.0109118

0.859654
0.510876
0
-0.513289
0.294795

-0.859654
-0.510876
0
-0.403274
0.253494

-0.846608
0.372489
0.380139
0.94761
0.000235398

0.0717912
0.971165
0.22734
0.0219582
0.0486918

-0.535258
-0.346308
0.770434
0.972978
7.38139e-05

-0.567185
-0.11776
-0.815128
0.593069
0.00947605

-0.173588
-0.215523
0.960946
-2.97841
1.87441

0.173588
0.215523
-0.960946
0.81894
0.00388623

-0.712249
0.564417
0.417295
-0.133642
0.137114

0.0651888
0.109968
-0.991795
0.858611
0.00189255

-0.326687
0.879837
0.345198
-0.0726919
0.414231

0.326687
-0.879837
-0.345198
-8.65421
33.5469

0.145572
-0.658906
-0.738005
0.473288
0.0244431

0.925042
-0.23276
0.3002
-1.85611
0.715915

-0.925042
0.23276
-0.3002
0.850005
0.00198238

0.120498
0.981733
-0.14724
-5.16797
9.64381

-0.120498
-0.981733
0.14724
0.0555615
0.226116

0.346669
-0.486251
0.80211
0.878792
0.00472156

-0.346669
0.486251
-0.80211
-13.1377
64.1959

0.255563
-0.556277
-0.790723
-1.35379
0.468575

-0.255563
0.556277
0.790723
0.770137
0.00454813

0.965979
0.258621
0
0.172441
0.106632

-0.965979
-0.258621
0
0.542572
0.0615772

-0.436007
-0.386188
-0.81287
-1.12393
0.434918

0.436007
0.386188
0.81287
0.561171
0.0186012

-0.941346
-0.134149
-0.309633
0.471209
0.0134552

0.941346
0.134149
0.309633
0.44056
0.0150583

-0.00184329
-0.472416
0.881374
0.905089
0.0012779

-0.108529
-0.908703
-0.40309
-0.936167
0.268905

0.108529
0.908703
0.40309
0.789573
0.00318093

-0.00983001
-0.128318
-0.991684
-0.314911
0.132316

0.00983001
0.128318
0.991684
0.475493
0.0211009

0.690116
-0.620297
0.372789
0.182471
0.0147735

0.527018
-0.425217
0.735828
0.587053
0.0135183

-0.527018
0.425217
-0.735828
-0.600566
0.20156

0.752401
-0.658706
0
0.905901
0.00116678

-0.752401
0.658706
0
-4.23893
3.60589

-0.175453
-0.938193
-0.298346
0.846663
0.00289252

-0.564847
0.0628253
-0.822801
0.883017
0.00056031

0.564847
-0.0628253
0.822801
-0.0755439
0.0461723

-0.309076
0.18966
0.931934
0.882861
0.00708354

0.683229
0.454628
0.571412
-9.31159
23.5236

-0.683229
-0.454628
-0.571412
0.949473
0.000567314

-0.564894
-0.340328
0.751712
0.807825
0.00281729

0.564894
0.340328
-0.751712
-1.12005
0.33551

-0.868614
-0.0624362
-0.491541
-0.112557
0.0961047

0.868614
0.0624362
0.491541
0.32312
0.0356125

0.0732924
0.45842
-0.885708
0.00418222
0.0370772

-0.0732924
-0.45842
0.885708
0.886766
0.000481335

-0.357758
-0.306751
-0.881994
0.703403
0.00540951

0.357758
0.306751
0.881994
-0.307991
0.104968

-0.264317
0.244218
-0.933003
0.426273
0.0120186

-0.835225
0.483408
-0.262135
0.843636
0.000999051

0.835225
-0.483408
0.262135
0.0337255
0.0377792

-0.326133
0.922868
0.20482
-0.449303
0.243325

-0.398147
-0.0828325
0.913574
-0.142346
0.115994

0.398147
0.0828325
-0.913574
0.119284
0.068953

-0.361432
-0.397981
0.843195
0.879519
0.00129104

0.361432
0.397981
-0.843195
-2.06965
0.834441

0.465172
0.784481
-0.410127
0.791865
0.00131041

-0.465172
-0.784481
0.410127
0.494041
0.00766909

-0.951749
0.117522
0.283483
0.243425
0.0398556

0.951749
-0.117522
-0.283483
0.179061
0.0469244

0.60358
-0.741386
0.293321
-2.43261
1.96428

-0.60358
0.741386
-0.293321
0.141845
0.122802

-0.260514
0.743859
0.615472
0.689075
0.0131597

0.260514
-0.743859
-0.615472
-3.02959
2.20753

0.0638107
-0.704388
-0.706941
0.452772
0.0152565

0.200857
0.766396
-0.610159
0.987141
8.57783e-06

-0.200857
-0.766396
0.610159
-1.17325
0.224178

-0.715668
-0.698441
0
0.141846
0.0912339

0.715668
0.698441
0
-0.930838
0.438554

-0.809191
-0.304269
0.502623
-2.61253
1.00877

0.809191
0.304269
-0.502623
0.982818
2.34821e-05

0.397091
0.0816445
-0.91414
-0.312958
0.0765394

-0.5719
-0.445904
0.688549
-0.386914
0.166689

0.5719
0.445904
-0.688549
0.344466
0.0373393

0.32223
0.710477
0.625612
0.662869
0.00839506

-0.32223
-0.710477
-0.625612
-0.604859
0.188792

-0.529208
-0.0662397
0.845902
0.70103
0.0145931

0.12794
0.0559774
-0.990201
-0.802121
0.377609

-0.12794
-0.0559774
0.990201
0.0805521
0.0983113

0.335682
-0.246949
0.909029
0.869613
0.000789547

-0.00831726
-0.116938
-0.993104
-3.50531
3.9849

0.350197
0.936129
0.0320157
0.872191
0.000729684

-0.350197
-0.936129
-0.0320157
-0.214976
0.065834

-0.334306
-0.747872
-0.573522
-21.9863
294.763

0.334306
0.747872
0.573522
0.668999
0.0611874

-0.204594
0.632723
0.746862
-0.549532
0.209841

0.204594
-0.632723
-0.746862
0.427486
0.0286766

-0.162187
-0.42374
-0.891145
0.142029
0.0233979

0.162187
0.42374
0.891145
0.91004
0.000296406

-0.19721
0.209934
-0.95762
0.911876
0.000258526

-0.408683
-0.354233
0.841129
0.470196
0.0638527

0.408683
0.354233
-0.841129
-5.69778
10.2036

-0.0321213
-0.43194
-0.90133
-0.92999
0.340164

0.0321213
0.43194
0.90133
0.551355
0.018553

0.374493
-0.766623
0.521579
0.258869
0.0739467

-0.374493
0.766623
-0.521579
-1.66069
0.951907

-0.591722
0.593713
-0.545316
-2.21265
0.964092

0.591722
-0.593713
0.545316
0.868884
0.00162876

0.266987
-0.775414
-0.572234
-0.212829
0.0518606

-0.266987
0.775414
0.572234
0.950746
8.78997e-05

0.415595
0.544399
-0.728635
-0.515487
0.192464

-0.415595
-0.544399
0.728635
0.467812
0.0238466

0.173547
0.523829
0.833957
0.989676
1.20322e-05

0.257906
-0.345142
0.90242
0.896062
0.00144635

-0.0388869
0.461946
-0.886055
-0.0456517
0.119209

0.0388869
-0.461946
0.886055
-0.4373
0.224973

-0.210061
-0.730267
-0.650065
-2.23411
1.42025

0.210061
0.730267
0.650065
0.470148
0.0382358

-0.732421
-0.492765
0.469831
0.660434
0.00936755

0.732421
0.492765
-0.469831
-0.86701
0.282901

-0.767856
0.484946
-0.418598
0.469994
0.0365218

0.767856
-0.484946
0.418598
-2.02464
1.1879

-0.444259
-0.594728
0.670024
0.709979
0.00262649

0.444259
0.594728
-0.670024
0.581774
0.00544525

0.401477
-0.103178
-0.910039
0.831434
0.00104411

-0.199633
0.955968
0.215109
-0.314911
0.132261

0.199633
-0.955968
-0.215109
0.475493
0.0210536

0.647435
0.136533
-0.749791
0.78662
0.00391748

-0.647435
-0.136533
0.749791
-1.37714
0.471503

0.0302761
0.164424
0.985925
0.863491
0.00354657

-0.134612
-0.893933
0.427509
-0.0327779
0.0849769

0.134612
0.893933
-0.427509
0.219073
0.0486069

0.795992
-0.514328
-0.319161
0.941368
0.00050783

-0.795992
0.514328
0.319161
-5.40829
6.02322

0.948512
0.238023
0.208975
0.8722
0.000731546

-0.948512
-0.238023
-0.208975
-0.214989
0.0658424

-0.0797311
0.965494
0.24792
-8.14965
22.456

0.0797311
-0.965494
-0.24792
0.612168
0.040361

-0.137892
-0.336754
-0.931441
-0.898541
0.286515

-0.930878
-0.28357
-0.230334
-0.677994
0.209223

0.930878
0.28357
0.230334
0.677562
0.00773384

-0.185363
0.599607
-0.778532
-22.4864
259.673

0.185363
-0.599607
0.778532
0.953806
0.00101013

0.729639
0.563843
0.386922
0.961625
9.5115e-05

-0.729639
-0.563843
-0.386922
-1.54783
0.403986

-0.172349
0.674042
-0.718306
0.675632
0.00693992

0.172349
-0.674042
0.718306
-0.366656
0.121808

0.554202
0.297493
-0.777405
0.482914
0.0177543

-0.554202
-0.297493
0.777405
-0.0266931
0.0696194

0.00628469
0.25747
0.966266
-0.406063
0.0937606

-0.00628469
-0.25747
-0.966266
0.891787
0.000561705

0.211209
-0.229735
-0.950059
-4.11106
10.5084

-0.211209
0.229735
0.950059
-3.03837
6.56044

0.0846073
-0.213465
-0.97328
-0.84364
0.385552

-0.483442
-0.511408
0.710455
0.931416
0.000938613

0.285223
-0.832098
0.475668
0.72985
0.00468985

-0.285223
0.832098
-0.475668
-0.459484
0.135992

-0.462332
-0.110523
0.879792
0.927367
0.00268686

0.462332
0.110523
-0.879792
-23.413
299.66

0.717335
0.447671
-0.533874
-0.247543
0.0637941

-0.717335
-0.447671
0.533874
0.913419
0.000310781

-0.550187
0.378354
0.744407
0.742554
0.0124318

0.550187
-0.378354
-0.744407
-5.43615
7.71747

-0.915077
0.295981
0.273915
0.399293
0.058695

0.915077
-0.295981
-0.273915
-2.97202
2.56522

0.868818
-0.495131
0
0.0345757
0.153348

-0.868818
0.495131
0
-1.68173
1.05101

-0.302288
-0.380599
-0.873937
-3.26338
1.93525

0.302288
0.380599
0.873937
0.925455
0.000595459

-0.244969
-0.221009
0.944005
0.817713
0.00473535

0.244969
0.221009
-0.944005
-3.98756
3.52705

-0.257045
0.532724
-0.806308
-0.00292313
0.0457075

0.257045
-0.532724
0.806308
0.794198
0.00193188

0.496711
0.0387283
0.867052
0.830217
0.00117064

-0.887903
0.220026
-0.404001
-4.14084
7.48461

0.887903
-0.220026
0.404001
-0.791967
0.909621

0.250761
-0.315533
0.915182
-3.92176
4.24501

-0.250761
0.315533
-0.915182
0.534035
0.0382654

-0.952877
-0.303358
0
0.490471
0.0405186

0.952877
0.303358
0
-1.85816
0.980843

0.999502
0.010567
-0.0297218
0.394272
0.0127046

-0.161712
-0.288864
0.943614
0.952043
0.000100239

0.161712
0.288864
-0.943614
-0.101754
0.0397018

0.291178
0.70581
-0.645793
0.868723
0.000845851

-0.291178
-0.70581
0.645793
-0.371772
0.0922666

0.766063
-0.239745
-0.59638
-2.20297
1.23815

-0.766063
0.239745
0.59638
0.630559
0.0165437

0.620018
-0.314112
-0.718965
0.429306
0.0154631

-0.620018
0.314112
0.718965
0.502864
0.0117542

-0.246476
0.616194
-0.748034
-8.42436
22.7748

0.246476
-0.616194
0.748034
0.725286
0.0194428

-0.134334
0.823648
-0.550962
-0.142348
0.0763135

0.134334
-0.823648
0.550962
0.671091
0.00633725

-0.71104
0.155084
-0.685836
-0.747745
0.215795

0.71104
-0.155084
0.685836
0.746358
0.00460739

-0.0605019
-0.892855
0.446262
-0.338882
0.142633

0.0605019
0.892855
-0.446262
0.43754
0.0251821

0.827533
-0.0817189
-0.555438
-0.373045
0.137412

-0.827533
0.0817189
0.555438
0.56556
0.0138128

-0.0237112
0.0515419
0.998389
0.994412
4.21848e-06

-0.934003
-0.0949712
0.344412
0.467782
0.0128264

0.934003
0.0949712
-0.344412
0.508446
0.010944

0.702362
0.538973
-0.464968
0.988605
7.82255e-06

0.742956
-0.524255
0.416141
0.550533
0.00430017

-0.12883
0.171773
0.976676
0.952155
0.000860061

0.0877151
0.996146
0
0.651334
0.00471051

-0.0877151
-0.996146
0
0.466051
0.0110113

0.227484
0.973782
0
-0.325528
0.327128

-0.227484
-0.973782
0
-2.11645
1.80755

-0.720728
-0.563444
-0.403834
0.582751
0.00666796

0.720728
0.563444
0.403834
0.553817
0.00762171

0.841727
-0.132547
0.523381
0.141846
0.0865835

-0.841727
0.132547
-0.523381
-0.930838
0.43792

-0.537726
-0.166144
0.826587
0.589236
0.0112351

-0.307566
-0.57491
-0.75821
-1.64549
0.804649

0.307566
0.57491
0.75821
0.519002
0.0266452

0.87889
0.477025
0
0.574149
0.0195484

-0.87889
-0.477025
0
-0.0778241
0.0847441

-0.148522
0.497352
0.854741
0.875438
0.000423204

0.148522
-0.497352
-0.854741
0.511193
0.00587743

-0.196919
0.324757
-0.925071
-9.27621
23.5008

0.196919
-0.324757
0.925071
0.944207
0.000700028

0.693336
-0.676132
0.24926
0.517974
0.0112792

-0.693336
0.676132
-0.24926
0.377548
0.0188066

-0.48311
0.264547
0.834637
0.940511
0.000416665

0.736042
-0.0517187
0.674958
-1.76922
0.412486

-0.736042
0.0517187
-0.674958
0.99699
6.96946e-07

-0.849513
0.277222
0.448861
-0.205994
0.188566

0.849513
-0.277222
-0.448861
-0.760827
0.401881

0.489195
-0.618256
0.615181
0.27412
0.116482

-0.693301
0.00519479
-0.720629
0.298649
0.0434283

0.0197238
-0.225763
0.973983
0.938617
0.0004073

-0.0197238
0.225763
-0.973983
-3.04487
1.61608

-0.124881
-0.633953
-0.763222
-17.4406
126.579

0.124881
0.633953
0.763222
0.959163
0.000635303

-0.691295
-0.472395
0.546767
0.595442
0.00758781

0.691295
0.472395
-0.546767
0.344683
0.019835

0.437583
0.747381
0.499942
-0.00550389
0.0388638

-0.437583
-0.747381
-0.499942
0.878537
0.000571199

0.799261
0.517493
-0.305586
-0.91914
0.399616

-0.799261
-0.517493
0.305586
0.286456
0.0552486

0.101285
-0.579535
-0.808629
0.819774
0.00058096

-0.101285
0.579535
0.808629
0.785705
0.000817306

-0.214119
-0.128674
-0.968295
-0.724826
0.334261

0.214119
0.128674
0.968295
0.100324
0.0909432

0.575001
-0.337139
0.74546
0.673843
0.037501

0.400263
-0.672526
-0.622493
0.992652
5.39163e-06

0.189788
-0.713994
0.673938
0.835393
0.00892133

0.533201
0.845988
0
-7.69298
21.8076

-0.533201
-0.845988
0
0.369887
0.114705

-0.111402
-0.219011
-0.969342
-1.07332
0.239127

0.111402
0.219011
0.969342
0.944166
0.000181236

0.779315
0.0157393
0.626435
0.31157
0.0220499

-0.587529
0.404682
0.700745
0.821672
0.00566186

0.587529
-0.404682
-0.700745
-5.63558
7.83642

0.892956
0.430779
-0.130609
0.531917
0.0304566

-0.892956
-0.430779
0.130609
-2.5399
1.74164

-0.922657
0.27321
0.272142
0.276318
0.0159108

0.922657
-0.27321
-0.272142
0.881734
0.00042605

-0.0804697
-0.927644
0.364694
0.871116
0.00660083

0.0804697
0.927644
-0.364694
-16.794
125.621

0.535684
0.415262
-0.735255
-0.686718
0.242055

-0.535684
-0.415262
0.735255
0.532767
0.0185806

0.837055
0.192947
-0.511968
0.363957
0.033365

-0.837055
-0.192947
0.511968
-0.298044
0.138745

0.106349
0.691863
-0.714154
-1.03005
0.353819

-0.106349
-0.691863
0.714154
0.660262
0.00991071

-0.854901
-0.23222
0.463917
0.407412
0.0644736

0.854901
0.23222
-0.463917
-3.75715
4.15058

0.305655
0.636923
-0.707745
-0.237719
0.105968

-0.305655
-0.636923
0.707745
0.55442
0.013821

0.483781
0.425654
-0.764705
0.942077
8.89693e-05

-0.483781
-0.425654
0.764705
0.437821
0.00662782

0.576107
-0.655812
-0.487865
0.403479
0.045536

0.0203635
-0.303395
-0.952647
-0.0657256
0.0721031

0.288625
0.657361
-0.696112
0.850946
0.0017889

-0.288625
-0.657361
0.696112
-1.48121
0.484184

-0.107829
-0.651175
0.751228
0.72891
0.00163014

0.632544
-0.6733
-0.382826
0.173645
0.0453457

-0.632544
0.6733
0.382826
0.319587
0.0307539

-0.425052
0.533041
-0.731572
0.0264668
0.599493

0.425052
-0.533041
0.731572
-20.2015
284.18

-0.323675
-0.681702
-0.656138
-0.49279
0.139899

0.323675
0.681702
0.656138
0.763153
0.00437381

-0.157768
-0.123083
-0.979775
-0.638781
0.168047

0.157768
0.123083
0.979775
0.803204
0.00252519

-0.477936
-0.183455
-0.859024
-0.865896
0.262043

0.477936
0.183455
0.859024
0.730924
0.00555346

0.332008
-0.358115
-0.872654
0.978191
2.33442e-05

-0.0939091
-0.66784
-0.738356
-2.48516
1.49656

0.0939091
0.66784
0.738356
0.678822
0.0128072

-0.653383
-0.29178
-0.698538
-0.177967
0.183999

0.653383
0.29178
0.698538
-0.872731
0.464968

-0.450916
-0.489458
-0.746395
-0.9988
0.595968

0.450916
0.489458
0.746395
-0.410356
0.296859

-0.806825
0.081065
0.585202
0.869082
0.00107159

0.806825
-0.081065
-0.585202
-0.848484
0.208542

0.516888
0.151887
-0.842471
-0.303935
0.0587097

-0.0231563
-0.197006
0.980129
0.740934
0.0153381

0.0231563
0.197006
-0.980129
-7.19698
15.2075

-0.807041
-0.00472407
-0.590476
-0.772523
0.203032

0.807041
0.00472407
0.590476
0.818053
0.00217415

0.362262
-0.141645
0.921251
0.909984
0.000617912

-0.362262
0.141645
-0.921251
-1.72298
0.562836

-0.726019
-0.327
-0.604953
-3.82711
4.19219

0.726019
0.327
0.604953
0.463655
0.0518622

0.14085
0.517442
0.844047
0.878794
0.000537316

-0.529944
0.526921
-0.664465
0.64812
0.00756747

-0.826104
-0.563518
0
-0.26424
0.386069

0.826104
0.563518
0
-3.6077
4.71115

0.136997
0.0448622
-0.989555
-9.43001
23.5836

-0.136997
-0.0448622
0.989555
0.965093
0.000264581

-0.883777
0.467909
0
0.899913
2.51675

-0.132533
-0.457728
0.879158
0.480834
0.0560355

-0.928152
-0.372201
0
0.373928
0.0201935

0.928152
0.372201
0
0.461375
0.0149588

0.168653
0.939013
0.299684
-0.0303054
0.0606361

-0.168653
-0.939013
-0.299684
0.635324
0.00759975

-0.675717
-0.193602
0.711283
0.6289
0.0103175

0.795386
0.427977
-0.429182
-0.470737
0.107996

-0.795386
-0.427977
0.429182
0.884016
0.000683687

0.947474
-0.0137623
0.319537
0.157544
0.0262891

-0.947474
0.0137623
-0.319537
0.842449
0.00093362

-0.291105
-0.844189
-0.450114
-1.30085
0.384795

0.291105
0.844189
0.450114
0.863866
0.00136295

-0.0188242
0.891
0.453614
-8.38697
15.8636

0.0188242
-0.891
-0.453614
0.992392
1.13799e-05

-0.138265
-0.820014
0.555391
0.180854
0.0355538

-0.476378
-0.197644
0.856738
-0.88166
0.56188

0.476378
0.197644
-0.856738
-0.714494
0.466549

0.495072
-0.605875
-0.622752
0.653008
0.00938875

-0.707455
-0.590854
-0.387812
-1.44292
0.582157

0.707455
0.590854
0.387812
0.657229
0.0119014

0.108025
0.873891
0.473967
0.959805
0.00117436

-0.251291
0.00486374
-0.967899
0.380477
0.0416571

-0.591104
-0.529088
-0.60882
0.601477
0.00281749

0.782923
-0.0389999
-0.620895
0.732767
0.00265249

0.434183
-0.796816
0.420202
-0.23675
0.125132

-0.434183
0.796816
-0.420202
0.332435
0.0364911

-0.0241134
-0.619012
-0.785012
0.938947
5.54105e-05

0.0241134
0.619012
0.785012
0.656082
0.00175473

-0.00792999
-0.540386
-0.84138
-0.403274
0.253658

0.00792999
0.540386
0.84138
-0.513289
0.294938

-0.765806
-0.389543
0.511661
0.960082
0.000252654

-0.856241
-0.516577
0
0.158669
0.108577

0.856241
0.516577
0
-1.43142
0.774626

0.301736
-0.157499
0.940292
0.895506
0.00225115

-0.301736
0.157499
-0.940292
-7.70072
15.5968

0.715284
-0.319991
-0.621268
-7.36699
15.3642

-0.715284
0.319991
0.621268
0.801964
0.00860999

-0.479661
0.409467
0.776056
0.832827
0.00459474

-0.902276
-0.417051
0.109389
0.853251
0.000900054

0.902276
0.417051
-0.109389
-0.0177823
0.0425762

0.412066
-0.695822
0.588246
0.473748
0.0319215

-0.412066
0.695822
-0.588246
-1.52505
0.732881

-0.800294
0.0151953
0.599416
0.603513
0.00304008

0.800294
-0.0151953
-0.599416
0.90597
0.000186771

0.999173
-0.040655
0
-3.41197
1.86359

-0.999173
0.040655
0
0.960935
0.000836031

0.50569
0.0419862
-0.861693
-0.375067
0.103889

-0.50569
-0.0419862
0.861693
0.809579
0.00212433

-0.186569
0.247441
0.950771
-13.8424
64.8049

0.186569
-0.247441
-0.950771
0.975395
0.000202165

-0.58899
0.53508
0.605624
0.836904
0.0012711

0.58899
-0.53508
-0.605624
-0.200738
0.0685555

0.231227
-0.818215
-0.526364
-0.331475
0.0966321

-0.231227
0.818215
0.526364
0.806622
0.00249317

-0.85313
-0.325193
0.407945
0.172387
0.0713188

-0.812553
0.162726
0.559712
0.789133
0.00569751

0.812553
-0.162726
-0.559712
-3.20704
2.26406

-0.485592
0.735649
0.472251
0.446187
0.00792346

0.485592
-0.735649
-0.472251
0.878711
0.00039298

0.35668
-0.899444
-0.252548
0.304619
0.076852

-0.332215
0.0675367
-0.940783
-0.433412
0.195753

0.332215
-0.0675367
0.940783
0.219098
0.0582905

-0.558533
0.308137
-0.770125
0.974607
0.000464623

0.558533
-0.308137
0.770125
-36.6391
1015.72

-0.687804
-0.00381175
0.725886
0.662091
0.0150212

0.687804
0.00381175
-0.725886
-2.7078
1.79664

-0.561264
0.38254
-0.733925
-0.138476
0.0658921

0.561264
-0.38254
0.733925
0.776175
0.00256167

-0.280032
0.874433
0.396168
0.0226823
0.0846621

0.146258
-0.710597
0.68823
-0.90178
0.147124

-0.146258
0.710597
-0.68823
0.99102
5.87335e-06

0.521342
0.425571
-0.739657
-4.0319
4.30871

-0.521342
-0.425571
0.739657
0.608117
0.0261637

0.00114243
-0.426195
-0.904631
-0.337382
0.161288

-0.00114243
0.426195
0.904631
0.247723
0.0511974

-0.308606
-0.44264
-0.841921
-0.690656
0.108568

0.308606
0.44264
0.841921
0.987002
1.20173e-05

-0.671977
0.607858
0.423031
0.0990999
0.0371384

-0.358722
-0.0840866
-0.92965
-10.2632
36.565

0.358722
0.0840866
0.92965
0.770138
0.0152338

-0.310859
0.92804
-0.205204
-0.386245
0.116192

0.310859
-0.92804
0.205204
0.745383
0.00392523

-0.295476
-0.275777
0.914681
0.80627
0.0107196

0.295476
0.275777
-0.914681
-10.387
36.6972

-0.190845
0.105438
0.975941
0.512915
0.0334531

0.190845
-0.105438
-0.975941
-2.51808
1.7324

-0.521384
0.643288
-0.56066
-4.10453
4.34714

0.521384
-0.643288
0.56066
0.652623
0.0201393

-0.781383
0.490299
0.386066
0.815817
0.0180371

0.781383
-0.490299
-0.386066
-22.6572
297.557

-0.891704
-0.214942
0.398327
-0.281413
0.0648196

0.891704
0.214942
-0.398327
0.932186
0.000187781

-0.317752
-0.142027
-0.937476
-1.87225
0.642626

0.317752
0.142027
0.937476
0.917852
0.000536403

-0.901567
-0.387274
-0.19286
-0.859294
0.209295

-0.312575
0.621378
0.718461
-0.287229
0.129897

0.312575
-0.621378
-0.718461
0.427898
0.0257591

-0.326744
0.140886
0.934553
0.641946
0.0112883

0.326744
-0.140886
-0.934553
-1.01179
0.351398

0.893277
-0.0297984
-0.448517
-0.461624
0.199136

-0.893277
0.0297984
0.448517
0.274469
0.0491121

-0.387547
0.656561
-0.647098
-2.23277
1.24593

0.387547
-0.656561
0.647098
0.653746
0.0143727

0.534448
-0.225152
0.814661
0.687343
0.00595534

0.573661
0.152751
0.804724
-1.65647
0.849749

-0.573661
-0.152751
-0.804724
0.453211
0.0360578

0.34299
-0.648664
-0.679407
-0.825599
0.23937

-0.34299
0.648664
0.679407
0.757176
0.00429442

-0.0627821
-0.905732
0.419175
0.476505
0.0184575

0.0627821
0.905732
-0.419175
-0.0535011
0.0746365

-0.219254
0.503819
0.83552
0.898157
0.00160114

0.300001
-0.5971
-0.743957
0.966816
6.07133e-05

0.514715
-0.668411
0.536931
0.508183
0.0226354

-0.514715
0.668411
-0.536931
-0.895095
0.335125

0
-1
0
0.53845
0.0434008

0
1
0
-5.05205
7.45607

0.652756
-0.737622
0.172695
-1.22221
0.541614

-0.652756
0.737622
-0.172695
0.419484
0.0369693

0.364992
-0.852431
-0.374356
0.393165
0.0254455

-0.364992
0.852431
0.374356
0.0170232
0.0667139

0.0271089
0.350947
0.936003
0.968735
7.38972e-05

-0.392184
0.379056
0.838158
0.811045
0.0016419

0.480242
-0.549608
0.683592
0.262881
0.0458713

-0.480242
0.549608
-0.683592
-0.203507
0.122064

0.251468
0.200245
0.946925
0.92578
0.000383103

-0.251468
-0.200245
-0.946925
-1.53663
0.44461

0.293
0.956112
0
-0.754602
0.269214

-0.293
-0.956112
0
0.529459
0.0193786

0.686827
-0.725542
-0.0430987
-2.40195
0.989962

-0.686827
0.725542
0.0430987
0.937875
0.000330209

-0.610233
0.792222
0
-0.133897
0.110286

0.610233
-0.792222
0
0.19819
0.0558033

0.0878526
-0.229879
0.969246
-0.75697
0.478063

-0.0878526
0.229879
-0.969246
-0.75035
0.474468

-0.57808
-0.681692
0.448465
0.511983
0.00559918

0.275518
-0.480975
0.832318
0.932404
0.0010576

-0.275518
0.480975
-0.832318
-9.20293
23.4458

-0.546284
0.262315
0.795465
0.402359
0.0617103

0.546284
-0.262315
-0.795465
-3.33202
3.23185

0.0849291
-0.655762
0.750176
-0.0560192
0.0418837

-0.0849291
0.655762
-0.750176
0.901112
0.000375

-0.131858
0.947579
0.291046
-0.386251
0.202621

0.131858
-0.947579
-0.291046
-0.0184641
0.109383

-0.564602
0.00829449
0.825321
0.821126
0.00625598

0.564602
-0.00829449
-0.825321
-6.42879
10.7854

0.0644352
0.255062
-0.964775
-0.585883
0.144506

-0.0644352
-0.255062
0.964775
0.8414
0.00152665

-0.504722
-0.798663
-0.327707
-0.276734
0.075177

0.504722
0.798663
0.327707
0.873261
0.00074832

0.0734263
0.939727
-0.333947
0.640976
0.00493525

-0.0734263
-0.939727
0.333947
0.487202
0.0100533

-0.932051
-0.270559
-0.240995
0.304311
0.0292295

0.932051
0.270559
0.240995
0.328506
0.0272326

0.852608
-0.269836
-0.44749
-1.13811
0.285495

-0.852608
0.269836
0.44749
0.910949
0.000505702

0.42497
0.577768
0.69684
0.728638
0.0062949

0.682507
-0.536163
-0.496703
-0.676396
0.24085

-0.682507
0.536163
0.496703
0.518894
0.0198888

-0.42261
-0.319621
0.848082
-0.0343854
0.132703

-0.586522
-0.423101
-0.690635
0.421325
0.0129123

0.586522
0.423101
0.690635
0.688802
0.00377632

-0.0217952
-0.0751438
-0.996934
-0.0422878
0.0951173

0.0217952
0.0751438
0.996934
0.0593312
0.0774882

0.643385
-0.150857
-0.750532
-1.04786
0.461213

-0.643385
0.150857
0.750532
0.33131
0.0493311

0.144418
-0.546001
-0.825243
-1.73333
0.972965

-0.144418
0.546001
0.825243
0.351266
0.0550149

-0.681507
-0.629734
-0.372805
-3.20765
2.67056

0.681507
0.629734
0.372805
0.59274
0.0250502

0.580377
-0.679015
0.449556
0.959284
0.000155074

-0.580377
0.679015
-0.449556
-2.89265
1.37182

-0.183177
0.760256
0.623263
-1.80952
0.512319

0.183177
-0.760256
-0.623263
0.972128
5.69856e-05

0.195367
-0.702864
0.683969
0.618074
0.017745

-0.195367
0.702864
-0.683969
-2.18742
1.23426

-0.55199
-0.813738
-0.182038
0.792323
0.00326878

0.55199
0.813738
0.182038
-1.09823
0.333279

-0.284595
0.840404
-0.461224
0.110641
0.0381826

0.284595
-0.840404
0.461224
0.701905
0.0042961

-0.0216305
0.102286
-0.99452
0.921205
0.000206331

0.116138
-0.219064
-0.968774
-1.85346
1.91657

-0.116138
0.219064
0.968774
-1.48568
1.4544

0.172475
0.293602
0.94024
0.0387576
0.115769

-0.172475
-0.293602
-0.94024
-0.978822
0.48948

0.911185
-0.154849
-0.38179
-1.5067
0.81052

-0.911185
0.154849
0.38179
0.267576
0.0692429

0.522183
0.6158
0.590013
0.584764
0.0139794

-0.522183
-0.6158
-0.590013
-0.660936
0.222605

-0.347961
0.260656
-0.900545
-0.918925
0.248222

0.347961
-0.260656
0.900545
0.829209
0.00321963

-0.0522181
-0.41157
0.909881
0.865619
0.000986873

0.214811
-0.589537
0.778654
-1.55263
0.822688

-0.214811
0.589537
-0.778654
0.328693
0.0570823

0.220543
0.868201
0.444508
0.293538
0.0249904

-0.220543
-0.868201
-0.444508
0.556629
0.00986305

-0.27697
0.875612
-0.395717
0.933785
0.000357557

0.27697
-0.875612
0.395717
-2.06046
0.74036

0.148384
-0.753
0.641072
0.671428
0.00770218

-0.148384
0.753
-0.641072
-0.556458
0.172467

0.391852
0.0461731
-0.918869
0.757917
0.00495785

-0.391852
-0.0461731
0.918869
-1.23497
0.413067

-0.143427
-0.555586
0.818995
0.439434
0.0722102

0.143427
0.555586
-0.818995
-5.65069
10.1569

-0.833648
0.245613
0.494677
0.43318
0.0171935

-0.0484997
-0.635253
0.77078
0.818272
0.00266609

0.0484997
0.635253
-0.77078
-0.274123
0.0858594

0.749821
0.535199
0.389012
0.977949
2.53781e-05

-0.187339
0.681229
0.707695
-2.31312
1.26615

0.187339
-0.681229
-0.707695
0.711515
0.00968048

-0.68784
0.70625
0.167595
0.156954
0.0691731

0.68784
-0.70625
-0.167595
-0.403608
0.19173

-0.934861
-0.355013
0
0.833777
0.00687097

0.921321
0.388803
0
-1.86416
1.24197

-0.921321
-0.388803
0
0.0157597
0.170351

0.282518
-0.0147455
-0.959149
-2.99148
1.60803

-0.282518
0.0147455
0.959149
0.923753
0.000628921

0.121995
0.992531
0
0.847233
0.000490961

-0.274636
-0.300812
-0.913284
-2.75442
1.35262

0.274636
0.300812
0.913284
0.923379
0.000601703

-0.742049
0.44028
0.505487
0.846225
0.00274095

0.742049
-0.44028
-0.505487
-3.03903
1.88919

-0.063235
-0.336398
0.939594
0.939728
0.000220144

-0.299816
0.0476014
0.952809
0.675748
0.0109462

0.299816
-0.0476014
-0.952809
-1.73592
0.778043

-0.403732
-0.411057
0.817333
0.851098
0.00159589

0.403732
0.411057
-0.817333
-1.10357
0.307207

-0.22059
-0.702018
-0.677134
-0.583824
0.163898

0.22059
0.702018
0.677134
0.755058
0.00397815

-0.000616386
0.28411
-0.958791
-6.71373
10.9445

0.000616386
-0.28411
0.958791
0.902373
0.0017542

0.78349
-0.403616
-0.47248
0.998122
1.23963e-06

-0.0302066
-0.505183
-0.862483
-13.5886
64.7019

0.0302066
0.505183
0.862483
0.94952
0.000775312

-0.288253
-0.718254
0.633262
-15.4479
121.968

0.288253
0.718254
-0.633262
0.502518
0.11158

-0.652212
0.703242
0.282966
0.845161
0.00117522

0.652212
-0.703242
-0.282966
-0.272437
0.0789148

-0.204974
0.456745
-0.865662
-2.49454
1.30788

0.204974
-0.456745
0.865662
0.818582
0.00353368

-0.866456
-0.23328
0.441399
0.678514
0.00935671

0.866456
0.23328
-0.441399
-1.24063
0.452907

-0.165327
-0.161934
-0.972854
-0.619449
0.137282

0.165327
0.161934
0.972854
0.894667
0.000580952

-0.993451
-0.0474377
0.103945
0.0816694
0.0719364

0.993451
0.0474377
-0.103945
-0.0149289
0.0878655

-0.834018
-0.551737
0
0.881833
0.00637296

0.866006
-0.18387
0.465001
-0.22528
0.167911

-0.866006
0.18387
-0.465001
-0.308336
0.191443

-0.7495
0.662005
0
0.139531
0.0196058

0.7495
-0.662005
0
0.954656
5.54738e-05

-0.57272
0.650956
-0.498245
-0.717569
0.19865

-0.641501
0.43609
0.631112
0.793666
0.00203866

0.641501
-0.43609
-0.631112
-0.0491242
0.0516601

-0.726854
0.686792
0
0.512915
0.0417812

0.726854
-0.686792
0
-2.51808
1.67204

0.362484
0.0559346
0.93031
0.928931
0.000361635

-0.362484
-0.0559346
-0.93031
-1.3497
0.355374

0.718278
-0.226674
0.657796
0.670393
0.00256678

0.255814
0.0487576
-0.965496
-17.4954
126.673

-0.255814
-0.0487576
0.965496
0.964264
0.000477978

0.171951
-0.960799
0.217481
0.772613
0.00432263

-0.171951
0.960799
-0.217481
-1.25454
0.415501

0.202967
-0.721055
-0.662483
-4.61701
5.67035

-0.202967
0.721055
0.662483
0.648937
0.0222383

0.331452
-0.212143
0.919312
0.749536
0.0107378

-0.0388674
0.623016
-0.781243
0.966511
0.000103061

0.0388674
-0.623016
0.781243
-2.51841
1.00072

-0.717885
-0.493714
0.490803
0.451463
0.0363216

0.717885
0.493714
-0.490803
-1.6549
0.849338

-0.22731
-0.72303
0.652348
0.613764
0.00759672

0.22731
0.72303
-0.652348
0.200661
0.0323145

0.209622
-0.159955
-0.96461
-1.68175
1.37561

-0.209622
0.159955
0.96461
-0.716293
0.563783

0.766078
0.282062
0.577551
0.722488
0.0116429

-0.766078
-0.282062
-0.577551
-3.78832
3.45038

-0.401476
0.915869
0
0.879829
0.000445394

0.401476
-0.915869
0
0.375812
0.0109506

-0.959046
-0.283249
0
0.141845
0.122879

0.959046
0.283249
0
-2.43261
1.96389

0.0478246
-0.306851
0.950555
-0.358119
0.0633695

-0.0478246
0.306851
-0.950555
0.974374
2.60397e-05

-0.77816
-0.628067
0
0.546478
0.0137242

0.77816
0.628067
0
0.0225369
0.0596621

-0.461873
0.59038
-0.66191
-2.03099
1.53868

0.461873
-0.59038
0.66191
-0.0643773
0.189791

-0.480673
0.372349
-0.793921
-0.690308
0.303329

0.562223
-0.214499
0.798683
0.950491
0.000392646

0.0294926
-0.806362
0.590687
0.504136
0.0168551

0.823198
0.567754
0
0.42723
0.0587923

-0.0773837
0.391617
-0.916868
-13.2765
64.3632

0.0773837
-0.391617
0.916868
0.904081
0.00291762

-0.576857
0.464759
-0.67174
0.975971
4.50558e-05

0.666901
0.514563
0.538951
0.65709
0.0183218

-0.513668
-0.857989
0
0.159316
0.0384512

-0.292343
0.481576
0.826208
0.883301
0.00217109

0.984195
0.177089
0
-1.80008
0.509407

-0.984195
-0.177089
0
0.970117
0.000127623

-0.462663
0.0222672
0.886254
0.570922
0.152116

0.462663
-0.0222672
-0.886254
-33.7551
997.682

-0.892431
-0.0606912
-0.447082
-0.421593
0.133214

0.892431
0.0606912
0.447082
0.688166
0.00643962

-0.0786914
0.00567004
0.996883
0.99606
7.83219e-06

-0.0212393
-0.546777
-0.837009
-0.563019
0.173165

0.0212393
0.546777
0.837009
0.678784
0.00742303

0.836146
-0.420108
0.352661
0.585618
0.010169

0.334308
-0.352582
0.874027
0.72757
0.00859124

-0.334308
0.352582
-0.874027
-2.33726
1.27165

0.334646
-0.384016
-0.860549
0.0778623
0.0409717

-0.334646
0.384016
0.860549
0.720017
0.0037869

-0.08174
-0.391804
-0.916411
0.963987
3.3051e-05

0.08174
0.391804
0.916411
0.192851
0.0156144

0.171562
0.549167
0.817913
0.941567
0.000209117

-0.171562
-0.549167
-0.817913
-0.998676
0.217466

-0.243239
0.779795
0.576849
0.722226
0.00262729

0.0220713
0.477295
-0.878466
0.916414
0.00524647

-0.0985533
0.108076
-0.989246
-0.505536
0.27204

0.0985533
-0.108076
0.989246
-0.219482
0.178623

-0.17206
0.613882
-0.770418
0.570923
0.0153607

0.34791
0.239912
-0.906312
0.652809
0.00498777

-0.34791
-0.239912
0.906312
0.41925
0.013759

0.575899
0.59555
-0.560055
0.636619
0.00395743

-0.575899
-0.59555
0.560055
0.684222
0.002989

0.59061
-0.292138
0.75222
0.954369
0.000300837

0.843486
-0.398355
0.360341
-16.5531
125.119

-0.843486
0.398355
-0.360341
0.824468
0.0125257

0.98255
0.185997
0
-0.996132
0.406726

-0.98255
-0.185997
0
0.42659
0.0369921

-0.900285
-0.27056
-0.341006
-0.901728
0.286977

0.900285
0.27056
0.341006
0.695071
0.00767384

-0.0830682
-0.709109
-0.700189
0.954374
0.000177251

-0.883456
0.00724375
0.468459
0.612015
0.0202251

0.883456
-0.00724375
-0.468459
-2.63892
1.77502

0.223755
0.0183608
0.974473
0.962835
0.000267108

-0.223755
-0.0183608
-0.974473
-8.07351
15.7783

0.0948898
-0.43344
-0.896173
-35.4101
1010.61

-0.0948898
0.43344
0.896173
0.866261
0.0136369

-0.459644
0.847748
-0.264672
-2.67465
1.85512

0.459644
-0.847748
0.264672
0.587662
0.0233864

-0.556371
0.677293
-0.481378
-0.203645
0.0796827

0.556371
-0.677293
0.481378
0.747152
0.00354466

0.708554
-0.0749464
0.701665
0.711949
0.00603544

0.324752
0.295354
0.8985
0.684821
0.0103034

-0.324752
-0.295354
-0.8985
-1.74727
0.78021

-0.377605
-0.603413
-0.702358
-0.46887
0.121349

0.377605
0.603413
0.702358
0.821895
0.00183141

-0.44206
-0.612932
0.654903
0.273869
0.0471197

0.44206
0.612932
-0.654903
-0.350241
0.162623

-0.489572
-0.121489
-0.863458
-6.4622
10.8061

0.489572
0.121489
0.863458
0.832101
0.00547354

-0.16272
0.872975
-0.459822
0.828767
0.00253433

0.364887
-0.77587
0.514669
0.529312
0.0232071

-0.364887
0.77587
-0.514669
-1.3143
0.559569

0.449874
-0.0996457
0.887516
0.88051
0.00223947

-0.449874
0.0996457
-0.887516
-5.1631
5.94106

0.135508
0.846713
0.514504
-3.14588
2.24553

-0.135508
-0.846713
-0.514504
0.75733
0.00770267

-0.587585
0.605027
0.537296
0.894463
0.000429816

-0.377334
0.478211
-0.793053
-10.117
36.3449

0.377334
-0.478211
0.793053
0.722846
0.0226939

0.250609
-0.398919
-0.882076
-0.361494
0.264884

-0.250609
0.398919
0.882076
-0.901589
0.516682

-0.931657
0.227449
0.283342
-0.330207
0.126035

0.931657
-0.227449
-0.283342
0.568982
0.0132361

-0.182758
0.0340947
-0.982567
0.413979
0.0319642

0.182758
-0.0340947
0.982567
-0.673058
0.258695

0.673981
-0.678596
-0.291987
0.928917
0.000387995

-0.673981
0.678596
0.291987
-1.90368
0.645913

0.0356311
0.910793
0.411324
0.394245
0.0304291

-0.0356311
-0.910793
-0.411324
-0.362952
0.154029

-0.82836
0.369932
0.420677
0.967058
8.06356e-05

0.461651
-0.39194
0.795777
0.919548
0.0024998

-0.461651
0.39194
-0.795777
-17.1017
126.159

0.691831
0.54464
0.474064
-0.879921
0.851547

-0.691831
-0.54464
-0.474064
-2.77292
3.4294

-0.848361
0.164262
-0.503291
0.990774
3.17208e-05

0.848361
-0.164262
0.503291
-17.891
126.994

0.284637
-0.173705
0.942767
0.960806
0.000337363

0.881883
0.471469
0
0.71659
0.00652962

-0.881883
-0.471469
0
0.678841
0.00761324

0.983713
-0.113516
-0.139369
0.151477
0.0528124

-0.983713
0.113516
0.139369
0.187199
0.0484597

0.648064
0.258178
0.716489
-2.42929
2.27605

-0.648064
-0.258178
-0.716489
-0.270596
0.312707

0.91682
-0.356246
-0.180358
-1.14539
0.368173

-0.91682
0.356246
0.180358
0.761624
0.00454953

0.247969
-0.382796
0.889932
0.545037
0.0200103

-0.247969
0.382796
-0.889932
-1.0907
0.422394

-0.243679
0.575846
-0.780398
-0.462762
0.174823

0.243679
-0.575846
0.780398
0.473406
0.0227828

-0.300321
0.700001
-0.647924
-0.819918
0.192319

0.685913
0.0631156
-0.724941
0.620711
0.00385708

-0.685913
-0.0631156
0.724941
0.765553
0.0014809

-0.274271
-0.633402
0.723586
0.776843
0.00222987

-0.987896
0.0766614
0.134848
0.00699604
0.0400899

0.987896
-0.0766614
-0.134848
0.849823
0.000918356

-0.0776591
-0.84366
-0.531231
-0.442352
0.172602

0.0776591
0.84366
0.531231
0.440827
0.0260007

-0.149424
-0.911665
-0.382805
-0.224854
0.180178

0.149424
0.911665
0.382805
-0.503482
0.271465

-0.595908
0.803053
0
0.726398
0.00606968

0.908347
-0.0314339
0.417034
0.745172
0.00411597

-0.908347
0.0314339
-0.417034
-0.474435
0.137042

0.888514
0.45885
0
0.80875
0.0167941

-0.243007
-0.722477
-0.647283
0.828974
0.000620414

0.243007
0.722477
0.647283
0.678756
0.00218378

0.0188447
0.919386
0.392904
0.267576
0.0692453

-0.0188447
-0.919386
-0.392904
-1.5067
0.810517

0.109339
0.832919
0.542486
0.725286
0.0194043

-0.109339
-0.832919
-0.542486
-8.42436
22.7804

0.6369
0.635941
-0.435818
0.332487
0.0449363

-0.6369
-0.635941
0.435818
-0.772716
0.316583

-0.208559
0.176904
-0.961878
-3.65383
3.39335

0.208559
-0.176904
0.961878
0.643958
0.0198689

0.65312
-0.28823
0.700256
0.581323
0.0132333

-0.326678
-0.890574
0.31648
0.715268
0.0343887

0.326678
0.890574
-0.31648
-16.1018
123.997

0.651452
0.446381
-0.613477
0.746678
0.00364242

-0.651452
-0.446381
0.613477
-0.236468
0.0856717

0.170642
0.974021
-0.148875
-0.0266931
0.0694412

-0.170642
-0.974021
0.148875
0.482914
0.0176176

-0.842185
0.0539162
-0.536486
0.856946
0.000859048

0.930816
0.365488
0
-0.785577
0.279302

-0.930816
-0.365488
0
0.568609
0.0269039

-0.888531
-0.385434
0.248905
0.738553
0.00917492

-0.958397
-0.0640467
-0.278162
0.543242
0.0164434

0.958397
0.0640467
0.278162
-0.509948
0.179533

0.563895
-0.57314
0.594587
0.584764
0.0139805

-0.563895
0.57314
-0.594587
-0.660936
0.222606

0.51228
-0.0376408
-0.857993
-0.986006
0.411625

0.0473709
-0.458848
0.887251
0.934988
0.000754092

0.427261
0.656503
0.621652
-0.76035
0.125253

-0.427261
-0.656503
-0.621652
0.983487
1.19892e-05

-0.644619
-0.126293
-0.754
-2.48516
1.49739

0.644619
0.126293
0.754
0.678822
0.012721

-0.605134
0.65643
-0.450458
0.786032
0.00114896

0.833465
-0.0390152
0.551193
0.373691
0.0189245

-0.833465
0.0390152
-0.551193
0.527666
0.0107657

-0.208789
-0.752823
-0.624231
-12.7304
63.5562

0.208789
0.752823
0.624231
0.785462
0.0155671

0.733152
-0.572037
-0.36778
0.475857
0.00472565

-0.632186
0.400103
-0.66352
-2.78343
1.81996

0.632186
-0.400103
0.66352
0.712084
0.0106113

0.0100899
-0.833705
0.552118
0.335281
0.0537317

0.714931
0.195224
0.671387
0.360935
0.0428434

-0.714931
-0.195224
-0.671387
-0.949744
0.398649

0.400244
-0.759276
0.513133
0.865914
0.000814016

-0.400244
0.759276
-0.513133
-0.206779
0.0655463

0.243202
0.76669
-0.594172
-0.514124
0.131536

-0.214047
-0.313613
0.925111
0.918794
0.000349691

-0.371994
-0.76899
-0.51988
-0.318931
0.140712

0.371994
0.76899
0.51988
0.402478
0.0288859

0.414392
0.19422
-0.889133
0.662927
0.0110699

0.372974
-0.847083
-0.378604
0.318623
0.021873

-0.312813
0.577824
0.753835
0.644456
0.0129005

0.0486746
-0.635892
-0.770242
0.112762
0.0366902

-0.0486746
0.635892
0.770242
0.727244
0.00348468

-0.019999
0.431558
0.901864
0.416139
0.0294572

0.019999
-0.431558
-0.901864
-0.483026
0.188913

0.0231001
0.164339
-0.986133
-0.404876
0.0839547

0.208062
-0.538219
-0.816719
-2.80039
2.48051

-0.208062
0.538219
0.816719
0.224896
0.103187

-0.206666
-0.78435
0.58488
0.70302
0.0112812

0.206666
0.78435
-0.58488
-2.76913
1.81653

0.876654
0.0775459
-0.474831
0.787288
0.00129348

-0.876654
-0.0775459
0.474831
0.54035
0.00602148

-0.107195
0.640464
-0.76047
-1.09123
0.26013

0.107195
-0.640464
0.76047
0.923424
0.00037493

-0.739824
-0.0934594
0.666278
0.492519
0.0293803

0.739824
0.0934594
-0.666278
-1.542
0.736864

-0.573577
-0.451996
-0.683161
0.833939
0.0049112

-0.406238
-0.167151
-0.898349
0.944581
8.03665e-05

0.406238
0.167151
0.898349
0.218002
0.015799

0.0484865
0.0166406
0.998685
0.853639
0.00124259

-0.0484865
-0.0166406
-0.998685
-0.653448
0.158168

0.811686
0.0519818
-0.581776
-1.34262
0.425926

-0.811686
-0.0519818
0.581776
0.831693
0.00220665

0.492101
0.296047
-0.818653
-0.191558
0.0651511

-0.492101
-0.296047
0.818653
0.85373
0.00103443

-0.0298095
-0.60599
0.794913
0.792963
0.00224926

0.0298095
0.60599
-0.794913
-0.183905
0.071387

0.66514
-0.589623
-0.458184
-0.291337
0.0884589

-0.66514
0.589623
0.458184
0.80267
0.00207097

-0.257398
0.542015
0.799978
0.781945
0.001181

0.257398
-0.542015
-0.799978
0.656008
0.00291965

-0.266069
0.516862
-0.813672
-0.441985
0.152096

0.266069
-0.516862
0.813672
0.594481
0.0120296

0.637558
-0.644856
0.421521
0.815451
0.00743507

-0.637558
0.644856
-0.421521
-7.40852
15.394

-0.630824
0.240912
0.737578
0.960595
7.99428e-05

0.630824
-0.240912
-0.737578
-0.930841
0.184222

-0.265366
0.535353
0.80186
0.926251
0.000310805

0.265366
-0.535353
-0.80186
-0.782782
0.165352

-0.0437789
-0.709708
0.703134
0.564323
0.0353811

0.0437789
0.709708
-0.703134
-4.47658
5.58585

0.927626
0.23404
-0.291094
0.746886
0.00692427

-0.646311
-0.749842
-0.141489
-0.149489
0.0615562

0.747681
0.642669
0.167182
0.845687
0.00310133

0.526223
-0.599018
0.603545
0.532034
0.00581728

-0.526223
0.599018
-0.603545
0.830215
0.000789894

-0.912509
0.162973
-0.37519
0.922242
0.000845058

-0.0779201
-0.111991
-0.99065
-0.642394
0.234127

-0.288723
-0.452165
0.843911
0.79187
0.00670541

0.285025
-0.323552
0.902261
0.906538
0.00134469

-0.116978
0.520281
0.845946
0.844281
0.000607861

-0.145122
-0.607977
0.780579
0.770137
0.0118061

0.145122
0.607977
-0.780579
-7.27505
15.2886

-0.283133
0.543749
-0.790046
-2.7078
1.79645

0.283133
-0.543749
0.790046
0.662091
0.0150379

-0.509823
-0.813693
-0.279257
0.280434
0.0532325

0.509823
0.813693
0.279257
-0.741187
0.311574

0.700692
0.652773
-0.287955
0.878177
0.000541663

-0.81188
-0.274467
-0.515286
0.678784
0.00730908

-0.563719
0.288009
0.774126
0.35079
0.0401494

0.563719
-0.288009
-0.774126
-0.633451
0.253258

0.397823
0.671177
-0.625507
-0.201936
0.0686981

-0.397823
-0.671177
0.625507
0.837947
0.00128241

0.362303
-0.066036
0.929718
0.886397
0.00124054

-0.466939
-0.24188
-0.850566
-2.0744
0.834444

0.466939
0.24188
0.850566
0.881578
0.00128851

0.541319
-0.597187
0.591896
0.0345757
0.139604

-0.541319
0.597187
-0.591896
-1.68173
1.07616

-0.247582
0.526885
-0.813078
-1.40449
0.576028

0.247582
-0.526885
0.813078
0.621887
0.0143733

-0.0535554
0.452191
-0.890312
-0.380666
0.252715

-0.913554
-0.0562321
0.402811
0.112499
0.0632568

0.913554
0.0562321
-0.402811
0.0697353
0.0694952

-0.882689
-0.366052
0.294731
0.32401
0.0197361

0.882689
0.366052
-0.294731
0.663764
0.0048918

-0.261143
-0.293556
0.919581
0.690952
0.0103232

0.261143
0.293556
-0.919581
-1.91288
0.908924

-0.230882
0.520114
-0.822298
0.169776
0.0300604

0.230882
-0.520114
0.822298
0.748438
0.00283253

0.375638
-0.904443
0.202187
-0.187674
0.143628

-0.375638
0.904443
-0.202187
-0.118841
0.127464

-0.762267
0.577594
0.29212
0.929278
0.000745727

0.762267
-0.577594
-0.29212
-4.79592
4.61087

0.492554
-0.0376206
0.869468
-0.385276
0.13045

0.613445
-0.652769
-0.444498
-1.96231
1.55991

-0.613445
0.652769
0.444498
-0.27479
0.289034

-0.286621
0.324958
-0.901249
0.984863
2.59331e-05

0.201694
-0.216012
0.955332
0.780862
0.00972084

-0.509523
-0.26639
0.818183
0.732458
0.00355177

0.509523
0.26639
-0.818183
0.047556
0.0440135

-0.423257
0.853943
-0.302714
0.882089
0.000561168

0.423257
-0.853943
0.302714
-0.0743382
0.0460978

-0.0511416
-0.1889
0.980664
0.968266
0.000148959

0.410381
0.675096
-0.613052
-0.0996555
0.101512

-0.410381
-0.675096
0.613052
0.18903
0.0552961

-0.100602
0.994927
0
0.920974
5.41757e-05

0.18105
0.782865
-0.595268
0.803692
0.00107396

-0.18105
-0.782865
0.595268
0.535477
0.00598627

0.500197
-0.700428
-0.50912
-0.421914
0.2615

-0.500197
0.700428
0.50912
-0.506794
0.293626

0.336773
0.622955
0.706053
0.698359
0.0013132

-0.336773
-0.622955
-0.706053
0.927979
7.53292e-05

-0.249359
-0.856692
-0.451553
0.974048
0.000328886

0.249359
0.856692
0.451553
-23.9401
300.746

0.441522
0.882839
-0.160168
0.942228
0.000121159

-0.441522
-0.882839
0.160168
-0.194539
0.0514291

-0.425571
0.560645
0.710329
0.740228
0.00447848

0.425571
-0.560645
-0.710329
-0.568381
0.162639

0.571525
0.494207
0.655071
-0.0711672
0.103058

-0.571525
-0.494207
-0.655071
0.0358826
0.0834952

-0.436365
-0.551035
0.711299
0.914694
0.000699521

0.826609
-0.520219
0.214684
-0.0797952
0.0327769

-0.523703
-0.33877
0.781646
0.837403
0.001562

-0.193009
-0.448963
0.872456
0.936855
0.000797039

0.193009
0.448963
-0.872456
-7.90439
15.7041

0.94691
0.3215
0
0.0483911
0.103903

-0.725371
-0.155591
0.670543
0.66202
0.00522724

0.725371
0.155591
-0.670543
0.255812
0.0253155

-0.0759759
-0.754271
-0.652152
-2.75444
1.81191

0.0759759
0.754271
0.652152
0.693518
0.0120924

0.571796
0.464931
0.675935
0.927988
0.000334362

-0.571796
-0.464931
-0.675935
-1.17839
0.288138

0.447162
0.74514
0.494785
0.253891
0.0313592

-0.447162
-0.74514
-0.494785
0.462854
0.016276

-0.0433997
-0.220348
0.974455
0.96927
5.67318e-05

0.479151
-0.519205
-0.707701
-5.74263
10.246

-0.479151
0.519205
0.707701
0.498482
0.0566911

0.0839192
0.0901522
0.992386
-0.209034
0.0982614

-0.0839192
-0.0901522
-0.992386
0.569069
0.0124935

0.3636
-0.138863
-0.921147
-2.27702
1.43365

-0.3636
0.138863
0.921147
0.510813
0.0321635

-0.168944
0.049465
0.984384
0.959974
0.000273296

0.325747
-0.766997
0.552815
0.668728
0.00911983

0.439511
-0.0599908
0.896231
0.935268
0.000562406

0.218967
-0.443129
-0.869305
0.572777
0.0121733

-0.218967
0.443129
0.869305
-0.175186
0.0911587

0.203711
-0.282612
0.937354
0.904354
0.00157503

-0.765123
-0.209964
0.608689
0.801964
0.00861748

0.765123
0.209964
-0.608689
-7.36699
15.3631

-0.00217046
0.406199
-0.913782
-1.72429
0.77529

0.00217046
-0.406199
0.913782
0.666274
0.011784

0.737988
0.300565
0.604181
0.633674
0.00364438

0.373066
0.791252
0.484502
0.500045
0.00893295

-0.373066
-0.791252
-0.484502
0.682985
0.00360833

0.294792
0.143038
0.944795
0.866532
0.00488324

-0.39065
0.0874907
0.916372
-0.760827
0.401859

0.39065
-0.0874907
-0.916372
-0.205994
0.188516

0.212605
0.1401
-0.967043
0.846759
0.0057375

-0.212605
-0.1401
0.967043
-8.80747
23.1471

-0.541767
0.54411
0.640651
0.962493
0.000430866

0.541767
-0.54411
-0.640651
-13.7041
64.7765

0.104073
0.287097
0.952231
0.713948
0.0450936

-0.104073
-0.287097
-0.952231
-22.1702
295.6

-0.00765934
0.338492
-0.940938
-11.1296
37.4259

0.00765934
-0.338492
0.940938
0.954533
0.000526069

0.332412
0.307721
-0.891521
-1.09288
0.394062

0.311842
-0.0238637
-0.949834
0.909343
0.000209473

0.497361
-0.240813
-0.833452
-2.66363
1.76249

-0.497361
0.240813
0.833452
0.630496
0.0202207

0.936699
-0.350135
0
0.138979
0.0763795

-0.936699
0.350135
0
-0.455132
0.213879

0.384364
0.323971
-0.864469
0.978146
4.03417e-05

0.406043
-0.794723
-0.451159
0.23379
0.076644

-0.406043
0.794723
0.451159
-1.4825
0.803874

-0.581417
0.520527
-0.625305
0.97483
2.92984e-05

0.0830844
0.265468
0.960533
0.979306
3.3854e-05

0.199616
0.979874
0
0.218768
0.0352342

-0.199616
-0.979874
0
0.460811
0.0167883

0.495662
0.788747
0.363589
0.119284
0.0689772

-0.495662
-0.788747
-0.363589
-0.142346
0.116018

0.188681
-0.150104
-0.970499
-3.5524
4.01969

0.509939
-0.244511
-0.824728
-1.54925
0.491406

-0.509939
0.244511
0.824728
0.885573
0.00103562

0.148045
-0.400856
0.9041
0.959303
0.000100045

-0.148045
0.400856
-0.9041
-0.869547
0.169063

0.73636
0.485468
0.47127
-2.03099
1.53857

-0.73636
-0.485468
-0.47127
-0.0643773
0.189825

0.637883
-0.665539
-0.387509
0.5294
0.0293638

0.670556
0.530277
0.518808
0.534976
0.00538163

-0.670556
-0.530277
-0.518808
0.850581
0.000559797

-0.399335
0.732195
0.551744
0.247724
0.0509838

0.608454
0.640754
-0.468208
0.988123
9.10716e-06

-0.608454
-0.640754
0.468208
-1.49122
0.330846

-0.205248
0.676625
0.707143
0.817767
0.00546193

-0.191687
0.317078
0.928826
0.88051
0.00229281

0.191687
-0.317078
-0.928826
-5.1631
5.93496

0.707738
0.706475
0
0.826607
0.00273204

-0.523975
-0.583707
-0.620272
0.964779
3.8744e-05

0.523975
0.583707
0.620272
0.156163
0.0176742

0.242425
-0.580481
0.777349
-0.0839996
0.0695312

-0.242425
0.580481
-0.777349
0.631167
0.00805613

0.858776
-0.0887474
-0.504606
-1.43794
0.643181

-0.858776
0.0887474
0.504606
0.528016
0.0241663

-0.213683
0.655312
0.724504
-8.51901
22.8869

0.213683
-0.655312
-0.724504
0.759075
0.01468

-0.526511
-0.821988
0.217078
0.71291
0.00467078

0.526511
0.821988
-0.217078
-0.174609
0.0780834

-0.977803
0.209528
0
0.956022
0.00763225

-0.46591
0.428051
0.774403
0.807026
0.00135286

0.144619
-0.989487
0
-0.303948
0.350113

-0.144619
0.989487
0
-2.73438
2.87132

0.43974
0.898125
0
0.440826
0.0306212

-0.265251
-0.879735
-0.394599
-2.0916
0.941642

0.265251
0.879735
0.394599
0.808188
0.00390294

-0.743291
-0.668968
0
-0.0184689
0.115974

0.896292
0.142446
-0.419964
-0.115963
0.0380346

-0.896292
-0.142446
0.419964
0.966592
3.49606e-05

0.0385794
-0.705028
-0.708129
-1.98297
1.05403

-0.0385794
0.705028
0.708129
0.590644
0.0198643

-0.481112
-0.0143422
0.876542
0.898882
0.000968972

0.481112
0.0143422
-0.876542
-2.2853
0.97415

0.207701
-0.165522
-0.964087
-2.15955
0.954902

-0.207701
0.165522
0.964087
0.843972
0.00241314

-0.862533
-0.506001
0
-7.946
21.4309

0.862533
0.506001
0
0.512939
0.0746986

0.0189666
0.923203
0.383844
0.175213
0.0561062

-0.0189666
-0.923203
-0.383844
-0.0498239
0.0908734

-0.328591
0.873777
0.358528
-0.0800214
0.0344514

-0.567512
-0.823365
0
0.945174
0.0397676

0.822358
0.56897
0
0.578725
0.00615662

-0.822358
-0.56897
0
0.707448
0.0031352

-0.394362
-0.585387
0.708379
0.681258
0.0157141

0.394362
0.585387
-0.708379
-3.71513
3.41873

-0.0433827
-0.414226
0.90914
0.909994
0.00039111

0.804182
-0.442831
0.396474
0.495371
0.0135787

-0.804182
0.442831
-0.396474
0.289664
0.0268777

0.0223077
0.367864
0.929612
0.886931
0.00151164

-0.0223077
-0.367864
-0.929612
-3.44035
2.32566

0.207651
0.0392919
0.977413
0.917936
0.000818359

0.0779778
0.308338
-0.948076
-7.89702
15.6872

-0.0779778
-0.308338
0.948076
0.935558
0.000858211

0.52726
0.209617
-0.823442
-6.61611
10.8859

-0.52726
-0.209617
0.823442
0.877623
0.00286062

0.0462237
-0.591558
0.804936
0.794293
0.00712347

-0.0624889
0.866301
-0.495599
-0.918641
0.338522

0.0624889
-0.866301
0.495599
0.537625
0.019713

0.20624
-0.752599
0.625348
-0.551469
0.279946

-0.20624
0.752599
-0.625348
-0.104506
0.141957

-0.80958
-0.58701
0
0.286635
0.0324096

0.80958
0.58701
0
0.378579
0.025023

-0.166152
0.34776
0.922744
0.88558
0.00520871

-0.0469727
0.777938
0.626582
0.720017
0.0037812

0.0469727
-0.777938
-0.626582
0.0778623
0.04096

0.547116
-0.397191
0.73682
0.739872
0.0021017

-0.547116
0.397191
-0.73682
0.547037
0.00634477

-0.960139
-0.109795
-0.257057
-1.70893
0.862833

0.960139
0.109795
0.257057
0.50947
0.0283081

-0.784426
0.0962153
-0.612714
0.250293
0.0365383

0.784426
-0.0962153
0.612714
0.27832
0.0338591

-0.294754
-0.28409
0.912367
0.928488
0.00018872

-0.651496
-0.406352
0.640648
0.72375
0.00836612

0.651496
0.406352
-0.640648
-2.13442
1.07614

-0.035467
-0.0251011
-0.999056
0.977899
3.89094e-05

0.0419374
-0.921514
-0.386075
-0.423378
0.181908

-0.0419374
0.921514
0.386075
0.311182
0.0426335

0.834174
-0.347669
0.428111
0.750106
0.00822051

-0.834174
0.347669
-0.428111
-3.13268
2.24108

-0.970345
-0.241726
0
0.624045
0.00441477

0.970345
0.241726
0
0.669181
0.00341958

-0.485029
0.615499
0.621215
0.786706
0.00264189

0.485029
-0.615499
-0.621215
-0.386945
0.109902

-0.202022
0.26861
-0.941826
-0.0126817
0.0688296

0.202022
-0.26861
0.941826
0.455404
0.0200425
