
0.624514
0.781014
0
-2.25093
1.57175

-0.624514
-0.781014
0
0.235783
0.104198

0.664844
0.301688
-0.68335
-1.31879
0.321468

-0.664844
-0.301688
0.68335
0.948834
0.000388605

0.260135
-0.567483
0.781213
0.795798
0.00461541

-0.260135
0.567483
-0.781213
-2.45127
1.29788

0.750859
0.457886
-0.475973
0.984797
6.76421e-06

-0.750859
-0.457886
0.475973
0.201545
0.0129498

-0.373111
-0.646493
0.665458
0.90398
0.000735145

0.896289
-0.239054
0.373523
0.783399
0.00640807

-0.896289
0.239054
-0.373523
-3.52652
2.79087

0.714268
0.161641
-0.68095
-0.544677
0.224223

-0.714268
-0.161641
0.68095
0.313476
0.0443031

0.129769
0.250124
-0.959478
-0.451353
0.120263

-0.129769
-0.250124
0.959478
0.807188
0.00214612

0.598207
-0.501118
0.625323
0.628684
0.0296552

-0.598207
0.501118
-0.625323
-5.97249
10.4492

-0.645813
-0.132492
-0.751911
0.6722
0.00407986

-0.972805
0.00437153
-0.231585
-0.291884
0.0799652

0.972805
-0.00437153
0.231585
0.860563
0.000997822

-0.513376
0.0804986
0.85438
0.876853
0.000611107

-0.933742
0.0614163
-0.352637
-0.380435
0.116334

0.933742
-0.0614163
0.352637
0.739285
0.00441081

-0.296354
0.854029
-0.427562
-1.30963
0.839361

0.296354
-0.854029
0.427562
-0.334036
0.280089

0.135999
-0.896936
-0.420726
-0.980355
0.377216

-0.135999
0.896936
0.420726
0.504911
0.0236163

-0.415517
-0.116856
-0.902048
0.812354
0.00159143

0.415517
0.116856
0.902048
0.10155
0.0334816

-0.414002
0.144177
0.898785
0.878513
0.000868159

-0.43177
-0.349513
-0.831514
-0.729924
0.173985

0.43177
0.349513
0.831514
0.868612
0.00100934

-0.922097
-0.384241
-0.0457879
-2.41042
1.12972

0.922097
0.384241
0.0457879
0.874385
0.00153281

0.669108
-0.542812
0.507592
-0.475556
0.121676

-0.669108
0.542812
-0.507592
0.827307
0.00169071

0.102009
0.262011
-0.959659
-12.4664
63.089

-0.102009
-0.262011
0.959659
0.708771
0.0295133

-0.369044
-0.063418
0.927246
0.702946
0.0134587

-0.422128
0.287961
0.859585
0.873604
0.00148695

-0.743248
0.124608
0.657309
-0.787812
0.407782

0.743248
-0.124608
-0.657309
-0.144208
0.167139

0.137224
0.256416
0.956776
0.371688
0.0687253

-0.137224
-0.256416
-0.956776
-3.29779
3.21516

0.0905733
0.378915
-0.920989
-0.906041
0.287356

-0.58476
-0.450484
0.674626
0.148145
0.016007

0.58476
0.450484
-0.674626
0.981426
8.17309e-06

-0.534127
-0.445976
-0.718202
0.95229
0.000159476

0.969316
-0.245817
0
-0.277763
0.164624

-0.969316
0.245817
0
-0.00959182
0.102964

-0.040327
-0.52972
-0.847213
-0.27748
0.0793128

0.040327
0.52972
0.847213
0.849258
0.0011628

0.414931
0.873727
0.253836
0.986338
7.49058e-06

-0.411332
-0.701256
-0.582277
-0.913391
0.288176

0.411332
0.701256
0.582277
0.706142
0.00680285

0.974853
-0.222851
0
0.332838
0.0380133

-0.974853
0.222851
0
-0.329709
0.150698

-0.921741
0.387807
0
-0.423229
0.385788

0.921741
-0.387807
0
-2.06152
1.77381

0.264836
0.302513
0.915614
-0.0568824
0.218311

-0.264836
-0.302513
-0.915614
-2.90859
2.98446

0.245526
0.399455
-0.883262
-10.8286
37.1938

-0.245526
-0.399455
0.883262
0.907909
0.00225566

-0.911589
-0.411103
0
-1.13312
0.631132

0.911589
0.411103
0
-0.118559
0.183237

0.724717
-0.383015
0.572786
0.78888
0.00283397

-0.724717
0.383015
-0.572786
-0.621572
0.166645

-0.190257
0.160703
0.968492
0.465047
0.0118854

-0.323675
-0.681702
-0.656138
-0.49279
0.139899

0.323675
0.681702
0.656138
0.763153
0.00437381

-0.220369
-0.0411942
0.974546
0.952799
0.000228628

0.521848
-0.25888
0.812808
-0.532689
0.110658

-0.521848
0.25888
-0.812808
0.919589
0.000312294

-0.827364
-0.077246
0.556329
0.0192552
0.105266

0.827364
0.077246
-0.556329
-0.532414
0.256833

0.0860761
-0.424751
0.901209
0.893397
0.00305569

-0.0860761
0.424751
-0.901209
-10.753
37.1241

0.378124
-0.547205
-0.746719
-4.591
5.65671

-0.378124
0.547205
0.746719
0.634121
0.0242539

0.247928
0.498986
-0.830388
-2.48423
2.30831

-0.247928
-0.498986
0.830388
-0.185602
0.267357

0.187102
0.193579
0.963078
-0.156874
0.1113

-0.187102
-0.193579
-0.963078
0.251534
0.0467373

0.24893
0.281882
0.926594
0.865388
0.00142372

-0.176091
0.768157
0.615569
0.708734
0.02512

0.176091
-0.768157
-0.615569
-10.0761
36.3023

0.519126
-0.394308
-0.758306
-0.507179
0.150244

-0.519126
0.394308
0.758306
0.729758
0.00609702

-0.656002
-0.39565
-0.642746
-0.372274
0.129497

0.656002
0.39565
0.642746
0.627329
0.00961928

-0.157291
0.0700455
-0.985065
0.994582
1.39899e-05

0.157291
-0.0700455
0.985065
-14.1602
64.9443

-0.981322
-0.169222
0.0914965
0.852799
0.00189727

-0.259927
-0.903632
0.340422
0.995184
2.27647e-06

0.496379
0.427213
0.75571
0.772842
0.0103916

-0.496379
-0.427213
-0.75571
-6.2943
10.6952

-0.701092
0.261359
0.663447
0.0784116
0.0443713

0.701092
-0.261359
-0.663447
0.655234
0.00621394

-0.334726
-0.942316
0
0.447865
0.0418521

-0.656798
-0.0813018
0.749671
0.687831
0.00322472

0.656798
0.0813018
-0.749671
0.558329
0.00644821

0.928725
-0.307306
-0.207446
-2.07468
0.834508

-0.928725
0.307306
0.207446
0.881698
0.00128404

-0.402539
-0.609383
0.683092
0.919452
0.00203999

-0.595669
-0.114337
0.79505
0.753911
0.00267848

-0.0812043
0.221486
0.971777
0.970945
6.56275e-05

0.281033
-0.737068
0.614614
0.212592
0.01449

-0.170722
-0.185986
0.967607
0.875078
0.000889305

0.170722
0.185986
-0.967607
-0.541523
0.125392

0.2207
-0.361983
-0.905682
-1.90329
0.798188

-0.2207
0.361983
0.905682
0.793386
0.00560602

-0.804465
0.403403
-0.436008
0.997121
6.81399e-07

0.804465
-0.403403
0.436008
-3.18105
1.39334

-0.990382
0.103563
-0.0917453
0.469771
0.0400765

0.990382
-0.103563
0.0917453
-2.47059
1.71682

0.214772
0.828783
0.516712
-1.70015
0.770914

-0.214772
-0.828783
-0.516712
0.646025
0.0132543

-0.806582
0.328852
-0.491205
-0.571819
0.106334

0.806582
-0.328852
0.491205
0.954619
0.000194253

0.512076
0.0858908
0.854635
0.894681
0.00162873

-0.512076
-0.0858908
-0.854635
-4.66381
4.57663

0.15303
0.274314
0.949386
0.820886
0.0106625

-0.15303
-0.274314
-0.949386
-12.8705
63.7956

0.504471
0.596699
0.624066
0.588006
0.00602451

-0.82856
0.103077
-0.550331
0.417175
0.0361831

0.82856
-0.103077
0.550331
-1.1093
0.472898

-0.0859975
-0.706875
0.702092
-0.170212
0.171091

0.0859975
0.706875
-0.702092
-0.685098
0.354548

-0.640931
-0.767598
0
-0.547305
0.14201

0.640931
0.767598
0
0.811476
0.00215495

0.474415
0.213889
-0.853921
0.593117
0.0102196

-0.474415
-0.213889
0.853921
-0.0895054
0.0732523

-0.511611
0.548411
-0.661437
0.815817
0.0180809

0.511611
-0.548411
0.661437
-22.6572
297.49

0.882353
0.470589
0
0.356383
0.0649856

-0.875364
-0.402986
-0.267095
-0.554754
0.142402

0.875364
0.402986
0.267095
0.817519
0.0019687

0.140275
0.142321
0.979831
-1.55158
0.403853

-0.140275
-0.142321
-0.979831
0.962595
0.00010846

0.451856
0.892091
0
0.920048
0.00177835

-0.390249
-0.391873
0.833152
-0.348528
0.197417

0.390249
0.391873
-0.833152
-0.114485
0.13492

0.00956145
-0.665603
-0.746244
0.661733
0.00411801

0.979526
-0.179111
0.0919079
-0.0883771
0.0768246

-0.199064
0.529369
0.824707
0.859117
0.00201235

0.199064
-0.529369
-0.824707
-2.37536
1.12283

0.0322223
0.975602
0.21717
-0.179963
0.0745911

-0.0322223
-0.975602
-0.21717
0.756207
0.00318975

-0.838538
-0.544843
0
0.242806
0.0429846

0.838538
0.544843
0
0.242806
0.0429846

-0.476757
0.301544
-0.825696
-0.610649
0.145922

0.476757
-0.301544
0.825696
0.858882
0.00117394

0.365603
-0.365604
-0.855961
-0.0396876
0.199117

-0.365603
0.365604
0.855961
-2.58585
2.36463

0.255578
0.062991
-0.964734
-36.3909
1015.05

-0.255578
-0.062991
0.964734
0.959805
0.00117362

-0.524459
0.394356
0.754604
0.668894
0.00937224

0.524459
-0.394356
-0.754604
-1.03888
0.354973

0.512464
-0.0723655
-0.855654
0.0687951
0.0449051

0.832579
-0.512298
0.210627
-0.657672
0.269393

-0.832579
0.512298
-0.210627
0.312348
0.0465355

-0.370159
0.928968
0
-2.32832
0.86313

0.370159
-0.928968
0
0.963305
0.000110707

0.0986435
0.707417
-0.699879
-1.05838
0.279275

-0.0986435
-0.707417
0.699879
0.870607
0.00169353

-0.146043
-0.328264
0.933228
0.891689
0.00161873

0.313278
0.520538
-0.79429
0.32763
0.0139599

-0.313278
-0.520538
0.79429
0.861399
0.000635712

-0.118966
0.66726
0.735263
0.954027
0.000805955

-0.795496
-0.213699
0.567027
0.264441
0.0545644

0.795496
0.213699
-0.567027
-0.655007
0.275825

-0.220184
-0.975458
0
-1.03452
0.606067

0.220184
0.975458
0
-0.327261
0.259196

0.836228
-0.0381231
0.547055
0.691733
0.00129939

-0.836228
0.0381231
-0.547055
0.946783
4.67961e-05

0.0257185
0.906675
0.421046
0.788326
0.00299173

-0.0257185
-0.906675
-0.421046
-0.734492
0.200009

-0.484413
-0.408246
0.773744
0.69205
0.0332197

0.393977
-0.186231
0.900056
0.208715
0.0343413

-0.393977
0.186231
-0.900056
0.525168
0.012368

-0.0216673
-0.90971
0.414678
0.517106
0.0186569

0.0216673
0.90971
-0.414678
-0.491695
0.177703

0.467894
0.663057
0.58432
-0.0364697
0.111444

-0.467894
-0.663057
-0.58432
-0.321201
0.181009

0.904573
0.220144
0.365082
-0.910702
0.246913

-0.904573
-0.220144
-0.365082
0.823511
0.00211974

-0.262272
-0.464258
0.845978
0.874433
0.000379725

0.39324
-0.279846
0.875813
0.72042
0.00823833

-0.39324
0.279846
-0.875813
-1.95304
0.917633

-0.199862
0.189732
-0.961279
-0.609033
0.368045

0.199862
-0.189732
0.961279
-0.609033
0.368045

-0.210915
0.585288
0.782913
0.424775
0.0504893

0.210915
-0.585288
-0.782913
-2.69168
2.07926

-0.18705
0.449839
-0.873303
-2.72152
1.55611

0.18705
-0.449839
0.873303
0.818599
0.00377785

-0.713887
-0.462426
0.525858
0.431339
0.00842965

0.713887
0.462426
-0.525858
0.879464
0.000380521

0.0662318
0.815689
-0.574687
0.771805
0.00283813

-0.0662318
-0.815689
0.574687
-0.226316
0.0808789

0.103451
0.461621
0.881024
0.572731
0.0200683

-0.103451
-0.461621
-0.881024
-1.6198
0.75407

-0.38568
-0.746981
0.541544
0.456431
0.00523266

0.179928
-0.606833
0.774196
0.820886
0.0106549

0.0140274
-0.744047
0.66798
0.780813
0.00807698

-0.0140274
0.744047
-0.66798
-4.88547
5.81882

0.551662
0.285505
0.783681
-0.406083
0.0795748

-0.159636
-0.918237
-0.362431
0.0934091
0.0616941

0.159636
0.918237
0.362431
0.205451
0.0473952

-0.41804
-0.552556
-0.721058
-2.35494
1.45848

0.41804
0.552556
0.721058
0.579174
0.0230648

0.544293
-0.815711
-0.195857
-0.684933
0.20989

-0.544293
0.815711
0.195857
0.68492
0.00734552

-0.13516
0.739261
0.659716
0.286429
0.0443316

0.13516
-0.739261
-0.659716
-0.306163
0.148248

0.238763
0.608472
0.756806
0.648937
0.022262

-0.238763
-0.608472
-0.756806
-4.61701
5.66952

-0.704979
0.19687
-0.681357
-4.77555
5.76174

0.704979
-0.19687
0.681357
0.731318
0.0124875

-0.653892
0.32481
-0.683318
-10.7689
37.1358

0.653892
-0.32481
0.683318
0.896562
0.00287599

-0.602768
-0.63395
-0.48454
0.760921
0.00193536

0.602768
0.63395
0.48454
0.44486
0.0103292

-0.335649
0.433843
-0.836134
-1.08872
0.281926

0.335649
-0.433843
0.836134
0.887036
0.00082646

-0.467306
0.489973
0.735902
0.69239
0.0144979

0.467306
-0.489973
-0.735902
-3.73428
3.42843

-0.342217
0.495171
0.798557
0.715082
0.00611719

0.754461
-0.41048
0.512148
0.27187
0.0328855

-0.754461
0.41048
-0.512148
0.322952
0.0284337

-0.000310724
0.556616
0.83077
0.913105
0.000550086

0.000310724
-0.556616
-0.83077
-1.40351
0.393767

0.55961
0.10076
0.822608
-0.0294039
0.0992259

-0.55961
-0.10076
-0.822608
-0.0873849
0.110693

0.0214908
0.343172
-0.939027
-1.20336
0.895422

-0.0214908
-0.343172
0.939027
-0.977543
0.721287

-0.505993
-0.22977
-0.83137
-0.772716
0.316645

0.505993
0.22977
0.83137
0.332487
0.0450729

0.165767
-0.25984
-0.951317
-23.5564
299.953

-0.165767
0.25984
0.951317
0.942506
0.00167605

-0.436873
-0.817988
0.374215
0.302752
0.0864808

0.436873
0.817988
-0.374215
-3.22475
3.17456

0.281619
0.413368
0.86592
0.59655
0.0717449

-0.534259
0.661367
-0.526461
-0.684826
0.171104

0.534259
-0.661367
0.526461
0.838365
0.0015996

-0.557384
0.690627
0.460822
0.400966
0.0250819

0.0252675
0.956093
0.29197
0.739489
0.00807337

-0.931509
-0.0819471
-0.354366
-0.546671
0.151051

0.931509
0.0819471
0.354366
0.768241
0.00340672

-0.508405
0.556956
0.656752
0.971945
8.0395e-05

0.508405
-0.556956
-0.656752
-3.19989
1.63673

-0.494137
-0.169783
0.852644
-0.265414
0.185354

0.494137
0.169783
-0.852644
-0.354186
0.21223

0.851751
-0.471335
-0.228833
-0.293179
0.155458

-0.851751
0.471335
0.228833
0.159068
0.065755

0.501824
-0.709189
-0.495201
0.896587
0.00102821

-0.435381
-0.0986875
0.894821
0.954156
0.000263648

-0.311755
-0.494418
0.811394
0.525757
0.00688451

0.311755
0.494418
-0.811394
0.75804
0.00179306

0.673341
-0.324587
-0.66427
-0.510352
0.0869746

-0.673341
0.324587
0.66427
0.971915
3.75229e-05

-0.251364
-0.214497
0.943826
0.895031
0.00209421

0.843438
0.492091
0.215546
0.469965
0.0192792

-0.843438
-0.492091
-0.215546
-0.0817039
0.0802643

0.800047
-0.560169
0.214791
0.414895
0.0672289

-0.800047
0.560169
-0.214791
-4.26594
5.44436

-0.69869
-0.304969
-0.647167
-0.884875
0.263936

0.69869
0.304969
0.647167
0.747712
0.00478458

0.138133
-0.714807
0.685543
0.204048
0.0620901

-0.138133
0.714807
-0.685543
-0.486661
0.216514

-0.730814
-0.14656
0.666657
0.631649
0.00505163

0.730814
0.14656
-0.666657
0.521682
0.00851563

0.750617
0.130205
-0.647781
0.313476
0.0444047

0.250864
-0.38383
0.888674
0.874799
0.000432329

-0.2835
-0.762252
-0.581893
0.843247
0.00195244

0.2835
0.762252
0.581893
-1.46744
0.482773

-0.949141
-0.115384
-0.292946
-16.5123
125.036

0.949141
0.115384
0.292946
0.815781
0.0138385

0.917173
-0.088767
-0.388476
0.912935
0.000209375

-0.917173
0.088767
0.388476
0.313884
0.0125663

0.814378
0.435886
0.383133
0.188493
0.0445447

-0.814378
-0.435886
-0.383133
0.279424
0.0351286

0.401231
0.907685
0.12297
-0.135155
0.0657061

-0.401231
-0.907685
-0.12297
0.772557
0.00263947

-0.00082514
-0.331821
-0.943342
0.537625
0.0198533

0.17441
-0.583824
-0.792925
0.255902
0.0214791

-0.17441
0.583824
0.792925
0.775581
0.00196049

0.789931
-0.613196
0
-4.36346
10.5982

-0.789931
0.613196
0
-2.43261
4.39727

0.38828
-0.50347
0.771852
0.802976
0.0096554

-0.38828
0.50347
-0.771852
-8.65423
23.0137

0.304313
-0.242987
-0.92106
-2.37131
1.28048

-0.304313
0.242987
0.92106
0.749241
0.00711431

-0.775985
0.335497
0.534125
-0.157145
0.0700381

0.394384
-0.567369
-0.722878
-1.85865
0.897276

0.724019
-0.228887
-0.650697
0.138979
0.0743259

-0.724019
0.228887
0.650697
-0.455132
0.212219

0.747261
0.113123
-0.654832
-0.0873849
0.110618

-0.747261
-0.113123
0.654832
-0.0294039
0.09915

-0.128906
-0.254615
0.958413
0.935845
0.000176549

0.128906
0.254615
-0.958413
-0.0904789
0.0411936

0.912649
0.408743
0
-0.542964
0.173541

-0.912649
-0.408743
0
0.65593
0.0103629

-0.490055
-0.871691
0
0.38258
0.0843552

0.490055
0.871691
0
-4.22512
5.24291

-0.252513
-0.18153
-0.950413
-3.88306
3.48858

0.252513
0.18153
0.950413
0.770768
0.00771827

-0.785736
0.358694
0.503942
0.662089
0.0149324

-0.703433
0.323357
0.632947
0.612015
0.0202598

0.0260715
-0.149014
0.988491
0.553654
0.0178777

-0.0260715
0.149014
-0.988491
-0.849714
0.303548

0.610555
-0.352244
0.709328
0.803204
0.00247554

-0.610555
0.352244
-0.709328
-0.638781
0.167964

0.905033
0.00999273
-0.425225
0.303918
0.0263625

-0.905033
-0.00999273
0.425225
0.460225
0.0158657

-0.700301
-0.325768
-0.63518
-1.78898
0.881647

0.700301
0.325768
0.63518
0.587425
0.0193803

-0.370017
-0.163694
-0.91449
0.943378
0.000127203

-0.197824
0.935879
-0.29154
-1.01748
0.236034

0.197824
-0.935879
0.29154
0.922243
0.000354507

-0.201985
0.748802
-0.631267
0.186731
0.0315318

0.201985
-0.748802
0.631267
0.669625
0.00520649

0.097767
0.249145
0.963519
0.970721
3.66726e-05

0.19677
0.910991
-0.362459
-2.44707
1.13544

-0.19677
-0.910991
0.362459
0.88925
0.00118069

0.041202
0.999151
0
0.840543
0.00235722

-0.041202
-0.999151
0
-1.83201
0.708434

0.727692
0.685904
0
-0.595466
0.146113

-0.727692
-0.685904
0
0.84832
0.00183842

-0.269956
-0.57931
0.769106
0.854887
0.00229794

0.269956
0.57931
-0.769106
-2.80052
1.57483

0.0721719
-0.279237
0.957506
0.889843
0.00251532

-0.0481561
0.281535
0.958342
0.945965
0.00147882

-0.381164
-0.591558
-0.710474
-1.60199
0.674781

0.381164
0.591558
0.710474
0.682699
0.0101205

0.318798
0.77712
0.542634
0.921036
0.000259603

-0.318798
-0.77712
-0.542634
-0.289891
0.0683799

0.0638753
0.81625
0.574157
0.274871
0.0766609

-0.957051
0.178149
0.228727
0.886616
0.00347216

0.048721
0.0626139
-0.996848
-3.63201
3.38263

-0.048721
-0.0626139
0.996848
0.630052
0.021629

0.632717
-0.0753847
0.770705
0.785462
0.00506189

0.972886
0.213858
-0.0880729
0.83828
0.00201801

-0.972886
-0.213858
0.0880729
-1.35359
0.427151

-0.398033
0.531459
-0.747744
0.988116
8.19335e-06

0.398033
-0.531459
0.747744
-0.280875
0.0483418

0.711157
0.514509
-0.4791
-0.650394
0.23919

-0.711157
-0.514509
0.4791
0.474256
0.0243617

-0.705402
-0.17272
-0.687442
-3.95088
3.51283

0.705402
0.17272
0.687442
0.801965
0.00567555

0.740322
-0.0215071
-0.671909
0.260101
0.0189557

-0.740322
0.0215071
0.671909
0.836418
0.00096178

0.493911
0.60924
0.620385
0.43203
0.020898

-0.493911
-0.60924
-0.620385
0.0797069
0.0547802

0.0175511
0.990414
0.137012
0.982439
9.26301e-06

-0.0175511
-0.990414
-0.137012
-0.209254
0.04298

-0.290771
-0.898012
0.330193
0.411048
0.0596144

-0.31404
0.209398
-0.92603
-3.85089
2.88047

0.31404
-0.209398
0.92603
0.908614
0.00106939

-0.963363
-0.235987
-0.127443
0.571985
0.00694161

0.288574
-0.803636
-0.520474
0.166275
0.0542618

-0.288574
0.803636
0.520474
0.0656945
0.0681318

0.699016
-0.429643
-0.57165
0.288637
0.0288289

-0.699016
0.429643
0.57165
0.417681
0.0193206

-0.267491
0.320568
-0.908672
-2.11144
1.07018

0.267491
-0.320568
0.908672
0.707798
0.00957237

-0.0162385
0.561309
0.827447
0.63272
0.0115724

0.0162385
-0.561309
-0.827447
-0.918849
0.312473

0.810203
0.363451
0.459864
0.553654
0.0176814

-0.810203
-0.363451
-0.459864
-0.849714
0.303469

-0.328508
0.352289
0.876342
0.756617
0.00946504

0.328508
-0.352289
-0.876342
-4.30036
4.43723

0.143123
0.209246
-0.967332
-5.0801
7.47658

-0.143123
-0.209246
0.967332
0.555871
0.0399522

0.47222
-0.0990315
0.8759
0.835441
0.000921058

-0.47222
0.0990315
-0.8759
0.296536
0.016561

0.200199
-0.364675
0.909358
0.982926
0.00014034

-0.4275
-0.104038
0.898009
0.476889
0.0432971

0.4275
0.104038
-0.898009
-3.05946
2.60588

-0.491652
-0.192059
0.849348
0.820907
0.00103679

-0.538349
0.826172
0.166193
-1.33647
1.06448

0.538349
-0.826172
-0.166193
-1.08409
0.846935

-0.111935
-0.390328
-0.913846
0.948481
0.000613607

-0.384209
-0.342811
0.857242
0.748945
0.0061155

-0.247951
0.5052
0.826616
0.57349
0.0314277

0.247951
-0.5052
-0.826616
-3.97891
4.28028

-0.542608
-0.0421565
-0.838928
-0.65656
0.158475

0.542608
0.0421565
0.838928
0.855758
0.00125829

-0.140412
0.298495
0.944026
0.966189
0.000251975

0.140412
-0.298495
-0.944026
-9.4393
23.5823

-0.866559
-0.499074
0
0.734653
0.0155085

0.733535
-0.0392689
-0.678516
-0.373045
0.137452

-0.733535
0.0392689
0.678516
0.56556
0.0138444

0.749377
-0.0682598
-0.658616
-0.315063
0.124821

-0.749377
0.0682598
0.658616
0.546404
0.0148699

-0.00313537
0.548274
-0.836293
-2.14549
1.07786

0.00313537
-0.548274
0.836293
0.731238
0.00797428

0.287237
0.805905
0.517699
0.902006
0.000667198

0.0555739
-0.737321
-0.673253
-0.622555
0.270846

-0.0555739
0.737321
0.673253
0.204946
0.0650322

-0.57401
0.383391
0.72355
-10.8425
37.1882

0.57401
-0.383391
-0.72355
0.910454
0.00215475

0.0918943
-0.39099
-0.915796
-0.817268
0.256895

-0.0918943
0.39099
0.915796
0.684503
0.00775134

-0.266322
-0.536513
0.800766
0.755418
0.0121481

-0.574343
0.517152
-0.634574
-0.500639
0.123113

0.574343
-0.517152
0.634574
0.846649
0.00131961

0.411134
-0.459061
-0.787548
-8.57616
22.9458

-0.411134
0.459061
0.787548
0.778246
0.012325

0.181766
0.668745
0.720931
0.583799
0.0108577

-0.181766
-0.668745
-0.720931
-0.0837163
0.0730614

0.0832008
0.807317
-0.584224
-2.00354
1.1814

-0.0832008
-0.807317
0.584224
0.448332
0.0399497

0.411011
0.362031
-0.836662
-0.445098
0.113087

-0.411011
-0.362031
0.836662
0.836724
0.00145055

-0.190584
0.72139
-0.665788
0.992282
1.03931e-06

0.499461
0.420697
-0.757333
-1.42167
0.876748

-0.499461
-0.420697
0.757333
-0.115074
0.186099

-0.246936
0.744361
0.620443
0.9559
0.000967658

0.246936
-0.744361
-0.620443
-23.7009
300.325

0.955513
-0.0915768
0.280373
-9.06799
23.3729

-0.955513
0.0915768
-0.280373
0.907425
0.00198053

0.0820192
0.546189
-0.833637
0.684617
0.0117753

-0.0820192
-0.546189
0.833637
-2.27453
1.2563

-0.999918
-0.0127989
0
-1.18001
0.681972

0.999918
0.0127989
0
-0.164822
0.194788

0.885186
0.222856
-0.408388
0.95385
0.000144253

-0.885186
-0.222856
0.408388
-1.62263
0.450906

-0.603092
0.27614
0.748349
0.656073
0.00552772

0.603092
-0.27614
-0.748349
0.25909
0.0253601

-0.279705
-0.495773
0.822177
0.780813
0.0080743

0.550115
0.245904
-0.798063
0.140135
0.043423

-0.206971
0.415422
0.885769
0.842728
0.00370104

-0.398243
0.756327
0.51901
0.50087
0.0181361

0.398243
-0.756327
-0.51901
-0.244365
0.112417

-0.0526854
0.291545
0.955105
0.610258
0.0149078

0.0526854
-0.291545
-0.955105
-1.27619
0.502328

-0.504117
0.104482
0.857292
0.880696
0.000414297

0.504117
-0.104482
-0.857292
0.444458
0.00806891

-0.463148
-0.451027
0.762934
-0.663712
0.207923

0.463148
0.451027
-0.762934
0.662043
0.00867563

0.425649
0.765873
0.481936
0.668894
0.00443097

-0.425649
-0.765873
-0.481936
0.391037
0.0149836

0.528704
-0.555963
0.641387
0.543131
0.0241951

-0.528704
0.555963
-0.641387
-1.74235
0.870879

-0.475582
0.45704
-0.751623
-0.545818
0.162802

0.475582
-0.45704
0.751623
0.717474
0.00673384

0.773501
-0.0159192
0.633595
0.987186
1.1725e-05

-0.773501
0.0159192
-0.633595
-2.15687
0.663987

-0.0788075
-0.818449
0.569148
0.454196
0.0106404

-0.303113
-0.253856
-0.91852
0.856595
0.00499142

0.303113
0.253856
0.91852
-8.84519
23.1816

0.326353
0.0355985
0.944578
-1.62044
1.34557

-0.326353
-0.0355985
-0.944578
-0.858258
0.676953

-0.85255
0.0392829
-0.521167
0.463193
0.00809862

-0.345691
0.499108
0.7946
-1.98823
1.51919

0.345691
-0.499108
-0.7946
-0.131629
0.21814

0.439214
-0.0905003
-0.893813
0.829423
0.000345008

-0.439214
0.0905003
0.893813
0.897485
0.000124823

0.578105
-0.0988447
0.809953
0.718254
0.0182736

-0.578105
0.0988447
-0.809953
-7.13984
15.1612

0.79522
-0.606322
0
0.560714
0.0100306

-0.79522
0.606322
0
0.276522
0.0267926

0.868138
-0.457042
-0.193518
-0.728562
0.286627

-0.868138
0.457042
0.193518
0.386512
0.0361134

-0.237228
0.531288
0.813299
0.745548
0.00438298

0.237228
-0.531288
-0.813299
-0.627971
0.178522

0.897676
0.107378
0.427373
0.509628
0.049503

-0.897676
-0.107378
-0.427373
-5.00707
7.421

0.566111
-0.695501
-0.442489
0.606301
0.00869918

-0.566111
0.695501
0.442489
0.0627685
0.049025

0.862062
0.0545898
-0.503855
-0.576697
0.174235

-0.862062
-0.0545898
0.503855
0.693746
0.00659821

0.78835
0.605284
0.110158
-0.057368
0.0592457

-0.78835
-0.605284
-0.110158
0.712172
0.00439162

-0.423555
-0.158034
0.891979
0.848505
0.000979237

0.251779
-0.167637
-0.953155
-1.11238
0.396769

-0.251779
0.167637
0.953155
0.651376
0.0109691

-0.127972
-0.991778
0
-1.27761
0.604002

0.127972
0.991778
0
0.33963
0.0541202

-0.38236
-0.664999
0.641543
0.695799
0.00337456

0.647173
-0.443832
-0.619823
0.765958
0.00933168

-0.647173
0.443832
0.619823
-4.85105
5.79926

-0.597683
-0.0587688
-0.799576
-0.772143
0.117334

-0.157768
-0.0124045
-0.987398
-1.1699
0.442216

0.157768
0.0124045
0.987398
0.610402
0.0142676

-0.317237
-0.364316
0.875577
0.800023
0.00320226

0.317237
0.364316
-0.875577
-0.0311637
0.0525071

0.639614
0.482836
0.598134
-1.29312
0.460407

-0.639614
-0.482836
-0.598134
0.723533
0.00674554

-0.709891
-0.193762
-0.677135
-0.563019
0.173114

0.709891
0.193762
0.677135
0.678784
0.00738305

-0.491255
-0.590886
0.639939
0.719917
0.00302712

-0.019908
-0.191053
-0.981378
-5.58736
6.06782

0.019908
0.191053
0.981378
0.97142
0.00011456

-0.84497
0.367442
0.388603
0.404804
0.00738309

-0.210243
-0.516069
-0.830344
-1.03653
0.32652

0.210243
0.516069
0.830344
0.744168
0.00524717

0.352363
0.422295
0.835169
0.942726
0.000846784

0.0875751
0.371557
-0.924271
-2.08399
1.20462

-0.0875751
-0.371557
0.924271
0.527783
0.0284521

-0.022692
-0.075142
-0.996915
-0.992721
0.348845

0.022692
0.075142
0.996915
0.62209
0.0127328

0.776819
0.177135
0.604297
0.635935
0.00411751

-0.713674
-0.663407
0.224856
-0.875822
0.243902

0.713674
0.663407
-0.224856
0.797985
0.00283867

0.134584
-0.490703
0.86087
0.693988
0.0109217

0.0149962
-0.364666
0.931018
0.89971
0.00015627

-0.107717
0.211074
0.971517
-0.148846
0.179499

0.107717
-0.211074
-0.971517
-0.99624
0.541104

-0.0682116
0.942447
-0.327325
-0.505751
0.131344

0.0682116
-0.942447
0.327325
0.815756
0.00213857

-0.635236
0.208197
-0.743727
-5.19174
4.69432

0.635236
-0.208197
0.743727
0.990352
1.22131e-05

0.356441
0.116458
0.927031
0.905398
0.0004981

0.678604
-0.148848
-0.719265
0.902426
0.000256936

-0.678604
0.148848
0.719265
0.370233
0.0103485

-0.950642
-0.31029
0
-2.70365
1.54551

0.950642
0.31029
0
0.809714
0.00453665

0.335015
0.69147
0.640028
0.0319293
0.0931502

-0.153502
0.97462
0.162951
-2.6317
1.33432

0.153502
-0.97462
-0.162951
0.880396
0.00145052

0.632071
0.752398
0.185425
0.501389
0.01501

0.0626073
-0.141974
-0.987889
-9.89193
36.0226

-0.0626073
0.141974
0.987889
0.639935
0.0393748

-0.60972
-0.792617
0
0.720667
0.157963

-0.0561728
0.722102
-0.689502
-2.23447
1.09723

0.0561728
-0.722102
0.689502
0.786771
0.00478301

-0.451893
0.646742
0.614424
0.398821
0.050541

0.451893
-0.646742
-0.614424
-2.16398
1.3968

0.215225
0.152556
0.964575
0.948919
0.00191219

-0.215225
-0.152556
-0.964575
-36.2376
1014.49

-0.549859
-0.792788
0.262948
0.368442
0.0239049

0.549859
0.792788
-0.262948
0.273239
0.0316504

0.545511
0.217142
-0.809486
-3.51366
2.78697

-0.545511
-0.217142
0.809486
0.777103
0.00679886

0.1546
0.582186
0.798222
0.662742
0.0023754

-0.375084
-0.0504921
0.925614
0.928487
0.000266273

0.375084
0.0504921
-0.925614
-0.787819
0.16552

-0.937909
-0.174426
-0.299837
0.653323
0.0117828

0.818218
0.0432117
0.573282
-0.204179
0.165072

-0.818218
-0.0432117
-0.573282
-0.376006
0.215503

-0.951943
-0.19665
-0.234806
-0.542964
0.171266

0.951943
0.19665
0.234806
0.65593
0.00852539

-0.871147
0.491023
0
0.579176
0.0230112

-0.414763
-0.022855
-0.909642
-0.139933
0.0727816

0.445114
0.0512711
0.894005
-1.30164
0.269906

-0.445114
-0.0512711
-0.894005
0.984355
2.00782e-05

0.176449
-0.0329558
-0.983758
0.985885
1.13242e-05

0.373098
-0.346057
0.860838
0.853724
0.00862948

0.707205
-0.637501
0.305703
0.963327
0.000659747

-0.707205
0.637501
-0.305703
-23.7911
300.534

-0.0249628
0.860026
0.509639
0.354527
0.0141178

0.0249628
-0.860026
-0.509639
0.801925
0.00133491

0.360574
-0.832391
-0.420847
-0.38504
0.146964

-0.360574
0.832391
0.420847
0.512588
0.0182089

0.714494
0.633967
0.295947
0.448332
0.0398876

-0.714494
-0.633967
-0.295947
-2.00354
1.18164

-0.102601
0.037462
0.994017
0.989357
3.26244e-05

-0.714741
-0.495774
-0.493308
0.0159385
0.0946736

0.43271
-0.27991
0.856979
0.265352
0.0629685

-0.898139
0.155069
0.41146
0.99205
4.77098e-06

0.898139
-0.155069
-0.41146
-2.06204
0.585718

0.0761955
-0.151258
0.985553
0.952198
0.000189259

-0.563965
0.706937
-0.42683
0.751954
0.00664029

-0.260212
-0.352193
-0.899027
-0.941067
0.341706

0.260212
0.352193
0.899027
0.564472
0.0172447

0.114826
0.799849
-0.589115
-0.670331
0.170137

-0.114826
-0.799849
0.589115
0.827779
0.00184154

-0.483801
-0.300662
0.821912
0.914953
0.00043731

0.298111
0.331752
-0.895025
-1.62963
0.499299

-0.298111
-0.331752
0.895025
0.919629
0.000475977

0.467046
0.702161
-0.537436
0.915128
0.00227106

0.542272
0.509493
0.6681
0.698662
0.00260938

-0.542272
-0.509493
-0.6681
0.667509
0.0031674

-0.0101273
0.64109
-0.767399
0.797005
0.0026567

-0.204231
0.51024
0.835431
0.77721
0.00440304

0.204231
-0.51024
-0.835431
-1.47543
0.53288

-0.342952
0.838901
0.422646
-1.26492
0.605856

0.342952
-0.838901
-0.422646
0.314862
0.0554526

0.252285
0.183508
0.950093
0.808491
0.00175157

0.305586
-0.685489
0.660849
0.638098
0.00540424

0.840498
-0.442417
0.312778
-5.65514
6.07923

-0.840498
0.442417
-0.312778
0.979858
5.78145e-05

-0.407042
-0.585595
-0.700996
0.54604
0.0175169

-0.917377
-0.11797
-0.380136
-1.13423
0.309898

0.917377
0.11797
0.380136
0.868881
0.00118057

0.709243
-0.659195
0.249874
-2.18817
1.40538

-0.709243
0.659195
-0.249874
0.424133
0.0458695

0.694753
0.47881
-0.536712
0.8574
0.00133179

0.350817
-0.868269
-0.350766
-1.05993
0.258154

-0.350817
0.868269
0.350766
0.909624
0.000503428

-0.268369
-0.663222
0.698652
0.648601
0.00614735

0.268369
0.663222
-0.698652
0.181368
0.0330375

0.665193
0.516089
-0.539602
-3.89148
4.23013

-0.665193
-0.516089
0.539602
0.51221
0.0421452

0.57256
-0.710847
0.408499
0.248902
0.0557016

-0.57256
0.710847
-0.408499
-0.575435
0.245042

-0.798752
0.384022
0.463166
0.122347
0.192428

0.798752
-0.384022
-0.463166
-5.24111
9.72574

0.560349
-0.29364
-0.774458
0.693149
0.00480059

-0.461453
-0.0880576
0.882784
0.933426
0.000221891

0.461453
0.0880576
-0.882784
-0.445139
0.0902725

-0.893646
-0.2171
0.392764
-0.132461
0.0757795

0.893646
0.2171
-0.392764
0.657431
0.00695686

0.400668
0.286682
0.870218
0.871063
0.000263523

-0.691086
-0.554226
-0.463933
-2.92298
2.16957

0.691086
0.554226
0.463933
0.616895
0.0207363

0.107392
-0.47062
0.875776
0.88919
0.000429052

-0.107392
0.47062
-0.875776
0.23345
0.018401

-0.561107
-0.560841
0.608783
0.648937
0.0221769

0.561107
0.560841
-0.608783
-4.61701
5.6725

0.253048
-0.658706
0.708571
0.207861
0.0681824

-0.253048
0.658706
-0.708571
-0.782321
0.344491

0.74694
0.646133
0.156824
0.614505
0.00960627

-0.74694
-0.646133
-0.156824
-0.202814
0.0928992

0.0380087
0.999277
0
0.913408
0.000330405

0.271549
0.279664
0.920896
0.764008
0.00312187

-0.271549
-0.279664
-0.920896
-0.218968
0.0806553

-0.858273
-0.513194
0
0.722846
0.0226745

-0.50128
0.741576
-0.445851
0.872353
0.000594818

0.50128
-0.741576
0.445851
0.14261
0.0257799

-0.91999
0.0584252
0.387562
0.48385
0.00697675

0.91999
-0.0584252
-0.387562
0.856715
0.000547175

0.628522
-0.753492
0.192897
0.346904
0.0386166

-0.628522
0.753492
-0.192897
-0.501231
0.203996

-0.0213209
-0.905666
0.423455
0.89208
0.000623236

0.0213209
0.905666
-0.423455
-0.614984
0.137091

-0.408918
-0.131561
0.903038
0.175213
0.056123

0.408918
0.131561
-0.903038
-0.0498239
0.0908907

-0.238378
-0.52289
-0.81839
0.353392
0.033885

-0.680494
-0.348416
0.644619
0.625841
0.00545426

0.680494
0.348416
-0.644619
0.485325
0.0103193

-0.710288
0.24505
0.659879
0.558703
0.0092998

0.512892
-0.0227197
0.858152
0.837854
0.00175939

0.312075
-0.165802
0.935478
0.79637
0.00322584

-0.923712
0.078731
0.37491
0.952571
0.000104819

0.923712
-0.078731
-0.37491
-0.651012
0.122207

-0.577392
-0.514265
0.634153
0.689834
0.00262128

0.577392
0.514265
-0.634153
0.694738
0.00253918

0.677252
-0.0128725
0.735638
0.588952
0.0200499

-0.677252
0.0128725
-0.735638
-1.9616
1.03474

-0.684199
-0.370795
0.628
-0.335996
0.100999

0.684199
0.370795
-0.628
0.77542
0.00285466

0.457594
0.806213
-0.375004
0.9296
0.000562135

-0.25439
0.544142
-0.799497
-1.6549
0.849381

0.25439
-0.544142
0.799497
0.451463
0.0363019

0.792626
0.609708
0
-4.85104
20.352

-0.792626
-0.609708
0
-7.4255
41.8676

-0.782281
0.41245
-0.466822
0.541534
0.0368431

0.782281
-0.41245
0.466822
-3.93238
4.25299

0.525381
0.561881
0.638955
0.59246
0.0108844

0.0645685
-0.0292387
0.997485
0.99681
4.78464e-06

0.0977537
0.1423
0.984985
0.963725
0.000226708

0.688613
-0.593358
0.416819
-2.33319
2.75891

-0.688613
0.593358
-0.416819
-1.3501
1.37268

0.425311
0.822364
0.377925
0.414526
0.00974563

-0.425311
-0.822364
-0.377925
0.854185
0.00060763

0.380624
0.191322
-0.904722
-13.5162
64.6304

-0.380624
-0.191322
0.904722
0.940351
0.00109459

-0.711253
0.233249
-0.663109
-1.36782
0.569599

0.711253
-0.233249
0.663109
0.585926
0.0174249

0.597114
-0.0562926
-0.800179
0.837971
0.00166351

-0.597114
0.0562926
0.800179
-0.800322
0.205086

-0.944334
-0.0876394
-0.317102
0.403943
0.0233082

0.944334
0.0876394
0.317102
0.0922879
0.054025

-0.164034
-0.57954
-0.798265
-2.09698
0.944547

0.164034
0.57954
0.798265
0.811187
0.00358004

-0.274388
-0.758172
0.591512
0.910609
0.00060316

0.274388
0.758172
-0.591512
-1.60664
0.497137

0.338627
-0.788016
0.514161
0.493565
0.00949357

-0.202274
-0.891221
-0.405968
-0.970019
0.408797

0.202274
0.891221
0.405968
0.364016
0.0426483

0.453365
0.881537
0.13173
0.857526
0.000992884

-0.453365
-0.881537
-0.13173
-0.321416
0.0852937

-0.167904
-0.650628
0.740602
0.412802
0.0284864

0.167904
0.650628
-0.740602
-0.373517
0.155243

0.361079
0.297987
0.883644
0.930686
0.000546448

-0.361079
-0.297987
-0.883644
-3.58517
2.35552

0.00567039
0.120868
-0.992652
-0.177967
0.184255

-0.00567039
-0.120868
0.992652
-0.872731
0.465031

0.921964
0.118525
0.368692
0.849612
0.00262303

-0.921964
-0.118525
-0.368692
-3.04699
1.89079

-0.389111
-0.190993
-0.901174
-10.7021
37.0736

0.389111
0.190993
0.901174
0.882979
0.00371097

0.0486502
0.0921618
-0.994555
-0.395959
0.0933395

-0.0486502
-0.0921618
0.994555
0.885283
0.000637426

0.773539
-0.534361
-0.340729
0.102027
0.0356611

-0.773539
0.534361
0.340729
0.767417
0.00240459

0.0271089
0.350947
0.936003
0.968735
7.38972e-05

-0.133427
-0.406844
0.903701
0.914727
0.000707928

0.133427
0.406844
-0.903701
-2.72701
1.35013

0.265084
-0.608597
-0.747891
-1.15882
0.440474

-0.265084
0.608597
0.747891
0.59891
0.0152324

-0.572474
-0.215062
0.791215
0.488648
0.02549

0.572474
0.215062
-0.791215
-0.967496
0.375214

0.801194
0.298215
-0.518803
0.471209
0.0134484

-0.801194
-0.298215
0.518803
0.44056
0.0150512

0.618989
0.698149
-0.35978
0.815955
0.00156039

-0.618989
-0.698149
0.35978
-0.0705161
0.052384

0.700847
0.332868
-0.630883
-0.737926
0.152441

-0.700847
-0.332868
0.630883
0.929725
0.000265693

-0.0613712
0.876052
0.478295
-1.3473
0.765541

-0.851723
0.0561224
0.520979
0.527416
0.00567206

-0.716239
-0.663959
0.214847
-0.417527
0.221793

0.716239
0.663959
-0.214847
-0.094712
0.132284

-0.323571
-0.263646
0.908731
0.945966
0.00145589

0.323571
0.263646
-0.908731
-23.5919
300.144

-0.393095
-0.102433
0.913775
0.900983
0.00112404

0.393095
0.102433
-0.913775
-3.18352
1.91826

0.0395715
-0.307064
-0.950866
-2.87342
2.51693

-0.0395715
0.307064
0.950866
0.302854
0.0816113

0.903176
0.429271
0
-0.9988
0.596022

-0.903176
-0.429271
0
-0.410356
0.315303

-0.639855
0.374991
-0.670796
0.361118
0.0206461

0.639855
-0.374991
0.670796
0.495204
0.0129185

0.695477
-0.322307
-0.642207
0.0966818
0.0358138

-0.695477
0.322307
0.642207
0.77417
0.00224311

-0.925848
-0.376962
0.0265483
0.901977
0.0022264

0.925848
0.376962
-0.0265483
-9.0413
23.3556

0.851454
-0.135757
-0.506554
-13.4933
64.5987

-0.851454
0.135757
0.506554
0.937269
0.00121999

0.318003
0.221106
-0.921947
-6.31381
14.2404

-0.318003
-0.221106
0.921947
0.251067
0.149671

0.810097
0.52432
0.262358
0.816634
0.00170133

-0.810097
-0.52432
-0.262358
-0.239556
0.0774461

0.0531472
0.724827
0.686877
0.689911
0.002591

-0.195468
0.0246325
-0.980401
-16.5123
124.958

0.195468
-0.0246325
0.980401
0.815781
0.0139348

0.388639
0.0554592
-0.91972
0.0560331
0.192945

-0.388639
-0.0554592
0.91972
-3.87587
5.14521

-0.0782161
-0.996936
0
-0.419497
0.125446

0.0782161
0.996936
0
0.735309
0.00439766

-0.517097
-0.462012
-0.720525
-6.22655
10.6482

0.517097
0.462012
0.720525
0.745941
0.0131695

-0.671846
-0.507914
0.539116
-0.15131
0.281032

0.263654
0.0604708
0.96272
0.861867
0.00405136

-0.616653
-0.366194
-0.696879
0.172496
0.0299204

0.616653
0.366194
0.696879
0.744597
0.00290275

0.414792
0.909916
0
0.524716
0.0104092

-0.414792
-0.909916
0
0.4422
0.0143039

-0.105914
-0.338304
0.935058
0.94009
0.00092862

0.105914
0.338304
-0.935058
-11.0236
37.3517

-0.0713056
-0.0975256
0.992675
0.940851
0.00107286

-0.936461
-0.0271468
0.349719
-0.00284815
0.0572539

-0.385899
-0.133512
-0.912829
0.692817
0.00285009

0.266605
0.173425
0.948075
-1.42994
0.526119

-0.266605
-0.173425
-0.948075
0.74438
0.006045

-0.383622
-0.26658
0.884177
0.356384
0.0367019

0.383622
0.26658
-0.884177
-0.448132
0.184935

0.0792637
0.352327
-0.932514
-1.80505
0.56984

-0.0792637
-0.352327
0.932514
0.939188
0.000299516

-0.330935
0.69982
-0.633035
-0.67461
0.195048

0.330935
-0.69982
0.633035
0.735281
0.00492868

-0.795346
-0.225568
0.562622
-0.446078
0.304448

0.795346
0.225568
-0.562622
-0.867356
0.507668

-0.241333
0.252211
-0.937095
-6.97523
15.0128

0.241333
-0.252211
0.937095
0.646529
0.0295108

0.244919
-0.773601
-0.584429
-5.31912
7.64476

-0.244919
0.773601
0.584429
0.687943
0.0187052

-0.701744
-0.294689
0.648624
-0.358519
0.163467

0.701744
0.294689
-0.648624
0.290311
0.0446388

-0.546838
0.475575
0.689054
0.68415
0.00151258

-0.145921
-0.608109
-0.780327
0.771866
0.00488849

0.145921
0.608109
0.780327
-1.72253
0.695765

0.781129
-0.232884
0.579312
0.852861
0.00144709

-0.781129
0.232884
-0.579312
-0.955061
0.250542

0.609937
0.170252
0.773945
0.806006
0.00252548

-0.609937
-0.170252
-0.773945
-0.819448
0.221926

-0.350873
0.0815668
0.932864
0.877407
0.00783849

0.350873
-0.0815668
-0.932864
-23.0283
298.63

-0.0886206
-0.466005
0.880333
0.854667
0.00125014

0.0886206
0.466005
-0.880333
-0.708394
0.17261

0.261944
-0.888702
0.37629
-36.3296
1014.8

-0.261944
0.888702
-0.37629
0.955613
0.00143865

0.841652
-0.0935407
-0.531858
-0.765167
0.270578

-0.841652
0.0935407
0.531858
0.543089
0.0181881

-0.549099
-0.541138
-0.636914
-0.423378
0.181973

0.549099
0.541138
0.636914
0.311182
0.0427045

0.428994
-0.22164
0.875694
0.522489
0.0206645

-0.428994
0.22164
-0.875694
-0.798593
0.289037

-0.802257
-0.441858
0.401429
0.374626
0.0527178

0.802257
0.441858
-0.401429
-1.93579
1.16072

0.734517
-0.0383002
0.677509
0.503499
0.0122667

-0.436243
-0.8125
0.386698
-0.118841
0.127496

0.436243
0.8125
-0.386698
-0.187674
0.14366

-0.206303
0.593299
0.778097
0.841919
0.00331606

0.206303
-0.593299
-0.778097
-3.65854
2.83063

0.724407
-0.377018
0.577142
0.795213
0.0104416

-0.724407
0.377018
-0.577142
-8.62915
22.9951

0.508278
0.774652
0.376255
0.859575
0.00376621

-0.508278
-0.774652
-0.376255
-6.55175
10.8575

-0.694789
-0.279686
-0.662605
0.878891
0.000496566

-0.099488
-0.281733
-0.954321
-7.81472
15.661

0.099488
0.281733
0.954321
0.920048
0.0012912

0.888702
-0.214816
-0.405046
-1.51262
0.401839

-0.888702
0.214816
0.405046
0.951829
0.000152444

0.441015
-0.100028
0.891908
0.641815
0.00823601

0.526882
-0.801394
-0.283132
-4.19805
4.38715

-0.526882
0.801394
0.283132
0.705101
0.0143419

0.0063362
0.804427
-0.594018
0.304705
0.0222614

0.345308
-0.938489
0
0.634497
0.00714588

-0.715285
0.334127
-0.613781
0.387035
0.0967027

0.715285
-0.334127
0.613781
-6.50884
14.492

-0.276201
0.229029
-0.933412
-6.75989
10.9661

0.276201
-0.229029
0.933412
0.913003
0.00138015

0.69601
0.559687
-0.449801
0.984295
1.16367e-05

0.0689221
0.0200736
0.99742
-1.8085
1.64037

-0.0689221
-0.0200736
-0.99742
-0.950348
0.791435

-0.508566
-0.861023
0
-0.164669
0.105787

0.508566
0.861023
0
0.353406
0.0326204

0.134072
0.695143
-0.706258
0.742555
0.00874699

-0.70366
-0.13784
0.697038
0.949155
0.000109335

0.70366
0.13784
-0.697038
-0.261162
0.0583345

-0.579503
0.312897
-0.75251
0.926414
0.000102804

0.579503
-0.312897
0.75251
0.549091
0.0038476

0.986235
0.0728207
0.148452
-5.22802
5.93357

-0.986235
-0.0728207
-0.148452
0.902319
0.00148067

0.437767
0.842372
0.314277
0.295089
0.057201

-0.437767
-0.842372
-0.314277
-1.13206
0.523021

0.74769
0.248742
-0.6157
0.99306
1.86513e-05

0.351294
-0.264977
0.897987
-1.29862
1.53583

-0.351294
0.264977
-0.897987
-3.5053
5.90001

0.991705
-0.10719
0.0709341
-4.17101
2.84498

-0.991705
0.10719
-0.0709341
0.984875
2.5093e-05

0.287195
-0.356282
-0.889147
0.799263
0.00205401

-0.628657
0.711238
0.314533
-0.256931
0.119928

0.628657
-0.711238
-0.314533
0.451298
0.0228733

-0.255787
-0.451129
0.855018
-0.177967
0.183976

0.255787
0.451129
-0.855018
-0.872731
0.464962

0.36603
-0.0904421
0.926198
0.521682
0.0321765

-0.36603
0.0904421
-0.926198
-2.0775
1.18949

0.728384
-0.159072
-0.666448
-0.241801
0.14125

-0.728384
0.159072
0.666448
0.146032
0.0668167

-0.0662022
0.383454
-0.921184
0.971429
5.11189e-05

0.0662022
-0.383454
0.921184
-1.58857
0.406228

0.751643
0.65957
0
0.44056
0.0186367

-0.751643
-0.65957
0
0.471209
0.0169095

-0.505569
-0.818662
0.272385
0.850452
0.00143123

0.505569
0.818662
-0.272385
-0.702144
0.17239

0.312759
-0.0713907
0.947146
-1.14538
0.871966

-0.312759
0.0713907
-0.947146
-1.14538
0.871966

-0.35542
-0.863741
-0.35725
0.145741
0.0608512

0.35542
0.863741
0.35725
-0.0384766
0.0899082

-0.407832
-0.279855
0.869111
0.897455
0.000734659

0.407832
0.279855
-0.869111
-1.18941
0.314284

-0.747476
0.651773
0.128342
0.411009
0.0172812

-0.285069
-0.89994
0.329915
0.032223
0.042648

0.285069
0.89994
-0.329915
0.778993
0.0022355

-0.679655
0.299114
0.669776
0.185658
0.0914152

0.679655
-0.299114
-0.669776
-1.6077
0.935811

0.473828
-0.632172
0.613062
0.688721
0.0118863

-0.473828
0.632172
-0.613062
-2.49945
1.50135

-0.904799
-0.239613
-0.352029
-0.149313
0.0633152

0.904799
0.239613
0.352029
0.81611
0.00163259

-0.281395
0.367484
0.886438
0.485108
0.0990297

0.281395
-0.367484
-0.886438
-11.8723
61.7449

0.447258
0.576426
-0.683881
-2.45535
1.48826

-0.447258
-0.576426
0.683881
0.657544
0.0147069

0.642285
0.643538
0.416327
-1.04001
0.38632

-0.642285
-0.643538
-0.416327
0.57555
0.0167279

-0.746317
-0.624257
0.2309
-0.886203
0.182356

0.746317
0.624257
-0.2309
0.945551
0.000153687

0.0659201
0.273325
-0.95966
-17.5283
126.727

-0.0659201
-0.273325
0.95966
0.967152
0.000398683

-0.762305
-0.647218
0
-0.4373
0.231353

0.762305
0.647218
0
-0.0456517
0.127081

0.474722
-0.0303878
0.879611
0.448332
0.0859952

-0.474722
0.0303878
-0.879611
-7.82673
22.014

0.466066
-0.338823
0.817302
0.856974
0.00564598

-0.466066
0.338823
-0.817302
-10.5851
36.9483

-0.192305
0.0981307
-0.976416
0.52837
0.0115324

0.192305
-0.0981307
0.976416
0.305989
0.0247808

0.497494
0.496391
0.711404
0.488799
0.0467324

-0.375311
-0.0716194
-0.924128
-0.330339
0.119238

0.375311
0.0716194
0.924128
0.629434
0.00939157

0.292358
0.805975
-0.514714
0.96159
5.85481e-05

-0.292358
-0.805975
0.514714
-0.443524
0.0805522

0.135668
0.624704
0.768985
-2.73438
2.87028

-0.135668
-0.624704
-0.768985
-0.303948
0.350258

0.0862485
0.760443
0.643652
0.681229
0.00458373

-0.0862485
-0.760443
-0.643652
0.259813
0.0244658

-0.1285
-0.408653
-0.903598
0.696582
0.00320835

0.984579
-0.0614547
-0.163792
-1.19253
0.649876

-0.984579
0.0614547
0.163792
-0.006145
0.136864

-0.011368
0.566072
-0.824277
0.897364
0.000639722

0.774178
0.430592
-0.463937
-12.7677
63.6282

-0.774178
-0.430592
0.463937
0.795244
0.0140999

-0.436979
0.765466
0.472346
0.850213
0.00121435

0.436979
-0.765466
-0.472346
-0.462761
0.114058

0.590042
-0.491222
0.640743
0.519814
0.0148634

-0.590042
0.491222
-0.640743
-0.0439721
0.0702332

-0.919412
0.134416
0.369613
0.423367
0.0278063

0.919412
-0.134416
-0.369613
-0.431785
0.171415

-0.328774
0.674166
0.661368
-0.186384
0.34548

0.328774
-0.674166
-0.661368
-4.23196
6.71416

-0.290246
0.72141
-0.628748
-7.76182
21.9174

0.290246
-0.72141
0.628748
0.411069
0.0990361

0.109367
-0.176943
0.978126
0.6644
0.0113592

-0.109367
0.176943
-0.978126
-1.5801
0.670992

0.148772
0.313028
0.938019
0.75171
0.00765823

-0.148772
-0.313028
-0.938019
-2.84949
1.84

-0.148527
-0.791655
0.592639
0.593117
0.010233

0.997066
0.029744
0.070535
-0.354605
0.173685

-0.997066
-0.029744
-0.070535
0.172177
0.0648671

0.430667
-0.377588
-0.819727
-1.16389
1.11068

-0.430667
0.377588
0.819727
-2.27782
2.54784

-0.790199
-0.0299406
-0.612118
0.138979
0.0744066

0.790199
0.0299406
0.612118
-0.455132
0.212284

0.201694
-0.216012
0.955332
0.780862
0.00972084

-0.00340333
-0.0626882
0.998027
0.892233
0.000952103

0.377193
-0.0092117
0.926089
0.707186
0.010409

0.146108
0.209639
0.966801
-0.110346
0.0514949

-0.146108
-0.209639
-0.966801
0.873404
0.000685456

-0.59908
-0.0819876
-0.796481
0.892442
0.000199327

-0.292985
-0.956117
0
0.279721
0.0263193

0.149285
-0.198806
-0.968602
0.380695
0.00839552

0.8575
0.514484
0
0.680191
0.0827721

-0.8575
-0.514484
0
-34.2588
1001.69

0.320283
0.740129
-0.591293
0.44442
0.0153689

0.815392
0.280056
-0.50666
-3.75284
6.19128

-0.815392
-0.280056
0.50666
-0.856594
0.94491

-0.56053
0.828134
0
-0.298044
0.141751

0.56053
-0.828134
0
0.363957
0.0362267

-0.509481
0.006116
0.86046
0.123317
0.0624355

0.509481
-0.006116
-0.86046
0.0356971
0.0755386

0.5522
-0.655876
0.514686
0.516524
0.0187479

-0.5522
0.655876
-0.514686
-0.487859
0.176665

0.373424
0.866546
0.331138
0.037787
0.158703

-0.373424
-0.866546
-0.331138
-2.35278
1.92631

0.109286
0.841309
-0.529392
0.119378
0.0843816

-0.109286
-0.841309
0.529392
-0.653738
0.29733

0.999498
0.0316859
0
-2.77518
1.18879

-0.999498
-0.0316859
0
0.974078
8.83863e-05

-0.527133
-0.245304
-0.813608
-0.914344
0.266822

0.527133
0.245304
0.813608
0.772373
0.00379282

-0.609438
0.48457
-0.627517
-0.0956532
0.0854059

0.609438
-0.48457
0.627517
0.433122
0.0228788

-0.109738
0.461526
-0.880313
-6.77047
14.7988

0.109738
-0.461526
0.880313
0.543333
0.0511356

-0.486822
-0.842277
-0.231459
-4.18236
5.38413

0.486822
0.842277
0.231459
0.34749
0.0853748

0.429647
0.902997
0
0.334436
0.0329322

-0.883777
0.467909
0
0.899913
2.51675

0.872766
0.362007
-0.32746
-1.6051
0.750858

-0.872766
-0.362007
0.32746
0.558303
0.0216094

0.866556
-0.48206
0.129222
0.393077
0.0229405

0.828035
-0.282252
0.484449
0.904081
0.00290733

-0.828035
0.282252
-0.484449
-13.2765
64.3731

-0.114291
-0.844026
-0.523983
0.53428
0.00779874

-0.417735
0.221397
0.881181
0.40811
0.0169003

0.417735
-0.221397
-0.881181
0.500199
0.0120597

0.64866
-0.0800253
0.756859
0.756183
0.00878615

0.974644
0.22376
0
-4.23249
3.50175

-0.974644
-0.22376
0
0.904048
0.00232152

-0.503287
0.49631
0.707375
0.794488
0.00351419

-0.42352
0.0905847
0.901346
0.977788
6.16943e-05

0.42352
-0.0905847
-0.901346
-3.82166
2.38863

-0.837166
0.546949
0
-2.6944
1.54982

0.837166
-0.546949
0
0.805007
0.00440681

-0.262202
-0.132037
-0.955938
0.409321
0.113731

0.443439
-0.32299
0.836085
0.815049
0.000684632

-0.443439
0.32299
-0.836085
0.739701
0.00134474

0.416088
0.60369
0.680022
0.564472
0.0172133

-0.416088
-0.60369
-0.680022
-0.941067
0.341701

-0.236124
0.800811
0.550407
0.675747
0.0109326

-0.457275
-0.676072
0.577777
0.701031
0.0145782

-0.342617
-0.939475
0
0.858297
0.00163961

0.342617
0.939475
0
-1.60993
0.550419

0.0584026
-0.85616
-0.513399
0.958101
0.00011997

0.712591
-0.470625
0.520314
0.0554923
0.0418598

-0.712591
0.470625
-0.520314
0.750187
0.00295877

-0.268126
-0.333277
0.9039
0.952658
0.000840183

-0.764054
0.0377779
-0.644046
0.739029
0.0017535

0.764054
-0.0377779
0.644046
0.677254
0.00268052

0.766503
0.0922647
-0.635578
0.349884
0.162874

-0.211979
0.598469
0.772592
-0.188856
0.0409718

0.211979
-0.598469
-0.772592
0.982857
1.46966e-05

0.739455
-0.506703
0.443237
0.708626
0.0114271

0.703616
0.5262
0.477533
0.540276
0.0189255

0.636093
-0.494347
-0.592458
-0.287228
0.137708

-0.636093
0.494347
0.592458
0.343251
0.0359158

-0.703233
-0.477825
0.526446
0.630636
0.0268106

-0.771904
0.065528
-0.632352
-0.454952
0.120517

0.771904
-0.065528
0.632352
0.810272
0.00208974

0.247625
0.749219
0.61429
0.647814
0.00208611

-0.295419
-0.329055
0.896912
0.0255315
0.0890851

0.295419
0.329055
-0.896912
-0.148681
0.123684

0.449037
-0.368189
-0.814127
-6.71373
10.9425

-0.449037
0.368189
0.814127
0.902373
0.00176256

0.231738
0.0607045
0.970882
0.953167
0.000489722

-0.119728
-0.37747
0.918249
0.881833
0.00239114

-0.296396
-0.625958
-0.721336
0.527141
0.0252203

0.296396
0.625958
0.721336
-1.57446
0.743933

0.0451936
-0.148914
-0.987817
-4.98712
4.65737

-0.0451936
0.148914
0.987817
0.966322
0.000167379

0.226
-0.401408
-0.887579
0.346709
0.0582708

-0.226
0.401408
0.887579
-1.91159
1.15258

-0.324429
0.728149
-0.603775
0.169289
0.0592067

0.324429
-0.728149
0.603775
-0.121979
0.107916

-0.236953
0.0904667
0.9673
0.943542
0.001236

0.398828
-0.466301
-0.789619
0.963441
2.74713e-05

-0.398828
0.466301
0.789619
0.342101
0.00886659

-0.640675
-0.369748
-0.67292
0.861767
0.000837658

0.693336
-0.676132
0.24926
0.517974
0.0112792

-0.693336
0.676132
-0.24926
0.377548
0.0188066

-0.550048
0.609747
0.570663
-0.656966
0.12244

0.550048
-0.609747
-0.570663
0.954731
0.000100173

-0.488121
-0.849523
-0.200121
0.327721
0.0326934

0.488121
0.849523
0.200121
0.0168538
0.0699081

-0.0975518
-0.208633
-0.973117
-2.02509
0.656206

0.0975518
0.208633
0.973117
0.963365
9.75539e-05

0.154542
-0.386924
-0.909069
-0.656935
0.19358

0.330375
0.685097
0.649227
0.285776
0.060996

-0.330375
-0.685097
-0.649227
-1.2445
0.60114

-0.811573
-0.584251
0
0.77618
0.00186052

0.0641268
0.966598
0.248145
0.846758
0.00350091

-0.617366
0.496814
0.609947
-3.61863
2.81952

0.617366
-0.496814
-0.609947
0.825376
0.00406877

-0.0965504
-0.782554
0.615051
0.639343
0.00378615

0.0965504
0.782554
-0.615051
0.700007
0.00261983

-0.789584
-0.106294
0.604367
0.250293
0.0365376

0.789584
0.106294
-0.604367
0.27832
0.0338584

-0.27141
-0.880542
0.388565
0.393998
0.0342252

0.27141
0.880542
-0.388565
-0.660197
0.256806

-0.526728
-0.562673
0.637148
0.702067
0.00194616

0.288328
0.145493
0.946414
0.952398
0.000442241

-0.137814
0.791999
0.594765
0.859575
0.00378317

0.137814
-0.791999
-0.594765
-6.55175
10.8547

0.160447
0.977489
0.137015
-0.87034
0.331471

-0.160447
-0.977489
-0.137015
0.475789
0.0260429

-0.317852
-0.106578
0.942131
0.789431
0.00602259

0.317852
0.106578
-0.942131
-3.53905
2.79532

-0.10393
0.607037
0.787848
0.802527
0.00771604

0.10393
-0.607037
-0.787848
-6.37475
10.7502

0.322934
0.208739
0.923115
0.841128
0.00223487

0.695668
-0.533195
-0.481403
0.886953
0.00408517

-0.695668
0.533195
0.481403
-13.1806
64.2532

0.127603
-0.0579907
0.990129
0.931041
0.000421195

-0.127603
0.0579907
-0.990129
-2.37896
0.986927

0.623786
0.663407
0.413258
0.478377
0.0232524

-0.623786
-0.663407
-0.413258
-0.582775
0.213751

0.528296
-0.116225
-0.841068
-10.4931
36.8276

-0.528296
0.116225
0.841068
0.834499
0.00770726

-0.647575
-0.0119522
0.761908
0.44954
0.02219

0.647575
0.0119522
-0.761908
-0.175833
0.101132

-0.41858
0.880801
-0.221316
0.0376341
0.0287654

-0.0945688
0.874119
-0.476417
0.811554
0.00119935

0.0945688
-0.874119
0.476417
0.357724
0.013717

-0.250219
0.349754
-0.902808
-13.417
64.5313

0.250219
-0.349754
0.902808
0.926444
0.0016821

0.349077
0.0141251
0.936988
0.983294
0.000101135

0.793591
0.044533
0.60682
0.645987
0.0077927

-0.793591
-0.044533
-0.60682
-0.189873
0.0874003

0.140956
-0.0586907
0.988275
0.318872
0.00861686

0.43016
0.368229
0.824239
0.751261
0.0140378

-0.43016
-0.368229
-0.824239
-7.22397
15.2354

-0.475493
-0.51251
0.71501
0.369598
0.00864886

0.0605573
0.403923
0.912787
0.333165
0.0342899

-0.0605573
-0.403923
-0.912787
0.0969937
0.0602331

0.663281
-0.183588
0.725502
-1.10638
0.568495

-0.663281
0.183588
-0.725502
0.0638323
0.112463

-0.555415
-0.831573
0
0.87563
0.00228685

0.0247174
0.508234
0.860864
0.235787
0.0904031

-0.410406
-0.771854
0.4856
0.342652
0.0103561

-0.737366
-0.0752406
-0.67129
0.95223
0.000243478

-0.239257
0.104794
0.965285
0.935872
0.00024533

0.239257
-0.104794
-0.965285
-0.805146
0.166421

-0.422173
0.782809
0.457144
0.991785
5.27049e-06

0.205142
-0.101678
0.973436
0.966796
4.06525e-05

-0.205142
0.101678
-0.973436
-0.393903
0.0711234

-0.0892902
0.0995963
-0.991014
-0.545759
0.195863

0.0892902
-0.0995963
0.991014
0.512817
0.0196567

-0.0710237
-0.904764
-0.419949
0.961116
0.000110026

0.270461
-0.333743
-0.903032
-1.05007
0.2575

-0.270461
0.333743
0.903032
0.90499
0.000555894

0.363516
-0.892482
-0.267081
0.00224316
0.0419178

-0.229896
-0.562029
0.794526
0.652309
0.00971536

0.229896
0.562029
-0.794526
-0.786363
0.253598

0.338727
0.789823
0.511316
0.515199
0.0207596

-0.338727
-0.789823
-0.511316
-0.743783
0.267857

-0.570443
0.638141
0.517079
-2.19609
0.961301

0.570443
-0.638141
-0.517079
0.861391
0.00184646

-0.820938
-0.571018
0
0.821895
0.00297978

0.820938
0.571018
0
-0.46887
0.12411

-0.33195
-0.487103
0.807799
-2.18271
2.47734

0.33195
0.487103
-0.807799
-1.39057
1.39769

-0.301866
-0.784485
0.541719
-12.9918
74.2266

0.301866
0.784485
-0.541719
0.601866
0.0601441

0.188049
-0.304944
0.93362
0.92437
0.00178871

-0.188049
0.304944
-0.93362
-13.403
64.5072

0.375985
-0.200046
0.904775
0.877619
0.00236312

-0.375985
0.200046
-0.904775
-5.15346
5.93639

0.355186
0.400985
-0.844425
-0.481341
0.267696

-0.355186
-0.400985
0.844425
-0.284058
0.201216

-0.109678
0.356317
-0.927906
-3.98878
5.23306

0.109678
-0.356317
0.927906
0.171955
0.144534

-0.703525
0.350803
-0.618053
0.620767
0.0097433

0.703525
-0.350803
0.618053
-0.323898
0.118549

-0.482342
-0.812473
-0.327466
0.966768
0.000111938

0.0495491
-0.0750709
-0.995946
-1.13342
0.205449

-0.0495491
0.0750709
0.995946
0.991052
9.02731e-06

0.31277
-0.684945
0.658047
0.974011
6.04337e-05

-0.31277
0.684945
-0.658047
-2.55761
1.00423

0.754253
-0.656584
0
-0.294643
0.0545875

-0.754253
0.656584
0
0.979579
6.72287e-05

0.932854
-0.013727
0.359994
-1.40837
0.298923

-0.932854
0.013727
-0.359994
0.988545
6.98838e-06

0.534308
0.84529
0
-1.09874
0.47092

-0.534308
-0.84529
0
0.403022
0.0381742

-0.688654
-0.55102
0.471309
0.418468
0.0261353

0.688654
0.55102
-0.471309
-0.238678
0.118386

-0.313622
0.886823
-0.33939
-0.0804895
0.0527197

0.391087
0.132607
-0.91075
-4.63163
4.57059

-0.391087
-0.132607
0.91075
0.885069
0.0019059

-0.378264
-0.211641
-0.901179
-4.44506
5.56616

0.378264
0.211641
0.901179
0.543734
0.0390862

-0.348911
-0.924333
-0.154496
-0.029788
0.149482

0.348911
0.924333
0.154496
-1.317
0.756698

-0.288986
0.00481065
0.957321
0.970325
0.000220084

0.910999
0.412408
0
-1.74609
1.05638

-0.910999
-0.412408
0
0.131121
0.130262

0.610448
-0.675483
0.413614
0.434662
0.0317524

-0.610448
0.675483
-0.413614
-0.926832
0.368727

-0.0320026
0.966478
0.254748
0.815781
0.013843

0.796384
0.604792
0
0.129227
0.0547945

-0.796384
-0.604792
0
0.524285
0.0211412

-0.103707
0.381727
0.918438
0.855102
0.00101207

-0.205606
-0.308688
0.928676
0.860589
0.00049884

-0.312012
-0.356761
0.880551
0.907425
0.00198676

0.312012
0.356761
-0.880551
-9.06799
23.3701

0.380293
0.623546
-0.683057
-0.707773
0.306249

-0.380293
-0.623546
0.683057
0.2219
0.0636959

-0.773849
-0.0159083
-0.63317
-1.6198
0.754044

0.773849
0.0159083
0.63317
0.572731
0.0200789

0.61292
0.201126
0.764119
-0.370368
0.121802

-0.859198
0.0106569
-0.511533
0.596732
0.0091217

0.859198
-0.0106569
0.511533
0.0682918
0.0486693

-0.38355
-0.102048
-0.917865
0.871034
0.001149

0.38355
0.102048
0.917865
-1.13812
0.310214
