
0.818096
0.234635
0.525039
0.490871
0.0148978

-0.358945
0.161673
-0.91925
-3.18575
3.15011

0.358945
-0.161673
0.91925
0.263903
0.0977342

0.641097
0.160286
-0.750535
-1.1489
0.401892

-0.641097
-0.160286
0.750535
0.685846
0.00861258

0.557848
0.36482
0.745461
0.861842
0.00113702

0.989274
0.146073
0
0.818982
0.0167489

-0.989274
-0.146073
0
-16.5272
122.255

-0.382893
0.619686
0.685115
0.700386
0.00606083

0.382893
-0.619686
-0.685115
-0.479573
0.146127

-0.563291
-0.358153
-0.7446
-0.260812
0.162237

0.563291
0.358153
0.7446
-0.0539343
0.113423

0.690469
-0.477682
-0.543206
-0.13067
0.25402

-0.690469
0.477682
0.543206
-2.85366
2.94915

0.750253
0.537922
0.384395
0.974389
3.04553e-05

-0.750253
-0.537922
-0.384395
-0.767585
0.13419

-0.389864
0.719191
0.575127
0.414896
0.0213889

0.389864
-0.719191
-0.575127
0.15745
0.0443333

-0.37645
-0.706994
-0.598703
-1.12393
0.434902

0.37645
0.706994
0.598703
0.561171
0.0186418

-0.281402
-0.55213
0.784834
0.789573
0.00324728

0.0179834
0.303105
-0.952787
-23.5379
300.029

-0.0179834
-0.303105
0.952787
0.94065
0.00176342

0.707308
0.604119
0.367091
0.238709
0.0286568

-0.707308
-0.604119
-0.367091
0.605882
0.00768423

-0.20666
0.098195
0.973473
0.981748
0.000238258

0.20666
-0.098195
-0.973473
-36.7863
1016.11

0.425526
-0.241067
0.872247
0.869785
0.00362051

-0.156933
-0.987609
0
0.7515
0.0212835

0.26528
0.508652
-0.819085
0.678193
0.0242432

0.588858
0.366059
-0.720588
0.178726
0.0784381

-0.588858
-0.366059
0.720588
-0.951939
0.442226

0.344179
0.133935
0.929302
0.940589
0.00262669

-0.344179
-0.133935
-0.929302
-36.1315
1013.78

-0.481642
0.876368
0
0.44993
0.0153103

0.481642
-0.876368
0
0.581646
0.00947003

-0.0377733
0.714935
-0.69817
0.888957
0.000378215

0.737168
-0.117045
0.665495
0.28163
0.0254563

-0.737168
0.117045
-0.665495
0.582335
0.00865251

-0.817078
0.0651499
-0.572835
-0.920671
0.213161

0.817078
-0.0651499
0.572835
0.908267
0.000490632

0.286158
0.317945
0.903894
0.865514
0.00431085

-0.131443
0.366232
-0.921193
-4.31682
4.44753

0.131443
-0.366232
0.921193
0.764352
0.00876586

-0.6735
-0.739187
0
0.810738
0.00513857

-0.58777
-0.507106
0.630372
0.385023
0.0176736

-0.841315
0.200813
-0.50186
-8.62915
23.002

0.841315
-0.200813
0.50186
0.795213
0.0104072

0.563533
0.618787
0.547296
-1.94223
1.97483

-0.563533
-0.618787
-0.547296
-1.25267
1.15772

-0.530825
-0.616871
0.581115
0.715409
0.00691407

0.530825
0.616871
-0.581115
-1.18243
0.406416

0.255577
0.293191
0.92126
0.948919
0.00191192

-0.399335
0.732195
0.551744
0.247724
0.0509838

-0.315028
-0.270214
0.909803
-0.58117
0.393649

0.315028
0.270214
-0.909803
-0.9967
0.627266

-0.502475
-0.39074
-0.771259
-0.01139
0.225032

0.502475
0.39074
0.771259
-3.81458
5.09287

0.636228
-0.142866
0.758158
-0.573286
0.283667

-0.636228
0.142866
-0.758158
-0.0531874
0.127148

-0.654132
-0.412731
0.633849
-1.71655
0.561986

0.654132
0.412731
-0.633849
0.907412
0.000674838

-0.253313
0.119874
-0.959929
-1.40449
0.575951

0.253313
-0.119874
0.959929
0.621887
0.0144222

-0.284014
0.0318401
0.958291
0.599528
0.0175656

0.284014
-0.0318401
-0.958291
-1.64801
0.759635

0.416549
0.534636
0.73529
0.764352
0.00874315

-0.416549
-0.534636
-0.73529
-4.31682
4.44849

-0.479754
-0.0550036
0.875677
0.924153
0.00131087

0.371044
0.347384
0.861191
0.818599
0.00377573

-0.371044
-0.347384
-0.861191
-2.72152
1.55615

-0.136924
-0.990582
0
-0.233969
0.0712628

0.136924
0.990582
0
0.864236
0.00122184

0.276959
0.00451611
-0.960871
0.907909
0.00230418

-0.276959
-0.00451611
0.960871
-10.8286
37.1617

-0.920359
0.112159
-0.374645
-0.173651
0.0957414

0.920359
-0.112159
0.374645
0.511488
0.0166117

-0.00908763
0.176707
-0.984222
-0.204826
0.0758028

0.00908763
-0.176707
0.984222
0.782862
0.00246506

0.289335
-0.269808
0.918416
-0.673392
0.3826

-0.289335
0.269808
-0.918416
-0.425858
0.27789

0.173979
-0.0942004
0.980233
0.974589
0.000312209

-0.0235898
-0.303179
-0.952642
-11.2392
37.4898

0.0235898
0.303179
0.952642
0.967255
0.000269476

-0.281275
0.323844
0.903332
-1.45264
0.299765

0.281275
-0.323844
-0.903332
0.993949
4.84107e-06

-0.734345
0.248719
0.631566
0.44315
0.0103982

0.734345
-0.248719
-0.631566
0.763889
0.00190267

0.254452
0.906787
0.336141
0.480156
0.0248883

-0.254452
-0.906787
-0.336141
-0.792923
0.295751

0.0343867
-0.896156
0.442406
0.523371
0.0139756

-0.0343867
0.896156
-0.442406
0.0409129
0.0563824

-0.0985588
-0.804142
0.58621
0.768958
0.0134251

0.0985588
0.804142
-0.58621
-8.54814
22.9195

-0.962602
0.0916663
0.254941
0.493595
0.0196774

0.962602
-0.0916663
-0.254941
-0.325951
0.133519

-0.0210092
-0.160923
0.986743
0.978886
7.46153e-05

-0.715157
-0.0953375
-0.692432
-0.792717
0.165761

0.715157
0.0953375
0.692432
0.930623
0.000253144

0.925626
0.0378423
-0.376542
-13.6666
64.7619

-0.925626
-0.0378423
0.376542
0.958503
0.00052202

-0.170065
-0.456417
-0.873362
-36.0406
1013.75

0.170065
0.456417
0.873362
0.932928
0.00332527

0.378293
0.447815
0.810158
0.701031
0.0145908

-0.378293
-0.447815
-0.810158
-4.19044
4.38926

-0.766388
-0.00879936
-0.642318
-3.52985
4.84548

0.766388
0.00879936
0.642318
-0.370268
0.443625

0.357334
0.434638
0.826681
0.991079
2.64745e-05

0.639147
0.263261
0.722624
0.956148
8.69884e-05

0.934302
-0.224294
-0.277077
0.0568663
0.0513517

-0.934302
0.224294
0.277077
0.575066
0.0104354

0.774787
-0.632222
0
0.434641
0.0275419

-0.774787
0.632222
0
0.313805
0.0369828

-0.443422
0.515722
-0.733081
0.805196
0.00186845

-0.615088
-0.759743
0.210851
-3.89486
2.39923

0.615088
0.759743
-0.210851
0.986814
1.77701e-05

-0.646326
0.502812
-0.57397
-3.00231
2.5789

0.646326
-0.502812
0.57397
0.426987
0.0529608

0.0970337
-0.0877085
0.991409
0.867549
0.00101621

-0.0970337
0.0877085
-0.991409
-0.674444
0.159476

0.714931
0.195224
0.671387
0.360935
0.0428434

-0.714931
-0.195224
-0.671387
-0.949744
0.398649

0.308957
0.951076
0
0.504911
0.023577

-0.308957
-0.951076
0
-0.980355
0.377214

-0.793613
-0.608423
0
0.622856
0.0295462

0.793613
0.608423
0
-3.25057
2.55777

-0.147664
-0.158386
0.976273
0.89815
0.00137636

-0.415903
-0.700052
-0.580475
-0.123769
0.0831665

0.415903
0.700052
0.580475
0.544918
0.0136946

-0.744532
-0.628356
-0.22548
-1.05339
0.555474

0.744532
0.628356
0.22548
-0.0341671
0.140913

0.625151
0.146854
0.766564
0.981633
3.70633e-05

-0.625151
-0.146854
-0.766564
-3.26332
1.64222

-0.623624
-0.589162
-0.513791
-1.48085
0.651843

0.623624
0.589162
0.513791
0.572544
0.0194093

-0.608807
0.619124
0.496023
0.696168
0.0099015

0.608807
-0.619124
-0.496023
-1.9198
0.910622

0.707036
0.533859
0.463783
0.279424
0.0351479

-0.707036
-0.533859
-0.463783
0.188493
0.0445648

0.509856
0.106843
0.853599
0.66308
0.0090366

-0.509856
-0.106843
-0.853599
-0.796473
0.254688

0.262538
-0.5723
-0.776882
0.750978
0.00508225

-0.916184
0.150158
-0.371564
0.166435
0.0457297

0.916184
-0.150158
0.371564
0.338381
0.028821

-0.424758
0.112843
-0.898247
-0.516465
0.220666

0.424758
-0.112843
0.898247
0.261864
0.0524682

-0.209732
0.693102
-0.689654
-0.170212
0.171086

-0.502581
0.649523
-0.570553
0.860073
0.00377287

0.502581
-0.649523
0.570553
-6.55346
10.8529

-0.78337
-0.56305
0.263261
-0.28315
0.0587168

0.78337
0.56305
-0.263261
0.958328
6.36404e-05

0.33738
-0.0550932
0.939755
0.94499
0.000535354

0.115829
0.884896
0.451156
0.996405
6.02541e-07

-0.115829
-0.884896
-0.451156
-0.897748
0.136704

-0.253163
-0.523436
0.813587
-1.7901
0.633625

0.253163
0.523436
-0.813587
0.884411
0.00109872

0.439191
-0.898394
0
0.384621
0.0112971

-0.190195
-0.20504
0.960096
0.387034
0.223777

0.190195
0.20504
-0.960096
-21.0668
289.907

-0.483217
0.274268
0.831431
0.783747
0.00198633

0.109071
-0.669797
0.73449
0.736118
0.014318

-0.851818
0.438711
0.286248
0.715079
0.01154

0.851818
-0.438711
-0.286248
-3.39737
2.74562

-0.133025
-0.587881
0.797935
0.670624
0.00801499

0.133025
0.587881
-0.797935
-0.611798
0.189481

-0.311911
0.594461
-0.741166
-5.16797
9.63965

0.311911
-0.594461
0.741166
0.0555615
0.226277

-0.819805
0.286517
0.495811
0.823006
0.00514642

0.819805
-0.286517
-0.495811
-4.99147
5.86772

0.458766
0.625915
-0.630685
-13.201
64.2756

-0.458766
-0.625915
0.630685
0.890728
0.00381224

-0.31686
0.833894
-0.451908
-1.44077
0.396826

0.31686
-0.833894
0.451908
0.927815
0.000355855

-0.94065
-0.139307
-0.309469
-1.82535
0.637704

0.94065
0.139307
0.309469
0.899583
0.00081122

-0.906932
0.400177
-0.131652
-0.0376366
0.0510999

0.906932
-0.400177
0.131652
0.780952
0.00227907

-0.0188599
-0.253355
-0.967189
-0.532415
0.150197

0.0188599
0.253355
0.967189
0.754814
0.00396306

-0.0883541
-0.996089
0
0.485111
0.0992277

0.692981
-0.554983
0.460185
0.350437
0.0215937

-0.692981
0.554983
-0.460185
0.488573
0.0134002

-0.869375
-0.116627
-0.480193
0.754634
0.00364129

0.869375
0.116627
0.480193
-0.395247
0.116818

-0.908648
0.288194
-0.302165
-0.398544
0.167857

0.908648
-0.288194
0.302165
0.365678
0.0345504

-0.769997
-0.402016
-0.495468
-0.552319
0.183767

0.769997
0.402016
0.495468
0.599888
0.0122533

-0.0486772
-0.243387
0.968707
0.985191
6.56503e-05

-0.538074
0.789689
0.294734
-0.121979
0.107832

0.538074
-0.789689
-0.294734
0.169289
0.0591241

0.734001
-0.593842
0.329535
-1.10274
0.395462

-0.734001
0.593842
-0.329535
0.641862
0.0114917

0.323076
0.765077
0.557027
-37.0949
1016.58

-0.323076
-0.765077
-0.557027
0.992851
3.7156e-05

0.0557365
-0.997695
0.0386973
-3.08258
1.38876

-0.0557365
0.997695
-0.0386973
0.989385
9.39868e-06

0.0471901
-0.430325
0.90144
-6.89891
14.9252

-0.0471901
0.430325
-0.90144
0.609931
0.0365819

0.818784
0.130548
0.559061
-0.769597
0.233955

-0.818784
-0.130548
-0.559061
0.705577
0.00652329

-0.178794
-0.621109
0.763057
-1.64287
0.614252

0.178794
0.621109
-0.763057
0.806496
0.00335684

0.315313
-0.294645
0.902088
0.701739
0.00581085

-0.315313
0.294645
-0.902088
-0.38885
0.123465

-0.213128
-0.181215
0.960072
0.941747
0.000201343

-0.054465
-0.795063
0.604077
0.993144
4.84388e-06

-0.479482
0.845964
0.233328
0.793277
0.00238882

0.479482
-0.845964
-0.233328
-0.281445
0.0881894

-0.344719
-0.91649
0.203014
0.33086
0.0313395

0.344719
0.91649
-0.203014
0.0717911
0.0602954

-0.313861
0.927663
0.202316
0.221961
0.0591023

0.370112
-0.204894
0.90611
0.641254
0.00634379

-0.0228866
0.41196
0.910915
-5.74264
17.934

0.0228866
-0.41196
-0.910915
-1.73049
2.94185

0.208822
-0.393626
-0.895238
-7.55088
15.5004

-0.208822
0.393626
0.895238
0.857633
0.00429741

-0.748073
-0.359972
-0.557501
-2.88525
1.84984

0.748073
0.359972
0.557501
0.771667
0.00639923

-0.506177
-0.012395
0.86234
0.845161
0.00123328

0.506177
0.012395
-0.86234
-0.272437
0.0791029

0.719519
-0.674974
0.16341
-1.79466
1.43043

-0.719519
0.674974
-0.16341
-0.478156
0.400186

0.638311
-0.744829
0.194393
-0.173282
0.0820052

0.962598
0.172928
-0.20857
0.387034
0.0447546

-0.962598
-0.172928
0.20857
-1.45186
0.715877

0.900869
0.0217856
-0.433544
0.0188785
0.0555439

-0.900869
-0.0217856
0.433544
0.598134
0.0093217

-0.197443
0.78255
-0.590451
-0.709803
0.283901

-0.880082
-0.0474803
0.472441
0.495348
0.0161395

0.880082
0.0474803
-0.472441
0.0231311
0.0604717

-0.604166
0.118784
0.787956
0.821117
0.00156138

-0.570825
-0.338687
0.747964
0.760885
0.0238621

0.570825
0.338687
-0.747964
-16.276
124.455

-0.373467
-0.399633
0.837147
0.223579
0.0820517

0.373467
0.399633
-0.837147
-1.63469
0.944148

0.0799764
-0.873786
-0.47969
0.145613
0.046812

-0.0799764
0.873786
0.47969
0.390194
0.0238531

0.430378
-0.158592
-0.888608
0.761732
0.0011047

0.123222
-0.902841
-0.411941
-1.6077
0.935946

-0.123222
0.902841
0.411941
0.185658
0.0913327

-0.352472
-0.723
0.594167
0.774144
0.00244241

0.352472
0.723
-0.594167
-0.031677
0.0508734

0.610655
0.137982
-0.779783
0.913359
0.000439932

0.311933
0.354379
0.88154
0.782676
0.0039227

0.0024548
0.0524689
0.99862
0.931118
0.0018159

-0.48559
-0.563917
0.667982
0.0404295
0.0499671

0.48559
0.563917
-0.667982
0.643229
0.00691411

0.382004
-0.225196
-0.896303
-7.32261
15.3161

-0.382004
0.225196
0.896303
0.786942
0.0101397

0.130477
0.327291
0.935872
0.290377
0.0803971

-0.785659
-0.0618636
0.615559
0.386752
0.023184

0.785659
0.0618636
-0.615559
0.210534
0.0384209

-0.39947
0.212836
-0.891698
0.705777
0.0200557

0.39947
-0.212836
0.891698
-7.10955
15.1314

0.650301
-0.391896
-0.650789
-0.454391
0.0957375

-0.650301
0.391896
0.650789
0.9197
0.000311524

0.124176
-0.336201
0.933568
0.86529
0.00945304

-0.124176
0.336201
-0.933568
-22.9485
298.514

-0.350058
0.0807637
-0.93324
-0.947508
0.24996

0.350058
-0.0807637
0.93324
0.8481
0.00159535

0.825535
0.213865
-0.522259
-1.0148
0.275972

-0.825535
-0.213865
0.522259
0.844538
0.00164905

0.715308
-0.32319
0.619583
0.684943
0.014389

-0.715308
0.32319
-0.619583
-3.34649
2.72552

-0.724485
0.0583796
-0.686814
-2.03099
1.53833

0.724485
-0.0583796
0.686814
-0.0643773
0.189902

0.956927
0.290327
0
0.984007
0.000105219

-0.300064
0.758958
-0.57788
-1.41489
0.433477

0.300064
-0.758958
0.57788
0.872154
0.00123968

-0.0781924
-0.299621
0.950849
0.843696
0.0052291

0.581973
0.813208
0
0.622215
0.0071567

-0.581973
-0.813208
0
0.412941
0.016047

0.454655
-0.0890634
-0.886204
-3.02959
2.20728

-0.454655
0.0890634
0.886204
0.689075
0.0131761

0.991482
0.00941641
0.129903
0.949673
0.000170205

-0.991482
-0.00941641
-0.129903
-1.50542
0.401334

-0.433802
-0.353177
0.828904
0.876775
0.00205473

-0.678769
-0.342688
0.649491
-0.369855
0.175536

0.678769
0.342688
-0.649491
0.204802
0.0591614

-0.491243
-0.0596769
-0.868976
-0.641874
0.375361

-0.257403
-0.21532
0.942009
0.761624
0.00465946

0.257403
0.21532
-0.942009
-1.14539
0.368091

-0.977814
0.173234
0.117767
-4.56795
3.67516

0.977814
-0.173234
-0.117767
0.974998
7.43153e-05

0.516675
0.747909
-0.416749
-0.684933
0.209911

-0.516675
-0.747909
0.416749
0.68492
0.00736752

0.281412
-0.676699
-0.680357
0.924655
0.00068775

-0.281412
0.676699
0.680357
-3.90856
2.89667

-0.416505
-0.16111
0.894744
-22.8138
297.97

0.416505
0.16111
-0.894744
0.843445
0.0129543

-0.331367
0.198498
-0.922385
0.653746
0.0143052

0.331367
-0.198498
0.922385
-2.23277
1.2464

-0.916256
0.225001
0.331436
0.958952
8.02566e-05

0.201841
0.722864
0.660854
0.819987
0.00305282

-0.475729
0.878214
-0.0492207
-0.401313
0.131643

0.475729
-0.878214
0.0492207
0.664088
0.0075706

-0.768664
-0.450584
-0.454015
-2.90859
2.98482

0.768664
0.450584
0.454015
-0.0568824
0.218262

-0.593015
-0.0675331
0.802354
0.131121
0.110037

0.593015
0.0675331
-0.802354
-1.74609
1.09854

0.976579
0.215158
0
0.478855
0.0150731

-0.976579
-0.215158
0
0.529666
0.0126571

0.630145
-0.651874
0.421874
-2.21807
2.94275

-0.630145
0.651874
-0.421874
-2.21807
2.94275

-0.319118
0.491125
0.81053
0.950728
0.00177531

0.319118
-0.491125
-0.81053
-36.2618
1014.6

-0.486619
-0.605251
0.629978
0.907567
0.000408663

0.486619
0.605251
-0.629978
-0.396086
0.0884394

-0.854326
-0.132842
0.502474
0.745383
0.00395387

0.854326
0.132842
-0.502474
-0.386245
0.116247

0.459587
0.0137976
0.888026
0.95436
0.000246668

-0.459587
-0.0137976
-0.888026
-3.68644
2.37067

0.371093
-0.0681603
0.926091
0.928205
0.000521814

-0.371093
0.0681603
-0.926091
-3.0068
1.61247

-0.0872005
0.887345
0.452785
0.795678
0.00360099

0.789067
0.255858
-0.558488
0.867245
0.00336051

-0.789067
-0.255858
0.558488
-6.57849
10.8703

0.201167
-0.0491604
0.978323
0.99154
3.86607e-05

0.209004
-0.637328
-0.741708
-36.1865
1014.33

-0.209004
0.637328
0.741708
0.94499
0.00222043

0.2322
0.693018
0.682502
0.629666
0.00418547

0.473596
-0.389394
0.789987
0.442726
0.0088419

-0.473596
0.389394
-0.789987
0.847576
0.000703809

0.440025
0.56267
0.699843
0.50818
0.0225825

-0.726589
-0.338965
-0.597638
-2.42288
1.69914

0.726589
0.338965
0.597638
0.4239
0.0481445

-0.238093
-0.532625
-0.812171
-0.590283
0.127581

0.238093
0.532625
0.812171
0.904323
0.000464072

-0.188692
-0.897002
0.399729
0.589447
0.0129618

0.188692
0.897002
-0.399729
-0.544194
0.182955

0.535507
0.591073
0.603212
0.917917
0.000349341

-0.535507
-0.591073
-0.603212
-0.71248
0.151209

0.806132
-0.32362
0.4954
-1.2312
0.291355

-0.806132
0.32362
-0.4954
0.94719
0.000164081

0.623327
0.154092
-0.766628
0.810268
0.00455162

-0.623327
-0.154092
0.766628
-3.25085
2.27654

0.871439
-0.388529
0.299398
-0.296718
0.156467

-0.871439
0.388529
-0.299398
0.159948
0.0656827

-0.163912
-0.945543
0.281213
0.302854
0.0815704

0.163912
0.945543
-0.281213
-2.87342
2.51726

0.144884
0.839161
0.52423
-3.73428
3.42788

-0.144884
-0.839161
-0.52423
0.69239
0.0145201

-0.430531
0.342221
0.835181
0.796598
0.00155037

0.430531
-0.342221
-0.835181
0.266839
0.0199391

-0.448514
-0.893776
0
0.957187
0.000325795

0.747466
0.648492
-0.144058
0.945055
0.000100164

-0.747466
-0.648492
0.144058
-0.0872066
0.0391524

0.263747
0.0644829
-0.962434
0.285393
0.0335281

-0.263747
-0.0644829
0.962434
0.228244
0.0391013

-0.545722
0.837966
0
0.677727
0.0106992

-0.112478
0.712967
-0.692117
-2.04506
1.19401

0.112478
-0.712967
0.692117
0.490393
0.0334729

0.0158828
0.944225
0.328919
-0.561864
0.388457

-0.0158828
-0.944225
-0.328919
-1.06554
0.679354

0.74921
0.107787
-0.653503
-1.33747
0.425349

-0.74921
-0.107787
0.653503
0.828546
0.00229888

0.857558
-0.0924608
-0.506009
0.217604
0.0612637

-0.857558
0.0924608
0.506009
-0.558858
0.24277

0.438017
0.772881
-0.459125
-1.056
0.35718

-0.438017
-0.772881
0.459125
0.685189
0.00840859

0.553055
0.225293
0.802106
0.849973
0.000982672

-0.168344
-0.169449
0.971055
0.950031
0.0001826

-0.249615
0.897541
0.363473
-0.198888
0.136529

-0.105708
0.0664756
0.992173
-0.291539
0.250776

0.105708
-0.0664756
-0.992173
-1.18268
0.716127

-0.116215
-0.0952193
0.988649
0.988921
4.39082e-05

-0.435694
-0.613907
-0.658247
-0.73703
0.200258

0.435694
0.613907
0.658247
0.790402
0.00296467

0.217914
0.578626
0.785942
0.759366
0.00170657

0.00613194
-0.611515
-0.791209
-0.475022
0.230582

-0.00613194
0.611515
0.791209
0.0428298
0.0972259

0.691863
0.330613
0.641888
0.661764
0.0036323

-0.691863
-0.330613
-0.641888
0.622004
0.00453366

-0.0932094
0.0264774
-0.995294
-36.2852
1014.3

0.0932094
-0.0264774
0.995294
0.952442
0.00167903

0.474245
0.145649
-0.868261
-2.71439
1.34674

-0.474245
-0.145649
0.868261
0.910563
0.000821109

0.27113
0.379429
0.884603
-1.42904
0.395748

-0.27113
-0.379429
-0.884603
0.923356
0.000429581

0.597197
0.44932
0.66443
0.580408
0.00895011

-0.686445
-0.604695
0.403904
-0.623612
0.218424

0.686445
0.604695
-0.403904
0.536178
0.0178585

-0.341295
-0.920968
-0.187977
0.613218
0.00702543

0.341295
0.920968
0.187977
0.295916
0.0232678

-0.182758
0.0340947
-0.982567
0.413979
0.0319642

0.182758
-0.0340947
0.982567
-0.673058
0.258695

-0.317264
-0.477177
0.81954
0.822548
0.00187212

0.317264
0.477177
-0.81954
-0.514117
0.131606

0.212219
-0.200262
0.956482
0.247722
0.19158

-0.212219
0.200262
-0.956482
-9.11393
34.558

0.757473
0.455436
-0.467774
-4.04091
5.27673

-0.757473
-0.455436
0.467774
0.222006
0.125778

0.677756
0.0470173
-0.733782
0.234385
0.0457555

-0.677756
-0.0470173
0.733782
-0.00609601
0.0789093

-0.587063
-0.00696687
0.809511
0.802487
0.0026419

0.587063
0.00696687
-0.809511
-0.814842
0.221559

-0.284693
0.752254
0.594192
0.437489
0.00517806

0.284693
-0.752254
-0.594192
0.978845
1.17267e-05

-0.0107348
-0.431377
0.902108
0.8481
0.00153797

0.0107348
0.431377
-0.902108
-0.947508
0.249939

0.145637
0.905876
0.397716
-0.478609
0.121855

-0.122115
0.234247
0.964477
0.833957
0.00363145

-0.353572
-0.452345
0.818762
0.437091
0.0140652

0.34776
-0.92882
0.12789
0.880191
0.000821034

-0.34776
0.92882
-0.12789
-0.694772
0.160668

0.0130856
0.32118
0.946928
0.881022
0.00334751

-0.391444
-0.529474
-0.752615
-0.937569
0.184497

0.391444
0.529474
0.752615
0.962624
8.13706e-05

0.571216
-0.558854
-0.601161
-1.29862
0.506144

-0.571216
0.558854
0.601161
0.63222
0.0130257

0.838881
0.0885376
0.537066
0.241119
0.0762963

-0.838881
-0.0885376
-0.537066
-1.48768
0.803636

0.305643
0.564182
0.766995
-1.36914
0.569569

-0.305643
-0.564182
-0.766995
0.587258
0.0175045

0.662006
-0.392893
-0.638266
-0.238678
0.118351

-0.662006
0.392893
0.638266
0.418468
0.0261049

0.667401
-0.214969
0.712997
0.731238
0.00794706

-0.427496
-0.768785
0.475623
0.368087
0.0275144

0.427496
0.768785
-0.475623
0.0560298
0.0613346

0.139711
-0.321923
0.936401
0.984535
2.96722e-05

-0.638608
0.222137
0.736774
0.706483
0.00315103

0.638608
-0.222137
-0.736774
0.465543
0.0103016

-0.133621
-0.0478481
0.989877
0.989121
1.5898e-05

-0.239515
-0.400074
0.884632
0.868086
0.00228043

-0.278575
-0.332083
-0.901175
-10.6841
37.0504

0.278575
0.332083
0.901175
0.879165
0.00397759

-0.389629
0.520219
0.759975
0.381876
0.0366647

0.389629
-0.520219
-0.759975
-0.700186
0.275525

-0.0240698
0.841281
-0.540062
0.829632
0.00438347

0.686389
0.108406
-0.719109
-6.44574
10.7947

-0.686389
-0.108406
0.719109
0.826743
0.00585825

-0.481709
-0.780263
-0.398931
-4.74302
7.20289

0.481709
0.780263
0.398931
0.317119
0.101898

0.942745
-0.081269
0.32346
0.797005
0.00266428

-0.942745
0.081269
-0.32346
-0.686481
0.183106

-0.467787
-0.0325474
-0.883242
-1.34563
0.38882

0.467787
0.0325474
0.883242
0.886975
0.000954176

0.750373
0.272384
0.602286
0.563505
0.0249539

-0.750373
-0.272384
-0.602286
-2.33637
1.45298

0.560824
0.0274416
-0.82748
-1.85815
1.00808

-0.0898854
-0.973512
-0.210228
-0.352136
0.152928

0.0898854
0.973512
0.210228
0.374775
0.0327068

0.363482
0.132069
0.922192
0.886828
0.00240169

0.766198
0.268848
0.583662
0.834499
0.00767316

-0.766198
-0.268848
-0.583662
-10.4931
36.8398

0.336907
-0.762767
0.551979
0.0620521
0.0190868

-0.336907
0.762767
-0.551979
0.991008
3.41606e-06

-0.088143
-0.0166949
-0.995968
-18.0807
127.095

0.088143
0.0166949
0.995968
0.99728
2.68667e-06

-0.455575
-0.399702
0.795418
-0.0585761
0.135773

0.455575
0.399702
-0.795418
-0.734371
0.364357

-0.98837
0.000229956
0.15207
0.936708
0.00014396

0.98837
-0.000229956
-0.15207
-0.0129277
0.0333817

-0.929047
-0.0878247
-0.359386
0.386752
0.0232149

0.929047
0.0878247
0.359386
0.210534
0.0384556

0.714422
-0.222264
0.663476
0.311857
0.0681399

-0.714422
0.222264
-0.663476
-2.08591
1.36997

0.734893
-0.462052
-0.496428
0.943438
0.000228958

-0.0452054
-0.681154
-0.730744
-0.752827
0.249837

0.0452054
0.681154
0.730744
0.614859
0.0121603

0.180414
-0.501113
0.846367
0.915661
0.00102943

-0.180414
0.501113
-0.846367
-4.74035
4.59992

0.957293
0.0344119
-0.287064
0.313845
0.0505872

-0.957293
-0.0344119
0.287064
-0.936608
0.402798

-0.400102
-0.390574
-0.829078
0.563862
0.00941575

0.400102
0.390574
0.829078
0.296192
0.0245169

0.486192
0.285341
-0.825953
-7.89702
15.7033

-0.486192
-0.285341
0.825953
0.935558
0.000825505

0.418571
-0.825441
0.378742
0.972318
0.000371886

0.13719
0.479191
0.866922
0.933896
0.000648332

-0.13719
-0.479191
-0.866922
-5.37223
6.01333

0.358092
-0.454732
0.815468
0.81268
0.00500216

-0.358092
0.454732
-0.815468
-3.97564
3.52352

0.0621786
0.411273
-0.909389
-0.630305
0.167417

-0.0621786
-0.411273
0.909389
0.796232
0.00270569

-0.041802
0.435028
0.899446
0.456797
0.03316

0.041802
-0.435028
-0.899446
-1.37484
0.629841

0.913424
-0.288538
-0.287056
0.882979
0.00116594

-0.913424
0.288538
0.287056
-1.92552
0.725171

0.910295
0.413959
0
0.700301
0.0122206

-0.910295
-0.413959
0
-1.07242
0.357892

0.180957
-0.513514
0.838784
0.81611
0.00319292

-0.716424
-0.120935
0.687104
-0.453594
0.107355

0.716424
0.120935
-0.687104
0.872704
0.000882757

0.858937
0.493406
0.137032
0.621404
0.0105462

-0.858937
-0.493406
-0.137032
-0.514392
0.168688

-0.517397
0.168572
-0.838978
-1.17441
0.313203

0.517397
-0.168572
0.838978
0.89011
0.000801741

0.696041
0.515384
0.499906
0.533612
0.0443764

-0.696041
-0.515384
-0.499906
-5.04438
7.45075

-0.729043
0.537255
-0.424092
0.0741265
0.0311058

0.522926
0.804698
0.281087
0.636668
0.0195323

-0.522926
-0.804698
-0.281087
-3.27099
2.69678

-0.227194
-0.681581
-0.695579
0.678193
0.0241523

0.227194
0.681581
0.695579
-7.04519
15.0809

0.341492
-0.631719
-0.695927
-2.04004
0.934318

-0.341492
0.631719
0.695927
0.777935
0.00504641

0.234514
-0.540536
-0.807975
-3.50531
3.98605

-0.234514
0.540536
0.807975
0.172497
0.134742

0.307939
0.643042
-0.701193
-3.02261
1.88505

-0.307939
-0.643042
0.701193
0.839097
0.00302766

0.667723
0.450855
0.592347
0.568883
0.00897921

0.643744
-0.256083
0.72112
0.795798
0.00456147

-0.643744
0.256083
-0.72112
-2.45127
1.29862

0.100824
-0.0825158
0.991477
0.966757
0.000539813

0.383247
0.509533
-0.770388
0.78366
0.00575917

-0.383247
-0.509533
0.770388
-2.90768
1.85475

-0.217055
-0.907103
0.360627
0.639244
0.00689903

0.217055
0.907103
-0.360627
0.168516
0.0352481

-0.428434
0.878986
0.20935
0.294341
0.0266754

0.428434
-0.878986
-0.20935
0.484059
0.0142638

-0.561107
-0.560841
0.608783
0.648937
0.0221769

0.561107
0.560841
-0.608783
-4.61701
5.6725

-0.719721
0.208106
0.662339
0.583865
0.00691853

-0.229896
-0.562029
0.794526
0.652309
0.00971536

0.229896
0.562029
-0.794526
-0.786363
0.253598

-0.510985
-0.859589
0
0.435853
0.00849159

0.103422
-0.108144
0.988741
0.584126
0.012751

-0.103422
0.108144
-0.988741
-0.434339
0.151445

0.555681
0.103629
-0.824912
0.869341
0.000515375

-0.555681
-0.103629
0.824912
0.417683
0.00939781

0.212694
0.27226
0.938422
0.717535
0.00821332

-0.212694
-0.27226
-0.938422
-1.79005
0.787975

-0.137612
-0.45412
0.880249
0.918568
0.0012052

-0.141438
-0.478902
0.866399
-0.287229
0.715938

0.141438
0.478902
-0.866399
-10.5851
57.9483

0.895445
-0.376365
-0.237755
0.860614
0.000707533

-0.895445
0.376365
0.237755
0.139541
0.0266901

0.935349
0.353726
0
0.613831
0.00744977

-0.935349
-0.353726
0
0.613831
0.00744977

0.209396
-0.379318
-0.901261
-1.76389
0.630068

-0.209396
0.379318
0.901261
0.872295
0.00140571

0.926334
0.376703
0
0.159316
0.0435599

-0.926334
-0.376703
0
0.586534
0.0130494

0.420962
-0.297458
-0.856919
-6.89891
14.9342

-0.420962
0.297458
0.856919
0.609931
0.0364609

-0.842285
0.348476
-0.411242
0.502505
0.0141636

0.842285
-0.348476
0.411242
0.181056
0.0383251

-0.556783
0.170323
-0.813008
-0.369855
0.175535

0.556783
-0.170323
0.813008
0.204802
0.0591597

-0.593248
-0.590786
0.546835
-0.403274
0.253553

0.593248
0.590786
-0.546835
-0.513289
0.294846

-0.667535
0.0928081
0.738771
0.684943
0.0144153

0.667535
-0.0928081
-0.738771
-3.34649
2.72501

0.342397
0.109764
-0.933122
0.427898
0.0256844

-0.342397
-0.109764
0.933122
-0.287229
0.129813

0.549934
0.331577
0.76657
0.761153
0.00294925

0.565787
-0.18186
0.804246
-35.6364
1011.62

-0.565787
0.18186
-0.804246
0.892953
0.00867873

-0.00403263
-0.870869
-0.491498
-3.02529
2.58064

0.0898276
-0.182716
0.979053
0.985855
3.12911e-05

0.279981
0.777118
0.563647
0.925449
0.000598226

-0.279981
-0.777118
-0.563647
-1.43449
0.394748

0.56776
0.423822
-0.705708
0.774515
0.00465222

-0.56776
-0.423822
0.705708
-1.59331
0.607059

0.138714
0.0282992
-0.989928
-36.2618
1014.52

-0.138714
-0.0282992
0.989928
0.950728
0.00178131

-0.697105
0.608229
-0.379609
-0.270787
0.0971665

0.697105
-0.608229
0.379609
0.704334
0.00527987

0.147165
0.0448162
0.988096
0.40804
0.00964263

-0.147165
-0.0448162
-0.988096
0.87147
0.000469635

-0.747225
-0.664572
0
0.930042
0.0108549

-0.483865
-0.10967
-0.868244
0.978964
2.11605e-05

-0.351364
-0.646523
0.677165
0.912383
0.00575818

0.351364
0.646523
-0.677165
-35.8206
1012.6

0.416015
0.281113
0.864816
0.845111
0.000357221

-0.516388
0.647595
0.560325
0.807187
0.00215507

0.438982
-0.761177
-0.477394
-2.57271
2.02813

-0.438982
0.761177
0.477394
0.304615
0.0768421

-0.158454
-0.91982
0.358919
0.302854
0.0815843

0.158454
0.91982
-0.358919
-2.87342
2.51714

-0.341231
0.748953
0.568007
-0.0162318
0.0927763

0.341231
-0.748953
-0.568007
-0.0162318
0.0927763

-0.938182
0.293725
0.183142
-0.308336
0.191437

0.938182
-0.293725
-0.183142
-0.22528
0.167905

-0.0501433
0.680009
0.731487
-0.95655
0.232206

0.0501433
-0.680009
-0.731487
0.893254
0.000724257

-0.118974
0.253274
0.960051
0.678193
0.0241418

0.118974
-0.253274
-0.960051
-7.04519
15.0818

0.0970383
-0.907199
-0.409358
0.116821
0.105566

-0.0970383
0.907199
0.409358
-1.40444
0.782016

0.619151
-0.215146
0.755225
-1.19308
0.342705

-0.619151
0.215146
-0.755225
0.854305
0.00151879

-0.507905
-0.664217
-0.548496
-8.9897
23.3169

0.507905
0.664217
0.548496
0.890957
0.00278039

-0.105414
-0.564283
-0.818824
-4.26594
4.42218

0.105414
0.564283
0.818824
0.739954
0.0108857

0.0969138
0.537711
0.837541
0.805402
0.00417437

-0.0969138
-0.537711
-0.837541
-2.46913
1.30156

-0.919422
0.207791
-0.333895
0.451034
0.0274011

0.919422
-0.207791
0.333895
-0.697811
0.261851

-0.659677
-0.418847
0.624013
0.741865
0.00691747

-0.714937
-0.139449
-0.685142
-2.43703
1.13334

0.714937
0.139449
0.685142
0.885285
0.0012944

-0.874228
-0.315713
-0.368852
-0.55662
0.126418

0.874228
0.315713
0.368852
0.884655
0.000838457

0.131797
-0.224398
0.965544
0.97336
0.00015283

0.402182
0.292816
0.867473
0.94143
0.000911354

-0.402182
-0.292816
-0.867473
-11.0328
37.3319

0.185738
-0.861415
0.472721
0.900003
0.000598106

-0.185738
0.861415
-0.472721
-0.90407
0.212155

0.297955
0.188108
-0.935862
-1.22069
0.411379

-0.297955
-0.188108
0.935862
0.746806
0.00536114

0.313545
0.48784
0.814679
-0.609036
0.202336

-0.313545
-0.48784
-0.814679
0.597741
0.0126537

-0.540123
-0.0485521
0.840185
0.855919
0.000587435

-0.545167
-0.290172
-0.786507
0.693516
0.028063

0.545167
0.290172
0.786507
-10.0334
36.2232

0.263759
0.300988
0.916426
0.907151
0.000501855

0.436476
-0.0180804
0.899534
0.113159
0.0368733

-0.91024
0.257417
0.324346
0.32312
0.0355751

0.91024
-0.257417
-0.324346
-0.112557
0.0960634

-0.413831
-0.701439
0.580282
0.643958
0.0198774

0.413831
0.701439
-0.580282
-3.65383
3.39318

0.779328
-0.152691
0.607728
0.219587
0.0608859

-0.779328
0.152691
-0.607728
-0.559893
0.2429

-0.164218
-0.725685
-0.668142
0.361654
0.0352369

0.164218
0.725685
0.668142
-0.396315
0.167795

-0.930413
-0.366512
0
0.89735
0.00440259

0.0755456
0.973596
0.215414
0.955124
0.000113701

-0.0755456
-0.973596
-0.215414
-1.17872
0.265055

-0.00821271
0.345345
0.93844
0.576571
0.0361676

0.00821271
-0.345345
-0.93844
-5.11434
7.49716

0.0200587
0.243627
-0.969661
0.540118
0.0121604

0.345221
-0.775593
0.528468
0.463545
0.023161

-0.345221
0.775593
-0.528468
-0.403789
0.158209

0.0812317
0.0417003
0.995823
0.821126
0.00626426

-0.0812317
-0.0417003
-0.995823
-6.42879
10.7843

-0.599852
-0.314047
0.735902
0.760441
0.0106137

0.599852
0.314047
-0.735902
-5.47766
7.74627

-0.10317
0.402836
-0.909439
-13.3887
64.4923

0.10317
-0.402836
0.909439
0.922206
0.00189498

-0.422506
-0.323368
0.846712
0.823398
0.00243538

0.414392
0.19422
-0.889133
0.662927
0.0110699

-0.765845
-0.0161513
-0.642822
0.645717
0.00394534

0.765845
0.0161513
0.642822
0.645717
0.00394534

-0.23236
-0.672933
-0.702261
0.971771
0.000158977

0.23236
0.672933
0.702261
-8.1461
15.7964

-0.668258
-0.420049
0.613996
0.658848
0.00730686

0.0161116
-0.676211
0.736532
0.48137
0.0201184

-0.0161116
0.676211
-0.736532
-0.274414
0.12141

-0.244098
0.629448
0.737707
0.937492
0.000190577

0.244098
-0.629448
-0.737707
-0.490862
0.0970557

-0.0774856
0.518612
0.851492
0.821672
0.00567794

0.0774856
-0.518612
-0.851492
-5.63558
7.8349

-0.142901
0.388763
0.910188
0.889862
0.00481469

0.552373
-0.439127
-0.708556
-1.98172
1.17503

-0.552373
0.439127
0.708556
0.425295
0.0436681

0.131456
-0.868523
0.4779
0.526276
0.0201921

-0.584711
0.529888
0.614273
0.692027
0.00703741

0.137195
-0.202791
0.969563
0.495877
0.0168382

-0.137195
0.202791
-0.969563
-0.0335027
0.0701446

-0.756878
0.144146
-0.637462
0.654412
0.0039088

-0.0498596
-0.903334
0.426029
0.950956
0.000296925

0.0498596
0.903334
-0.426029
-2.6423
1.15658

0.79916
0.234911
0.553318
0.712151
0.00877056

-0.525651
0.0568694
-0.848798
0.369843
0.0589043

0.0952719
0.474153
0.875273
-0.294094
0.0560785

-0.0952719
-0.474153
-0.875273
0.971759
2.69723e-05

-0.263982
0.119753
0.957065
0.980215
2.82339e-05

0.263982
-0.119753
-0.957065
-0.893833
0.158058

0.510522
-0.80682
-0.297336
-0.23675
0.125106

-0.510522
0.80682
0.297336
0.332435
0.0364671

-0.255891
0.192855
0.947273
0.956902
4.76129e-05

-0.667601
-0.306793
-0.67837
0.41613
0.0149253

0.667601
0.306793
0.67837
0.590754
0.00736712

-0.586936
-0.277141
0.760723
0.802483
0.0020953

-0.521677
-0.227267
0.822316
-1.14538
1.91831

0.521677
0.227267
-0.822316
-7.58152
30.6822

0.664966
0.31852
-0.675548
-0.58482
0.0938963

-0.664966
-0.31852
0.675548
0.981658
1.76442e-05

-0.348186
0.685822
0.639073
0.632221
0.0360306

0.348186
-0.685822
-0.639073
-8.19451
22.5132

0.568215
0.293855
0.768623
-0.56946
0.1737

-0.568215
-0.293855
-0.768623
0.685892
0.00704849

-0.262795
-0.799117
-0.540695
-3.75715
4.15115

0.262795
0.799117
0.540695
0.407412
0.0644373

0.0123605
-0.857725
-0.51396
-6.71373
10.9412

-0.0123605
0.857725
0.51396
0.902373
0.00176816

0.0883903
-0.858424
0.505267
-0.673058
0.258577

-0.0883903
0.858424
-0.505267
0.413979
0.031784

0.552552
-0.176742
0.814523
0.834311
0.00090207

0.598014
-0.555365
0.577883
0.498482
0.0566911

-0.908033
-0.208616
0.363257
0.461484
0.0116419

0.908033
0.208616
-0.363257
0.621189
0.00576164

-0.954517
0.210913
-0.210742
0.638279
0.00639998

0.954517
-0.210913
0.210742
0.204729
0.0309098

0.223457
0.974714
0
0.881265
0.00152447

-0.570647
0.189094
0.799128
-5.9246
6.10426

0.570647
-0.189094
-0.799128
0.998651
7.59472e-07

-0.887393
-0.200962
-0.414907
-0.834743
0.35348

0.887393
0.200962
0.414907
0.296894
0.0519563

-0.550792
0.0285803
-0.834153
0.364823
0.0373064

0.550792
-0.0285803
0.834153
-0.57444
0.228224

-0.73259
-0.36284
-0.575899
-0.00118029
0.0647583

0.73259
0.36284
0.575899
0.489194
0.0168627

-0.0732541
0.12567
0.989364
0.972138
0.000192963

0.0732541
-0.12567
-0.989364
-11.2872
37.5175

-0.249403
0.9684
0
0.845923
0.000931368

0.249403
-0.9684
0
0.087693
0.0322534

0.304516
0.335912
-0.89131
-0.724826
0.334376

-0.304516
-0.335912
0.89131
0.100324
0.0911832

-0.103995
0.920132
0.377546
-0.728562
0.286642

0.103995
-0.920132
-0.377546
0.386512
0.0361408

0.363742
-0.906941
0.212485
-0.00959182
0.10253

-0.363742
0.906941
-0.212485
-0.277763
0.164223

0.306121
-0.194675
-0.931875
-4.75866
4.60953

-0.306121
0.194675
0.931875
0.920295
0.000885653

0.87475
0.484575
0
-0.31076
0.131905

-0.880334
-0.474354
0
0.619279
0.00583377

0.880334
0.474354
0
0.682091
0.00430131

0.387225
-0.873017
0.296475
0.106367
0.0168625

-0.508511
-0.321164
0.798918
-0.136429
0.155681

0.508511
0.321164
-0.798918
-0.615555
0.314359

-0.390967
0.405325
-0.826351
-6.77047
14.7906

0.390967
-0.405325
0.826351
0.543333
0.0512644

-0.424608
-0.467522
-0.775327
0.501375
0.0154958

0.424608
0.467522
0.775327
0.0463153
0.0566061

0.479072
-0.736271
-0.477908
0.677844
0.00254455

-0.702007
-0.0270818
0.711655
0.897592
0.00104773

0.702007
0.0270818
-0.711655
-0.67343
0.150628

0.735888
0.117285
-0.666868
-1.72429
0.775765

-0.735888
-0.117285
0.666868
0.666274
0.0116502

-0.176743
-0.0984214
0.979324
0.956192
0.000741995

0.176743
0.0984214
-0.979324
-17.4104
126.51

-0.703777
-0.200775
-0.681459
-9.06799
23.3633

0.703777
0.200775
0.681459
0.907425
0.0020014

-0.354418
0.730579
0.583646
0.611983
0.016281

0.354418
-0.730579
-0.583646
-1.66156
0.762783

-0.309085
0.388863
-0.867901
0.991114
1.47749e-06

0.656099
0.690196
-0.305228
0.960896
0.000220128

0.498721
0.180266
0.84781
-0.232383
0.0855482

-0.498721
-0.180266
-0.84781
0.742114
0.00383583

-0.914713
0.253725
-0.314522
-1.72842
0.456984

0.914713
-0.253725
0.314522
0.978516
2.96264e-05

0.289813
-0.587264
0.755731
0.86529
0.00945657

-0.289813
0.587264
-0.755731
-22.9485
298.506

-0.258701
-0.688117
-0.677915
0.580299
0.0103764

0.258701
0.688117
0.677915
0.0292577
0.0551516

0.413938
-0.78871
-0.454523
-0.218793
0.0599704

-0.413938
0.78871
0.454523
0.912866
0.000316756

-0.37152
-0.456896
0.808219
0.827995
0.00131583

-0.1621
0.0247862
0.986463
0.989194
1.30306e-05

-0.501001
0.470337
0.726485
0.557171
0.00770702

0.558221
-0.829693
0
0.20074
0.0437504

0.0801978
0.5421
0.836478
0.540409
0.0143299

-0.0801978
-0.5421
-0.836478
-0.155132
0.0897745

0.281013
0.837141
0.469283
0.2744
0.0610352

0.2228
0.837135
-0.499566
0.0628903
0.145398

-0.2228
-0.837135
0.499566
-2.17946
1.65486

0.608139
0.346277
-0.714324
0.736703
0.0052653

-0.0519402
0.837845
0.543432
0.931921
0.00019057

0.24933
-0.569265
0.783436
-3.50531
3.98619

-0.24933
0.569265
-0.783436
0.172497
0.134731

0.361079
0.297987
0.883644
0.930686
0.000546448

-0.361079
-0.297987
-0.883644
-3.58517
2.35552

-0.00223802
-0.101769
-0.994806
-3.0309
1.88486

0.00223802
0.101769
0.994806
0.842722
0.00296116

-0.196147
-0.512783
-0.835811
0.149844
0.0208139

0.196147
0.512783
0.835811
0.933572
0.000128712

-0.167275
-0.559732
0.811615
0.804541
0.00101978

0.167275
0.559732
-0.811615
0.568875
0.00493369

0.603106
0.424276
-0.675465
0.989611
8.09267e-06

-0.0645857
-0.499296
0.864021
0.661255
0.00768022

0.0645857
0.499296
-0.864021
-0.354975
0.121024

0.66581
-0.681116
-0.304596
0.339884
0.0651164

0.33672
0.680807
-0.650478
-0.953827
0.316802

-0.33672
-0.680807
0.650478
0.668728
0.00917852

0.25258
-0.614803
0.747142
-12.9615
63.9405

-0.25258
0.614803
-0.747142
0.841993
0.00820301

-0.181068
-0.579152
0.794856
0.49789
0.0481495

0.866013
-0.500022
0
-0.0800399
0.0663326

-0.866013
0.500022
0
0.740899
0.00621544

-0.0376033
-0.991046
0.128119
0.961906
0.000124751

0.0376033
0.991046
-0.128119
-2.69002
1.16701

-0.411504
0.488907
0.769178
0.510233
0.00794844

0.411504
-0.488907
-0.769178
0.722913
0.00254987

-0.979062
0.147017
-0.140798
-7.04301
26.1873

0.979062
-0.147017
0.140798
-1.21517
1.98644

0.0513468
-0.720959
-0.691073
0.0372814
0.0480408

-0.0513468
0.720959
0.691073
0.683875
0.00518689

0.0677671
-0.613863
-0.786499
0.56645
0.0166876

0.670524
-0.116586
-0.73267
0.976649
3.71193e-05

-0.670524
0.116586
0.73267
-1.95536
0.581011

-0.014316
0.0351496
-0.999279
-0.601654
0.145458

0.014316
-0.0351496
0.999279
0.852683
0.00131238

0.848702
-0.528872
0
0.348026
0.062287

-0.0867542
0.259767
0.961767
0.943992
0.000192386

0.426989
0.432798
0.793956
0.613603
0.0059681

-0.519395
0.762447
-0.385881
0.755445
0.00334054

0.519395
-0.762447
0.385881
-0.244464
0.0860387

0.310913
-0.779086
-0.544387
0.419484
0.0370366

-0.310913
0.779086
0.544387
-1.22221
0.541573

-0.585555
0.41431
0.696759
0.725286
0.019432

0.585555
-0.41431
-0.696759
-8.42436
22.7764

0.110606
0.127361
0.98567
0.989492
5.2361e-05

-0.561451
0.0698229
0.824559
-11.3574
60.4037

0.561451
-0.0698229
-0.824559
0.227667
0.235983

0.452945
0.142063
-0.880147
-7.73477
15.6158

-0.452945
-0.142063
0.880147
0.903216
0.00192226

-0.0352914
0.442088
0.896277
0.9313
0.000254576

0.0352914
-0.442088
-0.896277
-0.599369
0.120443

0.033567
-0.910628
0.411862
0.258869
0.0739174

-0.033567
0.910628
-0.411862
-1.66069
0.951962

0.207408
-0.489468
-0.846996
-1.10638
0.568482

-0.207408
0.489468
0.846996
0.0638323
0.112521

0.0134031
0.0425827
-0.999003
0.996251
1.04385e-06

0.0759593
0.249143
0.965483
-0.587394
0.0999226

-0.248986
-0.884027
0.395604
0.023236
0.172912

0.248986
0.884027
-0.395604
-2.63294
2.39177

0.31477
0.521714
0.792927
0.821219
0.00898472

-0.686119
-0.305513
0.66023
-0.287229
0.129874

0.686119
0.305513
-0.66023
0.427898
0.025739

0.833711
0.312326
-0.455389
0.797375
0.0031018

0.387731
0.911395
-0.137926
0.262887
0.0242619

-0.387731
-0.911395
0.137926
0.675834
0.00469447

-0.137033
0.745976
-0.651722
-3.56319
2.80189

0.137033
-0.745976
0.651722
0.800761
0.00539106

-0.264674
0.256888
-0.929492
-15.0904
120.601

0.264674
-0.256888
0.929492
0.35639
0.193286

0.6642
-0.215793
-0.715732
-23.1014
298.9

-0.6642
0.215793
0.715732
0.887959
0.00649448

-0.275944
-0.0849939
-0.957408
-13.311
64.4134

0.275944
0.0849939
0.957408
0.909858
0.00255764

0.680208
0.206965
0.703194
0.337238
0.0408964

0.604524
-0.0355421
0.795793
-0.306163
0.148302

-0.604524
0.0355421
-0.795793
0.286429
0.0443873

0.386587
0.549164
-0.740925
-1.70426
1.22328

0.566613
-0.10527
-0.817232
-7.44745
15.4236

-0.566613
0.10527
0.817232
0.827603
0.00644107

0.638472
0.332179
-0.69427
-1.44573
0.528918

-0.638472
-0.332179
0.69427
0.756104
0.00526061

0.894238
0.05579
-0.444101
0.670239
0.00382061

-0.894238
-0.05579
0.444101
0.533897
0.00760978

0.933543
0.00900368
0.358352
-0.551569
0.259831

-0.933543
-0.00900368
-0.358352
0.0613947
0.0951148

-0.203086
0.0812325
-0.975786
-2.26516
1.88234

0.203086
-0.0812325
0.975786
-0.0867815
0.208954

-0.663922
-0.747802
0
0.114605
0.0661869

0.663922
0.747802
0
-0.0268493
0.0889893

0.14867
0.407491
0.901026
0.894582
0.000740877

-0.14867
-0.407491
-0.901026
-1.02893
0.256034

0.575805
-0.623925
0.528361
0.967149
0.000119355

-0.710339
-0.70386
0
-2.97202
2.44774

0.710339
0.70386
0
0.399293
0.0713024

-0.579389
-0.101592
-0.808695
0.949401
0.000255971

0.579389
0.101592
0.808695
-2.84943
1.36575

-0.949072
-0.315059
0
-0.441356
0.0902207

0.949072
0.315059
0
0.931613
0.000246201

-0.0824391
-0.301713
0.949828
-0.423229
0.384525

0.0824391
0.301713
-0.949828
-2.06152
1.77881

0.658966
-0.564633
-0.496944
-2.67536
1.54637

-0.658966
0.564633
0.496944
0.795104
0.00483526

0.169477
-0.387114
0.906322
0.934791
0.000505597

0.0476061
0.998866
0
0.185744
0.105025

-0.0476061
-0.998866
0
-1.38111
0.720686

-0.19021
0.873702
0.447734
-1.10134
0.260769

0.19021
-0.873702
-0.447734
0.927592
0.000318211

-0.360521
0.496131
-0.78986
-16.794
125.579

0.360521
-0.496131
0.78986
0.871116
0.00663709

0.177078
0.91443
0.363952
0.924809
0.00022858

-0.177078
-0.91443
-0.363952
-0.239402
0.0605494

-0.271476
0.122325
-0.95464
0.427488
0.0288696

-0.858195
0.464883
0.21768
0.273969
0.0255974

0.858195
-0.464883
-0.21768
0.598221
0.0078442

0.781819
-0.440602
0.441168
-10.753
37.118

-0.781819
0.440602
-0.441168
0.893397
0.00306633

-0.0257869
0.113192
-0.993238
-23.4785
299.773

0.0257869
-0.113192
0.993238
0.934511
0.00218513

-0.245398
0.080426
-0.966081
-2.31001
1.90537

0.245398
-0.080426
0.966081
-0.0216155
0.181608

-0.961336
-0.228689
0.153407
0.972769
0.000184484

-0.0988753
0.166387
-0.981091
-0.354186
0.212051

0.0988753
-0.166387
0.981091
-0.265414
0.185164

0.924153
-0.266233
-0.273973
-2.25093
1.63198

-0.924153
0.266233
0.273973
0.235783
0.0902114

0.223183
-0.0789405
-0.971575
0.760318
0.00675448

-0.834401
-0.551157
0
0.162643
0.121609

0.834401
0.551157
0
-1.96695
1.27964

-0.332872
0.713097
0.617
0.937634
0.000445759

0.332872
-0.713097
-0.617
-3.61257
2.35987

0.828541
0.456399
-0.324377
-0.33078
0.0953996

-0.828541
-0.456399
0.324377
0.805991
0.00203825

-0.78917
-0.149661
-0.595662
-2.94214
2.17621

0.78917
0.149661
0.595662
0.630579
0.0191836

-0.567398
-0.0165479
-0.823277
0.364705
0.0390715

0.567398
0.0165479
0.823277
-0.714647
0.284603

0.86048
0.414726
-0.295934
0.100834
0.114159

-0.86048
-0.414726
0.295934
-1.55056
0.918293

-0.290745
-0.346541
-0.891839
-0.980355
0.377217

0.290745
0.346541
0.891839
0.504911
0.0236213

-0.854082
0.258545
0.45133
0.825789
0.0160916

0.854082
-0.258545
-0.45133
-22.7122
297.72

0.416089
0.0228394
-0.909037
0.693518
0.0122069

0.00474294
0.231152
0.972906
0.955477
7.70514e-05

-0.00474294
-0.231152
-0.972906
-0.39413
0.075046

-0.451092
-0.221864
-0.864461
-0.1994
0.0684819

0.451092
0.221864
0.864461
0.835732
0.00128536

-0.219611
0.804709
-0.551556
0.884687
0.000319554

0.219611
-0.804709
0.551556
0.497972
0.00597843

0.613531
-0.24761
-0.749846
0.235367
0.0219559

-0.613531
0.24761
0.749846
0.803005
0.00145835

-0.553618
-0.101156
0.826605
0.163102
0.0423295

0.553618
0.101156
-0.826605
0.451556
0.0181985

-0.0739625
0.346274
0.935213
-1.55263
0.822855

0.0739625
-0.346274
-0.935213
0.328693
0.0569764

0.182245
0.29423
-0.938198
-3.08644
2.61602

-0.182245
-0.29423
0.938198
0.499411
0.0394935

0.723491
-0.313482
-0.615053
-0.678508
0.123117

-0.723491
0.313482
0.615053
0.962065
6.8398e-05

-0.370877
0.435816
-0.82007
-8.88066
23.2153

0.370877
-0.435816
0.82007
0.865514
0.00435554

-0.23754
-0.608435
0.75722
-2.48988
0.873212

0.23754
0.608435
-0.75722
0.989881
1.0884e-05

0.220271
-0.0454612
0.974379
0.964244
0.000220081

-0.330768
-0.607702
-0.722005
-0.0113946
0.0833656

0.330768
0.607702
0.722005
0.164136
0.0569863

0.624732
-0.511844
0.589683
-1.51069
1.14137

-0.624732
0.511844
-0.589683
-0.64533
0.490293

-0.41858
0.880801
-0.221316
0.0376341
0.0287654

-0.401924
-0.34997
-0.846155
0.844864
0.000584593

-0.562368
0.292525
0.773415
-0.866592
0.20978

0.562368
-0.292525
-0.773415
0.879721
0.000912282

0.612676
0.383665
-0.690962
0.729393
0.0071541

-0.678978
0.543758
0.49327
0.62383
0.00361604

-0.38728
-0.681894
0.620511
0.434046
0.0343277

0.38728
0.681894
-0.620511
-1.0201
0.4175

0.187329
-0.93492
0.301383
0.993765
1.22908e-06

0.43498
-0.384161
0.814379
0.634064
0.0169095

-0.43498
0.384161
-0.814379
-2.42382
1.47981

0.0877034
0.351955
0.931899
0.926884
0.00020724

-0.444325
0.633609
0.633336
0.867245
0.00334445

0.730775
0.682618
0
0.38651
0.0437953

0.451652
-0.31922
0.833132
0.440037
0.0303693

-0.451652
0.31922
-0.833132
-0.844284
0.327638

0.222969
0.881831
-0.415523
-0.587522
0.164649

-0.222969
-0.881831
0.415523
0.758522
0.00416069

-0.445633
-0.176412
0.877662
0.859575
0.00646824

0.445633
0.176412
-0.877662
-13.0425
64.0265

0.182314
0.700952
0.689513
0.709855
0.00857462

-0.182314
-0.700952
-0.689513
-1.77973
0.786591

-0.331219
0.881226
-0.337247
-0.696351
0.160735

0.21611
-0.279377
0.935545
0.896824
0.000480176

-0.21611
0.279377
-0.935545
-0.142006
0.0526634

-0.230118
0.879617
-0.416315
-0.101376
0.125497

0.230118
-0.879617
0.416315
-0.243344
0.159918

0.117739
0.954694
-0.273308
0.640602
0.00712776

-0.117739
-0.954694
0.273308
0.0179087
0.0532151

-0.665663
0.403494
0.627762
0.233794
0.0569964

0.665663
-0.403494
-0.627762
-0.501772
0.218612

-0.483442
-0.511408
0.710455
0.931416
0.000938613

-0.113042
-0.543401
-0.831827
-0.522255
0.0980973

0.113042
0.543401
0.831827
0.950725
0.000122995

-0.944452
0.199903
0.260864
-1.16979
0.530918

-0.347951
-0.779687
-0.520594
0.519157
0.0360805

0.347951
0.779687
0.520594
-3.11077
2.62789

-0.0885973
0.870313
-0.484464
0.996649
3.63381e-06

0.257003
0.96641
0
-0.471117
0.435809

-0.257003
-0.96641
0
-2.31002
2.20601

-0.645336
-0.744832
-0.169607
-0.808893
0.276021

0.645336
0.744832
0.169607
0.596495
0.0138241

-0.470973
0.470031
0.746495
0.81611
0.00609733

0.470973
-0.470031
-0.746495
-5.62003
7.82307

0.277872
-0.395495
0.875426
0.842538
0.000284227

-0.0416633
0.683908
-0.728378
0.908711
0.000634893

0.0416633
-0.683908
0.728378
-1.71978
0.562537

-0.556095
-0.408075
0.724039
0.379101
0.0176674

0.556095
0.408075
-0.724039
0.573017
0.00835986

-0.332888
0.292775
-0.896364
0.580566
0.0150115

0.332888
-0.292775
0.896364
-0.795439
0.274343

-0.94233
-0.274248
0.191839
0.605228
0.00844119

0.94233
0.274248
-0.191839
0.129109
0.0406968

0.0127776
-0.487292
-0.873146
0.85183
0.00196547

0.169453
0.161226
-0.972261
-35.8206
1012.78

-0.169453
-0.161226
0.972261
0.912383
0.00573514

0.0369382
0.570937
-0.820163
0.711893
0.00399621

-0.0369382
-0.570937
0.820163
0.103866
0.0384673

0.374152
-0.30772
0.874825
0.608536
0.00843597

0.83322
0.0569503
0.550001
0.748152
0.0184681

0.739741
0.0948465
0.666173
0.913464
0.000915255

-0.305853
-0.116346
0.944943
0.496494
0.0271019

0.305853
0.116346
-0.944943
-1.28531
0.553892

0.821063
-0.16139
-0.547549
0.493816
0.0217623

-0.821063
0.16139
0.547549
-0.59334
0.214999

-0.873944
0.308964
0.375185
0.9338
0.000494573

0.873944
-0.308964
-0.375185
-3.59725
2.35797

0.73833
-0.0679806
0.671005
0.678514
0.00939892

-0.73833
0.0679806
-0.671005
-1.24063
0.452865

-0.716519
0.491394
0.495109
-6.44754
14.4182

0.716519
-0.491394
-0.495109
0.346166
0.111216

-0.613908
-0.257757
0.746109
0.735902
0.0143138

-0.431746
0.181163
-0.883615
-36.7586
1015.76

0.431746
-0.181163
0.883615
0.980496
0.000280333

-0.772399
0.374765
-0.512788
0.862352
0.000517288

0.772399
-0.374765
0.512788
0.466477
0.00752426

0.627183
0.716706
0.304918
0.267814
0.0495394

-0.627183
-0.716706
-0.304918
-0.429677
0.188853

-0.218911
-0.200918
-0.954835
-36.0406
1013.75

0.218911
0.200918
0.954835
0.932928
0.00332462

-0.700049
0.189107
-0.6886
0.942674
0.000194659

0.690228
0.31978
0.649096
0.639401
0.00559827

-0.690228
-0.31978
-0.649096
0.36399
0.0173989

0.0582834
0.968838
-0.240742
-0.488372
0.202422

-0.0582834
-0.968838
0.240742
0.324041
0.0417649

0.718624
0.0994436
-0.688252
0.978617
0.000326638

-0.718624
-0.0994436
0.688252
-36.7187
1015.99

-0.738497
0.193154
0.645998
0.711031
0.014641

0.109242
0.676052
-0.728711
0.949632
0.000211013

-0.353513
-0.396898
0.847054
0.566799
0.0511417

0.353513
0.396898
-0.847054
-8.05305
22.33

0.116733
-0.450372
0.885177
0.909137
0.000236299

-0.116733
0.450372
-0.885177
0.298894
0.0135037

-0.75019
-0.641431
0.160563
0.36788
0.0462752

0.75019
0.641431
-0.160563
-1.30385
0.614597

0.406459
-0.334805
0.850116
0.769464
0.00240833

-0.406459
0.334805
-0.850116
0.0610126
0.0399482

-0.025843
-0.933055
0.358805
0.197958
0.0422734

-0.26906
-0.0563667
0.961473
0.749241
0.00709961

0.26906
0.0563667
-0.961473
-2.37131
1.28063

0.657462
-0.753488
0
0.551356
0.016885

0.643129
-0.681879
-0.348462
-0.136772
0.0839182

-0.643129
0.681879
0.348462
0.566334
0.0122142

0.554565
0.49618
-0.66803
0.952198
0.000195075

-0.554565
-0.49618
0.66803
-2.28172
0.858738

-0.643641
0.686885
-0.337515
0.585979
0.0180575

0.643641
-0.686885
0.337515
-1.49439
0.654582

-0.379281
0.844666
0.377737
0.137743
0.0783174

0.379281
-0.844666
-0.377737
-0.588139
0.265565

0.736209
-0.494344
0.462191
0.536178
0.0178281

-0.736209
0.494344
-0.462191
-0.623612
0.218398

0.418208
0.468444
-0.778243
-0.21018
0.0412179

-0.418208
-0.468444
0.778243
0.987814
8.65409e-06

0.765044
0.643978
0
-1.63409
0.756578

-0.765044
-0.643978
0
0.586459
0.0188914

0.882193
0.240855
0.404629
0.155439
0.0728553

-0.882193
-0.240855
-0.404629
-0.527443
0.238179

-0.176387
0.402186
0.898406
0.75783
0.000620362

0.176387
-0.402186
-0.898406
0.9578
2.07514e-05

0.786481
0.338893
0.516332
-5.59056
5.99674

-0.786481
-0.338893
-0.516332
0.973561
0.000166242

-0.760205
0.567536
0.316215
0.704437
0.00526347

0.760205
-0.567536
-0.316215
-0.270872
0.097149

-0.690957
0.320239
0.648094
0.700301
0.00752089

0.540171
-0.684132
0.490079
0.644458
0.0128999
