
0.232745
-0.694028
-0.681288
0.247234
0.0341102

-0.232745
0.694028
0.681288
0.390261
0.0224126

0.315063
-0.071332
0.946387
0.901404
0.00501888

0.87999
-0.186574
0.436816
-0.391817
0.104108

-0.87999
0.186574
-0.436816
0.826127
0.00164253

-0.949594
0.0354223
0.311474
0.396744
0.00949073

0.14239
0.664453
-0.73364
-3.11244
2.62955

-0.14239
-0.664453
0.73364
0.520499
0.0357837

-0.216611
0.519272
0.826702
0.922084
0.00236474

-0.23043
-0.330902
-0.915099
-3.78808
2.86858

0.23043
0.330902
0.915099
0.889123
0.00153939

0.390058
0.874318
-0.28883
-0.357499
0.114321

-0.390058
-0.874318
0.28883
0.714221
0.00507802

0.901902
0.0580716
-0.42802
-4.36346
8.60987

-0.901902
-0.0580716
0.42802
-0.930843
1.11598

0.304817
-0.422274
0.853681
0.970382
5.12244e-05

-0.304817
0.422274
-0.853681
-0.752523
0.133843

-0.757702
0.629432
0.172348
-0.262525
0.091636

0.757702
-0.629432
-0.172348
0.736873
0.00398409

0.887354
-0.341873
0.309394
0.969588
3.79942e-05

-0.887354
0.341873
-0.309394
-0.538972
0.0928168

0.243729
0.408597
-0.87957
-1.84482
0.714332

-0.243729
-0.408597
0.87957
0.844173
0.00215103

-0.368955
0.513268
0.774873
0.794603
0.000781029

-0.806677
-0.590993
0
0.491095
0.0450171

0.806677
0.590993
0
-2.25592
1.3733

-0.34783
0.788978
0.506486
0.96845
0.000174045

0.218083
-0.339522
0.914967
0.92681
0.00208795

-0.218083
0.339522
-0.914967
-17.1557
126.181

0.00465122
0.875485
-0.483223
-6.22655
10.6482

-0.00465122
-0.875485
0.483223
0.745941
0.0131696

-0.479051
-0.869661
0.119166
0.235844
0.0372168

0.479051
0.869661
-0.119166
0.31951
0.0295145

-0.313923
-0.904612
0.288321
-1.01693
0.471039

0.313923
0.904612
-0.288321
0.221004
0.0706607

-0.951519
0.158834
0.263407
-1.85864
0.897651

0.951519
-0.158834
-0.263407
0.648057
0.0136094

0.160393
0.919873
0.35792
0.770354
0.00561459

-0.160393
-0.919873
-0.35792
-2.20679
1.09156

-0.96449
-0.168834
-0.203112
0.708313
0.00346056

0.96449
0.168834
0.203112
0.324542
0.0185345

-0.910985
-0.412439
0
0.736422
0.00363397

0.261422
0.578917
0.772343
0.763656
0.00770956

-0.261422
-0.578917
-0.772343
-3.48691
2.77785

-0.546734
-0.267232
-0.793517
-10.7021
37.0699

0.546734
0.267232
0.793517
0.882979
0.00371817

-0.234787
0.656444
-0.716907
0.880462
0.000767035

-0.425096
0.473261
0.771568
0.587833
0.015786

0.456586
0.480216
0.748947
0.445501
0.0288816

-0.456586
-0.480216
-0.748947
-0.768169
0.292346

-0.125137
-0.157055
0.97963
-0.0848901
0.0663705

0.310317
0.39839
0.863127
0.905714
0.00097837

0.519502
0.308179
0.796959
0.654515
0.00274882

-0.519502
-0.308179
-0.796959
0.814396
0.0008017

0.00334125
-0.698111
0.715981
0.763656
0.00771472

-0.00334125
0.698111
-0.715981
-3.48691
2.77771

0.27258
0.0128914
0.962047
0.944625
0.000149925

-0.620755
0.664505
0.416047
0.188493
0.0445141

0.620755
-0.664505
-0.416047
0.279424
0.0350994

-0.585586
0.300022
0.753044
-0.213588
0.138286

0.585586
-0.300022
-0.753044
0.0776459
0.0799557

-0.570553
-0.596114
0.564904
0.471228
0.0399063

0.570553
0.596114
-0.564904
-2.47215
1.71691

0.700259
0.153269
0.697241
0.518694
0.0456622

0.0477239
-0.739828
0.671102
-0.5289
0.276024

-0.0477239
0.739828
-0.671102
-0.15979
0.158913

-0.698728
0.426568
-0.574299
-0.334036
0.280129

0.698728
-0.426568
0.574299
-1.30963
0.839329

0.649261
0.404545
-0.644052
-1.53636
0.598305

-0.649261
-0.404545
0.644052
0.733837
0.00664915

-0.134646
-0.190824
-0.972346
-0.787277
0.144339

0.134646
0.190824
0.972346
0.966364
7.02327e-05

0.0430861
-0.86551
0.499036
0.564323
0.0354073

-0.0430861
0.86551
-0.499036
-4.47658
5.58512

0.808875
-0.587981
0
0.611003
0.0196608

-0.808875
0.587981
0
-1.52045
0.651458

-0.157444
0.140154
0.977532
-2.53716
1.00172

0.157444
-0.140154
-0.977532
0.970228
8.82437e-05

-0.630264
0.459283
0.62596
0.94952
0.000192987

-0.423932
-0.0311153
0.905159
-1.88969
0.805907

0.423932
0.0311153
-0.905159
0.785063
0.00455848

0.829566
-0.110039
0.54746
0.876159
0.00115622

-0.315037
0.622515
0.716399
0.856041
0.0013601

0.315037
-0.622515
-0.716399
-0.891704
0.227637

0.281748
0.177676
0.942894
0.355423
0.0251058

0.824071
0.292898
-0.48489
-1.29077
0.247012

-0.824071
-0.292898
0.48489
0.993418
2.98411e-06

-0.552729
-0.288599
0.781794
-1.10637
0.692273

0.552729
0.288599
-0.781794
-0.462759
0.33402

0.942992
0.332816
0
-0.0581677
0.0754259

-0.942992
-0.332816
0
0.676472
0.0130858

-0.830913
-0.556403
0
0.601902
0.176875

0.448828
-0.185614
0.874128
0.993314
4.44078e-06

0.888653
-0.45858
0
0.285336
0.0324704

-0.888653
0.45858
0
0.33461
0.0282832

0.384407
0.666061
-0.639214
0.905712
0.000298085

-0.384407
-0.666061
0.639214
0.175482
0.0211965

0.839379
0.119883
0.530161
0.808258
0.0018996

-0.839379
-0.119883
-0.530161
-0.230562
0.0770933

0.0861081
0.63207
-0.770112
-0.882873
0.333359

-0.0861081
-0.63207
0.770112
0.492378
0.0243646

-0.70534
-0.593437
-0.387722
0.18532
0.0353283

0.70534
0.593437
0.387722
0.573337
0.00970857

0.346244
-0.162502
-0.923963
-0.369855
0.175749

-0.346244
0.162502
0.923963
0.204802
0.0593981

0.665155
0.484176
0.568457
0.175666
0.125357

-0.665155
-0.484176
-0.568457
-3.10216
3.10352

0.311015
0.108094
0.944238
0.62938
0.00508492

-0.311015
-0.108094
-0.944238
0.529735
0.00818398

0.444566
-0.299323
0.844255
0.874271
0.00201229

0.9546
0.231722
0.187202
0.618598
0.00760071

-0.9546
-0.231722
-0.187202
0.141847
0.0384555

-0.308652
0.318852
0.89614
0.791283
0.00377018

-0.570459
0.034363
0.820607
0.863491
0.00354398

0.570459
-0.034363
-0.820607
-6.5653
10.866

-0.764862
0.515117
0.386834
0.430648
0.0116771

0.764862
-0.515117
-0.386834
0.724473
0.00274769

0.536965
0.536175
0.651295
0.0532677
0.128369

-0.536965
-0.536175
-0.651295
-1.52027
0.908612

0.647784
-0.364244
0.669105
-1.20158
0.591269

-0.647784
0.364244
-0.669105
0.221647
0.0739196

0.44324
0.218433
0.869382
0.879765
0.000685284

-0.44324
-0.218433
-0.869382
-0.318196
0.0808498

0.685064
-0.534618
0.494844
0.958419
0.000143951

-0.355598
-0.19813
-0.913397
0.976082
8.4453e-05

-0.898016
-0.439962
0
0.819315
0.00359141

0.898016
0.439962
0
-2.11183
0.94366

-0.429209
0.354774
-0.830611
-0.346129
0.243189

0.429209
-0.354774
0.830611
-0.703678
0.389343

-0.337782
-0.425874
0.839366
-0.061152
0.14499

0.337782
0.425874
-0.839366
-0.927743
0.477819

-0.00959925
-0.350265
0.936601
0.900982
0.00315399

0.00959925
0.350265
-0.936601
-13.2585
64.3057

0.511691
0.63002
-0.584164
0.715891
0.00248048

-0.455049
0.387713
0.801629
0.345205
0.0318113

0.00178404
0.465888
-0.884842
-0.781644
0.166734

-0.00178404
-0.465888
0.884842
0.92574
0.000843094

0.327529
-0.221912
-0.918412
0.695113
0.00317042

-0.277181
-0.242667
-0.929669
0.445501
0.028956

-0.177577
0.217051
0.959873
-0.481341
0.267745

0.177577
-0.217051
-0.959873
-0.284058
0.201274

-0.115841
0.949187
-0.292619
0.0143155
0.0772115

0.115841
-0.949187
0.292619
0.18176
0.0532142

-0.48039
-0.564584
0.671171
0.683083
0.0021206

0.48039
0.564584
-0.671171
0.82611
0.000638657

0.165265
0.96629
0.197412
0.82936
0.00156025

-0.165265
-0.96629
-0.197412
-0.321301
0.090099

0.733334
0.148955
-0.66335
-0.780301
0.373422

-0.733334
-0.148955
0.66335
0.0374625
0.109275

-0.721319
-0.692603
0
0.878418
0.00247047

0.721319
0.692603
0
-1.15175
0.309263

-0.203854
0.595479
-0.777077
-1.68016
0.688661

0.203854
-0.595479
0.777077
0.742672
0.00636985

0.123018
0.0998354
0.98737
0.991878
4.63526e-05

-0.356201
-0.370484
0.857825
0.212519
0.0416931

0.356201
0.370484
-0.857825
0.271927
0.0356644

-0.463745
0.267592
0.844592
0.798249
0.000689317

0.125806
-0.273165
-0.953705
-1.29862
1.53564

-0.125806
0.273165
0.953705
-3.5053
5.89689

-0.778334
0.251853
-0.575123
0.978221
1.85989e-05

0.778334
-0.251853
0.575123
-0.193738
0.0428635

0.903116
0.419794
0.0902973
0.129066
0.0518858

-0.903116
-0.419794
-0.0902973
0.315098
0.0320881

-0.793579
-0.566185
-0.222861
-0.334271
0.142398

0.793579
0.566185
0.222861
0.429583
0.0261867

0.638803
0.561033
-0.526472
-1.72588
0.866969

-0.638803
-0.561033
0.526472
0.526752
0.026139

-0.401332
0.915933
0
0.406807
0.0432146

0.401332
-0.915933
0
-1.61597
0.839457

0.823543
0.0613967
-0.563921
-0.858258
0.676907

-0.823543
-0.0613967
0.563921
-1.62044
1.34586

-0.0319059
0.28576
0.95777
0.952031
0.000509206

0.767647
0.537453
0.349089
-1.13783
0.310204

-0.767647
-0.537453
-0.349089
0.870876
0.0011407

0.00248356
0.869303
0.494273
0.877825
0.00282031

-0.869333
0.464556
0.168664
0.858244
0.000385136

0.859127
-0.0916957
0.503481
-0.930837
0.635683

-0.859127
0.0916957
-0.503481
-0.930837
0.635683

0.592939
-0.204797
0.778769
0.866624
0.00214525

-0.00455309
-0.560959
-0.827831
0.335415
0.01034

0.828049
-0.0376889
0.559388
0.540775
0.0274748

-0.828049
0.0376889
-0.559388
-2.23988
1.36379

0.174056
-0.213387
0.961338
0.946331
6.93831e-05

0.114826
0.799849
-0.589115
-0.670331
0.170137

-0.114826
-0.799849
0.589115
0.827779
0.00184154

0.7753
-0.278819
-0.566719
-7.90439
15.7017

-0.7753
0.278819
0.566719
0.936855
0.000801941

-0.687337
0.42558
0.588599
-2.561
1.74844

0.687337
-0.42558
-0.588599
0.549821
0.0280267

0.0742858
-0.774059
-0.628741
-5.31912
7.64679

-0.0742858
0.774059
0.628741
0.687943
0.018666

-0.298661
-0.585872
-0.753363
-0.10079
0.0740815

0.298661
0.585872
0.753363
0.610823
0.0093471

-0.449837
-0.877181
0.16793
0.986087
1.31982e-05

0.469774
0.404223
0.784804
0.250293
0.0365556

-0.469774
-0.404223
-0.784804
0.27832
0.0338761

0.317704
-0.18495
-0.929977
-1.553
0.491707

-0.317704
0.18495
0.929977
0.887322
0.00101486

0.0577655
0.580663
0.812092
0.976393
5.55365e-05

-0.0577655
-0.580663
-0.812092
-2.76675
1.17265

-0.15187
0.334894
-0.929936
-9.06799
23.3736

0.15187
-0.334894
0.929936
0.907425
0.00197921

0.125468
0.5552
-0.822199
-1.69928
0.504801

-0.125468
-0.5552
0.822199
0.943632
0.000242988

0.534031
0.652415
0.537741
0.0145588
0.118661

-0.534031
-0.652415
-0.537741
-0.863089
0.42385

0.504514
0.631064
-0.589257
0.144848
0.102016

-0.504514
-0.631064
0.589257
-1.57968
0.927244

0.241096
0.290794
-0.925911
-23.0283
298.632

-0.241096
-0.290794
0.925911
0.877407
0.00783758

0.999555
0.0298377
0
-0.904532
0.343087

-0.999555
-0.0298377
0
0.494575
0.0247384

0.514297
-0.400919
-0.758131
0.979862
0.000125646

-0.344591
0.16874
0.923463
0.919548
0.00253264

0.344591
-0.16874
-0.923463
-17.1017
126.097

0.531254
-0.46334
0.709285
0.764372
0.0112772

-0.531254
0.46334
-0.709285
-6.27248
10.6757

-0.863257
-0.0614427
0.501011
0.507375
0.0144477

0.863257
0.0614427
-0.501011
0.115443
0.0464738

-0.208199
-0.104714
0.972465
0.904399
0.000947731

0.208199
0.104714
-0.972465
-2.93018
1.59987

-0.0995944
0.766681
0.634256
0.273093
0.0807758

0.0995944
-0.766681
-0.634256
-2.28245
1.64426

0.0691606
-0.52723
0.846904
0.877619
0.0023992

-0.757566
-0.113068
0.642891
0.65593
0.00858789

0.757566
0.113068
-0.642891
-0.542964
0.171344

-0.685799
-0.263762
-0.678314
0.593506
0.00593506

0.685799
0.263762
0.678314
0.593506
0.00593506

-0.128643
-0.0373483
0.990987
0.989953
7.25659e-05

0.424775
0.723904
0.543625
0.597741
0.0218568

-0.424775
-0.723904
-0.543625
-2.62035
1.76911

0.343863
0.681591
-0.645904
-0.915269
0.229349

-0.0924015
0.646395
0.757387
0.862082
0.00138875

0.0924015
-0.646395
-0.757387
-1.20668
0.34389

0.951469
-0.0458741
-0.304305
-0.311698
0.0656178

-0.951469
0.0458741
0.304305
0.946665
0.000111389

-0.125439
-0.695036
0.707948
0.650058
0.00345265

0.458859
-0.698958
-0.548549
0.586107
0.00875287

-0.458859
0.698958
0.548549
0.232133
0.0300054

-0.0108616
0.523547
0.851928
0.789857
0.00509718

0.0108616
-0.523547
-0.851928
-2.66549
1.54413

-0.865221
-0.470544
0.173152
0.0644538
0.0354305

0.865221
0.470544
-0.173152
0.832321
0.0011407

0.0080376
-0.149061
0.988795
0.80385
0.00601222

-0.0080376
0.149061
-0.988795
-4.40637
4.48143

0.527556
-0.0681502
-0.846782
-3.11913
2.23681

-0.527556
0.0681502
0.846782
0.742555
0.00876401

-0.100806
0.767444
-0.633141
0.862932
0.00109998

-0.343673
0.643986
-0.683499
-1.26641
0.381408

0.343673
-0.643986
0.683499
0.844264
0.00181128

-0.249834
0.777643
-0.576935
-0.591357
0.309758

0.249834
-0.777643
0.576935
-0.195287
0.174816

0.232354
-0.73689
0.634826
0.581323
0.0132902

-0.232354
0.73689
-0.634826
-0.483486
0.165924

0.895274
0.268163
0.355772
0.88404
0.00106417

-0.847208
0.42276
0.321735
-2.70934
1.01377

0.847208
-0.42276
-0.321735
0.993744
3.27967e-06

-0.85321
0.332455
0.401879
0.273869
0.047044

0.85321
-0.332455
-0.401879
-0.350241
0.162551

-0.419163
0.495036
-0.761079
-0.0930153
0.0556342

0.419163
-0.495036
0.761079
0.813364
0.00163584

-0.746759
-0.439204
-0.49945
0.365678
0.0345923

0.746759
0.439204
0.49945
-0.398544
0.167898

0.87518
0.483797
0
0.239365
0.0764957

-0.87518
-0.483797
0
-0.800323
0.353072

-0.854082
0.258545
0.45133
0.825789
0.0160916

0.854082
-0.258545
-0.45133
-22.7122
297.72

-0.231761
-0.803552
0.548261
-1.92552
2.67098

0.231761
0.803552
-0.548261
-3.21275
5.53851

0.463191
-0.604023
-0.648545
-0.428164
0.0719246

-0.463191
0.604023
0.648545
0.977092
2.43116e-05

0.366099
0.0583368
0.928745
0.779707
0.00248283

-0.366099
-0.0583368
-0.928745
-0.141754
0.0660639

0.346354
-0.157716
0.924751
0.833739
0.00192079

-0.346354
0.157716
-0.924751
-0.998091
0.274532

-0.518296
-0.551289
-0.653796
-9.51506
23.6082

0.518296
0.551289
0.653796
0.974448
0.000146086

-0.429311
-0.0226847
-0.902872
-3.70371
2.8459

0.429311
0.0226847
0.902872
0.859484
0.00254115

-0.565607
-0.824675
0
-5.20629
16.4518

0.565607
0.824675
0
-2.75442
6.04048

-0.502338
-0.629305
0.592985
0.650274
0.00726685

0.502338
0.629305
-0.592985
-0.127397
0.0754571

0.530387
-0.805511
-0.264275
-0.265414
0.185167

-0.530387
0.805511
0.264275
-0.354186
0.212054

-0.518601
-0.550589
-0.654144
-7.58153
15.5195

0.518601
0.550589
0.654144
0.865914
0.00379759

0.365522
-0.383554
0.848104
0.893363
0.00137697

0.194991
0.638855
-0.744206
-12.3593
62.8509

-0.194991
-0.638855
0.744206
0.673844
0.03757

-0.749553
0.365787
-0.551698
-8.42436
22.786

0.749553
-0.365787
0.551698
0.725286
0.0193665

0.680542
-0.00920401
0.732651
0.80627
0.0106335

-0.680542
0.00920401
-0.732651
-10.387
36.7235

-0.0690963
0.662922
0.745493
0.740121
0.00355172

0.0690963
-0.662922
-0.745493
-0.106926
0.0644028

-0.613491
-0.673186
0.412854
0.973271
2.91143e-05

-0.444931
0.0584783
-0.893654
-5.62003
7.82782

0.444931
-0.0584783
0.893654
0.81611
0.00604544

-0.643522
0.765428
0
-1.67346
0.837582

0.643522
-0.765428
0
0.471903
0.0404675

-0.833056
-0.27114
0.482184
0.717474
0.00593273

0.833056
0.27114
-0.482184
-0.545818
0.161643

0.468704
0.883355
0
0.872343
0.030831

-0.468704
-0.883355
0
-0.682003
0.226815

0.00840412
-0.852417
-0.522795
0.152423
0.0465164

-0.00840412
0.852417
0.522795
0.373642
0.0254308

0.583206
-0.772135
0.252343
0.123317
0.0624512

-0.583206
0.772135
-0.252343
0.0356971
0.0755545

-0.326678
-0.890574
0.31648
0.715268
0.0343887

0.326678
0.890574
-0.31648
-16.1018
123.997

0
0.44602
0.895023
0.32251
0.0604371

-0.583972
0.439947
-0.68222
0.9284
0.000149914

-0.459574
-0.374354
-0.805389
0.745325
0.00702773

-0.24534
0.788601
0.563841
0.722579
0.0145418

0.24534
-0.788601
-0.563841
-5.39176
7.69191

0.504473
-0.10338
-0.857216
-3.37658
2.31042

-0.504473
0.10338
0.857216
0.863705
0.00224306

0.301292
-0.883535
0.358594
0.968464
4.15611e-05

-0.301292
0.883535
-0.358594
-0.535275
0.0927335

-0.682146
-0.0183664
0.730985
0.75026
0.00416075

0.682146
0.0183664
-0.730985
-0.578759
0.163525

-0.0186029
-0.757359
-0.652734
0.334335
0.0337203

0.0186029
0.757359
0.652734
-0.0821216
0.0889343

0.702154
-0.440253
0.559605
0.971596
0.000141725

-0.649833
0.760077
0
0.55992
0.0284905

0.19574
0.730946
0.653761
-10.1933
36.4682

-0.19574
-0.730946
-0.653761
0.74815
0.0184782

0.821173
-0.548927
-0.156055
-4.74302
7.20377

-0.821173
0.548927
0.156055
0.317119
0.101861

-0.0985588
-0.804142
0.58621
0.768958
0.0134251

0.0985588
0.804142
-0.58621
-8.54814
22.9195

-0.667987
0.00583696
0.74415
0.747676
0.00343801

0.226046
0.93544
-0.271763
-0.287229
0.129773

-0.226046
-0.93544
0.271763
0.427898
0.0256485

-0.179563
-0.763587
-0.620235
-1.12529
0.336061

0.28254
0.551938
0.784561
0.875695
0.00612043

0.236642
-0.171102
-0.956412
0.55972
0.0115284

-0.236642
0.171102
0.956412
0.0408151
0.05451

-0.686296
0.61763
-0.384098
0.474649
0.0130173

0.686296
-0.61763
0.384098
0.459956
0.0137543

-0.232358
0.424542
0.875085
0.999
2.09896e-07

0.232358
-0.424542
-0.875085
-8.71271
16.6756

0.183742
0.0280038
-0.982576
0.889832
0.0012849

-0.183742
-0.0280038
0.982576
-2.88863
1.5921

0.91889
-0.196847
-0.341897
-2.76974
2.11101

-0.91889
0.196847
0.341897
0.495423
0.0378515

0.0880924
0.472083
0.877142
0.916485
0.000856547

-0.0880924
-0.472083
-0.877142
-3.8784
2.88964

-0.631186
-0.375224
0.678831
0.842243
0.00121624

0.631186
0.375224
-0.678831
-0.206923
0.0689214

0.16903
0.695753
-0.698109
0.987736
2.57904e-05

-0.16903
-0.695753
0.698109
-6.42168
8.10636

0.673589
0.321328
-0.665602
-0.482266
0.176801

-0.673589
-0.321328
0.665602
0.503175
0.0199523

0.61239
-0.324416
-0.720925
0.527838
0.00712042

-0.61239
0.324416
0.720925
0.741334
0.00217422

-0.65315
0.735047
0.181937
0.288765
0.0288301

0.65315
-0.735047
-0.181937
0.417344
0.0193522

-0.521018
0.1682
0.836809
0.705624
0.00627005

0.521018
-0.1682
-0.836809
-0.644619
0.192467

-0.179656
0.554289
0.812704
0.842094
0.00481043

0.179656
-0.554289
-0.812704
-6.49373
10.825

0.137464
-0.14765
0.97944
0.923139
0.000542782

-0.100357
0.80091
0.590315
0.306877
0.058955

0.100357
-0.80091
-0.590315
-1.39056
0.700983

-0.671846
0.251996
0.696506
-0.354186
0.21204

0.671846
-0.251996
-0.696506
-0.265414
0.185153

-0.195976
-0.15623
0.968084
0.677197
0.00888965

0.195976
0.15623
-0.968084
-1.04753
0.35609

-0.423773
-0.295919
-0.856066
-0.535699
0.182187

0.423773
0.295919
0.856066
0.57832
0.0138244

-0.303012
0.698988
0.647764
0.304084
0.00778267

-0.545968
-0.236551
-0.803718
-1.47025
0.587629

0.545968
0.236551
0.803718
0.680968
0.00980367

-0.965754
-0.199415
-0.165989
0.813445
0.00284207

0.965754
0.199415
0.165989
-1.41775
0.476869

-0.171067
0.440666
0.881221
0.752956
0.00273875

0.171067
-0.440666
-0.881221
0.113106
0.0352675

-0.445218
0.837594
-0.316571
0.0598773
0.0516757

0.445218
-0.837594
0.316571
0.56964
0.0110611

-0.386018
-0.192665
0.902148
0.711515
0.00963555

-0.333808
0.326605
0.884252
0.890152
0.00204475

0.333808
-0.326605
-0.884252
-5.85558
7.94188

0.416765
-0.888313
-0.192891
-0.209034
0.0982543

-0.416765
0.888313
0.192891
0.569069
0.0124885

0.0247041
-0.913163
-0.406845
0.889396
0.000646577

-0.0247041
0.913163
0.406845
-0.610421
0.136828

0.791341
0.611374
0
0.551184
0.015485

-0.791341
-0.611374
0
0.0454856
0.0592045

-0.378423
-0.761058
0.526865
-0.0426726
0.0775691

0.378423
0.761058
-0.526865
0.391973
0.0263826

0.716326
-0.389474
-0.578954
-1.02536
0.548463

-0.716326
0.389474
0.578954
-0.0891962
0.158625

-0.788111
0.481584
-0.383351
-0.0972235
0.105502

0.788111
-0.481584
0.383351
0.106425
0.0699771

-0.263769
-0.105989
0.958745
-8.0106
47.2001

0.263769
0.105989
-0.958745
-3.59726
12.2866

0.0195868
-0.971213
-0.237407
0.833553
0.0074868

-0.0195868
0.971213
0.237407
-9.91605
31.8067

-0.968951
0.0181856
0.246583
0.414726
0.034329

0.968951
-0.0181856
-0.246583
-0.912536
0.366412

-0.843236
0.537543
0
-1.03247
0.740148

0.843236
-0.537543
0
-1.03247
0.740148

0.317365
-0.649025
0.691409
0.314862
0.0555722

-0.317365
0.649025
-0.691409
-1.26492
0.605777

-0.657622
-0.238018
0.71476
0.304705
0.0222562

0.657622
0.238018
-0.71476
0.623737
0.00651986

-0.593146
-0.741687
-0.313173
-0.0507979
0.0781557

0.593146
0.741687
0.313173
0.408926
0.0247445

0.286386
-0.628991
0.72274
-0.89055
0.308858

-0.286386
0.628991
-0.72274
0.601668
0.0138118

0.797676
-0.259812
0.544252
0.524551
0.0505666

-0.797676
0.259812
-0.544252
-5.78539
10.2829

-0.717215
0.250135
-0.650412
-10.415
36.7573

0.717215
-0.250135
0.650412
0.813969
0.00976772

-0.175809
-0.253353
-0.951264
-1.12528
0.336082

0.175809
0.253353
0.951264
0.811428
0.00265645

-0.585492
-0.810678
0
-0.88166
0.563802

0.585492
0.810678
0
-0.714494
0.470775

0.807311
0.590126
0
-1.15471
0.284559

-0.807311
-0.590126
0
0.918231
0.00139374

-0.0992643
-0.419311
-0.902399
0.895987
0.000654981

0.964564
0.113667
-0.238109
0.972995
4.6489e-05

-0.388471
0.0577654
-0.919649
-22.8138
298.064

0.388471
-0.0577654
0.919649
0.843445
0.0129022

0.0415126
0.124538
-0.991346
-2.71316
7.55896

-0.0415126
-0.124538
0.991346
-8.50569
49.538

0.575894
-0.785463
0.226702
-0.650119
0.138785

-0.575894
0.785463
-0.226702
0.911408
0.00040268

0.785263
-0.619163
0
0.152423
0.0507761

-0.785263
0.619163
0
0.373642
0.029183

-0.349797
0.670862
-0.653901
-3.73428
3.42855

0.349797
-0.670862
0.653901
0.69239
0.0144933

0.911922
0.410363
0
0.828005
0.00550509

-0.443668
-0.300875
0.844176
-1.83104
0.513257

0.443668
0.300875
-0.844176
0.976432
4.57724e-05

-0.334691
0.935957
-0.109394
-0.0131583
0.0598025

0.334691
-0.935957
0.109394
0.608114
0.00897572

-0.194795
-0.772047
-0.604978
-1.78898
0.881857

0.194795
0.772047
0.604978
0.587425
0.0193177

-0.387444
-0.497989
-0.775819
-0.301333
0.0687493

0.387444
0.497989
0.775819
0.927242
0.000221239

-0.28541
-0.765324
0.576906
0.416036
0.0116868

-0.462919
-0.0326417
0.885799
-1.8055
1.11868

-0.179402
-0.952538
0.245941
0.901995
0.000110334

0.778073
0.628174
0
-1.35991
0.509028

-0.778073
-0.628174
0
0.687944
0.0133707

-0.164405
0.342765
0.924923
-0.927743
0.477825

0.164405
-0.342765
-0.924923
-0.061152
0.145036

0.103665
-0.331576
0.937716
0.924724
0.00286501

-0.103665
0.331576
-0.937716
-23.3897
299.698

0.985389
-0.00620614
-0.170206
0.451615
0.00443059

0.603298
-0.0520366
0.795816
0.821769
0.00227399

-0.603298
0.0520366
-0.795816
-0.980356
0.272974

0.442946
0.35493
-0.823301
-2.68738
1.34356

-0.442946
-0.35493
0.823301
0.901264
0.000973307

0.338221
-0.929634
0.146247
0.606619
0.00888152

-0.786141
-0.194142
-0.586764
0.282238
0.0129185

-0.0184125
0.535814
0.844135
0.765582
0.00178245

0.529254
-0.671548
0.518569
0.711706
0.0157789

-0.529254
0.671548
-0.518569
-5.36839
7.67745

0.832579
-0.512298
0.210627
-0.657672
0.269393

-0.832579
0.512298
-0.210627
0.312348
0.0465355

0.126468
-0.876232
0.464999
0.476059
0.0304659

-0.126468
0.876232
-0.464999
-1.3913
0.633494

0.273055
-0.0693087
0.959498
0.701928
0.0185159

-0.273055
0.0693087
-0.959498
-6.12429
10.5718

-0.506548
-0.111373
-0.854988
0.898728
0.000695267

0.506548
0.111373
0.854988
-1.11198
0.283604

0.332361
-0.64216
-0.690773
-5.30995
9.80033

-0.332361
0.64216
0.690773
0.182231
0.164816

0.38306
-0.00928303
0.923677
0.904048
0.00121399

0.183426
-0.67274
-0.716781
-0.0291871
0.0847351

-0.183426
0.67274
0.716781
0.21007
0.0499545

0.159822
0.711419
0.684353
0.712968
0.0125384

-0.159822
-0.711419
-0.684353
-3.77085
3.44258

0.803152
-0.44183
-0.399665
-0.282622
0.115409

-0.803152
0.44183
0.399665
0.56163
0.0135093

0.558776
0.529182
0.638543
0.562762
0.00680225

0.755736
-0.268831
0.597154
0.867951
0.00179351

-0.755736
0.268831
-0.597154
-2.60118
1.32874

-0.690932
-0.269641
-0.670751
-2.27782
2.54812

0.690932
0.269641
0.670751
-1.16389
1.11071

0.0902596
-0.727649
0.679986
0.610258
0.0147547

-0.0902596
0.727649
-0.679986
-1.27619
0.502482

-0.852199
0.516746
0.0820352
0.992422
5.99566e-06

0.363177
-0.375017
0.852916
0.635357
0.0104417

-0.363177
0.375017
-0.852916
-0.703308
0.227138

-0.80484
-0.0117192
0.593376
-1.25023
0.347758

0.80484
0.0117192
-0.593376
0.885264
0.000927601

0.591682
0.806171
0
0.342638
0.0276019

-0.591682
-0.806171
0
0.207422
0.0401213

-0.181827
0.237106
0.954316
0.965285
0.000361144

0.350402
-0.663925
0.660622
0.221898
0.0636873

-0.432236
0.0151025
0.901634
0.745383
0.0039318

0.432236
-0.0151025
-0.901634
-0.386245
0.116205

0.186955
-0.223544
-0.956596
-2.50739
1.00037

-0.186955
0.223544
0.956596
0.964214
0.000109106

-0.645254
-0.484057
0.591046
0.877793
0.0011353

0.645254
0.484057
-0.591046
-0.422027
0.101242

-0.799844
-0.600208
0
0.688966
0.00311079

0.799844
0.600208
0
0.655664
0.00376859

0.150011
-0.568871
-0.80863
0.588952
0.0200724

0.467725
-0.68353
-0.560375
0.584216
0.00992033

-0.467725
0.68353
0.560375
0.0517197
0.0515871

0.31894
0.578307
0.750892
0.786958
0.00416293

-0.31894
-0.578307
-0.750892
-0.795137
0.220914

-0.261116
0.0292595
0.964864
0.403022
0.0383423

0.261116
-0.0292595
-0.964864
-1.09874
0.470878

0.324924
0.135093
-0.936042
0.983576
5.853e-05

0.0987826
0.139993
0.985213
0.996451
5.87371e-06

-0.273685
-0.879053
0.390337
-0.000317335
0.0823571

0.273685
0.879053
-0.390337
0.134394
0.0616798

-0.811057
-0.564498
-0.153387
0.742064
0.00510634

-0.250415
0.557314
-0.79164
-6.72338
10.949

0.250415
-0.557314
0.79164
0.90465
0.00167026

-0.645829
0.177254
0.742621
0.742554
0.0123747

0.645829
-0.177254
-0.742621
-5.43615
7.72111

0.178148
-0.933971
-0.309775
0.864787
0.00592946

0.23988
0.0462225
0.969702
0.819336
0.00275084

-0.23988
-0.0462225
-0.969702
-1.54058
0.541862

-0.480474
-0.189474
0.856297
0.881546
0.000364988

-0.41774
0.620567
0.663619
0.712849
0.00652591

0.41774
-0.620567
-0.663619
-0.920602
0.288994

-0.146001
0.398185
0.905612
0.853724
0.00858493

-0.95514
-0.296156
0
0.97349
0.000896608

0.95514
0.296156
0
-23.9317
294.688

0.546913
0.145015
0.824534
0.348026
0.0439447

-0.546913
-0.145015
-0.824534
-0.867193
0.358984

-0.806593
0.521526
-0.27824
0.0625596
0.0533123

0.806593
-0.521526
0.27824
0.518856
0.0140551

-0.372048
0.138365
-0.917843
-4.88547
5.81327

0.372048
-0.138365
0.917843
0.780813
0.00817176

-0.0566
-0.572198
-0.81816
0.849213
0.00111376

0.0566
0.572198
0.81816
-0.1316
0.0573848

0.0172342
0.859615
0.510652
0.779707
0.00248825

-0.0172342
-0.859615
-0.510652
-0.141754
0.0660774

0.215574
-0.946589
0.239786
-1.07631
0.437587

-0.15435
-0.548995
-0.82145
-5.63558
7.83635

0.15435
0.548995
0.82145
0.821672
0.00566259

-0.62496
-0.467025
0.62555
-0.0711672
0.103039

0.62496
0.467025
-0.62555
0.0358826
0.0834757

-0.634204
-0.438507
0.636787
0.889376
0.000961043

0.634204
0.438507
-0.636787
-1.67417
0.557747

0.32535
0.651633
0.685217
0.776032
0.00531777

-0.317818
0.497065
0.807415
0.0703304
0.164024

0.317818
-0.497065
-0.807415
-3.01021
3.0467

0.136478
-0.746218
0.651562
-0.678421
0.224519

-0.136478
0.746218
-0.651562
0.606209
0.0124373

0.526525
-0.00362486
0.850152
0.835803
0.00208614

0.223902
-0.477479
0.849636
-6.6754
19.9962

-0.223902
0.477479
-0.849636
-0.46913
0.732601

-0.39492
0.307447
0.865745
0.873801
0.00054982

0.699679
0.578463
0.419321
0.49854
0.0138809

-0.699679
-0.578463
-0.419321
0.238697
0.0319508

0.0734616
0.573826
-0.815676
-6.42879
10.7775

-0.0734616
-0.573826
0.815676
0.821126
0.00631964

-0.636219
-0.771509
0
-1.41775
0.476817

0.636219
0.771509
0
0.813445
0.00285951

-0.531435
-0.658386
-0.533015
-0.618607
0.189989

0.531435
0.658386
0.533015
0.678111
0.00751658

-0.108895
0.884712
0.453239
0.747322
0.00395847

0.108895
-0.884712
-0.453239
-0.203795
0.0806003

0.339967
-0.65385
0.675945
0.609019
0.00190716

0.221608
-0.420094
-0.880006
-0.691395
0.196545

-0.221608
0.420094
0.880006
0.750956
0.00436184

0.886308
-0.446012
0.124624
0.833703
0.0032825

-0.886308
0.446012
-0.124624
-3.08171
1.97721

-0.360758
0.309476
-0.879817
0.835345
0.00324038

0.138714
0.0282992
-0.989928
-36.2618
1014.52

-0.138714
-0.0282992
0.989928
0.950728
0.00178131

0.786996
0.462133
-0.408742
0.730971
0.0116326

-0.715297
0.0648465
0.695805
0.81666
0.0025659

0.715297
-0.0648465
-0.695805
-1.22222
0.376815

-0.551944
-0.378914
0.742821
0.121878
0.0272281

-0.608579
0.165724
0.775995
0.949122
0.00128627

-0.53667
-0.605442
-0.587729
-2.63892
1.77479

0.53667
0.605442
0.587729
0.612015
0.0202492

0.935701
0.0977651
-0.338976
0.866838
0.00121813

-0.935701
-0.0977651
0.338976
-1.13059
0.309591

-0.553289
-0.832989
0
0.766985
0.00109354

0.553289
0.832989
0
0.789825
0.000892859

0.518876
0.111964
0.847486
0.955613
0.00145398

-0.518876
-0.111964
-0.847486
-36.3296
1014.57

0.587923
0.141141
0.796509
0.332487
0.0450574

-0.587923
-0.141141
-0.796509
-0.772716
0.316638

0.394613
0.533668
0.747984
0.159948
0.0656977

-0.394613
-0.533668
-0.747984
-0.296718
0.156481

0.899346
0.145085
0.412466
0.70001
0.0158244

-0.899346
-0.145085
-0.412466
-4.71221
5.72675

0.686476
0.680538
-0.256162
0.100811
0.0861849

-0.686476
-0.680538
0.256162
-0.570133
0.262739

-0.133429
0.602103
0.787191
0.844173
0.002198

-0.262707
0.185052
-0.946964
-2.76138
2.46018

0.262707
-0.185052
0.946964
0.180852
0.116719

-0.591587
-0.71815
-0.36645
0.574733
0.00742396

0.591587
0.71815
0.36645
0.497055
0.0103762

-0.0440666
-0.396904
0.916802
-0.882572
0.392871

0.0440666
0.396904
-0.916802
0.226425
0.0663509

-0.051713
-0.24335
0.968559
0.998329
9.96401e-07

-0.0718569
0.0583734
-0.995705
-13.5691
64.6791

0.0718569
-0.0583734
0.995705
0.947129
0.000855342

0.0708991
0.940495
0.332328
0.507272
0.00783944

-0.0708991
-0.940495
-0.332328
0.742795
0.00215086

0.971984
0.0375876
0.232023
0.365678
0.0345404

-0.971984
-0.0375876
-0.232023
-0.398544
0.167848

-0.824573
0.0073518
-0.565707
0.993154
3.17969e-06

-0.929816
0.122118
0.347173
0.0345712
0.460911

0.929816
-0.122118
-0.347173
-14.4467
117.974

0.684098
-0.604668
-0.407905
-1.02278
0.665638

-0.684098
0.604668
0.407905
-0.671732
0.454676

0.352008
0.120779
0.928172
0.923336
0.00089107

-0.718305
0.290527
-0.632165
-1.01666
0.416977

0.718305
-0.290527
0.632165
0.429419
0.0334798

0.375231
0.397678
0.83729
0.823006
0.00512254

-0.375231
-0.397678
-0.83729
-4.99147
5.86949

-0.252283
0.321087
0.912829
-0.0970721
0.290355

0.252283
-0.321087
-0.912829
-4.30982
6.79131

-0.293883
-0.119142
0.948387
0.566799
0.0513194

0.293883
0.119142
-0.948387
-8.05305
22.3133

0.459976
0.672404
-0.579909
0.0126946
0.0327791

-0.459976
-0.672404
0.579909
0.921259
0.000212227

-0.340113
-0.462536
0.818769
0.745261
0.00335051

0.340113
0.462536
-0.818769
-0.0836381
0.0604691

-0.395906
0.586118
-0.706912
-1.30125
0.461604

0.395906
-0.586118
0.706912
0.730102
0.0063576

-0.55677
-0.641813
0.527335
0.575878
0.0122826

0.256587
0.288709
0.922394
-0.205597
0.251824

-0.256587
-0.288709
-0.922394
-1.94338
1.49881

-0.705787
0.0546071
0.706317
-0.485266
0.289457

0.705787
-0.0546071
-0.706317
-0.485266
0.289457

0.613549
0.174164
-0.77021
-0.763756
0.341252

-0.613549
-0.174164
0.77021
0.174313
0.0749471

-0.301509
-0.539049
0.786459
-2.39913
1.12695

0.301509
0.539049
-0.786459
0.869584
0.00170644

-0.317747
-0.842789
-0.434446
-0.694772
0.161111

0.317747
0.842789
0.434446
0.880191
0.00101388

0.266826
-0.687627
-0.675258
-5.40146
12.8279

-0.266826
0.687627
0.675258
-0.652821
0.860718

0.326004
0.476845
-0.816297
0.722552
0.00442246

-0.326004
-0.476845
0.816297
-0.215429
0.0844518

-0.894826
-0.446416
0
-1.67797
0.538708

0.894826
0.446416
0
0.891073
0.00313637

-0.127895
-0.099175
0.986817
-13.6251
64.729

0.127895
0.099175
-0.986817
0.953841
0.000647838

-0.276203
-0.961099
0
0.530018
0.0133375

0.276203
0.961099
0
0.0567701
0.0536363

0.395673
-0.818673
-0.416193
-0.0370572
0.0318022

-0.998528
-0.0542435
0
-0.177967
0.183997

0.998528
0.0542435
0
-0.872731
0.464967

-0.216056
0.0596748
-0.974556
-0.175415
0.0676549

0.216056
-0.0596748
0.974556
0.813777
0.00175669

-0.251638
0.751847
-0.60943
-0.246868
0.0878572

0.251638
-0.751847
0.60943
0.758039
0.00402782

-0.709361
-0.0461792
0.703331
0.676538
0.00458902

-0.750112
0.661311
0
-0.513152
0.326325

0.750112
-0.661311
0
-0.641869
0.38135

0.290392
0.50898
0.810316
0.938667
0.00142897

-0.290392
-0.50898
-0.810316
-17.2505
126.39

-0.149711
0.850596
0.504057
0.141845
0.122853

0.149711
-0.850596
-0.504057
-2.43261
1.96403

0.454499
0.559897
-0.692781
0.794293
0.00710451

-0.0733045
0.573834
0.815684
0.973252
0.000516325

-0.0435246
-0.21012
-0.976706
-6.44754
14.4183

0.0435246
0.21012
0.976706
0.346166
0.111215

0.890406
-0.323055
0.320646
-1.47102
0.720406

-0.890406
0.323055
-0.320646
0.410643
0.0410093

-0.256315
-0.509449
0.821441
0.853616
0.00111773

0.256315
0.509449
-0.821441
-0.426748
0.105858

0.0509767
0.266977
-0.962354
-0.922479
0.573848

-0.0509767
-0.266977
0.962354
-0.602684
0.398829

-0.300525
0.150504
0.941825
0.570922
0.0266917

0.300525
-0.150504
-0.941825
-2.86168
2.14523

-0.466957
0.0837888
-0.880302
-2.12624
0.950159

0.466957
-0.0837888
0.880302
0.826991
0.00292531

-0.237127
0.248655
-0.939117
-0.867356
0.507734

0.237127
-0.248655
0.939117
-0.446078
0.304661

0.707107
0.707107
0
0.0192552
0.120326

-0.707107
-0.707107
0
-0.532414
0.267628

-0.497224
0.771269
-0.397382
0.882861
0.00708384

0.106436
0.641967
-0.759309
-16.5123
124.99

-0.106436
-0.641967
0.759309
0.815781
0.0138954

-0.0131363
0.865677
-0.500431
-1.16979
0.530891

0.0131363
-0.865677
0.500431
0.349315
0.0478132

-0.49565
0.236552
-0.835688
-2.1099
0.839924

0.49565
-0.236552
0.835688
0.896297
0.000934389

0.837336
0.369378
-0.403025
-0.80252
0.321222

-0.837336
-0.369378
0.403025
0.379004
0.0381666

0.426887
-0.318659
0.8463
-0.716305
0.692011

-0.426887
0.318659
-0.8463
-2.86169
3.50328

0.440399
-0.402901
-0.802321
-0.506483
0.116213

-0.440399
0.402901
0.802321
0.880462
0.000734424

0.431026
0.122806
0.893943
0.875161
0.00425612

-0.431026
-0.122806
-0.893943
-10.6655
37.0317

0.553872
0.769482
-0.317999
0.896814
0.000280973

-0.553872
-0.769482
0.317999
0.407717
0.00894952

-0.0630802
-0.381441
0.922238
0.207567
0.053882

0.0630802
0.381441
-0.922238
-0.169991
0.117364

-0.0271337
0.994126
0.104775
-0.620462
0.586277

0.0271337
-0.994126
-0.104775
-2.68752
3.03589

-0.838311
0.428749
-0.336762
-0.83129
0.239867

0.838311
-0.428749
0.336762
0.76205
0.00406412

0.617347
0.786691
0
0.88071
0.000796547

-0.617347
-0.786691
0
-0.596114
0.136187

-0.659677
-0.418847
0.624013
0.741865
0.00691747

-0.103181
0.42106
-0.901145
-3.20704
2.2637

0.103181
-0.42106
0.901145
0.789133
0.00571192

0.555446
0.340136
0.758806
0.878259
0.000817716

-0.555446
-0.340136
-0.758806
-0.546454
0.125565

-0.558143
0.0743011
0.826412
0.935753
0.000269141

0.558143
-0.0743011
-0.826412
-1.36828
0.356835

0.109506
-0.907544
0.405429
0.878235
0.00103901

-0.109506
0.907544
-0.405429
-1.2365
0.346607

-0.881684
-0.262471
-0.392099
-0.0717193
0.0927111

0.881684
0.262471
0.392099
0.229639
0.047923

-0.181218
-0.879738
0.43957
0.34307
0.0345019

0.181218
0.879738
-0.43957
-0.199657
0.114941

-0.801284
-0.598285
0
0.701029
0.0200849

-0.307282
0.951618
0
0.0560319
0.192936

0.893533
0.448997
0
-0.421718
0.209038

-0.893533
-0.448997
0
0.0653431
0.0914848

-0.033982
0.988639
0.146419
0.0315815
0.0444236

0.033982
-0.988639
-0.146419
0.753261
0.00288619

0.703501
-0.515858
-0.488852
-0.723965
0.173609

-0.703501
0.515858
0.488852
0.864841
0.00107166

-0.15728
0.987554
0
0.787819
0.000905156

0.15728
-0.987554
0
0.787819
0.000905156

0.483569
0.138564
0.864269
0.944564
0.000963559

-0.483569
-0.138564
-0.864269
-13.5487
64.6246

-0.786959
0.617005
0
-0.0576181
0.11892

0.786959
-0.617005
0
-0.00268054
0.108683

0.545865
0.458233
0.701466
0.904649
0.00166962

-0.168609
-0.485074
0.858064
0.691859
0.00719116

0.168609
0.485074
-0.858064
-0.755847
0.232563

-0.458821
0.458822
0.760898
0.783962
0.00857168

-0.676608
0.228622
-0.699952
-10.0761
36.2901

0.676608
-0.228622
0.699952
0.708734
0.0251803

0.419914
-0.907564
0
-0.372347
0.122094

-0.419914
0.907564
0
0.682475
0.00654387

-0.264335
-0.701434
0.661905
0.760724
0.00314399

0.264335
0.701434
-0.661905
-0.215924
0.0803337

0
0.745494
-0.666512
0.958443
0.000344196

-0.670405
0.0387077
0.740985
0.791772
0.00407027

0.670405
-0.0387077
-0.740985
-1.75343
0.700375

-0.0610805
0.329839
-0.942059
0.718157
0.00586545

0.0610805
-0.329839
0.942059
-0.717754
0.213119

-0.58354
0.444932
-0.67935
0.9444
4.63551e-05

0.58354
-0.444932
0.67935
0.645337
0.00185246

0.287155
-0.222342
-0.931722
0.616419
0.00925985

-0.260878
-0.367248
0.892789
0.749217
0.0025337

0.670888
-0.420716
-0.610662
-0.311651
0.0996905

-0.670888
0.420716
0.610662
0.750466
0.00365423

0.272381
0.847396
0.455773
-0.485266
0.289389

-0.272381
-0.847396
-0.455773
-0.485266
0.289389

0.621053
0.333728
0.709168
0.559248
0.00300141

-0.621053
-0.333728
-0.709168
0.960856
2.39791e-05

-0.762879
-0.123943
-0.63455
-2.17143
1.2296

0.762879
0.123943
0.63455
0.604942
0.0191651

0.701176
-0.242804
-0.670372
0.998387
5.53629e-07

0.270861
0.810067
0.520024
0.726951
0.00436087

-0.270861
-0.810067
-0.520024
-0.253793
0.0912024

-0.770421
-0.320317
0.551225
0.650429
0.00280446

0.770421
0.320317
-0.551225
0.822436
0.000739844

-0.82059
0.321296
-0.472653
0.323197
0.0476793

0.82059
-0.321296
0.472653
-0.851203
0.356268

-0.451828
0.074889
0.888956
0.965295
6.60586e-05

0.451828
-0.074889
-0.888956
-1.07225
0.220802

0.598505
-0.570159
0.56277
0.979455
2.72888e-05

-0.598505
0.570159
-0.56277
-1.43937
0.329001

0.517984
0.85539
0
-1.1016
0.622904

0.41627
0.815331
-0.402436
-11.6884
61.3059

-0.41627
-0.815331
0.402436
0.400356
0.13698

-0.685221
0.630201
0.365128
0.311857
0.0681633

0.685221
-0.630201
-0.365128
-2.08591
1.36988

0.49519
-0.793054
-0.354758
0.965649
0.000208711

-0.789546
-0.203636
-0.57892
0.502687
0.0164599

0.789546
0.203636
0.57892
-0.0675128
0.0755911

-0.0599832
0.362237
0.930154
0.949473
0.00059095

0.410683
-0.391206
0.823589
-0.240957
0.0501786

0.676249
-0.343771
0.651543
0.760989
0.00136746

-0.676249
0.343771
-0.651543
0.697006
0.00219526

-0.201729
-0.169654
0.964636
0.986555
2.20841e-05

0.201729
0.169654
-0.964636
-2.83778
1.17707

-0.638375
-0.385125
0.66645
0.839411
0.00162983

0.638375
0.385125
-0.66645
-0.742587
0.187242

0.947759
0.0208311
0.318308
0.736707
0.00338674

-0.947759
-0.0208311
-0.318308
0.125002
0.0353581

-0.347195
-0.0333585
0.937199
0.945879
0.000322819

0.347195
0.0333585
-0.937199
-3.6474
2.36715

-0.85233
-0.523005
0
0.948865
0.00188413

-0.347282
-0.385233
-0.85498
-0.706667
0.244532

0.347282
0.385233
0.85498
0.558748
0.0164925

0.611445
-0.412437
0.6753
0.713474
0.00339666

-0.611445
0.412437
-0.6753
0.296292
0.0204566

-0.877989
-0.437296
-0.194697
-1.17954
0.313537

0.877989
0.437296
0.194697
0.892657
0.000798943

0.304124
-0.277743
0.911245
0.877407
0.00777764

-0.304124
0.277743
-0.911245
-23.0283
298.77

0.766905
0.325143
-0.553298
-16.6295
125.271

-0.766905
-0.325143
0.553298
0.840096
0.0103357

-0.803548
0.374733
-0.462477
-9.38087
35.1149

0.803548
-0.374733
0.462477
0.402061
0.116577

-0.871338
-0.490683
0
0.0633352
0.135962

0.634467
0.201945
-0.746103
-0.0753765
0.0629045

-0.634467
-0.201945
0.746103
0.700101
0.00490048

0.689917
-0.473684
-0.547392
0.880643
0.00053936

-0.689917
0.473684
0.547392
0.0118171
0.0368768

-0.84805
0.27364
-0.453797
-0.970019
0.408798

0.84805
-0.27364
0.453797
0.364016
0.0426592

-0.758485
0.0651666
0.648424
0.589237
0.0112102

0.758485
-0.0651666
-0.648424
-0.222278
0.0991901

0.924449
-0.381305
0
0.333003
0.0123694

0.668407
0.579905
0.465771
0.528941
0.00554318

-0.388819
-0.845854
-0.365173
0.767017
0.00476447

0.388819
0.845854
0.365173
-1.46087
0.531071

0.594846
0.636496
-0.490949
0.911525
0.000258011

-0.594846
-0.636496
0.490949
0.140045
0.0232679

0.695825
0.489555
0.525513
-0.152207
0.139409

-0.695825
-0.489555
-0.525513
-0.225342
0.157655

0.325104
-0.0474602
-0.944487
-7.10955
15.1299

-0.325104
0.0474602
0.944487
0.705777
0.0200706

0.149921
-0.619805
-0.770303
-1.98402
0.923411

-0.149921
0.619805
0.770303
0.741865
0.00699582

0.245482
-0.0754114
-0.966464
-36.7391
1016.02

-0.245482
0.0754114
0.966464
0.979589
0.000297918

0.888191
0.337201
-0.312111
-1.78898
0.881853

-0.888191
-0.337201
0.312111
0.587425
0.0193189

0.878929
0.141172
-0.45558
-0.0780127
0.0692482

-0.878929
-0.141172
0.45558
0.622062
0.00854261

-0.497614
-0.490875
0.715138
0.726489
0.00504741

0.497614
0.490875
-0.715138
-0.554602
0.1616

0.583798
-0.325222
0.743916
0.785655
0.000743918

-0.583798
0.325222
-0.743916
0.845927
0.000384959

0.616878
-0.374071
0.692483
0.439116
0.0280193

0.888771
-0.302679
0.344198
0.134811
0.0309078

-0.136885
0.346424
0.928037
0.846758
0.0015841

0.136885
-0.346424
-0.928037
-0.877208
0.226573

-0.473419
-0.792845
-0.383759
0.918231
0.000419872

0.473419
0.792845
0.383759
-1.15471
0.286629

-0.609149
-0.347066
0.71308
0.484635
0.0237767

0.609149
0.347066
-0.71308
-0.721359
0.264943

-0.474509
-0.875008
0.0959218
-0.0992374
0.0826145

-0.667332
-0.330819
0.667254
0.341758
0.0811671

0.667332
0.330819
-0.667254
-3.68084
4.1036

-0.375355
-0.898099
-0.229186
0.535449
0.0117702

0.375355
0.898099
0.229186
0.203889
0.0345489

-0.541279
-0.239066
-0.806142
-0.813819
0.41336

0.541279
0.239066
0.806142
-0.0871594
0.148544

-0.868247
-0.496132
0
0.573883
0.10039

0.868247
0.496132
0
-15.6452
115.354

0.482501
0.410637
0.773673
0.94149
0.000484268

-0.29326
-0.881697
-0.369607
-0.865796
0.225646

0.29326
0.881697
0.369607
0.83919
0.00168848

-0.736872
0.237926
-0.63278
0.107231
0.0384137

0.736872
-0.237926
0.63278
0.706964
0.00418685

-0.421431
0.782651
-0.458096
-5.54906
10.0556

0.421431
-0.782651
0.458096
0.369234
0.0933531

0.00534813
0.386607
0.922229
0.883346
0.000542336

-0.00534813
-0.386607
-0.922229
-0.0759717
0.0461187

0.675227
-0.543074
-0.499138
-0.155206
0.117319

-0.675227
0.543074
0.499138
0.151279
0.0633597

-0.341064
0.11522
0.932952
0.967639
7.52837e-05

0.223966
0.602407
-0.766123
-0.310636
0.158075

-0.223966
-0.602407
0.766123
0.190886
0.0602726

-0.152235
-0.862126
-0.483285
0.545683
0.0121842

0.152235
0.862126
0.483285
0.072826
0.0506077

0.0591834
0.793979
-0.605058
-2.68752
3.03469

-0.0591834
-0.793979
0.605058
-0.620462
0.586395

-0.50332
0.343601
-0.792848
-8.19451
22.5014

0.50332
-0.343601
0.792848
0.632221
0.0361379

-0.47344
-0.609613
-0.635788
0.716718
0.00707561

-0.418175
-0.229605
0.878869
0.920172
0.00474386

0.418175
0.229605
-0.878869
-35.9005
1013.13

0.266215
-0.236311
0.934498
0.891603
0.000531325

-0.266215
0.236311
-0.934498
-0.271955
0.0713339

-0.723889
-0.65021
-0.230678
-0.646065
0.147803

0.723889
0.65021
0.230678
0.881671
0.000767365

-0.741561
0.670885
0
0.414689
0.256016

0.741561
-0.670885
0
0.780944
0.116858

-0.858227
-0.263508
-0.440465
9.05991e-05
0.0710472

0.858227
0.263508
0.440465
0.365969
0.0285727

-0.762987
0.556956
0.328101
-0.0258791
0.116681

0.762987
-0.556956
-0.328101
-0.512639
0.253628

0.12261
-0.862244
-0.491428
0.267875
0.0296532

-0.12261
0.862244
0.491428
0.470111
0.015539

-0.335535
-0.539862
-0.771988
-0.673413
0.095213

0.335535
0.539862
0.771988
0.995991
2.00607e-06

0.677594
-0.602986
0.42104
-5.07184
4.67808

-0.677594
0.602986
-0.42104
0.978142
6.29919e-05

0.318761
-0.921862
-0.220367
0.214881
0.0468005

-0.318761
0.921862
0.220367
0.0620193
0.0667932

-0.600777
0.53791
0.591371
0.93171
0.000423465

0.600777
-0.53791
-0.591371
-0.372809
0.0800361

0.758032
-0.557216
-0.338965
0.204256
0.09429

-0.758032
0.557216
0.338965
-1.99848
1.33823

0.245595
-0.269546
-0.931144
-0.952309
0.214997

-0.245595
0.269546
0.931144
0.922845
0.000338242

-0.560092
0.269569
-0.783345
-1.66069
0.951723

0.560092
-0.269569
0.783345
0.258869
0.0740443

0.531966
-0.475294
-0.700791
-6.651
10.9116

-0.531966
0.475294
0.700791
0.886828
0.00239583

0.0365842
0.237383
0.970727
0.977672
8.46836e-05

-0.379735
-0.145377
-0.913601
-0.703308
0.227114

0.379735
0.145377
0.913601
0.635357
0.0104127

-0.926119
-0.110306
-0.360744
-23.9948
300.834

0.926119
0.110306
0.360744
0.977505
0.000245465

0.0713984
-0.503575
0.860996
0.826629
0.00234376

-0.0713984
0.503575
-0.860996
-1.23766
0.378338

0.590042
-0.491222
0.640743
0.519814
0.0148634

-0.590042
0.491222
-0.640743
-0.0439721
0.0702332

0.397353
0.121878
-0.909536
-0.142345
0.116006

-0.407395
0.811282
0.419346
0.448962
0.0309132

0.621799
0.0252574
0.782769
0.855117
0.00289816

-0.621799
-0.0252574
-0.782769
-4.08291
3.55984

-0.013474
-0.922968
0.384642
0.141846
0.0865456

0.013474
0.922968
-0.384642
-0.930838
0.437915

-0.141995
0.620661
0.771115
0.683523
0.00332184

0.313495
0.334884
0.88858
0.833014
0.0010461

-0.89154
0.332404
0.307675
0.324041
0.0417749

0.89154
-0.332404
-0.307675
-0.488372
0.202431

0.433062
0.0697041
0.898665
0.587155
0.00934707

-0.433062
-0.0697041
-0.898665
0.118123
0.042648

-0.178076
0.700126
-0.691457
-4.30982
6.79322

0.178076
-0.700126
0.691457
-0.0970721
0.290248

-0.261917
0.299639
0.917396
-0.770477
0.134276

0.261917
-0.299639
-0.917396
0.975121
2.96749e-05

0.0184045
-0.820973
0.57067
0.996353
1.01524e-06

0.536717
0.458214
0.708502
0.662868
0.0203942

-0.536717
-0.458214
-0.708502
-4.64208
5.68466

0.521561
0.534619
0.664949
0.900921
0.000430049

-0.521561
-0.534619
-0.664949
-0.19988
0.0594609

-0.00942276
0.441252
-0.897334
0.893797
0.000158111

0.00942276
-0.441252
0.897334
0.888266
0.000172139

-0.431497
-0.463851
0.773726
0.0680993
0.187567

0.431497
0.463851
-0.773726
-3.88716
5.1537

-0.468181
0.284884
0.836449
0.0428298
0.0972484

0.468181
-0.284884
-0.836449
-0.475022
0.230599

0.718969
0.31473
-0.619701
-16.1018
123.974

-0.718969
-0.31473
0.619701
0.715268
0.0344312

-0.861535
0.507698
0
-0.927743
0.479491

0.861535
-0.507698
0
-0.061152
0.156948

-0.242117
-0.399809
0.884043
0.923176
0.000826533

0.242117
0.399809
-0.884043
-4.77034
4.61187

0.541699
-0.750683
0.378202
0.546478
0.0124849

-0.541699
0.750683
-0.378202
0.0225369
0.057896

-0.25268
-0.132445
0.958442
0.736264
0.00269252

0.25268
0.132445
-0.958442
0.33195
0.0172718

-0.33745
-0.181781
0.923625
0.332487
0.044891

0.825351
0.375847
0.421348
0.979945
2.43643e-05

0.200725
0.47392
0.857385
0.772918
0.00340619

-0.200725
-0.47392
-0.857385
-0.603288
0.165421

-0.925752
-0.162901
-0.341242
0.23856
0.0357163

0.925752
0.162901
0.341242
0.364183
0.024911

-0.613283
0.273114
0.741143
0.728241
0.00265044

0.613283
-0.273114
-0.741143
0.428628
0.0116928

0.776103
-0.442316
0.449468
0.460154
0.0205465

-0.776103
0.442316
-0.449468
-0.0450306
0.0750317

-0.0808201
-0.47311
-0.877288
-0.703308
0.22714

0.0808201
0.47311
0.877288
0.635357
0.0104436

0.480397
0.339184
-0.808809
-1.06408
0.238647

-0.480397
-0.339184
0.808809
0.94083
0.000201869

0.529404
-0.407953
0.743845
0.727131
0.00697883

-0.529404
0.407953
-0.743845
-1.52753
0.597009

0.0214908
0.343172
-0.939027
-1.20336
0.895422

-0.0214908
-0.343172
0.939027
-0.977543
0.721287

0.281748
-0.905599
-0.31703
-1.27354
0.671308

-0.281748
0.905599
0.31703
0.132665
0.0977318

-0.0264488
-0.220481
0.975033
0.654647
0.0122569

0.0264488
0.220481
-0.975033
-1.56875
0.668477

-0.652869
-0.221687
0.724304
0.193468
0.0729658

0.652869
0.221687
-0.724304
-0.863418
0.389294

-0.267587
0.65213
0.709312
0.731318
0.0125427

0.267587
-0.65213
-0.709312
-4.77555
5.75915

0.190188
-0.339459
0.921193
0.93731
0.000312447

0.169797
0.293044
0.940901
0.93409
0.000225403

-0.169797
-0.293044
-0.940901
-0.483446
0.0968837

0.514247
-0.175356
0.839524
0.889399
0.00163963

-0.514247
0.175356
-0.839524
-4.18386
3.5905

-0.762246
-0.0216721
-0.646924
0.922661
0.00044901

0.526529
-0.258055
-0.810046
-1.90817
0.908238

-0.526529
0.258055
0.810046
0.687375
0.0105236

-0.350436
0.445138
0.824043
0.844155
0.00243144

-0.460671
0.687773
-0.561026
-3.32848
2.7188

0.460671
-0.687773
0.561026
0.673824
0.0154968

0.106137
0.428416
-0.897326
0.687623
0.00502842

-0.106137
-0.428416
0.897326
0.079106
0.0428163

-0.352418
-0.747758
-0.562725
-2.98428
1.38126

0.352418
0.747758
0.562725
0.976424
4.9498e-05

0.552677
0.296964
0.778692
0.740668
0.0116439

-0.552677
-0.296964
-0.778692
-4.79532
5.76895

0.587809
0.809
0
0.401456
0.016265

-0.587809
-0.809
0
0.574269
0.00828795

0.307121
0.471414
0.826707
0.59274
0.0250566

-0.307121
-0.471414
-0.826707
-3.20765
2.67047

0.141774
-0.170758
0.97506
-0.693351
0.150419

-0.141774
0.170758
-0.97506
0.908303
0.000491586

-0.451769
-0.821455
-0.348019
-1.86051
1.13672

0.451769
0.821455
0.348019
0.284873
0.0710849

0.9273
-0.0828622
-0.365032
0.811866
0.00114196

-0.9273
0.0828622
0.365032
0.39539
0.0116849

0.851164
-0.157277
-0.500784
0.669394
0.00838158

-0.482083
0.728253
-0.487077
0.725222
0.00467642

0.482083
-0.728253
0.487077
-0.367385
0.115016

0.956428
-0.163734
0.241735
-0.409926
0.104999

-0.956428
0.163734
-0.241735
0.840763
0.00133962

0.103838
-0.90794
-0.406033
-0.449583
0.143699

-0.103838
0.90794
0.406033
0.666016
0.00765408

0.680988
-0.0742182
-0.728524
-6.49951
8.11653

-0.680988
0.0742182
0.728524
0.993317
8.61504e-06

-0.911288
-0.311943
0.268786
0.712968
0.0124706

0.911288
0.311943
-0.268786
-3.77085
3.4444

-0.420226
-0.588935
-0.690337
-5.20898
7.56854

0.420226
0.588935
0.690337
0.630636
0.0268857

-0.207927
0.635326
0.743725
0.306877
0.0589692

0.548769
-0.0835943
-0.831784
-0.703308
0.227217

-0.548769
0.0835943
0.831784
0.635357
0.0105348

-0.883492
0.402798
-0.239157
0.923744
0.000173962

0.883492
-0.402798
0.239157
0.164599
0.020587

0.769677
-0.431506
-0.470531
-3.00231
2.57916

-0.769677
0.431506
0.470531
0.426987
0.0529337

0.819676
0.572827
0
-0.265414
0.186232

-0.819676
-0.572827
0
-0.354186
0.213055

0.1752
-0.467926
0.866228
-0.198448
0.383256

-0.1752
0.467926
-0.866228
-4.9183
9.34374

0.29976
-0.655756
-0.692913
-0.527513
0.149645

-0.29976
0.655756
0.692913
0.750075
0.00401283

0.881974
-0.416605
-0.220367
-10.442
36.7911

-0.881974
0.416605
0.220367
0.821218
0.00898286

-0.163692
-0.257227
0.952386
0.936015
0.000441026

-0.0525155
-0.0626026
0.996656
0.553045
0.0731133

0.656152
0.188576
-0.730687
0.940406
0.000333433

-0.656152
-0.188576
0.730687
-2.81401
1.3626

-0.505889
0.497637
0.704581
0.409713
0.0239729

0.505889
-0.497637
-0.704581
0.00937676
0.0673124

0.525791
0.668667
0.525764
0.243354
0.036927

-0.525791
-0.668667
-0.525764
0.298366
0.0317613

-0.00926729
0.995743
0.0917046
0.490766
0.0136702

0.00926729
-0.995743
-0.0917046
0.306878
0.0253252

-0.195419
-0.955277
0.221938
0.902006
0.000668306

0.195419
0.955277
-0.221938
-1.37781
0.391819

-0.369684
0.0929118
-0.9245
-9.61963
54.3424

0.369684
-0.0929118
0.9245
-1.19414
2.32071

-0.403262
0.915085
0
-0.0855434
0.212187

0.403262
-0.915085
0
-0.722089
0.394862

-0.455021
0.8011
-0.388837
0.276523
0.028322

0.455021
-0.8011
0.388837
0.48881
0.0141536

-0.484564
0.515132
0.706992
0.885932
0.000643623

0.484564
-0.515132
-0.706992
-0.361263
0.0871054

0.131371
-0.806558
0.576373
0.923187
0.000531774

-0.131371
0.806558
-0.576373
-0.626849
0.130209

-0.0955891
-0.611543
0.785416
0.988702
8.10922e-06

-0.0422005
-0.643073
-0.764641
0.945098
0.000201717

-0.13531
0.441681
0.88691
0.932694
0.000437291

-0.727442
-0.686169
0
0.59891
0.0226579

0.0344916
0.402211
0.914897
0.667915
0.0291164

0.334911
-0.870122
0.361555
0.0496266
0.05898

-0.334911
0.870122
-0.361555
0.441392
0.020395

0.293833
0.247437
0.923275
0.773674
0.0213606

-0.293833
-0.247437
-0.923275
-16.3281
124.529

0.264907
-0.114459
-0.957457
-0.666345
0.122697

-0.264907
0.114459
0.957457
0.958016
7.8808e-05

0.0505044
0.284988
-0.9572
-3.26206
3.19552

-0.0505044
-0.284988
0.9572
0.338577
0.0769624

0.867493
-0.311699
0.387685
0.278586
0.0757369

-0.867493
0.311699
-0.387685
-2.05789
1.35985

-0.209095
-0.0702876
-0.975366
0.830393
0.00300378

0.209095
0.0702876
0.975366
-2.3151
1.11173

-0.40149
-0.311305
-0.861333
-0.979787
0.377273

0.40149
0.311305
0.861333
0.5042
0.0263995

0.0116075
-0.466621
-0.884381
-1.20668
2.7991

-0.0116075
0.466621
0.884381
-12.7918
109.305

0.636406
-0.317851
-0.702821
-1.45993
0.585712

-0.636406
0.317851
0.702821
0.672134
0.0104907

0.502538
-0.0872505
0.860141
0.836922
0.00475255

-0.502538
0.0872505
-0.860141
-5.67967
7.85249

0.280349
0.478403
0.832187
0.844234
0.000167675

-0.824076
-0.566479
0
0.385853
0.0328743

0.824076
0.566479
0
-0.409891
0.169841

0.421575
-0.626189
-0.655867
-4.58929
11.4408

-0.421575
0.626189
0.655867
-1.95632
3.20108

-0.5217
0.78743
0.328304
0.403022
0.0381312

0.5217
-0.78743
-0.328304
-1.09874
0.470931

0.635439
-0.276564
0.720923
-0.220929
0.066197

-0.635439
0.276564
-0.720923
0.876628
0.000711222

0.0824309
0.943435
0.321148
-0.714727
0.426843

-0.0824309
-0.943435
-0.321148
-0.574795
0.360028

-0.24846
0.423439
-0.871187
-0.566998
0.150917

-0.740682
0.0449136
-0.670353
-0.441985
0.152205

0.740682
-0.0449136
0.670353
0.594481
0.0121175

-0.872909
-0.486205
0.0404395
-0.978579
1.60114

0.872909
0.486205
-0.0404395
-7.71886
31.091
