
-0.845229
0.474626
-0.245599
-0.420969
0.170271

0.845229
-0.474626
0.245599
0.405062
0.0298607

-0.898317
0.128758
-0.420057
-1.4825
0.803884

0.898317
-0.128758
0.420057
0.23379
0.0766362

-0.778882
-0.190021
0.597692
0.621402
0.0182773

0.778882
0.190021
-0.597692
-2.40736
1.47448

-0.0261483
0.420837
0.906759
0.660924
0.024529

0.0261483
-0.420837
-0.906759
-6.03685
10.4944

-0.258589
0.748237
-0.610961
0.743872
0.00354466

0.258589
-0.748237
0.610961
-0.138897
0.0691882

0.489878
0.289278
-0.822398
-1.88651
1.14516

-0.489878
-0.289278
0.822398
0.31685
0.0641672

0.719633
0.222541
-0.657726
0.024026
0.0554094

-0.719633
-0.222541
0.657726
0.589364
0.00987196

0.772567
-0.617069
-0.149551
-2.95272
4.28742

-0.772567
0.617069
0.149551
-1.38213
1.55738

-0.964602
-0.263711
0
0.725626
0.00602056

0.964602
0.263711
0
0.00746155
0.0540432

-0.872741
-0.488184
0
-0.408254
0.122893

-0.687473
-0.651648
-0.320525
-0.438571
0.0950415

0.687473
0.651648
0.320525
0.911126
0.000364053

0.687014
-0.603504
0.404715
0.337007
0.0091256

0.6836
0.192749
0.703945
0.818053
0.00218903

-0.6836
-0.192749
-0.703945
-0.772523
0.20305

0.0797491
0.249103
-0.965188
-4.97756
5.85637

-0.0797491
-0.249103
0.965188
0.817767
0.0055438

-0.0184091
-0.680307
0.732696
0.882861
0.00711743

0.0184091
0.680307
-0.732696
-23.0656
298.794

-0.773472
-0.426088
-0.469244
-1.06738
0.258495

0.773472
0.426088
0.469244
0.913029
0.000639673

0.852155
0.136698
0.505119
0.645833
0.00629537

-0.156789
0.0675192
-0.985321
0.983294
0.00011063

0.542745
-0.36183
-0.757962
0.100326
0.0911161

0.339377
0.435976
0.833516
0.757779
0.00580571

-0.760101
-0.0947575
-0.642859
-2.02464
1.18767

0.760101
0.0947575
0.642859
0.469994
0.0365786

0.862714
-0.005942
0.505657
0.521424
0.0179004

-0.862714
0.005942
-0.505657
-0.441114
0.16186

-0.377964
0.89178
0.24874
0.057705
0.0254336

0.377964
-0.89178
-0.24874
0.953
6.49665e-05

0.092793
0.435561
-0.895364
0.351633
0.00796622

0.441879
-0.183839
0.878036
0.901725
0.000653818

-0.441879
0.183839
-0.878036
-1.28452
0.350644

-0.062596
0.325892
0.943332
0.921838
0.00123188

0.186567
-0.279256
-0.941918
-1.48741
0.399911

-0.186567
0.279256
0.941918
0.944034
0.000232182

0.0231517
0.805809
-0.591723
0.934563
0.000256417

-0.0231517
-0.805809
0.591723
-1.04752
0.237745

-0.15102
0.497497
0.854219
0.515199
0.0207418

0.15102
-0.497497
-0.854219
-0.743783
0.267846

0.559798
-0.678044
0.476322
0.55442
0.0137628

-0.559798
0.678044
-0.476322
-0.237719
0.105889

0.578532
0.370719
-0.726546
0.881949
0.001095

-0.578532
-0.370719
0.726546
-1.54159
0.490686

0.480204
-0.377882
-0.791587
-0.766789
0.188925

-0.480204
0.377882
0.791587
0.855773
0.0013098

-0.746382
0.484492
-0.456269
-0.519442
0.110128

0.746382
-0.484492
0.456269
0.91265
0.000374456

-0.0326102
-0.808001
0.588279
0.526631
0.0160386

0.809361
0.570131
0.141014
-1.38111
0.738166

-0.809361
-0.570131
-0.141014
0.185744
0.0864271

-0.549849
-0.151881
0.821339
0.543706
0.0251395

0.549849
0.151881
-0.821339
-1.9122
1.0224

0.867342
0.471023
-0.160792
0.264385
0.0205919

-0.867342
-0.471023
0.160792
0.782305
0.00180582

-0.325667
-0.517086
0.791558
0.965946
0.000578482

0.0176867
-0.474754
0.879941
-1.21724
0.225182

-0.0176867
0.474754
-0.879941
0.993157
2.50457e-06

-0.219856
0.145418
0.964633
0.947859
0.00102671

0.779019
0.555443
-0.290884
0.634064
0.0169202

-0.779019
-0.555443
0.290884
-2.42382
1.47972

-0.59508
-0.501438
-0.628044
-0.633415
0.204883

0.59508
0.501438
0.628044
0.627397
0.0107307

0.371889
-0.608014
-0.701439
0.977417
7.87742e-05

-0.760112
-0.598445
-0.253167
-3.46601
3.30013

0.760112
0.598445
0.253167
0.512814
0.0395482

0.234335
-0.532961
0.813044
0.812557
0.000389415

0.161911
0.605784
0.77898
0.796339
0.00383654

0.107409
-0.85001
-0.5157
0.406069
0.0164201

-0.107409
0.85001
0.5157
0.535224
0.0100562

0.081434
0.906225
-0.41488
-0.0962647
0.0812407

-0.081434
-0.906225
0.41488
0.496926
0.0171115

-0.406238
-0.167151
-0.898349
0.944581
8.03665e-05

0.406238
0.167151
0.898349
0.218002
0.015799

0.372387
0.204693
-0.905223
-7.76648
15.6207

-0.372387
-0.204693
0.905223
0.910102
0.00168733

-0.220547
0.290122
0.931229
0.861423
0.00282799

0.220547
-0.290122
-0.931229
-4.55849
4.54536

-0.101068
-0.30171
0.948028
0.182231
0.164704

0.101068
0.30171
-0.948028
-5.30995
9.80348

0.874082
-0.184186
-0.449506
0.610269
0.00549306

-0.874082
0.184186
0.449506
0.576023
0.00649622

-0.065597
0.982144
0.176325
-1.4911
0.725144

0.065597
-0.982144
-0.176325
0.434693
0.0373578

0.200233
-0.694512
-0.691057
-17.2051
126.286

-0.200233
0.694512
0.691057
0.933131
0.00172329

0.128906
-0.46276
-0.877061
-23.2594
299.285

-0.128906
0.46276
0.877061
0.909066
0.00424783

-0.735283
0.304314
0.605601
0.750235
0.00369441

0.735283
-0.304314
-0.605601
-0.35014
0.10762

-0.0249628
0.860026
0.509639
0.354527
0.0141178

0.0249628
-0.860026
-0.509639
0.801925
0.00133491

-0.132696
0.217387
0.967023
0.928262
0.000240878

-0.803418
-0.213697
0.555745
0.664618
0.00512154

0.0827358
-0.766713
-0.636636
0.972242
3.66031e-05

-0.0827358
0.766713
0.636636
-0.914833
0.170588

-0.718113
-0.0703328
0.692363
0.715079
0.0115357

0.718113
0.0703328
-0.692363
-3.39737
2.74571

-0.432277
0.730522
0.528653
0.587426
0.0193553

0.375811
-0.656496
0.654049
0.938321
0.000315166

-0.375811
0.656496
-0.654049
-2.23135
0.854143

-0.566442
-0.412736
-0.713297
0.588667
0.0021903

-0.121134
0.373082
0.919857
0.748621
0.00482718

-0.0583348
0.202276
-0.97759
0.589889
0.0118785

-0.261685
-0.147776
-0.953773
-1.08675
0.332048

0.261685
0.147776
0.953773
0.783853
0.00358952

0.865741
-0.0746061
-0.4949
-1.94338
1.49932

-0.865741
0.0746061
0.4949
-0.205597
0.251646

0.569352
-0.18769
0.800382
-0.0597364
0.0650665

-0.569352
0.18769
-0.800382
0.638137
0.00759705

-0.382493
-0.333417
-0.861703
-0.766789
0.18885

0.382493
0.333417
0.861703
0.855773
0.00126087

-0.00223802
-0.101769
-0.994806
-3.0309
1.88486

0.00223802
0.101769
0.994806
0.842722
0.00296116

-0.287701
-0.544407
-0.78794
-1.8532
0.640687

0.287701
0.544407
0.78794
0.91069
0.000635964

-0.0189519
-0.611659
-0.790895
-0.307313
0.0892857

0.0189519
0.611659
0.790895
0.817223
0.00176034

-0.458294
-0.666005
-0.588561
-0.254529
0.162894

0.458294
0.666005
0.588561
-0.0707903
0.119213

-0.241333
0.252211
-0.937095
-6.97523
15.0128

0.241333
-0.252211
0.937095
0.646529
0.0295108

-0.170324
-0.923479
-0.343769
0.574756
0.0179153

0.170324
0.923479
0.343769
-1.24171
0.496631

-0.0200603
-0.601794
0.7984
0.773569
0.0086702

-0.500958
-0.657507
-0.562784
-1.26881
0.825391

0.500958
0.657507
0.562784
-0.421933
0.324232

0.81708
0.549915
0.173133
0.122532
0.0227216

0.341687
-0.527602
-0.777744
-0.909022
0.433426

-0.341687
0.527602
0.777744
0.102369
0.0958715

0.688186
-0.365766
0.62659
0.628716
0.0070491

-0.688186
0.365766
-0.62659
0.157643
0.0362501

-0.842199
0.391444
-0.370774
0.819454
0.00105168

0.842199
-0.391444
0.370774
0.380841
0.0122417

0.518475
-0.185252
0.834785
0.861704
0.000271759

0.66629
0.435961
0.604976
0.623671
0.00188328

-0.160209
-0.178859
0.970743
0.965397
6.20974e-05

0.160209
0.178859
-0.970743
-0.330137
0.0630137

-0.893971
-0.173485
-0.413182
-0.831635
0.49819

0.893971
0.173485
0.413182
-0.539073
0.351777

0.396684
-0.564064
0.724205
-0.156874
0.111179

-0.396684
0.564064
-0.724205
0.251534
0.0466216

0.0288312
0.288546
-0.957032
-35.4714
1010.62

-0.0288312
-0.288546
0.957032
0.8738
0.012171

-0.305924
-0.0159437
-0.951922
-17.2051
126.247

0.305924
0.0159437
0.951922
0.933131
0.00174026

0.134348
0.307668
0.941961
0.49272
0.0363711

-0.134348
-0.307668
-0.941961
-2.49551
1.72572

-0.575581
0.703222
0.417356
0.0390306
0.103015

0.575581
-0.703222
-0.417356
-0.614811
0.290769

0.715148
0.698973
0
0.956471
0.000504762

-0.27643
-0.641031
-0.716007
-2.11082
1.57341

0.27643
0.641031
0.716007
0.0530746
0.14584

-0.237919
0.499117
0.833233
0.833234
0.00605616

0.237919
-0.499117
-0.833233
-7.46601
15.4285

0.128858
0.583976
0.801478
0.872018
0.00159519

-0.252807
0.920959
0.296517
-0.206777
0.155221

0.252807
-0.920959
-0.296517
-0.206777
0.155221

-0.20376
0.589288
0.781807
-1.54925
0.491436

0.20376
-0.589288
-0.781807
0.885573
0.00103106

0.168049
-0.05486
0.984251
0.852259
0.00109881

0.203394
0.60762
0.767743
0.82004
0.00238104

-0.203394
-0.60762
-0.767743
-1.05509
0.302782

0.226076
-0.334007
-0.915057
-10.9528
37.2957

-0.226076
0.334007
0.915057
0.929273
0.00130983

-0.0987006
0.256366
-0.961527
0.672602
0.00413011

-0.617224
-0.714082
0.330335
0.0882485
0.0334857

0.617224
0.714082
-0.330335
0.826878
0.00122388

-0.270377
-0.234601
0.933734
0.804965
0.0203328

0.270377
0.234601
-0.933734
-22.5992
297.315

0.203682
0.930016
-0.305915
0.997476
1.92664e-06

0.0421749
-0.466568
-0.883479
-1.14538
0.871985

-0.83785
-0.225372
-0.497207
0.576476
0.00636143

0.83785
0.225372
0.497207
0.625775
0.00497327

0.594212
0.102226
0.797786
0.543333
0.0511183

-0.594212
-0.102226
-0.797786
-6.77047
14.7999

-0.0316474
-0.432011
-0.901313
0.661812
0.0109097

0.701981
0.00978277
-0.712128
0.823331
0.00140114

-0.701981
-0.00978277
0.712128
-0.00821257
0.0441576

-0.0404483
0.295361
0.954529
0.70553
0.00635257

0.0404483
-0.295361
-0.954529
-0.704987
0.211827

0.349701
0.115242
0.929747
0.965582
0.000874088

-0.349701
-0.115242
-0.929747
-36.481
1014.99

-0.193603
0.120083
-0.973703
-0.606442
0.252382

0.193603
-0.120083
0.973703
0.304793
0.0509803

0.338627
-0.788016
0.514161
0.493565
0.00949357

0.285032
-0.0112486
0.958452
0.937696
0.00021127

-0.285032
0.0112486
-0.958452
-0.925247
0.198134

-0.38913
0.604627
-0.694984
-3.85995
4.21103

0.38913
-0.604627
0.694984
0.488799
0.046727

0.26009
-0.965584
0
-0.978822
0.489472

-0.26009
0.965584
0
0.0387576
0.115577

-0.674418
0.00556534
-0.738329
0.715052
0.00801344

0.889991
-0.255981
0.377345
0.789588
0.00288626

-0.889991
0.255981
-0.377345
-0.67748
0.182427

-0.175453
-0.938193
-0.298346
0.846663
0.00289252

-0.84956
0.175032
-0.497606
0.893385
0.00059997

0.84956
-0.175032
0.497606
-0.617228
0.137182

-0.279666
0.90141
0.330526
-6.80919
10.9873

0.279666
-0.90141
-0.330526
0.923615
0.00105628

-0.467012
0.497754
-0.730849
-2.56551
1.51835

0.467012
-0.497754
0.730849
0.731936
0.00866346

0.820511
0.0852107
-0.565245
0.048382
0.0617632

-0.820511
-0.0852107
0.565245
0.385518
0.0257634

0.263956
-0.299324
-0.916915
-2.54813
1.31874

-0.263956
0.299324
0.916915
0.844565
0.00253556

0.541321
-0.829334
0.138476
0.717023
0.00414324

-0.541321
0.829334
-0.138476
-0.0100518
0.0522924

-0.800602
0.198826
-0.565248
-0.704406
0.330634

0.800602
-0.198826
0.565248
0.0594509
0.100768

0.139861
-0.4978
-0.855941
0.793386
0.00410754

-0.139861
0.4978
0.855941
-1.90329
0.808793

0.434382
0.583047
0.686563
0.65593
0.00851906

0.552701
0.833379
0
0.684617
0.0141211

-0.552701
-0.833379
0
-2.27453
1.23788

-0.0792271
0.148597
-0.985719
-7.88802
22.0846

0.0792271
-0.148597
0.985719
0.482149
0.0752603

-0.472497
0.666113
0.577096
0.562468
0.0116659

0.472497
-0.666113
-0.577096
-0.0131848
0.062527

-0.481709
-0.780263
-0.398931
-4.74302
7.20289

0.481709
0.780263
0.398931
0.317119
0.101898

0.438831
0.838169
0.323883
0.432042
0.00733998

-0.438831
-0.838169
-0.323883
0.920732
0.000147355

0.0996366
-0.80962
0.578436
0.590834
0.0037574

-0.0946565
-0.53719
0.838133
0.986213
1.2173e-05

0.0946565
0.53719
-0.838133
-0.435516
0.068282

-0.234614
0.0213656
0.971854
0.946366
0.000297491

-0.0386116
0.123198
0.991631
0.984614
2.39751e-05

0.0386116
-0.123198
-0.991631
-3.87504
2.39755

0.864265
0.0466434
0.500869
-0.0168846
0.109318

-0.864265
-0.0466434
-0.500869
-0.392099
0.204735

-0.926166
-0.0525459
0.373438
-1.07201
0.203964

0.926166
0.0525459
-0.373438
0.980778
1.77343e-05

0.709924
0.704278
0
-0.0934554
0.0729852

-0.709924
-0.704278
0
0.645211
0.00910777

-0.210802
0.113357
0.970934
-0.0944549
0.0469315

0.210802
-0.113357
-0.970934
0.89697
0.000469797

-0.450734
-0.395443
-0.80029
-3.96502
6.42877

0.450734
0.395443
0.80029
-0.532416
0.61282

-0.452116
-0.166069
0.876363
0.777786
0.00611954

0.452116
0.166069
-0.876363
-2.8966
1.85137

-0.323212
0.83412
0.446965
0.80385
0.00592793

0.323212
-0.83412
-0.446965
-4.40637
4.48582

-0.332421
-0.943131
0
0.724482
0.00582308

0.0551836
-0.715841
-0.696079
-0.604096
0.146936

-0.0551836
0.715841
0.696079
0.854383
0.00184804

-0.359968
0.652966
0.666377
-0.0726912
0.109134

0.359968
-0.652966
-0.666377
-0.0726912
0.109134

0.27203
-0.579216
0.768445
0.852539
0.00140299

-0.27203
0.579216
-0.768445
-0.822071
0.206722

-0.433627
-0.523368
0.733521
0.568611
0.016052

0.160086
-0.783849
0.599961
0.959351
0.000505829

0.598915
0.369278
0.710587
0.811346
0.00249116

-0.598915
-0.369278
-0.710587
-0.0659512
0.0546715

0.696649
-0.658313
-0.285138
0.981769
3.09478e-05

-0.821505
-0.0436346
-0.56853
-3.16172
2.65054

0.821505
0.0436346
0.56853
0.558845
0.0298614

0.369187
-0.892434
-0.259351
-1.98172
1.17502

-0.369187
0.892434
0.259351
0.425295
0.0436709

-0.800583
-0.033504
-0.598284
0.140805
0.0490905

0.800583
0.033504
0.598284
0.345592
0.0284867

-0.448279
-0.460105
-0.766387
-8.3171
22.6604

0.448279
0.460105
0.766387
0.68384
0.0261203

0.554957
-0.729414
-0.399972
0.855515
0.00183537

0.230453
-0.85435
-0.465808
-1.98172
1.17489

-0.230453
0.85435
0.465808
0.425295
0.0437085

0.633396
-0.308972
0.709468
-16.6295
125.255

-0.633396
0.308972
-0.709468
0.840096
0.0103535

0.0660044
0.823037
0.564139
0.751739
0.0114444

-0.617978
-0.541783
0.569715
0.870607
0.00149488

0.617978
0.541783
-0.569715
-1.05838
0.279374

0.60906
-0.6181
0.496989
0.70018
0.0171556

-0.60906
0.6181
-0.496989
-5.3442
7.66202

-0.243525
0.168001
-0.955234
0.854386
0.0008367

0.0463589
-0.732497
0.67919
0.563505
0.0248796

-0.0463589
0.732497
-0.67919
-2.33637
1.45347

0.0814797
0.304058
-0.949163
0.310411
0.411216

-0.728678
0.129733
0.672456
0.92409
0.0005237

0.897941
0.440116
0
0.997682
1.23199e-06

0.0596021
-0.30993
-0.948889
0.0530715
0.145871

0.843629
0.387515
-0.37165
0.752545
0.00213921

-0.843629
-0.387515
0.37165
0.41504
0.0119372

0.448989
-0.530119
0.719293
0.771853
0.003145

-0.448989
0.530119
-0.719293
-0.456093
0.12783

-0.322852
0.117971
-0.939068
-1.78784
1.25662

0.322852
-0.117971
0.939068
-0.105203
0.197854

-0.52103
0.52797
0.670652
0.738823
0.00687576

0.52103
-0.52797
-0.670652
-1.81964
0.793768

-0.710045
-0.704156
0
-6.35561
18.2586

0.710045
0.704156
0
-0.838898
1.21612

-0.185791
-0.154412
0.970381
0.591357
0.0286444

0.185791
0.154412
-0.970381
-4.00589
4.29487

-0.065537
-0.776894
0.626212
0.775528
0.00216219

0.065537
0.776894
-0.626212
0.132288
0.0321594

-0.943593
0.331107
0
0.268991
0.0568884

0.943593
-0.331107
0
-0.817789
0.350638

0.706541
0.526504
-0.472856
-8.60315
22.9754

-0.706541
-0.526504
0.472856
0.786983
0.0113119

-0.656239
-0.611285
-0.442359
-2.76913
1.81618

0.656239
0.611285
0.442359
0.70302
0.0113082

-0.704355
-0.0971684
0.703166
0.851799
0.00528402

0.0660912
0.912745
0.403149
0.45514
0.010931

-0.0660912
-0.912745
-0.403149
0.693517
0.00347198

-0.215584
-0.734704
-0.643222
-0.568082
0.185325

0.215584
0.734704
0.643222
0.619596
0.0109796

-0.316944
-0.444649
0.837755
0.996747
2.03551e-06

-0.241792
0.92276
-0.300083
-0.805081
0.275515

0.241792
-0.92276
0.300083
0.592026
0.0140914

-0.376783
-0.863082
0.336338
0.836922
0.00469505

0.376783
0.863082
-0.336338
-5.67967
7.85849

0.586087
0.0965692
0.804472
0.121415
0.0392754

-0.586087
-0.0965692
-0.804472
0.653603
0.00611041

0.740986
-0.62145
-0.25444
0.871562
0.00856562

-0.740986
0.62145
0.25444
-22.9893
298.644

-0.336014
-0.478867
-0.811037
-1.75343
0.700306

0.336014
0.478867
0.811037
0.791772
0.00408269

0.451228
-0.296118
-0.841847
-0.532421
0.256923

-0.120382
-0.628301
-0.7686
-10.5851
36.9339

0.120382
0.628301
0.7686
0.856974
0.00568045

-0.600208
0.425436
0.677314
0.913556
0.000451389

0.600208
-0.425436
-0.677314
-0.931774
0.213835

-0.564067
-0.720354
0.403631
-0.0791919
0.0462607

0.564067
0.720354
-0.403631
0.885799
0.000528223

0.115003
0.496969
0.860114
0.886926
0.000888478

-0.115003
-0.496969
-0.860114
-1.25355
0.348069

0.682159
0.652199
0.3306
0.387329
0.019704

-0.682159
-0.652199
-0.3306
0.423897
0.0174227

-0.454703
-0.374496
-0.808083
0.933586
0.000204363

-0.507331
0.466319
0.724681
0.950888
0.000157713

0.507331
-0.466319
-0.724681
-1.50945
0.401649

0.265838
-0.50127
0.823443
0.967266
6.40214e-05

-0.426022
-0.107183
0.898341
0.86795
0.00131795

-0.407093
-0.619096
0.671562
0.712427
0.0213522

0.407093
0.619096
-0.671562
-8.39013
22.7458

0.773283
-0.0870571
-0.628057
0.975306
5.19965e-05

-0.773283
0.0870571
0.628057
-2.38853
0.867584

-0.471908
-0.00738438
0.881617
0.740934
0.0153127

0.471908
0.00738438
-0.881617
-7.19698
15.2104

-0.74948
0.404338
-0.524204
-1.40449
0.576144

0.74948
-0.404338
0.524204
0.621887
0.0143007

-0.00485142
0.815091
0.579312
0.453902
0.0236205

0.00485142
-0.815091
-0.579312
-0.348523
0.143626

-0.707321
-0.116065
0.697298
-1.94338
1.49912

0.707321
0.116065
-0.697298
-0.205597
0.251717

-0.0745475
0.938375
-0.337484
0.222328
0.0527648

0.931725
0.318348
0.174767
0.874733
0.00106232

-0.931725
-0.318348
-0.174767
-1.14489
0.310802

0.521724
-0.675182
-0.521473
-0.5222
0.116967

-0.521724
0.675182
0.521473
0.890297
0.000611756

-0.829096
-0.359082
-0.428556
-1.01129
0.454084

0.829096
0.359082
0.428556
0.275932
0.0589021

-0.592247
-0.803685
0.0577391
0.38258
0.0756152

0.592247
0.803685
-0.0577391
-4.22512
5.41545

-0.0860188
-0.0966423
-0.991595
-0.33032
0.0904114

0.0451127
-0.654327
0.754865
0.787048
0.0042238

0.0740329
0.172741
0.982181
0.969341
0.000363936

-0.169332
-0.376777
0.910695
0.0600314
0.106696

0.169332
0.376777
-0.910695
-0.886449
0.428782

-0.379534
0.0571353
0.923412
0.889831
0.00103603

0.288571
-0.0255489
-0.957118
-2.21809
1.61837

-0.288571
0.0255489
0.957118
0.195485
0.101231

0.809521
-0.497873
-0.311123
0.789671
0.0023462

0.0774904
0.186753
-0.979346
-13.5381
64.6505

-0.0774904
-0.186753
0.979346
0.94321
0.000990181

0.282776
-0.119557
-0.951706
-5.31912
7.64005

-0.282776
0.119557
0.951706
0.687943
0.0187962

-0.710837
0.703356
0
-4.66628
5.56895

0.710837
-0.703356
0
0.675984
0.0221182

-0.0372389
-0.271282
0.961779
0.954028
0.000416489

0.0372389
0.271282
-0.961779
-8.0106
15.7509

0.44009
-0.334936
-0.83315
-16.6994
125.385

-0.44009
0.334936
0.83315
0.853724
0.00862563

-0.418034
0.394112
0.818488
0.793527
0.00167923

-0.411802
0.357944
0.838031
0.77721
0.00440357

0.411802
-0.357944
-0.838031
-1.47543
0.532878

-0.333979
0.379388
-0.862857
-12.9324
63.8939

0.333979
-0.379388
0.862857
0.835393
0.00893738

-0.382518
-0.458028
-0.802428
-2.16588
0.956958

0.382518
0.458028
0.802428
0.847076
0.00223512

0.305754
-0.445073
0.84168
0.794737
0.00537795

0.342867
0.162717
-0.925184
-0.170213
0.170961

0.870891
0.310951
0.380601
-0.210161
0.0626094

-0.870891
-0.310951
-0.380601
0.889286
0.000532961

-0.562603
-0.18234
0.806368
-4.79253
7.24624

0.562603
0.18234
-0.806368
0.356384
0.0894858

0.121034
-0.15141
-0.981033
-3.53678
1.96919

-0.121034
0.15141
0.981033
0.981418
4.39461e-05

-0.856227
0.453565
0.247292
0.436756
0.0151512

-0.266674
-0.183837
0.946091
-0.167847
0.150224

0.266674
0.183837
-0.946091
-0.328756
0.194447

-0.662345
0.647713
0.37652
0.839096
0.00214649

0.662345
-0.647713
-0.37652
-1.57445
0.546145

0.565631
0.270152
0.779153
-1.04546
0.278526

-0.565631
-0.270152
-0.779153
0.86319
0.0012479

0.248294
0.444507
0.860676
0.636547
0.0102176

-0.248294
-0.444507
-0.860676
-0.641217
0.205728

-0.525265
0.639713
0.561127
0.853616
0.00114039

0.525265
-0.639713
-0.561127
-0.426748
0.105926

0.436787
-0.741721
-0.508987
-0.328201
0.0812635

0.953404
-0.132554
0.271016
0.156954
0.0691866

-0.953404
0.132554
-0.271016
-0.403608
0.191742

-0.503689
0.220365
-0.835306
-16.8512
125.681

0.503689
-0.220365
0.835306
0.881042
0.00563167

-0.184892
-0.841576
0.507508
0.740669
0.0115956

0.373268
-0.147577
-0.91591
0.223922
0.0204112

-0.373268
0.147577
0.91591
0.861998
0.000703701

0.0851211
0.601143
0.794595
0.837347
0.00135075

0.278314
-0.170978
0.94515
0.932251
0.00230258

-0.914678
-0.19553
-0.353741
0.222006
0.125751

0.914678
0.19553
0.353741
-4.04091
5.27717

-0.811529
-0.332212
-0.480682
-0.0726912
0.109069

0.811529
0.332212
0.480682
-0.0726912
0.109069

0.86255
-0.318061
-0.393502
0.8975
0.000381436

-0.86255
0.318061
0.393502
0.0640304
0.0305277

0.827338
-0.29557
-0.47765
0.94306
8.01542e-05

-0.492931
0.833442
-0.249788
0.25204
0.0581164

0.492931
-0.833442
0.249788
-0.724725
0.30893

0.293935
-0.408628
0.864075
0.775405
0.00280181

0.807805
-0.116156
0.577891
0.810303
0.00889019

-0.807805
0.116156
-0.577891
-8.67842
23.043

-0.782613
0.597792
-0.17367
0.551356
0.00946034

0.782613
-0.597792
0.17367
0.376256
0.0182813

-0.727267
-0.604424
-0.325199
0.706614
0.00573071

0.727267
0.604424
0.325199
-0.485264
0.14648

-0.319483
0.0762706
0.944517
0.809457
0.00564672

0.319483
-0.0762706
-0.944517
-4.41992
4.48743

-0.288607
0.886564
0.361538
-1.53545
1.02366

0.288607
-0.886564
-0.361538
-0.215219
0.235206

0.111615
-0.48074
0.86973
0.53045
0.0174983

-0.111615
0.48074
-0.86973
-0.500921
0.178622

-0.712765
0.673167
0.197005
-5.97249
10.4498

0.712765
-0.673167
-0.197005
0.628684
0.0296443

0.708404
-0.665671
0.234618
0.938614
0.000148512

-0.708404
0.665671
-0.234618
-0.294322
0.0651477

-0.0306187
0.663577
-0.747481
-8.60315
22.9641

0.0306187
-0.663577
0.747481
0.786983
0.0113705

-0.430446
-0.519634
-0.738036
0.986433
2.02619e-05

-0.524835
-0.253027
-0.812727
0.0799168
0.0598228

0.524835
0.253027
0.812727
0.310959
0.0335683

-0.356392
0.515893
-0.778999
0.852495
0.00134088

0.356392
-0.515893
0.778999
-0.705158
0.172493

-0.141625
-0.939197
0.312812
0.996521
4.29026e-06

-0.367486
-0.715605
0.594024
0.941787
0.000230099

0.242699
0.530548
0.812167
0.783203
0.00474396

-0.0659858
-0.658924
-0.749309
0.545795
0.0208103

0.0659858
0.658924
0.749309
-1.21503
0.491966

0.376889
0.420848
0.825132
0.403022
0.0382781

-0.376889
-0.420848
-0.825132
-1.09874
0.470894

-0.742204
-0.230036
0.629457
0.912552
0.00242067

0.0774298
-0.372529
-0.924785
-9.43803
31.2335

-0.0774298
0.372529
0.924785
0.680578
0.0293019

0.000773551
-0.877611
-0.479374
0.979123
4.98312e-05

-0.612327
0.394002
0.685433
-0.340395
0.0735449

-0.0768464
-0.936093
-0.343256
-0.168245
0.133098

0.0768464
0.936093
0.343256
-0.0420418
0.105903

0.843539
0.135301
-0.519746
0.828369
0.000983829

-0.843539
-0.135301
0.519746
0.313478
0.01572

0.198143
-0.406996
0.89168
0.897738
0.00409085

-0.198143
0.406996
-0.89168
-16.9535
125.92

0.567479
-0.219341
0.793635
0.800695
0.000835794

-0.567479
0.219341
-0.793635
0.76117
0.00118189

0.224313
-0.838194
-0.497105
0.840876
0.00256282

-0.224313
0.838194
0.497105
-2.33632
1.11655

-0.423499
0.598221
0.680279
-10.0761
36.291

0.423499
-0.598221
-0.680279
0.708734
0.0251761

-0.352603
-0.162092
0.921627
-1.70426
1.22282

0.123824
-0.195542
0.972847
0.672301
0.00538918

-0.123824
0.195542
-0.972847
0.109841
0.0397303

-0.0949265
0.0250035
0.99517
0.935556
0.000320074

0.0949265
-0.0250035
-0.99517
-1.56404
0.446355

0.28893
0.19664
-0.936938
-1.10274
0.395411

-0.28893
-0.19664
0.936938
0.641862
0.0116302

-0.789328
0.596991
-0.143395
0.837516
0.000870968

0.789328
-0.596991
0.143395
0.306017
0.0158597

-0.455454
-0.110967
0.883316
0.94143
0.000891942

0.455454
0.110967
-0.883316
-11.0328
37.3525

0.197507
0.96665
-0.163031
-1.06804
0.304001

-0.197507
-0.96665
0.163031
0.828698
0.00212734

0.342634
-0.831271
0.43771
0.971308
4.3783e-05

-0.342634
0.831271
-0.43771
-1.03023
0.202591

-0.815719
-0.448689
-0.365076
0.89198
0.00106345

0.815719
0.448689
0.365076
-2.26757
0.972623

-0.366172
0.109526
-0.924079
-6.82434
10.9923

0.366172
-0.109526
0.924079
0.926723
0.000973605

0.387094
-0.358157
0.849637
0.971117
8.35278e-05

-0.674576
-0.167123
0.719039
-1.45105
0.480706

0.674576
0.167123
-0.719039
0.833777
0.00225989

0.081029
-0.921018
0.380999
-0.284315
0.231563

-0.081029
0.921018
-0.380999
-0.934426
0.52524

-0.103742
-0.200908
0.974101
0.886953
0.00414547

0.103742
0.200908
-0.974101
-13.1806
64.2044

0.106516
0.387112
-0.91586
-0.763756
0.341177

-0.106516
-0.387112
0.91586
0.174313
0.0747726

0.578292
0.316795
0.75181
0.850414
0.0022735

-0.578292
-0.316795
-0.75181
-2.35638
1.11969

0.208222
0.752916
-0.624308
-0.805081
0.275547

-0.208222
-0.752916
0.624308
0.592026
0.014151

-0.137455
-0.261163
-0.955458
0.982829
2.73406e-05

-0.243242
0.650659
0.719358
0.84306
0.00156123

0.62489
-0.338303
-0.703607
-1.41322
0.298919

-0.62489
0.338303
0.703607
0.989227
9.20945e-06

-0.903271
-0.429071
0
-0.303948
0.370359

0.903271
0.429071
0
-2.73438
2.72684

-0.141494
-0.447328
0.883106
0.893853
0.00118895

-0.275766
0.683049
-0.676311
-1.98199
0.821239

0.275766
-0.683049
0.676311
0.837646
0.00247734

-0.606643
0.695889
-0.384347
0.214233
0.0398155

0.606643
-0.695889
0.384347
0.32437
0.0294448

-0.476966
-0.543947
0.69038
0.642038
0.0119054

0.476966
0.543947
-0.69038
-1.2016
0.447039

0.547994
0.521916
0.653687
0.686042
0.00602954

-0.546734
-0.267232
-0.793517
-10.7021
37.0699

0.546734
0.267232
0.793517
0.882979
0.00371817

-0.348469
0.301079
0.887649
0.874621
0.00252823

0.953481
0.301451
0
0.274509
0.0487412

-0.953481
-0.301451
0
-0.253174
0.138023

0.304345
-0.660861
-0.686029
0.983303
2.04219e-05

0.596886
0.667456
-0.44523
0.32187
0.0371034

-0.596886
-0.667456
0.44523
-0.189334
0.11402

0.0156452
-0.173195
0.984763
0.786729
0.00347553

-0.0156452
0.173195
-0.984763
-1.00871
0.298268

0.193255
0.404301
0.893976
0.868132
0.00243006

-0.193255
-0.404301
-0.893976
-4.11942
3.56776

0.799275
0.256557
-0.543449
-0.655007
0.27582

-0.799275
-0.256557
0.543449
0.264441
0.054557

0.63761
-0.16031
0.753495
0.781054
0.00255102

-0.63761
0.16031
-0.753495
-0.203076
0.0758175

0.321511
0.0394202
0.946085
0.941364
0.000129673

-0.321511
-0.0394202
-0.946085
-0.218022
0.0544873

0.557993
0.292654
-0.776529
0.989149
8.69772e-05

0.697693
-0.132417
0.704053
0.756104
0.00526258

-0.697693
0.132417
-0.704053
-1.44573
0.528913

0.210649
0.977562
0
0.752527
0.00202535

-0.210649
-0.977562
0
0.488121
0.00854139

-0.58899
0.53508
0.605624
0.836904
0.0012711

0.58899
-0.53508
-0.605624
-0.200738
0.0685555

-0.361627
0.373692
-0.854154
-0.743991
0.248783

0.361627
-0.373692
0.854154
0.604537
0.0128263

0.62622
0.264163
0.73353
0.71311
0.00310654

0.296707
-0.275666
-0.914316
-1.22155
0.45008

-0.296707
0.275666
0.914316
0.661018
0.010516

-0.459265
0.0267703
0.887896
-0.26424
0.370371

0.459265
-0.0267703
-0.887896
-3.6077
4.91392

-0.769229
-0.366949
0.523102
0.534248
0.0100821

0.769229
0.366949
-0.523102
0.409514
0.016202

0.81642
-0.436688
0.37784
0.309654
0.0172873

-0.81642
0.436688
-0.37784
0.788239
0.00163944

-0.291388
0.118711
-0.949211
-6.81684
10.989

0.291388
-0.118711
0.949211
0.925193
0.00101664

0.307516
0.308464
-0.900158
-1.60993
0.550517

-0.307516
-0.308464
0.900158
0.858297
0.00162348

0.372956
0.218708
-0.901704
-0.765167
0.270645

-0.372956
-0.218708
0.901704
0.543089
0.0183026

0.742289
-0.132929
-0.656762
0.718063
0.00566454

0.617
0.527761
0.583762
0.651723
0.0111397

-0.617
-0.527761
-0.583762
-1.21169
0.448619

-0.3778
0.845556
0.377229
0.323197
0.0476278

0.3778
-0.845556
-0.377229
-0.851203
0.356253

-0.241487
0.5841
0.774927
-0.365245
0.367955

0.241487
-0.5841
-0.774927
-2.37131
2.24191

-0.594586
0.3701
-0.713788
-0.354095
0.22757

0.594586
-0.3701
0.713788
-0.456266
0.263173

-0.375874
-0.138134
0.916318
0.851474
0.00174888

0.375874
0.138134
-0.916318
-1.37643
0.429383

0.741659
-0.14217
0.655538
0.951633
0.000105424

-0.741659
0.14217
-0.655538
-0.417184
0.0799542

-0.0659499
-0.680217
0.730038
0.941882
0.000114651

-0.740306
0.0168854
0.672058
0.674413
0.00647906

-0.142498
-0.428687
0.892145
-0.471119
0.829585

0.142498
0.428687
-0.892145
-8.19448
32.3821

0.130096
-0.159807
-0.978538
0.932645
0.00121887

0.49483
-0.652959
0.5734
-3.1491
1.63141

-0.49483
0.652959
-0.5734
0.962576
0.000140194

0.488166
0.576333
-0.655389
0.735953
0.0204628

-0.488166
-0.576333
0.655389
-10.156
36.4062

-0.127873
-0.374273
-0.91846
-0.192251
0.102615

-0.465807
0.152749
0.871603
0.705843
0.0061268

0.465807
-0.152749
-0.871603
-0.5881
0.175328

0.0909222
0.516434
-0.851486
-2.60118
1.32762

-0.0909222
-0.516434
0.851486
0.867951
0.00184155

-0.322233
-0.820551
-0.472083
-0.0719275
0.116316

0.322233
0.820551
0.472083
-0.201252
0.145754

-0.088286
-0.295154
0.951362
0.956471
0.000421543

0.088286
0.295154
-0.951362
-9.3618
23.5458

-0.0226862
-0.94253
-0.333351
-2.04001
0.933036

0.0226862
0.94253
0.333351
0.777918
0.00520658

0.96683
0.255422
0
0.729981
0.00551709

0.589047
-0.788412
-0.177286
0.946613
0.000313044

0.495296
-0.3141
0.809953
0.881367
0.000847143

-0.495296
0.3141
-0.809953
-0.869481
0.209928

0.296917
-0.12071
0.947243
0.873772
0.000313822

-0.296917
0.12071
-0.947243
0.647175
0.00244729

0.181557
0.836591
-0.516868
-0.82322
0.381685

0.113153
-0.400628
-0.909227
-0.971432
0.172212

-0.113153
0.400628
0.909227
0.984651
1.81496e-05

-0.645759
-0.687909
-0.331326
0.733398
0.00566891

0.645759
0.687909
0.331326
-1.0238
0.325084

0.627137
0.703354
-0.334652
-0.514977
0.077478

-0.627137
-0.703354
0.334652
0.989135
4.72465e-06

0.501841
-0.107813
0.858214
0.960493
0.000148697

-0.109576
-0.952546
-0.283987
0.948865
0.000415374

0.579222
0.643354
-0.500597
-0.116481
0.0397099

-0.579222
-0.643354
0.500597
0.958545
5.54257e-05

0.871719
-0.336813
-0.355898
-16.9535
125.926

-0.871719
0.336813
0.355898
0.897738
0.00408643

-0.168865
-0.920344
0.352777
0.426287
0.0184675

0.23212
-0.654965
0.719125
0.578832
0.00785598

0.504636
-0.436628
0.744781
0.491067
0.0178874

-0.504636
0.436628
-0.744781
-0.126559
0.0875947

-0.366248
-0.315474
-0.875408
0.50621
0.017481

0.366248
0.315474
0.875408
-0.208014
0.103803

0.0400491
0.291631
-0.955692
0.923869
0.000690993

-0.0400491
-0.291631
0.955692
-3.25779
1.92975

0.236903
-0.0422213
0.970616
0.267611
0.110306

-0.236903
0.0422213
-0.970616
-4.09041
5.3112

-0.933198
-0.223396
-0.281488
-3.96342
3.51911

0.933198
0.223396
0.281488
0.807434
0.00530601

-0.353458
-0.179376
-0.918091
-0.882732
0.361517

0.353458
0.179376
0.918091
0.371492
0.0402892

0.584996
-0.59927
0.546494
-0.221088
0.147612

-0.584996
0.59927
-0.546494
-0.026052
0.104226

0.157647
-0.208146
0.96531
0.725286
0.0194968

0.689448
0.398752
0.604696
0.0724832
0.0380497

-0.203396
-0.979097
0
0.786729
0.00337285

0.203396
0.979097
0
-1.00871
0.298272

-0.723262
0.534567
0.437185
0.375758
0.0172708

-0.750827
-0.445276
0.487839
0.530943
0.00379321

-0.127256
-0.0706518
-0.989351
-2.5399
1.74003

0.127256
0.0706518
0.989351
0.531917
0.0306678

0.286332
0.135168
-0.948548
-0.863089
0.423898

-0.286332
-0.135168
0.948548
0.0145588
0.118848

0.461908
-0.28851
0.838691
0.520881
0.0849265

-0.461908
0.28851
-0.838691
-11.9553
61.9492

-0.14622
-0.617537
-0.772831
0.987911
9.88385e-06

0.14622
0.617537
0.772831
-2.16247
0.664328

-0.366331
-0.916405
0.161255
-35.0423
1008.33

0.366331
0.916405
-0.161255
0.81611
0.0262507

0.584742
-0.0883005
-0.8064
0.668894
0.00947158

-0.584742
0.0883005
0.8064
-1.03888
0.354959

0.818566
0.574412
0
0.859844
0.0066651

0.205541
0.75153
0.626862
0.279424
0.0351981

-0.205541
-0.75153
-0.626862
0.188493
0.0446174

-0.0284662
0.46302
0.88589
0.875161
0.00424268

0.0284662
-0.46302
-0.88589
-10.6655
37.0382

0.968304
0.0187736
-0.249069
0.77776
0.00480484

-0.968304
-0.0187736
0.249069
-1.87803
0.804488

-0.379459
-0.925209
0
-2.76138
2.44345

0.379459
0.925209
0
0.180852
0.119161

0.414996
-0.209292
-0.885424
-0.321201
0.180939

-0.414996
0.209292
0.885424
-0.0364697
0.111367

-0.116376
-0.0361042
0.992549
0.776187
0.00319217

0.116376
0.0361042
-0.992549
-0.506696
0.139455

-0.55857
-0.537077
-0.632097
0.74226
0.00263677

0.55857
0.537077
0.632097
0.316408
0.0182718

0.850566
0.0783893
-0.519994
0.791034
0.00795357

-0.363517
0.573047
0.734488
0.828369
0.0037128

0.363517
-0.573047
-0.734488
-3.29076
2.28647

-0.154462
0.949244
0.274003
0.564343
0.0151341

0.154462
-0.949244
-0.274003
-0.583084
0.199645

-0.429781
0.160011
0.888642
0.863519
0.000617462

0.429781
-0.160011
-0.888642
0.259837
0.0177643

0.399424
0.116519
0.909331
0.904543
0.00143994

-0.364092
0.181327
0.913541
0.875869
0.00148875

0.07197
-0.362962
0.92902
0.802975
0.00959656

0.66251
-0.412011
0.625562
0.311857
0.0682346

-0.66251
0.412011
-0.625562
-2.08591
1.36961

-0.379122
0.621013
0.68601
0.591906
0.00932582

0.379122
-0.621013
-0.68601
0.0937518
0.0456709

0.90316
-0.143176
0.404725
0.235391
0.0268739

-0.0381325
0.936477
-0.348651
0.756406
0.00494241

0.0381325
-0.936477
0.348651
-1.23301
0.412921

-0.578796
0.772701
-0.260631
-2.87342
2.51728

0.578796
-0.772701
0.260631
0.302854
0.0815673

0.562115
0.613353
-0.55482
-0.741955
0.215251

-0.917132
-0.349085
-0.192376
-0.287231
0.188361

0.917132
0.349085
0.192376
-0.287231
0.188361

-0.776994
0.629508
0
0.470148
0.0450115

0.776994
-0.629508
0
-2.23411
1.38553

0.600695
-0.505635
0.619273
0.549824
0.0280342

0.226923
0.899886
0.37244
-1.92552
2.67088

-0.226923
-0.899886
-0.37244
-3.21275
5.53817

0.260639
-0.702583
0.662151
-8.80747
23.1587

-0.260639
0.702583
-0.662151
0.846759
0.00569445

-0.396909
0.825046
0.402197
0.20786
0.0680406

0.876067
0.450884
0.170911
-3.29077
3.83666

-0.876067
-0.450884
-0.170911
-0.0726869
0.239803

-0.0898401
0.441918
0.892545
0.915564
0.000559815

0.0898401
-0.441918
-0.892545
-1.86606
0.642116

0.834894
0.120722
-0.537009
-0.0801044
0.085674

-0.834894
-0.120722
0.537009
0.402048
0.0270219

0.847926
0.466786
-0.251261
-0.303844
0.11702

-0.847926
-0.466786
0.251261
0.59283
0.0114228

-0.380083
0.431632
0.818066
-0.977929
0.651107

0.380083
-0.431632
-0.818066
-0.794047
0.53574

-0.186768
-0.461754
-0.867122
0.535318
0.00936676

-0.235404
0.559953
0.794379
0.763458
0.00183294

0.823274
-0.259921
-0.504639
0.550407
0.0108249

0.460823
0.421018
0.781272
0.912566
0.00391254

-0.460823
-0.421018
-0.781272
-23.2874
299.383

0.0603095
0.627075
-0.776621
0.673825
0.0154504

-0.411225
-0.661639
-0.626999
0.754908
0.00351531

0.411225
0.661639
0.626999
-0.315857
0.0999424

0.467833
0.812104
0.348739
0.0923396
0.0785136

-0.467833
-0.812104
-0.348739
-0.267728
0.153124

-0.858273
-0.513194
0
0.722846
0.0226745

0.729711
-0.427513
-0.533624
-1.87179
0.515546

-0.729711
0.427513
0.533624
0.983518
1.98395e-05

0.700113
0.14628
0.698887
0.636857
0.00251545

-0.168561
-0.985691
0
-2.83987
2.13867

0.168561
0.985691
0
0.553733
0.028904

0.226119
-0.842329
0.489236
0.525758
0.0171607

-0.626256
-0.662755
-0.410561
-1.63297
0.680489

0.626256
0.662755
0.410561
0.707448
0.00842794

-0.329836
-0.944038
0
0.063347
0.0814261

0.329836
0.944038
0
-0.162978
0.125317

-0.541308
-0.820116
-0.185463
-1.98823
1.51973

0.541308
0.820116
0.185463
-0.131629
0.217961

0.0998865
0.532266
0.840664
0.646098
0.0157215

0.198514
0.900975
0.385792
0.527783
0.0282962

-0.198514
-0.900975
-0.385792
-2.08399
1.20534

-0.96284
-0.0270064
0.268718
-35.4714
1010.94

0.96284
0.0270064
-0.268718
0.8738
0.0121099

-0.310407
0.891809
0.329126
0.271927
0.0354634

0.310407
-0.891809
-0.329126
0.212519
0.0414858

-0.324433
-0.430548
0.842242
0.835553
0.00035523

-0.6058
0.0759321
0.791986
-0.103333
0.350087

0.6058
-0.0759321
-0.791986
-5.89588
13.6616

-0.00340333
-0.0626882
0.998027
0.892233
0.000952103

0.0282693
-0.447419
-0.893878
0.951122
0.000138449

-0.0282693
0.447419
0.893878
-0.791487
0.154729

-0.376775
-0.393473
0.838582
0.861628
0.000820992

0.376775
0.393473
-0.838582
-0.00606263
0.040683

0.785379
0.35899
0.504288
-1.68577
0.959358

-0.785379
-0.35899
-0.504288
0.291775
0.0667905

-0.0846424
0.897327
0.433175
-0.129148
0.114728

0.0846424
-0.897327
-0.433175
0.0853893
0.0752932

0.457938
0.217947
0.861854
0.917376
0.000577468

0.8424
-0.377134
0.38488
0.802527
0.00771256

-0.8424
0.377134
-0.38488
-6.37475
10.7506

-0.138947
-0.055
0.988771
0.904433
0.000434893

-0.815611
0.184889
0.548266
0.430505
0.0264486

0.815611
-0.184889
-0.548266
-0.383841
0.156146

-0.586741
0.0709357
0.806662
-0.0944118
0.382275

-0.290156
0.142652
-0.946287
-0.966322
0.271719

0.290156
-0.142652
0.946287
0.811916
0.00257937

0.0689628
-0.623188
0.779025
0.621404
0.0133841

-0.0689628
0.623188
-0.779025
-1.18072
0.443899

0.183774
-0.840472
0.50974
-2.02876
1.3492

-0.183774
0.840472
-0.50974
0.242802
0.0844169

0.27084
0.962624
0
-0.320235
0.521163

-0.27084
-0.962624
0
-5.68369
13.3308

-0.167779
-0.880876
0.442615
0.705322
0.00515304

0.355673
-0.608537
0.709351
0.897738
0.00408892

-0.355673
0.608537
-0.709351
-16.9535
125.922

0.315905
-0.891883
0.32365
-2.44204
1.29676

-0.315905
0.891883
-0.32365
0.790726
0.00479673

0.394147
-0.660732
0.638813
0.688345
0.0171642

-0.394147
0.660732
-0.638813
-4.68964
5.71451

0.576451
-0.0205968
-0.816872
-0.897301
0.245767

-0.576451
0.0205968
0.816872
0.813966
0.00236424

0.871261
0.356262
0.337611
0.874163
0.00122275

-0.871261
-0.356262
-0.337611
-1.5256
0.489184

-0.952195
0.204801
0.226675
-2.34313
1.11805

0.952195
-0.204801
-0.226675
0.844155
0.00243432

-0.455728
0.775659
0.436652
0.975658
1.643e-05

0.455728
-0.775659
-0.436652
0.153381
0.0165345

-0.816775
-0.490162
0.304335
0.140135
0.043403

0.816775
0.490162
-0.304335
0.501781
0.0145832

0.236593
-0.214863
0.947553
-4.41992
4.49122

-0.236593
0.214863
-0.947553
0.809457
0.00557623

-0.901381
-0.433027
0
0.402897
0.0252664

0.901381
0.433027
0
0.482947
0.0202292

-0.490958
-0.625521
0.60637
0.19819
0.0544708

0.490958
0.625521
-0.60637
-0.133897
0.108923

0.418574
-0.540786
-0.729621
0.142642
0.0533628

-0.418574
0.540786
0.729621
0.212597
0.0450112

-0.173767
0.90111
0.397249
0.685295
0.00457086

0.173767
-0.90111
-0.397249
0.211054
0.0286118

0.619467
-0.700065
0.355205
0.342181
0.0506303

-0.619467
0.700065
-0.355205
-1.28469
0.6103

-0.517959
0.0388279
-0.854524
-1.15882
0.440412

0.517959
-0.0388279
0.854524
0.59891
0.0153483

0.971851
-0.0826673
-0.220616
-0.441973
0.10679

-0.971851
0.0826673
0.220616
0.864651
0.00100015

0.484366
-0.275398
0.830389
0.889123
0.00154935

-0.299692
-0.351301
-0.887002
-0.920602
0.288978

0.299692
0.351301
0.887002
0.712849
0.00647274

-0.143115
-0.799875
-0.582853
0.324542
0.0185336

0.143115
0.799875
0.582853
0.708313
0.00346003

0.259134
-0.48325
0.836253
-9.29783
53.0208

-0.259134
0.48325
-0.836253
-1.57446
3.31463

0.509974
0.594857
0.621347
0.968181
5.20884e-05

-0.509974
-0.594857
-0.621347
-1.08297
0.221237

0.875873
0.0278984
0.481734
0.964364
0.000181178

-0.206644
-0.00591937
-0.978398
0.632828
0.0133989

0.206644
0.00591937
0.978398
-1.41612
0.578214

-0.84497
0.367442
0.388603
0.404804
0.00738309

-0.260949
-0.0548744
-0.963792
-1.06531
0.329715

0.260949
0.0548744
0.963792
0.767447
0.00425567

-0.0162759
-0.310442
-0.950453
0.995057
1.41481e-05

-0.545268
-0.723746
0.422934
0.860368
0.00124801

0.545268
0.723746
-0.422934
-0.898662
0.228131

0.564093
-0.664676
0.489903
0.38437
0.0225741

-0.564093
0.664676
-0.489903
0.267347
0.0319513

0.493411
-0.644188
-0.584437
-0.275271
0.114887

-0.493411
0.644188
0.584437
0.550416
0.0143395

-0.396999
-0.101038
0.912241
0.617839
0.00280569

0.243616
0.969872
0
-0.325755
0.170212

-0.243616
-0.969872
0
0.107447
0.0771799

0.616639
0.525741
-0.585964
0.860689
0.00237468

-0.616639
-0.525741
0.585964
-3.36878
2.30747

0.364053
-0.683226
0.632983
0.815279
0.00210091

-0.364053
0.683226
-0.632983
-0.601482
0.154899

-0.144373
0.338174
-0.929943
-23.6719
300.189

0.144373
-0.338174
0.929943
0.953361
0.00109736

-0.52092
-0.0137622
0.853494
0.904728
0.000734554

0.52092
0.0137622
-0.853494
-1.70995
0.561128

0.0820124
0.544945
-0.834451
0.495848
0.00680552

-0.0820124
-0.544945
0.834451
0.840075
0.000684973

-0.422586
-0.729045
0.538438
-3.24027
1.64107

0.422586
0.729045
-0.538438
0.978366
4.65412e-05

-0.302465
-0.943423
0.135898
0.450039
0.00901695

0.302465
0.943423
-0.135898
0.816317
0.00100723

0.748903
-0.161332
-0.642742
0.960896
0.000219018

0.414762
0.435648
-0.798864
-1.02973
0.27723

-0.414762
-0.435648
0.798864
0.853805
0.00144326

-0.248284
-0.703125
0.666311
0.69205
0.0332666

0.248284
0.703125
-0.666311
-12.4143
62.9669

0.685547
0.137954
-0.714838
0.90843
0.00268848

-0.390482
-0.668128
0.633347
0.708626
0.0114264

0.390482
0.668128
-0.633347
-3.06112
2.21827

0.705411
-0.708798
0
0.510292
0.0274396

-0.705411
0.708798
0
-1.55846
0.740006

0.487971
-0.803343
0.341356
0.0638311
0.0608158

-0.487971
0.803343
-0.341356
0.349885
0.0293426

-0.773818
0.633408
0
0.120743
0.0889264

-0.55199
-0.813738
-0.182038
0.792323
0.00326878

0.55199
0.813738
0.182038
-1.09823
0.333279

0.433723
0.847679
0.305492
0.993378
1.55402e-06

-0.433723
-0.847679
-0.305492
-0.240966
0.0413562

-0.419456
-0.496462
-0.759988
0.471192
0.0128542

0.419456
0.496462
0.759988
0.498658
0.0115628

-0.727326
-0.686292
0
0.467372
0.00733833

0.385047
-0.161447
0.908666
0.402061
0.116734

-0.385047
0.161447
-0.908666
-9.38087
35.0986

-0.0196119
0.616473
0.787132
0.835129
0.0018201

0.795437
-0.606036
0
0.921833
0.000307936

-0.795437
0.606036
0
0.0799611
0.0277006

-0.700473
0.432729
-0.567523
0.932789
0.000187745

-0.670654
-0.688201
-0.276772
-0.66567
0.158912

0.670654
0.688201
0.276772
0.861843
0.00109475

-0.0734534
-0.265898
-0.961199
0.983433
8.58472e-06

-0.910901
-0.29993
0.283376
-1.21631
0.376175

0.910901
0.29993
-0.283376
0.81275
0.00268793

-0.189826
-0.351347
0.9168
0.88319
0.000743382

0.189826
0.351347
-0.9168
-0.648573
0.147932

0.277502
0.0241306
0.960422
0.922381
0.000491245

-0.830596
-0.556875
0
-0.0532813
0.0885916

0.830596
0.556875
0
0.345205
0.0373728

-0.494036
0.502206
-0.709731
0.463986
0.0290322

0.494036
-0.502206
0.709731
-1.04291
0.421489

-0.0441082
-0.266598
0.962798
-1.10638
0.568467

0.0441082
0.266598
-0.962798
0.0638323
0.112585

-0.647365
0.276588
-0.710224
0.90356
0.000770249

-0.254841
0.350909
-0.901066
-13.5049
64.6213

0.254841
-0.350909
0.901066
0.938839
0.00115083

-0.92294
0.0432472
-0.382506
-1.49985
0.592511

0.92294
-0.0432472
0.382506
0.705411
0.00825145

0.274448
-0.0885705
0.957514
0.909066
0.00425567

-0.274448
0.0885705
-0.957514
-23.2594
299.261

-0.813755
-0.581208
0
-1.85816
0.977392

0.813755
0.581208
0
0.490471
0.041587

0.653779
-0.267891
0.707677
0.842472
0.00183533

-0.653779
0.267891
-0.707677
-1.17324
0.340781

-0.0899079
0.082442
-0.992532
-2.78713
1.17546

0.0899079
-0.082442
0.992532
0.97962
3.48063e-05

0.664271
-0.624821
-0.410295
0.75747
0.00224858

-0.664271
0.624821
0.410295
0.318694
0.0176173

-0.612572
-0.790415
0
0.97245
0.000110118

0.612572
0.790415
0
-2.54899
0.999261

-0.245063
0.920572
-0.304124
-0.571959
0.212474

0.245063
-0.920572
0.304124
0.462209
0.0248887

0.379174
-0.410165
0.829453
0.669508
0.0170207

-0.379174
0.410165
-0.829453
-3.69535
3.40937

0.48978
0.251672
-0.834732
-0.484708
0.0968827

-0.48978
-0.251672
0.834732
0.934677
0.000214195

-0.0559434
-0.293697
0.95426
0.912092
0.00182187

0.107487
-0.712155
0.693745
0.668441
0.0136389

0.925574
0.0154435
0.378251
-0.91914
0.399622

-0.925574
-0.0154435
-0.378251
0.286456
0.0552823

-0.127451
-0.501105
0.85595
0.866052
0.00131507

0.127451
0.501105
-0.85595
-1.30488
0.385185

0.554146
0.832419
0
0.960732
0.00115495

-0.699405
0.647915
-0.301725
0.502141
0.0156831

0.699405
-0.647915
0.301725
0.019636
0.0607187

0.145834
-0.877627
-0.456622
0.0638323
0.243687

-0.145834
0.877627
0.456622
-6.07976
13.9309

0.378492
0.381597
0.843284
-0.215218
0.0802673

-0.378492
-0.381597
-0.843284
0.759957
0.00315288

0.454588
0.706578
0.542307
0.420416
0.0270183

-0.0690963
0.662922
0.745493
0.740121
0.00355172

0.0690963
-0.662922
-0.745493
-0.106926
0.0644028

-0.0727475
0.109871
0.99128
0.939428
0.000407547

-0.00424055
-0.266386
-0.963857
-0.369855
0.175769

0.00424055
0.266386
0.963857
0.204802
0.0594202

0.160021
0.780824
0.60391
0.705597
0.0047061

-0.160021
-0.780824
-0.60391
-0.0795217
0.0631154

0.0205207
0.0322799
0.999268
0.708734
0.0251087

-0.0205207
-0.0322799
-0.999268
-10.0761
36.3046

0.589759
0.337403
-0.733719
-2.87227
1.91904

-0.589759
-0.337403
0.733719
0.724262
0.00975823

-0.403013
-0.2611
0.877159
0.879693
0.00129216

0.03298
-0.123555
-0.99179
-36.9989
1016.54

-0.03298
0.123555
0.99179
0.989953
7.14385e-05

-0.363205
-0.686674
0.629731
0.761279
0.00402702

0.363205
0.686674
-0.629731
-0.764531
0.217279

0.698806
-0.0979166
0.708578
-1.49439
0.654603

0.00500512
0.436315
-0.89978
-3.44679
4.77013

-0.00500512
-0.436315
0.89978
-0.49048
0.53603

-0.111707
-0.304312
-0.946
-1.08631
0.428782

0.111707
0.304312
0.946
0.51777
0.022909

0.218549
-0.278233
0.935319
0.873779
0.000698065

0.472531
0.54358
-0.693712
-1.20183
0.489715

-0.472531
-0.54358
0.693712
0.530967
0.0222491

-0.185462
-0.0554621
-0.981085
0.156956
0.0692362

0.65573
0.754995
0
0.00937676
0.0694456

-0.65573
-0.754995
0
0.409713
0.0257481

0.893227
-0.384599
0.23287
0.732043
0.00501331

0.0709441
0.277296
-0.958162
0.981759
2.28905e-05

0.833698
-0.461041
-0.303955
0.90307
0.000274605

-0.833698
0.461041
0.303955
0.252874
0.0162832

0.468306
-0.853287
-0.229326
0.220016
0.0411007

-0.468306
0.853287
0.229326
0.250303
0.0379718

-0.969903
-0.0539129
-0.237449
0.990656
3.63545e-06

0.504009
-0.039742
0.862783
0.817229
0.00819706

-0.547275
-0.822587
-0.154404
-0.113442
0.0396544

0.547275
0.822587
0.154404
0.95725
5.9057e-05

-0.486494
-0.196764
-0.851239
0.875159
0.0006201

0.486494
0.196764
0.851239
-0.0433464
0.0432775

0.254724
-0.0968294
0.962154
0.944275
0.000108118

-0.239259
0.182114
0.953724
0.973989
0.000247807

0.893466
-0.0657733
0.444288
-0.173651
0.0957062

-0.893466
0.0657733
-0.444288
0.511488
0.0165849

0.373251
-0.138292
0.917365
0.912092
0.00181832

-0.373251
0.138292
-0.917365
-9.09154
23.3702

-0.0949984
-0.995477
0
0.0697353
0.0694542

0.0949984
0.995477
0
0.112499
0.0632162

0.859547
0.00219738
-0.511052
0.322189
0.0231926

-0.859547
-0.00219738
0.511052
0.524195
0.011431

-0.416256
-0.0195171
0.909038
0.914219
0.000195623

-0.629993
-0.497359
-0.596442
-0.748959
0.435285

0.629993
0.497359
0.596442
-0.480311
0.311881

0.249716
-0.674767
0.694501
0.661598
0.00597302

-0.249716
0.674767
-0.694501
0.0743986
0.0445679

-0.128466
0.694084
-0.708339
-2.5399
1.74157

0.128466
-0.694084
0.708339
0.531917
0.0304651

-0.359097
0.209467
0.909491
0.841456
0.0060767

0.359097
-0.209467
-0.909491
-8.7877
23.151

0.270772
-0.962644
0
0.900983
0.00108418

-0.270772
0.962644
0
-3.18352
1.9202

-0.651786
0.176076
0.73768
0.940852
0.000623132

0.202278
0.511025
-0.835426
-0.858716
0.281944

-0.202278
-0.511025
0.835426
0.651776
0.0099261

-0.480169
0.127203
-0.867904
0.393541
0.0183782

0.480169
-0.127203
0.867904
0.475951
0.013731

0.158855
0.639417
-0.75227
0.984178
6.83642e-06

-0.158855
-0.639417
0.75227
-0.113002
0.0334099

-0.387014
-0.641429
-0.662411
-3.83772
3.46995

0.387014
0.641429
0.662411
0.748361
0.00945263

0.807165
0.590326
0
0.8215
0.0997836

0.39896
-0.212181
-0.892082
-23.1356
298.95

-0.39896
0.212181
0.892082
0.892731
0.00595723

-0.223447
-0.482365
-0.846992
0.521886
0.0111997

0.422585
-0.0132527
0.906227
0.782676
0.00392794

-0.422585
0.0132527
-0.906227
-1.26841
0.417178

-0.748359
-0.663294
0
0.926444
0.00317343

0.669573
-0.0572894
-0.740534
-1.18243
0.406352

-0.669573
0.0572894
0.740534
0.715409
0.0069929

-0.27877
0.115379
0.953402
0.967255
0.000269075

-0.102737
0.287138
0.952364
0.844505
0.00213433

0.102737
-0.287138
-0.952364
-1.70897
0.623087

-0.714937
-0.139449
-0.685142
-2.43703
1.13334

0.714937
0.139449
0.685142
0.885285
0.0012944

-0.710374
0.0487721
0.702133
0.424133
0.0458848

0.710374
-0.0487721
-0.702133
-2.18817
1.40531

-0.134804
0.247614
0.959435
0.64483
0.0029983

0.560143
0.401744
-0.724459
-0.0369362
0.058319

-0.560143
-0.401744
0.724459
0.684358
0.00542141

-0.97253
0.153095
-0.175348
-2.01198
0.82621

0.97253
-0.153095
0.175348
0.852821
0.00197343

0.0612061
-0.912846
-0.403691
-13.24
64.3211

-0.0612061
0.912846
0.403691
0.89773
0.00332777

-0.410181
-0.494267
0.766454
0.698642
0.0235767

-0.830446
-0.134276
-0.540675
0.613764
0.00757127

-0.905579
-0.106016
0.410714
-1.04978
0.328017

0.905579
0.106016
-0.410714
0.755063
0.00470601

-0.274753
0.632218
0.724439
-1.2184
0.727028

0.274753
-0.632218
-0.724439
-0.217246
0.219067

-0.401343
0.0235544
0.915625
0.917588
0.000112652

0.691634
-0.543615
-0.475526
-2.15497
1.22529

-0.691634
0.543615
0.475526
0.591116
0.0206294

0.497293
-0.0603997
0.865478
0.75804
0.00441075

-0.497293
0.0603997
-0.865478
-0.896973
0.265158

-0.464815
0.295726
0.834562
0.83228
0.00115494

0.464815
-0.295726
-0.834562
0.0451972
0.0374061

0.555988
-0.548888
-0.624179
-2.57271
2.02751

-0.555988
0.548888
0.624179
0.304615
0.0769434

0.463457
-0.125244
0.877224
0.629426
0.0192524

0.346441
0.568055
-0.74652
0.996165
1.12419e-06

-0.584181
0.644487
0.493325
0.409242
0.0265247

0.584181
-0.644487
-0.493325
-0.192967
0.108145

-0.735224
-0.133571
0.664534
0.883933
0.000652105

0.678844
-0.259367
0.68695
0.496494
0.0270047

-0.678844
0.259367
-0.68695
-1.28531
0.553976

0.160727
-0.317037
0.934695
0.687375
0.0105324

-0.160727
0.317037
-0.934695
-1.90817
0.908194

0.560351
-0.469984
0.681998
0.684793
0.00332481

-0.560351
0.469984
-0.681998
0.583615
0.00573444

0.227669
0.825161
-0.516987
-0.337558
0.126698

-0.227669
-0.825161
0.516987
0.579634
0.0125613

-0.130018
-0.449373
-0.883832
-1.10759
0.307594

0.130018
0.449373
0.883832
0.853513
0.00150224

-0.734518
0.306526
-0.605413
0.547695
0.0127834

0.734518
-0.306526
0.605413
-0.0328238
0.0666226

0.185134
-0.289267
-0.939175
0.978894
0.000173245

-0.185134
0.289267
0.939175
-17.6805
126.787

0.137984
-0.591459
0.794441
0.868284
0.00278967

-0.228916
0.310641
0.922551
0.88778
0.00133521

0.228916
-0.310641
-0.922551
-2.88304
1.59109

0.348952
0.44037
0.827229
0.869584
0.00166105

-0.348952
-0.44037
-0.827229
-2.39913
1.12783

-0.90545
0.344625
-0.24778
0.809431
0.00243307

0.90545
-0.344625
0.24778
-0.823983
0.222304

-0.0239432
-0.713048
-0.700707
-2.57564
1.32328

0.0239432
0.713048
0.700707
0.856975
0.00215854

-0.740448
0.596243
0.31021
0.21495
0.0116951

0.740448
-0.596243
-0.31021
0.989076
2.42326e-06

-0.429294
0.180647
-0.884914
0.414896
0.0389276

0.429294
-0.180647
0.884914
-1.34042
0.622632

0.0760334
-0.604399
0.793045
-1.02638
0.500121

-0.0760334
0.604399
-0.793045
0.124941
0.0934542

-0.592585
-0.547218
-0.591097
0.0470946
0.0880003

0.592585
0.547218
0.591097
-0.249324
0.151117

0.458677
-0.577168
0.675643
0.576303
0.0273017

-0.458677
0.577168
-0.675643
-3.18508
2.66111

0.721185
0.0520673
0.690783
-0.412191
0.0993831

-0.721185
-0.0520673
-0.690783
0.871067
0.000832231

-0.510902
0.655447
-0.55621
-4.00589
4.29519

0.510902
-0.655447
0.55621
0.591357
0.0286304

-0.0108485
-0.525295
0.850851
0.879701
0.00042414

0.141932
0.61431
0.776195
0.764456
0.00593379

-0.164282
0.715991
-0.678504
-0.33432
0.303407

0.164282
-0.715991
0.678504
-1.6594
1.2045

-0.172041
0.677653
0.714975
-2.0101
0.654667

0.172041
-0.677653
-0.714975
0.959791
0.000129241

0.401808
-0.637593
-0.657287
-0.501772
0.21862

-0.401808
0.637593
0.657287
0.233794
0.0570074

-0.0849037
0.48201
-0.872042
0.932877
0.000293763

0.546086
-0.622258
0.560879
-0.356924
0.282221

-0.546086
0.622258
-0.560879
-1.15261
0.7063

-0.142601
-0.964763
0.221129
0.608348
0.0552255

0.142601
0.964763
-0.221129
-12.1752
62.4829

-0.0271961
0.669496
0.742317
0.768692
0.00990266

0.0271961
-0.669496
-0.742317
-5.49744
7.75427

0.808676
0.247891
0.533472
-0.49048
0.536049

-0.808676
-0.247891
-0.533472
-3.44679
4.76986

-0.0302502
-0.819053
0.57292
0.625532
0.0156073

0.0302502
0.819053
-0.57292
-1.83189
0.891652

0.884331
-0.466861
0
0.824214
0.00447001

-0.362371
-0.554309
-0.749285
-0.378834
0.130048

0.362371
0.554309
0.749285
0.635876
0.00916153

0.818561
-0.218078
-0.531412
0.60328
0.00924494

-0.818561
0.218078
0.531412
-0.0102084
0.0596756

0.905841
0.285215
0.313217
0.388395
0.0216431

0.7193
0.215696
0.660366
0.651376
0.0108281

-0.7193
-0.215696
-0.660366
-1.11238
0.396827

0.468535
0.205105
0.859306
0.50797
0.0118668

-0.468535
-0.205105
-0.859306
0.381461
0.0187356

-0.374034
-0.72438
0.579113
0.883878
0.00252247

0.374034
0.72438
-0.579113
-6.63965
10.9068

-0.969715
-0.00725986
0.244131
-0.800288
0.154983

0.969715
0.00725986
-0.244131
0.95421
0.00010189

0.417587
-0.155526
-0.895228
0.966727
2.60852e-05

-0.0415434
0.539633
-0.840875
-0.595566
0.113095

0.0415434
-0.539633
0.840875
0.947949
0.000142166

-0.380638
-0.513621
0.768966
-0.617751
0.128841

0.380638
0.513621
-0.768966
0.918727
0.000332166

-0.817078
0.0651499
-0.572835
-0.920671
0.213161

0.817078
-0.0651499
0.572835
0.908267
0.000490632

-0.634056
-0.707601
-0.311888
0.983857
2.98257e-05

0.634056
0.707601
0.311888
-4.22624
2.94837

-0.103878
0.0193038
-0.994403
-3.11244
2.62728

0.103878
-0.0193038
0.994403
0.520499
0.0359745

0.692233
0.721674
0
0.727258
0.127945

-0.692233
-0.721674
0
-2.55805
0.116619

-0.690673
-0.687928
-0.222993
0.31662
0.0277019

0.690673
0.687928
0.222993
0.339981
0.0258405

-0.10789
-0.585449
0.803498
0.651427
0.0103074

0.10789
0.585449
-0.803498
-0.93671
0.314702

-0.794082
0.385752
-0.469711
0.951211
0.000112716

0.0675784
-0.803472
0.591495
0.428101
0.0088967

-0.0675784
0.803472
-0.591495
0.866006
0.000493882

-0.704929
-0.0271808
0.708757
0.905351
0.00459524

0.704929
0.0271808
-0.708757
-23.2303
299.254

0.305832
0.181324
-0.934659
-7.66405
15.5739

-0.305832
-0.181324
0.934659
0.886837
0.00266057
