
0.399771
0.080559
0.913068
0.959336
0.000812179

-0.588237
0.558443
-0.58491
-0.379173
0.23175

0.588237
-0.558443
0.58491
-0.379173
0.23175

-0.768656
0.155871
-0.620381
-2.11144
1.07065

0.768656
-0.155871
0.620381
0.707798
0.009505

0.858915
-0.512119
0
0.590217
0.0124878

-0.858915
0.512119
0
0.246591
0.0342732

-0.161381
0.34518
-0.924558
0.915733
4.77103e-05

0.333666
0.925298
0.180249
0.475493
0.0210504

-0.333666
-0.925298
-0.180249
-0.314911
0.132257

0.831812
-0.24777
-0.496687
-0.392208
0.148649

-0.831812
0.24777
0.496687
0.52352
0.0181797

0.043256
0.921591
0.385744
0.914185
0.00122408

-0.043256
-0.921591
-0.385744
-5.95103
7.98051

0.322045
-0.752709
0.574209
0.798014
0.0032029

-0.322045
0.752709
-0.574209
-1.19471
0.373768

0.594245
-0.804284
0
0.830404
0.00185582

-0.594245
0.804284
0
0.102841
0.0340929

-0.231363
-0.277251
0.932525
0.851806
0.00606777

0.454503
0.342907
-0.822096
0.492908
0.0183859

0.326332
0.687383
-0.648854
-3.62895
2.82403

-0.326332
-0.687383
0.648854
0.829747
0.00382067

0.0925372
-0.172474
-0.980658
-1.11171
0.432882

-0.0925372
0.172474
0.980658
0.547387
0.0200958

0.96689
0.0899967
0.238797
0.187585
0.108651

-0.96689
-0.0899967
-0.238797
-2.46992
1.98167

-0.84581
0.0311289
-0.532574
0.534435
0.0158081

-0.509099
-0.84879
0.142735
0.769764
0.00358494

0.509099
0.84879
-0.142735
-0.712502
0.198196

-0.0216732
0.118872
0.992673
0.30312
0.0159378

-0.657934
0.405126
0.634819
0.664524
0.0134135

0.372794
-0.104248
0.92204
0.957187
0.000318432

-0.372794
0.104248
-0.92204
-6.99643
11.0604

0.603453
0.37243
0.705082
0.733609
0.00580645

-0.508067
-0.64819
-0.567201
-2.43981
1.48402

0.508067
0.64819
0.567201
0.646098
0.0157711

0.0968323
0.955049
0.280186
0.933084
0.000208488

-0.0968323
-0.955049
-0.280186
-0.560598
0.111723

0.229223
-0.136681
0.96373
0.540277
0.121844

-0.229223
0.136681
-0.96373
-21.5266
292.526

-0.405346
0.445752
-0.798123
-0.792607
0.14447

0.405346
-0.445752
0.798123
0.967906
5.86043e-05

-0.686196
0.568996
0.453187
0.978757
5.56604e-05

0.273358
-0.0722991
0.959192
0.945966
0.00147887

-0.273358
0.0722991
-0.959192
-23.5919
300.023

0.155144
-0.394444
-0.905728
0.234864
0.0518812

-0.155144
0.394444
0.905728
-0.281408
0.145503

-0.469949
0.198344
0.86012
-1.79833
0.634193

0.469949
-0.198344
-0.86012
0.888067
0.00106339

0.625068
0.580536
0.521792
0.990709
5.679e-06

-0.625068
-0.580536
-0.521792
-1.26838
0.246518

0.422277
-0.506349
-0.751859
0.622718
0.00519789

-0.422277
0.506349
0.751859
0.552665
0.00730017

0.421557
-0.407154
-0.810257
-1.34042
0.622484

-0.421557
0.407154
0.810257
0.414896
0.0390817

-0.118966
0.66726
0.735263
0.954027
0.000805955

-0.245066
0.875894
0.415635
-3.48539
1.96731

0.245066
-0.875894
-0.415635
0.973963
6.63354e-05

0.410473
0.738734
0.534588
0.520403
0.0219748

-0.410473
-0.738734
-0.534588
-0.992891
0.37916

0.709918
-0.593229
-0.3796
0.365969
0.028598

-0.709918
0.593229
0.3796
9.05991e-05
0.0710764

-0.0535
-0.0750542
0.995743
0.947009
0.00205736

0.0535
0.0750542
-0.995743
-36.2125
1014.43

-0.82179
-0.509329
0.25543
0.634066
0.0169164

0.257132
0.916506
-0.306432
-0.491436
0.109238

-0.257132
-0.916506
0.306432
0.896802
0.000612594

0.945481
0.0962725
-0.311122
-0.330207
0.126036

-0.945481
-0.0962725
0.311122
0.568982
0.013237

-0.770174
0.357938
0.527932
0.797721
0.00182986

0.770174
-0.357938
-0.527932
0.0370846
0.0408479

0.750761
0.372458
0.545557
0.932363
0.000217744

-0.750761
-0.372458
-0.545557
-0.518425
0.103801

0.561086
0.220505
-0.797847
0.647761
0.00908639

-0.561086
-0.220505
0.797847
-0.536026
0.170775

0.0267677
-0.888518
-0.45806
0.423089
0.0191416

-0.0267677
0.888518
0.45806
0.26985
0.0306546

-0.121446
0.415277
0.901552
0.917591
0.00212794

-0.824269
-0.070574
0.561783
-0.590098
0.520297

0.824269
0.070574
-0.561783
-2.24512
2.16637

-0.790562
-0.28577
0.541615
0.407836
0.00709321

0.867037
-0.0374479
0.496834
0.204048
0.0621281

-0.867037
0.0374479
-0.496834
-0.486661
0.216545

-0.504922
-0.128668
0.853521
-1.34618
0.689758

0.504922
0.128668
-0.853521
0.244216
0.0718052

-0.150153
0.988663
0
-0.500639
0.123023

0.150153
-0.988663
0
0.846649
0.00128568

-0.823675
0.567062
0
-0.813819
0.41388

0.823675
-0.567062
0
-0.0871594
0.150071

0.410344
0.836965
-0.362087
0.213681
0.0879185

-0.410344
-0.836965
0.362087
-1.8055
1.11861

0.346927
0.654527
0.671741
-1.79466
1.43014

-0.346927
-0.654527
-0.671741
-0.478156
0.400287

0.363965
-0.197981
-0.910128
-2.1129
1.37932

-0.363965
0.197981
0.910128
0.342854
0.0615353

-0.692033
-0.0452533
-0.720446
0.605227
0.0104633

-0.619684
0.00234754
-0.784848
-1.39258
0.574091

0.619684
-0.00234754
0.784848
0.610445
0.0152216

0.540028
-0.42858
-0.724355
0.273712
0.0367765

0.903722
0.42812
0
-1.96695
1.29456

-0.903722
-0.42812
0
0.162643
0.116547

-0.245244
0.766109
-0.594081
-1.48958
0.724777

0.245244
-0.766109
0.594081
0.432898
0.0376311

0.047189
0.570978
0.819608
0.80627
0.0107019

-0.047189
-0.570978
-0.819608
-10.387
36.7026

-0.947723
0.0602086
-0.313363
-0.420306
0.125834

0.947723
-0.0602086
0.313363
0.736157
0.00455187

0.299207
-0.867699
0.396955
-0.232979
0.192902

-0.299207
0.867699
-0.396955
-0.659094
0.34922

-0.427195
0.219755
0.877047
0.393998
0.0342375

0.427195
-0.219755
-0.877047
-0.660197
0.256814

-0.145693
-0.98933
0
-11.2233
37.4593

0.145693
0.98933
0
0.965539
0.000310805

0.348006
-0.819889
0.454613
0.757176
0.00426111

-0.348006
0.819889
-0.454613
-0.825599
0.239345

-0.056073
0.70722
0.704767
0.781501
0.00502912

0.056073
-0.70722
-0.704767
-2.22545
1.09553

-0.0793859
-0.272112
0.958985
0.94588
0.000401481

0.0793859
0.272112
-0.958985
-4.8724
4.63806

0.341808
0.0538074
-0.938228
-2.63453
2.0547

-0.341808
-0.0538074
0.938228
0.369005
0.0620008

0.418658
0.748794
0.513841
0.543734
0.0391404

-0.418658
-0.748794
-0.513841
-4.44506
5.56471

0.959101
0.283063
0
0.740008
0.00286824

-0.959101
-0.283063
0
0.729062
0.00305009

0.769328
-0.271268
0.578401
0.618074
0.0177299

-0.769328
0.271268
-0.578401
-2.18742
1.23435

0.224919
-0.0489012
0.97315
0.834499
0.00772954

-0.224919
0.0489012
-0.97315
-10.4931
36.8196

-0.101664
0.384251
0.917614
0.86865
0.00220833

0.101664
-0.384251
-0.917614
-3.7286
2.85251

-0.441609
-0.222296
-0.869233
-7.65119
15.5634

0.441609
0.222296
0.869233
0.883706
0.00282561

-0.42506
-0.0905126
0.900629
0.889138
0.00149856

0.42506
0.0905126
-0.900629
-3.44679
2.32462

-0.68133
0.438506
0.58609
0.602535
0.0185377

0.459843
-0.0488106
-0.886658
-2.18271
0.847989

-0.459843
0.0488106
0.886658
0.922986
0.000532705

0.351603
0.756469
-0.55148
0.609536
0.00607574

-0.809237
-0.122698
0.574527
0.601514
0.0291555

0.809237
0.122698
-0.574527
-4.53599
5.62349

0.332913
-0.254218
-0.908043
-1.15195
0.368861

-0.332913
0.254218
0.908043
0.766692
0.00444073

0.195238
-0.720943
0.664923
-0.265476
0.173529

-0.195238
0.720943
-0.664923
-0.187623
0.152854

-0.52032
0.571548
-0.634507
0.17212
0.0359291

0.52032
-0.571548
0.634507
0.598729
0.00849187

-0.915773
-0.133993
-0.37869
0.0594509
0.100675

0.915773
0.133993
0.37869
-0.704406
0.330588

0.336041
-0.50923
0.792314
0.993486
1.45468e-05

-0.336041
0.50923
-0.792314
-14.1328
65.0022

0.446369
0.522779
-0.726262
-0.233032
0.684967

-0.446369
-0.522779
0.726262
-11.4361
69.0852

0.511594
-0.110332
0.852114
0.176341
0.0491119

-0.511594
0.110332
-0.852114
0.184413
0.0481542

0.0979432
-0.547564
0.831012
0.863174
0.00202512

0.24358
-0.8081
-0.536324
0.119378
0.0843066

0.703542
-0.0256466
-0.710191
-1.02536
0.548456

-0.703542
0.0256466
0.710191
-0.0891962
0.158772

0.559477
0.750515
0.35173
-0.0698061
0.0421975

0.338278
-0.882994
-0.325408
-33.7551
997.714

-0.338278
0.882994
0.325408
0.570922
0.152097

-0.0767356
0.48234
0.872617
0.862083
0.00334947

-0.0230438
-0.0759235
-0.996847
0.627988
0.0197377

0.0230438
0.0759235
0.996847
-2.93848
2.1716

-0.726787
-0.18178
0.662372
0.214358
0.0369149

0.726787
0.18178
-0.662372
0.425891
0.019754

0.0341382
0.794863
0.605828
0.369005
0.0619668

-0.0341382
-0.794863
-0.605828
-2.63453
2.05494

-0.385006
0.222259
0.895752
0.817713
0.0047331

0.385006
-0.222259
-0.895752
-3.98756
3.52715

-0.904767
-0.425907
0
0.988045
0.000574052

0.119065
0.63373
0.764336
0.850213
0.00120781

-0.206738
0.537209
0.81772
0.814929
0.00260901

0.206738
-0.537209
-0.81772
-1.13043
0.336557

0.693513
0.0531669
0.71848
0.611928
0.0082179

-0.693513
-0.0531669
-0.71848
0.104305
0.0434077

-0.764362
-0.40013
0.505615
0.263899
0.0975677

0.168894
-0.396717
0.90227
0.907425
0.00198728

-0.35161
0.629103
0.693254
0.785052
0.00299471

0.35161
-0.629103
-0.693254
-0.617106
0.166393

-0.324673
0.569939
0.754823
0.69239
0.014499

0.324673
-0.569939
-0.754823
-3.73428
3.42841

0.950558
-0.141339
-0.276518
-0.378834
0.129921

-0.950558
0.141339
0.276518
0.635876
0.00907307

-0.541891
0.224703
0.809853
0.81303
0.00113233

0.541891
-0.224703
-0.809853
0.436767
0.00982024

-0.00149025
-0.564227
-0.825618
-0.954667
0.292674

0.00149025
0.564227
0.825618
0.743145
0.00505751

-0.714616
0.64474
-0.271357
-0.953747
0.483764

0.714616
-0.64474
0.271357
-0.00930262
0.12911

0.521474
0.853267
0
0.677455
0.00384705

0.234495
0.301826
-0.924074
-1.7144
0.694326

-0.234495
-0.301826
0.924074
0.766441
0.00516843

0.48441
-0.0833494
0.870862
0.870091
0.00140278

-0.428283
0.322304
0.844212
0.934857
0.000687012

0.428283
-0.322304
-0.844212
-6.04588
8.01646

-0.0443435
0.48587
-0.872906
-9.7269
35.7459

0.0443435
-0.48587
0.872906
0.570922
0.0572421

-0.0473005
0.862875
-0.5032
-2.99617
2.19563

0.0473005
-0.862875
0.5032
0.667477
0.0152497

-0.00831843
0.940375
0.340038
0.610258
0.0147547

0.128445
0.424952
-0.896057
-1.28483
0.459153

-0.128445
-0.424952
0.896057
0.716719
0.00718008

-0.179563
-0.763587
-0.620235
-1.12529
0.336061

0.511239
-0.723237
-0.464288
0.530474
0.0137363

-0.260275
-0.415957
0.871342
0.950428
0.00043473

0.438423
0.0558958
0.897029
0.462209
0.0250602

-0.438423
-0.0558958
-0.897029
-0.571959
0.212621

-0.417651
-0.873975
-0.248465
0.473406
0.0415655

0.417651
0.873975
0.248465
-2.74466
2.10101

-0.98501
-0.150999
-0.0833936
0.182912
0.0239588

0.98501
0.150999
0.0833936
0.847391
0.000844341

0.147949
-0.0153403
-0.988876
0.886953
0.00414737

-0.147949
0.0153403
0.988876
-13.1806
64.2028

0.109196
-0.213623
-0.970794
0.82488
0.00215095

0.140212
0.734858
0.663569
0.821126
0.00625502

-0.140212
-0.734858
-0.663569
-6.42879
10.7855

0.427845
0.123582
-0.895364
-6.52353
10.8427

-0.427845
-0.123582
0.895364
0.851219
0.00424305

-0.5021
0.86481
0
0.00982463
0.0739385

0.5021
-0.86481
0
0.272524
0.039951

0.240272
0.900596
0.36221
-0.244791
0.090639

-0.240272
-0.900596
-0.36221
0.716449
0.0047207

0.296412
-0.101788
-0.94962
-9.15575
23.4111

-0.296412
0.101788
0.94962
0.924153
0.00134737

-0.0651146
-0.811255
-0.581055
0.767017
0.00480283

0.0651146
0.811255
0.581055
-1.46087
0.530966

-0.482342
-0.812473
-0.327466
0.966768
0.000111938

-0.725297
0.340583
0.598288
0.931373
0.000485488

0.486656
0.825548
0.28572
0.665776
0.0185364

0.460389
0.792786
-0.399414
0.419362
0.0175938

-0.460389
-0.792786
0.399414
0.401359
0.0186999

0.665893
-0.11483
-0.737157
0.257367
0.0361738

-0.665893
0.11483
0.737157
0.257367
0.0361738

0.261755
-0.0436274
0.964148
0.53045
0.0175309

-0.340339
-0.378471
0.860772
-8.05305
22.3164

0.340339
0.378471
-0.860772
0.566799
0.0512864

-0.378039
-0.527557
0.76077
0.795213
0.0104693

0.378039
0.527557
-0.76077
-8.62915
22.9896

-0.375049
-0.749092
-0.546077
0.278687
0.0302817

0.375049
0.749092
0.546077
0.400013
0.0209526

-0.340812
-0.122305
-0.932142
0.857903
0.00219566

0.340812
0.122305
0.932142
-2.80759
1.57634

0.27958
-0.592123
-0.755795
-0.0411427
0.0584839

-0.27958
0.592123
0.755795
0.690239
0.00517902

0.0150125
0.324726
0.945689
0.983701
1.10191e-05

-0.109282
0.69333
0.712286
0.489194
0.0169723

0.109282
-0.69333
-0.712286
-0.00118029
0.0649024

0.627488
-0.363348
0.688648
0.723502
0.00102284

0.145712
0.531226
0.834606
0.573883
0.080511

-0.145712
-0.531226
-0.834606
-15.6452
122.58

-0.472815
-0.0221327
-0.880884
-0.605237
0.249274

0.472815
0.0221327
0.880884
0.302683
0.047086

0.625405
-0.242271
0.741737
-9.27621
23.4921

-0.625405
0.242271
-0.741737
0.944207
0.000711197

0.798203
0.5272
0.291432
0.605227
0.0104546

-0.798203
-0.5272
-0.291432
-0.271784
0.108355

-0.256005
0.468844
0.845368
0.82966
0.000726746

0.110908
-0.156177
0.981483
-0.430254
0.568647

-0.110908
0.156177
-0.981483
-4.72102
9.08822

-0.595345
0.0803441
-0.799443
-1.89765
0.807405

0.595345
-0.0803441
0.799443
0.789963
0.00431846

-0.551784
-0.184657
0.813287
0.772118
0.00327857

-0.0583539
-0.372354
0.926254
0.840096
0.0103275

0.0583539
0.372354
-0.926254
-16.6295
125.279

-0.732197
0.0171069
0.680878
-17.797
126.915

0.732197
-0.0171069
-0.680878
0.986082
7.35288e-05

0.448885
0.583692
0.676613
0.777502
0.00125041

0.528226
-0.590368
0.610281
0.524285
0.0131818

0.721555
0.664277
0.195176
0.51162
0.0216209

0.557295
-0.637649
-0.531813
0.306542
0.0208403

-0.557295
0.637649
0.531813
0.672234
0.00466326

-0.819531
-0.0113225
0.572923
-0.387534
0.0880326

-0.56954
-0.613495
0.547036
-0.131628
0.0976673

0.56954
0.613495
-0.547036
0.363456
0.0309538

-0.0850261
0.651216
-0.754115
0.348753
0.01807

0.0850261
-0.651216
0.754115
0.663565
0.00487911

0.436676
0.387561
-0.811856
-0.394158
0.217751

0.259754
0.37889
-0.88824
-4.50687
5.60462

-0.259754
-0.37889
0.88824
0.583543
0.0321001

-0.765698
-0.6432
0
0.295089
0.0645025

0.765698
0.6432
0
-1.13206
0.520769

-0.501418
-0.481835
0.71862
0.723949
0.00300058

0.501418
0.481835
-0.71862
0.361751
0.0157752

-0.858571
-0.0913743
-0.504486
-5.20898
7.57032

0.858571
0.0913743
0.504486
0.630636
0.0268447

0.762042
0.239903
0.601447
-2.46992
1.98119

-0.762042
-0.239903
-0.601447
0.187585
0.108741

-0.299395
-0.806909
0.509175
0.337122
0.0213409

0.299395
0.806909
-0.509175
0.553724
0.009696

-0.252544
0.17562
-0.951514
0.715052
0.00796573

0.888514
0.45885
0
0.80875
0.0167941

0.71835
-0.275521
-0.638797
0.322514
0.0605239

-0.71835
0.275521
0.638797
-1.70997
0.966365

-0.13677
0.0725567
0.987942
0.96034
0.000123552

0.35575
0.585603
0.728361
0.744153
0.00276876

-0.814187
-0.580602
0
0.131985
0.0343796

0.523608
-0.608261
0.596535
-0.115074
0.185933

-0.523608
0.608261
-0.596535
-1.42167
0.876921

0.87167
0.490094
0
0.691002
0.00307704

-0.0109439
-0.969261
-0.245792
-0.176893
0.126423

0.0109439
0.969261
0.245792
0.0989383
0.0741151

-0.960704
-0.277575
0
-3.79288
4.04811

0.960704
0.277575
0
0.436594
0.06523

-0.588051
-0.554654
-0.588688
0.859597
0.000911879

-0.355288
0.419706
0.835235
0.771562
0.00292954

-0.18221
0.524866
-0.831454
-3.75715
4.14866

0.18221
-0.524866
0.831454
0.407412
0.0645952

-0.208711
0.0368312
0.977284
0.445162
0.116195

0.208711
-0.0368312
-0.977284
-11.7835
61.5168

0.844895
0.508284
0.166733
-22.9485
298.525

-0.844895
-0.508284
-0.166733
0.86529
0.00944773

0.806114
0.278578
-0.522086
0.775499
0.00294105

-0.806114
-0.278578
0.522086
-0.375206
0.109181

-0.47774
-0.544086
0.689735
0.743101
0.0102797

0.47774
0.544086
-0.689735
-3.44776
2.73845

0.148664
-0.113179
-0.98239
-36.3296
1014.81

-0.148664
0.113179
0.98239
0.955613
0.00143774

0.156663
0.795034
0.585984
0.667251
0.00746408

-0.156663
-0.795034
-0.585984
-0.403916
0.131919

-0.800006
-0.599991
0
0.687907
0.0571465

-0.23947
0.246456
-0.939103
-2.37593
0.985662

0.23947
-0.246456
0.939103
0.930108
0.000459442

-0.353964
-0.646674
0.675664
0.673824
0.0154633

0.353964
0.646674
-0.675664
-3.32848
2.71942

0.944315
0.0395701
-0.326654
0.923379
0.000568875

-0.944315
-0.0395701
0.326654
-2.75442
1.35409

-0.799565
0.57181
-0.183655
0.0591701
0.0702391

0.799565
-0.57181
0.183655
0.142753
0.058315

-0.375037
-0.445101
0.813162
0.971861
1.78228e-05

0.375037
0.445101
-0.813162
0.227943
0.0130868

0.652439
-0.641868
-0.402902
0.623302
0.0102272

-0.652439
0.641868
0.402902
-0.464044
0.154061

0.693626
-0.0239204
-0.719938
-0.0930579
0.0877408

-0.693626
0.0239204
0.719938
0.428028
0.0254288

0.946624
0.288238
-0.144299
-0.88166
0.561832

-0.946624
-0.288238
0.144299
-0.714494
0.466442

-0.382514
0.720297
0.578668
0.662015
0.00440906

0.382514
-0.720297
-0.578668
0.461284
0.0111358

-0.452481
0.655141
-0.605022
-0.805081
0.27551

0.452481
-0.655141
0.605022
0.592026
0.0140816

-0.275615
-0.50372
0.81872
0.722488
0.011605

0.275615
0.50372
-0.81872
-3.78832
3.45144

-0.316216
0.0896433
0.944442
0.898176
0.0021321

-0.234101
0.424012
0.874878
0.87108
0.00242763

0.234101
-0.424012
-0.874878
-4.58743
4.55559

-0.554079
-0.0100929
-0.832403
-1.26456
0.500425

0.554079
0.0100929
0.832403
0.598525
0.0158687

0.686003
-0.526134
0.502576
0.314567
0.0187754

-0.686003
0.526134
-0.502576
0.725331
0.00301777

-0.212342
0.977196
0
0.884984
0.000209525

-0.536052
-0.813272
-0.226357
0.708734
0.0251134

0.536052
0.813272
0.226357
-10.0761
36.3036

0.539896
0.63594
-0.551446
-0.628787
0.122313

-0.539896
-0.63594
0.551446
0.943984
0.000308043

-0.580941
0.813946
0
0.994126
2.20026e-05

-0.290042
0.723716
0.626188
0.306877
0.0590396

0.290042
-0.723716
-0.626188
-1.39056
0.700896

0.407892
0.36348
-0.83756
-23.0656
298.767

-0.407892
-0.36348
0.83756
0.882861
0.00712856

0.299809
-0.088447
0.94989
0.944419
0.000181047

-0.299809
0.088447
-0.94989
-0.773442
0.154026

-0.267223
0.87765
-0.397896
0.212597
0.0450033

0.267223
-0.87765
0.397896
0.142642
0.0533547

-0.877828
0.0901947
0.470407
0.75952
0.0167784

0.877828
-0.0901947
-0.470407
-10.229
36.5133

-0.139598
0.653346
-0.744077
0.91606
0.000123676

0.139598
-0.653346
0.744077
0.655227
0.00199566

0.586579
-0.732208
-0.346117
0.301051
0.128536

-0.586579
0.732208
0.346117
-6.38264
14.339

-0.376251
-0.455958
0.806559
0.876968
0.00224358

0.0969071
0.390946
0.915298
0.918423
0.000215721

0.37307
0.346061
0.860849
0.637059
0.0146918

0.316078
-0.686039
0.655321
0.892953
0.00864155

-0.316078
0.686039
-0.655321
-35.6364
1011.85

-0.76305
0.609666
0.214621
0.156504
0.033792

0.76305
-0.609666
-0.214621
0.689846
0.00457434

-0.269913
0.928005
0.256815
-0.0239123
0.0377839

0.269913
-0.928005
-0.256815
0.907529
0.000311569

0.29112
0.0719063
-0.953981
0.667913
0.0291291

-0.29112
-0.0719063
0.953981
-8.27809
22.5981

-0.546859
0.343226
-0.763637
0.993253
1.85031e-05

0.362311
0.431076
0.826381
0.90848
0.00139392

-0.887665
-0.296534
-0.352305
-0.127397
0.0754547

0.887665
0.296534
0.352305
0.650274
0.00726543

-0.452046
0.60645
-0.654119
-1.93412
1.31388

0.452046
-0.60645
0.654119
0.117626
0.118986

0.693908
0.624144
0.359075
-0.354186
0.21207

-0.693908
-0.624144
-0.359075
-0.265414
0.185184

-0.288211
0.0560411
0.955926
0.930345
0.0015057

0.280745
0.63942
0.715768
-2.21807
2.94289

-0.280745
-0.63942
-0.715768
-2.21807
2.94289

0.383762
-0.203669
0.900692
0.51777
0.0230898

-0.383762
0.203669
-0.900692
-1.08631
0.428737

-0.243033
0.258402
0.934967
0.582596
0.0146063

0.243033
-0.258402
-0.934967
-0.72574
0.24678

0.347712
-0.628949
0.695356
0.566713
0.0258034

-0.347712
0.628949
-0.695356
-2.58142
1.75523

-0.393669
-0.829379
0.396429
0.924153
0.00131408

0.805061
0.518399
-0.288339
-0.152248
0.131281

0.596589
-0.219134
0.77205
0.0923363
0.0784975

0.486689
-0.458184
-0.743775
-0.0765909
0.0551184

0.532036
0.824928
-0.19087
0.848979
0.00100083

-0.532036
-0.824928
0.19087
-0.105744
0.0536145

-0.453897
0.105038
0.884842
0.842094
0.00481445

0.230912
0.687631
0.688363
0.451392
0.0255209

-0.230912
-0.687631
-0.688363
-0.504922
0.191283

-0.359374
-0.707972
-0.607969
-0.0753765
0.0629138

0.359374
0.707972
0.607969
0.700101
0.00490525

-0.635856
-0.753958
0.165032
0.984521
3.9654e-05

0.392874
-0.0454985
-0.918466
-0.106292
0.0744858

-0.229461
-0.876919
-0.422328
0.371496
0.040299

-0.757974
0.403245
-0.512707
-0.681276
0.170864

0.757974
-0.403245
0.512707
0.835812
0.00165335

-0.0385767
0.225241
0.973539
0.773674
0.0213723

0.0385767
-0.225241
-0.973539
-16.3281
124.521

0.541301
0.0223056
0.840533
0.854147
0.00104784

-0.541301
-0.0223056
-0.840533
-0.221229
0.0695653

-0.609246
0.758195
0.232294
0.210534
0.0384336

0.609246
-0.758195
-0.232294
0.386752
0.0231953

0.00509158
0.564255
0.825585
0.755791
0.00201531

-0.00509158
-0.564255
-0.825585
0.443172
0.0104565

-0.0369442
-0.755704
0.653871
0.705536
0.0124437

0.39453
-0.158287
-0.905147
-0.697811
0.261962

-0.39453
0.158287
0.905147
0.451034
0.0275738

0.516158
-0.720761
0.462694
0.478763
0.0290662

-0.516158
0.720761
-0.462694
-1.2702
0.551122

0.373988
-0.676937
-0.633948
0.52391
0.0156424

-0.22872
0.304247
0.924728
-0.373046
0.288816

0.22872
-0.304247
-0.924728
-1.14537
0.704476

-0.951943
-0.19665
-0.234806
-0.542964
0.171266

0.951943
0.19665
0.234806
0.65593
0.00852539

0.706724
0.707489
0
-0.711269
0.227951

-0.706724
-0.707489
0
0.644348
0.00984713

-0.881253
-0.240023
0.407163
-0.0833738
0.123414

0.881253
0.240023
-0.407163
-0.303195
0.178551

0.904026
0.240522
0.353392
0.931316
0.000428939

-0.904026
-0.240522
-0.353392
-1.78102
0.567002

0.198787
0.273291
-0.941167
-10.8286
37.163

-0.198787
-0.273291
0.941167
0.907909
0.00230216

0.29238
0.218683
0.930963
0.840294
0.0032176

-0.29238
-0.218683
-0.930963
-3.31845
2.29289

-0.343174
-0.67975
0.648207
0.412802
0.0283589

0.343174
0.67975
-0.648207
-0.373517
0.15511

-0.704405
0.105806
-0.701868
-2.40736
1.47428

0.704405
-0.105806
0.701868
0.621402
0.0183027

-0.0512323
0.413633
-0.909001
0.510292
0.0271354

0.0512323
-0.413633
0.909001
-1.55846
0.740594

0.274793
-0.898624
0.342001
-1.85816
1.00813

-0.274793
0.898624
-0.342001
0.490471
0.0320692

-0.254615
-0.948295
-0.189493
0.618597
0.0107303

0.254615
0.948295
0.189493
-0.512152
0.168494

0.109506
-0.907544
0.405429
0.878235
0.00103901

-0.109506
0.907544
-0.405429
-1.2365
0.346607

-0.1506
0.689628
0.708331
0.761625
0.00455248

-0.506735
-0.0538354
0.860419
0.966586
0.000303955

0.506735
0.0538354
-0.860419
-1.2974
0.292243

0.00688688
0.497073
0.867681
0.75952
0.0168473

-0.00688688
-0.497073
-0.867681
-10.229
36.4964

-0.957191
-0.157895
-0.242598
0.784341
0.00327058

0.957191
0.157895
0.242598
-0.858344
0.242341

0.498429
-0.364162
-0.786737
-4.65601
4.57779

-0.498429
0.364162
0.786737
0.892395
0.00166693

-0.864082
0.209225
0.457808
0.571326
0.00520518

0.864082
-0.209225
-0.457808
0.770058
0.00150109

-0.600009
0.771143
0.212903
0.0106245
0.0215608

0.600009
-0.771143
-0.212903
0.992984
1.27766e-06

-0.344101
-0.762552
0.547822
0.806564
0.0061936

0.344101
0.762552
-0.547822
-4.94857
5.84912

0.247907
0.829608
-0.500292
-0.253355
0.101395

-0.247907
-0.829608
0.500292
0.633789
0.00869601

-0.260818
-0.314667
0.912665
0.899569
0.000524268

0.58441
-0.337613
-0.737891
0.109107
0.0555679

-0.58441
0.337613
0.737891
0.302833
0.0340793

-0.839678
-0.317748
-0.440429
-2.10255
1.21062

0.839678
0.317748
0.440429
0.54494
0.0260901

0.725212
0.243345
-0.644089
-2.24331
1.09864

-0.725212
-0.243345
0.644089
0.791853
0.00457451

-0.198086
0.467256
0.861646
0.957992
0.000387068

0.927188
-0.128431
-0.351891
0.916243
0.000386531

-0.768823
-0.275483
0.577079
0.195485
0.101175

0.768823
0.275483
-0.577079
-2.21809
1.6186

-0.353509
-0.297439
0.886883
-0.319026
0.0461629

-0.0375678
-0.957504
0.285963
-7.98298
15.7409

0.0375678
0.957504
-0.285963
0.949841
0.00049521

-0.520112
0.415283
-0.74634
-0.537493
0.12695

0.520112
-0.415283
0.74634
0.872439
0.00152106

-0.272971
-0.0120846
0.961946
0.977922
3.5392e-05

0.709131
0.360361
-0.606031
0.349315
0.0478446

-0.709131
-0.360361
0.606031
-1.16979
0.530878

0.413477
0.845826
0.337068
0.402738
0.0143324

-0.413477
-0.845826
-0.337068
0.666299
0.00448434

-0.485029
0.615499
0.621215
0.786706
0.00264189

0.485029
-0.615499
-0.621215
-0.386945
0.109902

0.447921
0.207573
0.869644
0.773568
0.00865647

-0.843138
-0.537698
0
0.436309
0.0158683

0.843138
0.537698
0
0.452299
0.0149914

0.70717
-0.627927
-0.32499
-0.457207
0.120967

-0.70717
0.627927
0.32499
0.812188
0.00218105

0.324739
-0.326738
-0.887574
-3.97891
4.27704

-0.324739
0.326738
0.887574
0.57349
0.0315741

0.123023
0.0749563
0.989569
0.677982
0.00540172

0.878813
0.456956
0.137399
0.465184
0.0230078

-0.519022
0.760595
-0.390015
0.261336
0.0478614

0.519022
-0.760595
0.390015
-0.293941
0.146843

0.385909
-0.706451
0.593296
-36.1865
1014.34

-0.385909
0.706451
-0.593296
0.94499
0.00222017

0.845478
0.534011
0
-0.901593
0.519556

0.584076
0.0611897
-0.809389
0.864695
0.001072

-0.584076
-0.0611897
0.809389
-0.619317
0.146416

0.469386
-0.784933
0.404421
0.705777
0.0199398

-0.469386
0.784933
-0.404421
-7.10955
15.1428

-0.631466
0.665909
0.397261
0.444527
0.0324583

0.631466
-0.665909
-0.397261
-1.13027
0.4768

0.791194
0.537979
0.290843
0.991962
3.8459e-06

-0.175688
0.648661
0.740522
-3.75715
4.14924

0.175688
-0.648661
-0.740522
0.407412
0.0645586

-0.192863
-0.814398
0.547321
0.448959
0.0309438

0.192863
0.814398
-0.547321
-1.03135
0.419508

0.887654
0.115629
0.445757
0.9583
0.000142008

0.981371
-0.0862629
0.171667
0.921081
0.000384103

-0.981371
0.0862629
-0.171667
-1.16145
0.287089

-0.0284559
0.947977
0.317064
0.0264668
0.59936

0.0284559
-0.947977
-0.317064
-20.2015
284.234

0.194406
0.110203
0.974711
-0.0717193
0.0927366

-0.194406
-0.110203
-0.974711
0.229639
0.0479473

0.718488
0.634492
0.284947
-0.561864
0.388451

-0.718488
-0.634492
-0.284947
-1.06554
0.679355

-0.112755
0.916515
-0.38378
-0.314387
0.0656713

0.112755
-0.916515
0.38378
0.947851
0.000104507

0.26499
-0.0628558
0.9622
0.961937
0.000206981

-0.26499
0.0628558
-0.9622
-5.52298
6.05352

0.663977
-0.707275
-0.242685
0.13243
0.0590295

-0.663977
0.707275
0.242685
0.091611
0.0647134

-0.442178
0.606868
0.660447
0.426512
0.0217384

0.442178
-0.606868
-0.660447
0.0565662
0.0586677

-0.00510264
-0.222826
0.974845
0.981611
5.0795e-05

0.0518991
0.352186
-0.93449
0.437601
0.0147426

0.291123
-0.35449
-0.888586
-0.523192
0.159047

-0.291123
0.35449
0.888586
0.693308
0.00647753

-0.139895
-0.0248699
-0.989854
0.990997
2.00438e-05

0.164422
-0.441215
-0.88221
-13.4437
64.5516

-0.164422
0.441215
0.88221
0.930345
0.00150953

0.5885
-0.159311
-0.792646
0.920786
0.000580147

-0.5885
0.159311
0.792646
-2.34678
0.982457

0.482127
-0.636921
-0.601569
-1.04753
0.356096

-0.482127
0.636921
0.601569
0.677197
0.0088532

0.427845
-0.836157
0.343207
-1.50245
0.441721

-0.427845
0.836157
-0.343207
0.912445
0.000546827

0.769115
-0.539208
-0.3431
0.85295
0.00706915

-0.769115
0.539208
0.3431
-13.0113
64.0107

0.333683
-0.720257
-0.608182
0.228048
0.0300725

-0.333683
0.720257
0.608182
0.594243
0.0083112

-0.217695
-0.96346
-0.156055
-1.37732
0.862124

0.217695
0.96346
0.156055
-0.198025
0.219085

-0.274939
-0.53733
0.797298
0.941074
0.000234311

0.274939
0.53733
-0.797298
-1.29546
0.321644

0.73742
-0.651464
-0.178342
0.761654
0.00500646

-0.73742
0.651464
0.178342
-1.45338
0.530005

-0.842889
-0.538087
0
-0.176893
0.126714

0.842889
0.538087
0
0.0989383
0.0744122

0.182033
-0.926196
0.330189
0.81193
0.00299005

-0.182033
0.926196
-0.330189
-1.52848
0.540322

0.262156
0.453238
0.851968
0.888869
0.000189462

-0.262156
-0.453238
-0.851968
0.772749
0.00076586

0.61579
-0.00477694
-0.787896
-10.6463
36.9976

-0.61579
0.00477694
0.787896
0.870955
0.00459087

-0.166895
0.63306
-0.755897
-0.000317335
0.0823299

0.166895
-0.63306
0.755897
0.134394
0.0616531

0.364262
-0.59402
0.717254
0.723986
0.00536235

-0.364262
0.59402
-0.717254
-0.662929
0.193985

-0.11191
0.62181
-0.775131
0.82631
0.00257504

0.11191
-0.62181
0.775131
-1.55226
0.543151

-0.978759
0.0994551
-0.179276
-0.198665
0.30755

-0.0505645
0.273513
-0.960538
-0.532414
0.256788

0.0505645
-0.273513
0.960538
0.0192552
0.105202

-0.739169
-0.62193
-0.258521
-1.40701
0.975397

0.739169
0.62193
0.258521
-0.474246
0.365925

-0.144021
0.26661
0.952983
0.189858
0.069947

0.144021
-0.26661
-0.952983
-0.690308
0.303472

-0.388357
0.827057
-0.406393
0.856974
0.00564583

0.388357
-0.827057
0.406393
-10.5851
36.9484

0.576834
0.567649
0.587399
-1.38594
0.865012

-0.576834
-0.567649
-0.587399
-0.181519
0.212246

0.302416
0.374403
-0.876565
-1.51594
0.538358

-0.302416
-0.374403
0.876565
0.804058
0.00335035

-0.654306
-0.75623
0
0.747684
0.00404358

0.654306
0.75623
0
0.760221
0.00379549

0.665288
-0.123485
0.736304
-4.05143
2.92471

-0.665288
0.123485
-0.736304
0.957146
0.00021137

0.224275
0.698394
0.679667
0.476192
0.0173106

-0.224275
-0.698394
-0.679667
0.0588539
0.0558746

0.259001
-0.616491
0.743544
-3.19541
2.26065

-0.259001
0.616491
-0.743544
0.783294
0.00603922

-0.565552
0.618718
0.545288
0.382257
0.0288458

0.565552
-0.618718
-0.545288
-0.140855
0.0983408

-0.322647
0.236056
0.916611
0.863223
0.00115401

-0.518488
-0.0184513
0.854886
-0.510492
0.235688

0.518488
0.0184513
-0.854886
0.120278
0.0799632

0.711364
0.177133
0.680136
0.0674169
0.0509471

-0.711364
-0.177133
-0.680136
0.555815
0.0116236

0.602834
0.150586
0.783528
0.805718
0.00199689

-0.602834
-0.150586
-0.783528
-0.294616
0.088613

-0.798182
-0.0201875
0.602078
0.454598
0.00962307

0.273212
-0.69855
-0.66135
-0.844284
0.327615

-0.273212
0.69855
0.66135
0.440037
0.0303059

0.209099
0.202488
0.956701
0.998115
7.40147e-07

-0.997506
-0.0705878
0
0.0816694
0.0719357

0.997506
0.0705878
0
-0.0149289
0.0878648

-0.165688
-0.283701
-0.94449
0.250303
0.0382128

0.165688
0.283701
0.94449
0.220016
0.0413454

0.108436
0.805351
-0.582796
-0.892695
0.24539

-0.108436
-0.805351
0.582796
0.810611
0.00249245

0.0742609
-0.624864
0.777194
0.801965
0.00309896

0.0949722
-0.498079
-0.861915
-0.651038
0.168873

-0.0949722
0.498079
0.861915
0.813006
0.00224166

0.796352
-0.557264
0.23512
0.529724
0.012596

0.500622
-0.584217
0.638802
0.698837
0.00681025

-0.500622
0.584217
-0.638802
-0.762787
0.233238

-0.183966
0.0416127
0.982051
0.988427
6.36246e-05

0.183966
-0.0416127
-0.982051
-24.2045
301.094

0.201033
0.473889
0.85733
0.96621
0.000152841

0.367934
0.606669
-0.704682
-2.84949
1.84001

-0.367934
-0.606669
0.704682
0.75171
0.00765762

0.978713
-0.205232
0
0.871817
0.000739815

-0.978713
0.205232
0
0.00258577
0.039049

0.858861
0.0161586
0.511954
-0.278227
0.108871

-0.858861
-0.0161586
-0.511954
0.614326
0.00995465

0.598014
-0.555365
0.577883
0.498482
0.0566911

0.71767
0.318873
0.619088
0.398821
0.0504685

-0.71767
-0.318873
-0.619088
-2.16398
1.39712

0.311842
-0.0238637
-0.949834
0.909343
0.000209473

-0.90253
-0.430627
0
0.467782
0.0130051

0.90253
0.430627
0
0.508446
0.0111136

-0.0617445
-0.172886
-0.983005
-0.927883
0.313589

0.144899
0.718193
0.68059
0.614325
0.00999303

0.357845
-0.782036
0.510262
0.860756
0.00158357

0.151195
0.0241615
0.988209
0.991239
7.02765e-06

0.274471
-0.943021
-0.188088
-0.248851
0.119369

-0.274471
0.943021
0.188088
0.436949
0.0243727

-0.519552
0.0854414
-0.850156
0.993378
1.84301e-05

-0.531202
0.430797
-0.729547
0.768939
0.00740879

-0.336863
-0.845654
-0.413996
-1.14351
0.242427

0.336863
0.845654
0.413996
0.965978
6.4588e-05

-0.0351308
-0.519115
0.853982
0.891281
0.00143398

0.0351308
0.519115
-0.853982
-3.45312
2.32633

0.468539
0.443818
0.76387
0.695502
0.0134001

-0.468539
-0.443818
-0.76387
-3.36395
2.73153

-0.741992
0.220199
0.633214
0.445667
0.0184572

-0.439284
0.126195
0.889441
-0.464044
0.15407

0.439284
-0.126195
-0.889441
0.623302
0.0102338

0.321592
0.234325
0.917426
0.892399
0.00215423

-0.321592
-0.234325
-0.917426
-6.6729
10.9232

-0.389486
0.921032
0
-0.170209
0.141968

0.427046
0.0227128
0.903945
0.890153
0.00209118

-0.378373
-0.858897
0.345152
0.225808
0.0271616

0.378373
0.858897
-0.345152
0.687417
0.00444141

0.226
-0.401408
-0.887579
0.346709
0.0582708

-0.226
0.401408
0.887579
-1.91159
1.15258

-0.117222
-0.339944
0.933111
0.88558
0.00516684

-0.755282
0.141492
0.639945
0.946477
0.00108034

0.755282
-0.141492
-0.639945
-17.3183
126.483

0.354322
0.399371
0.845552
0.83153
0.0017673

-0.354322
-0.399371
-0.845552
-0.731489
0.186401

0.982286
-0.0528546
-0.179777
-0.354186
0.212044

-0.982286
0.0528546
0.179777
-0.265414
0.185157

0.215613
0.737056
-0.640515
-0.187953
0.0919151

-0.215613
-0.737056
0.640515
0.59246
0.0108848

-0.538656
-0.606899
-0.5844
-0.409891
0.16915

0.538656
0.606899
0.5844
0.385853
0.0321682

0.837277
-0.146457
0.526799
0.475605
0.0103096

-0.837277
0.146457
-0.526799
0.667638
0.00416208

-0.453856
0.676639
-0.579805
0.771723
0.00820612

0.453856
-0.676639
0.579805
-4.33281
4.45387

-0.1752
-0.00824537
0.984498
0.752456
0.0485052

0.1752
0.00824537
-0.984498
-34.6462
1005.46

0.450298
-0.569898
-0.687349
0.883565
0.000965001

-0.450298
0.569898
0.687349
-1.24686
0.34745

-0.063316
0.776276
-0.627205
0.0525278
0.0563387

0.063316
-0.776276
0.627205
0.489023
0.0164429

-0.0912971
-0.261195
0.960959
0.0436859
0.121996

0.0912971
0.261195
-0.960959
-1.22055
0.657342

0.02111
0.419002
0.90774
0.948473
0.000536597

-0.02111
-0.419002
-0.90774
-0.73359
0.144233

0.119908
-0.612868
-0.781034
-2.21809
1.61847

-0.119908
0.612868
0.781034
0.195485
0.101209

0.269441
-0.438459
-0.857412
-1.24754
0.664394

-0.269441
0.438459
0.857412
0.0898361
0.1092

-0.0851306
-0.124193
-0.988599
-0.813908
0.16674

0.0851306
0.124193
0.988599
0.939426
0.000194705

-0.798746
0.436724
0.413858
0.785727
0.00174074

0.0852408
-0.037503
-0.995654
0.692773
0.0330489

0.29209
0.388561
-0.873901
-0.846262
0.30408

-0.29209
-0.388561
0.873901
0.549416
0.0206952

0.920533
0.104068
-0.376548
-1.4825
0.803897

-0.920533
-0.104068
0.376548
0.23379
0.0766262

0.165302
-0.224425
0.960369
0.955727
0.000127816

0.455443
-0.587898
0.668541
0.595387
0.00380518

-0.849639
-0.527364
0
0.609931
0.04584

0.849639
0.527364
0
-6.89891
14.2383

0.0891125
-0.506938
0.857364
-0.136429
0.155544

-0.0891125
0.506938
-0.857364
-0.615555
0.314272

-0.314946
0.452001
-0.834568
-0.804073
0.205435

0.314946
-0.452001
0.834568
0.840546
0.00166687

-0.954031
-0.299709
0
0.400216
0.0328721

0.954031
0.299709
0
-0.149881
0.105937

-0.221274
-0.760633
-0.610307
-2.61262
1.53125

0.221274
0.760633
0.610307
0.760318
0.00675296

0.0464181
-0.811179
-0.582953
-0.493024
0.23318

-0.0464181
0.811179
0.582953
0.0828083
0.0880725

-0.439848
-0.850224
-0.289229
-0.176893
0.12643

0.439848
0.850224
0.289229
0.0989383
0.0741222

-0.0376554
-0.948836
0.313517
0.349078
0.0302867

0.0376554
0.948836
-0.313517
0.0365866
0.0658951

-0.31806
-0.474358
0.820867
0.296894
0.0519199

-0.646484
-0.451534
0.61496
0.646502
0.00932261

0.0466151
0.277281
-0.959657
0.906487
0.00206841

0.77143
0.219032
-0.597429
-2.25592
1.42746

-0.77143
-0.219032
0.597429
0.491095
0.0349669

-0.716878
-0.0247089
0.696761
0.473748
0.0319546

0.716878
0.0247089
-0.696761
-1.52505
0.732824

0.456005
0.265768
-0.849369
0.940633
0.000193631

-0.456005
-0.265768
0.849369
-0.932842
0.198507

-0.511326
-0.0861469
-0.855058
-0.421335
0.075889

0.511326
0.0861469
0.855058
0.965346
6.02536e-05

0.333115
0.741669
0.582204
0.745383
0.00649228

-0.333115
-0.741669
-0.582204
-1.82907
0.795569

0.299641
-0.0419079
-0.953131
0.948602
0.000704387

-0.299641
0.0419079
0.953131
-11.0842
37.3621

-0.802203
-0.372075
0.466938
-0.159971
0.190419

0.802203
0.372075
-0.466938
-1.11243
0.627754

-0.763877
0.00702598
0.645324
0.721856
0.00219413

0.763877
-0.00702598
-0.645324
0.651309
0.00342574

0.204896
-0.648212
0.733375
0.359545
0.0199739

-0.204896
0.648212
-0.733375
0.531523
0.0106975

0.0382133
-0.0553736
-0.997734
0.682352
0.00504666

-0.0382133
0.0553736
0.997734
0.142677
0.0358739

0.0745453
-0.908417
-0.411366
-1.80956
0.707381

-0.0745453
0.908417
0.411366
0.825065
0.00301813

-0.572671
0.564441
0.59452
0.680977
0.00617609

0.269166
-0.137532
-0.953223
0.961257
5.62486e-05

-0.269166
0.137532
0.953223
-0.347695
0.0664795

-0.554705
0.0176981
-0.831859
0.522633
0.00733651

-0.462638
-0.70891
-0.532365
-6.27248
10.6783

0.462638
0.70891
0.532365
0.764372
0.0112492

0.937252
-0.348651
0
0.613443
0.0211102

-0.937252
0.348651
0
-1.81798
0.872344

0.326016
0.850476
0.4128
0.342854
0.0615252

-0.440784
-0.456373
0.772938
-3.29076
2.28765

0.440784
0.456373
-0.772938
0.828369
0.0036753

-0.133248
0.0409341
-0.990237
-4.47073
4.51131

0.133248
-0.0409341
0.990237
0.829632
0.00439992

0.265072
-0.300411
-0.916237
-1.34672
0.467589

-0.265072
0.300411
0.916237
0.76499
0.00479814

0.959756
0.0531195
0.275767
0.279681
0.0158524

-0.959756
-0.0531195
-0.275767
0.878435
0.000452029

0.026947
0.571289
0.820306
0.814824
0.00522919

-0.026947
-0.571289
-0.820306
-4.43311
4.49759

-0.368204
0.770763
0.519952
0.41736
0.0235915

0.368204
-0.770763
-0.519952
-0.0237962
0.0727136

0.0725196
-0.69804
0.712377
0.820301
0.000941617

-0.738277
-0.135336
0.660781
0.18289
0.0305627

0.949591
0.161779
0.268523
0.893772
0.00118759

0.195902
0.311803
0.929732
0.934077
0.000395374

0.465695
0.056825
-0.883119
-11.0045
37.3357

-0.465695
-0.056825
0.883119
0.937268
0.00102289

0.14701
-0.566953
0.810526
-1.80236
0.635052

-0.14701
0.566953
-0.810526
0.88983
0.000992135

-0.0388952
-0.868647
-0.493903
0.0248257
0.0662437

0.0388952
0.868647
0.493903
0.375888
0.027167

-0.204595
0.535331
0.819489
0.698837
0.00691291

0.204595
-0.535331
-0.819489
-0.762787
0.233322

-0.911626
-0.0798127
-0.403196
-0.449483
0.152794

0.911626
0.0798127
0.403196
0.604451
0.011407

-0.359449
-0.289229
0.887211
0.843972
0.00234859

0.796718
-0.489474
-0.354479
-0.461624
0.199118

-0.796718
0.489474
0.354479
0.274469
0.0490907

-0.684616
0.498329
0.531948
-1.70893
0.862706

0.684616
-0.498329
-0.531948
0.50947
0.0283573

-0.870231
0.0472594
-0.490371
0.267872
0.0297047

-0.0245825
-0.612868
0.789803
0.668894
0.00938792

0.0245825
0.612868
-0.789803
-1.03888
0.354971

0.28212
-0.786205
-0.549809
0.866327
0.000423595

-0.28212
0.786205
0.549809
0.577524
0.00406223

0.341332
0.320472
0.883623
0.791494
0.00382469

-0.341332
-0.320472
-0.883623
-0.315225
0.0980401

0.097155
-0.575164
-0.812249
0.10884
0.0432536

0.616599
-0.212889
0.757947
0.247723
0.0511273

-0.616599
0.212889
-0.757947
-0.337382
0.161221

0.410367
0.529411
-0.742511
0.460294
0.00701571

-0.563257
-0.375828
-0.735863
-0.0531874
0.127145

0.563257
0.375828
0.735863
-0.573286
0.283665

0.556473
0.688379
0.465266
-0.0088017
0.121544

-0.556473
-0.688379
-0.465266
-0.757732
0.368957

0.481304
0.479387
-0.733849
-0.765592
0.153657

-0.481304
-0.479387
0.733849
0.941345
0.000188287

-0.10294
-0.947095
-0.303996
0.862025
0.00115034

-0.0530735
0.773304
-0.63181
-6.56682
14.5616

0.0530735
-0.773304
0.63181
0.424166
0.0844591

0.667851
-0.12975
0.732898
0.730262
0.00296053

0.854293
0.389341
0.34438
0.81096
0.00192352

-0.854293
-0.389341
-0.34438
-0.143999
0.0636358

0.0932405
0.981894
-0.164896
-0.953751
0.199483

-0.0932405
-0.981894
0.164896
0.948295
0.000140551

0.879592
0.384918
0.279564
0.812197
0.00214394

-0.909788
-0.210249
-0.357885
-0.0258896
0.0446196

0.909788
0.210249
0.357885
0.840615
0.00108757

0.85774
0.514083
0
0.236789
0.0420006

-0.85774
-0.514083
0
0.133993
0.0540399

-0.481085
-0.585608
-0.652396
0.916414
0.0052295

0.481085
0.585608
0.652396
-35.8615
1012.8

0.250529
-0.380269
-0.890298
0.1329
0.13271

-0.250529
0.380269
0.890298
-2.72056
2.4374

0.504471
0.596699
0.624066
0.588006
0.00602451

0.618973
0.195007
0.760818
-1.04786
0.461212

-0.618973
-0.195007
-0.760818
0.33131
0.0493353

0.394241
0.919007
0
0.163666
0.084277

-0.394241
-0.919007
0
-1.04895
0.505103

-0.448444
0.161392
-0.879119
-7.80551
15.6563

0.448444
-0.161392
0.879119
0.918195
0.00135365

0.540918
0.702841
-0.461977
0.661513
0.0065336

-0.394445
-0.157108
-0.90539
-1.42184
0.525182

0.394445
0.157108
0.90539
0.738227
0.00625298

-0.0536939
-0.993023
0.104989
0.97285
0.000115407

0.0536939
0.993023
-0.104989
-6.27883
8.08224

-0.263116
-0.484492
-0.834289
-0.884556
0.227115

0.263116
0.484492
0.834289
0.851509
0.00146834

-0.567769
-0.41865
0.708781
0.726311
0.00449879

0.567769
0.41865
-0.708781
-0.289647
0.0984173

0.637792
0.35942
0.681204
-15.968
123.626

-0.637792
-0.35942
-0.681204
0.677184
0.0447487

0.747821
0.6639
0
0.639936
0.0426371

0.854901
0.243095
-0.458312
0.244473
0.0450429

-0.854901
-0.243095
0.458312
-0.0431002
0.0858064

-0.637126
-0.532251
-0.557477
-1.11473
0.334982

0.813911
0.346962
0.466011
-13.3274
64.4228

-0.813911
-0.346962
-0.466011
0.912553
0.0024115

0.86851
-0.165772
0.467129
0.640286
0.0180805

0.0231001
0.164339
-0.986133
-0.404876
0.0839547

-0.225191
0.650026
-0.725779
-1.81
0.791938

0.225191
-0.650026
0.725779
0.732004
0.00728157

-0.00588972
0.0363399
0.999322
0.933943
0.00134728

-0.235149
0.101226
0.966674
0.987315
4.68618e-05

0.235149
-0.101226
-0.966674
-14.0104
64.9877

0.897961
0.148283
-0.414341
-0.217413
0.0599189

-0.897961
-0.148283
0.414341
0.912027
0.000321471

-0.259304
0
0.965796
0.953808
0.00013042

0.747455
0.524915
0.407155
0.478377
0.0232512

-0.747455
-0.524915
-0.407155
-0.582775
0.21375

-0.771278
-0.374274
0.514829
0.490852
0.00888172

0.771278
0.374274
-0.514829
0.718479
0.00273582

-0.598198
-0.660738
-0.453415
0.874924
0.000436174

0.598198
0.660738
0.453415
0.412843
0.00933905

-0.798829
-0.236245
0.553228
-0.407985
0.205795

0.798829
0.236245
-0.553228
0.0336051
0.0970505

0.346178
-0.0314111
-0.937643
0.0236189
0.0380643

-0.346178
0.0314111
0.937643
0.853197
0.000867957

-0.99671
0.0810542
0
0.62528
0.00989276

0.99671
-0.0810542
0
-0.416761
0.141038

0.951012
0.164439
0.261794
-4.19044
4.38974

-0.951012
-0.164439
-0.261794
0.701031
0.0145759

-0.00851651
-0.52057
-0.853777
-0.701509
0.161024

0.00851651
0.52057
0.853777
0.884207
0.000751089

0.0316282
-0.546626
0.83678
0.861161
0.00460253

-0.0316282
0.546626
-0.83678
-8.86319
23.2161

0.000162536
-0.49458
-0.869132
-1.01666
0.416973

-0.000162536
0.49458
0.869132
0.429419
0.0335686

-0.157249
0.932205
-0.325985
0.222231
0.0330555

0.157249
-0.932205
0.325985
0.53497
0.0120143

0.132821
-0.624098
0.769974
0.762928
0.00139055

0.809339
-0.220143
0.544526
0.265355
0.0627799

-0.809339
0.220143
-0.544526
-1.11229
0.518827

-0.278441
-0.709222
0.647669
0.977024
0.000383444

0.278441
0.709222
-0.647669
-36.6863
1015.74

-0.262844
-0.790192
0.553632
0.540276
0.0326705

0.262844
0.790192
-0.553632
-3.13752
2.64011

-0.212049
0.924051
-0.318064
-2.26043
1.10242

0.212049
-0.924051
0.318064
0.801483
0.00409848

0.583526
-0.399212
0.707197
0.634012
0.00944794

-0.583526
0.399212
-0.707197
-0.423572
0.141682

-0.813139
-0.157671
0.560309
0.301458
0.0383018

0.813139
0.157671
-0.560309
-0.102696
0.0953207

-0.647895
0.488295
-0.584637
-1.19128
0.445485

0.647895
-0.488295
0.584637
0.63194
0.0126323

-0.345068
-0.9196
0.187786
0.869915
0.000921757

0.345068
0.9196
-0.187786
-0.490511
0.115553

0.946048
0.324028
0
0.243354
0.0368942

-0.946048
-0.324028
0
0.298366
0.0317295

0.475377
0.860608
0.182676
0.810836
0.00208078

-0.475377
-0.860608
-0.182676
-0.499818
0.130592

0.622886
0.0196495
-0.782066
-3.53681
3.33648

-0.622886
-0.0196495
0.782066
0.565352
0.0307713

0.196314
-0.555093
0.80829
-0.115074
0.186124

-0.196314
0.555093
-0.80829
-1.42167
0.876723

-0.53188
0.607611
-0.589841
0.0488478
0.0710964

0.53188
-0.607611
0.589841
0.171436
0.0539738

-0.608601
0.603695
-0.514934
0.118123
0.0427271

0.608601
-0.603695
0.514934
0.587155
0.00939964

-0.148825
0.412537
-0.898701
-6.44574
10.7863

0.148825
-0.412537
0.898701
0.826743
0.005924

-0.439882
0.715597
-0.542609
0.87177
0.000891792

0.439882
-0.715597
0.542609
-0.536479
0.124995

0.310314
0.793824
-0.523018
-2.561
1.74891

-0.310314
-0.793824
0.523018
0.549821
0.0279673

-0.572905
-0.0261375
-0.819205
0.931449
5.33902e-05

0.572905
0.0261375
0.819205
0.798408
0.000451679

-0.915862
0.157705
0.369223
0.786771
0.00478505

0.915862
-0.157705
-0.369223
-2.23447
1.09721

-0.584501
0.661367
0.470055
0.403317
0.0204909

0.584501
-0.661367
-0.470055
0.294046
0.0286656

-0.93949
0.282099
-0.194367
-5.66537
7.85186

0.93949
-0.282099
0.194367
0.832064
0.00498819

0.560832
-0.546734
0.621731
0.527141
0.0251907

-0.560832
0.546734
-0.621731
-1.57446
0.743994

-0.769253
0.116239
-0.628282
-3.78832
3.45013

0.769253
-0.116239
0.628282
0.722488
0.0116519

0.0733547
-0.724738
-0.685109
-5.57063
7.80104

-0.0733547
0.724738
0.685109
0.797765
0.00739241

-0.539473
-0.338905
0.770786
-1.86481
0.802107

0.539473
0.338905
-0.770786
0.769287
0.0052215

-0.649789
0.0379012
0.759169
0.420413
0.0270898

-0.024556
0.430675
0.902173
-7.61985
21.6967

0.024556
-0.430675
-0.902173
0.324205
0.133437

-0.424141
0.504691
0.751925
0.54494
0.0261701

0.424141
-0.504691
-0.751925
-2.10255
1.21023

0.0660313
-0.780678
0.621435
0.682699
0.0100538

-0.0660313
0.780678
-0.621435
-1.60199
0.674976

-0.54288
-0.579934
-0.607419
-0.525986
0.207075

0.54288
0.579934
0.607419
0.389223
0.0332563

0.749935
-0.0320127
-0.660736
-1.17703
0.371776

-0.749935
0.0320127
0.660736
0.785418
0.00366364

0.616324
0.748777
-0.243882
0.520982
0.0137165

-0.616324
-0.748777
0.243882
0.0856212
0.0499259

-0.403078
0.442726
0.800951
-0.895095
0.335146

0.403078
-0.442726
-0.800951
0.508183
0.0227156

0.615451
0.300804
0.728516
0.905152
0.00113626

-0.615451
-0.300804
-0.728516
-3.83921
2.87909

0.458135
0.614525
0.642239
0.063347
0.0810565

-0.458135
-0.614525
-0.642239
-0.162978
0.124956

0.418624
0.689938
0.590542
0.565352
0.030662

-0.418624
-0.689938
-0.590542
-3.53681
3.33833

-0.737054
0.486289
0.469334
0.0805521
0.0983597

0.737054
-0.486289
-0.469334
-0.802121
0.377627

-0.885657
-0.332109
-0.324523
0.908055
0.00056851

0.885657
0.332109
0.324523
-1.29862
0.351759

0.364803
-0.693911
-0.62081
0.228244
0.0391833

0.66632
-0.164461
0.727304
0.873604
0.00152382

0.622913
-0.0975089
0.77619
-23.5564
300.004

-0.622913
0.0975089
-0.77619
0.942506
0.0016657

0.801205
-0.153778
0.578293
0.894316
0.00355385

-0.374482
-0.569767
0.731525
0.832556
0.0113565

0.89916
0.243746
-0.363455
-2.15497
1.22539

-0.89916
-0.243746
0.363455
0.591116
0.0206106

0.487733
-0.631493
0.602771
0.944178
0.000334958

-0.487733
0.631493
-0.602771
-3.33519
1.94623

-0.848604
-0.529029
0
0.37802
0.0278867

0.848604
0.529029
0
0.0781994
0.0593665

0.144583
0.893901
0.424308
-0.198294
0.0469693

-0.144583
-0.893901
-0.424308
0.964601
4.19357e-05

0.254199
-0.954051
0.158651
-1.21145
0.448589

-0.254199
0.954051
-0.158651
0.651496
0.0111486

0.54244
0.0253173
-0.839713
-1.1946
0.342852

-0.54244
-0.0253173
0.839713
0.855183
0.00149525

-0.645415
0.38212
-0.66138
-0.942617
0.231264

0.645415
-0.38212
0.66138
0.885833
0.000827542

-0.2252
-0.0613323
0.97238
0.950802
0.000193257

0.2252
0.0613323
-0.97238
-1.72331
0.506423

-0.585836
0.0462507
-0.809109
-2.04506
1.19349

0.585836
-0.0462507
0.809109
0.490393
0.0335973

-0.229959
-0.436967
0.869586
0.32437
0.0294173

0.229959
0.436967
-0.869586
0.214233
0.0397861

-0.24843
0.799775
-0.546481
-0.130331
0.0835854

0.24843
-0.799775
0.546481
0.555824
0.0129564

0.745669
-0.223143
-0.627841
0.153622
0.0292757

-0.745669
0.223143
0.627841
0.791832
0.00177154

0.495657
-0.131879
0.858448
0.526536
0.0183883

-0.495657
0.131879
-0.858448
-0.555401
0.196846

-0.827554
-0.561386
0
0.30514
0.028981

0.827554
0.561386
0
0.372889
0.0237158

-0.966893
0.171177
-0.189251
-1.34176
0.564786

0.966893
-0.171177
0.189251
0.558994
0.0200381

0.669791
-0.164377
-0.724127
-0.493024
0.233222

-0.669791
0.164377
0.724127
0.0828083
0.0881286

0.0259925
-0.51503
0.856778
0.864991
0.000708582

-0.0259925
0.51503
-0.856778
0.134965
0.0269863

-0.0222906
0.925754
0.37747
0.425108
0.0103941

0.0222906
-0.925754
-0.37747
0.806256
0.00120036

-0.402744
0.211546
-0.890531
-2.5275
2.72809

0.402744
-0.211546
0.890531
-0.651386
0.598317

0.267581
-0.896313
-0.353587
0.642038
0.0118421

-0.267581
0.896313
0.353587
-1.2016
0.447087

-0.24772
-0.144419
0.958007
0.88558
0.00521308

0.24772
0.144419
-0.958007
-16.8782
125.713

-0.635525
-0.433438
-0.638936
-0.849467
0.168254

0.635525
0.433438
0.638936
0.952654
0.000121804

0.279162
0.640837
-0.71512
-1.10759
0.307604

-0.279162
-0.640837
0.71512
0.853513
0.00149073

0.510447
-0.536245
0.672224
0.657605
0.00564303

-0.510447
0.536245
-0.672224
0.193783
0.0312821

-0.696385
0.371848
-0.613822
0.288637
0.0288305

0.273313
0.801595
0.531738
0.610445
0.0152327

-0.273313
-0.801595
-0.531738
-1.39258
0.574074

0.0824562
0.636095
0.767192
-35.8615
1012.96

-0.0824562
-0.636095
-0.767192
0.916414
0.00521042

0.699451
0.459717
0.547201
0.650751
0.032263

-0.578786
-0.00682956
-0.815451
-11.3574
60.3806

0.578786
0.00682956
0.815451
0.227667
0.236154

0.288388
-0.148534
0.945923
0.974332
5.48871e-05

-0.288388
0.148534
-0.945923
-1.70694
0.455454

-0.595999
0.694657
-0.402787
-0.530762
0.222416

0.595999
-0.694657
0.402787
0.288386
0.0481041

0.0221059
-0.191084
0.981325
0.980051
0.000283953

-0.748699
0.111855
-0.653405
-0.330207
0.126059

0.748699
-0.111855
0.653405
0.568982
0.0132541

-0.619374
0.270814
-0.73691
0.451463
0.0363953

0.619374
-0.270814
0.73691
-1.6549
0.849177

0.719187
0.0317543
-0.694091
0.930428
0.000143738

-0.389627
0.87901
-0.27483
0.585618
0.0101592

0.389627
-0.87901
0.27483
0.000343084
0.0590581

-0.162438
-0.0123946
-0.986641
-5.88387
7.94483

0.162438
0.0123946
0.986641
0.897622
0.00181737

0.0240775
-0.325801
-0.945132
-36.464
1015.28

-0.0240775
0.325801
0.945132
0.964531
0.000910808

-0.904886
-0.425654
0
-1.33647
1.05681

0.904886
0.425654
0
-1.08409
0.845225

-0.266765
0.231247
0.935608
0.942835
0.000297796

-0.363159
0.332743
0.870286
0.661514
0.00655698

0.363159
-0.332743
-0.870286
-0.0756052
0.0659389

-0.110631
0.824276
0.555274
-2.18057
0.750924

0.110631
-0.824276
-0.555274
0.965749
9.34839e-05

-0.140933
0.706116
0.693929
0.660924
0.024408

0.140933
-0.706116
-0.693929
-6.03685
10.502

0.343132
0.79427
-0.501393
-0.117857
0.0916235

-0.343132
-0.79427
0.501393
0.408736
0.0256757

0.498902
-0.521654
-0.692079
-0.247903
0.11913

-0.498902
0.521654
0.692079
0.435247
0.024405

0.00345377
0.382168
0.924086
0.946477
0.00108663

-0.00345377
-0.382168
-0.924086
-17.3183
126.465

-0.329598
-0.196173
0.923516
-0.8299
0.432175

0.329598
0.196173
-0.923516
-0.133963
0.169613

-0.576435
0.216002
0.788077
0.345205
0.031968

0.576435
-0.216002
-0.788077
-0.0532813
0.082473

0.0423505
0.403512
0.913994
0.892508
0.000334684

0.6834
0.135347
-0.717388
0.619444
0.00864804

0.12904
0.171768
0.97665
0.987233
0.000117064

-0.12904
-0.171768
-0.97665
-36.921
1016.33

-0.381414
-0.266843
0.885053
-23.8768
300.551

0.381414
0.266843
-0.885053
0.969728
0.000459553

-0.665844
-0.407036
-0.625279
-9.6007
35.5197

0.665844
0.407036
0.625279
0.513233
0.0750042

0.373098
-0.346057
0.860838
0.853724
0.00862948

-0.306148
-0.0617902
0.949977
-0.611467
0.17718

0.306148
0.0617902
-0.949977
0.729591
0.0050201
