
-0.716375
0.180909
-0.673854
-5.81474
7.92441

0.716375
-0.180909
0.673854
0.878849
0.00250657

0.694566
-0.31676
-0.645942
0.554964
0.0169063

0.312358
-0.51484
-0.798356
-13.2585
64.3186

-0.312358
0.51484
0.798356
0.900982
0.00314017

-0.374507
-0.195214
-0.906441
-36.2618
1014.29

0.374507
0.195214
0.906441
0.950728
0.00179829

-0.790325
-0.263949
-0.552917
-0.342877
0.120019

0.790325
0.263949
0.552917
0.645887
0.0083945

0.412643
0.76003
-0.502076
0.930345
0.0015119

-0.412643
-0.76003
0.502076
-13.4437
64.5484

0.0538457
0.866297
-0.496619
-1.61231
1.18487

-0.0538457
-0.866297
0.496619
-0.427153
0.353741

-0.820326
0.251617
0.51357
0.571854
0.00489385

0.820326
-0.251617
-0.51357
0.798576
0.00108422

0.0125843
-0.875609
-0.482857
0.219587
0.0607953

-0.0125843
0.875609
0.482857
-0.559893
0.242835

-0.928477
-0.371391
0
-1.43209
0.693562

0.928477
0.371391
0
0.361954
0.0634816

0.145812
-0.841362
0.520431
-0.0574381
0.0898308

-0.145812
0.841362
-0.520431
0.225806
0.0481741

0.18241
0.796488
0.576484
-0.168245
0.133069

-0.18241
-0.796488
-0.576484
-0.0420418
0.105873

0.436825
0.628962
0.643111
0.917591
0.00214359

-0.436825
-0.628962
-0.643111
-13.3589
64.448

-0.391496
0.0691626
0.917577
0.782676
0.0039304

0.391496
-0.0691626
-0.917577
-1.26841
0.417174

0.793769
-0.410077
0.449186
-5.53244
6.05422

-0.793769
0.410077
-0.449186
0.963422
0.000194322

0.213122
-0.012041
-0.976951
-0.0141833
0.06553

-0.213122
0.012041
0.976951
0.513914
0.0150593

-0.132281
-0.190143
0.972804
0.975902
1.51752e-05

0.852147
0.344171
-0.394199
0.84445
0.00047627

0.709578
-0.442526
0.548333
0.809365
0.00138663

-0.709578
0.442526
-0.548333
0.201858
0.024293

-0.728193
-0.194297
-0.657255
0.98595
5.05593e-06

0.728193
0.194297
0.657255
0.155429
0.0149661

-0.464105
-0.439566
0.769018
0.356608
0.0450965

0.464105
0.439566
-0.769018
-1.06532
0.464592

-0.0880742
0.307916
-0.947328
-0.793436
0.192258

0.0880742
-0.307916
0.947328
0.87252
0.00202695

-0.435859
-0.131636
0.890336
0.116868
0.166445

0.435859
0.131636
-0.890336
-3.93386
5.19235

0.524104
-0.4909
0.69594
0.627397
0.0107474

-0.0133873
-0.185162
0.982617
0.851509
0.00143006

0.0133873
0.185162
-0.982617
-0.884556
0.227085

-0.174949
0.581974
0.794165
0.916032
0.000626531

0.739641
0.418752
-0.526857
0.982095
1.13998e-05

-0.739641
-0.418752
0.526857
-0.0510293
0.0289689

-0.631923
0.281251
-0.722198
-2.29744
1.44109

0.631923
-0.281251
0.722198
0.529398
0.0293846

-0.801078
-0.144762
-0.580791
0.543058
0.0133626

0.5431
-0.839668
0
0.321489
0.0389029

-0.5431
0.839668
0
-0.276149
0.136836

0.578902
-0.131424
-0.804736
-10.415
36.7535

-0.578902
0.131424
0.804736
0.813969
0.0097796

0.302703
0.466897
0.83089
0.842714
0.00196962

-0.591974
-0.0547802
0.804093
0.809456
0.0056208

-0.541808
0.284782
-0.790787
-2.24331
1.09912

0.541808
-0.284782
0.790787
0.791853
0.00452998

-0.812011
0.0935298
-0.576099
-6.17728
10.6088

0.812011
-0.0935298
0.576099
0.725256
0.0155992

-0.993258
-0.115929
0
-1.88124
0.643618

0.993258
0.115929
0
0.921113
0.000487968

0.0655994
-0.363235
0.929385
0.877406
0.00354863

-0.250893
-0.874837
0.414383
0.716719
0.00708607

0.250893
0.874837
-0.414383
-1.28483
0.459279

0.567898
-0.68075
-0.462678
0.998806
2.52426e-07

-0.113533
-0.0787989
0.990404
0.978251
0.000116737

-0.712435
-0.142053
-0.68721
0.994737
1.33322e-05

-0.069647
0.20506
0.976268
0.830393
0.00291696

0.069647
-0.20506
-0.976268
-2.3151
1.11295

0.390707
0.453004
-0.801334
0.77635
0.00397347

-0.390707
-0.453004
0.801334
-1.16472
0.370404

-0.48559
-0.563917
0.667982
0.0404295
0.0499671

0.48559
0.563917
-0.667982
0.643229
0.00691411

0.261423
-0.26793
0.927293
0.804058
0.00329044

-0.603595
0.795513
-0.0532138
-0.94536
0.31575

0.603595
-0.795513
0.0532138
0.660244
0.0096316

-0.201055
-0.00697411
0.979555
-0.0460426
0.039895

0.201055
0.00697411
-0.979555
0.90876
0.000304522

0.355663
-0.0702479
-0.93197
-1.54656
0.403606

-0.355663
0.0702479
0.93197
0.961293
0.000113527

0.27113
0.379429
0.884603
-1.42904
0.395748

-0.27113
-0.379429
-0.884603
0.923356
0.000429581

-0.370055
-0.0698256
0.926382
0.821646
0.00242953

0.370055
0.0698256
-0.926382
-1.14048
0.337548

-0.447098
0.633206
-0.631786
-0.911005
0.600751

0.447098
-0.633206
0.631786
-0.81527
0.542089

-0.132816
0.462517
0.876606
0.813969
0.00984228

0.132816
-0.462517
-0.876606
-10.415
36.7336

-0.448447
0.776993
0.441787
-0.540278
0.300017

0.448447
-0.776993
-0.441787
-0.32809
0.223072

0.613188
-0.103702
-0.783101
-7.9391
15.7124

-0.613188
0.103702
0.783101
0.94279
0.00066493

0.66629
0.435961
0.604976
0.623671
0.00188328

-0.159829
-0.827173
0.538738
0.975711
3.56402e-05

0.159829
0.827173
-0.538738
-1.00892
0.192153

-0.844235
-0.276768
-0.458985
-0.135793
0.129451

0.844235
0.276768
0.458985
-0.135793
0.129451

-0.0382977
0.0501499
0.998007
0.810611
0.00256138

0.0382977
-0.0501499
-0.998007
-0.892695
0.245431

-0.37925
-0.13793
-0.914956
-16.8782
125.72

0.37925
0.13793
0.914956
0.88558
0.00520776

-0.845529
-0.139838
0.515292
0.906723
0.000369364

0.845529
0.139838
-0.515292
-0.208876
0.0596875

0.703569
-0.710627
0
0.491067
0.0202621

-0.703569
0.710627
0
-0.126559
0.0906739

0.288571
-0.0255489
-0.957118
-2.21809
1.61837

-0.288571
0.0255489
0.957118
0.195485
0.101231

0.579132
-0.563597
0.589037
0.868454
0.000889161

-0.579132
0.563597
-0.589037
-0.447404
0.106878

-0.199164
-0.204669
-0.958355
-0.426931
0.0758394

0.199164
0.204669
0.958355
0.9672
4.05723e-05

-0.501516
-0.527122
0.686021
-2.83987
2.13781

0.501516
0.527122
-0.686021
0.553733
0.0289889

-0.157666
-0.158366
0.974711
0.75804
0.00431812

0.157666
0.158366
-0.974711
-0.896973
0.265115

-0.768615
0.15568
-0.62048
0.661716
0.00413408

0.762287
-0.0716698
0.643259
0.630478
0.00450755

-0.711757
-0.369033
-0.597676
-2.45535
1.48843

0.711757
0.369033
0.597676
0.657544
0.0146877

0.610229
-0.396999
-0.685574
-1.19039
0.40741

-0.610229
0.396999
0.685574
0.722142
0.00662574

0.726125
-0.151646
0.670631
0.784404
0.00541715

-0.0298289
0.163446
-0.986101
-23.767
300.341

0.0298289
-0.163446
0.986101
0.961409
0.000752139

-0.50144
0.512523
-0.697049
-0.38504
0.147079

0.50144
-0.512523
0.697049
0.512588
0.0183086

-0.445718
-0.876683
0.181003
0.0553348
0.0860755

0.445718
0.876683
-0.181003
-0.25262
0.151335

0.0801043
0.565962
0.820531
-0.744599
0.33788

-0.0801043
-0.565962
-0.820531
0.138533
0.082565

0.507248
-0.147548
-0.849075
-7.946
22.1709

-0.507248
0.147548
0.849075
0.512939
0.0659226

-0.687438
-0.0599813
-0.723762
0.779063
0.00124098

0.687438
0.0599813
0.723762
0.667606
0.00275507

0.274793
-0.898624
0.342001
-1.85816
1.00813

-0.274793
0.898624
-0.342001
0.490471
0.0320692

0.252415
0.120608
0.960073
-0.170209
0.311596

-0.252415
-0.120608
-0.960073
-3.68084
4.97761

0.782823
-0.0443847
0.62066
-0.561864
0.388515

-0.782823
0.0443847
-0.62066
-1.06554
0.679342

0.260971
0.0555482
0.963747
-0.0396876
0.199177

-0.260971
-0.0555482
-0.963747
-2.58585
2.36429

-0.846918
-0.46358
0.260429
0.00831187
0.0281622

0.846918
0.46358
-0.260429
0.961055
4.49878e-05

-0.0351583
-0.133983
-0.99036
-0.136429
0.155784

0.0351583
0.133983
0.99036
-0.615555
0.314424

0.3734
-0.127598
-0.918853
0.975148
4.24745e-05

-0.134122
-0.275075
0.952021
0.559593
0.0232626

0.134122
0.275075
-0.952021
-1.92915
1.02675

0.947963
0.0562499
0.313371
-1.54617
1.70866

-0.947963
-0.0562499
-0.313371
-2.46562
3.16544

-0.634501
-0.430962
-0.641623
0.576303
0.0272794

0.634501
0.430962
0.641623
-3.18508
2.66142

0.578332
0.136453
-0.804309
-3.32728
2.2978

-0.578332
-0.136453
0.804309
0.843993
0.00298894

0.316967
-0.723146
-0.61367
0.00519371
0.14593

-0.316967
0.723146
0.61367
-1.50834
0.913497

0.365357
-0.742577
-0.561332
-10.156
36.4172

-0.365357
0.742577
0.561332
0.735953
0.0204135

-0.646177
0.253242
0.719947
0.782162
0.00442626

0.646177
-0.253242
-0.719947
-1.73829
0.698285

0.00629245
0.596531
-0.802565
-0.901138
0.396311

-0.00629245
-0.596531
0.802565
0.257367
0.0604836

0.131491
0.0953514
-0.986721
-1.96973
0.581844

-0.131491
-0.0953514
0.986721
0.979233
2.85258e-05

0.0693018
0.997596
0
-2.16398
1.39709

-0.0693018
-0.997596
0
0.398821
0.0504749

0.111829
-0.0291322
0.9933
0.123317
0.0624651

-0.111829
0.0291322
-0.9933
0.0356971
0.0755686

0.703997
0.436405
0.560302
0.491095
0.034957

-0.703997
-0.436405
-0.560302
-2.25592
1.42752

-0.918988
-0.360597
0.159468
0.576303
0.0272836

0.918988
0.360597
-0.159468
-3.18508
2.66136

0.719149
-0.106138
-0.686702
0.933131
0.00172306

-0.719149
0.106138
0.686702
-17.2051
126.286

0.174222
0.170567
0.969821
0.974293
0.000112037

0.542748
-0.453149
-0.707164
-2.47215
1.71738

-0.542748
0.453149
0.707164
0.471228
0.0398351

0.121389
0.224699
0.966838
0.965039
0.000234733

-0.121389
-0.224699
-0.966838
-8.09047
15.7856

0.257014
-0.93449
0.246316
0.0345771
0.040851

0.404282
0.84034
-0.361087
-0.755311
0.290472

-0.404282
-0.84034
0.361087
0.426837
0.0310016

-0.111393
0.930355
-0.34933
-0.291947
0.0797583

0.113184
-0.306352
0.945165
0.0898361
0.109248

-0.113184
0.306352
-0.945165
-1.24754
0.664367

-0.940334
-0.324708
0.101674
0.775715
0.0026464

-0.124081
-0.474426
-0.871507
0.785683
0.00261403

-0.622881
-0.637667
-0.453211
-2.0873
1.06534

0.622881
0.637667
0.453211
0.690414
0.0107476

0.207243
0.907099
0.366364
0.356608
0.0451225

-0.207243
-0.907099
-0.366364
-1.06532
0.464588

-0.484459
-0.360922
0.796891
0.490393
0.033482

0.484459
0.360922
-0.796891
-2.04506
1.19397

-0.81376
-0.581201
0
0.555815
0.0120683

0.81376
0.581201
0
0.0674169
0.0515876

-0.909307
0.15521
0.386098
0.175824
0.0385497

0.909307
-0.15521
-0.386098
0.513733
0.0134375

0.454515
0.217052
-0.863889
-17.343
126.447

-0.454515
-0.217052
0.863889
0.949188
0.000993439

0.617333
0.492938
0.613117
-5.27111
4.69952

-0.617333
-0.492938
-0.613117
0.995657
3.25308e-06

-0.817013
0.361306
0.449386
0.526938
0.027231

0.875465
0.0454676
0.481137
-0.73524
0.186696

-0.875465
-0.0454676
-0.481137
0.834221
0.00172529

-0.530004
0.475196
0.702342
0.257367
0.0606132

0.530004
-0.475196
-0.702342
-0.901138
0.396337

-0.579109
0.727029
-0.368865
0.947859
0.00102456

0.579109
-0.727029
0.368865
-17.3308
126.498

-0.214933
-0.298812
-0.929793
-1.04044
0.237339

0.214933
0.298812
0.929793
0.931774
0.000300266

-0.16942
0.367598
0.914423
0.641862
0.0116227

0.16942
-0.367598
-0.914423
-1.10274
0.395414

-0.673397
0.554657
-0.488766
0.964244
0.000223942

0.288312
0.0843234
0.953816
-2.33628
0.981964

-0.288312
-0.0843234
-0.953816
0.91726
0.000604661

0.605861
0.405765
-0.684316
-0.14931
0.0847333

-0.605861
-0.405765
0.684316
0.586247
0.0109846

0.264287
0.443248
-0.856553
-1.75461
0.629399

-0.264287
-0.443248
0.856553
0.867829
0.00145531

0.604154
-0.0687516
-0.793896
0.96788
7.99859e-05

-0.604154
0.0687516
0.793896
-1.78999
0.511017

-0.277072
0.466887
0.83979
0.813128
0.00109271

0.277072
-0.466887
-0.83979
0.412026
0.0108065

0.164515
0.342576
0.924974
0.915128
0.00226141

-0.164515
-0.342576
-0.924974
-13.3434
64.4477

-0.316042
0.936465
0.152154
0.257888
0.0347953

0.316042
-0.936465
-0.152154
0.310876
0.0300045

-0.394129
-0.152881
0.90625
0.970409
0.00042545

0.761395
0.353223
-0.543609
0.391158
0.0178688

-0.761395
-0.353223
0.543609
0.514116
0.0113846

0.0129847
0.986443
0.163589
0.337817
0.0219499

-0.0129847
-0.986443
-0.163589
0.52005
0.0115332

-0.310162
0.548638
-0.776399
-1.32151
0.42354

0.310162
-0.548638
0.776399
0.818553
0.00260278

-0.173814
0.826634
-0.535224
-1.2184
0.727063

0.173814
-0.826634
0.535224
-0.217246
0.218997

-0.751153
-0.168501
-0.638261
-1.82165
0.63707

0.751153
0.168501
0.638261
0.89805
0.000856191

0.629535
0.676747
-0.381707
0.153319
0.0576217

-0.629535
-0.676747
0.381707
0.0248803
0.0764166

-0.0831339
0.0188479
-0.99636
-13.9548
64.9616

0.0831339
-0.0188479
0.99636
0.983818
7.63358e-05

-0.078704
0.567322
-0.819726
-0.919938
0.267386

0.078704
-0.567322
0.819726
0.776867
0.0036927

-0.423462
0.508571
-0.74969
-1.12181
0.398115

0.423462
-0.508571
0.74969
0.660511
0.0102899

-0.216419
-0.295569
0.930485
-1.84675
0.573179

0.216419
0.295569
-0.930485
0.951567
0.000191159

-0.398243
0.756327
0.51901
0.50087
0.0181361

0.398243
-0.756327
-0.51901
-0.244365
0.112417

-0.367683
-0.660575
-0.654561
-1.64749
1.06406

0.367683
0.660575
0.654561
-0.0199621
0.158094

0.365318
-0.615901
-0.698004
0.862546
0.000319945

-0.491243
-0.0596769
-0.868976
-0.641874
0.375361

0.509111
-0.426821
0.747415
0.756104
0.00090091

-0.386189
0.0180218
0.922243
0.302854
0.081785

0.386189
-0.0180218
-0.922243
-2.87342
2.51554

-0.634463
0.152317
0.757797
0.777103
0.00465292

0.634463
-0.152317
-0.757797
-1.73049
0.697028

0.0711514
0.0290382
-0.997043
-1.63469
0.943729

-0.0711514
-0.0290382
0.997043
0.223579
0.08229

0.570913
0.438639
-0.694013
-0.590543
0.247271

-0.570913
-0.438639
0.694013
0.276557
0.0512716

0.245775
-0.439655
-0.863885
-5.04361
5.89247

-0.245775
0.439655
0.863885
0.841852
0.00403769

0.865333
0.447335
-0.226032
-1.15565
0.580415

-0.865333
-0.447335
0.226032
0.148302
0.0906214

-0.40021
-0.467078
0.788461
0.105332
0.0581815

-0.63453
-0.489461
-0.598163
-2.56807
1.81615

0.63453
0.489461
0.598163
0.498621
0.0360278

0.174813
-0.135365
-0.975252
-1.348
0.324767

-0.174813
0.135365
0.975252
0.957676
0.000111575

0.695606
0.540737
-0.473008
-10.2961
36.6075

-0.695606
-0.540737
0.473008
0.780065
0.0138846

0.29209
0.388561
-0.873901
-0.846262
0.30408

-0.29209
-0.388561
0.873901
0.549416
0.0206952

-0.011682
-0.733828
0.679234
0.817229
0.00820037

0.011682
0.733828
-0.679234
-8.70179
23.0702

0.418494
0.476095
-0.773431
-10.156
36.415

-0.418494
-0.476095
0.773431
0.735953
0.0204235

-0.03705
-0.793545
-0.607383
0.257888
0.0348941

0.03705
0.793545
0.607383
0.310876
0.0301001

0.22862
0.315647
-0.920924
0.910087
0.000114428

-0.056073
0.70722
0.704767
0.781501
0.00502912

0.056073
-0.70722
-0.704767
-2.22545
1.09553

-0.45984
-0.329974
-0.824417
0.498564
0.0176319

0.45984
0.329974
0.824417
-0.166154
0.0952021

0.799226
0.464306
-0.381652
0.951273
0.000102461

-0.799226
-0.464306
0.381652
-0.486208
0.0914074

0.288396
0.326087
0.900275
0.899181
0.00112297

0.206341
-0.449405
-0.869171
-3.70371
2.84302

-0.206341
0.449405
0.869171
0.859484
0.00260027

-0.0730655
-0.591696
0.802843
0.848623
0.00160156

-0.63206
0.518633
0.575778
0.235783
0.0902856

0.63206
-0.518633
-0.575778
-2.25093
1.63166

-0.486394
0.423201
-0.76441
0.889832
0.00131532

0.486394
-0.423201
0.76441
-2.88863
1.59103

0.738437
-0.269788
0.618001
0.322221
0.021751

-0.0912905
0.408085
0.908368
0.016701
0.12584

0.0912905
-0.408085
-0.908368
-1.08037
0.562116

0.310972
0.356401
-0.881064
0.63222
0.00695186

-0.310972
-0.356401
0.881064
0.172497
0.0347017

-0.475317
-0.554573
-0.683024
-7.19698
15.2152

0.475317
0.554573
0.683024
0.740934
0.0152698

-0.198509
-0.845861
-0.49509
0.299925
0.0452354

0.0913283
-0.179792
-0.979456
0.994627
1.95965e-06

-0.133881
-0.298988
0.944819
0.928427
0.000834954

0.133881
0.298988
-0.944819
-6.0148
8.0056

0.156663
0.795034
0.585984
0.667251
0.00746408

-0.156663
-0.795034
-0.585984
-0.403916
0.131919

0.732603
0.358124
0.578827
0.760978
0.0128271

0.0410146
0.15533
-0.987011
0.987615
6.51293e-06

-0.0410146
-0.15533
0.987011
-0.328944
0.0539102

-0.193062
0.246567
-0.949701
-1.54521
0.664084

0.193062
-0.246567
0.949701
0.633806
0.01392

0.276414
-0.630689
-0.725139
-0.792923
0.295753

-0.276414
0.630689
0.725139
0.480156
0.0248926

0.363272
0.651967
-0.665562
-4.19044
4.38995

-0.363272
-0.651967
0.665562
0.701031
0.0145695

0.57591
0.297535
0.761446
0.693516
0.0279877

-0.57591
-0.297535
-0.761446
-10.0334
36.2376

-0.0167146
-0.611295
-0.791226
-2.40736
1.47494

0.0167146
0.611295
0.791226
0.621402
0.0182175

-0.646209
0.371994
-0.666359
0.826159
0.000708327

0.646209
-0.371994
0.666359
0.658536
0.00264335

0.498789
0.415497
-0.760639
-12.9895
63.9596

-0.498789
-0.415497
0.760639
0.848204
0.00758372

0.0369038
-0.896892
0.440708
-0.659094
0.349226

-0.0369038
0.896892
-0.440708
-0.232979
0.192913

-0.596773
0.569246
0.565528
0.463256
0.0267917

0.246171
0.590752
-0.768383
-1.71457
1.08745

-0.246171
-0.590752
0.768383
0.0847905
0.123828

0.92707
-0.227558
-0.297924
0.98953
8.81024e-06

-0.261661
0.37911
0.887586
0.899696
0.00238077

-0.102731
-0.173031
-0.979544
-17.7645
126.935

0.102731
0.173031
0.979544
0.984235
8.97883e-05

0.104383
0.0788786
0.991404
0.44516
0.115988

0.156826
0.223619
0.961977
0.970009
0.00026769

-0.156826
-0.223619
-0.961977
-13.7809
64.8549

0.420434
0.286488
-0.860906
-17.3998
126.517

-0.420434
-0.286488
0.860906
0.955129
0.000772725

0.126236
0.338416
0.932491
0.967739
0.000226637

0.506224
-0.474247
-0.720296
0.844155
0.00247546

-0.506224
0.474247
0.720296
-2.34313
1.11741

0.254518
0.287653
-0.923296
0.391382
0.0273727

-0.790408
-0.612581
0
0.996099
4.99602e-05

0.790408
0.612581
0
-37.2304
1009.86

-0.745321
-0.0501105
0.66482
0.863866
0.00138155

0.745321
0.0501105
-0.66482
-1.30085
0.384744

0.663411
0.602978
-0.443061
-0.986009
0.411627

-0.663411
-0.602978
0.443061
0.387032
0.0392629

-0.0417039
0.0433192
0.99819
0.826875
0.00334911

-0.102553
-0.620548
-0.777434
-0.473786
0.145711

-0.71886
-0.325548
0.614214
0.509626
0.0162258

0.71886
0.325548
-0.614214
-0.103337
0.0818235

0.256306
-0.899951
0.352697
0.491213
0.0307104

-0.256306
0.899951
-0.352697
-1.69147
0.858515

-0.392667
0.181231
0.901647
-5.74264
17.9417

0.392667
-0.181231
-0.901647
-1.73049
2.94233

-0.0497503
-0.849047
-0.52597
0.902482
0.00255439

0.0497503
0.849047
0.52597
-10.7996
37.1586

-0.215726
-0.553667
-0.80431
-0.985745
0.29594

0.215726
0.553667
0.80431
0.768857
0.00409069

-0.514463
0.435984
0.738408
0.756234
0.00235591

0.324784
0.807527
0.492357
0.906082
0.000488122

-0.324784
-0.807527
-0.492357
-0.741016
0.163208

-0.0964207
0.896674
-0.432064
0.960896
0.000222323

-0.639176
0.105648
-0.76177
0.425087
0.0100797

0.639176
-0.105648
0.76177
0.818358
0.00100741

0.703888
0.592331
0.392027
-1.24063
0.452914

-0.703888
-0.592331
-0.392027
0.678514
0.00934991

-0.735943
0.426899
0.525495
0.466311
0.0166075

0.191052
-0.485759
-0.852958
-7.00082
11.0615

-0.191052
0.485759
0.852958
0.957852
0.000309047

-0.559473
-0.828849
0
0.451034
0.0285155

0.559473
0.828849
0
-0.697811
0.262569

-0.982244
-0.107476
-0.153772
0.682637
0.00555751

0.28378
0.602084
-0.7463
0.929927
0.000430272

-0.28378
-0.602084
0.7463
-2.20397
0.85065

-0.454995
0.00284818
0.890489
0.935244
7.2927e-05

0.602482
0.0376698
0.797243
0.846025
0.0041633

-0.801435
-0.523779
-0.288717
-0.259533
0.0828173

-0.249359
-0.856692
-0.451553
0.974048
0.000328886

0.249359
0.856692
0.451553
-23.9401
300.746

0.244166
0.572538
0.782677
0.556329
0.00257672

0.713967
0.338722
0.612795
0.50179
0.0160065

-0.713967
-0.338722
-0.612795
-0.00774181
0.0652522

-0.14022
-0.328543
0.934022
0.836036
0.00223111

-0.296898
-0.445611
0.84456
0.942496
0.000531684

0.362583
0.33104
-0.871175
0.899697
0.000455256

-0.362583
-0.33104
0.871175
-0.34853
0.0819786

0.691426
0.0543004
-0.720404
-6.61611
10.888

-0.691426
-0.0543004
0.720404
0.877623
0.00284943

0.292611
0.162692
0.94229
-0.874537
0.691682

-0.292611
-0.162692
-0.94229
-1.61367
1.33559

-0.770174
0.357938
0.527932
0.797721
0.00182986

0.770174
-0.357938
-0.527932
0.0370846
0.0408479

-0.498115
0.317028
0.807078
0.869663
0.00403229

0.498115
-0.317028
-0.807078
-8.89761
23.2449

-0.723844
0.0319799
0.689222
0.644348
0.00985529

0.324739
-0.326738
-0.887574
-3.97891
4.27704

-0.324739
0.326738
0.887574
0.57349
0.0315741

0.836537
-0.329796
-0.437539
0.496282
0.0147743

-0.836537
0.329796
0.437539
0.163757
0.0406542

-0.0748286
-0.293339
0.953076
0.950793
4.70531e-05

-0.387391
-0.368994
-0.84485
-8.57616
22.9453

0.387391
0.368994
0.84485
0.778246
0.0123278

0.119476
0.0391865
-0.992064
-0.971073
0.272136

-0.119476
-0.0391865
0.992064
0.815289
0.00241505

0.328519
-0.594055
-0.734285
-2.82409
1.83275

-0.328519
0.594055
0.734285
0.736909
0.00867799

-0.614328
-0.778349
-0.129514
-0.998966
0.234917

0.614328
0.778349
0.129514
0.914014
0.000448376

-0.0352382
-0.109812
-0.993327
0.671428
0.00769153

0.0352382
0.109812
0.993327
-0.556458
0.172453

-0.254462
0.798916
0.544961
0.868884
0.00161201

0.254462
-0.798916
-0.544961
-2.21265
0.964358

0.691153
-0.112441
0.713908
0.652623
0.0202228

-0.691153
0.112441
-0.713908
-4.10453
4.34484

0.36804
-0.876198
0.311164
0.930056
0.000196453

-0.541099
0.305176
0.783633
-0.0531874
0.127151

0.541099
-0.305176
-0.783633
-0.573286
0.283669

-0.0529321
0.909717
-0.411842
0.29915
0.0627318

0.0529321
-0.909717
0.411842
-1.53006
0.816836

-0.0282233
0.0326314
0.999069
0.23379
0.0768741

0.0282233
-0.0326314
-0.999069
-1.4825
0.803583

-0.857491
0.514499
0
0.559921
0.0345915

-0.140425
-0.178286
0.973907
0.972468
2.88276e-05

0.201024
-0.502933
-0.840623
-1.27473
0.41796

-0.201024
0.502933
0.840623
0.787168
0.00374239

0.955414
0.200805
-0.216475
0.091611
0.0647097

-0.955414
-0.200805
0.216475
0.13243
0.0590259

-0.35294
0.897555
-0.264252
-0.243344
0.159888

0.35294
-0.897555
0.264252
-0.101376
0.125465

-0.867369
0.477858
0.139011
-1.32242
0.618701

0.867369
-0.477858
-0.139011
0.392078
0.0423985

0.0390066
-0.243491
0.969118
0.975789
0.000112044

0.211209
-0.229735
-0.950059
-4.11106
10.5084

-0.211209
0.229735
0.950059
-3.03837
6.56044

-0.694432
0.484108
0.532357
0.717212
0.00216944

0.00575696
-0.8423
0.538978
0.0492053
0.0645902

-0.00575696
0.8423
-0.538978
0.319253
0.0331126

-0.445271
0.600955
-0.663767
-2.42382
1.47968

0.445271
-0.600955
0.663767
0.634064
0.0169248

-0.71522
-0.117509
0.68895
0.993829
2.98131e-06

0.71522
0.117509
-0.68895
-0.48061
0.068779

-0.971713
0.174882
-0.158712
-0.234286
0.0855622

0.971713
-0.174882
0.158712
0.744247
0.00372432

0.511599
-0.658206
0.552296
-1.07247
0.391107

-0.511599
0.658206
-0.552296
0.610839
0.0138053

-0.359708
-0.635292
0.683385
0.663697
0.0054965

0.359708
0.635292
-0.683385
0.190233
0.0315412

-0.292418
0.853263
0.43178
-0.289832
0.11593

0.292418
-0.853263
-0.43178
0.572423
0.0127433

-0.755788
0.654816
0
-0.832763
0.278907

0.755788
-0.654816
0
0.623693
0.0118559

0.463536
-0.879068
0.11124
-0.118841
0.127455

-0.463536
0.879068
-0.11124
-0.187674
0.143619

0.45747
-0.673366
-0.580776
0.395468
0.0127002

-0.45747
0.673366
0.580776
0.769721
0.00187227

0.487035
-0.356582
0.797274
0.946809
0.00043214

-0.954388
-0.29857
0
0.902482
0.00454452

0.954388
0.29857
0
-10.7996
35.9182

0.134618
-0.64361
-0.753422
-0.726716
0.229643

-0.134618
0.64361
0.753422
0.66135
0.00892775

-0.498208
-0.72534
-0.475049
-2.09952
1.06812

0.498208
0.72534
0.475049
0.699295
0.0100909

-0.966893
0.171177
-0.189251
-1.34176
0.564786

0.966893
-0.171177
0.189251
0.558994
0.0200381

0.0688726
0.790314
0.608818
0.998779
6.90547e-07

-0.525786
-0.396943
-0.75232
-0.602684
0.39892

0.525786
0.396943
0.75232
-0.922479
0.573869

-0.369719
-0.866206
0.336146
-0.243155
0.055076

0.369719
0.866206
-0.336146
0.952847
8.2376e-05

0.712231
0.613841
-0.340479
0.914224
0.000240983

-0.573382
-0.279374
-0.770184
-0.100374
0.0903932

0.113957
0.764399
0.634593
0.785462
0.0155686

-0.113957
-0.764399
-0.634593
-12.7304
63.5555

-0.535188
-0.651297
0.537946
0.529693
0.0129583

0.535188
0.651297
-0.537946
0.104349
0.0469605

0.0320722
0.556329
0.830343
0.86708
0.00173484

-0.0223415
-0.588739
-0.808014
-1.65017
0.554819

0.0223415
0.588739
0.808014
0.878308
0.00121627

-0.820916
-0.281009
-0.497122
0.83387
0.000769134

0.820916
0.281009
0.497122
0.500085
0.00681261

0.530419
-0.593316
-0.605501
-0.710177
0.359567

-0.530419
0.593316
0.605501
-0.112234
0.152174

0.495193
0.0299963
0.868265
0.841128
0.00223727

0.165204
0.024772
0.985948
0.985164
3.63791e-05

-0.165204
-0.024772
-0.985948
-7.23205
11.1247

-0.33129
0.112971
0.936741
-0.33078
0.0953975

0.33129
-0.112971
-0.936741
0.805991
0.00203743

0.882651
0.355855
0.307076
-1.12187
0.261991

-0.882651
-0.355855
-0.307076
0.935642
0.000244624

0.0922476
-0.271525
0.958
0.992446
4.04795e-05

-0.590357
-0.740791
-0.32048
-0.337558
0.126653

0.590357
0.740791
0.32048
0.579634
0.0125278

0.0188587
0.500252
0.865675
-1.56035
0.492811

-0.0188587
-0.500252
-0.865675
0.890703
0.000899968

-0.724971
0.521387
0.450081
0.424345
0.0351308

0.724971
-0.521387
-0.450081
-1.11473
0.473927

0.474939
-0.149473
0.867231
0.856595
0.00493795

-0.474939
0.149473
-0.867231
-8.84519
23.1971

0.794356
0.0757161
0.602715
0.781501
0.00507078

-0.794356
-0.0757161
-0.602715
-2.22545
1.0951

0.393511
-0.60712
0.690329
0.759898
0.00248231

-0.977888
-0.209132
0
0.13881
0.0452751

0.977888
0.209132
0
0.457551
0.0179759

-0.501813
-0.148099
0.852203
0.886828
0.00239307

0.501813
0.148099
-0.852203
-6.651
10.9121

0.632084
-0.707539
-0.316003
-9.11393
34.5803

-0.632084
0.707539
0.316003
0.247722
0.191324

0.281297
0.745849
0.603805
-0.670547
0.27816

-0.281297
-0.745849
-0.603805
0.291665
0.0501008

0.226243
0.124826
0.96604
0.981344
0.000248017

0.197339
0.772841
0.603137
0.819724
0.00187829

0.0175799
-0.514952
0.857039
0.94934
9.94445e-05

-0.141261
-0.226017
0.963826
0.969844
0.000227227

0.555065
-0.335798
0.761015
0.240713
0.0101406

-0.555065
0.335798
-0.761015
0.993327
3.12975e-06

-0.219276
0.506994
0.833592
0.227663
0.0407058

0.219276
-0.506994
-0.833592
0.227663
0.0407058

0.946031
-0.165267
0.27877
-2.04744
1.35609

-0.946031
0.165267
-0.27877
0.265894
0.07874

-0.500146
-0.677205
0.539673
0.891712
0.000750562

0.500146
0.677205
-0.539673
-1.02332
0.25565

0.0426778
0.967086
0.250844
0.896607
0.000674202

-0.0426778
-0.967086
-0.250844
-0.835902
0.193344

-0.751021
-0.660278
0
-3.14492
3.01135

0.751021
0.660278
0
0.221673
0.122896

-0.381443
0.141802
-0.913451
-6.53783
10.8507

0.381443
-0.141802
0.913451
0.855488
0.00399269

-0.46782
-0.49598
0.731539
0.747949
0.00194212

0.46782
0.49598
-0.731539
0.57146
0.00551577

-0.592712
0.326117
0.736437
0.884593
0.00179703

-0.0102438
-0.30654
0.951803
0.888261
0.00120084

0.405893
-0.58289
0.70391
0.203941
0.0438064

-0.405893
0.58289
-0.70391
0.235464
0.040415

0.620852
-0.302325
-0.723286
-0.813319
0.450887

-0.620852
0.302325
0.723286
-0.315838
0.237539

0.348769
-0.0992522
-0.931939
-4.63993
4.57216

-0.348769
0.0992522
0.931939
0.887592
0.00183087

-0.093022
-0.941771
0.323133
0.815209
0.00186715

0.093022
0.941771
-0.323133
-0.378957
0.103402

0.462278
-0.597411
-0.655285
0.07846
0.0393372

-0.462278
0.597411
0.655285
0.747151
0.00296238

-0.0519423
-0.0213792
-0.998421
0.933312
0.000306875

-0.447758
0.373026
0.812628
-0.0350298
0.0811277

0.447758
-0.373026
-0.812628
0.304048
0.0367716

0.37086
-0.57722
0.727516
0.232133
0.0299352

-0.37086
0.57722
-0.727516
0.586107
0.0087042

0.631098
-0.343268
-0.695616
-1.1489
0.401859

-0.631098
0.343268
0.695616
0.685846
0.00866822

0.464007
0.750382
-0.47077
0.385376
0.0146881

-0.464007
-0.750382
0.47077
0.700456
0.00348899

-0.157589
0.554376
-0.817211
0.037787
0.158873

0.157589
-0.554376
0.817211
-2.35278
1.92554

0.0378566
-0.254429
-0.96635
0.678305
0.00564199

-0.0378566
0.254429
0.96635
-0.0326668
0.0580862

-0.482162
0.36666
-0.795663
0.526753
0.00591747

0.482162
-0.36666
0.795663
0.829632
0.000767556

-0.442375
0.0481833
0.895535
0.899389
0.00041668

0.434993
-0.636695
0.636711
0.469994
0.0365767

-0.434993
0.636695
-0.636711
-2.02464
1.18768

-0.45993
0.547451
-0.699115
0.296894
0.0520447

0.45993
-0.547451
0.699115
-0.834743
0.353509

0.0225333
0.997325
-0.0695393
-0.515487
0.192346

-0.0225333
-0.997325
0.0695393
0.467812
0.0237207

0.562331
-0.524278
-0.639466
-0.170209
0.141632

-0.562331
0.524278
0.639466
-0.170209
0.141632

-0.148722
0.189004
-0.970649
0.727411
0.00613301

0.148722
-0.189004
0.970649
-1.10332
0.36311

-0.824109
0.523728
0.215763
0.736382
0.00407844

0.824109
-0.523728
-0.215763
-0.298648
0.0988298

-0.744331
0.25176
0.618537
0.00982165
0.188725

0.744331
-0.25176
-0.618537
-2.96071
3.0168

0.610704
0.468626
0.638303
0.779795
0.0029508

-0.610704
-0.468626
-0.638303
-0.464569
0.128463

-0.197968
-0.222996
0.954506
0.0898361
0.109253

0.197968
0.222996
-0.954506
-1.24754
0.664364

0.517729
0.161303
-0.840201
0.999379
1.28901e-07

0.105514
-0.0706114
-0.991908
-12.4143
62.9865

-0.105514
0.0706114
0.991908
0.69205
0.0332001

-0.252481
-0.0749176
0.964697
0.854502
0.000929953

0.252481
0.0749176
-0.964697
-0.112129
0.0538642

0.278328
-0.525285
-0.80412
0.76205
0.0041326

0.32172
0.545238
-0.774088
-10.5632
36.9099

-0.32172
-0.545238
0.774088
0.851806
0.0061161

0.0529889
0.641464
-0.765321
-4.41222
5.54139

-0.0529889
-0.641464
0.765321
0.521637
0.043446

-0.569473
0.458788
-0.682066
-0.841459
0.223728

0.324957
-0.592588
0.73705
0.534035
0.038201

-0.324957
0.592588
-0.73705
-3.92176
4.24631

0.92063
0.142348
0.363562
-0.00545549
0.114279

-0.92063
-0.142348
-0.363562
-0.594387
0.287285

-0.516296
-0.565542
-0.643119
0.172387
0.0713923

-0.246053
0.208005
0.946674
0.946898
0.000496442

0.246053
-0.208005
-0.946674
-6.93251
11.0378

-0.32529
0.918012
0.226803
0.445901
0.00575408

0.0142897
0.43536
0.900143
0.871277
0.0015482

-0.453587
-0.460207
-0.763196
0.223579
0.0821702

0.453587
0.460207
0.763196
-1.63469
0.94394

0.511995
-0.482227
-0.710857
0.27138
0.0343019

-0.511995
0.482227
0.710857
0.27138
0.0343019

0.576912
-0.804524
-0.141115
-0.776299
0.203318

-0.576912
0.804524
0.141115
0.820846
0.00210007

0.277035
-0.0193093
0.960666
0.95056
0.000174521

-0.764209
0.156384
0.625722
0.0145588
0.118692

0.764209
-0.156384
-0.625722
-0.863089
0.423858

0.391457
-0.0401943
0.919318
0.900057
0.000290133

0.330258
0.612506
-0.718169
0.903554
0.000184068

0.185371
0.135649
0.973261
0.808887
0.0080095

-0.185371
-0.135649
-0.973261
-7.3881
15.3773

-0.703142
-0.69202
-0.163403
-0.414886
0.512133

0.703142
0.69202
0.163403
-4.05026
6.52442

0.29577
-0.401666
-0.866709
-0.895095
0.335119

-0.29577
0.401666
0.866709
0.508183
0.0226125

0.382371
0.434617
-0.815414
-6.42879
10.7855

-0.382371
-0.434617
0.815414
0.821126
0.00625462

0.709203
-0.044196
-0.703618
-0.0224528
0.0505344

-0.709203
0.044196
0.703618
0.763314
0.00272176

-0.191633
0.623393
0.758062
0.887592
0.00185411

0.191633
-0.623393
-0.758062
-4.63993
4.56991

-0.395515
-0.835919
0.380535
0.60694
0.0061176

0.395515
0.835919
-0.380535
0.492934
0.0101778

0.153609
-0.202499
0.96716
0.918001
0.000445935

-0.0566957
-0.678783
0.732147
-0.930837
0.635678

0.0566957
0.678783
-0.732147
-0.930837
0.635678

0.0617804
0.476674
-0.876907
0.962233
0.000153055

-0.06657
-0.113046
-0.991357
-0.501763
0.343094

0.06657
0.113046
0.991357
-0.96149
0.585215

-0.856817
-0.460607
0.231745
0.291487
0.0171321

-0.816834
-0.550474
-0.172516
0.793642
0.00178493

0.816834
0.550474
0.172516
0.117658
0.03258

0.449541
0.755179
-0.477093
-1.00491
0.23528

-0.449541
-0.755179
0.477093
0.91671
0.000417179

-0.202714
-0.745595
0.634819
0.899696
0.00233573

0.202714
0.745595
-0.634819
-9.03037
23.3475

-0.794136
-0.0509759
-0.605598
-4.22937
4.4068

0.794136
0.0509759
0.605598
0.721512
0.0125571

0.170003
0.730407
0.661517
0.627148
0.00645613

-0.170003
-0.730407
-0.661517
0.288958
0.0234747

-0.488682
-0.257575
-0.833574
0.950141
0.000146786

-0.59386
-0.606534
0.528627
0.520499
0.0358161

0.963286
-0.0620993
-0.261196
0.190885
0.0426215

-0.963286
0.0620993
0.261196
0.331308
0.0291161

-0.338898
-0.211435
-0.916757
-6.88573
11.0193

0.338898
0.211435
0.916757
0.938606
0.000671405

0.282063
0.510304
-0.812423
-1.91159
1.15269

-0.282063
-0.510304
0.812423
0.346709
0.0582363

-0.857946
0.386308
0.338666
0.678032
0.00650071

0.863701
0.246634
-0.439535
0.858355
0.000535486

-0.863701
-0.246634
0.439535
0.462848
0.00768114

-0.859878
0.194715
0.471907
0.844419
0.00167162

0.859878
-0.194715
-0.471907
-0.542571
0.133911

-0.16078
0.263696
0.951112
-0.0299703
0.0635094

0.16078
-0.263696
-0.951112
0.591026
0.0100475

-0.334691
0.935957
-0.109394
-0.0131583
0.0598025

0.334691
-0.935957
0.109394
0.608114
0.00897572

-0.362252
0.463817
0.808485
0.7515
0.0211314

-0.359097
0.209467
0.909491
0.841456
0.0060767

0.359097
-0.209467
-0.909491
-8.7877
23.151

0.95086
0.0320126
-0.307961
-0.398199
0.11048

-0.127976
0.908666
-0.397427
-0.410517
0.180403

0.127976
-0.908666
0.397427
0.286728
0.0461655

0.77143
0.219032
-0.597429
-2.25592
1.42746

-0.77143
-0.219032
0.597429
0.491095
0.0349669

0.0239229
0.622537
-0.782225
0.940633
0.000189666

-0.0239229
-0.622537
0.782225
-0.932842
0.198503

0.0730611
0.673902
0.7352
-0.342877
0.120082

-0.0730611
-0.673902
-0.7352
0.645887
0.00843641

0.0641268
0.966598
0.248145
0.846758
0.00350091

0.837107
-0.266645
0.477654
0.138533
0.0824313

-0.837107
0.266645
-0.477654
-0.744599
0.337819

0.70802
-0.509157
0.489353
-0.115074
0.185998

-0.70802
0.509157
-0.489353
-1.42167
0.876853

0.53701
0.561963
-0.62914
0.938436
0.000227797

-0.53701
-0.561963
0.62914
-1.05764
0.238294

0.362141
0.0642217
0.929908
0.912383
0.00574575

-0.362141
-0.0642217
-0.929908
-35.8206
1012.7

0.799253
-0.299392
0.521113
0.553654
0.0176767

0.00939972
-0.670777
0.7416
0.589456
0.0407638

-0.00939972
0.670777
-0.7416
-6.85809
14.8865

-0.0189029
0.411995
-0.91099
-16.8232
125.618

0.0189029
-0.411995
0.91099
0.876228
0.00612044

0.639384
-0.768888
0
0.900504
0.00395405

-0.496017
-0.631358
0.596116
0.0343369
0.0687256

0.496017
0.631358
-0.596116
0.285796
0.0376036

-0.419103
-0.455918
0.785169
0.611787
0.0103683

0.419103
0.455918
-0.785169
-0.317336
0.118198

-0.352342
-0.837593
0.417484
-0.27479
0.289023

0.352342
0.837593
-0.417484
-1.96231
1.55994

-0.0193724
0.288611
0.95725
-0.716305
0.692043

0.0193724
-0.288611
-0.95725
-2.86169
3.5028

-0.648925
0.149933
0.745934
0.49272
0.0364773

0.648925
-0.149933
-0.745934
-2.49551
1.72499

0.114397
0.516064
0.848876
0.279693
0.0246066

0.878407
0.126197
-0.46095
0.982292
1.16564e-05

-0.878407
-0.126197
0.46095
-0.231498
0.0453882

-0.18345
0.416067
-0.890637
-0.451567
0.120344

0.18345
-0.416067
0.890637
0.807372
0.00217138

0.165974
0.70316
0.691389
0.845778
0.000652294

-0.59242
-0.52524
-0.610869
0.916569
0.000182633

0.59242
0.52524
0.610869
0.318925
0.012126

-0.313846
-0.63155
-0.708974
0.516712
0.0207559

0.313846
0.63155
0.708974
-0.74492
0.268088

0.659778
0.344089
0.668054
0.653854
0.00912284

-0.659778
-0.344089
-0.668054
-0.65636
0.207177

0.563793
0.583318
-0.584703
-0.549171
0.125626

-0.563793
-0.583318
0.584703
0.87999
0.000768785

-0.709344
-0.67359
0.207625
0.879979
0.0014588

0.0361836
0.522494
-0.851875
0.512442
0.00955299

-0.0361836
-0.522494
0.851875
0.576659
0.00720321

-0.00873352
-0.466635
0.884407
0.927212
0.000738907

0.00873352
0.466635
-0.884407
-4.78713
4.61649

0.615318
-0.584966
-0.528392
0.365325
0.0204128

-0.615318
0.584966
0.528392
0.484303
0.013481

0.0382133
-0.0553736
-0.997734
0.682352
0.00504666

-0.0382133
0.0553736
0.997734
0.142677
0.0358739

0.56278
0.439672
-0.699976
-5.04438
7.44755

-0.56278
-0.439672
0.699976
0.533612
0.04447

0.163431
0.284782
-0.944558
-0.741956
0.215331

-0.163431
-0.284782
0.944558
0.741071
0.00487815

0.368875
0.850257
0.375493
0.990313
3.3755e-06

-0.27024
0.120008
0.955285
0.944276
0.00154519

0.27024
-0.120008
-0.955285
-23.5744
300.134

0.0700039
0.0242953
-0.997251
-10.5407
36.9031

-0.0700039
-0.0242953
0.997251
0.846351
0.00654699

0.234685
-0.731091
0.640648
0.734238
0.00142224

-0.659317
-0.308147
-0.685818
-0.181052
0.0714867

-0.12333
-0.64428
0.75478
0.922268
0.000398397

0.12333
0.64428
-0.75478
-1.24545
0.318428

-0.582256
-0.519635
0.625266
0.667739
0.00603501

0.582256
0.519635
-0.625266
0.000173688
0.0541662

0.188082
0.195658
-0.962467
0.807656
0.00303538

-0.188082
-0.195658
0.962467
-1.30472
0.421444

0.505327
-0.387453
0.771054
0.557914
0.0141356

-0.505327
0.387453
-0.771054
-0.32271
0.125581

0.789273
0.320827
0.523563
0.859575
0.00642857

-0.789273
-0.320827
-0.523563
-13.0425
64.0522

-0.578796
0.772701
-0.260631
-2.87342
2.51728

0.578796
-0.772701
0.260631
0.302854
0.0815673

-0.785576
0.293883
-0.544521
-0.582775
0.213732

0.785576
-0.293883
0.544521
0.478377
0.0232295

0.329273
0.744381
-0.580927
-2.50564
1.99798

-0.329273
-0.744381
0.580927
0.229717
0.096493

-0.743841
0.56636
-0.354876
0.921415
0.000273595

-0.846
0.324311
0.42321
0.753349
0.00327311

-0.792808
0.290057
-0.536025
0.0593312
0.0775001

0.792808
-0.290057
0.536025
-0.0422878
0.0951292

-0.579441
-0.0157947
-0.814861
0.846
0.000948987

0.579441
0.0157947
0.814861
0.0507286
0.0358362

-0.316893
-0.177051
-0.931789
-0.243344
0.160118

0.316893
0.177051
0.931789
-0.101376
0.125707

-0.321762
0.18409
-0.928752
-17.2505
126.385

0.321762
-0.18409
0.928752
0.938667
0.00143096

-0.263595
0.437427
0.859753
0.792029
0.00109748

0.656205
0.541429
0.525595
0.692333
0.00684034

-0.065597
0.982144
0.176325
-1.4911
0.725144

0.065597
-0.982144
-0.176325
0.434693
0.0373578

-0.613513
0.243061
-0.751348
-1.55226
0.543167

0.613513
-0.243061
0.751348
0.82631
0.00257151

0.219921
-0.12073
0.968018
0.648937
0.0221708

-0.219921
0.12073
-0.968018
-4.61701
5.67272

0.243794
0.279955
0.928541
0.88925
0.00118608

0.382833
0.912146
-0.146388
-0.0585761
0.135732

-0.382833
-0.912146
0.146388
-0.734371
0.364338

0.163389
-0.724331
-0.669812
-0.240899
0.143218

-0.163389
0.724331
0.669812
0.143915
0.0693476

-0.825574
-0.564295
0
-3.33202
3.06041

0.825574
0.564295
0
0.402359
0.0759336

0.905549
0.380759
-0.187095
0.251534
0.0464812

-0.905549
-0.380759
0.187095
-0.156874
0.111033

0.0644578
0.0250647
0.997606
0.994041
2.84457e-05

0.248022
0.086586
-0.964877
-1.06875
0.615789

-0.248022
-0.086586
0.964877
-0.251479
0.225634

0.502841
-0.299177
-0.810952
-0.813319
0.450901

-0.502841
0.299177
0.810952
-0.315838
0.237576

-0.614707
-0.00452556
0.788742
0.851601
0.000945398

0.614707
0.00452556
-0.788742
0.00507486
0.0403319

-0.390399
0.841986
-0.372354
0.342854
0.0615168

0.390399
-0.841986
0.372354
-2.1129
1.37939

0.243628
-0.0841329
-0.966213
-0.745206
0.16352

-0.301553
-0.953449
0
-1.38096
0.429865

0.301553
0.953449
0
0.854011
0.00168462

-0.490394
0.143142
0.859665
0.889649
0.00252539

0.354235
0.412582
0.839222
0.641814
0.00835714

0.609496
-0.617686
0.49697
0.741075
0.00938036

-0.609496
0.617686
-0.49697
-3.444
2.76281

-0.528324
-0.376122
0.761187
0.989789
7.38207e-05

0.79574
-0.605639
0
0.979069
0.000581569

-0.148371
-0.202345
-0.96801
-0.160327
0.212166

0.148371
0.202345
0.96801
-1.56544
1.03399

0.0503153
0.930954
0.361652
0.800119
0.00508615

0.082686
0.947332
-0.309395
0.233663
0.0690704

-0.082686
-0.947332
0.309395
-1.09187
0.51445

-0.452992
-0.227412
0.862022
0.81523
0.00671599

-0.8065
-0.0775872
0.586122
0.626342
0.00275613

0.8065
0.0775872
-0.586122
0.890026
0.000255073

0.16444
0.671597
0.722438
0.641904
0.00480878

-0.678875
0.0122305
-0.734152
0.97446
0.000239149

0.978976
-0.0760803
-0.189255
-2.42288
1.69915

-0.978976
0.0760803
0.189255
0.4239
0.0481436

0.53295
0.127665
-0.83646
-0.064806
0.12142

-0.53295
-0.127665
0.83646
-0.367683
0.200151

-0.480678
0.345972
-0.805762
0.951696
0.000219528

0.927636
-0.0465529
0.370573
0.286633
0.0299878

0.626413
0.533459
0.568356
-0.0199621
0.158062

-0.626413
-0.533459
-0.568356
-1.64749
1.06411

-0.536054
-0.679925
-0.500347
0.847495
0.000585201

0.536054
0.679925
0.500347
0.531686
0.00551243

0.706421
-0.204787
-0.677519
0.791357
0.000784334

-0.706421
0.204787
0.677519
0.801335
0.000711185

-0.308662
0.38094
0.871557
0.880052
0.00100793

0.308662
-0.38094
-0.871557
-1.24
0.346907

-0.286238
-0.262405
0.921527
-0.303195
0.178531

0.286238
0.262405
-0.921527
-0.0833738
0.123393

0.167965
-0.985793
0
0.613317
0.0157794

-0.167965
0.985793
0
-0.823518
0.279443

0.214771
0.180336
0.959871
0.983921
1.67702e-05

-0.772412
-0.195726
-0.604211
-7.10955
15.1379

0.772412
0.195726
0.604211
0.705777
0.0199896

0.181513
0.878301
0.442313
0.777572
0.00723318

-0.445289
-0.385737
-0.808037
0.119382
0.0844933

-0.399739
-0.435653
0.806484
0.408828
0.0308392

0.399739
0.435653
-0.806484
-0.537905
0.20846

-0.681016
-0.366384
0.634019
0.952442
0.00165371

-0.77148
0.0948435
0.629144
0.411069
0.0990501

0.77148
-0.0948435
-0.629144
-7.76182
21.9164

-0.302464
0.17082
-0.937729
-13.5487
64.6172

0.302464
-0.17082
0.937729
0.944564
0.000967929

-0.809237
-0.122698
0.574527
0.601514
0.0291555

0.809237
0.122698
-0.574527
-4.53599
5.62349

0.100207
-0.871128
0.480723
0.667639
0.00388754

0.0808015
-0.44175
0.893492
0.9503
0.000121884

-0.0808015
0.44175
-0.893492
-0.7892
0.154558

0.762995
0.591459
0.260797
0.234385
0.0456193

-0.762995
-0.591459
-0.260797
-0.00609601
0.0787652

-0.348883
0.92133
0.171558
-0.66567
0.158909

0.348883
-0.92133
-0.171558
0.861843
0.00109382

0.654176
-0.450062
0.607864
-2.75444
1.81138

-0.654176
0.450062
-0.607864
0.693518
0.0121343

-0.047515
0.910112
0.411629
0.61723
0.00727901

-0.141965
0.530273
-0.835857
-1.3913
0.633544

0.141965
-0.530273
0.835857
0.476059
0.030425

0.747029
0.127801
-0.652392
0.759571
0.00208016

-0.747029
-0.127801
0.652392
0.37226
0.0141614

0.567806
0.526529
0.632742
0.468238
0.0255759

-0.567806
-0.526529
-0.632742
-0.709729
0.263465

0.226205
-0.21484
-0.950092
0.993314
3.49758e-05

0.333799
-0.529191
0.780087
0.767935
0.00333245

-0.333799
0.529191
-0.780087
-0.49783
0.138635

0.492741
-0.328866
-0.805639
-3.91127
3.50018

-0.492741
0.328866
0.805639
0.784077
0.00676875

0.659503
0.496393
-0.564492
-0.112558
0.0961283

0.141014
-0.961086
-0.237546
0.388396
0.0216549

-0.779555
0.623113
-0.0634437
0.660899
0.00401015

0.779555
-0.623113
0.0634437
0.544355
0.00723961

-0.762528
-0.150201
0.629278
-16.5921
125.214

0.762528
0.150201
-0.629278
0.832555
0.0113463

-0.294588
0.916708
0.269933
-0.00959182
0.102538

0.294588
-0.916708
-0.269933
-0.277763
0.164231

-0.681387
-0.355432
0.639828
0.528368
0.0165038

0.681387
0.355432
-0.639828
-0.338378
0.132702

-0.777781
-0.218198
-0.589446
0.408828
0.0308864

0.777781
0.218198
0.589446
-0.537905
0.2085

-0.528412
-0.127842
-0.839307
-0.267725
0.128015

0.528412
0.127842
0.839307
0.392391
0.0294417

0.306694
0.039219
0.951
0.259121
0.0553494

-0.306694
-0.039219
-0.951
-0.627316
0.265122

-0.111819
0.28351
0.952428
0.527783
0.0282856

0.111819
-0.28351
-0.952428
-2.08399
1.20539

-0.370046
-0.558103
0.742689
0.978804
2.30907e-05

0.370046
0.558103
-0.742689
-0.466939
0.076795

-0.372976
0.520881
0.767836
0.49272
0.0364849

0.209776
-0.0734893
-0.974984
-0.0708892
0.115135

-0.410698
0.643154
-0.646282
0.515034
0.0154756

0.00947972
-0.713097
0.701001
0.719597
0.00365535

-0.00947972
0.713097
-0.701001
0.136957
0.0344932

-0.237127
0.248655
-0.939117
-0.867356
0.507734

0.237127
-0.248655
0.939117
-0.446078
0.304661

-0.438512
-0.459388
0.772444
0.724428
0.00322614

-0.866836
0.498594
0
0.899756
0.000759495

0.352828
0.904063
0.241211
0.875159
0.000623752

-0.352828
-0.904063
-0.241211
-0.0433464
0.0432931

0.364374
0.327582
0.871735
0.885799
0.000520607

-0.154671
-0.75055
-0.642457
0.193468
0.0730488

0.154671
0.75055
0.642457
-0.863418
0.389316

0.616502
-0.463662
0.636352
0.323196
0.0476458

-0.822807
-0.186461
0.536862
-0.00959182
0.102526

0.822807
0.186461
-0.536862
-0.277763
0.164219

0.277862
0.958432
-0.0648088
0.310459
0.0316797

-0.277862
-0.958432
0.0648088
0.177085
0.0451195

-0.58476
-0.450484
0.674626
0.148145
0.016007

0.58476
0.450484
-0.674626
0.981426
8.17309e-06

-0.581288
0.0203159
-0.813444
0.315797
0.0105196

0.581288
-0.0203159
0.813444
0.955775
6.07151e-05

0.261536
0.610889
0.747271
0.324412
0.018423

0.514201
-0.738087
0.436835
-0.115074
0.185984

-0.514201
0.738087
-0.436835
-1.42167
0.876868

-0.206303
0.593299
0.778097
0.841919
0.00331606

0.206303
-0.593299
-0.778097
-3.65854
2.83063

-0.886586
-0.462564
0
0.822678
0.011744

0.206837
0.794056
0.571572
0.949013
8.07923e-05

0.941499
-0.162682
0.295152
0.436594
0.0576876

-0.941499
0.162682
-0.295152
-3.79288
4.17285

0.0121945
0.950434
0.310686
0.773019
0.00208456

0.0973806
0.235984
0.966865
0.961409
0.00073004

-0.0973806
-0.235984
-0.966865
-23.767
300.505

0.877839
0.439692
0.189922
0.560138
0.00999999

-0.877839
-0.439692
-0.189922
0.244755
0.029469

-0.580901
-0.335413
-0.741655
0.294876
0.0344769

-0.558167
-0.522086
-0.644884
0.90265
0.000304946

0.267624
-0.171035
-0.948222
-4.74302
7.20246

-0.267624
0.171035
0.948222
0.317119
0.101916

0.487873
0.281555
-0.826261
-12.7304
63.5717

-0.487873
-0.281555
0.826261
0.785462
0.0155303

0.699836
-0.170215
-0.693727
-0.92999
0.340135

-0.699836
0.170215
0.693727
0.551355
0.0184055

-0.205945
-0.969159
0.135346
0.549188
0.00422466

-0.403445
-0.656379
-0.637495
0.850584
0.000522845

0.403445
0.656379
0.637495
0.579161
0.0041401

0.0849396
0.760374
0.643908
0.650752
0.0323328

-0.0849396
-0.760374
-0.643908
-8.23727
22.5587

-0.1892
-0.524968
0.829826
0.783621
0.00236701

-0.505307
-0.314416
0.803621
0.756389
0.00485131

0.505307
0.314416
-0.803621
-1.13871
0.36733

-0.846021
0.219695
-0.485781
0.306679
0.0271483

0.846021
-0.219695
0.485781
0.412362
0.0195059

0.274255
-0.396269
0.876216
0.0653431
0.0899463

-0.274255
0.396269
-0.876216
-0.421718
0.207768

0.128386
-0.488415
-0.863115
-0.997425
0.297133

-0.128386
0.488415
0.863115
0.778064
0.00375832

-0.66435
-0.747422
0
0.1483
0.101209

-0.742911
0.31749
0.589307
0.698837
0.00680987

0.742911
-0.31749
-0.589307
-0.762787
0.233238

0.464345
0.276881
-0.841261
-1.08675
0.332021

-0.464345
-0.276881
0.841261
0.783853
0.00364623

-0.0305997
-0.752656
-0.657703
-0.21103
0.084171

0.0305997
0.752656
0.657703
0.717309
0.00459282

0.174335
-0.718507
0.673316
0.710568
0.00325226

-0.174335
0.718507
-0.673316
0.411551
0.0131446

0.359595
-0.786751
0.501711
0.532767
0.0186284

-0.359595
0.786751
-0.501711
-0.686718
0.24209

0.879969
0.360996
0.308766
0.460274
0.0089071

0.0760575
0.532548
0.842975
0.747695
0.00202405

-0.0760575
-0.532548
-0.842975
0.549166
0.00630813

-0.44935
-0.444059
0.775175
0.921934
0.00310392

0.44935
0.444059
-0.775175
-23.3655
299.577

0.728585
0.604275
0.322516
-0.898543
0.286516

-0.728585
-0.604275
-0.322516
0.692
0.00755711

0.265838
-0.50127
0.823443
0.967266
6.40214e-05

-0.59467
0.00809484
-0.803929
-0.498089
0.159337

0.59467
-0.00809484
0.803929
0.664842
0.00964536

-0.228137
0.619405
-0.751193
-10.229
36.5024

0.228137
-0.619405
0.751193
0.75952
0.0168229

0.284731
0.21447
0.934308
0.931829
0.000286493

-0.284731
-0.21447
-0.934308
-0.91068
0.197445

-0.0657873
-0.0273802
-0.997458
-2.65294
1.01122

0.0657873
0.0273802
0.997458
0.988072
1.10717e-05

0.252263
0.903738
0.345862
-3.26338
1.93515

-0.252263
-0.903738
-0.345862
0.925455
0.000596987

-0.167542
-0.374284
-0.912053
0.560916
0.00275045

0.167542
0.374284
0.912053
0.971132
1.24386e-05

-0.334726
-0.942316
0
0.447865
0.0418521

0.389375
-0.791199
-0.471583
0.0680274
0.0413826

-0.389375
0.791199
0.471583
0.733592
0.0034074

0.942473
0.334283
0
0.747152
0.00797457

0.80021
0.288784
-0.525612
0.688971
0.00461623

-0.80021
-0.288784
0.525612
0.174954
0.0320735

0.29498
-0.830398
0.47268
0.413018
0.0129635

-0.29498
0.830398
-0.47268
0.705099
0.00327271

-0.281812
-0.601198
0.747759
0.509625
0.0308453

0.281812
0.601198
-0.747759
-2.06483
1.19938

0.980277
0.197628
0
0.0226595
0.0809645

-0.980277
-0.197628
0
0.0697514
0.0733973

0.00879009
0.903181
0.429169
0.991203
5.30719e-06

-0.00879009
-0.903181
-0.429169
-2.19047
0.665458

0.566285
-0.696803
-0.440213
-0.39732
0.178853

-0.566285
0.696803
0.440213
0.26092
0.050078

-0.145301
0.377493
0.914542
0.932935
0.000147855

0.906317
0.316568
-0.279954
0.942557
7.44274e-05

-0.906317
-0.316568
0.279954
0.361103
0.0091661

-0.325228
0.226638
0.918075
0.941368
0.000533661

0.325228
-0.226638
-0.918075
-5.40829
6.01681

-0.0164085
0.285782
0.958154
0.317377
0.0462273

0.0164085
-0.285782
-0.958154
-0.685654
0.280493

0.623353
-0.471526
-0.623774
0.335268
0.0113161

-0.497806
-0.519931
0.694163
0.608928
0.0140009

0.497806
0.519931
-0.694163
-1.07066
0.390833

0.400002
-0.832143
0.384103
0.70854
0.00270729

-0.400002
0.832143
-0.384103
0.56134
0.00613024

0.489888
-0.71261
0.502192
0.860904
0.00115562

-0.489888
0.71261
-0.502192
-0.717855
0.173252

0.449002
-0.718386
-0.531336
0.754814
0.0016526

-0.449002
0.718386
0.531336
0.616896
0.00402536

-0.178223
0.274745
-0.944855
-3.47732
2.33115

0.178223
-0.274745
0.944855
0.89926
0.00123399

0.493327
0.82648
-0.271218
-2.47215
1.71738

-0.493327
-0.82648
0.271218
0.471228
0.0398347

0.677594
-0.602986
0.42104
-5.07184
4.67808

-0.677594
0.602986
-0.42104
0.978142
6.29919e-05

-0.093977
-0.995574
0
0.0938895
0.070997

0.093977
0.995574
0
-0.0548214
0.096202

-0.757241
-0.540168
-0.367158
0.988541
6.95801e-06

0.528184
-0.211397
-0.822395
-0.90604
0.28739

-0.528184
0.211397
0.822395
0.699197
0.00726263

-0.218528
0.764214
0.606814
0.273342
0.156245

0.218528
-0.764214
-0.606814
-7.542
21.5699

0.217481
-0.579654
-0.785305
-0.744599
0.337872

-0.217481
0.579654
0.785305
0.138533
0.082548

-0.217938
-0.832072
0.510057
0.481764
0.0139329

-0.814643
0.104248
-0.570516
0.605228
0.00834596

0.814643
-0.104248
0.570516
0.129109
0.040549

0.67906
0.121533
-0.723952
-1.41775
0.476875

-0.67906
-0.121533
0.723952
0.813445
0.00284006

-0.260109
0.0715692
0.962923
0.926181
0.000624504

0.0264235
-0.862863
0.504746
0.576545
0.0222832

-0.0264235
0.862863
-0.504746
-2.13802
1.22056

0.3353
0.0416361
0.941191
0.891281
0.00144383

-0.3353
-0.0416361
-0.941191
-3.45312
2.3258

-0.106575
0.370866
0.922551
0.876228
0.0060652

0.106575
-0.370866
-0.922551
-16.8232
125.685

-0.0592357
0.738087
-0.6721
0.984722
5.03896e-05

0.880938
-0.473232
0
-0.0575836
0.112215

-0.880938
0.473232
0
-0.118878
0.12498

0.784151
-0.487365
-0.384164
-0.373633
0.097581

-0.784151
0.487365
0.384164
0.84241
0.00129695

-0.140021
0.876526
0.46054
0.943872
0.000441509

0.301527
0.603553
-0.73811
0.767417
0.00245856

-0.301527
-0.603553
0.73811
0.102027
0.035791

-0.535277
0.600321
0.594217
0.481182
0.00640759

0.535277
-0.600321
-0.594217
0.890476
0.000290225

-0.869016
-0.194637
0.454893
0.287072
0.0347679

0.869016
0.194637
-0.454893
0.1633
0.0478696

-0.883004
-0.119436
0.453915
0.282929
0.0195349

0.883004
0.119436
-0.453915
0.774342
0.00193946

-0.258704
-0.805488
-0.533162
-2.07477
1.06258

0.258704
0.805488
0.533162
0.68113
0.0114404

-0.767499
0.614501
-0.182576
0.254273
0.0408872

0.767499
-0.614501
0.182576
0.0751563
0.062883

-0.0825682
-0.297148
0.951255
0.93239
0.000384428

-0.272751
-0.834393
0.478952
0.68869
0.00572595

0.272751
0.834393
-0.478952
-0.187994
0.0829153

0.00329404
0.761365
-0.648315
-2.39041
1.4698

-0.00329404
-0.761365
0.648315
0.608067
0.019664

-0.151015
-0.065681
0.986347
0.903109
0.000684858

0.151015
0.065681
-0.986347
-1.38028
0.39187

0.176333
-0.451721
0.87456
0.877723
0.00069828

-0.548265
-0.453241
0.702836
0.952879
0.000207058

-0.128719
0.869474
-0.476914
-1.20158
0.591245

0.128719
-0.869474
0.476914
0.221647
0.0739713

0.504854
0.846331
-0.169839
-1.00302
0.49492

-0.504854
-0.846331
0.169839
0.0833955
0.103649

-0.36741
-0.271381
0.889586
-0.682891
0.354031

0.36741
0.271381
-0.889586
-0.175432
0.172725

-0.847868
-0.193532
-0.493625
-0.0575836
0.107533

0.847868
0.193532
0.493625
-0.118878
0.12035

0.373723
0.801334
-0.467114
0.815279
0.00206537

-0.373723
-0.801334
0.467114
-0.601482
0.154832

-0.458505
0.705849
-0.539954
-0.72574
0.246695

0.458505
-0.705849
0.539954
0.582596
0.0144884

0.0986416
0.824962
-0.556514
-1.19996
0.266045

-0.0986416
-0.824962
0.556514
0.961389
8.9144e-05

-0.419714
0.0552651
-0.905972
-0.383841
0.156356

0.419714
-0.0552651
0.905972
0.430505
0.0266487

-0.757269
-0.633964
-0.15695
0.243105
0.012579

0.174693
-0.20178
-0.963726
-7.99969
15.7463

-0.174693
0.20178
0.963726
0.952398
0.000447259

0.00689823
-0.913422
-0.406956
0.897535
0.00025719

-0.00689823
0.913422
0.406956
0.468644
0.00669072

0.789524
0.61372
0
-0.448132
0.189526

-0.789524
-0.61372
0
0.356384
0.041716

0.481239
-0.704296
-0.521897
0.996857
5.11569e-06

-0.481239
0.704296
0.521897
-24.4617
301.235

-0.0466383
-0.983967
-0.172144
-0.0422878
0.0950504

0.0466383
0.983967
0.172144
0.0593312
0.0774215

0.423126
0.658195
0.62269
-0.904778
0.170262

-0.423126
-0.658195
-0.62269
0.969608
4.51215e-05

0.471542
-0.331595
0.817124
0.842309
0.00146015

-0.389864
0.719191
0.575127
0.414896
0.0213889

0.389864
-0.719191
-0.575127
0.15745
0.0443333

0.937398
0.315034
0.148456
0.997313
5.5927e-06

0.0729763
0.871897
0.48422
0.0868642
0.083112

-0.0729763
-0.871897
-0.48422
-0.372079
0.18764

0.311471
-0.64385
0.698887
0.784002
0.00284721

0.404019
0.580026
0.707347
0.711706
0.0158139

-0.404019
-0.580026
-0.707347
-5.36839
7.67548

0.776578
0.630022
0
-2.3927
1.2855

-0.776578
-0.630022
0
0.762277
0.00633339

0.032222
0.213458
-0.976421
0.822407
0.000767677

0.207068
-0.821726
0.530933
0.606029
0.0052956

-0.207068
0.821726
-0.530933
0.621478
0.00488853

0.551947
0.0216744
0.833598
0.102369
0.0960362

-0.551947
-0.0216744
-0.833598
-0.909022
0.433455

-0.0704781
-0.608824
-0.790168
-20.2015
284.227

0.0704781
0.608824
0.790168
0.0264668
0.599377

0.939588
0.261225
-0.221213
0.151488
0.0551937

-0.939588
-0.261225
0.221213
0.112482
0.0603835
