
-0.0409904
-0.728298
0.684034
-0.146558
0.0631995

-0.295954
-0.0239918
0.954901
0.924578
0.000242195

0.758161
-0.571845
-0.313344
0.240149
0.0448599

-0.758161
0.571845
0.313344
-0.00840342
0.0789728

-0.203067
-0.301241
0.931675
0.977634
2.25262e-05

0.203067
0.301241
-0.931675
-0.78078
0.134534

0.852147
0.344171
-0.394199
0.84445
0.00047627

0.478022
-0.352843
0.804361
0.643537
0.0176928

-0.478022
0.352843
-0.804361
-2.9607
2.18366

0.950578
0.095955
-0.295287
0.228967
0.0322938

-0.950578
-0.095955
0.295287
0.520341
0.0125003

-0.0578661
-0.160907
-0.985272
-6.62175
14.6284

0.0578661
0.160907
0.985272
0.458007
0.0740478

-0.0483125
-0.52861
-0.847489
-0.310385
0.0894431

0.00333527
0.95974
0.280871
-0.15979
0.158802

-0.00333527
-0.95974
-0.280871
-0.5289
0.275943

-0.436735
0.208854
0.87501
0.89735
0.00124089

0.436735
-0.208854
-0.87501
-3.47143
2.33223

0.513134
0.623894
-0.589448
0.78141
0.00225637

0.375267
0.230668
-0.897757
-1.37422
0.471345

-0.375267
-0.230668
0.897757
0.7846
0.00390377

-0.542366
-0.00693033
0.840113
0.897568
0.00198024

0.542366
0.00693033
-0.840113
-6.69379
10.9254

0.0638197
-0.995221
0.0739007
0.758002
0.00121497

-0.186309
0.974501
0.125044
-0.204826
0.0757954

0.186309
-0.974501
-0.125044
0.782862
0.00246207

0.176333
-0.451721
0.87456
0.877723
0.00069828

-0.102703
0.0249841
0.994398
0.976229
2.76577e-05

0.102703
-0.0249841
-0.994398
-0.774942
0.1344

-0.180453
0.146618
0.972595
0.774852
0.00401067

0.559568
-0.75548
-0.340785
0.892078
0.00068504

-0.950697
-0.276437
0.140564
-0.301771
0.116853

-0.146145
0.30224
-0.941962
-0.101936
0.10062

0.146145
-0.30224
0.941962
0.214219
0.0512875

0.429982
-0.119907
-0.89484
-31.6757
972.389

-0.429982
0.119907
0.89484
-0.0801973
1.06318

0.549484
-0.743733
-0.380696
0.731772
0.00290735

-0.549484
0.743733
0.380696
0.298108
0.0198074

-0.674272
-0.114561
0.729544
-4.30982
6.79508

0.674272
0.114561
-0.729544
-0.0970721
0.290143

0.482519
0.0125786
0.875795
-0.386251
0.202799

-0.482519
-0.0125786
-0.875795
-0.0184641
0.109591

0.0130856
0.32118
0.946928
0.881022
0.00334751

-0.677957
0.347142
-0.647971
0.892395
0.00168346

0.680838
-0.118251
-0.722825
0.986112
4.713e-06

0.260653
0.751517
0.606038
-0.456266
0.263055

-0.260653
-0.751517
-0.606038
-0.354095
0.227439

0.558391
-0.301046
0.773027
0.924723
0.00285692

0.301075
-0.275272
-0.913006
-0.99624
0.541104

-0.301075
0.275272
0.913006
-0.148846
0.179466

-0.712769
-0.104808
-0.693523
0.946248
0.000259069

0.712769
0.104808
0.693523
-2.62361
1.15962

-0.0416676
-0.424251
-0.904585
-3.32728
2.29536

0.0416676
0.424251
0.904585
0.843993
0.00305875

0.143075
-0.168832
-0.975205
-0.867356
0.507739

-0.143075
0.168832
0.975205
-0.446078
0.304678

0.601287
-0.704322
-0.377338
-1.03005
0.353818

-0.601287
0.704322
0.377338
0.660262
0.00991577

-0.686759
-0.437522
0.580462
0.219073
0.0486519

0.686759
0.437522
-0.580462
-0.0327779
0.0850241

-0.406363
-0.232403
-0.883662
-36.4286
1014.87

0.406363
0.232403
0.883662
0.962279
0.00104882

-0.632983
-0.417274
0.652085
0.855599
0.00189598

0.874082
-0.184186
-0.449506
0.610269
0.00549306

-0.874082
0.184186
0.449506
0.576023
0.00649622

-0.278873
-0.136801
0.950534
0.923144
0.000233491

-0.828477
0.545246
0.127801
0.543065
0.0145212

0.828477
-0.545246
-0.127801
-0.230509
0.105288

-0.0966824
0.254242
-0.962296
-0.0327779
0.0849525

0.0966824
-0.254242
0.962296
0.219073
0.0485836

-0.056101
-0.896092
0.440308
0.257949
0.0376227

0.056101
0.896092
-0.440308
0.19614
0.0441433

-0.051929
0.134213
-0.989591
-1.37422
0.471133

0.051929
-0.134213
0.989591
0.7846
0.00399534

-0.798043
-0.35693
-0.48552
-0.285041
0.0980639

0.798043
0.35693
0.48552
0.721055
0.00465228

0.16348
0.97741
-0.133953
-0.118878
0.120281

-0.16348
-0.97741
0.133953
-0.0575836
0.107465

0.312079
0.0318091
0.949524
0.960861
0.000206602

-0.550228
0.184168
-0.814452
-1.34176
0.564754

0.550228
-0.184168
0.814452
0.558994
0.0200655

-0.759182
0.632904
0.151906
0.488622
0.0211927

0.759182
-0.632904
-0.151906
-0.472624
0.175707

0.843599
0.523207
-0.120807
-0.532738
0.0926456

-0.843599
-0.523207
0.120807
0.967679
4.14798e-05

0.609894
-0.269501
-0.745251
-0.409611
0.124842

-0.609894
0.269501
0.745251
0.724786
0.00483421

0.0940163
0.168588
-0.981193
-0.0912312
0.0439697

-0.639733
0.396891
0.658194
0.378204
0.0498879

0.639733
-0.396891
-0.658194
-1.7559
0.979839

0.210669
-0.806028
0.553116
0.0255315
0.0889325

-0.210669
0.806028
-0.553116
-0.148681
0.123535

0.613124
-0.789986
0
0.438083
0.0127849

0.420115
-0.732041
0.536301
0.44072
0.0217863

-0.420115
0.732041
-0.536301
-0.0665593
0.0792204

0.372081
0.0697648
-0.925575
-36.3077
1014.44

-0.372081
-0.0697648
0.925575
0.954068
0.00156169

-0.262844
0.258371
0.929601
-0.417527
0.221795

0.262844
-0.258371
-0.929601
-0.094712
0.132286

0.0867179
-0.639273
0.764075
0.813698
0.00134728

-0.208482
-0.0137216
0.97793
0.972053
4.13358e-05

0.208482
0.0137216
-0.97793
-0.971923
0.185713

0.440152
-0.846442
0.29967
-0.758746
0.153302

-0.440152
0.846442
-0.29967
0.938585
0.000187752

0.0840448
0.172603
-0.981399
-1.75559
0.565408

-0.0840448
-0.172603
0.981399
0.922381
0.000493106

-0.0377449
0.547907
0.835687
0.699089
0.00648184

0.0377449
-0.547907
-0.835687
-0.638294
0.191789

-0.0256464
-0.265764
0.963697
-0.323746
0.133099

0.0256464
0.265764
-0.963697
0.490019
0.0197994

0.577682
0.320626
0.750655
0.804373
0.0128009

-0.577682
-0.320626
-0.750655
-12.8035
63.6953

-0.819267
0.257463
0.512362
0.174313
0.0748489

0.819267
-0.257463
-0.512362
-0.763756
0.34121

0.28259
0.124245
0.95116
0.966725
0.000148503

0.91806
0.134438
0.37295
0.00982594
0.0613018

-0.91806
-0.134438
-0.37295
0.520819
0.0143938

-0.564109
-0.184445
0.804836
0.786745
0.0039349

0.565526
-0.462112
-0.683105
-3.444
2.76129

-0.565526
0.462112
0.683105
0.741075
0.00944342

0.699904
-0.656456
0.281424
0.408125
0.0490558

-0.699904
0.656456
-0.281424
-2.17279
1.39877

-0.725371
-0.1324
-0.675505
-4.00589
4.29325

0.725371
0.1324
0.675505
0.591357
0.0287144

0.717259
0.696806
0
-1.14538
0.474998

-0.717259
-0.696806
0
0.463653
0.0415319

0.704688
0.287664
-0.648586
-2.03388
0.737478

-0.704688
-0.287664
0.648586
0.925082
0.00046853

-0.246037
0.247244
0.937196
0.063347
0.0813165

0.246037
-0.247244
-0.937196
-0.162978
0.12521

-0.930024
-0.242683
-0.275972
0.0105937
0.0612063

0.930024
0.242683
0.275972
0.519378
0.0144544

0.232458
0.827257
0.511477
-13.8188
64.8812

-0.232458
-0.827257
-0.511477
0.973393
0.000209629

-0.801958
0.117719
0.585667
0.988673
2.68665e-05

0.344545
-0.801241
0.489184
0.595847
0.0325878

-0.344545
0.801241
-0.489184
-5.14717
7.52619

0.224672
0.600768
0.767203
0.595702
0.0131068

-0.224672
-0.600768
-0.767203
-0.669771
0.223513

0.423009
-0.125665
0.897369
0.970151
9.32924e-05

-0.033819
0.424377
0.904854
0.932251
0.0023048

0.033819
-0.424377
-0.904854
-23.4574
299.876

-0.504927
0.202182
-0.839149
-0.483486
0.165995

0.504927
-0.202182
0.839149
0.581323
0.0133513

-0.24338
0.232174
0.941733
-0.471119
0.829448

0.24338
-0.232174
-0.941733
-8.19448
32.3937

0.406444
-0.0691719
0.911054
0.877619
0.00240712

-0.406444
0.0691719
-0.911054
-5.15346
5.9315

0.61919
0.222158
-0.75316
-0.100374
0.0902563

-0.61919
-0.222158
0.75316
0.373231
0.0293062

-0.939276
0.343163
0
0.636559
0.00598739

0.939276
-0.343163
0
0.792141
0.00277553

0.663484
0.596698
0.451377
0.462614
0.0195997

-0.663484
-0.596698
-0.451377
-0.0462916
0.0741751

-0.716013
0.601443
0.354389
-0.602903
0.113226

0.716013
-0.601443
-0.354389
0.950791
0.000110382

-0.899074
-0.402884
-0.171321
0.368087
0.0274623

0.482045
-0.00745252
-0.876115
-1.1923
0.314578

-0.482045
0.00745252
0.876115
0.898836
0.000681204

-0.707112
-0.707101
0
0.969352
0.00433704

0.162693
-0.447213
0.879506
0.722579
0.0144976

-0.162693
0.447213
-0.879506
-5.39176
7.6945

0.289623
-0.254971
-0.922555
-0.519094
0.377527

-0.289623
0.254971
0.922555
-1.22604
0.810536

0.162024
-0.169319
-0.972152
-2.10678
1.19589

-0.162024
0.169319
0.972152
0.548786
0.0288457

-0.4409
-0.440475
-0.782041
-0.668925
0.130943

0.4409
0.440475
0.782041
0.941887
0.00016402

-0.351376
-0.225456
-0.908683
0.0532677
0.128491

0.351376
0.225456
0.908683
-1.52027
0.908451

0.809808
0.586694
0
-1.83189
0.891602

-0.809808
-0.586694
0
0.625532
0.0156202

0.572674
0.469173
-0.672251
-0.241801
0.141348

-0.572674
-0.469173
0.672251
0.146032
0.0669188

0.514616
-0.456539
0.72577
0.637967
0.00736688

-0.514616
0.456539
-0.72577
-0.00564933
0.0567793

0.378492
0.381597
0.843284
-0.215218
0.0802673

-0.378492
-0.381597
-0.843284
0.759957
0.00315288

-0.674418
0.00556534
-0.738329
0.715052
0.00801344

0.500031
-0.366549
-0.784609
-4.2618
2.94966

-0.500031
0.366549
0.784609
0.987652
2.08892e-05

0.791016
-0.210624
0.574397
0.952788
0.000360937

0.974055
-0.226311
0
0.993257
6.26044e-06

-0.232777
-0.787874
0.570149
0.555871
0.0399715

0.232777
0.787874
-0.570149
-5.0801
7.47589

0.430887
-0.27927
0.858105
0.987819
1.13249e-05

-0.430887
0.27927
-0.858105
-0.783452
0.125798

0.629042
-0.210469
-0.748337
-0.332083
0.10079

-0.629042
0.210469
0.748337
0.771531
0.00297213

-0.110325
0.536616
0.836583
0.828051
0.00829489

-0.49762
0.318036
0.806987
0.578697
0.0155363

0.49762
-0.318036
-0.806987
-0.870601
0.306229

0.426989
0.432798
0.793956
0.613603
0.0059681

-0.70585
0.464246
0.535025
0.0805496
0.0259867

-0.920149
0.213399
0.328308
0.238694
0.0319314

0.946459
0.322824
0
-0.714652
0.290789

-0.481906
0.087619
0.871831
0.989053
4.7884e-05

-0.113588
-0.000330394
-0.993528
0.857128
0.00315562

-0.0751764
-0.00423783
0.997161
0.933891
0.000983707

0.0751764
0.00423783
-0.997161
-9.21177
23.4688

0.157756
-0.429957
-0.88896
-0.691395
0.196547

-0.157756
0.429957
0.88896
0.750956
0.00436395

-0.183592
-0.592154
0.784633
0.688721
0.0118811

0.690455
0.174948
0.701901
0.638082
0.00349756

-0.690455
-0.174948
-0.701901
0.7543
0.00161792

-0.968965
0.0559606
0.240783
0.182365
0.021672

0.106463
0.373471
0.921512
0.928688
0.000117995

-0.106463
-0.373471
-0.921512
0.40199
0.008154

0.565648
-0.39879
0.721809
0.735074
0.00477505

0.905549
0.380759
-0.187095
0.251534
0.0464812

-0.905549
-0.380759
0.187095
-0.156874
0.111033

0.697693
-0.132417
0.704053
0.756104
0.00526258

-0.697693
0.132417
-0.704053
-1.44573
0.528913

-0.407832
-0.279855
0.869111
0.897455
0.000734659

0.407832
0.279855
-0.869111
-1.18941
0.314284

0.438554
0.141229
-0.887538
-7.06287
20.7448

-0.438554
-0.141229
0.887538
-0.094409
0.38225

-0.506971
-0.84228
-0.183154
-1.25459
0.319112

0.506971
0.84228
0.183154
0.925933
0.00034587

-0.0757169
-0.662685
-0.745061
-0.738593
0.174529

0.0757169
0.662685
0.745061
0.873977
0.000926934

-0.738472
-0.0674261
-0.670905
0.261264
0.0220334

0.738472
0.0674261
0.670905
0.747989
0.002567

-0.727829
-0.685759
0
0.788508
0.00132881

0.727829
0.685759
0
0.688695
0.00264001

0.0133341
0.949187
-0.31443
0.713011
0.00339116

-0.0133341
-0.949187
0.31443
0.3094
0.0195328

0.00315523
-0.239644
-0.970856
-0.403608
0.191964

-0.00315523
0.239644
0.970856
0.156954
0.0694462

0.813534
-0.424452
0.397496
0.179061
0.0469302

-0.813534
0.424452
-0.397496
0.243425
0.0398612

-0.871147
0.491023
0
0.579176
0.0230112

0.897314
-0.424332
0.121536
0.651578
0.00863452

-0.897314
0.424332
-0.121536
-0.505546
0.161204

0.506269
-0.839604
-0.196867
0.798742
0.000887061

-0.794463
0.261633
0.548066
0.26536
0.0437828

0.794463
-0.261633
-0.548066
-0.123832
0.102351

0.0617588
-0.351988
-0.933965
-0.704556
0.116158

-0.0617588
0.351988
0.933965
0.981161
2.41418e-05

0.39969
-0.295289
-0.867786
0.849768
0.00142218

-0.160691
0.708196
0.687486
0.696168
0.00993727

0.160691
-0.708196
-0.687486
-1.9198
0.910435

0.154959
0.0793942
0.984726
0.920172
0.00478711

-0.154959
-0.0793942
-0.984726
-35.9005
1012.77

0.721926
0.691971
0
0.704547
0.00307232

-0.721926
-0.691971
0
0.669072
0.00375019

0.152946
-0.327917
0.932244
0.889666
0.00227801

-0.152946
0.327917
-0.932244
-6.66208
10.916

0.534894
0.81804
-0.211422
0.507588
0.0152683

-0.499235
0.506572
0.702958
0.787075
0.00157702

0.977989
0.127698
0.165017
-1.48085
0.651929

-0.977989
-0.127698
-0.165017
0.572544
0.0193605

0.477938
-0.818303
-0.319306
0.260821
0.0227939

0.232073
0.518022
-0.823283
0.204767
0.0330312

-0.970999
0.0414132
-0.23547
-0.415803
0.132733

0.970999
-0.0414132
0.23547
0.681422
0.00672264

0.0966778
0.371243
-0.923489
-0.480311
0.311998

-0.0966778
-0.371243
0.923489
-0.748959
0.435352

-0.0636699
0.62961
0.774298
0.851806
0.00607134

-0.556004
-0.354704
-0.751695
0.979868
5.57506e-05

0.556004
0.354704
0.751695
-5.65522
6.0808

0.281748
-0.905599
-0.31703
-1.27354
0.671308

-0.281748
0.905599
0.31703
0.132665
0.0977318

0.33585
-0.331402
0.88169
0.797005
0.00266224

0.0149169
-0.828541
-0.55973
-3.74967
5.03924

-0.0149169
0.828541
0.55973
-0.0864122
0.26381

0.614778
-0.706136
0.351312
-3.0226
3.63242

-0.614778
0.706136
-0.351312
-0.448125
0.470824

-0.795304
0.251716
-0.551481
-0.147109
0.0805338

-0.356766
0.328426
0.87456
0.873624
0.00379315

0.356766
-0.328426
-0.87456
-8.91407
23.2541

0.486815
0.134444
-0.863097
0.919335
0.000234528

-0.486815
-0.134444
0.863097
-0.0219339
0.0362814

0.202383
-0.097927
-0.974398
0.972495
0.000279215

-0.202383
0.097927
0.974398
-17.5933
126.783

-0.330291
-0.163495
-0.929611
-1.25265
0.498383

0.330291
0.163495
0.929611
0.586248
0.0169923

0.0200819
-0.0122096
0.999724
0.0671017
0.0285091

0.137195
-0.202791
0.969563
0.495877
0.0168382

-0.137195
0.202791
-0.969563
-0.0335027
0.0701446

0.709956
0.303392
-0.635543
0.897162
0.00057562

-0.451769
-0.821455
-0.348019
-1.86051
1.13672

0.451769
0.821455
0.348019
0.284873
0.0710849

0.284365
-0.0895344
-0.954526
-1.14006
0.40061

-0.284365
0.0895344
0.954526
0.677729
0.00923751

0.739661
0.180649
0.648281
-0.109759
0.106668

-0.739661
-0.180649
-0.648281
0.138746
0.0642453

-0.484256
-0.488637
0.725762
0.75587
0.00414462

0.484256
0.488637
-0.725762
-0.696804
0.196962

0.473698
-0.003926
-0.880678
-0.782321
0.344442

-0.473698
0.003926
0.880678
0.207861
0.0680605

-0.462708
-0.514121
0.722206
0.179159
0.0511186

0.462708
0.514121
-0.722206
0.102839
0.0610597

0.438017
0.772881
-0.459125
-1.056
0.35718

-0.438017
-0.772881
0.459125
0.685189
0.00840859

-0.862813
0.209822
-0.459922
-3.38091
2.73909

0.862813
-0.209822
0.459922
0.705536
0.0124105

-0.178599
-0.340211
-0.923233
-3.06044
1.62068

0.178599
0.340211
0.923233
0.942615
0.000324527

-0.901381
-0.433027
0
0.402897
0.0252664

0.901381
0.433027
0
0.482947
0.0202292

0.0321284
-0.207681
0.977669
0.891156
0.00119007

-0.0321284
0.207681
-0.977669
-2.45198
1.13494

0.408277
-0.870175
0.275871
0.535497
0.00305638

-0.821833
0.0124622
-0.569592
0.0784837
0.0443697

0.821833
-0.0124622
0.569592
0.655118
0.00621947

-0.599852
-0.314047
0.735902
0.760441
0.0106137

0.599852
0.314047
-0.735902
-5.47766
7.74627

0.26374
-0.118983
-0.957227
0.580566
0.0151567

-0.26374
0.118983
0.957227
-0.795439
0.274423

0.374452
0.491856
-0.786042
-10.1933
36.4521

-0.374452
-0.491856
0.786042
0.74815
0.0185471

-0.159658
-0.281709
0.946123
0.935638
0.00309014

0.159658
0.281709
-0.946123
-36.0721
1013.53

0.423231
0.86661
0.264317
0.0637696
0.0415104

0.902883
0.104164
0.417075
-0.761522
0.153423

-0.902883
-0.104164
-0.417075
0.939712
0.00018126

-0.429759
-0.544471
-0.720318
-6.83169
10.9912

0.429759
0.544471
0.720318
0.928207
0.000946249

0.722363
0.691514
0
-0.874386
0.169188

-0.722363
-0.691514
0
0.96082
7.52882e-05

-0.558259
-0.419711
-0.715674
0.717293
0.00207798

0.558259
0.419711
0.715674
0.694953
0.0024189

-0.245267
0.335209
0.909659
0.140805
0.0490912

0.245267
-0.335209
-0.909659
0.345592
0.0284873

-0.0732899
-0.367492
-0.927134
-3.87308
2.88834

0.0732899
0.367492
0.927134
0.914994
0.000889889

0.465007
-0.521345
0.715519
0.892731
0.000664024

0.809522
0.148968
0.567876
0.966188
4.43635e-05

-0.809522
-0.148968
-0.567876
-0.423858
0.0757833

0.285779
0.340338
0.895824
0.800571
0.00660578

-0.285779
-0.340338
-0.895824
-4.93346
5.84214

0.497486
0.769368
0.400724
0.882688
0.000777853

-0.497486
-0.769368
-0.400724
-0.698944
0.160891

0.511341
-0.0706109
0.856472
0.911721
0.000381668

-0.511341
0.0706109
-0.856472
-0.517717
0.110051

0.0307012
0.132143
-0.990755
-16.7638
125.49

-0.0307012
-0.132143
0.990755
0.865681
0.00725502

-0.562398
0.537235
-0.628559
0.645943
0.00379183

0.562398
-0.537235
0.628559
0.670144
0.00329177

0.711114
0.703077
0
0.291556
0.0319999

-0.711114
-0.703077
0
0.264571
0.0344837

0.644157
0.169695
-0.745832
0.465137
0.0281632

-0.212316
-0.344621
-0.914417
-0.0940089
0.0771914

0.212316
0.344621
0.914417
0.549383
0.0131046

-0.236396
-0.60993
-0.756374
-0.00959182
0.102691

0.236396
0.60993
0.756374
-0.277763
0.164372

0.796297
-0.505355
0.332457
-0.101376
0.125453

-0.796297
0.505355
-0.332457
-0.243344
0.159876

-0.571962
-0.53279
-0.623694
-4.0319
4.30889

0.571962
0.53279
0.623694
0.608117
0.0261561

-0.949028
-0.315191
0
-1.08037
0.56214

0.949028
0.315191
0
0.016701
0.125694

-0.333986
0.0864692
-0.938603
0.855515
0.00183027

0.693809
0.0361424
0.719252
-5.76987
7.90267

-0.693809
-0.0361424
-0.719252
0.865704
0.00312029

0.318565
-0.516753
-0.794659
-0.148681
0.123444

-0.318565
0.516753
0.794659
0.0255315
0.0888402

-0.43644
0.0451545
0.8986
0.916414
0.00160859

0.43644
-0.0451545
-0.8986
-9.11396
23.4014

0.382937
0.203743
0.901026
0.918188
0.000541124

-0.180145
0.405327
0.896246
0.859575
0.0064227

-0.83264
-0.0141315
-0.553635
-8.3171
22.6628

0.83264
0.0141315
0.553635
0.68384
0.0261019

0.611746
-0.531308
0.58607
-0.684182
0.115563

-0.611746
0.531308
-0.58607
0.976351
2.40113e-05

-0.725679
0.19963
0.658436
0.455404
0.0198535

0.725679
-0.19963
-0.658436
-0.0126817
0.0685912

-0.586837
-0.0418464
0.808623
-0.0891962
0.158818

0.586837
0.0418464
-0.808623
-1.02536
0.548453

0.684751
-0.399428
-0.609568
-3.20765
2.6699

-0.684751
0.399428
0.609568
0.59274
0.0250964

0.0318877
-0.699527
0.713894
0.31041
0.411216

-0.0318877
0.699527
-0.713894
-32.7897
987.261

0.587208
-0.197241
0.785037
0.0355681
0.0324502

-0.587208
0.197241
-0.785037
0.905623
0.000342884

0.33897
-0.532594
-0.775528
-2.88525
1.84987

-0.33897
0.532594
0.775528
0.771667
0.00639788

-0.800126
-0.0530514
0.597482
-3.87587
5.14594

0.800126
0.0530514
-0.597482
0.0560331
0.192893

-0.152003
0.908663
0.388878
0.821218
0.00193265

-0.174036
-0.965801
-0.192199
-0.230717
0.0602726

0.945818
0.27867
0.166649
0.645263
0.00604674

-0.945818
-0.27867
-0.166649
0.234035
0.0279471

0.479483
-0.340109
-0.808964
-0.900192
0.310104

-0.479483
0.340109
0.808964
0.612446
0.0130233

0.546412
0.81651
0.186401
0.555824
0.0129006

-0.546412
-0.81651
-0.186401
-0.130331
0.083506

-0.942269
0.123551
0.31123
0.460812
0.0167831

-0.922097
-0.384241
-0.0457879
-2.41042
1.12972

0.922097
0.384241
0.0457879
0.874385
0.00153281

-0.0626052
0.72031
-0.690821
-2.35278
1.9263

0.0626052
-0.72031
0.690821
0.037787
0.158706

-0.129856
0.0991495
-0.986563
-16.9768
125.959

0.129856
-0.0991495
0.986563
0.901362
0.00379871

0.443721
-0.214792
-0.870044
0.775405
0.00289312

-0.443721
0.214792
0.870044
-0.2988
0.0938702

-0.131574
0.328936
0.935141
0.520881
0.0849647

0.131574
-0.328936
-0.935141
-11.9553
61.9417

-0.219849
-0.790307
0.57191
-6.50884
14.4927

0.219849
0.790307
-0.57191
0.387035
0.0966898

-0.150755
0.0936065
0.984129
0.988747
8.93464e-05

-0.700775
-0.453082
0.551027
-0.12838
0.0654846

0.700775
0.453082
-0.551027
0.76505
0.00287369

0.424942
0.888003
0.175715
0.423629
0.0169162

-0.424942
-0.888003
-0.175715
0.423629
0.0169162

-0.217816
-0.459091
-0.861273
-1.18197
0.341581

0.217816
0.459091
0.861273
0.847751
0.0017274

0.357646
-0.868249
0.343851
-2.46992
1.98171

-0.357646
0.868249
-0.343851
0.187585
0.108643

0.0492845
0.303152
-0.951667
0.969352
0.000234737

-0.0492845
-0.303152
0.951667
-11.2593
37.5023

0.183902
0.526176
-0.830253
-2.79394
2.11945

-0.183902
-0.526176
0.830253
0.51608
0.0346601

-0.0396024
-0.155821
-0.986991
-5.4735
6.03307

0.0396024
0.155821
0.986991
0.953651
0.000336725

0.41784
-0.649566
0.635196
-1.1296
0.969603

-0.41784
0.649566
-0.635196
-1.73536
1.59947

0.359693
0.933071
0
0.945351
0.000117234

-0.359693
-0.933071
0
-0.280175
0.0616462

0.702837
0.398594
-0.589189
0.821218
0.00901694

-0.702837
-0.398594
0.589189
-10.442
36.7798

0.82116
-0.236531
-0.519374
0.573335
0.00944063

-0.82116
0.236531
0.519374
0.221394
0.0314268

-0.169484
0.901264
-0.398745
-1.05957
0.424307

0.169484
-0.901264
0.398745
0.485108
0.0265568

0.233359
0.937142
0.259438
0.772613
0.00436269

-0.233359
-0.937142
-0.259438
-1.25454
0.415444

-0.288121
-0.0957558
-0.952794
-10.5851
36.9506

0.288121
0.0957558
0.952794
0.856974
0.0056406

-0.0178267
-0.451908
0.891886
0.473406
0.0415981

0.0178267
0.451908
-0.891886
-2.74466
2.10073

0.712366
0.564788
-0.416592
0.411015
0.0230396

-0.712366
-0.564788
0.416592
0.0636387
0.0581722

-0.358208
0.0132486
-0.933548
-9.21177
23.4664

0.358208
-0.0132486
0.933548
0.933891
0.000987364

-0.73731
0.197672
0.645988
0.957991
9.21208e-05

0.73731
-0.197672
-0.645988
-0.760513
0.143384

-0.271695
0.892692
0.359559
0.731635
0.00558357

0.271695
-0.892692
-0.359559
-0.941423
0.291255

0.606882
0.472403
-0.639164
-1.20183
0.489728

-0.606882
-0.472403
0.639164
0.530967
0.0222283

-0.592247
0.428582
0.68232
0.0813991
0.035065

0.947064
0.040017
-0.318542
0.159948
0.0656862

-0.947064
-0.040017
0.318542
-0.296718
0.15647

0.353373
0.171432
-0.91964
-0.962449
0.344709

-0.353373
-0.171432
0.91964
0.58902
0.0152864

0.830982
-0.43492
0.346864
0.659298
0.00724093

0.827145
0.561988
0
0.380539
0.0234631

-0.827145
-0.561988
0
0.232348
0.036014

0.27674
-0.940321
-0.19802
-2.97105
1.60683

-0.27674
0.940321
0.19802
0.917578
0.000694156

0.510133
0.1081
0.853275
0.873441
0.000849024

-0.510133
-0.1081
-0.853275
-0.539016
0.125071

0.322413
0.841363
0.433773
0.993586
4.50009e-06

0.0747135
-0.7804
0.6208
0.473406
0.0415737

-0.0747135
0.7804
-0.6208
-2.74466
2.10094

-0.458555
-0.446032
-0.768624
0.421726
0.012217

0.458555
0.446032
0.768624
0.719362
0.00287964

-0.0635792
-0.869482
0.489856
-1.03135
0.419514

0.0635792
0.869482
-0.489856
0.448959
0.0308771

-0.083345
-0.743571
0.663443
-0.270596
0.312686

0.083345
0.743571
-0.663443
-2.42929
2.27616

0.438205
0.088556
0.894502
0.908419
0.00061879

0.631622
-0.152774
-0.760075
-0.0350298
0.0811024

-0.631622
0.152774
0.760075
0.304048
0.0367486

0.882366
0.470564
0
0.947579
0.00410409

0.896824
-0.0341003
0.441071
-1.32821
0.562212

-0.896824
0.0341003
-0.441071
0.544519
0.0215614

0.301619
-0.380684
0.874131
0.905152
0.00110806

0.223047
0.170946
0.959702
0.216466
0.184226

-0.223047
-0.170946
-0.959702
-7.45894
21.425

0.776339
0.171287
0.606596
0.955227
0.000268382

-0.776339
-0.171287
-0.606596
-4.92126
4.65023

0.0895577
-0.753183
-0.651686
-0.38164
0.115995

-0.0895577
0.753183
0.651686
0.740558
0.00414487

-0.0224574
0.226316
0.973795
0.944276
0.00155115

-0.857911
-0.416589
0.300737
0.0856974
0.0568387

0.857911
0.416589
-0.300737
0.36044
0.0278223

-0.675463
0.607871
-0.417423
-0.639015
0.273384

0.675463
-0.607871
0.417423
0.235577
0.0595102

-0.254529
0.334383
0.907415
0.907891
0.00173447

0.58966
-0.807652
0
0.263903
0.105903

-0.58966
0.807652
0
-3.18575
3.06978

-0.20282
-0.238611
0.949699
0.961409
0.000750505

0.20282
0.238611
-0.949699
-23.767
300.353

-0.464094
0.838839
-0.284545
-0.609033
0.367869

0.464094
-0.838839
0.284545
-0.609033
0.367869

-0.232546
-0.617818
-0.751148
-1.17324
0.340774

0.232546
0.617818
0.751148
0.842472
0.00184096

0.398447
-0.668847
-0.627601
0.7776
0.00157263

-0.398447
0.668847
0.627601
0.488542
0.00815682

0.0395851
0.523073
0.851368
0.310831
0.0279542

-0.0395851
-0.523073
-0.851368
0.356761
0.0243545

0.221705
-0.0489374
0.973885
0.979882
7.24126e-05

-0.0398815
-0.2837
0.958083
0.835873
0.0066168

0.0398815
0.2837
-0.958083
-8.76728
23.1119

-0.40838
0.843813
-0.348146
-0.217449
0.123831

0.40838
-0.843813
0.348146
0.292733
0.0421488

-0.113642
0.532389
0.838837
-1.17437
0.484762

0.113642
-0.532389
-0.838837
0.499024
0.0258996

-0.141248
-0.218345
0.965595
0.9848
3.09708e-05

0.141248
0.218345
-0.965595
-5.13088
4.68625

-0.780389
0.415809
0.467008
0.401022
0.0156189

0.860374
0.210016
0.464381
0.594009
0.0212634

-0.860374
-0.210016
-0.464381
-2.37294
1.46438

0.0661066
-0.148736
0.986665
0.668999
0.0611501

-0.0661066
0.148736
-0.986665
-21.9863
294.796

0.688201
0.72552
0
-4.23893
3.60346

-0.688201
-0.72552
0
0.905901
0.00119246

0.108356
-0.195898
0.974619
0.920172
0.00474338

-0.0966209
-0.581393
-0.807865
0.673194
0.00799501

0.0966209
0.581393
0.807865
-0.673926
0.208856

-0.281676
-0.291492
-0.914162
-0.979656
0.233714

0.281676
0.291492
0.914162
0.904899
0.000585696

0.250237
-0.277106
0.927682
0.810283
0.00645441

-0.307012
-0.63841
-0.705816
0.356384
0.0895997

0.307012
0.63841
0.705816
-4.79253
7.24338

-0.290894
-0.956755
0
0.75088
0.00136297

0.290894
0.956755
0
0.757145
0.00129569

0.362406
0.196844
0.910997
-15.817
123.112

-0.362406
-0.196844
-0.910997
0.6309
0.0594884

0.333632
0.541317
-0.771794
-0.925827
0.184026

-0.333632
-0.541317
0.771794
0.959043
8.68911e-05

-0.0251022
0.994731
-0.099395
0.285796
0.0375814

0.0251022
-0.994731
0.099395
0.0343369
0.0687014

0.0976777
0.0374143
0.994515
0.643537
0.0177078

-0.0976777
-0.0374143
-0.994515
-2.9607
2.18346

0.466039
-0.306473
-0.829989
-3.44679
2.32675

-0.466039
0.306473
0.829989
0.889138
0.00145758

0.29402
0.480839
0.826042
0.861175
0.000324784

0.525221
-0.779655
-0.341
-0.769597
0.23393

-0.525221
0.779655
0.341
0.705577
0.00649311

0.620074
0.499944
0.604618
0.587607
0.00708108

-0.457344
0.232208
-0.858438
-3.50531
3.98767

0.457344
-0.232208
0.858438
0.172497
0.134603

-0.589768
-0.00504686
-0.807557
-0.901836
0.246191

0.589768
0.00504686
0.807557
0.817233
0.00233963

-0.376473
0.358702
0.854167
0.66135
0.00895566

0.376473
-0.358702
-0.854167
-0.726716
0.229667

0.192938
-0.432698
-0.880652
-1.40351
0.393742

-0.192938
0.432698
0.880652
0.913105
0.000554432

0.0465173
-0.712463
-0.700166
-2.73438
2.87048

-0.0465173
0.712463
0.700166
-0.303948
0.35023

0.329292
0.257886
0.908329
0.902483
0.00145955

-0.00291004
-0.90563
0.424059
0.695502
0.0133363

0.00291004
0.90563
-0.424059
-3.36395
2.73281

-0.0688243
-0.583459
0.809221
0.79634
0.00389288

-0.361124
0.509994
0.780702
0.611683
0.00878417

-0.461407
-0.195675
0.865341
0.091611
0.0647208

0.461407
0.195675
-0.865341
0.13243
0.0590369

0.0680561
0.441065
0.894891
-0.281408
0.145505

-0.0680561
-0.441065
-0.894891
0.234864
0.0518839

0.611434
-0.51178
0.603514
-3.01313
2.20122

-0.611434
0.51178
-0.603514
0.67855
0.0141889

0.380719
-0.00993956
-0.924637
-1.2016
0.447096

-0.380719
0.00993956
0.924637
0.642038
0.0118292

-0.38463
-0.0278409
-0.922651
0.621887
0.014409

0.38463
0.0278409
0.922651
-1.40449
0.575972

-0.47787
-0.700009
-0.530686
0.896904
0.00248896

-0.167716
0.437786
-0.883298
-2.13305
0.950644

0.167716
-0.437786
0.883298
0.830553
0.00285727

-0.636131
0.550385
-0.540752
-2.14887
1.81939

0.636131
-0.550385
0.540752
-0.270355
0.298319

0.457486
-0.724707
0.515273
0.574435
0.00639536

-0.457486
0.724707
-0.515273
0.63138
0.00480636

0.837353
0.546663
0
0.549185
0.00896641

-0.837353
-0.546663
0
0.489537
0.0114284

-0.170558
-0.899498
-0.40226
-0.637265
0.157178

0.170558
0.899498
0.40226
0.842309
0.00147217

-0.766319
-0.0785809
0.637636
0.856595
0.00495578

0.766319
0.0785809
-0.637636
-8.84519
23.192

0.0236989
0.270738
-0.962361
-1.10638
0.283183

-0.0236989
-0.270738
0.962361
0.895981
0.000746676

-0.0526436
0.271714
0.960937
-0.27778
0.263874

0.0526436
-0.271714
-0.960937
-1.50255
1.01129

-0.54691
0.781968
-0.299023
0.881773
0.000818983

-0.333295
0.814299
-0.475218
-0.331617
0.208575

0.333295
-0.814299
0.475218
-0.331617
0.208575

0.530745
0.449074
0.718778
-0.972363
0.446344

-0.530745
-0.449074
-0.718778
0.21324
0.0711697

0.536355
-0.644606
0.544799
0.862628
0.00196714

-0.326484
0.0172381
-0.945046
-13.8239
64.883

0.326484
-0.0172381
0.945046
0.97383
0.000203113

-0.276199
0.859625
0.429837
-0.39825
0.10448

0.276199
-0.859625
-0.429837
0.831423
0.00154835

-0.703721
-0.135461
0.697443
0.963979
7.40565e-05

0.703721
0.135461
-0.697443
-0.942176
0.184667

0.542495
-0.419189
0.727997
0.63667
0.0195418

0.257615
-0.70109
0.664912
0.952385
6.09147e-05

0.682065
-0.17305
0.710522
0.917591
0.00212629

-0.682065
0.17305
-0.710522
-13.3589
64.4675

0.927254
-0.3052
0.216916
0.278862
0.0237913

-0.927254
0.3052
-0.216916
0.646643
0.00571746

-0.749553
0.365787
-0.551698
-8.42436
22.786

0.749553
-0.365787
0.551698
0.725286
0.0193665

-0.433827
0.0628599
0.898801
0.93371
2.59171e-05

-0.90817
0.418602
0
-2.14879
0.820553

0.90817
-0.418602
0
0.911128
0.00181407

-0.300013
-0.356854
0.884673
0.786803
0.00133174

0.300013
0.356854
-0.884673
0.573074
0.00513512

-0.370877
0.435816
-0.82007
-8.88066
23.2153

0.370877
-0.435816
0.82007
0.865514
0.00435554

-0.575022
-0.606738
-0.548833
0.964364
0.000186392

0.198971
0.0622513
0.978026
0.853724
0.00857682

-0.198971
-0.0622513
-0.978026
-16.6994
125.435

-0.0227661
-0.303908
0.952429
0.979396
0.000104414

0.821478
0.336363
-0.460471
0.917086
0.000526885

-0.821478
-0.336363
0.460471
-1.74131
0.564533

0.763973
0.101364
0.637237
0.803714
0.00662906

-0.763973
-0.101364
-0.637237
-4.40604
4.44967

-0.722863
-0.334804
-0.604463
-0.434339
0.151509

0.722863
0.334804
0.604463
0.584126
0.0128028

0.228566
0.0418959
-0.972626
-17.4868
126.597

-0.228566
-0.0418959
0.972626
0.963483
0.000515078

-0.72617
-0.339156
0.598039
-0.678999
0.418031

0.72617
0.339156
-0.598039
-0.678999
0.418031

-0.51578
0.556394
0.651457
-1.82111
0.512704

0.51578
-0.556394
-0.651457
0.974494
5.35369e-05

-0.699237
0.0394553
0.713801
0.832064
0.00498512

0.0162683
0.743274
0.668789
0.433074
0.0222067

-0.536605
-0.797672
-0.275273
-3.5108
3.3259

0.536605
0.797672
0.275273
0.546503
0.0336184

-0.106566
0.122599
-0.986718
0.0847905
0.123945

0.106566
-0.122599
0.986718
-1.71457
1.08722

-0.891494
0.0242583
0.452383
0.96471
5.0249e-05

0.891494
-0.0242583
-0.452383
-0.387738
0.0710354

0.44967
-0.523345
-0.723814
-0.49048
0.536104

-0.44967
0.523345
0.723814
-3.44679
4.76906

-0.634837
0.741339
0.217713
0.0721918
0.0763553

0.634837
-0.741339
-0.217713
-0.0843647
0.104292

-0.467076
-0.611438
-0.638736
0.462856
0.0163151

-0.643187
0.104811
-0.758502
-12.4143
62.981

0.643187
-0.104811
0.758502
0.69205
0.0332187

0.222572
0.850411
0.47672
-0.842883
0.259612

-0.222572
-0.850411
-0.47672
0.70958
0.00645845

-0.850083
-0.0407779
-0.525067
-3.25057
2.68792

0.850083
0.0407779
0.525067
0.622856
0.0212191

0.881631
0.47194
0
0.808055
0.00753632

-0.881631
-0.47194
0
-1.52227
0.522759

0.785407
0.335281
-0.52031
-0.772716
0.316593

-0.785407
-0.335281
0.52031
0.332487
0.0449583

0.250801
0.931224
-0.264425
-1.1016
0.625001

-0.250801
-0.931224
0.264425
-0.182148
0.197776

-0.00976844
-0.99905
-0.0424617
0.89721
0.000693385

0.00976844
0.99905
0.0424617
-1.18889
0.31434

-0.0380613
0.913446
-0.405176
0.803041
0.00172409

0.0380613
-0.913446
0.405176
0.0110807
0.0433639

-0.904759
0.377278
-0.19767
0.913715
0.000296844

-0.541529
-0.154908
-0.826287
-0.566282
0.305084

0.541529
0.154908
0.826287
-0.258983
0.197218

-0.18791
-0.909903
0.369819
-0.514259
0.0977247

0.18791
0.909903
-0.369819
0.94753
0.000121579

-0.290684
-0.247428
-0.924274
0.205865
0.020118

0.290684
0.247428
0.924274
0.891406
0.000425242

-0.537383
0.24746
0.806215
0.807408
0.000749196

0.537383
-0.24746
-0.806215
0.732071
0.00144932

0.249599
-0.156948
0.955546
0.722348
0.00157162

0.563141
0.532254
0.632122
0.688627
0.00538523

-0.563141
-0.532254
-0.632122
-0.0669003
0.0625915

-0.41057
-0.429994
-0.804076
-0.74727
0.163523

0.41057
0.429994
0.804076
0.909291
0.000449235

-0.0673745
0.231638
0.970466
0.8738
0.0121217

0.0673745
-0.231638
-0.970466
-35.4714
1010.88

0.754533
0.284315
0.591477
0.625532
0.0156572

-0.754533
-0.284315
-0.591477
-1.83189
0.891459

0.184161
-0.284999
0.94067
0.740391
0.00468047

-0.184161
0.284999
-0.94067
-0.622563
0.178216

-0.134612
-0.893933
0.427509
-0.0327779
0.0849769

0.134612
0.893933
-0.427509
0.219073
0.0486069

0.939264
0.100008
-0.328301
0.258758
0.0423455

-0.939264
-0.100008
0.328301
-0.0159566
0.0795247

0.544298
-0.260462
0.797433
0.843696
0.00523415

-0.544298
0.260462
-0.797433
-7.50148
15.4647

-0.340872
0.931356
0.127997
0.999164
7.34933e-08

-0.768386
0.50453
-0.393741
0.977292
7.3355e-05

0.0510468
0.679978
0.731454
0.75952
0.0168191

-0.0510468
-0.679978
-0.731454
-10.229
36.5033

0.890469
0.455044
0
0.356384
0.0992106

-0.890469
-0.455044
0
-4.79253
7.00152

-0.111144
-0.587555
0.801515
0.986955
3.68924e-06

-0.0296443
0.547763
0.836108
0.543124
0.0232693

-0.538519
-0.448187
-0.71353
-0.755314
0.201719

0.538519
0.448187
0.71353
0.804965
0.00254442

-0.395565
0.499542
0.770705
-0.182333
0.0647737

0.395565
-0.499542
-0.770705
0.846001
0.00114762

0.256018
0.611406
-0.748757
-1.26197
0.416521

-0.256018
-0.611406
0.748757
0.77804
0.00402785

0.235996
0.217153
0.94718
0.777572
0.00723665

0.421818
0.114684
-0.899398
-0.0576189
0.101795

-0.501152
-0.56982
-0.651269
0.674453
0.00706057

0.501152
0.56982
0.651269
-0.409911
0.132298

-0.116487
-0.908304
0.401764
0.802931
0.00303707

0.116487
0.908304
-0.401764
-0.953931
0.270636

0.519629
0.262172
-0.813174
0.4239
0.0481412

-0.519629
-0.262172
0.813174
-2.42288
1.69916

0.419423
0.783457
-0.458561
-1.73829
0.698191

-0.419423
-0.783457
0.458561
0.782162
0.00444441

0.636793
0.296375
0.711799
0.219073
0.0487014

-0.220145
0.816949
-0.533039
-1.36875
0.695522

0.220145
-0.816949
0.533039
0.276581
0.0649587

0.0810204
0.0569523
-0.995084
-1.66295
0.754576

-0.0810204
-0.0569523
0.995084
0.613244
0.019168

0.51228
-0.0376408
-0.857993
-0.986006
0.411625

-0.0366276
0.134861
-0.990187
-9.83982
35.9396

0.0366276
-0.134861
0.990187
0.618912
0.0444215

-0.222557
-0.0732763
0.972162
-0.133985
0.12217

0.222557
0.0732763
-0.972162
-0.0147102
0.0978834

-0.862379
-0.428004
0.270397
0.407196
0.0334323

0.862379
0.428004
-0.270397
-0.742111
0.288581

0.578845
0.707265
-0.405851
0.247234
0.0340241

-0.578845
-0.707265
0.405851
0.390261
0.0223349

0.20262
0.979257
0
0.400818
0.0302991

-0.20262
-0.979257
0
-0.0817021
0.0897673

0.356852
-0.0906164
0.929756
0.611983
0.0163813

-0.356852
0.0906164
-0.929756
-1.66156
0.762501

0.0203635
-0.303395
-0.952647
-0.0657256
0.0721031

0.393503
0.039859
-0.918459
-0.152207
0.139328

-0.393503
-0.039859
0.918459
-0.225342
0.157577

0.251751
-0.0667379
-0.965488
0.718496
0.00535142

-0.158833
0.240583
0.957545
0.975234
0.000128919

-0.4593
0.285327
0.841209
0.813006
0.00218289

0.4593
-0.285327
-0.841209
-0.651038
0.168773

0.69573
-0.563649
-0.445264
0.517974
0.0113201

-0.8065
-0.0775872
0.586122
0.626342
0.00275613

0.8065
0.0775872
-0.586122
0.890026
0.000255073

0.298016
-0.0572896
0.95284
0.93617
0.000602379

0.554067
-0.26486
-0.789214
-1.22222
0.376722

-0.554067
0.26486
0.789214
0.81666
0.00262842

-0.137087
0.201749
-0.969796
0.421338
0.0211838

0.137087
-0.201749
0.969796
0.132369
0.0475613

-0.840665
-0.493433
0.223172
0.450647
0.0161118

-0.0195752
-0.767055
0.641283
0.81666
0.00260684

0.0195752
0.767055
-0.641283
-1.22222
0.376754

-0.768953
0.402247
-0.4969
-0.4343
0.0719943

-0.525104
-0.006524
0.851013
0.878097
0.00167649

0.525104
0.006524
-0.851013
-3.11856
1.90698

0.326471
0.936546
-0.127665
-0.712502
0.198196

-0.326471
-0.936546
0.127665
0.769764
0.00358443

0.150011
-0.568871
-0.80863
0.588952
0.0200724

0.163685
-0.229976
-0.959332
0.347058
0.00977976

0.339779
-0.146111
0.929087
0.888016
0.00071883

-0.339779
0.146111
-0.929087
-0.608103
0.136872

-0.380739
-0.899827
0.212952
0.390137
0.0127137

0.380739
0.899827
-0.212952
0.778209
0.00168247

-0.206685
-0.435051
-0.876363
0.864149
0.000252642

-0.0758513
0.191762
-0.978506
-2.69443
1.55127

0.0758513
-0.191762
0.978506
0.805022
0.00432512

-0.170623
0.0890534
0.981304
0.979856
2.7738e-05

-0.172793
-0.631479
0.755895
-0.327665
0.176584

-0.571788
-0.472044
0.670994
0.660511
0.0102706

-0.119612
-0.992821
0
-0.748959
0.435252

0.119612
0.992821
0
-0.480311
0.311823

-0.345131
-0.760349
0.55023
0.887894
0.00170146

-0.644429
0.677395
-0.35475
0.062098
0.0511083

0.644429
-0.677395
0.35475
0.565604
0.0109814

0.0114743
0.782334
0.622754
0.689101
0.00629749

-0.0114743
-0.782334
-0.622754
-0.377941
0.122582

0.246031
-0.883629
-0.398332
-0.551469
0.279871

-0.246031
0.883629
0.398332
-0.104506
0.141851

-0.590858
-0.0972579
0.800892
-6.72338
14.7391

0.590858
0.0972579
-0.800892
0.51729
0.0577521

0.361085
0.811719
0.459053
-1.28415
0.383164

-0.361085
-0.811719
-0.459053
0.854561
0.00157103

-0.554686
0.0553949
-0.830214
-0.258983
0.19722

0.554686
-0.0553949
0.830214
-0.566282
0.305085

-0.535532
0.705531
0.464146
0.64812
0.00749862

-0.350973
0.536852
0.767208
0.695502
0.0133311

0.350973
-0.536852
-0.767208
-3.36395
2.73291

-0.340019
-0.940419
0
0.718254
0.0187517

0.340019
0.940419
0
-7.13984
15.1119

-0.702873
0.306438
-0.641923
-0.838897
0.549159

0.702873
-0.306438
0.641923
-0.838897
0.549159

0.122271
-0.946953
-0.297203
0.33461
0.0269921

-0.122271
0.946953
0.297203
0.285336
0.0311349

-0.35726
-0.314637
0.879414
0.904477
0.000195653

-0.639041
0.482869
0.598718
-0.355139
0.0867459

0.639041
-0.482869
-0.598718
0.881828
0.000665571

-0.229062
-0.295051
-0.927618
-2.17819
0.958984

0.229062
0.295051
0.927618
0.853014
0.00205192

-0.245257
-0.546035
0.801058
0.900744
0.00202501

0.245257
0.546035
-0.801058
-7.7237
15.6097

0.750922
0.660391
0
0.645844
0.00821531

-0.750922
-0.660391
0
0.0619832
0.0495524

0.723604
0.323182
-0.609877
-1.64749
1.06409

-0.723604
-0.323182
0.609877
-0.0199621
0.158077

-0.297729
0.132592
-0.945398
-0.0259104
0.0766561

0.297729
-0.132592
0.945398
0.355747
0.0303614

0.194406
0.110203
0.974711
-0.0717193
0.0927366

-0.194406
-0.110203
-0.974711
0.229639
0.0479473

0.420285
0.420376
0.804142
0.604537
0.0129165

-0.420285
-0.420376
-0.804142
-0.743991
0.248846

-0.0090576
-0.25784
0.966145
0.868572
0.000592062

0.0090576
0.25784
-0.966145
0.186204
0.0225488

-0.754746
0.656017
0
0.765269
0.00374162

0.754746
-0.656017
0
-0.707355
0.197769

0.405079
0.898437
0.169473
-2.06545
0.939486

-0.405079
-0.898437
-0.169473
0.793188
0.00427956

0.539086
-0.807388
0.239812
0.637967
0.0073667

-0.539086
0.807388
-0.239812
-0.00564933
0.056779

0.0758864
0.59374
0.80107
0.0781994
0.0572701

-0.0758864
-0.59374
-0.80107
0.37802
0.0260789

-0.580342
0.419017
0.698303
0.898734
0.000881294

0.580342
-0.419017
-0.698303
-1.96287
0.729425

-0.528353
0.748356
-0.401008
-0.721359
0.264947

0.528353
-0.748356
0.401008
0.484635
0.0237846

-0.168115
-0.42068
0.891496
0.924558
0.000796091

0.168115
0.42068
-0.891496
-4.77603
4.61343

0.459296
0.605078
-0.650329
-0.719915
0.185573

-0.459296
-0.605078
0.650329
0.823049
0.00196885

-0.267664
-0.758448
0.594232
0.34749
0.0853841

0.267664
0.758448
-0.594232
-4.18236
5.38395

-0.0758847
0.410881
0.908525
-0.100332
0.077635

0.788578
-0.388046
-0.477038
0.245354
0.028503

-0.788578
0.388046
0.477038
0.624137
0.00749712

0.0665166
0.0997757
0.992784
0.843696
0.0053149

0.160183
0.110896
0.980838
-0.950348
0.791434

-0.160183
-0.110896
-0.980838
-1.8085
1.64039

0.913727
0.406328
0
0.796351
0.0243772

-0.913727
-0.406328
0
-16.4247
119.451

-0.608101
0.501476
-0.615414
-0.359532
0.0885396

0.608101
-0.501476
0.615414
0.884782
0.00103262

0.899537
0.228169
-0.372522
-0.103337
0.0817512

-0.899537
-0.228169
0.372522
0.509626
0.0161717

-0.102755
0.934365
0.34118
0.47183
0.00960372

0.102755
-0.934365
-0.34118
0.725939
0.00259516

0.831953
-0.306881
-0.462254
0.819895
0.00233137

0.324935
0.940022
-0.103806
0.382257
0.0288292

-0.324935
-0.940022
0.103806
-0.140855
0.0983217

-0.149004
-0.194858
0.969447
0.961654
0.000303986

0.713631
-0.334994
-0.615232
-3.38091
2.73855

-0.713631
0.334994
0.615232
0.705536
0.0124362

-0.661202
0.181439
0.727936
0.62279
0.00817153

-0.413487
-0.91051
0
-0.245457
0.0963184

0.413487
0.91051
0
0.672874
0.00704336

0.540758
-0.67324
0.504309
0.0553348
0.0861431

-0.540758
0.67324
-0.504309
-0.25262
0.151398

-0.0992664
0.377359
-0.920732
-5.43614
12.9486

0.0992664
-0.377359
0.920732
-0.609047
0.809336

-0.160306
0.608322
-0.777333
-0.308609
0.139871

0.160306
-0.608322
0.777333
0.383679
0.0311464

0.351603
0.756469
-0.55148
0.609536
0.00607574

-0.172526
-0.878719
-0.44507
-0.611798
0.189397

0.172526
0.878719
0.44507
0.670624
0.00794107

0.72069
-0.192437
0.666014
0.622789
0.0121506

-0.72069
0.192437
-0.666014
-0.909622
0.311272

0.231708
0.173305
0.957223
-0.763756
0.341206

-0.231708
-0.173305
-0.957223
0.174313
0.0748389

-0.0276981
-0.0875658
-0.995774
-36.5731
1015.59

0.0276981
0.0875658
0.995774
0.971008
0.00060576

-0.786272
-0.610696
0.093951
-1.38868
0.573389

0.786272
0.610696
-0.093951
0.606653
0.0155516

-0.847763
-0.0266176
0.529707
0.52961
0.0104553

0.847763
0.0266176
-0.529707
0.396857
0.0171821

0.921614
-0.388109
0
0.739488
0.0116024

-0.921614
0.388109
0
-2.57773
1.47849

0.761385
-0.030679
0.647574
0.509625
0.0308136

-0.761385
0.030679
-0.647574
-2.06483
1.19952

-0.0213214
0.758769
0.651011
-0.0388187
0.0670872

0.0213214
-0.758769
-0.651011
0.55816
0.0122023

-0.69669
0.407789
0.590196
0.91725
0.00095942

0.691426
0.0543004
-0.720404
-6.61611
10.888

-0.691426
-0.0543004
0.720404
0.877623
0.00284943

-0.614656
-0.0779051
-0.784939
-2.87363
1.84647

0.614656
0.0779051
0.784939
0.765292
0.00679974

-0.542002
-0.641319
0.543088
0.535251
0.00653267

0.851046
0.525091
0
-2.42929
2.27678

-0.851046
-0.525091
0
-0.270596
0.31257

-0.239381
-0.903815
-0.354705
-0.837136
0.180035

0.239381
0.903815
0.354705
0.925667
0.000300235

0.72072
-0.172095
0.671525
0.702684
0.00305872

0.706724
0.707489
0
-0.711269
0.227951

-0.706724
-0.707489
0
0.644348
0.00984713

-0.0605034
-0.638691
0.767081
0.482487
0.010006

0.0605034
0.638691
-0.767081
0.670383
0.00410232

-0.448969
0.416977
-0.79029
0.0833948
0.103688

0.765503
0.167697
0.621195
-0.0855434
0.145703

-0.765503
-0.167697
-0.621195
-0.722089
0.362809

-0.998337
0.057645
0
0.102369
0.0958294

0.998337
-0.057645
0
-0.909022
0.433419

-0.553595
0.183676
-0.812278
-2.3151
1.1129

0.553595
-0.183676
0.812278
0.830393
0.0029203

-0.91469
-0.268597
0.30199
-6.00533
10.4765

0.91469
0.268597
-0.30199
0.645355
0.0268691

-0.263883
0.889285
-0.373548
0.66994
0.00405716

0.263883
-0.889285
0.373548
0.482685
0.00992219

-0.928477
-0.371389
0
0.943055
0.00257374

0.725629
-0.0743119
-0.684062
0.891377
0.000652798

-0.725629
0.0743119
0.684062
-0.713908
0.161716

-0.956512
0.149365
0.250549
-0.372211
0.115272

0.956512
-0.149365
-0.250549
0.730483
0.00444778

-0.702946
-0.1699
-0.690652
0.0672653
0.0383395

0.702946
0.1699
0.690652
0.78632
0.00206027

-0.956749
0.073744
0.281412
0.905306
0.000311473

0.956749
-0.073744
-0.281412
0.0536495
0.0306956

0.736437
-0.651939
-0.180655
0.289029
0.0405294

-0.736437
0.651939
0.180655
-0.134397
0.103177

-0.0818044
-0.331445
-0.939921
-8.23727
22.5667

0.0818044
0.331445
0.939921
0.650752
0.0322639

0.342054
0.315052
0.885292
-0.383375
0.0575469

-0.342054
-0.315052
-0.885292
0.992495
5.2767e-06

0.273223
0.481304
0.832884
0.912989
0.000220596

0.808601
0.177363
0.560987
0.188486
0.0665459

-0.808601
-0.177363
-0.560987
-0.543904
0.240594

0.849087
0.528253
0
0.023236
0.182942

-0.849087
-0.528253
0
-2.63294
2.33223

-0.81327
0.0689552
0.577786
-0.961108
0.293361

0.81327
-0.0689552
-0.577786
0.748622
0.00483129

-0.769132
0.48672
0.414173
0.594927
0.0043962

0.769132
-0.48672
-0.414173
0.782161
0.00127404

-0.319846
0.697646
-0.641084
-0.951939
0.442214

0.319846
-0.697646
0.641084
0.178726
0.0783146

0.72761
-0.26449
0.632952
0.893124
0.00142583

0.627199
-0.778859
0
-1.05993
0.258065

-0.627199
0.778859
0
0.909624
0.000629178

0.0325922
-0.667223
0.744145
0.794057
0.00245379

0.784865
0.513221
-0.347263
-10.4214
36.7021

-0.784865
-0.513221
0.347263
0.81569
0.00977488

0.125179
-0.248848
-0.960419
0.614859
0.0122342

-0.125179
0.248848
0.960419
-0.752827
0.249888

0.577899
0.617628
0.53345
-1.38543
0.430481

-0.577899
-0.617628
-0.53345
0.856484
0.00158171

-0.326086
-0.94534
0
0.689131
0.0214967

0.326086
0.94534
0
-6.09627
10.4646

-0.785838
-0.618432
0
-0.379169
0.315306

0.785838
0.618432
0
-1.45187
0.990837

0.0114364
-0.167769
0.98576
-6.43261
14.402

-0.0114364
0.167769
-0.98576
0.335959
0.114972

0.00125021
0.000812857
0.999999
0.723986
0.00548933

-0.00125021
-0.000812857
-0.999999
-0.662929
0.194135

-0.0705326
-0.731596
-0.67808
0.138623
0.108106

-0.489734
0.572061
-0.657957
0.532936
0.0214271

0.489734
-0.572061
0.657957
-1.09917
0.430875

-0.777742
0.468642
-0.418917
-0.872731
0.464972

0.777742
-0.468642
0.418917
-0.177967
0.184015

0.0121762
0.825803
-0.563827
0.0467975
0.078476

-0.0121762
-0.825803
0.563827
-0.00270915
0.0868368

-0.914276
-0.364376
-0.177004
-0.863094
0.423832

-0.0867468
0.949019
-0.303047
-1.3143
0.559607

0.0867468
-0.949019
0.303047
0.529312
0.0231689

0.675724
0.737155
0
0.395078
0.0195015

0.703776
0.156872
-0.692886
-0.318081
0.149395

-0.703776
-0.156872
0.692886
0.310233
0.0409234

0.807683
-0.284543
0.516413
-0.152255
0.131338

-0.807683
0.284543
-0.516413
-0.0873458
0.116967

-0.436852
0.353334
0.827234
0.755418
0.0122286

0.436852
-0.353334
-0.827234
-6.24991
10.6577

0.37307
0.346061
0.860849
0.637059
0.0146918

0.0148793
-0.00418674
0.99988
0.827603
0.00644907

-0.0148793
0.00418674
-0.99988
-7.44745
15.4222

0.841735
0.53989
0
0.116821
0.105521

-0.841735
-0.53989
0
-1.40444
0.78206

-0.649721
0.354737
0.672327
0.515395
0.0240014

0.649721
-0.354737
-0.672327
-1.18828
0.487275

0.695606
0.540737
-0.473008
-10.2961
36.6075

-0.695606
-0.540737
0.473008
0.780065
0.0138846

-0.154624
0.416168
-0.896044
-1.64188
0.451822

0.154624
-0.416168
0.896044
0.959115
0.000128007

-0.352248
-0.898232
0.262871
0.74473
0.0121433

-0.742188
-0.196128
0.640852
0.405723
0.0117948

0.742188
0.196128
-0.640852
0.782856
0.00157859

0.241722
-0.126394
0.962078
0.692703
0.05248

-0.241722
0.126394
-0.962078
-22.0814
295.106

-0.0716108
-0.586194
-0.807
-1.36875
0.695424

0.0716108
0.586194
0.807
0.276581
0.0650626

-0.362348
-0.227625
0.90382
0.789362
0.0126963

0.362348
0.227625
-0.90382
-10.3276
36.6433

0.369042
0.197746
-0.908132
0.852539
0.00136125

-0.029363
-0.879876
0.474295
0.287237
0.0403517

0.029363
0.879876
-0.474295
-0.0611581
0.0882808

-0.710276
0.667379
-0.223859
0.311998
0.0269409

0.710276
-0.667379
0.223859
0.397909
0.0206351

0.695031
0.447472
0.562761
-0.354095
0.227518

-0.695031
-0.447472
-0.562761
-0.456266
0.263126

0.179941
0.336717
-0.924253
-12.6078
63.3478

-0.179941
-0.336717
0.924253
0.751499
0.0211575

-0.602588
-0.55854
0.570018
0.771562
0.00294819

-0.661941
-0.317852
0.678826
0.717535
0.00815095

0.661941
0.317852
-0.678826
-1.79005
0.788258

0.821031
-0.134737
0.554756
0.722579
0.0145403

-0.821031
0.134737
-0.554756
-5.39176
7.69199

0.331241
-0.0591501
0.94169
0.873491
0.00337078

-0.00847558
0.951464
-0.307645
0.928707
0.00014549

0.00847558
-0.951464
0.307645
0.207859
0.0174975

0.612985
-0.199711
-0.764438
0.988664
2.80338e-05

-0.282712
0.021835
-0.958956
0.898868
8.07749e-05

0.719186
-0.355797
0.596809
0.353589
0.0262001

-0.719186
0.355797
-0.596809
0.2233
0.0378223

-0.979265
0.0872732
-0.182819
0.456236
0.0106068

-0.81324
0.167235
-0.557381
-2.70235
1.16765

0.81324
-0.167235
0.557381
0.964488
0.00011412

0.150481
0.708299
-0.689687
-22.7122
297.677

-0.150481
-0.708299
0.689687
0.825789
0.0161181

-0.387275
0.834894
0.391113
0.705536
0.0124015

0.387275
-0.834894
-0.391113
-3.38091
2.73927

0.155044
0.145077
-0.977197
0.850964
0.00239404

-0.155044
-0.145077
0.977197
-2.56214
1.31992

-0.00288669
0.200252
-0.97974
0.665972
0.00691019

0.00288669
-0.200252
0.97974
-0.240138
0.0952098

-0.112372
0.941779
0.316897
-0.54199
0.150708

-0.123175
-0.896808
0.424927
0.766779
0.00389771

0.123175
0.896808
-0.424927
-0.836883
0.240392

-0.612512
0.616836
0.49431
0.63379
0.0086949

-0.483578
-0.00065465
-0.875301
-8.48873
22.8569

0.483578
0.00065465
0.875301
0.748541
0.0160554

-0.0542236
-0.144497
-0.988018
-16.6994
125.423

0.0542236
0.144497
0.988018
0.853724
0.00858826

-0.718828
-0.194705
0.667366
0.9931
4.42745e-06

0.718828
0.194705
-0.667366
-1.62379
0.368712

0.83205
0.5547
0
-0.164144
0.361554

-0.0186702
0.538071
0.842693
0.838012
0.00343739

0.0186702
-0.538071
-0.842693
-3.6489
2.83

0.0549883
-0.662266
-0.747249
-0.221115
0.0873569

-0.0549883
0.662266
0.747249
0.729226
0.00546406

-0.0652521
-0.757957
-0.649033
0.612758
0.00488635

0.0652521
0.757957
0.649033
0.660474
0.00376714

0.659791
0.37598
0.650626
0.698421
0.00551191

-0.659791
-0.37598
-0.650626
-0.265882
0.0968524

-0.312003
0.553881
0.771926
0.771314
0.00086384

0.460283
0.581174
0.671101
0.574149
0.0114183

-0.460283
-0.581174
-0.671101
-0.0778241
0.0726895

0.304709
-0.835055
-0.458077
-5.05583
5.89779

-0.304709
0.835055
0.458077
0.846092
0.0038116

-0.877528
0.460716
-0.132987
0.824001
0.000832862

-0.119056
-0.438184
-0.890966
0.54772
0.00549688

0.119056
0.438184
0.890966
0.813602
0.000946972

-0.550793
-0.37046
-0.747922
0.841581
0.00157845

0.550793
0.37046
0.747922
0.372025
0.014461

0.661065
0.37542
0.649656
0.365983
0.0424203

-0.661065
-0.37542
-0.649656
-0.971369
0.409041

-0.0699077
0.367382
-0.927439
-1.96673
0.730228

0.0699077
-0.367382
0.927439
0.900285
0.000830583

0.0217483
0.0445416
0.998771
0.954864
0.000448067

-0.0519118
-0.0998611
0.993646
0.993041
6.9146e-06

-0.949372
0.314154
0
0.235578
0.0596675

0.330972
-0.625181
-0.706828
-0.253831
0.0782154

-0.330972
0.625181
0.706828
0.829414
0.00149287

-0.0704473
-0.184719
-0.980263
-0.265414
0.185164

0.0704473
0.184719
0.980263
-0.354186
0.212051

0.542512
-0.0237377
-0.839713
-35.9735
1013.4

-0.542512
0.0237377
0.839713
0.926965
0.00396209

0.819315
0.32599
0.47165
0.293056
0.0267182

0.498413
0.558909
-0.662725
0.310876
0.0300057

-0.498413
-0.558909
0.662725
0.257888
0.0347965

0.415357
0.12525
-0.900994
0.0229466
0.0340709

-0.415357
-0.12525
0.900994
0.901532
0.000390075

-0.83771
-0.161645
-0.521645
-0.831635
0.498199

0.83771
0.161645
0.521645
-0.539073
0.351799

-0.0511719
0.260409
0.964141
0.701928
0.0185159

0.0511719
-0.260409
-0.964141
-6.12429
10.5718

-0.0920662
-0.106014
0.990093
-0.802121
0.37771

0.0920662
0.106014
-0.990093
0.0805521
0.0985909

-0.125439
-0.695036
0.707948
0.650058
0.00345265

-0.385756
0.0231729
0.92231
0.745607
0.00395089

0.385756
-0.0231729
-0.92231
-0.34574
0.107554

0.0537671
0.020102
0.998351
0.744776
0.00718777

-0.0537671
-0.020102
-0.998351
-0.956575
0.293298

-0.715058
-0.425187
-0.554894
0.236148
0.141872

0.715058
0.425187
0.554894
-5.37485
9.87255

0.462416
-0.375243
0.803346
0.856058
0.00243152

-0.691435
-0.324375
0.645522
0.602025
0.00783827

-0.0537117
-0.625932
0.778026
-1.62044
1.34601

0.0537117
0.625932
-0.778026
-0.858258
0.676883

-0.521938
-0.237045
-0.819384
-2.75442
1.35428

0.521938
0.237045
0.819384
0.923379
0.000564678

0.764633
-0.037717
-0.643361
-1.99225
1.04249

-0.764633
0.037717
0.643361
0.615451
0.0173028

-0.216924
-0.180769
0.959305
0.969352
0.000238647

-0.57068
-0.715759
0.402508
-0.462759
0.333911

0.57068
0.715759
-0.402508
-1.10637
0.692304

0.310435
0.912916
0.264978
0.818033
0.00180173

-0.310435
-0.912916
-0.264978
-0.382235
0.103569

0.124951
-0.129476
-0.983678
-1.2726
0.349509

-0.124951
0.129476
0.983678
0.896176
0.000788192

-0.706209
0.708003
0
-1.08279
0.391402

0.706209
-0.708003
0
0.621618
0.0172523

-0.0519529
-0.950675
-0.305806
0.0815234
0.0654373

0.0519529
0.950675
0.305806
0.161348
0.0545615

0.176009
-0.37146
0.911613
-0.864934
0.181442

-0.176009
0.37146
-0.911613
0.937377
0.000235392

-0.404183
-0.843631
-0.353446
0.448547
0.014436

0.404183
0.843631
0.353446
0.478348
0.01292

0.337759
-0.689513
0.640696
0.730971
0.0116234

-0.337759
0.689513
-0.640696
-4.24794
4.41686

-0.376698
0.574374
0.726769
0.559593
0.0232427

0.376698
-0.574374
-0.726769
-1.92915
1.02683

0.397292
-0.0250549
0.91735
0.965054
5.73006e-05

-0.397292
0.0250549
-0.91735
-0.687971
0.1234

-0.135414
0.323585
0.936459
0.894351
0.000866315

0.529179
0.588375
-0.611379
0.738267
0.0031264

-0.529179
-0.588375
0.611379
0.14221
0.0331334

0.0267871
0.799343
0.600277
0.875429
0.00101587

-0.0267871
-0.799343
-0.600277
-0.993125
0.253461

-0.813414
0.168799
0.556655
0.86641
0.000660612
