
-0.143579
-0.860299
-0.489153
0.996343
3.67732e-06

-0.799884
0.159874
0.578468
0.942726
0.000856701

-0.121111
-0.0667401
0.990393
0.948481
0.000588404

0.121111
0.0667401
-0.990393
-9.30478
23.5217

0.177617
0.639196
-0.748251
-0.379173
0.231807

-0.177617
-0.639196
0.748251
-0.379173
0.231807

0.122271
-0.946953
-0.297203
0.33461
0.0269921

-0.122271
0.946953
0.297203
0.285336
0.0311349

0.696669
-0.689626
0.197655
0.135472
0.041898

-0.696669
0.689626
-0.197655
0.554304
0.0111447

-0.30009
0.0136939
-0.953813
0.779996
0.00534189

0.67548
0.585545
0.448178
0.412202
0.00908299

-0.75551
0.239073
-0.609958
0.356385
0.0414319

0.75551
-0.239073
0.609958
-0.787824
0.318967

0.639968
0.0603251
0.76603
0.754813
0.00384138

0.420434
0.286488
-0.860906
-17.3998
126.517

-0.420434
-0.286488
0.860906
0.955129
0.000772725

-0.683787
-0.237297
-0.690019
0.644456
0.0129106

0.902443
-0.406809
0.141785
0.815209
0.00185849

-0.902443
0.406809
-0.141785
-0.378957
0.10338

-0.569947
0.391386
0.72248
0.735356
0.00219413

0.569947
-0.391386
-0.72248
0.566407
0.0058013

0.56813
-0.162166
0.806803
-4.18236
5.38111

-0.56813
0.162166
-0.806803
0.34749
0.0855357

0.705252
0.543747
-0.454928
-13.4305
64.5371

-0.705252
-0.543747
0.454928
0.928434
0.00159632

-0.0881012
0.311784
0.94606
0.936273
0.000148306

-0.306659
0.271756
-0.9122
-2.16398
1.39629

0.306659
-0.271756
0.9122
0.398821
0.0506581

0.107095
0.263609
-0.958666
0.926414
0.000390154

0.0849396
0.760374
0.643908
0.650752
0.0323328

-0.0849396
-0.760374
-0.643908
-8.23727
22.5587

0.782115
0.247318
0.571953
0.611196
0.00602618

-0.782115
-0.247318
-0.571953
0.498283
0.00998294

-0.858833
0.323384
0.397277
0.441364
0.0164239

0.858833
-0.323384
-0.397277
0.368172
0.0210016

-0.209372
-0.00818917
-0.977802
-1.37641
0.774025

0.209372
0.00818917
0.977802
0.0717084
0.118117

0.0671923
0.87032
0.487882
0.59891
0.0152517

-0.0671923
-0.87032
-0.487882
-1.15882
0.440464

0.707158
0.204677
0.676783
0.512817
0.0195384

-0.707158
-0.204677
-0.676783
-0.545759
0.19575

-0.50332
0.343601
-0.792848
-8.19451
22.5014

0.50332
-0.343601
0.792848
0.632221
0.0361379

0.865654
0.140825
0.480428
0.447864
0.0417794

-0.865654
-0.140825
-0.480428
-2.21153
1.41326

-0.412011
-0.240175
-0.878956
-0.930843
1.116

0.412011
0.240175
0.878956
-4.36346
8.60662

-0.467386
-0.0475278
0.882775
0.834021
0.00200696

0.860541
-0.464557
-0.208941
-1.43077
0.710596

-0.860541
0.464557
0.208941
0.360254
0.0494254

-0.780214
0.419332
0.464141
0.864787
0.0059239

-0.473419
-0.792845
-0.383759
0.918231
0.000419872

0.473419
0.792845
0.383759
-1.15471
0.286629

0.0240369
-0.374991
0.926717
0.410643
0.0409968

-0.0240369
0.374991
-0.926717
-1.47102
0.720424

-0.421231
0.1571
0.893244
0.888134
0.00047208

0.421231
-0.1571
-0.893244
0.139966
0.0250918

0.920393
-0.390996
0
-1.48958
0.708977

-0.920393
0.390996
0
0.432898
0.0481643

-0.0501185
-0.750064
-0.659463
-12.6914
63.4864

0.0501185
0.750064
0.659463
0.77496
0.0172105

0.184152
-0.036833
0.982207
0.982586
3.36615e-05

-0.715934
0.509054
-0.477811
-2.40736
1.47467

0.715934
-0.509054
0.477811
0.621402
0.018253

-0.0344737
-0.287133
-0.95727
-9.3376
23.5368

0.0344737
0.287133
0.95727
0.953167
0.00048597

-0.728308
-0.0436133
-0.683861
0.64521
0.00745737

-0.549294
0.156732
0.820799
-0.01139
0.224852

0.549294
-0.156732
-0.820799
-3.81458
5.09531

-0.539178
0.0114844
0.842114
0.94321
0.000989242

0.539178
-0.0114844
-0.842114
-13.5381
64.652

0.674373
0.323495
0.663756
-5.69778
10.1996

-0.674373
-0.323495
-0.663756
0.470196
0.0639511

0.209364
0.118538
0.970626
0.982132
5.94053e-05

-0.209364
-0.118538
-0.970626
-8.24772
15.8363

0.421397
0.906876
0
0.465305
0.0125227

-0.421397
-0.906876
0
0.541584
0.00920605

-0.579754
-0.292914
-0.76032
-2.18419
0.959292

0.579754
0.292914
0.76032
0.855853
0.00201465

0.65412
-0.13026
-0.74509
-1.57446
0.743917

-0.65412
0.13026
0.74509
0.527141
0.025228

-0.0702188
-0.464923
-0.882562
0.458007
0.0741776

0.0702188
0.464923
0.882562
-6.62175
14.6213

-0.335748
-0.33856
-0.879005
0.211901
0.0206283

0.390607
-0.147168
-0.908718
0.372168
0.0222226

-0.390607
0.147168
0.908718
0.351067
0.0237413

0.430576
0.0383235
-0.90174
0.966638
0.000119335

-0.430576
-0.0383235
0.90174
-3.7508
2.38279

0.879069
0.469692
0.0814065
0.556583
0.023589

-0.879069
-0.469692
-0.0814065
-1.92591
1.02601

0.374095
0.853736
0.362198
0.89146
0.00130736

0.246217
-0.687045
-0.683627
-0.367385
0.115077

-0.246217
0.687045
0.683627
0.725222
0.00470982

0.212549
0.920741
0.3272
0.676006
0.00557258

0.8015
0.597994
0
-1.10637
0.692274

-0.8015
-0.597994
0
-0.462759
0.334014

-0.317624
0.396
-0.861567
0.961638
0.000107179

-0.12043
0.512626
0.850124
-2.66887
1.16351

0.12043
-0.512626
-0.850124
0.957242
0.000176735

0.310385
0.913163
-0.264186
-0.154492
0.0853989

-0.310385
-0.913163
0.264186
0.594272
0.0107297

0.429304
-0.476933
0.766964
0.73154
0.0107987

-0.429304
0.476933
-0.766964
-3.80527
3.45861

0.28044
-0.592827
0.754924
0.699646
0.00733695

-0.28044
0.592827
-0.754924
-0.986008
0.320675

-0.437615
-0.661168
0.609385
0.594928
0.00878335

0.437615
0.661168
-0.609385
0.154849
0.0380265

0.421045
-0.221024
0.879699
0.214881
0.0470124

-0.421045
0.221024
-0.879699
0.0620193
0.0670145

0.162607
-0.147084
0.975667
0.904796
0.00357807

-0.162607
0.147084
-0.975667
-16.9994
125.923

-0.484486
-0.0219724
0.874523
0.91479
0.00192903

-0.222868
0.645983
0.730093
0.875377
0.000793732

0.222868
-0.645983
-0.730093
-0.418454
0.0997411

-0.313146
0.199572
0.928499
0.866694
0.0021263

0.313146
-0.199572
-0.928499
-0.783929
0.191638

-0.731542
0.320765
-0.601628
0.879558
0.000330219

0.731542
-0.320765
0.601628
0.593383
0.00354953

-0.707518
-0.550744
0.442832
0.828022
0.00483804

-0.00337401
-0.0251167
-0.999679
-1.34042
0.6224

0.00337401
0.0251167
0.999679
0.414896
0.0391686

0.355626
0.167992
0.919407
0.94001
0.00017494

-0.133514
0.751763
0.645775
0.71114
0.00767887

0.133514
-0.751763
-0.645775
-1.3876
0.520188

-0.489362
-0.148849
-0.859284
-16.3281
124.592

0.489362
0.148849
0.859284
0.773674
0.0212659

-0.0281688
0.476219
-0.878875
0.685747
0.00516125

0.0281688
-0.476219
0.878875
0.0586336
0.0454254

-0.194192
0.944943
-0.263386
-0.31361
0.100013

0.194192
-0.944943
0.263386
0.752543
0.00368754

-0.817193
0.165364
-0.552132
0.179159
0.0511703

0.817193
-0.165364
0.552132
0.102839
0.0611126

0.868138
-0.457042
-0.193518
-0.728562
0.286627

-0.868138
0.457042
0.193518
0.386512
0.0361134

-0.633815
-0.1153
0.764843
0.657544
0.0147273

0.633815
0.1153
-0.764843
-2.45535
1.48808

-0.0443377
-0.980744
0.190199
-1.36934
0.517494

0.0443377
0.980744
-0.190199
0.69598
0.00852616

0.54221
0.819639
0.184935
-0.714727
0.426833

-0.54221
-0.819639
-0.184935
-0.574795
0.360014

0.105791
-0.20927
0.972118
0.959812
0.00023083

0.304719
0.0477996
-0.951242
0.932617
0.000411039

-0.304719
-0.0477996
0.951242
-2.21253
0.851173

-0.604166
0.118784
0.787956
0.821117
0.00156138

0.534308
0.84529
0
-1.09874
0.47092

-0.534308
-0.84529
0
0.403022
0.0381742

-0.41305
0.339685
0.844987
0.813969
0.00976582

-0.187552
0.875346
-0.445639
0.622665
0.0147311

0.187552
-0.875346
0.445639
-1.53299
0.662053

0.421805
-0.872839
-0.245424
-3.01021
3.04816

-0.421805
0.872839
0.245424
0.0703304
0.163844

-0.715418
0.152708
-0.681805
0.550144
0.0111663

0.327109
0.140865
-0.934429
0.91451
0.000296584

-0.643808
-0.729421
0.231205
-7.25587
15.272

0.643808
0.729421
-0.231205
0.763152
0.0125826

-0.318559
-0.881646
-0.348168
0.318584
0.06671

0.318559
0.881646
0.348168
-2.09169
1.37184

-0.829314
0.215831
-0.515418
-4.19044
4.38994

0.829314
-0.215831
0.515418
0.701031
0.0145698

-0.568683
0.812867
0.125887
0.216771
0.026481

0.568683
-0.812867
-0.125887
0.726918
0.0032209

-0.0689643
-0.132243
0.988815
0.844338
0.00424731

0.569872
-0.678168
0.464042
0.593117
0.0102263

-0.0219415
0.226316
0.973807
0.873624
0.00378358

0.0219415
-0.226316
-0.973807
-8.91407
23.2572

-0.198238
-0.614286
-0.763776
-0.18731
0.0749843

0.198238
0.614286
0.763776
0.764308
0.0029717

-0.714399
0.351976
0.60477
0.359171
0.0213512

0.714399
-0.351976
-0.60477
0.465774
0.0148583

-0.463647
-0.551611
-0.693366
0.992117
3.33338e-05

0.32487
-0.178888
0.928686
0.886953
0.00408974

-0.32487
0.178888
-0.928686
-13.1806
64.2495

0.33261
-0.547527
0.767844
0.673085
0.0139046

-0.770741
0.379967
-0.511451
-0.89055
0.308829

0.770741
-0.379967
0.511451
0.601668
0.0137225

-0.814486
-0.270971
0.513018
0.836958
0.00189162

0.814486
0.270971
-0.513018
-0.532587
0.133487

-0.340419
-0.604011
-0.720615
0.0680274
0.0413544

0.340419
0.604011
0.720615
0.733592
0.00339431

-0.813376
-0.103279
0.572498
0.787326
0.00196893

0.813376
0.103279
-0.572498
0.104732
0.0343135

-0.123797
0.8741
-0.469706
-0.228719
0.0996425

0.123797
-0.8741
0.469706
0.598785
0.0106333

0.0862774
0.64771
0.756986
0.383679
0.0309945

0.47168
-0.205703
-0.85744
0.940206
0.000118155

-0.47168
0.205703
0.85744
-0.038087
0.0351346

0.263328
0.945898
-0.189564
-0.4373
0.224788

-0.263328
-0.945898
0.189564
-0.0456517
0.11898

-0.0280533
-0.102312
0.994357
0.993796
1.46674e-05

0.401652
0.431121
-0.807967
-1.01666
0.416974

-0.401652
-0.431121
0.807967
0.429419
0.033543

0.110291
-0.603439
-0.789745
0.99312
1.43207e-05

-0.288903
-0.0196934
0.957156
-0.229245
0.117509

-0.0594141
0.983124
0.173025
0.0811752
0.0349331

0.0594141
-0.983124
-0.173025
0.814548
0.00142397

-0.345344
-0.547704
0.762075
0.89183
0.000747529

0.345344
0.547704
-0.762075
-0.953829
0.232026

0.582842
0.0357005
0.811801
0.619097
0.0112743

-0.582842
-0.0357005
-0.811801
-0.626457
0.204186

-0.951185
0.30862
0
0.934176
0.000287514

0.951185
-0.30862
0
-1.45826
0.398172

-0.535128
-0.68324
-0.496811
-1.71237
0.773259

0.535128
0.68324
0.496811
0.656374
0.0124561

-0.520364
0.589694
0.617643
0.564343
0.015198

0.520364
-0.589694
-0.617643
-0.583084
0.199707

-0.00373318
0.731438
-0.681898
-0.601482
0.154912

0.00373318
-0.731438
0.681898
0.815279
0.00210752

-0.36535
0.843814
-0.393061
-0.376072
0.0830103

0.36535
-0.843814
0.393061
0.915875
0.000317713

0.332854
-0.255494
0.907707
0.901513
0.000634405

-0.332854
0.255494
-0.907707
-1.19797
0.315032

0.181634
-0.678733
-0.711569
0.67064
0.00296289

-0.181634
0.678733
0.711569
0.710224
0.00229364

0.0132511
0.404601
-0.914397
-1.01571
0.324155

-0.0132511
-0.404601
0.914397
0.726398
0.00598564

0.0988628
-0.548424
0.830336
0.794457
0.00145141

-0.0988628
0.548424
-0.830336
0.36121
0.0139434

-0.431697
-0.502637
-0.748995
-6.39332
10.7614

0.431697
0.502637
0.748995
0.809038
0.00719532

-0.944097
-0.329666
0
0.889634
0.000534696

0.944097
0.329666
0
0.391379
0.0106543

0.199679
0.608835
-0.767755
-13.1806
64.2526

-0.199679
-0.608835
0.767755
0.886953
0.00408589

-0.39644
0.254838
0.881982
0.923615
0.00105355

0.39644
-0.254838
-0.881982
-6.80919
10.9881

-0.167723
-0.748014
0.642141
0.850293
0.00391921

0.167723
0.748014
-0.642141
-5.72034
7.87904

-0.403248
-0.80858
-0.428474
0.868612
0.00101736

-0.542499
0.223781
-0.809701
-4.97756
5.85838

0.542499
-0.223781
0.809701
0.817767
0.0055158

0.252147
-0.193009
0.948245
0.981344
0.000248438

-0.252147
0.193009
-0.948245
-36.7773
1016.11

0.485449
-0.223012
0.845343
0.797765
0.00741021

0.0158164
0.50117
-0.865205
-1.056
0.357161

-0.0158164
-0.50117
0.865205
0.685189
0.00849597

-0.487212
-0.0775834
0.86983
0.85817
0.00140104

0.487212
0.0775834
-0.86983
-1.11548
0.308284

-0.684616
0.498329
0.531948
-1.70893
0.862706

0.684616
-0.498329
-0.531948
0.50947
0.0283573

-0.895136
-0.445794
0
-4.96326
5.60336

0.895136
0.445794
0
0.812291
0.00944707

0.745917
0.596326
-0.296654
0.973435
4.39449e-05

-0.745917
-0.596326
0.296654
-1.59782
0.406695

-0.996938
0.0781908
0
-3.87031
2.87628

0.996938
-0.0781908
0
0.914211
0.00104119

0.378123
0.753813
-0.537391
-3.26533
1.64328

-0.378123
-0.753813
0.537391
0.981905
3.27639e-05

-0.433217
-0.551964
0.712502
0.82281
0.00356928

-0.346793
-0.483925
-0.803462
-10.8425
37.1838

0.346793
0.483925
0.803462
0.910454
0.00216115

-0.400769
0.234932
-0.885546
0.547604
0.00459138

0.400769
-0.234932
0.885546
0.884145
0.00031461

0.98556
-0.14928
0.0799218
-2.53278
5.70771

-0.98556
0.14928
-0.0799218
-6.21524
23.8084

0.44009
-0.334936
-0.83315
-16.6994
125.385

-0.44009
0.334936
0.83315
0.853724
0.00862563

-0.330091
0.865395
0.377004
0.99306
1.76478e-05

-0.640942
-0.177103
0.746879
0.637058
0.0145683

-0.656002
-0.39565
-0.642746
-0.372274
0.129497

0.656002
0.39565
0.642746
0.627329
0.00961928

-0.0757816
0.559776
-0.825172
-17.0212
125.983

0.0757816
-0.559776
0.825172
0.908055
0.00331758

0.892394
0.451257
0
-1.62288
0.678782

-0.892394
-0.451257
0
0.699533
0.00890799

-0.895678
0.444704
0
-0.121979
0.10791

0.895678
-0.444704
0
0.169289
0.0592001

-0.131103
-0.286174
0.949166
0.909065
0.00425486

-0.368525
0.45467
-0.810842
0.891552
0.000990512

-0.983131
-0.182902
0
-5.76987
7.90211

0.983131
0.182902
0
0.865704
0.00312462

-0.555935
0.621022
-0.552511
0.425345
0.0240738

0.555935
-0.621022
0.552511
-0.126327
0.0922803

0.963816
0.048261
-0.262163
0.786139
0.00396504

-0.963816
-0.048261
0.262163
-1.48854
0.534904

0.201442
-0.687398
-0.697786
-0.339853
0.101348

-0.201442
0.687398
0.697786
0.779209
0.00280709

0.636664
-0.3182
0.702429
0.942124
0.000186381

0.0817998
0.402696
0.911671
0.734652
0.00944573

-0.0817998
-0.402696
-0.911671
-3.10522
2.23063

-0.851209
-0.524826
0
-0.0343812
0.147311

0.851209
0.524826
0
-0.838894
0.423102

-0.505106
0.621908
0.598413
0.565604
0.0109739

0.505106
-0.621908
-0.598413
0.062098
0.0510972

0.587005
-0.215664
0.78033
0.726398
0.00599422

-0.227358
0.938583
0.259559
-2.0312
0.93305

0.227358
-0.938583
-0.259559
0.772473
0.00526572

-0.0872247
0.498435
0.862528
-12.7304
63.5387

0.0872247
-0.498435
-0.862528
0.785462
0.0156087

-0.255486
-0.47386
0.842724
0.77767
0.00324862

0.255486
0.47386
-0.842724
-0.663446
0.181331

0.31561
0.00788729
0.948856
0.975246
0.000439942

-0.31561
-0.00788729
-0.948856
-36.6514
1015.8

0.699807
-0.602973
0.383007
0.953358
6.12433e-05

-0.699807
0.602973
-0.383007
0.154843
0.0188084

0.547147
0.347838
0.761341
0.909534
0.000268555

-0.667181
-0.635871
0.387992
0.249061
0.027564

-0.479421
0.0238724
-0.87726
-1.01179
0.351399

0.479421
-0.0238724
0.87726
0.641946
0.0112696

-0.0482969
-0.998177
0.0361995
0.863757
0.00224061

0.0482969
0.998177
-0.0361995
-3.37671
2.31048

-0.188243
0.314909
0.930267
0.98841
0.000120896

-0.110989
-0.195841
0.974334
0.642038
0.0119905

0.110989
0.195841
-0.974334
-1.2016
0.446975

0.546992
-0.613232
-0.569865
0.954834
0.000618931

-0.546992
0.613232
0.569865
-13.6338
64.7379

0.0381516
-0.924685
0.378816
-1.34729
0.765552

-0.0381516
0.924685
-0.378816
0.0229769
0.132683

0.291178
0.70581
-0.645793
0.868723
0.000845851

-0.291178
-0.70581
0.645793
-0.371772
0.0922666

0.84071
0.334487
-0.425823
-0.154362
0.0504359

0.158555
0.112096
-0.980966
-0.984028
0.200957

-0.158555
-0.112096
0.980966
0.958322
0.000478671

-0.891014
-0.453977
0
0.562702
0.0254635

0.891014
0.453977
0
-1.02866
0.383972

0.300999
-0.938424
-0.169587
-4.01994
3.53714

-0.300999
0.938424
0.169587
0.830983
0.00405638

0.840439
-0.459715
0.286923
-0.154368
0.15806

-0.840439
0.459715
-0.286923
-0.548614
0.284412

-0.387865
-0.306908
-0.869119
0.924656
0.000220333

0.387865
0.306908
0.869119
0.0252891
0.031492

0.399591
0.138065
-0.906237
0.742296
0.00495864

-0.399591
-0.138065
0.906237
-0.878662
0.263286

-0.269019
0.263768
-0.926313
-8.00094
22.2587

0.269019
-0.263768
0.926313
0.541058
0.0578937

0.70766
0.448011
0.546355
0.576303
0.0273394

-0.70766
-0.448011
-0.546355
-3.18508
2.66059

0.859425
0.0569137
0.508084
0.533839
0.00988861

-0.545969
0.649171
0.529617
0.772374
0.00380701

-0.0207035
0.0751456
0.996958
0.943653
0.000250541

0.250756
-0.9494
-0.189107
-0.187623
0.152734

-0.250756
0.9494
0.189107
-0.265476
0.173414

0.878765
0.477254
0
0.729393
0.0128315

0.375619
-0.454154
0.80787
0.795104
0.00488096

-0.375619
0.454154
-0.80787
-2.67536
1.54561

-0.519341
-0.709884
-0.475762
-1.90006
0.462248

0.519341
0.709884
0.475762
0.998288
3.98413e-07

0.736959
-0.0711837
-0.672179
0.96983
3.27703e-05

0.33897
-0.532594
-0.775528
-2.88525
1.84987

-0.33897
0.532594
0.775528
0.771667
0.00639788

-0.675966
-0.566999
0.470724
0.478377
0.0232644

-0.645025
-0.381224
0.662277
0.642718
0.00733118

0.645025
0.381224
-0.662277
-0.0351317
0.0610102

-0.668532
-0.437945
-0.601056
-15.5501
122.316

0.668532
0.437945
0.601056
0.540277
0.0943846

-0.370413
-0.74275
0.557778
-0.619533
0.251285

0.370413
0.74275
-0.557778
0.327392
0.0434172

-0.91024
0.257417
0.324346
0.32312
0.0355751

0.91024
-0.257417
-0.324346
-0.112557
0.0960634

-0.0948802
0.699744
-0.708064
0.943979
0.000824379

0.353593
0.607562
-0.711225
-0.882572
0.392876

-0.353593
-0.607562
0.711225
0.226425
0.0663723

0.37621
-0.294946
0.878335
0.763539
0.00485929

-0.37621
0.294946
-0.878335
-0.36311
0.111711

0.831604
-0.0692246
-0.551039
-6.93792
14.9724

-0.831604
0.0692246
0.551039
0.628906
0.0327882

-0.791652
-0.149771
0.59233
0.594928
0.00877929

0.791652
0.149771
-0.59233
0.154849
0.0380204

0.279773
-0.358094
0.890784
-0.716305
0.692128

-0.279773
0.358094
-0.890784
-2.86169
3.50156

-0.853069
-0.0309923
-0.520877
-5.93826
10.4206

0.853069
0.0309923
0.520877
0.610806
0.0328039

-0.118281
0.786259
0.606471
0.802915
0.00210849

0.118281
-0.786259
-0.606471
-0.327415
0.0952195

0.0724686
-0.84695
0.52671
0.854056
0.00696477

-0.0724686
0.84695
-0.52671
-13.0165
64.0146

-0.583992
0.624331
-0.518811
0.963083
3.53946e-05

0.583992
-0.624331
0.518811
0.122035
0.0198129

-0.660693
0.705119
0.257472
0.90634
0.000627936

0.660693
-0.705119
-0.257472
-1.48782
0.440458

0.649151
-0.283718
-0.705767
-1.11473
0.473927

-0.649151
0.283718
0.705767
0.424345
0.035132

-0.866836
0.498594
0
0.899756
0.000759495

0.340801
0.147741
0.928454
0.946542
0.000237333

-0.435363
-0.787395
-0.436426
0.141846
0.0558218

0.435363
0.787395
0.436426
0.141846
0.0558218

-0.420137
-0.627267
0.65576
0.836036
0.00226182

0.420137
0.627267
-0.65576
-1.56904
0.545342

0.250975
-0.126047
0.959752
0.973811
4.29105e-05

-0.250975
0.126047
-0.959752
-1.59959
0.406775

0.466467
-0.293508
0.834423
0.902377
0.00221127

-0.202184
0.160627
0.966085
0.971872
3.87986e-05

0.202184
-0.160627
-0.966085
-0.971208
0.185687

0.949995
0.0312253
-0.310702
0.530697
0.0119057

-0.949995
-0.0312253
0.310702
0.224216
0.0325035

0.0262542
0.0751339
-0.996828
-0.505536
0.272043

-0.0262542
-0.0751339
0.996828
-0.219482
0.178628

0.0230491
-0.598839
0.800538
-1.24227
0.267923

-0.0230491
0.598839
-0.800538
0.972318
4.20286e-05

-0.162768
0.403207
0.900517
0.265355
0.0629897

0.162768
-0.403207
-0.900517
-1.11229
0.518774

-0.92411
-0.134761
-0.357576
-0.328031
0.0731907

0.92411
0.134761
0.357576
0.92517
0.000237906

0.416969
-0.408106
0.812149
0.830628
0.00236586

-0.416969
0.408106
-0.812149
-1.44573
0.480032

0.288812
0.242234
0.926235
-1.59555
0.833849

-0.288812
-0.242234
-0.926235
0.382374
0.0474623

-0.599997
-0.800002
0
-2.35278
1.90446

0.599997
0.800002
0
0.037787
0.163514

-0.292537
0.751889
0.590835
0.642874
0.00235954

-0.412608
0.640291
-0.647906
-2.39041
1.46988

0.412608
-0.640291
0.647906
0.608067
0.0196527

0.552789
0.476271
-0.683806
-2.75444
1.81189

-0.552789
-0.476271
0.683806
0.693518
0.0120941

-0.728774
-0.637833
-0.249114
0.847581
0.000654045

0.728774
0.637833
0.249114
0.450029
0.00841899

-0.307826
0.335537
-0.890313
-1.74013
0.627584

0.307826
-0.335537
0.890313
0.860676
0.00162961

-0.816418
0.577461
0
0.264571
0.0345527

0.816418
-0.577461
0
0.291556
0.0320678

0.0651781
0.643753
0.762453
0.796445
0.00172934

-0.661652
0.487772
-0.56947
-1.92795
0.812726

0.661652
-0.487772
0.56947
0.807967
0.00353162

-0.111194
-0.546859
-0.829808
-0.275271
0.114839

0.111194
0.546859
0.829808
0.550416
0.0143033

-0.399558
0.484086
0.778469
0.573362
0.0136059

0.399558
-0.484086
-0.778469
-0.426538
0.150875

-0.371362
0.856322
-0.358891
0.177885
0.0369995

0.371362
-0.856322
0.358891
0.550143
0.0110946

0.536278
-0.186306
0.823223
-0.376206
0.146145

-0.536278
0.186306
-0.823223
0.498853
0.019388

-0.132687
-0.219463
0.966556
0.982629
0.000144956

-0.826402
0.56308
0
-0.50679
0.349439

0.826402
-0.56308
0
0.112444
0.233455

-0.187165
0.447252
0.874605
0.909448
0.00111372

0.187165
-0.447252
-0.874605
-4.25147
3.60554

0.384109
-0.27232
0.882214
0.908055
0.000975549

-0.384109
0.27232
-0.882214
-3.5053
2.34018

-0.582756
0.674158
0.453769
-1.19354
0.265779

0.582756
-0.674158
-0.453769
0.959552
9.10335e-05

0.491243
-0.0799043
-0.86735
-0.217246
0.218969

-0.491243
0.0799043
0.86735
-1.2184
0.727078

-0.397384
0.45914
-0.794529
-6.53783
10.8433

0.397384
-0.45914
0.794529
0.855488
0.00404025

0.409153
0.782742
-0.468944
0.949418
8.53995e-05

-0.966893
0.171177
-0.189251
-1.34176
0.564786

0.966893
-0.171177
0.189251
0.558994
0.0200381

-0.132899
-0.601823
-0.787494
0.973349
5.77114e-05

0.189891
-0.214265
-0.95814
-1.93579
1.16008

-0.189891
0.214265
0.95814
0.374626
0.0529171

0.646281
0.763099
0
0.24558
0.0646524

-0.646281
-0.763099
0
-0.992135
0.450292

-0.0870922
-0.599483
0.795635
0.738683
0.00371715

0.0870922
0.599483
-0.795635
-0.164639
0.0738096

0.259838
-0.816106
0.516192
-2.20297
1.23826

-0.259838
0.816106
-0.516192
0.630559
0.0165272

0.179808
0.689906
-0.701212
0.512765
0.0112159

-0.179808
-0.689906
0.701212
0.425658
0.0155538

-0.449844
-0.149178
0.88056
0.904951
0.0021306

0.449844
0.149178
-0.88056
-9.05576
23.347

0.134568
0.0497303
0.989656
0.947972
0.00104937

-0.00993853
-0.503108
-0.864167
-1.09475
0.282338

0.00993853
0.503108
0.864167
0.890142
0.00082416

-0.319628
-0.408206
-0.855106
0.31941
0.01412

0.319628
0.408206
0.855106
0.870348
0.00055942

0.674495
0.73828
0
-1.42663
0.431366

-0.674495
-0.73828
0
0.878092
0.00184466

0.772385
0.537238
0.338816
0.351641
0.019586

0.51479
-0.472159
-0.715582
0.99133
5.02266e-06

-0.51479
0.472159
0.715582
-0.404054
0.060843

-0.604053
-0.489711
-0.628731
0.922086
0.000286063

-0.617126
0.55751
-0.555282
-1.05957
0.424302

0.617126
-0.55751
0.555282
0.485108
0.0265918

0.964058
-0.179505
-0.195883
0.997324
6.6534e-07

0.678114
-0.205249
-0.705716
-0.896973
0.265143

-0.678114
0.205249
0.705716
0.75804
0.00437805

-0.456971
0.253488
-0.852597
0.714825
0.00158056

0.456971
-0.253488
0.852597
0.835878
0.000524366

0.878686
0.188915
0.438431
-1.68577
0.959393

-0.878686
-0.188915
-0.438431
0.291775
0.0667731

0.165529
0.531286
-0.830865
0.975686
6.77878e-05

-0.927142
0.374711
0
-0.492218
0.257294

0.927142
-0.374711
0
-0.0742915
0.1389

-0.278844
0.903435
0.325655
0.00838435
0.0704796

0.278844
-0.903435
-0.325655
0.347278
0.0305411

0.182711
-0.24148
0.95305
0.787048
0.00431306

-0.182711
0.24148
-0.95305
-1.74594
0.698969

0.0415126
0.124538
-0.991346
-2.71316
7.55896

-0.0415126
-0.124538
0.991346
-8.50569
49.538

0.888173
0.196977
0.415148
0.419848
0.0165644

-0.888173
-0.196977
-0.415148
0.46784
0.0139419

-0.376403
0.0393399
-0.92562
-1.41167
0.705925

0.376403
-0.0393399
0.92562
0.335282
0.0538816

-0.110815
0.791195
0.601441
-13.3741
64.4677

0.110815
-0.791195
-0.601441
0.919949
0.00201714

-0.108307
-0.0623205
-0.992162
-36.2618
1014.52

0.108307
0.0623205
0.992162
0.950728
0.00178135

0.249456
0.77664
-0.578448
-1.21259
0.266618

-0.891292
0.384925
0.239649
0.51658
0.00924238

-0.162197
-0.268371
0.949563
0.932396
0.000824787

-0.730997
-0.196979
-0.653332
-1.03888
0.354964

0.730997
0.196979
0.653332
0.668894
0.00943377

0.782698
0.622402
0
-4.21022
4.24121

-0.782698
-0.622402
0
0.711545
0.0181607

0.776075
-0.109237
-0.621108
-1.01129
0.454083

-0.776075
0.109237
0.621108
0.275932
0.0589593

0.493641
0.17144
-0.8526
-0.186751
0.0355985

0.125411
0.227369
0.965699
0.981241
0.000102756

-0.125411
-0.227369
-0.965699
-13.9178
64.9433

0.45227
-0.891881
0
0.917696
0.00159625

-0.409449
0.0912299
0.907761
0.956991
0.000910251

0.0197164
0.39113
-0.920124
-5.06775
5.90234

-0.0197164
-0.39113
0.920124
0.850164
0.0036076

0.260387
0.804577
-0.533717
-1.28469
0.610269

-0.260387
-0.804577
0.533717
0.342181
0.0506732

0.515136
0.846327
-0.135518
0.746894
0.00256406

-0.515136
-0.846327
0.135518
0.275486
0.0209827

0.434605
-0.671408
0.600274
0.571521
0.00390668

0.552373
-0.439127
-0.708556
-1.98172
1.17503

-0.552373
0.439127
0.708556
0.425295
0.0436681

-0.0912028
-0.879643
0.466809
0.41211
0.0103229

-0.504799
0.100758
-0.857336
0.451298
0.0230284

0.504799
-0.100758
0.857336
-0.256931
0.12011

0.805374
0.179046
0.56508
0.511601
0.0260849

-0.805374
-0.179046
-0.56508
-1.42283
0.640051

0.22681
0.755653
0.614447
0.220433
0.0238279

-0.22681
-0.755653
-0.614447
0.785791
0.00180009

0.749247
0.285497
-0.597595
0.903972
0.000178411

-0.749247
-0.285497
0.597595
0.597812
0.00311201

0.0350697
-0.4642
-0.885036
-0.360866
0.121461

-0.0350697
0.4642
0.885036
0.668561
0.00732494

-0.203086
0.0812325
-0.975786
-2.26516
1.88234

0.203086
-0.0812325
0.975786
-0.0867815
0.208954

0.119928
0.148545
-0.981607
0.82546
0.000729265

-0.84204
-0.539414
0
0.540276
0.0202721

0.84204
0.539414
0
-0.838897
0.302601

0.9627
0.0797797
0.258543
0.244914
0.0125757

0.702896
-0.0534619
-0.70928
0.79574
0.00340321

-0.51902
-0.698787
-0.492255
0.987577
1.25394e-05

0.51902
0.698787
0.492255
-2.30792
0.758886

-0.813666
0.297176
-0.499634
-1.32242
0.618649

0.813666
-0.297176
0.499634
0.392078
0.0424582

-0.573174
0.166318
-0.802378
-1.19546
0.446162

0.573174
-0.166318
0.802378
0.636047
0.0122687

-0.510796
-0.434523
-0.741807
-8.7877
23.1501

0.510796
0.434523
0.741807
0.841456
0.00608012

0.104717
0.344588
-0.932895
0.249114
0.0431302

0.662212
0.36668
-0.653469
0.949188
0.000983755

-0.826945
-0.495945
0.264955
0.836921
0.00468633

-0.811034
-0.584999
0
0.144848
0.119972

0.811034
0.584999
0
-1.57968
0.899818

0.213179
-0.776984
-0.592327
0.701855
0.00914947

0.416245
-0.402794
0.815167
0.642438
0.0718708

-0.416245
0.402794
-0.815167
-21.8841
294.322

-0.534451
-0.73213
-0.422312
0.337122
0.0213189

0.534451
0.73213
0.422312
0.553724
0.00967881

-0.577257
0.203352
-0.790837
-1.10208
0.307111

0.577257
-0.203352
0.790837
0.850198
0.00157021

-0.683399
-0.185861
0.70599
0.855579
0.0017937

0.683399
0.185861
-0.70599
-1.73008
0.626057

0.0991277
-0.995075
0
-2.94214
2.17616

-0.0991277
0.995075
0
0.630579
0.0191872

-0.506384
0.392302
-0.767903
-7.91867
15.7142

0.506384
-0.392302
0.767903
0.939335
0.000727655

-0.813579
-0.581454
0
0.978192
0.000139914

0.813579
0.581454
0
-0.432302
0.0742195

-0.379237
-0.726723
-0.572759
0.805293
0.00480349

0.379237
0.726723
0.572759
-3.24028
2.27372

0.254424
0.706533
-0.660363
-0.633451
0.253157

-0.254424
-0.706533
0.660363
0.35079
0.0400014

0.686392
-0.727232
0
0.503939
0.0219494

-0.584988
-0.700833
-0.408193
0.986737
1.71935e-05

0.584988
0.700833
0.408193
-3.05874
1.38648

0.0846757
0.794859
-0.600857
0.588087
0.00963865

-0.0846757
-0.794859
0.600857
0.0731952
0.0485395

0.964289
0.264852
0
-0.782321
0.344438

-0.964289
-0.264852
0
0.207861
0.0680525

0.688982
-0.472752
0.549372
0.966757
0.000540089

-0.688982
0.472752
-0.549372
-23.836
300.611

-0.160862
0.17096
0.972058
0.878792
0.00478466

0.160862
-0.17096
-0.972058
-13.1377
64.1484

-0.619152
-0.510051
0.597075
0.78984
0.00245914

0.619152
0.510051
-0.597075
-0.313497
0.0945537

-0.309772
0.777559
0.547215
0.482916
0.0176826

-0.195133
-0.451558
-0.870643
-4.88547
5.81784

0.195133
0.451558
0.870643
0.780813
0.00809371

0.0690644
-0.435717
0.89743
0.924358
0.000429198

-0.0690644
0.435717
-0.89743
-1.76106
0.566475

-0.307864
0.209844
-0.928001
-4.00589
4.29138

0.307864
-0.209844
0.928001
0.591357
0.0287951

-0.152456
0.350747
-0.923977
-13.2765
64.363

0.152456
-0.350747
0.923977
0.904081
0.00291781

0.0608334
0.840447
-0.538468
-0.0717193
0.0926863

-0.0608334
-0.840447
0.538468
0.229639
0.0478994

0.238905
-0.709035
0.663471
-0.882215
0.226902

0.486815
0.134444
-0.863097
0.919335
0.000234528

-0.486815
-0.134444
0.863097
-0.0219339
0.0362814

0.131567
0.195345
0.97187
0.992753
4.09775e-05

-0.131567
-0.195345
-0.97187
-37.0914
1016.31

-0.269907
0.879229
-0.392563
0.365325
0.0204352

0.269907
-0.879229
0.392563
0.484303
0.0135008

0.41667
0.56961
0.70847
0.46574
0.0167615

0.0156452
-0.173195
0.984763
0.786729
0.00347553

-0.0156452
0.173195
-0.984763
-1.00871
0.298268

0.474618
-0.0860916
0.875972
0.874798
0.000439818

0.104911
-0.727201
-0.67836
-0.993654
0.32158

-0.104911
0.727201
0.67836
0.706693
0.00696822

0.403703
-0.874263
0.269608
0.805832
0.0102389

0.404312
0.582275
-0.705328
-2.23277
1.24584

-0.404312
-0.582275
0.705328
0.653746
0.0143865

0.169266
0.228816
0.958641
0.973252
0.000110009

-0.167
0.465219
0.8693
0.990722
4.94692e-06

-0.552376
-0.466864
0.690593
0.867181
0.00172444

0.552376
0.466864
-0.690593
-0.978752
0.252475

-0.170623
0.0890534
0.981304
0.979856
2.7738e-05

-0.212553
0.658249
-0.72217
0.513323
0.0250523

0.212553
-0.658249
0.72217
-1.3
0.55679

-0.414199
0.866441
-0.278781
0.943994
0.000256711

0.414199
-0.866441
0.278781
-2.25109
0.856217

0.501971
0.190757
0.843586
0.962279
0.00103515

-0.501971
-0.190757
-0.843586
-36.4286
1015.11

-0.230939
-0.255839
0.93873
0.559593
0.0234003

0.230939
0.255839
-0.93873
-1.92915
1.0262

-0.506723
0.627006
-0.591689
-1.05339
0.555464

0.506723
-0.627006
0.591689
-0.0341671
0.141005

0.538372
0.400519
0.741445
0.588667
0.0076874

-0.538372
-0.400519
-0.741445
0.372327
0.0178725

0.165181
0.130988
-0.977526
-22.5379
297.105

-0.165181
-0.130988
0.977526
0.793124
0.0229638

0.494954
-0.31746
0.808851
0.834681
0.000829532

0.91646
0.0136214
-0.399894
0.733064
0.039011

-0.91646
-0.0136214
0.399894
-22.2532
295.983

-0.0447949
-0.148242
0.987936
0.488943
0.0651856

0.0447949
0.148242
-0.987936
-6.67387
14.6903

0.572379
-0.239242
0.784312
0.567281
0.014556

-0.572379
0.239242
-0.784312
-0.527431
0.181274

0.0211427
0.974327
-0.224142
0.604134
0.00865824

0.962557
-0.230082
-0.143338
-2.90768
1.85606

-0.962557
0.230082
0.143338
0.78366
0.00569147

-0.590433
-0.322513
0.739848
0.596495
0.0154833

0.590433
0.322513
-0.739848
-0.808893
0.276911

0.0120729
-0.0224213
0.999676
0.997028
2.51289e-06

-0.626287
-0.0205595
-0.779321
-2.15955
0.955774

0.626287
0.0205595
0.779321
0.843972
0.00234463

0.811221
0.584739
0
-23.5564
300.07

-0.811221
-0.584739
0
0.942506
0.00165236

0.0460051
0.645767
-0.762147
-0.563019
0.173049

-0.0460051
-0.645767
0.762147
0.678784
0.00733131

0.535941
-0.844255
0
0.635876
0.0113647

-0.981322
-0.169222
0.0914965
0.852799
0.00189727

0.222433
0.685227
-0.693532
-0.188212
0.0967908

-0.222433
-0.685227
0.693532
0.535855
0.0147899

0.32405
0.848003
-0.419383
-0.967496
0.375203

-0.32405
-0.848003
0.419383
0.488648
0.0253543

0.325103
-0.446496
-0.833637
-1.13206
0.523015

-0.325103
0.446496
0.833637
0.295089
0.057222

-0.509974
0.19297
0.838265
0.896904
0.00247325

0.509974
-0.19297
-0.838265
-9.01717
23.3378

0.286816
0.838412
0.463467
0.305137
0.0282205

0.309762
-0.0417719
0.949896
0.39234
0.0791343

-0.309762
0.0417719
-0.949896
-4.83963
7.28048

-0.368053
0.539002
-0.757637
-3.29076
2.70487

0.368053
-0.539002
0.757637
0.649734
0.0180294

-0.0536853
-0.726587
0.684974
0.712061
0.00374265

0.0536853
0.726587
-0.684974
0.210625
0.0277333

0.639696
-0.0414458
-0.76751
-0.633415
0.204838

-0.639696
0.0414458
0.76751
0.627397
0.0106848

-0.617927
0.508185
-0.599929
0.878513
0.000892976

-0.662618
-0.0188115
0.748721
0.371492
0.0404357

0.662618
0.0188115
-0.748721
-0.882732
0.361555

-0.593491
-0.0856786
-0.800267
-0.189498
0.0714727

0.593491
0.0856786
0.800267
0.798566
0.00205587

-0.481923
-0.233413
0.844552
0.835129
0.00188261

0.481923
0.233413
-0.844552
-0.927656
0.24835

0.335867
0.742549
0.579494
0.47156
0.0273007

-0.867134
-0.498076
0
-3.42667
3.14765

0.867134
0.498076
0
0.481922
0.0546944

-0.627558
0.0970451
0.772498
-0.966613
1.00472

0.627558
-0.0970451
-0.772498
-3.16074
4.49685

0.707107
0.707107
0
0.0308115
0.491686

0.339927
-0.495417
-0.799382
-1.7559
0.979448

-0.339927
0.495417
0.799382
0.378204
0.0500485

-0.838922
0.312063
0.445899
0.500645
0.00465408

0.159944
-0.499234
-0.851577
-7.61985
21.6988

-0.159944
0.499234
0.851577
0.324205
0.133403

-0.218641
-0.95447
-0.202935
0.335482
0.032366

0.218641
0.95447
0.202935
-0.0168695
0.0757649

-0.931526
-0.363675
0
0.349315
0.0479397

0.931526
0.363675
0
-1.16979
0.530838

-0.0228866
0.41196
0.910915
-5.74264
17.934

0.0228866
-0.41196
-0.910915
-1.73049
2.94185

0.701307
-0.493953
-0.513983
-1.98172
1.17505

-0.701307
0.493953
0.513983
0.425295
0.0436614

-0.174172
-0.522947
-0.83438
-10.6463
37.0129

0.174172
0.522947
0.83438
0.870955
0.00455783

0.166417
0.0469691
-0.984936
-2.6012
1.76109

-0.166417
-0.0469691
0.984936
0.582662
0.023871

0.502679
-0.824898
0.258568
-2.85449
1.17994

-0.502679
0.824898
-0.258568
0.98851
1.09539e-05

-0.0923044
0.995731
0
-0.544675
0.325538

0.0923044
-0.995731
0
-0.544675
0.325538

0.100682
0.172336
-0.979879
-1.47543
0.533045

-0.100682
-0.172336
0.979879
0.77721
0.00434751

0.829515
0.473292
-0.296479
-0.746313
0.200952

-0.829515
-0.473292
0.296479
0.797882
0.00270153

0.0604956
-0.795219
0.603296
-0.0819368
0.138953

-0.0604956
0.795219
-0.603296
-0.638916
0.318655

-0.731125
0.525245
-0.435401
0.727223
0.00310317

0.646802
0.668274
0.367501
-5.48491
6.04341

-0.366319
0.733004
-0.573163
-3.18575
3.15156

0.366319
-0.733004
0.573163
0.263903
0.097587

-0.814804
-0.579736
0
-0.992891
0.379417

0.814804
0.579736
0
0.520403
0.0351693

-0.823194
-0.56776
0
-0.00303149
0.183349

0.823194
0.56776
0
-2.07182
1.49948

-0.83901
-0.446587
0.310842
-2.50564
1.99796

0.83901
0.446587
-0.310842
0.229717
0.0964966

-0.396344
-0.844689
0.359739
0.957613
9.77491e-05

0.396344
0.844689
-0.359739
-1.1142
0.241144

-0.202366
-0.871674
-0.446354
-0.0299703
0.0634554

0.202366
0.871674
0.446354
0.591026
0.0100124

0.393323
0.401384
0.827156
0.932279
0.000461057

-0.393323
-0.401384
-0.827156
-3.0213
1.61476

-0.427518
-0.340957
-0.837243
0.958877
0.000105767

-0.10366
0.460817
0.881421
0.963188
7.84495e-05

0.773258
-0.505233
-0.383159
-2.21807
1.24241

-0.773258
0.505233
0.383159
0.642436
0.0153669

-0.538101
0.0178546
0.842692
0.984454
4.64586e-05

0.538101
-0.0178546
-0.842692
-7.22396
11.1123

0.474915
0.419762
-0.77347
0.897105
0.000392308

-0.611555
-0.507085
0.607342
0.939734
0.000258175

0.0674187
-0.784542
0.616399
0.725584
0.00590021

-0.0674187
0.784542
-0.616399
-0.934613
0.290526

-0.769077
0.33005
0.547346
0.562469
0.0117209

0.746503
-0.184697
0.639234
0.655047
0.00320731

-0.746503
0.184697
-0.639234
0.731968
0.00193681

-0.922966
0.384881
0
-1.74702
1.2406

0.922966
-0.384881
0
-0.174399
0.226855

-0.985163
-0.171618
0
0.299546
0.0289792

0.985163
0.171618
0
0.388396
0.022195

0.773237
5.54898e-05
-0.634117
-0.472234
0.121429

-0.773237
-5.54898e-05
0.634117
0.824632
0.00172445

0.580651
-0.448588
0.679421
0.298108
0.019775

-0.580651
0.448588
-0.679421
0.731772
0.00289084

-0.723164
0.288236
-0.627658
0.741071
0.00480937

0.767068
-0.383414
0.514394
0.776175
0.00254886

-0.767068
0.383414
-0.514394
-0.138476
0.0658605

0.084389
0.938088
0.33596
-0.271001
0.0921426

-0.084389
-0.938088
-0.33596
0.746259
0.00368643

0.323253
-0.517429
0.792323
0.713949
0.00454872

0.453822
0.392014
0.800232
0.141849
0.45781

-0.453822
-0.392014
-0.800232
-20.4539
285.932

0.752097
0.432002
0.497719
-2.48516
1.49704

-0.752097
-0.432002
-0.497719
0.678822
0.0127581

0.814643
-0.122942
0.566782
0.501375
0.015535

-0.814643
0.122942
-0.566782
0.0463153
0.0566583

-0.852139
-0.498723
-0.158535
0.811738
0.00135014

0.852139
0.498723
0.158535
0.199898
0.0243462

-0.100835
0.514025
-0.851828
-8.67842
23.0341

0.100835
-0.514025
0.851828
0.810303
0.00893138

0.974395
0.143266
-0.173291
-0.208389
0.0761088

0.843027
0.364437
0.39559
-0.331619
0.208557

0.619934
0.154623
0.769268
0.649119
0.00870683

-0.619934
-0.154623
-0.769268
-0.484865
0.155816

-0.679713
0.013755
-0.733349
0.674101
0.0042933

0.679713
-0.013755
0.733349
0.388441
0.0150741

-0.115315
-0.584958
0.802824
0.897607
0.00130082

0.115315
0.584958
-0.802824
-3.81457
2.8753

0.3723
0.404984
-0.835093
0.74809
0.00164432

0.647753
-0.44561
0.617938
0.546877
0.00577297

0.784931
0.182871
0.591982
0.688345
0.0172042

-0.784931
-0.182871
-0.591982
-4.68964
5.71291

0.616721
0.787182
0
0.866261
0.0136964

-0.616721
-0.787182
0
-35.4101
1010.31

0.46996
-0.876701
0.102628
0.130311
0.0250515

0.856116
-0.429583
0.287269
0.151388
0.0366464

-0.856116
0.429583
-0.287269
0.636189
0.00674592

0.894367
0.304574
0.327631
0.557581
0.0095772

-0.326687
0.879837
0.345198
-0.0726919
0.414231

0.326687
-0.879837
-0.345198
-8.65421
33.5469

-0.66112
0.0904473
-0.744809
0.995806
2.70033e-06

0.66112
-0.0904473
0.744809
-2.7365
1.01387

0.716253
-0.419031
-0.558028
0.923324
0.000161149

-0.716253
0.419031
0.558028
0.249681
0.0153811

0.159116
-0.0987224
0.982312
0.586248
0.0168671

-0.159116
0.0987224
-0.982312
-1.25265
0.498492

-0.299534
0.270438
-0.914955
-4.6417
3.67995

0.299534
-0.270438
0.914955
0.984116
3.72925e-05

-0.183892
-0.596004
-0.781641
-2.79394
2.11962

0.183892
0.596004
0.781641
0.51608
0.0346425

0.840998
0.162113
0.51618
0.84595
0.000953794

-0.840998
-0.162113
-0.51618
0.069549
0.0340299

-0.597857
0.594474
0.537742
0.789363
0.0126763

0.217463
-0.682035
-0.69824
0.133843
0.0345646

-0.217463
0.682035
0.69824
0.724131
0.00350697

-0.328256
0.602903
-0.727156
0.62209
0.0125524

0.328256
-0.602903
0.727156
-0.992721
0.348841

0.119993
0.823015
0.555201
0.247723
0.0510508

-0.119993
-0.823015
-0.555201
-0.337382
0.161149

-0.894379
-0.0980345
0.436434
-3.12791
1.62922

0.894379
0.0980345
-0.436434
0.958231
0.000171639

0.752789
-0.560277
-0.34554
0.831693
0.00220994

-0.463161
0.0399362
-0.885374
0.504912
0.0407665

0.463161
-0.0399362
0.885374
-3.45579
3.29781

0.524372
-0.244908
-0.815509
-0.742587
0.187204

-0.524372
0.244908
0.815509
0.839411
0.00160469

-0.395515
-0.835919
0.380535
0.60694
0.0061176

0.395515
0.835919
-0.380535
0.492934
0.0101778

0.373038
0.910174
0.180071
-0.0843647
0.104288

-0.373038
-0.910174
-0.180071
0.0721918
0.0763508

-0.391645
0.64952
-0.651719
-7.04519
15.082

0.391645
-0.64952
0.651719
0.678193
0.0241401

0.65641
0.198699
0.727767
0.838698
0.00199123

-0.65641
-0.198699
-0.727767
-1.25713
0.380389

0.092013
0.613681
0.784174
-1.52325
0.402546

-0.092013
-0.613681
-0.784174
0.95492
0.00013034

-0.861734
0.500875
-0.0808573
-0.717862
0.15146

0.861734
-0.500875
0.0808573
0.920506
0.000324634

0.350515
-0.223916
0.909396
0.966565
0.000174417

-0.295343
0.311764
0.903092
0.854367
0.00314241

0.863295
0.120841
0.49002
0.840214
0.0018177

-0.863295
-0.120841
-0.49002
-0.584268
0.145006

-0.736374
0.231666
0.635676
-2.22795
2.67014

0.736374
-0.231666
-0.635676
-1.61265
1.7512

0.595087
0.251884
-0.763168
-5.05583
5.89748

-0.595087
-0.251884
0.763168
0.846092
0.0038152

0.47586
0.141759
-0.868022
-1.89276
0.72083

-0.47586
-0.141759
0.868022
0.868028
0.00151481

-0.568975
0.401276
0.717806
0.736909
0.00867948

0.568975
-0.401276
-0.717806
-2.82409
1.83273

-0.331579
0.76778
0.548241
0.398986
0.0104755

0.238969
0.734313
-0.635356
-2.00354
1.18162

-0.238969
-0.734313
0.635356
0.448332
0.0398908

0.574397
-0.430399
0.696293
0.665973
0.010198

-0.574397
0.430399
-0.696293
-1.22689
0.450859

0.625448
-0.0876603
0.775326
0.818654
0.0014129

-0.283525
0.352421
-0.89186
-2.94473
3.57069

0.283525
-0.352421
0.89186
-0.573529
0.568159

-0.652738
0.19389
0.732353
0.670732
0.0156101

0.652738
-0.19389
-0.732353
-3.26555
2.61897

0.652918
-0.623067
0.430681
0.521096
0.00402455

-0.467554
-0.883964
0
0.89036
0.000655644

0.467554
0.883964
0
-0.660695
0.148605

-0.353905
-0.198448
0.913986
0.91618
0.000635628

0.353905
0.198448
-0.913986
-2.1629
0.845623

-0.426907
0.13422
0.894279
0.930345
0.00153445

0.426907
-0.13422
-0.894279
-13.4437
64.5183

0.57318
0.789268
-0.220274
-0.816471
0.298984

-0.57318
-0.789268
0.220274
0.51162
0.0216232

0.889159
-0.308068
0.338365
0.307386
0.0301532

-0.889159
0.308068
-0.338365
0.268815
0.0336049

0.420631
0.634956
0.647997
0.745236
0.00406241

-0.420631
-0.634956
-0.647997
-0.429075
0.126131

-0.721564
-0.554622
0.414415
0.313476
0.0443363

0.721564
0.554622
-0.414415
-0.544677
0.224249

0.975763
0.218828
0
0.192325
0.053971

-0.975763
-0.218828
0
-0.0222114
0.0856146

-0.044933
0.618636
0.784392
0.564445
0.0129445

0.044933
-0.618636
-0.784392
0.0862043
0.0508448

-0.41528
0.248163
0.87519
0.844369
0.000369176

-0.314927
0.381397
0.869113
0.895086
0.000470933

0.314927
-0.381397
-0.869113
-0.218634
0.0628741

0.866611
0.221401
0.447176
-0.565551
0.143109

-0.866611
-0.221401
-0.447176
0.82605
0.0017857

-0.00787764
0.638609
-0.769491
-1.05007
0.257483

0.00787764
-0.638609
0.769491
0.90499
0.00058589

0.558849
-0.470042
-0.68319
-0.383841
0.156263

-0.558849
0.470042
0.68319
0.430505
0.0265604

0.615
0.41382
0.671213
0.423367
0.0279157

-0.615
-0.41382
-0.671213
-0.431785
0.171524

0.339055
0.305048
0.889937
0.760441
0.0106218

-0.339055
-0.305048
-0.889937
-5.47766
7.74571

-0.0852706
-0.0564506
-0.994757
-1.41168
0.705891

-0.626123
0.549018
-0.553669
-0.491695
0.177681

0.626123
-0.549018
0.553669
0.517106
0.0186355

0.355702
0.799523
-0.483982
0.841915
0.00153749

0.119071
0.873527
-0.471988
0.786212
0.00161842

-0.119071
-0.873527
0.471988
0.355082
0.0145502

0.688517
-0.134717
-0.712598
0.763384
0.00334824

-0.688517
0.134717
0.712598
-0.40398
0.117344

0.781502
-0.541133
-0.31053
-2.24331
1.09912

-0.781502
0.541133
0.31053
0.791853
0.00452988

0.55888
-0.54437
0.625551
0.979752
1.90902e-05

-0.55888
0.54437
-0.625551
-0.946838
0.17155

0.198617
-0.375329
0.905361
-3.53235
1.97208

-0.198617
0.375329
-0.905361
0.980827
3.5557e-05

-0.353148
0.935567
0
0.399017
0.0180869

0.353148
-0.935567
0
0.552925
0.0104128

0.656058
0.056725
0.752576
0.757957
0.0099926

-0.656058
-0.056725
-0.752576
-4.83305
5.79174

0.866542
-0.250531
0.431671
0.457275
0.0498463

-0.866542
0.250531
-0.431671
-3.39638
3.26732

0.372261
-0.710783
0.596833
0.732003
0.00720877

0.538257
-0.175603
0.824283
-0.189582
0.0357939

-0.538257
0.175603
-0.824283
0.995075
2.65486e-06

0.437089
-0.899418
0
0.519732
0.24506

-0.437089
0.899418
0
0.673922
0.180935

0.573642
0.819106
0
0.492323
0.00754298

-0.0707465
-0.0458983
-0.996438
-24.452
301.234

0.0707465
0.0458983
0.996438
0.996637
5.76927e-06

-0.102601
0.037462
0.994017
0.989357
3.26244e-05

0.236166
-0.514228
0.824497
0.910362
0.000459977

-0.236166
0.514228
-0.824497
-0.862941
0.19484

0.0144045
0.075154
-0.997068
-0.0792279
0.0842055

0.0139269
-0.971883
-0.235054
-0.176023
0.0613928

-0.0139269
0.971883
0.235054
0.863829
0.000827177

0.25291
-0.490972
-0.833656
-0.564381
0.134402

-0.25291
0.490972
0.833656
0.859943
0.00109085

0.473387
0.566398
-0.67461
0.000173688
0.0540552

-0.473387
-0.566398
0.67461
0.667739
0.00597349

-0.628657
0.711238
0.314533
-0.256931
0.119928

0.628657
-0.711238
-0.314533
0.451298
0.0228733

-0.335535
-0.539862
-0.771988
-0.673413
0.095213

0.335535
0.539862
0.771988
0.995991
2.00607e-06

0.105964
-0.486587
0.867182
0.846897
0.000732302

-0.105964
0.486587
-0.867182
0.340192
0.0135849

-0.757974
0.403245
-0.512707
-0.681276
0.170864

0.757974
-0.403245
0.512707
0.835812
0.00165335

-0.453048
-0.320485
-0.831887
0.98404
0.000121663

0.453048
0.320485
0.831887
-24.1116
301

-0.61955
-0.194274
-0.760537
-0.797448
0.236687

0.61955
0.194274
0.760537
0.732076
0.0053106

-0.151419
0.935205
-0.3201
0.155652
0.0482673

0.151419
-0.935205
0.3201
0.307451
0.03248

0.329039
0.944317
0
-0.355617
0.185501

-0.329039
-0.944317
0
0.0483892
0.0914263

-0.378338
0.925667
0
0.140135
0.0435303

0.378338
-0.925667
0
0.501781
0.0146804

-0.552232
0.543781
-0.631935
0.691189
0.00596857

-0.197303
0.154059
0.968162
0.783961
0.00851573

0.197303
-0.154059
-0.968162
-5.53516
7.78019

-0.361392
-0.652785
-0.665784
-16.7322
125.501

0.361392
0.652785
0.665784
0.859893
0.00784446

0.374152
-0.30772
0.874825
0.608536
0.00843597

0.863042
0.156835
0.480168
0.687416
0.0044315

0.873488
0.486847
0
-1.00511
0.380909

-0.873488
-0.486847
0
0.535168
0.0295948

0.663094
0.120647
-0.738749
-16.7638
125.571

-0.663094
-0.120647
0.738749
0.865681
0.0071823

-0.0879146
-0.124163
-0.98836
-0.951311
0.250243

0.0879146
0.124163
0.98836
0.850509
0.00148937

0.295703
-0.261227
0.918869
0.925456
9.40944e-05

-0.295703
0.261227
-0.918869
0.626715
0.00233801

-0.470479
-0.228937
0.852195
0.919646
0.00170025

0.470479
0.228937
-0.852195
-10.8946
37.2516

-0.797501
-0.0836483
-0.597491
-0.853633
0.260754

0.797501
0.0836483
0.597491
0.719688
0.00601507

0.432766
0.545327
0.717866
0.382374
0.0473728

-0.432766
-0.545327
-0.717866
-1.59555
0.834011

-0.509701
0.765228
0.393231
0.986428
5.78051e-06

0.123252
-0.915204
-0.383679
0.994129
2.49669e-06

-0.0241134
-0.619012
-0.785012
0.938947
5.54105e-05

0.0241134
0.619012
0.785012
0.656082
0.00175473

-0.684548
-0.420877
0.595195
0.473406
0.041635

0.684548
0.420877
-0.595195
-2.74466
2.10042

-0.692081
0.0721788
-0.718202
-6.15127
10.5916

0.692081
-0.0721788
0.718202
0.713948
0.0169683

-0.706029
-0.128339
0.696457
0.0143164
0.0511776

0.706029
0.128339
-0.696457
0.682991
0.0053144

0.772492
0.0149455
0.634848
0.502505
0.0141351

-0.772492
-0.0149455
-0.634848
0.181056
0.0382883

-0.615879
0.24461
0.748905
0.540276
0.0189065

0.615879
-0.24461
-0.748905
-0.838897
0.30203

-0.804639
-0.512808
0.299305
0.445261
0.0266929

0.804639
0.512808
-0.299305
-0.560879
0.211172

-0.494547
0.531181
0.687946
0.458362
0.0281365

0.494547
-0.531181
-0.687946
-0.857481
0.329595

0.0610882
0.227454
-0.971871
-1.25887
0.319367

-0.84257
0.538587
0
-0.955607
0.310901

0.84257
-0.538587
0
0.697036
0.0214686

0.542492
-0.840061
0
0.996906
2.52121e-05

-0.292837
0.117169
-0.948956
-0.322099
0.0625903

0.292837
-0.117169
0.948956
0.962529
5.06864e-05

-0.0182617
-0.999833
0
0.991839
3.20218e-05

0.0846925
0.980058
0.179757
0.197588
0.0252462

-0.0846925
-0.980058
-0.179757
0.796225
0.00163119

0.0804614
0.287729
0.954326
0.67855
0.0141663

-0.0804614
-0.287729
-0.954326
-3.01313
2.20156

-0.619711
-0.638102
-0.45693
-0.251479
0.225427

0.619711
0.638102
0.45693
-1.06875
0.615821

0.0899621
-0.220366
-0.97126
0.720168
0.00439615

0.450475
-0.340219
0.825423
0.748945
0.0061083

-0.450475
0.340219
-0.825423
-1.68899
0.68985

-0.050587
-0.725698
0.686151
0.591969
0.00718354

0.050587
0.725698
-0.686151
0.436013
0.0136621

-0.643561
-0.379825
0.664501
0.793021
0.00214278

-0.572214
-0.477752
0.666577
0.674454
0.0070712

0.148512
0.147413
-0.977862
-0.732707
0.266532

-0.148512
-0.147413
0.977862
0.500272
0.0223782

-0.303906
0.787256
0.536534
0.0703304
0.163913

0.303906
-0.787256
-0.536534
-3.01021
3.0476

0.454907
0.0698251
-0.887797
0.740934
0.0153143

-0.454907
-0.0698251
0.887797
-7.19698
15.2102

0
0.466653
0.884441
0.642437
0.0719989

0.319601
0.944201
0.0796189
0.732821
0.0100358

-0.319601
-0.944201
-0.0796189
-3.4289
2.75739

-0.186367
-0.176097
0.96657
0.944276
0.00155105

0.186367
0.176097
-0.96657
-23.5744
300.104

0.984381
-0.0656651
-0.163346
0.766214
0.00108121

0.296336
-0.622993
-0.723923
0.446247
0.0119563

-0.296336
0.622993
0.723923
0.670173
0.00431743

-0.852488
-0.522747
0
0.174313
0.0840279

0.852488
0.522747
0
-0.763756
0.345154

-0.00652567
0.314494
-0.949237
-1.90546
0.809057

0.00652567
-0.314494
0.949237
0.794695
0.00406604

-0.286434
-0.892383
0.348725
0.740155
0.010081

-0.830846
-0.489768
-0.26424
-1.02985
0.457728

0.830846
0.489768
0.26424
0.304459
0.0537628

-0.10924
0.0694114
-0.991589
-4.63597
7.10792

0.10924
-0.0694114
0.991589
0.226886
0.133794

0.50306
0.230227
-0.833023
-1.55263
0.822931

-0.50306
-0.230227
0.833023
0.328693
0.0569285

-0.456067
0.605933
0.651804
0.501375
0.0154857

0.456067
-0.605933
-0.651804
0.0463153
0.0565926

0.137696
0.109393
0.984415
0.970701
7.75662e-05

-0.0243398
0.226947
0.973603
0.904081
0.00295889

0.0243398
-0.226947
-0.973603
-13.2765
64.3236

-0.307566
-0.57491
-0.75821
-1.64549
0.804649

0.307566
0.57491
0.75821
0.519002
0.0266452

-0.893192
-0.0337984
0.448404
0.810611
0.00246206

0.893192
0.0337984
-0.448404
-0.892695
0.245372

0.0583614
-0.801581
0.595031
0.846995
0.00137269

-0.0583614
0.801581
-0.595031
-0.643864
0.157581

-0.364604
-0.716245
-0.595028
-2.44204
1.29626

0.364604
0.716245
0.595028
0.790726
0.00483436

-0.270101
-0.399842
-0.875884
-0.563062
0.162357

0.270101
0.399842
0.875884
0.734982
0.00477075

0.448171
0.339388
0.827018
0.767539
0.00308985

-0.0289025
-0.581951
0.81271
0.826986
0.00532484

-0.971448
-0.237255
0
0.372164
0.0273899

0.971448
0.237255
0
0.391937
0.0259534

-0.37859
-0.327737
0.865597
0.705577
0.00659045

0.37859
0.327737
-0.865597
-0.769597
0.234009

0.0471154
0.564812
0.823874
0.973948
2.78224e-05

-0.0471154
-0.564812
-0.823874
-0.48247
0.0814771

0.328514
-0.691793
-0.643041
-0.532733
0.117463

-0.328514
0.691793
0.643041
0.896595
0.000540736

-0.939344
-0.342976
0
-8.70179
22.0068

0.939344
0.342976
0
0.817229
0.0129273

-0.406366
-0.548045
0.731104
-1.81798
0.888191

0.406366
0.548045
-0.731104
0.613443
0.0168223

-0.141494
-0.447328
0.883106
0.893853
0.00118895

-0.472802
0.803116
0.362578
0.829859
0.00186018

0.472802
-0.803116
-0.362578
-0.788749
0.204237

0.0968419
-0.410132
-0.90687
-0.298044
0.138902

-0.0968419
0.410132
0.90687
0.363957
0.0335138

-0.00533078
-0.955544
-0.2948
0.37772
0.0269277

0.00533078
0.955544
0.2948
0.0240067
0.0662305

0.414746
-0.0127
0.909849
0.546505
0.0336361

-0.328336
-0.11981
0.936932
0.925255
0.00022227

0.328336
0.11981
-0.936932
0.024341
0.0315484

-0.617792
0.575997
0.535314
0.741071
0.00479454

0.617792
-0.575997
-0.535314
-0.741956
0.215248

0.21715
0.611642
0.760749
0.7211
0.00177597

0.0558895
0.730187
0.680957
0.709647
0.00746102

-0.0558895
-0.730187
-0.680957
-1.27636
0.458102

-0.0403751
-0.230193
-0.972307
0.99625
3.71668e-06

0.0403751
0.230193
0.972307
-4.79367
3.69268

0.238427
-0.833969
0.497643
0.257367
0.0605429

-0.238427
0.833969
-0.497643
-0.901138
0.396323

-0.850693
-0.279409
0.445255
-4.08291
3.55922

0.850693
0.279409
-0.445255
0.855117
0.00290888

-0.00624473
0.53189
-0.846791
-0.73285
0.174257

0.00624473
-0.53189
0.846791
0.870438
0.0010268

-0.194538
-0.59078
0.783028
0.789395
0.00399785

0.60619
-0.536698
0.586932
0.604798
0.0099672

-0.60619
0.536698
-0.586932
-0.161408
0.0856053

0.846802
-0.124324
-0.517175
-0.754602
0.269207

-0.846802
0.124324
0.517175
0.529459
0.0193671

-0.739345
-0.477712
0.474512
0.915576
0.00029243

0.739345
0.477712
-0.474512
-0.196555
0.0565688

0.255109
0.38493
-0.886988
0.878259
0.000832486

0.0828558
0.771999
-0.630201
-0.0600721
0.0519678

-0.0828558
-0.771999
0.630201
0.805293
0.00175748

-0.0662273
0.64347
0.762601
0.473405
0.00888546

0.0662273
-0.64347
-0.762601
0.765958
0.00175587

0.182857
-0.2483
-0.951268
-1.88651
1.14451

-0.182857
0.2483
0.951268
0.31685
0.0643958

-0.783627
-0.218014
0.58172
0.827387
0.00243228

0.943932
0.330139
0
0.37695
0.0245932

-0.943932
-0.330139
0
0.194179
0.0410154

0.352152
-0.186566
0.91716
0.911273
0.000230555

-0.352152
0.186566
-0.91716
0.24294
0.0164588

0.175841
0
-0.984419
-0.940109
0.198882

-0.626926
0.670744
-0.396316
0.589278
0.00625697

0.626926
-0.670744
0.396316
0.571026
0.00682525

-0.865464
-0.304248
-0.398002
-0.643935
0.236857

0.865464
0.304248
0.398002
0.473288
0.0243231

-0.354791
0.678634
0.643102
0.789362
0.0127205

0.354791
-0.678634
-0.643102
-10.3276
36.6366

-0.1723
0.394576
-0.902564
-5.00502
5.8754

0.1723
-0.394576
0.902564
0.828022
0.0048223

-0.535258
-0.346308
0.770434
0.972978
7.38139e-05

0.172161
-0.539962
0.823894
0.747977
0.00381512

-0.50255
-0.137865
0.853485
0.224892
0.103198

-0.231228
0.184023
-0.955337
-4.61101
8.94395

0.231228
-0.184023
0.955337
-0.572627
0.703219

-0.725455
-0.149229
-0.671897
-1.74609
1.09836

0.725455
0.149229
0.671897
0.131121
0.110124

0.477227
-0.0660512
0.876294
0.77413
0.00352898

0.869832
0.156609
-0.46783
-0.215717
0.0987316

-0.869832
-0.156609
0.46783
0.579337
0.0118304

0.804419
-0.101056
0.585405
0.49272
0.0364277

-0.804419
0.101056
-0.585405
-2.49551
1.72533

0.359559
0.837481
0.411513
-0.101376
0.125496

-0.359559
-0.837481
-0.411513
-0.243344
0.159917

0.0186734
0.999826
0
-13.7653
114.712

-0.0186734
-0.999826
0
-0.397896
1.02823

-0.772251
-0.222749
0.594989
-0.00268054
0.091547

0.772251
0.222749
-0.594989
-0.0576181
0.101841

0.430341
0.440447
-0.787917
-2.31002
2.20534

-0.430341
-0.440447
0.787917
-0.471117
0.435931

0.713308
-0.505738
-0.485202
-0.00150466
0.0619364

-0.713308
0.505738
0.485202
0.541699
0.0130059

0.0825664
0.717874
0.69126
0.68355
0.0129536

0.293846
-0.773392
0.561711
-0.167847
0.150251

-0.293846
0.773392
-0.561711
-0.328756
0.194472
