
0.713631
-0.334994
-0.615232
-3.38091
2.73855

-0.713631
0.334994
0.615232
0.705536
0.0124362

-0.276245
0.938653
-0.206444
0.862636
0.00164092

0.238686
-0.884565
0.400717
0.415177
0.0182377

-0.238686
0.884565
-0.400717
0.377455
0.0206653

-0.186644
0.0745214
0.979597
0.722579
0.0144974

0.186644
-0.0745214
-0.979597
-5.39176
7.69451

-0.631606
0.503567
-0.589485
0.935593
0.000114618

0.247907
0.829608
-0.500292
-0.253355
0.101395

-0.247907
-0.829608
0.500292
0.633789
0.00869601

-0.136694
0.195209
0.971189
0.849612
0.0026918

0.136694
-0.195209
-0.971189
-3.04699
1.88874

-0.688359
0.557703
0.46382
0.25204
0.058114

0.688359
-0.557703
-0.46382
-0.724725
0.308929

0.11429
0.732314
0.671308
0.30929
0.09685

-0.11429
-0.732314
-0.671308
-4.1375
5.34899

-0.185622
0.326054
-0.926948
-23.6088
300.067

0.185622
-0.326054
0.926948
0.947579
0.00138912

-0.263546
0.640018
-0.721748
-0.970246
0.318796

0.263546
-0.640018
0.721748
0.684759
0.00824573

0.87691
-0.350958
0.328417
0.348026
0.0437908

-0.87691
0.350958
-0.328417
-0.867193
0.358941

-0.893197
0.166209
-0.417821
-2.3936
1.94576

0.893197
-0.166209
0.417821
0.0920794
0.139343

-0.605549
-0.0199884
0.795557
0.813969
0.00982828

0.605549
0.0199884
-0.795557
-10.415
36.738

0.363127
0.264843
0.893307
-2.21153
1.41325

-0.363127
-0.264843
-0.893307
0.447864
0.041781

0.12574
0.0960405
0.987404
0.992926
6.13202e-06

0.6612
-0.385179
-0.643779
-0.158507
0.094603

-0.6612
0.385179
0.643779
0.485109
0.018695

-0.981247
0.146946
0.124742
0.916446
0.000557439

0.130818
0.819562
0.557858
0.301051
0.128615

-0.130818
-0.819562
-0.557858
-6.38264
14.3356

0.550153
-0.705979
0.446011
0.575066
0.0104604

-0.550153
0.705979
-0.446011
0.0568663
0.051389

-0.92836
-0.329368
-0.172236
-0.513014
0.116626

0.92836
0.329368
0.172236
0.884613
0.000709708

-0.586837
-0.0418464
0.808623
-0.0891962
0.158818

0.586837
0.0418464
-0.808623
-1.02536
0.548453

-0.213004
-0.591629
0.777564
0.713948
0.0169717

0.213004
0.591629
-0.777564
-6.15127
10.5913

0.222269
0.0153541
-0.974865
-0.214854
0.123041

-0.222269
-0.0153541
0.974865
0.287256
0.0423706

0.213568
0.500599
0.838922
0.938667
0.00143388

-0.213568
-0.500599
-0.838922
-17.2505
126.378

-0.650341
-0.759642
0
-2.21807
2.92974

0.650341
0.759642
0
-2.21807
2.92974

0.754368
0.0452688
-0.65489
-0.409823
0.140453

0.0939226
0.995579
0
-11.9553
61.9555

-0.0939226
-0.995579
0
0.520881
0.0848943

0.569516
-0.702704
-0.426448
0.463797
0.0201805

-0.569516
0.702704
0.426448
-0.113926
0.0870081

-0.159052
0.19455
-0.967912
-6.03685
10.4931

0.159052
-0.19455
0.967912
0.660924
0.0245488

0.0810051
0.27667
-0.957545
-17.3308
126.496

-0.0810051
-0.27667
0.957545
0.947859
0.00102528

0.50338
-0.647804
-0.571803
-0.953827
0.316799

-0.50338
0.647804
0.571803
0.668728
0.00916225

0.645371
0.559795
0.519736
-0.217945
0.0938534

-0.0426921
0.300003
-0.952982
0.763539
0.0032635

0.0426921
-0.300003
0.952982
-0.36311
0.108389

-0.74598
-0.464645
0.477094
-1.97139
0.73051

0.74598
0.464645
-0.477094
0.902143
0.000815657

-0.479858
-0.80072
-0.358585
0.0431703
0.028691

0.479858
0.80072
0.358585
0.934708
0.000138389

-0.609602
0.263385
-0.747672
-0.755847
0.232541

0.609602
-0.263385
0.747672
0.691859
0.00716426

-0.516178
-0.235447
0.823484
0.89328
0.00119878

-0.980886
0.0686212
0.18208
0.169716
0.0495061

0.980886
-0.0686212
-0.18208
0.203949
0.0455086

-0.960192
0.191917
0.202974
0.0852296
0.0331164

0.704688
0.287664
-0.648586
-2.03388
0.737478

-0.704688
-0.287664
0.648586
0.925082
0.00046853

-0.346342
0.425319
-0.836152
-6.80919
10.9877

0.346342
-0.425319
0.836152
0.923615
0.00105486

0.163323
0.552312
-0.817482
0.966768
0.000123166

-0.477135
0.837983
-0.264814
-8.19451
22.5127

0.477135
-0.837983
0.264814
0.632221
0.0360352

-0.166471
-0.432982
0.885898
0.0345777
0.0797

0.166471
0.432982
-0.885898
0.0345777
0.0797

0.819043
0.416445
-0.394641
-0.669771
0.223537

-0.819043
-0.416445
0.394641
0.595702
0.0131343

0.939205
-0.238898
-0.24662
0.950685
0.000434828

0.28547
0.333043
0.89866
-1.1341
0.778043

-0.28547
-0.333043
-0.89866
-0.746949
0.521513

0.78272
0.433582
0.446493
-3.13752
2.64088

-0.78272
-0.433582
-0.446493
0.540276
0.0326088

0.987663
-0.156597
0
0.926291
0.000812982

0.0552996
0.599809
0.79823
-0.00830197
0.0544418

-0.0552996
-0.599809
-0.79823
0.680151
0.00547931

-0.139075
-0.905121
-0.401763
0.407412
0.0644598

0.139075
0.905121
0.401763
-3.75715
4.15079

0.244171
0.0728864
-0.966989
0.792382
0.00310968

0.10535
0.0833011
-0.99094
-0.94536
0.315758

-0.10535
-0.0833011
0.99094
0.660244
0.00967351

-0.331116
-0.169152
0.928305
0.851827
0.00290007

0.331116
0.169152
-0.928305
-1.48281
0.479413

-0.554204
-0.00353743
-0.832373
-1.95632
3.20085

0.554204
0.00353743
0.832373
-4.58929
11.4392

-0.631395
-0.158917
0.759003
0.466658
0.0215598

0.631395
0.158917
-0.759003
-0.265765
0.120821

0.708554
-0.0749464
0.701665
0.711949
0.00603544

0.165597
-0.868593
-0.467037
0.824096
0.00386377

-0.254065
0.601933
0.757052
-0.897834
0.364005

-0.481861
-0.00550379
-0.876231
0.545393
0.011231

0.961531
-0.0890956
0.259848
0.402359
0.0615652

-0.961531
0.0890956
-0.259848
-3.33202
3.2336

-0.266674
-0.183837
0.946091
-0.167847
0.150224

0.266674
0.183837
-0.946091
-0.328756
0.194447

-0.294219
0.29674
0.908505
-1.6575
1.55505

0.294219
-0.29674
-0.908505
-1.33571
1.20127

-0.477167
0.784834
0.395407
-1.07481
0.239208

0.477167
-0.784834
-0.395407
0.944695
0.000175117

0.797206
0.446633
0.40618
0.859654
0.000986015

-0.797206
-0.446633
-0.40618
-0.35935
0.0917352

0.967359
-0.253408
0
-0.0876328
0.067008

-0.967359
0.253408
0
0.716141
0.00605583

-0.0302118
-0.264342
0.963956
0.914664
0.00046938

0.0302118
0.264342
-0.963956
-1.07101
0.258857

-0.505539
-0.607205
0.61297
0.612015
0.0201911

0.505539
0.607205
-0.61297
-2.63892
1.77534

0.389393
-0.0294152
0.920602
0.924801
0.000312075

-0.738467
-0.0459137
0.672725
0.745325
0.00702105

0.738467
0.0459137
-0.672725
-2.16688
1.08315

0.242028
0.0825843
-0.966748
-23.7284
300.434

-0.242028
-0.0825843
0.966748
0.958237
0.000857876

-0.46866
0.580704
0.665688
0.559921
0.0193796

0.46866
-0.580704
-0.665688
-1.22789
0.494216

-0.990297
0.0962306
0.100256
-0.129148
0.114675

0.990297
-0.0962306
-0.100256
0.0853893
0.0752392

-0.749895
0.0702799
0.657813
0.753365
0.00152405

0.749895
-0.0702799
-0.657813
0.676734
0.00261743

0.713334
-0.559745
0.421711
0.971008
0.000605453

-0.713334
0.559745
-0.421711
-36.5731
1015.6

-0.528353
0.748356
-0.401008
-0.721359
0.264947

0.528353
-0.748356
0.401008
0.484635
0.0237846

-0.353458
-0.179376
-0.918091
-0.882732
0.361517

0.353458
0.179376
0.918091
0.371492
0.0402892

0.0671099
0.0746236
-0.994951
-0.267594
0.118751

0.54707
0.360621
0.755425
0.994456
5.95805e-06

0.226043
-0.767571
-0.599783
-4.06014
6.53359

-0.226043
0.767571
0.599783
-0.401707
0.501575

-0.453104
0.179393
0.873221
0.85059
0.00102626

0.470276
0.221772
0.8542
0.795104
0.00481657

-0.470276
-0.221772
-0.8542
-2.67536
1.54668

0.637832
0.682277
-0.357307
0.144912
0.0449773

0.431452
-0.0604403
0.900109
0.850752
0.00203331

0.120519
0.0415335
0.991842
0.591595
0.0363804

-0.120519
-0.0415335
-0.991842
-5.90253
10.3902

-0.267817
0.387796
0.88198
0.742554
0.00572688

0.267817
-0.387796
-0.88198
-1.31701
0.463789

-0.284515
-0.224912
0.931915
0.86665
0.000773716

0.284515
0.224912
-0.931915
-0.152625
0.0577731

-0.68261
-0.193148
0.704796
0.635413
0.00170288

0.68261
0.193148
-0.704796
0.967268
1.38006e-05

0.434919
-0.0811168
0.896809
0.893909
0.00445709

-0.434919
0.0811168
-0.896809
-16.9293
125.814

-0.150543
0.317552
0.936214
0.763377
0.00329449

0.150543
-0.317552
-0.936214
-0.362949
0.108433

-0.422133
0.658011
0.623559
-2.41239
0.869201

0.422133
-0.658011
-0.623559
0.979357
3.66954e-05

0.0137047
0.0999863
0.994894
0.985304
8.65638e-05

-0.0137047
-0.0999863
-0.994894
-17.783
126.854

0.322454
0.620007
0.715272
-7.34518
15.3467

-0.322454
-0.620007
-0.715272
0.794659
0.00929563

-0.310099
0.148829
-0.938983
-1.62419
0.450651

0.310099
-0.148829
0.938983
0.954291
0.000160984

-0.161198
-0.477439
-0.863752
-3.14492
3.12875

0.161198
0.477439
0.863752
0.221673
0.11034

0.434009
0.177532
0.883243
0.828022
0.00483794

-0.434009
-0.177532
-0.883243
-5.00502
5.87421

0.992365
-0.123338
0
0.654636
0.00745198

-0.992365
0.123338
0
-0.0708532
0.0667209

0.151244
-0.0931194
-0.984101
-4.40096
3.63966

-0.151244
0.0931194
0.984101
0.94599
0.000395684

0.877774
-0.0273608
-0.478294
-0.354463
0.222204

-0.877774
0.0273608
0.478294
-0.387475
0.233159

-0.41311
0.735567
-0.536919
-0.118256
0.0605925

0.41311
-0.735567
0.536919
0.812467
0.00215101

-0.0951443
-0.371298
-0.923626
0.993433
1.56725e-05

-0.125352
-0.790348
-0.599697
0.707448
0.00845717

0.125352
0.790348
0.599697
-1.63297
0.680391

0.31321
0.0803543
0.946278
0.92236
0.000255998

0.782675
0.107815
0.613022
0.383679
0.0310866

0.359486
0.66148
-0.65819
-3.55128
2.798

-0.359486
-0.66148
0.65819
0.795213
0.0057167

-0.256203
-0.311158
-0.915172
-0.618607
0.190144

0.256203
0.311158
0.915172
0.678111
0.00765219

0.419772
-0.419007
0.805124
0.79087
0.00329569

-0.419772
0.419007
-0.805124
-1.01421
0.298818

0.939399
-0.159488
-0.303468
-0.470251
0.0962343

0.728585
0.604275
0.322516
-0.898543
0.286516

-0.728585
-0.604275
-0.322516
0.692
0.00755711

-0.746986
0.0828691
0.659655
0.95262
0.000125525

-0.515337
0.359022
0.778158
0.264441
0.0546453

0.515337
-0.359022
-0.778158
-0.655007
0.275875

-0.987437
0.00662817
-0.157875
-1.43816
0.396564

0.987437
-0.00662817
0.157875
0.926838
0.000374647

0.194423
0.586138
0.786538
-3.10432
1.62632

-0.194423
-0.586138
-0.786538
0.953081
0.000216921

0.217478
0.0611885
-0.974145
-0.476492
0.091138

0.578471
0.253262
0.775391
0.788548
0.000874473

0.878538
-0.477672
0
0.29915
0.0783396

-0.878538
0.477672
0
-1.53006
0.793847

-0.0366596
0.420438
0.90658
-0.732707
0.266512

0.0366596
-0.420438
-0.90658
0.500272
0.0223474

0.00869881
0.255076
0.966882
0.971008
0.000605698

-0.00869881
-0.255076
-0.966882
-36.5731
1015.59

-0.830732
-0.145231
-0.537395
-0.136772
0.0840027

0.830732
0.145231
0.537395
0.566334
0.0122727

0.856882
-0.104865
-0.504735
-36.41
1015.1

-0.856882
0.104865
0.504735
0.961072
0.00110069

-0.454239
-0.295612
0.840405
0.718775
0.00603142

0.454239
0.295612
-0.840405
-0.852651
0.260638

-0.20858
-0.0735082
-0.975239
-0.91914
0.39966

0.20858
0.0735082
0.975239
0.286456
0.0555094

0.337743
0.823689
-0.455485
0.219073
0.0486141

-0.337743
-0.823689
0.455485
-0.0327779
0.0849844

0.325883
0.14639
-0.934008
0.0402274
0.0875042

-0.325883
-0.14639
0.934008
-0.198895
0.136521

-0.185244
0.498311
-0.846977
-2.24331
1.09827

0.185244
-0.498311
0.846977
0.791853
0.00460906

-0.923627
0.138118
0.357541
0.310831
0.0279673

0.923627
-0.138118
-0.357541
0.356761
0.0243671

0.158898
0.690991
-0.705183
-0.748959
0.435245

-0.158898
-0.690991
0.705183
-0.480311
0.31181

0.0227926
0.628378
-0.777574
-5.86522
10.3516

-0.0227926
-0.628378
0.777574
0.570924
0.040585

-0.0463338
-0.927903
-0.369931
0.699646
0.00735587

0.0463338
0.927903
0.369931
-0.986008
0.320676

-0.559039
0.335885
0.758061
0.777786
0.00603434

0.559039
-0.335885
-0.758061
-2.8966
1.85297

0.0556298
0.148835
-0.987296
-9.40549
23.5664

-0.0556298
-0.148835
0.987296
0.962108
0.000318136

-0.69292
-0.721015
0
0.43754
0.0308343

-0.592017
-0.430748
0.681154
0.0833046
0.0376751

-0.0994344
0.3026
-0.947917
0.632369
0.00265659

0.0994344
-0.3026
0.947917
0.881478
0.000276485

0.963458
0.267858
0
0.60248
0.0114725

-0.963458
-0.267858
0
-0.310653
0.11846

-0.0709367
-0.754318
0.652666
-0.574057
0.198765

0.0709367
0.754318
-0.652666
0.552269
0.0161654

-0.207802
-0.534961
0.818923
0.740156
0.0101569

0.207802
0.534961
-0.818923
-3.82173
3.46259

-0.453362
0.604981
-0.654569
-0.940353
0.184585

0.453362
-0.604981
0.654569
0.963446
6.78636e-05

0.0856464
-0.838433
0.538233
0.586897
0.0162922

-0.0856464
0.838433
-0.538233
-1.14747
0.438669

0.629042
-0.210469
-0.748337
-0.332083
0.10079

-0.629042
0.210469
0.748337
0.771531
0.00297213

0.549306
-0.682445
0.482215
0.747322
0.00401791

-0.549306
0.682445
-0.482215
-0.203795
0.0807294

0.0224416
-0.202159
-0.979096
-0.29831
0.0842853

-0.0224416
0.202159
0.979096
0.839135
0.00130315

-0.0236384
-0.657803
-0.752819
-1.31041
0.937828

-0.0203855
-0.48553
0.873982
0.821126
0.00632947

0.0203855
0.48553
-0.873982
-6.42879
10.7763

0.0508737
-0.648077
-0.759873
-2.8966
1.8518

-0.0508737
0.648077
0.759873
0.777786
0.00609648

-0.0441476
0.281898
0.958428
-0.336737
0.113149

0.0441476
-0.281898
-0.958428
0.690111
0.00621491

0.699723
0.100699
0.707282
-3.81458
5.09482

-0.699723
-0.100699
-0.707282
-0.01139
0.224889

0.474035
0.862257
0.178334
0.676472
0.00580445

-0.474035
-0.862257
-0.178334
-0.0581677
0.0620467

-0.10651
-0.276004
-0.955237
0.0634642
0.0489564

-0.169144
-0.397597
0.901835
0.677072
0.0312753

0.169144
0.397597
-0.901835
-9.98854
36.1683

0.179656
-0.937152
-0.299116
0.906518
0.000193639

0.806132
-0.32362
0.4954
-1.2312
0.291355

-0.806132
0.32362
-0.4954
0.94719
0.000164081

-0.777951
0.0414339
-0.626957
-1.04305
0.187764

0.777951
-0.0414339
0.626957
0.986894
8.5099e-06

-0.235181
0.0459336
0.970866
0.962326
4.86831e-05

0.896681
0.252462
-0.363629
0.760027
0.00618841

-0.896681
-0.252462
0.363629
-2.19001
1.08793

-0.051373
-0.139144
-0.988939
-6.30134
8.08898

0.051373
0.139144
0.988939
0.975605
9.08857e-05

-0.349742
0.843859
-0.406919
-0.0341671
0.140948

0.349742
-0.843859
0.406919
-1.05339
0.55547

-0.664378
-0.110643
-0.739162
-2.09315
0.743684

0.664378
0.110643
0.739162
0.943653
0.000251421

0.370464
-0.479642
-0.795425
-0.831424
0.167489

-0.370464
0.479642
0.795425
0.946179
0.000149711

-0.396748
-0.463981
0.792031
0.194042
0.057466

0.280471
-0.935237
-0.216027
-0.816817
0.323409

-0.280471
0.935237
0.216027
0.400429
0.0352332

0.362484
0.0559346
0.93031
0.928931
0.000361635

-0.362484
-0.0559346
-0.93031
-1.3497
0.355374

0.150313
-0.988639
0
0.978897
1.64795e-05

-0.579009
0.790952
-0.197849
0.959754
0.000267338

0.527724
0.455087
-0.717219
0.993547
4.8828e-06

0.803546
0.595243
0
0.660511
0.02096

-0.803546
-0.595243
0
-1.12181
0.393223

0.495456
-0.800554
-0.337102
-1.97714
1.03901

-0.495456
0.800554
0.337102
0.602535
0.0185431

-0.280934
-0.54331
0.791132
0.786397
0.000595007

0.137785
0.8734
0.467107
0.56814
0.00552475

-0.137785
-0.8734
-0.467107
0.754915
0.00180441

-0.412799
-0.781017
0.468625
-0.10901
0.0413699

0.412799
0.781017
-0.468625
0.945447
0.000107082

-0.634263
-0.240039
0.734909
0.507825
0.0140898

0.455261
-0.469165
0.756718
0.690414
0.0108065

-0.455261
0.469165
-0.756718
-2.0873
1.06496

-0.793116
0.42978
-0.431574
-0.220929
0.0660591

0.793116
-0.42978
0.431574
0.876628
0.000677673

-0.696678
-0.0443747
-0.71601
-0.714494
0.466516

0.696678
0.0443747
0.71601
-0.88166
0.561865

0.0784817
-0.996916
0
0.61655
0.0045969

0.220235
0.471887
0.853709
0.89247
0.000435707

0.690119
0.337364
-0.640251
-1.056
0.357173

-0.690119
-0.337364
0.640251
0.685189
0.00844094

-0.204361
-0.978896
0
0.212597
0.0450547

0.204361
0.978896
0
0.142642
0.0534074

-0.167752
-0.894663
0.41405
0.122987
0.0757857

0.167752
0.894663
-0.41405
-0.388069
0.189759

0.0921298
0.572935
0.814406
-0.453805
0.645446

-0.0921298
-0.572935
-0.814406
-5.56488
13.152

0.154033
0.988066
0
-1.18892
0.373074

0.106317
0.353712
0.929293
0.369234
0.0933118

-0.106317
-0.353712
-0.929293
-5.54906
10.057

0.480848
-0.844139
-0.237095
0.474702
0.0205968

-0.480848
0.844139
0.237095
-0.237681
0.113405

0.0365857
-0.541223
0.840082
0.0530746
0.146017

-0.0365857
0.541223
-0.840082
-2.11082
1.5728

-0.159082
0.493378
0.855144
0.851005
0.000492593

-0.584455
0.28815
-0.758539
-6.31381
14.2436

0.584455
-0.28815
0.758539
0.251067
0.149592

0.056162
-0.604833
0.794369
-0.0821216
0.0889966

-0.056162
0.604833
-0.794369
0.334335
0.033776

0.215597
0.8174
0.534205
0.387034
0.0447462

-0.215597
-0.8174
-0.534205
-1.45186
0.715888

0.387616
0.451095
0.803907
0.809457
0.00562077

-0.387616
-0.451095
-0.803907
-4.41992
4.48882

0.367613
-0.140965
0.919233
0.89391
0.00154931

-0.367613
0.140965
-0.919233
-4.19843
3.59074

0.00824288
0.794063
-0.607779
-0.454338
0.13559

-0.00824288
-0.794063
0.607779
0.724432
0.00488069

-0.665047
0.524375
-0.531736
-36.0077
1013.61

0.665047
-0.524375
0.531736
0.930042
0.00362289

-0.224856
0.241666
-0.943948
-0.110317
0.0395921

0.224856
-0.241666
0.943948
0.955892
6.26175e-05

-0.961028
0.158216
-0.226699
-0.361494
0.264874

0.961028
-0.158216
0.226699
-0.901589
0.51668

-0.418177
-0.533065
0.735507
0.754157
0.00517946

0.418177
0.533065
-0.735507
-1.33216
0.465844

0.0577021
0.801699
0.594936
0.904081
0.00292567

-0.0577021
-0.801699
-0.594936
-13.2765
64.3555

-0.0708851
-0.316851
0.945823
0.952885
0.000834616

0.0708851
0.316851
-0.945823
-17.3779
126.55

-0.259927
-0.903632
0.340422
0.995184
2.27647e-06

0.269406
0.68232
0.679602
-0.709729
0.263474

-0.269406
-0.68232
-0.679602
0.468238
0.0255906

0.682507
-0.536163
-0.496703
-0.676396
0.24085

-0.682507
0.536163
0.496703
0.518894
0.0198888

-0.675582
0.618316
0.40159
0.405724
0.0117934

-0.865047
0.302842
-0.399975
-0.337379
0.095758

0.865047
-0.302842
0.399975
0.811931
0.0019095

0.00270167
-0.855209
0.518277
0.535449
0.0118174

-0.00270167
0.855209
-0.518277
0.203889
0.0346123

-0.284607
0.643065
-0.710962
-0.35014
0.107629

0.284607
-0.643065
0.710962
0.750235
0.00369905

0.00474428
-0.423575
0.905849
0.0600314
0.106694

-0.00474428
0.423575
-0.905849
-0.886449
0.428782

-0.20682
0.689363
-0.694265
-8.19451
22.5138

0.20682
-0.689363
0.694265
0.632221
0.0360258

0.259085
-0.625614
0.735854
0.664367
0.00664179

-0.259085
0.625614
-0.735854
-0.137443
0.0760554

-0.54303
-0.0862728
0.83527
0.867245
0.0033898

0.54303
0.0862728
-0.83527
-6.57849
10.8653

0.299807
-0.895185
-0.329786
-0.842006
0.670926

-0.299807
0.895185
0.329786
-1.68265
1.42172

-0.776354
0.244503
-0.580941
-0.748959
0.435283

0.776354
-0.244503
0.580941
-0.480311
0.311877

-0.364645
0.704152
0.609266
0.661018
0.010544

0.364645
-0.704152
-0.609266
-1.22155
0.450055

0.315948
-0.417429
0.852015
0.806722
0.00210943

-0.0927647
-0.76907
-0.632397
0.836965
0.00218593

-0.392184
0.379056
0.838158
0.811045
0.0016419

-0.100741
-0.763054
0.638436
0.654833
0.00879406

0.100741
0.763054
-0.638436
-0.597786
0.188077

-0.261098
0.0965277
0.960474
0.93576
0.000461443

-0.025311
-0.117211
0.992785
0.977905
4.56056e-05

0.025311
0.117211
-0.992785
-2.99371
1.38167

0.283515
0.958968
0
0.38258
0.0782591

-0.283515
-0.958968
0
-4.22512
5.36326

0.505461
-0.410091
0.759167
0.977055
0.000255682

0.648404
0.0662612
-0.758407
0.948763
0.000115905

0.401549
-0.286816
0.869767
-0.0726869
0.240025

-0.401549
0.286816
-0.869767
-3.29077
3.83448

-0.0264988
0.644525
0.764124
0.339984
0.0258402

-0.379815
-0.448256
-0.809202
-3.11244
2.62987

0.379815
0.448256
0.809202
0.520499
0.0357566

-0.801704
-0.195916
-0.564702
-0.080282
0.0662221

0.801704
0.195916
0.564702
0.668184
0.00629265

-0.59243
-0.475322
0.650458
-0.84361
0.458106

0.59243
0.475322
-0.650458
-0.243957
0.208669

-0.438994
0.0450922
-0.897357
-9.31828
23.527

0.438994
-0.0450922
0.897357
0.950437
0.000545543

-0.670405
0.0387077
0.740985
0.791772
0.00407027

0.670405
-0.0387077
-0.740985
-1.75343
0.700375

0.499648
-0.0785692
0.862658
0.692448
0.0219099

-0.499648
0.0785692
-0.862658
-7.07802
15.1138

0.679426
0.0914577
-0.728021
-0.199657
0.11504

-0.679426
-0.0914577
0.728021
0.34307
0.0345929

0.417762
-0.301478
0.85708
0.809037
0.00725824

-0.962496
0.271294
0
0.735281
0.00487608

0.962496
-0.271294
0
-0.67461
0.194985

-0.259257
-0.403616
0.877428
-0.0891962
0.158677

0.259257
0.403616
-0.877428
-1.02536
0.548461

-0.330361
-0.3092
-0.891772
-16.5921
125.213

0.330361
0.3092
0.891772
0.832555
0.011347

-0.0379004
0.741074
0.670353
-1.20158
0.591214

0.0379004
-0.741074
-0.670353
0.221647
0.0740359

-0.254479
-0.622343
0.740223
-13.6163
64.6965

0.254479
0.622343
-0.740223
0.952814
0.00069005

-0.863175
-0.164507
0.477354
0.424775
0.0505403

0.863175
0.164507
-0.477354
-2.69168
2.07887

-0.113662
-0.827923
-0.549203
-0.572327
0.112146

0.113662
0.827923
0.549203
0.938317
0.000173814

0.698984
-0.513124
-0.498121
-6.67387
14.6885

-0.698984
0.513124
0.498121
0.488943
0.0652182

-0.0132528
-0.712422
-0.701626
-0.67461
0.195063

0.0132528
0.712422
0.701626
0.735281
0.00494156

-0.26047
-0.870564
0.417462
0.634119
0.0242606

0.283043
-0.038525
0.958333
0.316306
0.0143793

0.530132
-0.271252
-0.803357
0.664811
0.00243527

-0.530132
0.271252
0.803357
0.832548
0.000616062

0.0199127
-0.986952
-0.159781
-0.472623
0.175707

-0.264576
0.834736
0.482923
-10.3579
36.6864

0.264576
-0.834736
-0.482923
0.798081
0.0116019

0.379523
0.273845
0.883726
0.847999
0.00138462

-0.379523
-0.273845
-0.883726
-0.698559
0.171982

-0.76649
0.481707
0.424795
0.381139
0.0350073

0.76649
-0.481707
-0.424795
-0.584285
0.229356

-0.180595
-0.0732555
0.980826
0.792605
0.00274355

0.180595
0.0732555
-0.980826
-0.625971
0.166995

0.341358
0.250387
-0.90597
-1.41775
0.476624

-0.341358
-0.250387
0.90597
0.813445
0.00292425

-0.460382
-0.790904
0.403137
-0.006145
0.136905

0.460382
0.790904
-0.403137
-1.19253
0.649858

-0.656247
0.571517
0.492653
0.214358
0.0367911

0.656247
-0.571517
-0.492653
0.425891
0.0196478

0.788263
0.263193
-0.556211
-2.27702
1.43434

-0.788263
-0.263193
0.556211
0.510813
0.0320414

0.811676
-0.144005
0.566079
-0.0609013
0.0917613

-0.811676
0.144005
-0.566079
0.203141
0.0517699

0.333455
-0.622348
-0.70816
-1.56177
0.602448

-0.333455
0.622348
0.70816
0.752525
0.00562977

0.26404
0.964512
0
0.818595
0.0016742

-0.133528
0.813621
0.565854
0.938667
0.00143913

0.133528
-0.813621
-0.565854
-17.2505
126.365

0.314068
0.736928
0.598581
0.779552
0.00441424

-0.314068
-0.736928
-0.598581
-1.6008
0.608245

0.264388
-0.854334
-0.447451
0.225604
0.0152831

0.677083
-0.109698
0.727684
0.42457
0.0160468

-0.904759
0.377278
-0.19767
0.913715
0.000296844

-0.336305
0.892328
0.301082
0.254273
0.0409036

0.336305
-0.892328
-0.301082
0.0751563
0.0629005

-0.801958
0.117719
0.585667
0.988673
2.68665e-05

0.124021
-0.471608
-0.873043
-0.0875666
0.0768267

-0.124021
0.471608
0.873043
0.538358
0.0138734

0.524706
-0.404778
-0.748891
-4.18236
5.38422

-0.524706
0.404778
0.748891
0.34749
0.0853698

0.575423
0.671516
0.466857
0.257367
0.0362299

-0.575423
-0.671516
-0.466857
0.257367
0.0362299

-0.521117
0.84871
0.0901576
0.964408
6.73104e-05

0.521117
-0.84871
-0.0901576
-1.13772
0.242195

-0.729072
0.553337
0.40283
-0.0653548
0.052202

-0.698381
0.0179768
0.7155
0.804174
0.0069574

0.607241
-0.469136
-0.641226
0.673453
0.00489463

-0.607241
0.469136
0.641226
0.249382
0.0256167

-0.755112
0.166677
0.634055
0.910775
0.000386078

0.755112
-0.166677
-0.634055
-0.515973
0.10996

0.954777
-0.119087
-0.272431
0.0229769
0.132662

-0.954777
0.119087
0.272431
-1.34729
0.76557

-0.278018
-0.64436
-0.712394
0.676892
0.00824678

0.191625
0.514493
0.835809
0.852821
0.00198737

-0.671342
-0.503254
0.544091
-1.17954
0.313606

0.671342
0.503254
-0.544091
0.892657
0.000763129

-0.380566
-0.342797
-0.858871
0.857971
0.00112517

0.380566
0.342797
0.858871
-0.561526
0.134245

-0.0164706
-0.181176
0.983313
0.975849
0.00012353

-0.013017
0.362964
0.931712
-0.0184112
0.0462633

0.013017
-0.362964
-0.931712
0.810911
0.00160395

0.791016
-0.210624
0.574397
0.952788
0.000360937

-0.726585
0.258935
0.636418
0.930954
0.000215533

0.726585
-0.258935
-0.636418
-0.37129
0.0785999

-0.672916
0.0617353
0.737139
0.512939
0.0658826

0.672916
-0.0617353
-0.737139
-7.946
22.1743

-0.261978
0.0548725
0.963513
0.945324
0.000694849

-0.323005
0.0923863
0.941877
0.763636
0.00357856

0.323005
-0.0923863
-0.941877
-0.493295
0.138521

0.560266
-0.693199
-0.453407
-0.155206
0.117306

-0.560266
0.693199
0.453407
0.151279
0.0633466

0.937432
-0.0433974
-0.345454
0.0853893
0.0752725

-0.937432
0.0433974
0.345454
-0.129148
0.114708

0.238538
-0.448962
0.861123
0.94279
0.000644756

0.276331
0.787976
-0.550214
-0.544194
0.182986

-0.276331
-0.787976
0.550214
0.589447
0.0129904

0.615221
0.0154683
0.788203
0.993267
4.75618e-06

0.778991
0.414075
-0.470867
-1.02279
0.276646

-0.778991
-0.414075
0.470867
0.849545
0.00154943

0.161309
0.074177
-0.984112
-0.201414
0.46969

-0.161309
-0.074177
0.984112
-6.94405
20.5093

-0.647025
-0.394387
0.652546
0.623302
0.0101984

-0.250516
0.291945
0.923044
0.932363
0.000206526

-0.44644
-0.820416
-0.357225
0.423367
0.0278345

0.44644
0.820416
0.357225
-0.431785
0.171443

0.162614
-0.229075
0.95973
0.953954
0.000288158

0.722773
0.129621
0.67882
0.738424
0.0074885

-0.881981
-0.143779
-0.448817
0.91725
0.000964973

-0.195976
-0.15623
0.968084
0.677197
0.00888965

0.195976
0.15623
-0.968084
-1.04753
0.35609

0.840498
-0.442417
0.312778
-5.65514
6.07923

-0.840498
0.442417
-0.312778
0.979858
5.78145e-05

0.639652
-0.662237
0.39024
0.0483892
0.0914433

-0.639652
0.662237
-0.39024
-0.355617
0.185516

0.482429
0.100567
0.870143
0.869584
0.00166654

-0.765724
0.463055
-0.44637
0.875053
0.00103879

-0.467536
-0.274458
-0.840287
0.0248257
0.0663851

0.255154
0.146088
0.955801
0.810303
0.00886108

-0.28807
-0.71504
-0.636972
-3.60944
3.37276

0.28807
0.71504
0.636972
0.61531
0.0235134

-0.698549
-0.593205
0.400172
0.343765
0.0331505

0.698549
0.593205
-0.400172
-0.122198
0.0968635

-0.466666
0.155555
-0.870646
-33.0736
990.323

0.466666
-0.155555
0.870646
0.394244
0.313271

-0.640751
0.161351
0.750602
-1.87733
1.67896

0.640751
-0.161351
-0.750602
-0.79336
0.652456

-0.0835777
-0.934076
-0.347155
0.287256
0.0423748

0.0835777
0.934076
0.347155
-0.214854
0.123045

-0.293801
-0.792418
0.53456
-1.48671
1.27886

0.293801
0.792418
-0.53456
-1.20273
1.0035

0.276859
0.432365
-0.858143
0.625104
0.00608303

-0.276859
-0.432365
0.858143
0.401136
0.0153609

-0.486653
0.715573
0.501123
0.642718
0.0072636

0.344228
-0.0943591
0.934133
0.966126
0.000287736

-0.381072
0.451697
0.806693
0.903345
0.00116088

0.381072
-0.451697
-0.806693
-3.83321
2.87919

0.00539422
0.794079
0.607791
0.741877
0.00292006

-0.00539422
-0.794079
-0.607791
0.190877
0.0283016

0.49519
-0.793054
-0.354758
0.965649
0.000208711

0.380263
0.923625
0.0481247
0.900823
0.00108174

-0.380263
-0.923625
-0.0481247
-3.18303
1.9204

0.0319446
-0.29948
0.953568
0.957934
0.00045405

-0.527752
-0.569782
0.629942
0.799268
0.00385943

0.527752
0.569782
-0.629942
-1.9131
0.810445

0.690936
0.351456
0.631733
0.85686
0.00118683

-0.690936
-0.351456
-0.631733
-0.607688
0.145695

-0.537006
-0.771826
-0.340454
0.0178581
0.0367473

0.537006
0.771826
0.340454
0.875647
0.000596815

-0.970359
-0.0533015
-0.235718
0.55816
0.0121247

0.970359
0.0533015
0.235718
-0.0388187
0.0669746

-0.459122
0.368753
0.808225
0.680276
0.00513009

0.459122
-0.368753
-0.808225
0.124747
0.0378366

-0.306188
-0.62351
0.719364
0.666871
0.00226717

-0.90799
-0.267431
-0.322545
0.425344
0.069873

0.90799
0.267431
0.322545
-4.88447
7.32325

-0.324803
0.0315927
0.945254
-0.0742915
0.129747

0.324803
-0.0315927
-0.945254
-0.492218
0.250321

0.47055
0.710724
-0.522928
-1.59782
0.406607

-0.47055
-0.710724
0.522928
0.973435
4.69223e-05

-0.122635
-0.0829838
-0.988976
-1.04536
0.301846

0.122635
0.0829838
0.988976
0.813352
0.00261518

-0.133893
0.715289
-0.685882
0.972128
5.83656e-05

0.133893
-0.715289
0.685882
-1.80952
0.512262

0.966028
-0.178465
0.186924
-0.0149289
0.0878729

-0.966028
0.178465
-0.186924
0.0816694
0.0719438

0.592939
-0.204797
0.778769
0.866624
0.00214525

0.708007
-0.376989
-0.597164
0.870209
0.00032903

0.308532
-0.617449
0.723578
0.811954
0.00186735

-0.416144
0.903054
-0.106386
0.210125
0.0852347

0.416144
-0.903054
0.106386
-1.625
0.941294

-0.471424
-0.761117
0.445489
-1.66156
0.76286

0.471424
0.761117
-0.445489
0.611983
0.0162537

0.877065
0.480371
0
0.445501
0.0363802

-0.877065
-0.480371
0
-0.768169
0.296181

-0.802473
0.298828
0.516467
-0.006145
0.136937

0.802473
-0.298828
-0.516467
-1.19253
0.649845

-0.229306
0.68998
-0.686547
0.641815
0.00831516

0.229306
-0.68998
0.686547
-0.259247
0.101858

0.914215
0.149833
-0.376512
-0.265765
0.120697

-0.914215
-0.149833
0.376512
0.466658
0.0214558

0.170386
-0.649036
-0.741432
-1.18052
0.313671

-0.170386
0.649036
0.741432
0.89314
0.000761879

0.449698
-0.795308
-0.406519
0.429658
0.0177739

-0.449698
0.795308
0.406519
0.330642
0.0244803

0.66514
-0.589623
-0.458184
-0.291337
0.0884589

-0.66514
0.589623
0.458184
0.80267
0.00207097

0.645835
-0.582634
0.493391
0.761279
0.0040073

-0.321764
0.277943
-0.905105
-2.72056
2.43877

0.321764
-0.277943
0.905105
0.1329
0.132499

-0.292505
-0.956264
0
0.925515
0.00032412

-0.161168
-0.0799023
0.983687
-0.22528
0.167897

0.161168
0.0799023
-0.983687
-0.308336
0.19143

-0.851576
-0.301629
-0.428764
0.727727
0.00254535

0.851576
0.301629
0.428764
0.478683
0.00927759

-0.870008
0.155193
-0.467976
0.407196
0.0334696

0.870008
-0.155193
0.467976
-0.742111
0.288601

0.288574
-0.803636
-0.520474
0.166275
0.0542618

-0.288574
0.803636
0.520474
0.0656945
0.0681318

-0.490463
-0.155431
0.857489
0.859839
0.00144994

-0.347629
0.609011
0.712923
0.633723
0.00615305

-0.198396
-0.0491484
-0.978889
-0.13134
0.0456025

0.198396
0.0491484
0.978889
0.934166
0.000158462

-0.169029
-0.374188
0.911818
0.955641
0.000285288

0.169029
0.374188
-0.911818
-5.48491
6.04379

0.481632
-0.0176424
-0.876196
-2.05948
0.820744

-0.481632
0.0176424
0.876196
0.87504
0.00228311

0.357011
0.58061
-0.731734
0.742167
0.00230259

-0.357011
-0.58061
0.731734
0.438587
0.0109152

-0.234614
0.0213656
0.971854
0.946366
0.000297491

-0.648453
-0.532495
0.544021
0.707203
0.00154377

-0.457039
0.693165
-0.557348
-0.786881
0.154466

0.457039
-0.693165
0.557348
0.949458
0.000125916

-0.451972
-0.69888
0.554336
-1.75834
0.874695

0.451972
0.69888
-0.554336
0.558663
0.0224099

0.273358
-0.0722991
0.959192
0.945966
0.00147887

-0.273358
0.0722991
-0.959192
-23.5919
300.023

0.477763
-0.430143
0.765976
0.802361
0.00346486

-0.477763
0.430143
-0.765976
-1.63619
0.613523

0.463683
0.540025
0.702403
0.71915
0.00164398

0.231935
-0.276698
-0.932547
-4.62316
4.56254

-0.231935
0.276698
0.932547
0.88246
0.00205481

-0.584855
0.349442
0.732007
0.356384
0.0896098

0.584855
-0.349442
-0.732007
-4.79253
7.24312

0.024602
0.331721
-0.943057
-17.2207
126.271

-0.024602
-0.331721
0.943057
0.935057
0.00163939

-0.694824
-0.0527887
0.71724
-0.410517
0.180368

0.694824
0.0527887
-0.71724
0.286728
0.0461269

0.313063
-0.28012
0.907482
0.883203
0.000285908

-0.035029
-0.863515
-0.503105
0.0776459
0.0798601

0.035029
0.863515
0.503105
-0.213588
0.138195

-0.575944
-0.65369
-0.490896
-0.831829
0.258464

0.575944
0.65369
0.490896
0.698933
0.00701878

-0.00123633
0.951021
-0.309123
0.0993605
0.0536213

0.00123633
-0.951021
0.309123
0.387655
0.0247987

-0.534227
-0.274052
0.799686
0.733609
0.00580116

0.534227
0.274052
-0.799686
-1.11067
0.364023

-0.368598
0.834389
-0.409793
0.412282
0.0216314

0.368598
-0.834389
0.409793
0.158555
0.0443029

0.30032
-0.24331
0.922284
0.837212
0.00520326

-0.30032
0.24331
-0.922284
-6.47819
10.8055

0.215893
-0.614707
0.758634
0.140805
0.0490744

-0.215893
0.614707
-0.758634
0.345592
0.0284722

0.365008
-0.219217
0.904828
0.731828
0.0304316

-0.365008
0.219217
-0.904828
-16.1631
124.106

-0.524559
0.245557
0.815193
0.904444
0.00100037

0.808547
0.404028
0.4278
0.16973
0.0516842

-0.808547
-0.404028
-0.4278
0.132414
0.0564332

0.807256
0.0866945
-0.583799
0.448331
0.043821

-0.807256
-0.0866945
0.583799
-2.44795
1.708

-0.129792
0.395367
0.909307
0.902913
0.000398788

0.129792
-0.395367
-0.909307
-0.202931
0.0594868

-0.417421
-0.727865
0.544033
0.523862
0.0108481

-0.81531
0.473828
0.332803
0.675748
0.0109315

0.81531
-0.473828
-0.332803
-1.73592
0.778097

-0.544391
0.661289
-0.516077
0.124941
0.0933449

0.544391
-0.661289
0.516077
-1.02638
0.500127

-0.00563751
0.197055
0.980376
0.348026
0.0438264

0.00563751
-0.197055
-0.980376
-0.867193
0.358951

0.743171
-0.257067
0.617749
-0.187674
0.143728

-0.743171
0.257067
-0.617749
-0.118841
0.127566

0.642705
-0.766114
0
0.691448
0.00273034

-0.642705
0.766114
0
0.658703
0.0033405

-0.505755
0.173907
0.844967
0.760441
0.0105999

0.505755
-0.173907
-0.844967
-5.47766
7.74722

-0.637796
0.770205
0
0.0744466
0.0530642

0.142634
-0.336739
0.930732
0.920425
0.00148426

-0.951568
-0.0450694
-0.304116
-0.19569
0.136577

0.951568
0.0450694
0.304116
0.0318956
0.0897028

-0.220992
-0.44593
-0.867357
0.602131
0.0118186

-0.949072
-0.315059
0
-0.441356
0.0902207

0.949072
0.315059
0
0.931613
0.000246201

0.206855
-0.632774
0.746196
0.924724
0.00287996

-0.206855
0.632774
-0.746196
-23.3897
299.642

-0.227615
-0.239133
0.943932
-0.513289
0.29498

0.227615
0.239133
-0.943932
-0.403274
0.253704

-0.742204
-0.230036
0.629457
0.912552
0.00242067

0.283787
0.16456
0.944661
0.462209
0.0250813

-0.283787
-0.16456
-0.944661
-0.571959
0.212639

0.109419
-0.277127
0.954583
0.63283
0.0133653

-0.0213313
0.708706
0.705181
0.275932
0.0589908

0.0213313
-0.708706
-0.705181
-1.01129
0.454082

0.631641
0.693652
-0.346233
-1.15261
0.706618

-0.631641
-0.693652
0.346233
-0.356924
0.281378

0.102784
-0.497691
-0.861243
-8.65421
33.5328

-0.102784
0.497691
0.861243
-0.0726919
0.41442

-0.784635
0.580833
-0.216751
0.0492051
0.0808106

0.784635
-0.580833
0.216751
-0.0759585
0.103486

-0.765488
-0.422676
0.485154
0.61469
0.0146276

0.584776
0.130696
0.800597
-16.6652
125.318

-0.584776
-0.130696
-0.800597
0.847137
0.00944331

-0.0136035
-0.850547
-0.525723
0.00838435
0.0705561

0.0136035
0.850547
0.525723
0.347278
0.0306084

0.0916311
-0.686473
-0.721359
0.789563
0.00185192

0.607917
-0.781592
-0.139828
0.832385
0.00112362

-0.607917
0.781592
0.139828
0.0830019
0.0335811

-0.400158
0.916446
0
-0.245703
0.1712

0.400158
-0.916446
0
-0.245703
0.1712

-0.638602
-0.769538
0
0.61153
0.0159719

0.210763
0.921013
0.327589
-0.225342
0.157606

-0.210763
-0.921013
-0.327589
-0.152207
0.139358

-0.0569806
-0.455174
-0.888578
0.422775
0.00851909

0.0569806
0.455174
0.888578
0.89651
0.000314915

-0.353393
0.111114
-0.928852
-0.721359
0.265051

0.353393
-0.111114
0.928852
0.484635
0.0239491

0.00774632
0.769277
-0.638868
0.996665
1.2994e-06

0.792627
0
0.609707
0.788272
0.00282201

-0.792627
0
-0.609707
-0.56901
0.152681

0.806024
-0.267343
-0.528065
-1.50759
0.657211

0.150205
-0.846625
-0.510553
-0.103613
0.0860263

-0.150205
0.846625
0.510553
0.448523
0.0215249

-0.949888
0.20317
0.237562
-7.9489
28.4431

0.949888
-0.20317
-0.237562
-0.228063
0.53624

0.0805802
0.476353
0.875554
0.87575
0.0026472

-0.0805802
-0.476353
-0.875554
-5.80392
7.91892

-0.773688
-0.251318
-0.581589
-1.55795
0.543988

0.773688
0.251318
0.581589
0.829647
0.00244565

-0.80073
-0.3003
0.518315
0.679583
0.00960749

0.80073
0.3003
-0.518315
-1.35027
0.51446

0.176872
-0.529804
-0.829472
-4.37815
4.47511

-0.176872
0.529804
0.829472
0.79187
0.00670339

-0.837543
0.286789
0.465052
0.54009
0.0116974

-0.109192
-0.533105
0.838973
0.934241
0.00115113

0.109192
0.533105
-0.838973
-10.9845
37.298

-0.0176874
-0.985687
-0.167655
-1.31041
0.937947

0.0176874
0.985687
0.167655
-0.697442
0.506285

0.377555
0.0841384
-0.922157
0.524882
0.0090837

-0.377555
-0.0841384
0.922157
0.563482
0.00766788

0.0356891
0.894957
-0.444723
-0.115599
0.113337

-0.0356891
-0.894957
0.444723
0.0494317
0.0822896

0.228566
0.0418959
-0.972626
-17.4868
126.597

-0.228566
-0.0418959
0.972626
0.963483
0.000515078

-0.916001
0.101858
-0.388031
0.169097
0.0420004

0.916001
-0.101858
0.388031
0.437778
0.0192337

0.044379
0.972294
-0.229511
-0.244792
0.106365

-0.044379
-0.972294
0.229511
0.56535
0.0129774

0.960449
0.232745
0.152863
0.903216
0.000881962

-0.960449
-0.232745
-0.152863
-2.48424
1.14129

-0.880076
0.222201
0.419633
0.757917
0.00487076

0.880076
-0.222201
-0.419633
-1.23497
0.413174

0.56708
0.110353
0.816237
0.938703
0.000996402

-0.56708
-0.110353
-0.816237
-11.0141
37.3215

0.206348
0.291429
-0.934071
-11.1702
37.4186

-0.206348
-0.291429
0.934071
0.959493
0.00043611

-0.912295
0.167977
0.373499
0.250564
0.0789476

0.912295
-0.167977
-0.373499
-1.83352
1.12788

0.000842499
0.1319
0.991263
-0.890975
0.264532

-0.359449
-0.289229
0.887211
0.843972
0.00234859

0.0318515
-0.907062
-0.41979
-0.64846
0.101016

0.309685
0.0553527
0.949227
0.978512
4.09046e-05

-0.309685
-0.0553527
-0.949227
-2.77995
1.17457

0.499001
-0.377322
-0.780145
0.349885
0.0293215

-0.257143
0.024273
0.966068
0.962522
0.000180454

-0.435826
-0.452669
-0.777912
0.0305927
0.187294

0.435826
0.452669
0.777912
-3.13088
3.31994

-0.464709
-0.571097
-0.676678
-5.57063
7.797

0.464709
0.571097
0.676678
0.797765
0.0074413

-0.672826
-0.101269
0.732837
0.836922
0.00469699

0.672826
0.101269
-0.732837
-5.67967
7.85829

0.411216
0.00205102
-0.911536
-17.0212
126.039

-0.411216
-0.00205102
0.911536
0.908055
0.00328379

-0.291388
0.118711
-0.949211
-6.81684
10.989

0.291388
-0.118711
0.949211
0.925193
0.00101664

0.945892
-0.112695
0.304282
0.517106
0.0186391

-0.945892
0.112695
-0.304282
-0.491695
0.177685

-0.958343
0.221698
0.180078
0.526755
0.026139

-0.109298
0.294652
-0.949333
-0.745209
0.163402

0.109298
-0.294652
0.949333
0.908241
0.00045471

0.79754
-0.192847
-0.571611
-1.15882
0.440455

-0.79754
0.192847
0.571611
0.59891
0.0152691

0.220197
-0.045472
-0.974395
-6.94323
11.041

-0.220197
0.045472
0.974395
0.948708
0.000463663

0.708554
0.544304
0.449093
0.992676
5.55064e-06

-0.0547253
-0.357555
0.932287
-0.190442
0.127879

0.0547253
0.357555
-0.932287
0.132481
0.0679422

0.586816
0.802075
0.11101
0.148156
0.0486588

-0.586816
-0.802075
-0.11101
0.326939
0.0303784

-0.386686
0.473295
0.791496
-2.21622
1.0929

0.386686
-0.473295
-0.791496
0.776032
0.0053798

0.465072
-0.2261
-0.855913
-0.863418
0.389287

-0.465072
0.2261
0.855913
0.193468
0.0729407

0.178507
-0.459158
-0.870235
-4.94857
5.84421

-0.178507
0.459158
0.870235
0.806564
0.00626662

0.822394
-0.491684
0.286209
-6.71373
10.9444

-0.822394
0.491684
-0.286209
0.902373
0.0017543

-0.386607
0.476232
0.789771
0.583543
0.0321862

0.386607
-0.476232
-0.789771
-4.50687
5.6021

-0.435705
0.883991
-0.169472
0.141847
0.0384471

0.435705
-0.883991
0.169472
0.618598
0.00759544

-0.973687
0.0361198
-0.22501
0.922401
0.000168897

0.973687
-0.0361198
0.22501
0.239837
0.0160005

0.525821
0.476997
0.704263
-1.01703
0.382853

-0.525821
-0.476997
-0.704263
0.549253
0.0192257

-0.21754
-0.0976009
0.971159
0.881042
0.0056485

-0.791099
-0.175898
-0.585851
-2.03516
1.0533

0.791099
0.175898
0.585851
0.650611
0.0139601

0.624443
-0.740381
-0.248811
-1.89473
1.01796

-0.624443
0.740381
0.248811
0.526938
0.0271879

-0.488129
0.090979
-0.868016
-2.83987
2.13842

0.488129
-0.090979
0.868016
0.553733
0.0289289

0.470413
-0.652632
0.593956
0.127153
0.0718147

-0.470413
0.652632
-0.593956
-0.282421
0.154894

0.100207
-0.871128
0.480723
0.667639
0.00388754

-0.943223
0.268336
0.195771
0.835709
0.0015289

0.943223
-0.268336
-0.195771
-0.530946
0.132463

-0.292201
0.368645
0.882451
0.495423
0.0380044

0.292201
-0.368645
-0.882451
-2.76974
2.10966

0.176972
-0.569671
-0.802593
0.859127
0.0023237

-0.176972
0.569671
0.802593
-3.06994
1.89477

-0.671691
0.197349
0.714062
0.791034
0.00798094

0.671691
-0.197349
-0.714062
-5.55316
7.78673

-0.532505
-0.0546181
-0.844663
-12.9324
63.8994

0.532505
0.0546181
0.844663
0.835393
0.00892749

0.728978
-0.684537
0
0.883244
0.00114595

-0.728978
0.684537
0
-0.430252
0.101955

-0.73197
-0.299251
0.612102
0.917485
0.00179634

-0.21185
0.212826
0.953847
0.591116
0.0207656

0.21185
-0.212826
-0.953847
-2.15497
1.22452

-0.120931
-0.49182
-0.862258
-10.7021
37.0496

0.120931
0.49182
0.862258
0.882979
0.00375771

0.446667
0.556669
-0.700434
0.685892
0.00703224

0.245224
0.397807
-0.88409
-2.11291
1.37872

-0.874585
0.484873
0
0.549105
0.0298767

0.74253
-0.26147
-0.616671
-0.120722
0.123221

-0.74253
0.26147
0.616671
-0.0975835
0.118195

-0.26289
-0.717602
0.644932
0.23782
0.355488

0.26289
0.717602
-0.644932
-20.6797
287.466

0.336018
-0.439519
-0.833015
-7.01095
15.0393

-0.336018
0.439519
0.833015
0.662919
0.0267645

0.98094
-0.183877
-0.0628197
0.724581
0.014273

-0.697137
-0.473439
0.538381
0.594009
0.0212781

0.697137
0.473439
-0.538381
-2.37294
1.46428

0.197428
-0.101286
-0.975071
-1.16472
0.370318

-0.197428
0.101286
0.975071
0.77635
0.00406962

-0.676204
0.686463
0.267425
0.529667
0.00969224

-0.440386
0.781646
-0.441689
0.53045
0.0175227

0.650301
-0.391896
-0.650789
-0.454391
0.0957375

-0.650301
0.391896
0.650789
0.9197
0.000311524

0.192521
-0.0384309
0.98054
0.979526
1.65524e-05

-0.0441082
-0.266598
0.962798
-1.10638
0.568467

0.0441082
0.266598
-0.962798
0.0638323
0.112585

0.739236
-0.314266
0.595623
0.816222
0.00194557

0.540634
-0.600013
0.58966
0.794737
0.00537888

-0.437427
-0.698004
0.566964
-7.16177
11.1044

0.437427
0.698004
-0.566964
0.978413
8.19192e-05

0.252436
0.9402
-0.228692
0.481922
0.044989

-0.252436
-0.9402
0.228692
-3.42667
3.28344

-0.0273718
-0.859555
0.510311
-0.0216155
0.181616

0.0273718
0.859555
-0.510311
-2.31001
1.90533

0.49695
0.255366
-0.829355
0.916865
0.000330286

-0.49695
-0.255366
0.829355
-0.344648
0.0778097

0.848976
0.363958
0.383113
-0.241254
0.133062

-0.848976
-0.363958
-0.383113
0.249114
0.0487212

0.0282356
0.929202
0.368491
-0.337378
0.393456

-0.0282356
-0.929202
-0.368491
-3.09573
3.68951

-0.707742
0.706471
0
-0.28463
0.185981

0.707742
-0.706471
0
-0.133642
0.147725

-0.363503
-0.0467536
-0.930419
0.173858
0.0679704

0.363503
0.0467536
0.930419
-0.477187
0.216694

-0.0505618
0.49149
0.869414
0.857633
0.00431207

0.0505618
-0.49149
-0.869414
-7.55088
15.4973

0.108602
0.969315
0.220534
0.616307
0.0116686

0.956927
0.290327
0
0.984007
0.000105219

-0.752835
0.362871
-0.549149
-3.05946
2.60534

0.752835
-0.362871
0.549149
0.476889
0.0433472

0.293908
-0.276553
-0.914952
0.578321
0.00379268

-0.293908
0.276553
0.914952
0.883191
0.000293733

0.975393
0.0272114
-0.218786
-0.604083
0.337894

-0.975393
-0.0272114
0.218786
-0.375251
0.248371

-0.112406
0.706674
0.698553
0.784003
0.00289838

-0.0195752
-0.767055
0.641283
0.81666
0.00260684

0.0195752
0.767055
-0.641283
-1.22222
0.376754

-0.653892
0.32481
-0.683318
-10.7689
37.1358

0.653892
-0.32481
0.683318
0.896562
0.00287599

0.297849
0.188115
0.935895
0.914089
0.00289699

-0.297849
-0.188115
-0.935895
-17.0628
126.034

0.339994
-0.667832
-0.662122
-0.704406
0.330653

-0.339994
0.667832
0.662122
0.0594509
0.100804

0.167536
-0.296083
-0.940355
-13.403
64.4708

-0.167536
0.296083
0.940355
0.92437
0.00181841

0.330041
-0.642714
0.691369
0.411069
0.0990553

-0.330041
0.642714
-0.691369
-7.76182
21.916

0.199979
0.510013
0.836598
0.667263
0.00203306

-0.190495
-0.261219
0.946296
0.910275
0.000987795

-0.075145
-0.582243
0.809535
0.167985
0.013977

0.270732
0.295787
0.916086
-0.448125
0.470845

-0.270732
-0.295787
-0.916086
-3.0226
3.6322

0.609937
0.170252
0.773945
0.806006
0.00252548

-0.609937
-0.170252
-0.773945
-0.819448
0.221926

-0.606171
-0.630029
0.485408
0.446173
0.0120117

0.606171
0.630029
-0.485408
0.656209
0.00464737

-0.539357
-0.370546
-0.756168
-2.02111
1.52565

0.539357
0.370546
0.756168
-0.0796351
0.198779

0.221236
-0.633427
0.741501
-21.6553
293.123

-0.221236
0.633427
-0.741501
0.578725
0.101494

-0.712696
0
0.701473
0.722907
0.00311409

-0.117739
0.914621
-0.386789
-0.151336
0.0664376

0.117739
-0.914621
0.386789
0.789809
0.00221823

0.212333
0.555485
0.803959
0.662919
0.0266523

-0.212333
-0.555485
-0.803959
-7.01095
15.0489

-0.398675
0.552011
-0.732354
-0.714494
0.46652

0.398675
-0.552011
0.732354
-0.88166
0.561867

0.165655
0.217216
0.961965
0.924153
0.00131166

0.926455
0.305568
0.219793
-8.65423
23.0271

-0.926455
-0.305568
-0.219793
0.802976
0.00959118

-0.53788
0.482078
-0.691582
-0.56946
0.173677

0.53788
-0.482078
0.691582
0.685892
0.00703024

-0.0363896
-0.0948196
0.994829
0.653701
0.00810708

0.0363896
0.0948196
-0.994829
-0.34898
0.120652

-0.503218
-0.386533
0.772893
0.90753
0.000735094

0.503218
0.386533
-0.772893
-1.98523
0.731947

-0.748371
-0.454318
-0.483255
-0.148193
0.0891563

0.748371
0.454318
0.483255
0.528783
0.0150561

-0.452936
0.79355
-0.406358
0.416076
0.0187801

0.452936
-0.79355
0.406358
0.335624
0.0243092

0.414093
-0.0882653
-0.905945
-36.1024
1013.98

-0.414093
0.0882653
0.905945
0.938188
0.00281772

-0.496616
0.385473
-0.777678
-0.513152
0.318935

0.496616
-0.385473
0.777678
-0.641869
0.375452

-0.364304
0.038963
0.930465
0.529401
0.0293767

0.710971
0.703221
0
0.345872
0.0264866

-0.710971
-0.703221
0
0.298316
0.0303757

-0.826587
-0.474565
-0.302558
-6.50884
14.4957

0.826587
0.474565
0.302558
0.387035
0.0966284

-0.142816
0.653594
0.743249
0.414896
0.0390553

0.142816
-0.653594
-0.743249
-1.34042
0.622509

0.144226
-0.159791
-0.976558
0.791283
0.00385639

-0.144226
0.159791
0.976558
-1.49626
0.535644

0.495134
0.231442
0.837423
-1.63574
0.844252

-0.495134
-0.231442
-0.837423
0.429798
0.0397035

-0.259209
0.478947
-0.838701
0.32449
0.0142883

0.259209
-0.478947
0.838701
0.861737
0.000682439

-0.663926
-0.147765
0.733053
0.94143
0.000903862

0.663926
0.147765
-0.733053
-11.0328
37.3399

-0.313791
-0.24579
-0.917127
-16.6295
125.295

0.313791
0.24579
0.917127
0.840096
0.0103102

-0.060238
0.586629
0.807612
0.959524
0.000144619

0.680131
0.176117
-0.711621
-6.24991
10.6597

-0.680131
-0.176117
0.711621
0.755418
0.0122052

0.455313
-0.709492
0.537876
0.655207
0.0514502

-0.455313
0.709492
-0.537876
-15.8949
123.389

0.719846
0.50941
-0.471512
-3.27099
2.69636

-0.719846
-0.50941
0.471512
0.636668
0.0195584

-0.0233947
-0.730226
-0.682805
-4.08117
4.33305

0.0233947
0.730226
0.682805
0.638672
0.0220073

0.168049
-0.05486
0.984251
0.852259
0.00109881

-0.0214515
0.20292
-0.97896
-0.0843868
0.0425694

0.00400077
-0.953318
0.301942
-0.879414
0.182054

-0.00400077
0.953318
-0.301942
0.943014
0.000170461

0.454
-0.586234
0.67098
0.978386
1.92753e-05

-0.454
0.586234
-0.67098
-0.130884
0.0367614

0.80271
0.131533
-0.581684
-1.22789
0.494232

-0.80271
-0.131533
0.581684
0.559921
0.0193575

-0.606092
-0.584729
-0.539207
-1.55712
0.666595

0.606092
0.584729
0.539207
0.644456
0.0129413

-0.174949
0.581974
0.794165
0.916032
0.000626531

-0.183892
-0.596004
-0.781641
-2.79394
2.11962

0.183892
0.596004
0.781641
0.51608
0.0346425

-0.870566
0.0733479
-0.486554
-6.73281
10.9507

0.870566
-0.0733479
0.486554
0.906848
0.00160246

0.211651
0.53633
-0.81704
-0.864369
0.225557

-0.211651
-0.53633
0.81704
0.838228
0.00173701

0.636767
0.695733
0.33239
0.425102
0.0130898

-0.636767
-0.695733
-0.33239
0.661196
0.0045556

0.475306
-0.249111
-0.843818
-7.27505
15.289

-0.475306
0.249111
0.843818
0.770137
0.0118032

0.382801
-0.256439
0.887526
0.9329
0.000580811

0.304315
0.624359
-0.719422
-1.27473
0.418071

-0.304315
-0.624359
0.719422
0.787168
0.00367514

0.114004
-0.920464
0.37383
0.930042
0.00362794

-0.114004
0.920464
-0.37383
-36.0077
1013.57

0.194806
-0.373139
0.907093
0.934511
0.00214751

-0.194806
0.373139
-0.907093
-23.4785
299.936

0.20258
-0.72738
0.655652
0.951072
1.86943e-05

-0.838538
-0.544843
0
0.242806
0.0429846

0.838538
0.544843
0
0.242806
0.0429846

-0.489649
0.826936
0.276443
0.947815
0.000479545

0.489649
-0.826936
-0.276443
-6.93791
11.0395

0.487971
-0.803343
0.341356
0.0638311
0.0608158

-0.487971
0.803343
-0.341356
0.349885
0.0293426

0.0817088
0.113322
0.990193
0.98095
7.67333e-05

-0.0817088
-0.113322
-0.990193
-9.58437
23.6448

-0.967263
-0.253777
0
0.0853893
0.0823028

0.967263
0.253777
0
-0.129148
0.121671

-0.629071
-0.0658213
-0.774556
-4.32319
3.62751

0.629071
0.0658213
0.774556
0.928283
0.000659152

-0.0421361
0.716816
0.695988
-0.100182
0.0448326

0.0421361
-0.716816
-0.695988
0.915961
0.000264154

-0.303554
0.265857
-0.914973
-1.04895
0.50509

0.303554
-0.265857
0.914973
0.163666
0.0844061

-0.0753603
-0.173796
-0.981894
-0.0576181
0.102027

0.0753603
0.173796
0.981894
-0.00268054
0.0917338

-0.734376
0.255492
-0.62882
-0.807129
0.237604

0.962426
-0.136408
0.234796
-1.18635
0.288688

-0.962426
0.136408
-0.234796
0.931105
0.000288912

-0.515203
-0.304656
-0.801093
0.144848
0.102104

0.515203
0.304656
0.801093
-1.57968
0.927109

-0.0850267
-0.757788
0.646937
0.828578
0.00280237

0.0850267
0.757788
-0.646937
-1.1511
0.338008

0.395475
0.658538
-0.640255
0.0296257
0.0463779

-0.395475
-0.658538
0.640255
0.726792
0.00367945

-0.352081
-0.444235
0.823829
0.883706
0.00281421

0.352081
0.444235
-0.823829
-7.65119
15.5664

-0.332898
0.928764
-0.163024
0.940114
0.000928287

0.332898
-0.928764
0.163024
-11.0237
37.3514

0.214152
0.366868
-0.905288
-2.31392
0.978779

-0.214152
-0.366868
0.905288
0.909461
0.000741632

-0.475221
-0.482359
0.735863
0.407196
0.0335519

0.475221
0.482359
-0.735863
-0.742111
0.288645

0.282467
-0.615314
0.735935
0.375271
0.0629002

-0.282467
0.615314
-0.735935
-2.64077
2.04171

0.387886
-0.761474
-0.519328
-4.4518
6.93442

-0.387886
0.761474
0.519328
0.0535111
0.209137

-0.589896
0.807479
0
0.860124
0.000331451

0.0616969
-0.220136
0.973516
0.959611
0.000161347

-0.592272
-0.232589
-0.771438
-5.41433
7.70364

0.592272
0.232589
0.771438
0.732848
0.0134565

-0.622544
-0.758764
0.191613
0.561171
0.0185743

0.622544
0.758764
-0.191613
-1.12393
0.434928

-0.46446
0.195036
-0.863851
0.578685
0.00764801

0.46446
-0.195036
0.863851
0.460518
0.0124706

0.178717
-0.12666
-0.975714
0.783961
0.00853153

-0.246523
-0.756384
-0.605895
0.595797
0.0110802

0.246523
0.756384
0.605895
-0.265224
0.107958

0.185394
-0.324469
-0.92755
-7.76182
21.9025

-0.185394
0.324469
0.92755
0.411069
0.0992438

-0.788406
0.0719726
-0.610931
-0.375251
0.248369

0.788406
-0.0719726
0.610931
-0.604083
0.337893

-0.282406
-0.854952
0.43509
-0.912536
0.366419

0.282406
0.854952
-0.43509
0.414726
0.0343616

-0.681959
0.468911
0.561297
0.97568
1.62621e-05

0.681959
-0.468911
-0.561297
-0.029946
0.0286531

0.68731
-0.283119
0.668916
0.952005
0.000107947

-0.68731
0.283119
-0.668916
-0.48807
0.0915325

-0.0695179
-0.00529934
0.997567
0.996335
2.67795e-06

0.0426544
-0.90853
-0.415637
-0.0726918
0.0881235

-0.0426544
0.90853
0.415637
0.313478
0.0361214

-0.833876
-0.449896
0.319756
0.844264
0.00181001

-0.906258
-0.146892
-0.396383
-0.610111
0.166276

0.906258
0.146892
0.396383
0.778965
0.00343115

0.0922212
-0.68122
-0.726247
-2.47778
1.3044

-0.0922212
0.68122
0.726247
0.809951
0.00390174

0.175202
-0.776972
0.604665
0.917172
0.000389244

-0.175202
0.776972
-0.604665
-0.818567
0.179105

0.809366
0.587305
0
0.963683
0.00107757

-0.0544782
0.957894
-0.281906
-1.88778
0.720252

0.0544782
-0.957894
0.281906
0.865659
0.00156498

0.42003
-0.697179
0.580962
0.520816
0.00767016

-0.42003
0.697179
-0.580962
0.715016
0.00273682

-0.745691
-0.145656
0.650176
0.593792
0.0136632

0.745691
0.145656
-0.650176
-0.734964
0.24778

0.191853
0.480121
-0.855965
-1.45218
0.436963

-0.191853
-0.480121
0.855965
0.890431
0.000919375

-0.566808
0.725532
0.390297
0.908839
0.00040698

0.566808
-0.725532
-0.390297
-0.512437
0.109823

-0.555415
-0.831573
0
0.87563
0.00228685

-0.294277
-0.65947
0.691737
-0.239045
0.331309

0.294277
0.65947
-0.691737
-3.16457
3.7425

0.259795
-0.340551
0.903621
0.852861
0.00142664
