
0.694142
-0.118916
-0.709948
0.879979
0.00145902

-0.108238
-0.716764
-0.688864
-0.331617
0.208643

0.108238
0.716764
0.688864
-0.331617
0.208643

-0.0564704
-0.951698
-0.301799
-2.29744
1.44114

0.0564704
0.951698
0.301799
0.529398
0.0293759

-0.372459
0.270051
-0.887889
0.306877
0.0217027

0.841312
0.135837
-0.523204
-15.734
122.896

-0.841312
-0.135837
0.523204
0.603929
0.0689121

-0.434031
-0.497462
0.751098
0.543128
0.024295

-0.745935
-0.451365
-0.489746
0.132414
0.056424

0.745935
0.451365
0.489746
0.16973
0.051675

-0.445301
-0.240692
-0.862424
0.868998
0.000651103

0.723344
-0.458183
0.516568
-5.87465
7.94822

-0.723344
0.458183
-0.516568
0.895219
0.00186329

-0.188984
-0.19501
-0.962422
-2.51808
1.73244

0.188984
0.19501
0.962422
0.512915
0.0334472

0.565674
0.320908
0.759625
0.508183
0.0226026

-0.565674
-0.320908
-0.759625
-0.895095
0.335116

-0.124133
0.236474
0.963676
0.0663218
0.0635292

0.124133
-0.236474
-0.963676
0.276961
0.0381212

-0.665343
0.472569
0.577925
0.625535
0.0187405

0.665343
-0.472569
-0.577925
-2.65692
1.78071

0.200171
-0.308419
0.929951
0.885607
0.000881103

0.401903
0.551156
0.731232
0.625104
0.00604539

0.327175
0.272778
-0.904737
0.94224
0.000237815

-0.283045
0.808819
0.515459
0.835812
0.00163522

0.283045
-0.808819
-0.515459
-0.681276
0.170832

-0.175691
0.0984426
-0.979511
-3.68084
4.10369

0.175691
-0.0984426
0.979511
0.341758
0.0811609

0.0230907
0.525477
-0.850495
0.602553
0.00379979

-0.0230907
-0.525477
0.850495
0.840758
0.000652265

-0.598168
0.356253
0.717829
0.666783
0.00429096

-0.522578
0.471139
0.710591
0.0805521
0.0931993

0.522578
-0.471139
-0.710591
-0.634583
0.294166

0.908154
0.20602
-0.364435
0.370669
0.0263957

-0.908154
-0.20602
0.364435
0.10657
0.0531905

0.178464
0.892629
-0.413961
-1.8055
1.11858

-0.178464
-0.892629
0.413961
0.213681
0.0879303

-0.805392
0.196684
-0.559159
-6.06714
10.5268

0.805392
-0.196684
0.559159
0.675489
0.0222103

0.316677
0.870549
0.376643
0.883221
0.000645071

-0.316677
-0.870549
-0.376643
-0.357202
0.0868161

-0.804434
-0.594042
0
0.551954
0.00891698

0.804434
0.594042
0
0.606761
0.0070722

-0.0969284
-0.660762
-0.744311
0.914866
0.000351913

0.861204
-0.285557
-0.420458
0.868972
0.000682711

-0.861204
0.285557
0.420458
0.00592685
0.0385865

0.437537
0.551151
0.710488
-14.9505
120.114

-0.437537
-0.551151
-0.710488
0.293052
0.235954

-0.764362
-0.40013
0.505615
0.263899
0.0975677

-0.0296191
0.439911
-0.897553
0.973323
1.91839e-05

0.717884
-0.588417
-0.372033
0.788835
0.00156469

-0.717884
0.588417
0.372033
0.353306
0.014562

-0.86086
0.235938
-0.450837
0.9848
4.12876e-05

0.86086
-0.235938
0.450837
-7.22788
11.1186

0.628225
0.116166
0.76931
0.495877
0.0166363

-0.628225
-0.116166
-0.76931
-0.0335027
0.0698772

-0.606461
0.793495
0.0507011
0.996344
2.79334e-06

-0.047111
0.879182
0.474151
0.729181
0.00350405

-0.892253
0.246337
-0.37842
0.334371
0.0394343

0.892253
-0.246337
0.37842
-0.435911
0.183366

0.31031
-0.17178
0.934986
0.466539
0.00941527

-0.748139
-0.242166
-0.617773
0.919372
0.00108629

-0.896738
0.190658
-0.399389
-0.368861
0.102871

0.896738
-0.190658
0.399389
0.806325
0.00207555

-0.200926
-0.48612
-0.85048
-5.85558
7.94195

0.200926
0.48612
0.85048
0.890152
0.00204433

0.896534
0.442975
0
-5.04438
6.86943

-0.896534
-0.442975
0
0.533612
0.0613853

-0.125945
0.189607
-0.973749
-4.85105
5.80165

0.125945
-0.189607
0.973749
0.765958
0.00928785

-0.824929
0.136606
0.548481
0.676471
0.00584917

-0.669914
-0.0622676
0.739823
0.713948
0.0169695

0.669914
0.0622676
-0.739823
-6.15127
10.5915

0.895875
-0.347619
-0.276712
-0.167299
0.0858995

-0.895875
0.347619
0.276712
0.613601
0.0094245

-0.433591
0.651804
0.622214
0.652131
0.00253696

-0.100103
-0.267353
0.958385
0.947158
0.000451182

-0.998888
-0.0471416
0
-0.744599
0.337807

0.998888
0.0471416
0
0.138533
0.082405

0.448314
0.220199
-0.86633
-1.73008
0.625903

-0.448314
-0.220199
0.86633
0.855579
0.00181439

0.29057
0.876151
0.384614
0.819595
0.00166581

-0.29057
-0.876151
-0.384614
-0.275601
0.0832053

0.154054
0.032465
-0.987529
0.984266
1.49191e-05

-0.154054
-0.032465
0.987529
-1.55774
0.36683

0.63713
-0.562193
-0.527262
-0.882873
0.333324

-0.63713
0.562193
0.527262
0.492378
0.0242431

-0.377062
0.195367
0.905348
0.853686
0.00250587

0.377062
-0.195367
-0.905348
-0.956387
0.250986

0.149565
0.15707
0.976196
0.696859
0.00184168

-0.171939
-0.857909
-0.484179
0.100545
0.0386091

0.171939
0.857909
0.484179
0.716696
0.00385819

-0.0558698
-0.38236
0.922323
-1.1016
0.62495

0.0558698
0.38236
-0.922323
-0.182148
0.198008

-0.474642
-0.165088
0.864558
0.912433
0.000690571

0.926086
0.377313
0
-2.11082
1.51388

-0.926086
-0.377313
0
0.0530746
0.163018

-0.476966
-0.543947
0.69038
0.642038
0.0119054

0.476966
0.543947
-0.69038
-1.2016
0.447039

-0.562365
-0.615795
-0.551853
0.625818
0.00523488

0.562365
0.615795
0.551853
0.523976
0.0084716

0.673521
-0.260676
0.691677
0.695519
0.00597072

-0.673521
0.260676
-0.691677
-0.383441
0.122903

-0.871676
-0.490083
0
-1.26881
0.80764

0.871676
0.490083
0
-0.421933
0.348157

0.138903
-0.285867
-0.948149
-0.320235
0.520979

-0.138903
0.285867
0.948149
-5.68369
13.3372

-0.338281
-0.600641
0.724428
0.284869
0.122873

0.338281
0.600641
-0.724428
-5.43614
9.93606

0.98255
0.185997
0
-0.996132
0.406726

-0.98255
-0.185997
0
0.42659
0.0369921

-0.417064
0.440673
-0.794899
-5.60404
7.81376

0.417064
-0.440673
0.794899
0.810283
0.00651975

0.648845
-0.458008
-0.607642
0.642435
0.0719254

0.885713
0.301588
0.352927
0.345628
0.0155346

0.308736
-0.133905
0.941675
0.957423
0.000127353

-0.443762
0.796681
-0.410335
0.735953
0.0204261

0.443762
-0.796681
0.410335
-10.156
36.4144

0.336018
-0.439519
-0.833015
-7.01095
15.0393

-0.336018
0.439519
0.833015
0.662919
0.0267645

-0.254232
-0.190585
-0.948179
0.334998
0.0230055

0.297551
-0.926001
0.232348
-3.17083
1.39287

-0.297551
0.926001
-0.232348
0.996552
1.06609e-06

0.6077
-0.240841
-0.756767
-1.1489
0.4019

-0.6077
0.240841
0.756767
0.685846
0.00860005

0.941466
0.239152
0.237588
0.45481
0.0198742

-0.941466
-0.239152
-0.237588
-0.00996029
0.0681502

-0.345317
0.228687
-0.910197
0.903282
0.000819901

0.494483
-0.560572
0.664263
0.720903
0.00182342

0.679826
-0.692388
-0.241734
0.664368
0.0066286

-0.682974
0.22679
-0.694343
-0.0145624
0.290935

0.682974
-0.22679
0.694343
-5.99099
13.8017

0.410458
0.615405
0.672905
0.576469
0.0115994

-0.821582
-0.26336
-0.505613
-0.304483
0.0460859

0.634249
-0.215099
-0.742604
-0.0204183
0.0601622

-0.634249
0.215099
0.742604
0.619817
0.00837143

0.507613
0.272658
0.817304
0.905152
0.00111613

-0.507613
-0.272658
-0.817304
-3.83921
2.88062

0.26455
0.0263015
0.964013
0.968018
5.72112e-05

0.310818
0.603605
-0.734202
0.678192
0.0111931

-0.310818
-0.603605
0.734202
-1.89625
0.905785

0.71273
-0.194707
0.673873
0.591071
0.00904344

-0.848314
-0.324953
0.418054
-0.301105
0.218456

0.848314
0.324953
-0.418054
-0.632109
0.343702

0.864792
0.50213
0
0.213681
0.100851

-0.864792
-0.50213
0
-1.8055
1.08798

-0.0114201
0.782334
-0.622754
0.623667
0.00456724

0.0114201
-0.782334
0.622754
0.657101
0.003799

0.0447252
-0.660521
0.749474
0.712084
0.0106296

0.804214
-0.446375
-0.392416
-0.727192
0.142099

-0.804214
0.446375
0.392416
0.946045
0.000139215

-0.529687
0.379703
0.758457
-2.35278
1.92566

0.529687
-0.379703
-0.758457
0.037787
0.158845

0.60872
0.141231
-0.780713
-1.7559
0.97984

-0.60872
-0.141231
0.780713
0.378204
0.0498872

0.922117
-0.202154
-0.329899
-2.02876
1.34934

-0.922117
0.202154
0.329899
0.242802
0.0843734

0.0717671
0.438835
-0.895697
-3.4587
2.76738

-0.0717671
-0.438835
0.895697
0.748949
0.00880266

0.223837
-0.21496
0.950626
0.484635
0.0239587

-0.223837
0.21496
-0.950626
-0.721359
0.265057

0.0135303
0.210596
-0.97748
-0.951298
0.316931

-0.0135303
-0.210596
0.97748
0.66621
0.0118998

-0.0684769
-0.726852
-0.683372
0.358789
0.0193631

0.0684769
0.726852
0.683372
0.563576
0.00897439

0.345496
0.785922
-0.512795
-6.37475
10.7479

-0.345496
-0.785922
0.512795
0.802527
0.00773718

-0.258895
0.6315
0.730877
0.430752
0.0123096

0.258895
-0.6315
-0.730877
0.688748
0.00369518

-0.422425
0.173833
-0.889573
-1.9616
1.03452

0.422425
-0.173833
0.889573
0.588952
0.0200999

0.172475
0.293602
0.94024
0.0387576
0.115769

-0.172475
-0.293602
-0.94024
-0.978822
0.48948

0.274227
0.174254
0.945746
0.940511
0.000420031

0.979144
-0.153641
-0.132936
0.286728
0.0461261

-0.979144
0.153641
0.132936
-0.410517
0.180367

0.144217
0.194999
0.970143
-15.2191
121.131

-0.144217
-0.194999
-0.970143
0.411554
0.159528

0.298818
0.837492
0.457509
0.0192554
0.0635832

0.590639
-0.806936
0
0.312377
0.0323048

-0.590639
0.806936
0
0.197958
0.0435775

0.471783
-0.426543
0.771675
0.824469
0.0125714

-0.163274
0.387524
-0.907285
-2.21809
1.61854

0.163274
-0.387524
0.907285
0.195485
0.101191

0.90282
0.430019
0
0.30524
0.181406

-0.90282
-0.430019
0
-9.20904
32.8988

0.691137
0.150853
0.706805
0.730205
0.00182047

-0.0100533
-0.749012
-0.66248
-1.32692
0.424086

0.0100533
0.749012
0.66248
0.821979
0.00252638

0.291444
0.142594
-0.9459
-8.45721
22.8038

-0.291444
-0.142594
0.9459
0.737301
0.0177353

0.218888
-0.803729
0.55327
-0.481341
0.2676

-0.218888
0.803729
-0.55327
-0.284058
0.201101

-0.371851
0.802524
0.466564
0.844401
0.00102485

0.371851
-0.802524
-0.466564
-0.00818062
0.0422887

-0.0353649
-0.138391
0.989746
0.797087
0.00235366

0.0353649
0.138391
-0.989746
-0.398198
0.110518

0.128916
-0.419017
0.89878
0.549615
0.00487954

-0.603918
-0.141679
0.784353
0.865697
0.00231931

0.603918
0.141679
-0.784353
-3.72047
2.85004

0.694323
0.256753
0.672305
0.575929
0.0143246

-0.694323
-0.256753
-0.672305
-0.591918
0.200644

0.999709
0.024118
0
0.383511
0.0241108

-0.999709
-0.024118
0
0.170453
0.0436533

0.0202329
0.847329
-0.530683
-17.9204
127.007

-0.0202329
-0.847329
0.530683
0.992039
2.38598e-05

-0.702561
0.389187
0.59577
-0.813819
0.41338

0.702561
-0.389187
-0.59577
-0.0871594
0.148602

0.15489
-0.598493
0.786012
0.164136
0.0568514

-0.15489
0.598493
-0.786012
-0.0113946
0.083227

0.250761
-0.315533
0.915182
-3.92176
4.24501

-0.250761
0.315533
-0.915182
0.534035
0.0382654

-0.865799
0.455036
0.208171
0.0226595
0.0804517

0.865799
-0.455036
-0.208171
0.0697514
0.0728868

-0.677462
0.330265
0.657244
0.705624
0.0062288

0.677462
-0.330265
-0.657244
-0.644619
0.192419

-0.0834983
0.652604
0.753084
0.578174
0.00643523

0.0834983
-0.652604
-0.753084
0.604126
0.00566869

0.98144
0.0855675
-0.171619
0.221433
0.0293815

-0.98144
-0.0855675
0.171619
0.638554
0.00638905

-0.748067
0.0296756
0.66296
0.684821
0.0103421

0.748067
-0.0296756
-0.66296
-1.74727
0.780061

-0.737998
0.297819
-0.605527
0.897504
0.00111872

-0.0138754
0.555191
0.831607
0.885669
0.00142832

-0.503114
0.656223
0.562359
0.940187
8.90875e-05

0.503114
-0.656223
-0.562359
0.305716
0.0116465

0.183547
-0.533157
-0.825866
-0.348528
0.197413

-0.183547
0.533157
0.825866
-0.114485
0.134916

0.877051
0.26969
0.397553
-0.265414
0.185192

-0.877051
-0.26969
-0.397553
-0.354186
0.212078

-0.523861
0.647985
-0.552888
-35.2763
1009.71

0.523861
-0.647985
0.552888
0.849005
0.0175216

-0.520247
0.366641
-0.771309
-0.730069
0.21421

0.520247
-0.366641
0.771309
0.729981
0.005301

-0.352308
0.389172
-0.851131
-0.40404
0.104717

0.352308
-0.389172
0.851131
0.836098
0.00143414

0.544559
-0.0693029
0.835855
0.857376
0.000940236

-0.544559
0.0693029
-0.835855
-0.196023
0.0651748

0.974111
0.226072
0
-1.00235
0.186671

-0.974111
-0.226072
0
0.979151
3.94116e-05

-0.840851
-0.541267
0
0.369843
0.0663821

0.840851
0.541267
0
-2.36989
1.63808

0.307291
-0.187524
0.932956
0.909418
0.000324867

0.037293
0.0751096
0.996478
0.995087
2.07254e-06

-0.216914
-0.0873874
-0.972272
-0.707281
0.17263

0.216914
0.0873874
0.972272
0.853922
0.00131342

0.512627
-0.320244
0.796654
0.874376
0.00512843

0.130253
-0.95194
0.277208
0.720059
0.00629223

-0.130253
0.95194
-0.277208
-1.0085
0.32332

-0.204405
-0.612262
-0.763776
-1.15021
0.338538

0.204405
0.612262
0.763776
0.828
0.00222276

0.227029
0.454468
0.861346
0.763656
0.00780216

-0.227029
-0.454468
-0.861346
-3.48691
2.77537

-0.899462
0.0658071
0.432016
-0.529187
0.159533

0.899462
-0.0658071
-0.432016
0.699846
0.00617391

-0.0996296
-0.580509
0.808135
0.862082
0.00329531

0.0996296
0.580509
-0.808135
-5.75795
7.89758

0.308527
-0.414909
-0.855956
-2.97841
1.87439

-0.308527
0.414909
0.855956
0.81894
0.00388712

0.633196
-0.487017
0.601562
0.918717
0.00055196

-0.633196
0.487017
-0.601562
-2.01554
0.735562

0.139627
0.0515694
-0.98886
0.221393
0.031703

-0.672358
0.305024
-0.674459
-1.52753
0.597054

0.672358
-0.305024
0.674459
0.727131
0.00696297

-0.793689
-0.394158
0.463354
0.97323
7.36753e-05

0.0843354
0.641982
-0.762067
-0.0726928
0.0599543

-0.0843354
-0.641982
0.762067
0.731828
0.00374911

0.408479
0.385509
0.827362
-0.112234
0.15227

-0.408479
-0.385509
-0.827362
-0.710177
0.359616

-0.747768
0.553642
-0.366501
-13.864
64.7843

0.747768
-0.553642
0.366501
0.977151
0.000183529

0.323048
-0.749981
-0.577208
-2.83987
2.1381

-0.323048
0.749981
0.577208
0.553733
0.0289597

0.961116
0.276146
0
0.289029
0.0424684

-0.961116
-0.276146
0
-0.134397
0.105254

0.881166
0.472806
0
0.572423
0.0172962

-0.881166
-0.472806
0
-0.289832
0.122133

0.753956
-0.602922
0.260837
0.388421
0.0108977

-0.753956
0.602922
-0.260837
0.855717
0.000611133

-0.0167774
0.605366
-0.795771
0.892823
0.000489049

0.0167774
-0.605366
0.795771
-0.215293
0.062744

0.0623463
0.143728
0.987651
0.986124
3.42327e-05

-0.495676
0.43455
-0.751978
-3.10216
3.10224

0.495676
-0.43455
0.751978
0.175666
0.125501

0.7029
0.151337
0.695003
0.9027
0.000539756

-0.7029
-0.151337
-0.695003
-0.734562
0.1629

-0.0748378
-0.298792
-0.951379
-1.84988
0.640281

0.0748378
0.298792
0.951379
0.909406
0.000659178

-0.0420416
-0.810724
0.583916
0.524716
0.01036

0.382733
0.814125
0.436711
0.221435
0.0445049

0.770773
0.63711
0
-2.61063
1.1265

-0.770773
-0.63711
0
0.942835
0.000897871

-0.467071
-0.695894
-0.545505
-1.73333
0.973338

0.467071
0.695894
0.545505
0.351266
0.0548521

0.624277
-0.328441
-0.708805
-0.161408
0.0856524

-0.624277
0.328441
0.708805
0.604798
0.00999787

0.616192
-0.169774
0.76908
0.904796
0.00353341

-0.616192
0.169774
-0.76908
-16.9994
125.993

-0.0734971
-0.42082
-0.904162
-3.48691
2.77773

0.0734971
0.42082
0.904162
0.763656
0.00771397

-0.516682
-0.328025
-0.790847
0.552175
0.00868007

0.516682
0.328025
0.790847
0.702243
0.0044572

-0.771595
-0.318274
0.550766
0.314862
0.055524

0.771595
0.318274
-0.550766
-1.26492
0.605809

0.908338
-0.0758839
-0.411294
-1.18243
0.406398

-0.908338
0.0758839
0.411294
0.715409
0.0069362

-0.700967
-0.232426
0.674258
-0.757177
0.314168

0.700967
0.232426
-0.674258
0.307207
0.0489526

0.662487
0.465194
-0.587116
0.814406
0.000829582

-0.662487
-0.465194
0.587116
0.647601
0.00292401

-0.409301
-0.841687
0.352188
0.975186
3.20421e-05

-0.116035
0.594397
0.795756
0.810611
0.00245945

-0.0416633
0.683908
-0.728378
0.908711
0.000634893

0.0416633
-0.683908
0.728378
-1.71978
0.562537

-0.605973
-0.317621
-0.729324
-1.82685
1.27267

0.605973
0.317621
0.729324
-0.0420425
0.172959

-0.924419
0.0191402
0.380899
-0.0411422
0.0585233

0.355075
-0.917622
0.178581
0.792439
0.00217672

-0.355075
0.917622
-0.178581
-0.12567
0.0624453

0.582281
-0.413346
-0.700067
-0.426728
0.239622

-0.582281
0.413346
0.700067
-0.242846
0.181848

0.229429
-0.873564
0.429241
0.671428
0.00771588

-0.229429
0.873564
-0.429241
-0.556458
0.172484

0.848344
0.404037
0.34215
-0.588969
0.112753

-0.912647
0.238888
0.331673
0.660912
0.00280843

-0.331888
-0.64111
0.691974
0.633289
0.00748043

0.331888
0.64111
-0.691974
0.0225141
0.0530302

-0.234236
-0.0239332
-0.971885
0.979696
4.3826e-05

0.234236
0.0239332
0.971885
-2.59163
1.00582

-0.770556
-0.183987
0.610239
-0.181519
0.212254

0.770556
0.183987
-0.610239
-1.38594
0.865004

0.556842
0.744432
0.368441
0.917895
0.000406071

-0.556842
-0.744432
-0.368441
-0.414522
0.0895756

0.0287581
0.908455
-0.416991
-1.99657
0.92386

0.599364
-0.481966
0.639117
0.653323
0.0117715

-0.599364
0.481966
-0.639117
-1.43855
0.5822

0.122176
0.264393
-0.956645
-35.9735
1013.11

-0.122176
-0.264393
0.956645
0.926965
0.00399393

0.628609
-0.433805
-0.645495
0.985517
3.97298e-05

0.651716
0.0231393
-0.75811
0.423612
0.0182309

-0.651716
-0.0231393
0.75811
0.332872
0.0244179

0.655953
0.508889
-0.557457
-0.686718
0.2421

-0.655953
-0.508889
0.557457
0.532767
0.0186414

-0.101921
-0.204379
0.973571
0.669508
0.0169089

0.101921
0.204379
-0.973571
-3.69535
3.41193

0.51684
0.175264
0.83795
0.967739
0.000226274

-0.139246
-0.513805
-0.846531
-0.427153
0.353681

0.139246
0.513805
0.846531
-1.61231
1.18499

-0.342517
-0.909869
-0.234139
-0.237078
0.149514

0.342517
0.909869
0.234139
0.0159392
0.0946157

-0.60041
0.0200858
0.79944
0.741609
0.00494249

0.60041
-0.0200858
-0.79944
-0.807923
0.237721

0.353725
-0.348876
0.86785
-22.6572
297.44

-0.353725
0.348876
-0.86785
0.815817
0.0181132

0.851919
-0.283349
0.440394
0.781779
0.00221485

-0.851919
0.283349
-0.440394
0.00802433
0.0453492

-0.399198
-0.139576
0.906178
0.926462
0.000229272

0.656855
-0.531409
-0.534926
0.958053
5.16775e-05

-0.656855
0.531409
0.534926
0.170321
0.0174861

0.910658
-0.309178
0.274063
0.95028
5.58868e-05

-0.910658
0.309178
-0.274063
0.357146
0.00898971

0.838814
0.0273223
0.543731
0.841572
0.00441355

0.89151
0.208348
0.402245
0.155439
0.0728547

-0.89151
-0.208348
-0.402245
-0.527443
0.238179

-0.948112
-0.317936
0
0.213238
0.0827214

-0.815425
-0.565628
0.123076
0.986351
1.3118e-05

0.740984
-0.614019
-0.271888
0.806223
0.00162018

-0.740984
0.614019
0.271888
0.0499038
0.0387809

0.0408995
-0.533143
0.845036
-3.08644
2.61645

-0.0408995
0.533143
-0.845036
0.499411
0.0394553

-0.279388
-0.0819629
0.956674
0.893731
0.000739464

0.279388
0.0819629
-0.956674
-1.02726
0.255921

-0.171872
-0.164718
-0.971251
-17.2207
126.347

0.171872
0.164718
0.971251
0.935057
0.00160743

-0.843286
-0.143349
-0.517997
0.982946
8.73958e-05

0.843286
0.143349
0.517997
-13.942
64.941

-0.00110522
-0.475276
0.879836
0.879695
0.00210953

-0.268867
0.264804
0.926061
-7.58152
30.6936

0.268867
-0.264804
-0.926061
-1.14538
1.91838

-0.407447
-0.676978
0.612934
0.985039
1.14705e-05

0.407447
0.676978
-0.612934
-0.56337
0.0880156

0.338038
-0.409773
-0.84724
-0.193803
0.0650522

-0.338038
0.409773
0.84724
0.85557
0.000955648

-0.980635
-0.195845
0
0.354232
0.0315636

0.980635
0.195845
0
-0.0913467
0.0897688

0.149833
0.951711
0.267946
0.291128
0.0241988

-0.149833
-0.951711
-0.267946
0.593451
0.00796196

-0.850784
0.219034
0.477693
0.566748
0.00489512

-0.745293
-0.212385
-0.632006
-0.101376
0.125565

0.745293
0.212385
0.632006
-0.243344
0.159983

-0.680071
0.719893
-0.138771
-4.30276
3.62254

0.680071
-0.719893
0.138771
0.923168
0.000761379

-0.239498
0.934061
-0.264898
-3.51335
2.78298

0.239498
-0.934061
0.264898
0.776949
0.00694484

0.57915
-0.460932
0.672404
0.729591
0.00505254

-0.57915
0.460932
-0.672404
-0.611467
0.177223

0.395705
-0.213216
0.893284
0.884336
0.000358523

-0.395705
0.213216
-0.893284
0.426976
0.00852282

0.825301
0.173864
-0.537261
-0.912536
0.366424

-0.825301
-0.173864
0.537261
0.414726
0.0343868

-0.559266
-0.336047
-0.757822
-2.31755
0.759468

0.559266
0.336047
0.757822
0.988762
9.6992e-06

0.134742
-0.297437
0.945186
0.917023
0.000150619

-0.956686
0.291123
0
0.692961
0.00654783

0.956686
-0.291123
0
-0.0982883
0.0695435

-0.643891
-0.30091
-0.703461
-0.149995
0.0696488

0.643891
0.30091
0.703461
0.756661
0.00313304

0.997826
-0.0659003
0
0.258817
0.0410653

-0.997826
0.0659003
0
0.0451338
0.0680844

0.192615
-0.166043
-0.967124
-13.5487
64.665

-0.192615
0.166043
0.967124
0.944564
0.000939756

-0.550906
-0.625134
0.55291
0.407196
0.0334917

-0.00250863
0.974819
0.222982
-0.296718
0.156456

0.00250863
-0.974819
-0.222982
0.159948
0.0656708

-0.270143
-0.646991
-0.71304
0.605323
0.0094773

0.270143
0.646991
0.71304
-0.0672847
0.0687383

-0.138409
-0.959635
0.244836
0.553043
0.0731112

-0.0361313
-0.719863
-0.693176
0.678193
0.0242118

0.0361313
0.719863
0.693176
-7.04519
15.0755

-0.379632
-0.709653
0.593526
0.987147
9.46452e-06

0.379632
0.709653
-0.593526
-0.827109
0.135623

-0.28864
0.144464
-0.946476
-1.0619
0.389556

0.28864
-0.144464
0.946476
0.599585
0.0147354

-0.0558062
0.798384
0.599557
0.242622
0.0285223

0.0558062
-0.798384
-0.599557
0.598166
0.00803345

0.810175
0.115514
0.574694
0.685747
0.00508951

-0.810175
-0.115514
-0.574694
0.0586336
0.0452904

-0.333701
0.1175
0.935327
0.570922
0.152082

0.333701
-0.1175
-0.935327
-33.7551
997.738

0.315359
-0.868068
-0.383415
-8.27809
22.6139

-0.315359
0.868068
0.383415
0.667913
0.0289996

0.355937
0.529492
0.77003
0.854076
0.00341615

-0.355937
-0.529492
-0.77003
-5.07938
5.90684

-0.153527
-0.988144
0
0.630559
0.0166019

0.153527
0.988144
0
-2.20297
1.23778

0.983066
-0.0244941
-0.181606
0.474776
0.0145245

-0.983066
0.0244941
0.181606
0.327979
0.0237744

-0.702375
-0.636303
-0.319042
0.334192
0.0260919

0.702375
0.636303
0.319042
0.334192
0.0260919

-0.509061
0.386468
0.76909
0.103327
0.081727

0.509061
-0.386468
-0.76909
-0.438672
0.210073

-0.273258
0.683571
0.676802
0.559688
0.0106335

0.273258
-0.683571
-0.676802
0.173134
0.0372958

-0.725771
0.309833
0.614215
-0.410356
0.296813

0.725771
-0.309833
-0.614215
-0.9988
0.595968

-0.40375
-0.826966
0.391297
0.827018
0.00191927

0.40375
0.826966
-0.391297
-0.78478
0.203927

0.265374
0.964145
0
-6.2943
10.6554

-0.265374
-0.964145
0
0.772842
0.0108063

-0.137339
0.576411
0.805536
-7.04519
15.0803

0.137339
-0.576411
-0.805536
0.678193
0.0241591

-0.715199
0.698921
0
0.957449
0.000100518

0.715199
-0.698921
0
-0.981234
0.200692

-0.952978
-0.119489
-0.278488
-0.485266
0.289359

0.952978
0.119489
0.278488
-0.485266
0.289359

0.716604
0.69748
0
0.880572
0.00132997

-0.292763
-0.0629268
-0.954112
-0.481341
0.267532

0.292763
0.0629268
0.954112
-0.284058
0.201019

-0.826221
-0.493825
-0.2711
0.800757
0.0036505

0.747141
0.49624
0.442183
0.618912
0.0444572

-0.095562
-0.177195
-0.979525
0.953454
0.000159744

-0.526729
-0.29407
-0.797546
-0.296718
0.156453

0.526729
0.29407
0.797546
0.159948
0.0656678

0.501824
-0.709189
-0.495201
0.896587
0.00102821

0.675885
0.228827
0.700584
0.576571
0.0360879

-0.675885
-0.228827
-0.700584
-5.11434
7.50017

-0.075064
-0.29776
0.951685
0.938839
0.00118188

0.075064
0.29776
-0.951685
-13.5049
64.5738

-0.291642
-0.712035
0.63871
0.738557
0.00254139

0.306737
-0.46791
0.828838
0.800159
0.00043631

-0.8424
-0.538853
0
-3.0055
1.87464

0.8424
0.538853
0
0.83146
0.00358307

-0.183272
-0.764979
0.617429
0.608512
0.00907837

0.299758
0.677647
0.67152
0.819968
0.00496621

-0.299758
-0.677647
-0.67152
-4.44597
4.5004

0.24083
-0.0967389
-0.965734
-1.82024
0.513176

-0.24083
0.0967389
0.965734
0.974322
4.28395e-05

-0.769878
-0.338702
0.540896
0.485298
0.0124458

0.918913
0.39446
0
-0.337378
0.410142

-0.918913
-0.39446
0
-3.09573
3.52789

0.87859
0.406891
-0.250039
-1.1713
0.312958

-0.458939
0.598256
-0.65686
-0.88069
0.307554

0.458939
-0.598256
0.65686
0.590427
0.0146076

-0.478448
-0.606386
0.635125
0.0581235
0.0739098

0.478448
0.606386
-0.635125
0.0581235
0.0739098

-0.140473
-0.620379
0.77162
0.458362
0.0281661

0.140473
0.620379
-0.77162
-0.857481
0.329605

0.843427
0.230492
0.485288
-0.104184
0.0379006

-0.843427
-0.230492
-0.485288
0.961991
5.02037e-05

0.931182
0.276363
-0.237747
-0.0587585
0.0786816

-0.931182
-0.276363
0.237747
0.425161
0.0231961

-0.741456
0
-0.671002
-0.521263
0.496425

0.741456
0
0.671002
-2.60065
2.77968

0.614524
0.052248
-0.787166
-0.94547
0.231449

-0.614524
-0.052248
0.787166
0.887378
0.000785687

0.603298
-0.0520366
0.795816
0.821769
0.00227399

-0.603298
0.0520366
-0.795816
-0.980356
0.272974

0.972428
0.233202
0
-1.37182
0.425394

-0.972428
-0.233202
0
0.848869
0.00292416

0.372195
-0.757529
-0.536303
-2.13802
1.22052

-0.372195
0.757529
0.536303
0.576545
0.0222899

-0.215704
0.145556
0.965549
0.434662
0.0319734

0.215704
-0.145556
-0.965549
-0.926832
0.368766

-0.515359
-0.856974
0
-1.45591
0.888088

0.515359
0.856974
0
-0.0541956
0.163667

0.453443
-0.86998
-0.193712
-22.6572
297.552

-0.453443
0.86998
0.193712
0.815817
0.0180399

-0.604947
0.100178
0.789939
0.335595
0.0432736

-0.347961
0.260656
-0.900545
-0.918925
0.248222

0.347961
-0.260656
0.900545
0.829209
0.00321963

-0.238659
-0.147003
-0.959912
-1.68175
1.37561

0.238659
0.147003
0.959912
-0.716293
0.563782

0.459942
-0.301338
0.835253
-0.00830197
0.0546531

-0.459942
0.301338
-0.835253
0.680151
0.00559283

-0.703142
-0.69202
-0.163403
-0.414886
0.512133

0.703142
0.69202
0.163403
-4.05026
6.52442

-0.156789
0.0675192
-0.985321
0.983294
0.00011063

-0.262288
-0.342752
0.902068
0.702306
0.0079997

0.262288
0.342752
-0.902068
-1.26771
0.456724

-0.0721076
-0.601411
0.795679
0.432898
0.0377667

0.0721076
0.601411
-0.795679
-1.48958
0.724573

0.433133
-0.638924
0.635745
0.953221
0.000111442

-0.433133
0.638924
-0.635745
-0.698478
0.132069

-0.772568
-0.207109
-0.600204
-1.94751
3.17913

0.772568
0.207109
0.600204
-4.59373
11.4479

-0.997238
-0.074279
0
-0.559893
0.242859

0.997238
0.074279
0
0.219587
0.0608287

-0.624428
0.402418
0.66944
0.841127
0.00227473

0.277608
-0.613183
-0.739554
0.988113
9.97971e-05

-0.277608
0.613183
0.739554
-36.9452
1016.47

0.293296
-0.314535
0.902799
0.79087
0.00331483

0.682294
0.135597
-0.718393
0.659463
0.00681283

-0.682294
-0.135597
0.718393
-0.103342
0.0707374

-0.783742
-0.621087
0
0.0248257
0.0661926

0.783742
0.621087
0
0.375888
0.0271231

0.602044
0.798463
0
0.872529
0.00190951

-0.602044
-0.798463
0
-1.2257
0.344051

-0.0965971
0.625367
0.774329
0.760193
0.00214161

0.0965971
-0.625367
-0.774329
0.371876
0.0143193

-0.46726
-0.191558
-0.863119
-0.355617
0.185675

0.46726
0.191558
0.863119
0.0483892
0.0916244

0.470018
0.862374
0.188131
0.995972
1.03616e-06

-0.470018
-0.862374
-0.188131
-1.9798
0.519433

0.104887
0.923318
-0.369434
-0.23675
0.12512

-0.104887
-0.923318
0.369434
0.332435
0.0364802

-0.568083
0.513715
0.642946
0.576571
0.0360721

0.568083
-0.513715
-0.642946
-5.11434
7.50076

-0.839226
-0.228969
-0.493227
-1.04536
0.301867

0.839226
0.228969
0.493227
0.813352
0.00253902

-0.178076
0.700126
-0.691457
-4.30982
6.79322

0.178076
-0.700126
0.691457
-0.0970721
0.290248

-0.476227
0.00105192
0.879322
0.858547
0.0105098

0.476227
-0.00105192
-0.879322
-22.9057
298.272

-0.481639
-0.23907
0.843131
-1.12496
0.365693

0.481639
0.23907
-0.843131
0.745384
0.00534791

-0.223002
-0.880193
0.418963
-2.44208
1.13458

0.630496
0.47282
-0.615561
-0.191878
0.120922

-0.630496
-0.47282
0.615561
0.237196
0.0495937

-0.943291
0.0575019
0.326948
-6.56682
14.5654

0.943291
-0.0575019
-0.326948
0.424166
0.0843856

0.280301
-0.125012
0.951737
0.949919
0.000490282

0.544529
0.0630413
0.836369
0.921722
0.0016185

-0.544529
-0.0630413
-0.836369
-10.9069
37.2555

-0.422202
-0.364866
-0.82983
0.802722
0.0303592

0.422202
0.364866
0.82983
-34.9535
1007.67

0.793132
-0.0609027
0.605997
0.741075
0.00939167

-0.426907
0.13422
0.894279
0.930345
0.00153445

0.426907
-0.13422
-0.894279
-13.4437
64.5183

0.00658065
-0.729708
-0.683727
-0.638781
0.167958

-0.00658065
0.729708
0.683727
0.803204
0.00247167

0.629073
0.390959
0.671877
0.606035
0.00552357

-0.629073
-0.390959
-0.671877
0.589272
0.00600309

-0.0348039
-0.0626506
-0.997428
0.888067
0.00103161

0.408266
-0.853678
-0.323346
0.981205
1.2749e-05

-0.696155
-0.123403
0.707206
0.977762
1.90479e-05

0.696155
0.123403
-0.707206
-0.43067
0.0718975

0.0136474
0.657928
0.752957
0.770865
0.00680197

-0.0136474
-0.657928
-0.752957
-3.17127
2.2535

0.0111288
-0.613621
0.789522
0.625101
0.024101

-0.0111288
0.613621
-0.789522
-3.62437
3.34247

-0.204527
0.835789
-0.509534
-1.33032
0.5113

0.204527
-0.835789
0.509534
0.661811
0.0108147

-0.708574
0.179997
0.682293
0.973259
1.87562e-05

-0.873834
0.291276
-0.389322
-0.977929
0.6511

0.873834
-0.291276
0.389322
-0.794047
0.535682

0.149565
0.947246
0.283469
0.740936
0.0152163

-0.526011
0.124172
-0.841364
-0.230441
0.0663988

0.526011
-0.124172
0.841364
0.883509
0.000598005

0.153408
-0.636484
0.75588
0.371181
0.0158884

0.270849
0.219773
-0.937198
-9.53186
35.3814

-0.270849
-0.219773
0.937198
0.479904
0.0865503

0.0253431
0.0941335
0.995237
0.561171
0.0185708

-0.0253431
-0.0941335
-0.995237
-1.12393
0.434929

-0.229635
0.781038
-0.58073
0.254795
0.044445

0.229635
-0.781038
0.58073
-0.0822846
0.0936453

-0.815236
0.042447
-0.577571
-0.0481217
0.128123

0.815236
-0.042447
0.577571
-0.593356
0.293348

-0.353471
0.801176
0.482883
0.444472
0.0240307

0.353471
-0.801176
-0.482883
-0.296659
0.130673

0.0415043
0.528856
0.847696
0.85243
0.000473124

-0.449938
0.532619
0.716849
0.310233
0.0410508

0.449938
-0.532619
-0.716849
-0.318081
0.149522

-0.263982
0.119753
0.957065
0.980215
2.82339e-05

0.263982
-0.119753
-0.957065
-0.893833
0.158058

-0.371636
-0.0989633
0.923089
0.934511
0.00215053

0.371636
0.0989633
-0.923089
-23.4785
299.923

-0.0484621
0.452949
0.890218
0.88246
0.0020093

-0.707121
-0.707093
0
0.679479
0.238604

-0.0752976
-0.688278
-0.721528
-0.334036
0.280055

-0.171256
-0.441874
0.880579
-0.535898
0.194625

0.171256
0.441874
-0.880579
0.498483
0.0207914

0.979132
-0.203224
0
0.405062
0.0298996

-0.979132
0.203224
0
-0.420969
0.170309

-0.290668
0.0580645
0.955061
0.916949
0.000244647

0.598834
-0.0516345
0.799207
0.925243
0.00112135

-0.659725
-0.145211
-0.737344
-6.47819
10.8144

0.659725
0.145211
0.737344
0.837212
0.0051378

0.707107
0.707107
0
0.937383
0.0530967

-0.202624
0.384648
-0.90055
-1.3497
0.355388

0.202624
-0.384648
0.90055
0.928931
0.000359347

-0.0434279
0.397612
0.916525
0.923791
0.000203506

0.0785947
-0.883754
-0.461304
-2.83987
2.13837

-0.0785947
0.883754
0.461304
0.553733
0.0289341

0.216057
-0.770165
-0.600138
0.452928
0.00770227

0.459427
-0.144706
-0.876349
0.961368
0.000199694

-0.228095
0.0430575
0.972686
0.980314
0.000187205

0.188588
-0.488582
-0.851893
-8.89761
23.241

-0.188588
0.488582
0.851893
0.869663
0.00404448

-0.999596
-0.0284255
0
-1.86701
0.717477

0.999596
0.0284255
0
0.855515
0.0018241

0.918535
0.395339
0
0.722488
0.0206553

-0.918535
-0.395339
0
-3.78832
3.19866

-0.511326
-0.0861469
-0.855058
-0.421335
0.075889

0.511326
0.0861469
0.855058
0.965346
6.02536e-05

-0.161793
0.764341
-0.624184
0.772199
0.00453799

0.161793
-0.764341
0.624184
-1.46822
0.532106

-0.572508
-0.567818
0.591453
0.723934
0.00522301

0.572508
0.567818
-0.591453
-0.605778
0.176665

0.744652
-0.489435
0.453814
0.595916
0.00482175

-0.744652
0.489435
-0.453814
0.728086
0.00218459

0.694945
-0.582533
-0.421553
0.0372814
0.0480789

-0.694945
0.582533
0.421553
0.683875
0.00520721

0.176565
0.846994
0.501425
0.388131
0.0138993

-0.176565
-0.846994
-0.501425
0.732767
0.00267446

0.366793
-0.30476
0.878968
0.912024
0.000721184

0.0149962
-0.364666
0.931018
0.89971
0.00015627

-0.0833633
-0.414177
-0.906371
-0.970019
0.408798

0.0833633
0.414177
0.906371
0.364016
0.0426591

-0.623858
-0.0287732
0.781008
-2.71656
1.3484

0.623858
0.0287732
-0.781008
0.911286
0.000772555

-0.274388
-0.758172
0.591512
0.910609
0.00060316

0.274388
0.758172
-0.591512
-1.60664
0.497137

0.212423
0.426634
0.879124
0.262724
0.0388496

-0.212423
-0.426634
-0.879124
0.115811
0.0558639

-0.340074
-0.285191
0.896111
0.924503
0.00219091

0.0846925
0.980058
0.179757
0.197588
0.0252462

-0.0846925
-0.980058
-0.179757
0.796225
0.00163119

-0.344202
0.0681304
-0.93642
0.972825
2.359e-05

0.672732
0.442973
-0.592626
-4.34226
5.49575

-0.672732
-0.442973
0.592626
0.472317
0.0537218

-0.517959
0.0388279
-0.854524
-1.15882
0.440412

0.517959
-0.0388279
0.854524
0.59891
0.0153483

0.202493
-0.935145
0.29069
0.838244
0.00265798

0.387316
0.661922
0.641752
0.979096
0.000177183

0.557994
-0.608324
0.564433
0.811395
0.0028475

-0.557994
0.608324
-0.564433
-1.31042
0.422233

-0.801558
-0.27894
0.528864
0.601514
0.0291416

0.801558
0.27894
-0.528864
-4.53599
5.62392

0.701116
-0.562127
0.438691
-0.294223
0.16632

-0.701116
0.562127
-0.438691
0.0319293
0.0930837

-0.0321507
0.408683
0.91211
0.811395
0.00290121

-0.0964016
0.0208353
-0.995124
-0.130674
0.254231

0.453784
-0.381212
0.805455
0.573391
0.0181333

-0.453784
0.381212
-0.805455
-1.24042
0.496339

0.881149
0.321939
0.346311
0.548635
0.0451594

-0.881149
-0.321939
-0.346311
-5.82622
10.3218

0.828849
0.559472
0
0.132665
0.118165

-0.828849
-0.559472
0
-1.27354
0.658373

0.685392
-0.641715
0.344152
-0.717754
0.213004

-0.685392
0.641715
-0.344152
0.718157
0.0057514

-0.763999
-0.357268
0.537276
0.382257
0.0289019

0.763999
0.357268
-0.537276
-0.140855
0.0984051

0.72588
-0.241556
-0.64401
-0.446078
0.30447

-0.72588
0.241556
0.64401
-0.867356
0.507675

0.706869
0.40258
0.581606
-0.209034
0.0983425

-0.706869
-0.40258
-0.581606
0.569069
0.0125508

0.492695
-0.334972
0.803147
0.586248
0.0109888

-0.3326
-0.867006
0.37105
0.0868618
0.0831464

0.232303
0.855473
0.462818
0.480156
0.0248743

-0.232303
-0.855473
-0.462818
-0.792923
0.295744

0.0393908
0.685222
-0.727268
0.981338
7.0597e-05

0.444121
-0.266831
0.855312
-1.15871
1.43667

-0.192276
-0.193382
0.962099
0.622789
0.0123189

0.192276
0.193382
-0.962099
-0.909622
0.31132

-0.28785
0.494528
0.820113
0.842465
0.00106363

0.477053
0.291629
0.82908
0.831407
0.00171446

-0.477053
-0.291629
-0.82908
-0.572509
0.143641

0.95944
0.281914
0
0.72757
0.0124593

-0.95944
-0.281914
0
-2.33726
1.23497

0.431417
0.46775
0.77142
0.804883
0.00275728

-0.431417
-0.46775
-0.77142
-0.956592
0.270825

0.165181
0.130988
-0.977526
-22.5379
297.105

-0.165181
-0.130988
0.977526
0.793124
0.0229638

-0.187815
0.854314
0.484637
0.717535
0.00808636

0.187815
-0.854314
-0.484637
-1.79005
0.788551

0.521053
-0.0876951
0.849007
0.897205
0.00541691

-0.521053
0.0876951
-0.849007
-23.1684
299.158

0.143502
-0.65681
0.740275
-1.5801
0.670759

-0.143502
0.65681
-0.740275
0.6644
0.0114464

-0.489513
-0.871996
0
0.770432
0.00146416

0.576927
0.44407
-0.685534
0.563261
0.008149

-0.576927
-0.44407
0.685534
0.466477
0.0121602

0.262746
0.632848
-0.728333
-0.136429
0.155648

-0.262746
-0.632848
0.728333
-0.615555
0.314338

0.748074
0.193235
0.634858
0.490019
0.0197558

-0.748074
-0.193235
-0.634858
-0.323746
0.133047

-0.595714
-0.315492
-0.73864
-1.30472
0.421526

0.595714
0.315492
0.73864
0.807656
0.00299484

0.719428
0.59786
-0.353536
0.97128
2.72786e-05

-0.719428
-0.59786
0.353536
-0.149891
0.0402928

-0.666879
-0.579899
0.467964
0.809866
0.00262294

-0.370905
0.819258
0.437317
-1.55263
0.822867

0.370905
-0.819258
-0.437317
0.328693
0.0569689

-0.944208
-0.329351
0
0.368172
0.0257813

0.944208
0.329351
0
0.441364
0.020876

0.354651
-0.607947
-0.710368
-0.685141
0.149864

-0.354651
0.607947
0.710368
0.903977
0.00048972

0.121503
-0.165475
0.978701
0.445321
0.059857

0.671782
-0.405116
0.620154
0.838536
0.00394019

-0.671782
0.405116
-0.620154
-4.49427
4.51955

0.581677
-0.296661
0.757393
0.762879
0.00214305

-0.581677
0.296661
-0.757393
0.303153
0.0184786

0.874737
0.0926222
0.475665
0.456797
0.0329674

-0.874737
-0.0926222
-0.475665
-1.37484
0.630058

-0.0501433
0.680009
0.731487
-0.95655
0.232206

0.0501433
-0.680009
-0.731487
0.893254
0.000724257

-0.593849
0.387286
-0.705233
-1.34729
0.765585

0.593849
-0.387286
0.705233
0.0229769
0.132642

-0.621475
-0.119149
0.774321
-0.182367
0.161985

-0.363885
0.509406
0.779803
0.874163
0.00122549

-0.802795
-0.298331
0.516255
0.691846
0.00739218

0.802795
0.298331
-0.516255
-0.82462
0.257702

-0.75497
-0.458954
-0.468382
-0.0873458
0.116953

0.75497
0.458954
0.468382
-0.152255
0.131323

-0.94119
0.104905
0.32118
-0.732804
0.395711

0.94119
-0.104905
-0.32118
-0.273083
0.213617

0.507457
0.0252471
-0.861307
-1.40444
0.78206

-0.507457
-0.0252471
0.861307
0.116821
0.105521

-0.351693
0.588646
-0.727879
-0.827818
0.300573

0.351693
-0.588646
0.727879
0.526276
0.0203038

0.855397
0.438052
-0.276417
0.86626
0.000771695

-0.483477
0.531338
0.695651
0.93617
0.000619994

0.483477
-0.531338
-0.695651
-5.38296
6.01263

0.402247
0.563703
-0.721413
-3.41336
2.75134

-0.402247
-0.563703
0.721413
0.724166
0.010768

0.306293
0.120281
0.944308
0.913837
0.000340211

-0.306293
-0.120281
-0.944308
-0.443467
0.0952275

0.170997
0.487763
0.856065
0.585754
0.0103917

-0.170997
-0.487763
-0.856065
-0.0268052
0.0634108

-0.804325
0.432744
-0.407178
-0.38885
0.123297

0.804325
-0.432744
0.407178
0.701739
0.00571013

-0.658102
0.0976514
0.74657
0.302752
0.0865098

0.658102
-0.0976514
-0.74657
-3.22475
3.17426

0.396262
0.661759
-0.636437
0.26536
0.0438126

-0.396262
-0.661759
0.636437
-0.123832
0.102383

-0.459618
0.266109
0.847312
0.890728
0.0038173

0.459618
-0.266109
-0.847312
-13.201
64.2713

0.141987
0.15839
-0.977114
-1.46242
0.437838

-0.141987
-0.15839
0.977114
0.895151
0.000852525

0.720009
-0.448821
-0.529289
-2.0312
0.933111

-0.720009
0.448821
0.529289
0.772473
0.00525794

0.575695
0.717448
-0.39223
0.424426
0.00854095

-0.575695
-0.717448
0.39223
0.887117
0.000337069

0.678436
-0.676061
0.287517
0.380476
0.0414335

-0.678436
0.676061
-0.287517
-1.08228
0.467822

-0.697281
-0.442752
-0.56371
-3.22947
2.67913

0.697281
0.442752
0.56371
0.608235
0.0230558

-0.290064
0.260918
-0.920752
-1.60199
0.674978

0.290064
-0.260918
0.920752
0.682699
0.0100534

0.172478
0.0109455
0.984953
0.971427
0.000304026

0.407695
0.214881
-0.887475
-2.00352
0.927058

-0.407695
-0.214881
0.887475
0.754812
0.00628654

0.692885
0.721049
0
-1.86416
1.25306

-0.692885
-0.721049
0
0.0157597
0.165873

-0.819662
0.50601
-0.268529
0.909291
0.000444483

0.412793
-0.819403
0.397719
0.610258
0.0147359

0.140359
-0.676973
0.7225
0.678193
0.00339698

-0.422338
0.499278
0.75654
0.174313
0.0749409

0.422338
-0.499278
-0.75654
-0.763756
0.341249

0.0699857
-0.748945
0.658926
0.737918
0.0050015

-0.0699857
0.748945
-0.658926
-0.300043
0.100862

0.344184
0.67034
0.657405
0.801471
0.00263551

-0.344184
-0.67034
-0.657405
-0.750848
0.201357

0.720277
-0.0114784
0.693591
0.83747
0.00258874

-0.720277
0.0114784
-0.693591
-2.14655
0.953245

0.649079
0.630247
-0.426011
0.579337
0.0118285

-0.649079
-0.630247
0.426011
-0.215717
0.0987288

0.0754639
0.923863
0.375211
-0.363852
0.0704552

-0.0754639
-0.923863
-0.375211
0.955922
7.72694e-05

-0.268007
0.22835
-0.935964
0.522364
0.0106118

-0.397888
0.917434
0
0.753924
0.00676083

-0.250133
-0.380308
0.890393
0.866532
0.00493616

0.250133
0.380308
-0.890393
-10.6266
36.9711

-0.611281
0.408673
0.677733
0.946564
0.000211494

0.611281
-0.408673
-0.677733
-1.70889
0.505654

0.231902
0.453931
-0.86033
0.958387
0.000157844

-0.231902
-0.453931
0.86033
-2.8885
1.37174

-0.0255471
0.630092
0.7761
-0.851792
0.224628

0.0255471
-0.630092
-0.7761
0.829583
0.00200345

-0.204392
-0.147894
-0.967652
-0.780753
0.203729

0.204392
0.147894
0.967652
0.824105
0.00207862

0.9683
-0.088091
-0.233741
-0.298044
0.138688

-0.9683
0.088091
0.233741
0.363957
0.0333099

-0.322708
-0.802956
-0.501119
0.80932
0.000365338

0.940633
0.105386
-0.32265
-0.250453
0.261592

-0.940633
-0.105386
0.32265
-1.70425
1.22325

0.958182
0.286159
0
0.677117
0.00929633

-0.958182
-0.286159
0
0.454326
0.019072

-0.0955891
-0.611543
0.785416
0.988702
8.10922e-06

0.384724
0.923031
0
0.599665
0.0288883

0.800777
-0.072206
-0.594594
-5.65069
10.1577

-0.800777
0.072206
0.594594
0.439434
0.0721906

-0.838105
0.496462
0.226066
0.97512
1.37355e-05

-0.773472
-0.426088
-0.469244
-1.06738
0.258495

0.773472
0.426088
0.469244
0.913029
0.000639673

0.181862
0.305305
-0.934727
-1.76079
0.701315

-0.181862
-0.305305
0.934727
0.796339
0.00391743

0.448561
-0.804044
0.390265
0.2963
0.0275722

-0.448561
0.804044
-0.390265
0.439705
0.0174902

0.450987
-0.60125
-0.659628
0.869821
0.00112123

-0.450987
0.60125
0.659628
-0.983291
0.252725

-0.777677
-0.535553
0.329243
0.917343
0.000667077

0.777677
0.535553
-0.329243
-2.73513
1.3512

-0.425935
0.770795
-0.473767
0.996245
1.86674e-06

0.425935
-0.770795
0.473767
-4.01173
2.40645

-0.458112
-0.888894
0
0.741074
0.0111071

0.05286
0.669869
-0.740595
-1.25663
0.292644

-0.05286
-0.669869
0.740595
0.955235
0.0001299

-0.034215
-0.319018
-0.947131
0.405894
0.0187472

0.034215
0.319018
0.947131
0.405894
0.0187472

0.0834835
-0.263739
-0.960975
-2.39042
1.46863

0.895816
0.310161
-0.318299
0.805501
0.00196702

-0.895816
-0.310161
0.318299
-0.260226
0.0824721

-0.939445
-0.342699
0
0.303918
0.0392405

0.939445
0.342699
0
0.460225
0.0270491

-0.480007
-0.770253
-0.419885
0.984805
1.81297e-05

0.304053
-0.291087
0.907094
0.837857
0.00244511

-0.304053
0.291087
-0.907094
-0.172938
0.0681939

0.859166
0.197543
0.472028
0.120278
0.080006

-0.859166
-0.197543
-0.472028
-0.510492
0.23572

0.803463
-0.105397
0.585951
0.834021
0.00203748

-0.803463
0.105397
-0.585951
-1.15963
0.339486

-0.404852
-0.914382
0
0.884444
0.0358482

0.616606
0.633948
-0.466804
0.921927
0.000253254

-0.616606
-0.633948
0.466804
-0.291499
0.0684287

0.227947
0.191871
0.954581
0.204048
0.0620663

-0.227947
-0.191871
-0.954581
-0.486661
0.216495

-0.733084
0.239858
-0.63644
-0.34898
0.120494

0.733084
-0.239858
0.63644
0.653701
0.00800455

-0.231111
0.425632
0.874886
-0.880895
0.1577

0.231111
-0.425632
-0.874886
0.977327
3.34161e-05

0.475238
0.679438
-0.559029
-0.332225
0.0871387

-0.475238
-0.679438
0.559029
0.865635
0.00126141

0.814097
0.14151
-0.563223
-0.0182669
0.040914

-0.814097
-0.14151
0.563223
0.872084
0.000667388

0.735436
0.677594
0
-2.53681
-1.00826

-0.735436
-0.677594
0
0.9141
0.0664493

0.282182
-0.419784
-0.862644
0.379683
0.0193759

-0.282975
0.893868
-0.347742
0.0815234
0.0654457

0.282975
-0.893868
0.347742
0.161348
0.0545696

0.263104
-0.964389
-0.027034
-0.221115
0.0847229

-0.263104
0.964389
0.027034
0.729226
0.00416736

-0.851386
-0.379445
0.362165
0.248902
0.0557339

0.851386
0.379445
-0.362165
-0.575435
0.245065

-0.255071
0.549139
-0.795855
0.62383
0.00372315

0.255071
-0.549139
0.795855
0.785664
0.00124451

-0.919312
-0.377059
-0.11266
0.877749
0.00052543

0.919312
0.377059
0.11266
0.121026
0.0270874

0.736978
-0.452718
0.501906
0.395389
0.0116668

-0.669399
-0.0821707
-0.738345
0.882646
0.000847746

0.669399
0.0821707
0.738345
-0.936802
0.230848

0.342007
0.888054
0.307233
0.771667
0.00639253

-0.342007
-0.888054
-0.307233
-2.88525
1.84996

0.250846
-0.161622
0.954439
0.964787
8.28921e-05

-0.250846
0.161622
-0.954439
-1.77666
0.510594

0.332458
0.402872
-0.85274
-6.41132
10.7724

-0.332458
-0.402872
0.85274
0.81523
0.00671556

-0.122553
0.903061
-0.411657
0.215962
0.0231671

0.678867
-0.0862259
0.72918
-1.09187
0.514448

-0.678867
0.0862259
-0.72918
0.233663
0.0690811

0.575929
-0.729048
-0.369859
0.949635
0.000129939

-0.575929
0.729048
0.369859
-0.787366
0.154504

0.554931
-0.113876
-0.824065
-4.1375
5.35038

-0.554931
0.113876
0.824065
0.30929
0.0967722

0.0587258
0.998274
0
0.0157597
0.15212

-0.0587258
-0.998274
0
-1.86416
1.2871

0.126954
-0.215599
0.968194
0.818335
0.00245026

-0.126954
0.215599
-0.968194
-1.13549
0.337117

0.261539
0.450411
-0.853655
-1.47638
0.483551

-0.261539
-0.450411
0.853655
0.848276
0.00187874

0.965404
-0.0280654
-0.259244
0.886175
0.000573584

-0.796373
0.0901555
0.598049
0.65713
0.0083254

0.796373
-0.0901555
-0.598049
-0.491549
0.156456

-0.109708
0.0895386
0.989923
0.884721
0.000446414

-0.82869
-0.0348788
0.55862
0.719173
0.00436658

0.82869
0.0348788
-0.55862
-0.148413
0.0729806

-0.183259
-0.593888
0.783398
0.432968
0.0294637

0.183259
0.593888
-0.783398
-0.685592
0.260222

0.660404
-0.115968
0.741902
0.811332
0.00189434

-0.420242
0.873494
0.245774
-0.485266
0.289355

0.420242
-0.873494
-0.245774
-0.485266
0.289355

0.783846
0.509471
-0.355
0.925168
0.000437106

-0.783846
-0.509471
0.355
-1.89273
0.644758

-0.546734
-0.267232
-0.793517
-10.7021
37.0699

0.546734
0.267232
0.793517
0.882979
0.00371817

0.964511
0.264043
0
-1.55263
0.822859

-0.964511
-0.264043
0
0.328693
0.0569737

-0.21064
0.534629
-0.818415
0.564843
0.0087559

0.21064
-0.534629
0.818415
0.382557
0.0176015

0.435692
0.218675
-0.873129
0.849612
0.0026764

-0.435692
-0.218675
0.873129
-3.04699
1.8892

-0.594785
0.730646
-0.335243
0.684142
0.00399435

0.594785
-0.730646
0.335243
0.383339
0.0151845

0.0343425
-0.295815
0.954628
0.900982
0.00311656

-0.426053
-0.886807
-0.17903
0.0255315
0.0888487

0.426053
0.886807
0.17903
-0.148681
0.123453

0.7903
0.169716
-0.588746
-1.77388
0.878392

-0.7903
-0.169716
0.588746
0.57341
0.0207777

-0.518688
-0.821479
-0.236925
0.573883
0.0803794

0.518688
0.821479
0.236925
-15.6452
122.628

-0.844705
-0.120468
-0.5215
-1.37857
0.518922

0.844705
0.120468
0.5215
0.703707
0.0080549

0.625964
0.552043
-0.550834
0.806632
0.00206971

-0.800099
-0.479673
0.360216
0.847999
0.00138831

0.800099
0.479673
-0.360216
-0.698559
0.171989

-0.290622
0.898156
-0.329932
0.0401182
0.0600323

0.290622
-0.898156
0.329932
0.461266
0.0191659

-0.616051
0.571764
0.541818
0.652652
0.00645686

0.616051
-0.571764
-0.541818
0.0577141
0.0472277

-0.115225
-0.612221
0.782246
-0.427153
0.353685

0.115225
0.612221
-0.782246
-1.61231
1.18498

0.0348184
-0.44046
0.897097
0.65709
0.018318

-0.0348184
0.44046
-0.897097
-3.67493
3.40279

0.669381
-0.322008
-0.669507
0.319253
0.0332308

0.633415
0.178192
-0.753016
0.960094
0.000109414

0.212219
-0.200262
0.956482
0.247722
0.19158

-0.212219
0.200262
-0.956482
-9.11393
34.558

-0.0511849
0.604306
0.795107
0.864787
0.00592506

0.901214
0.433374
0
-0.537905
0.224612

-0.901214
-0.433374
0
0.408828
0.0497683

-0.773591
0.482868
-0.41036
0.643038
0.0064768

0.773591
-0.482868
0.41036
0.147418
0.0368257

0.165859
-0.700799
0.693809
0.897205
0.00541393

-0.165859
0.700799
-0.693809
-23.1684
299.166

0.429051
-0.626549
0.650655
0.0889666
0.0931929

-0.429051
0.626549
-0.650655
-0.638678
0.296006

0.488631
0.709018
0.508462
0.897568
0.00195362

-0.488631
-0.709018
-0.508462
-6.69379
10.9314

-0.671266
0.741216
0
-0.174399
0.242305

0.671266
-0.741216
0
-1.74702
1.2079

0.214736
-0.192462
0.957521
-3.98878
5.23696

-0.214736
0.192462
-0.957521
0.171955
0.144281

0.0903401
0.611489
0.786079
0.716633
0.00354392

-0.0903401
-0.611489
-0.786079
0.2077
0.0276904

-0.220865
0.501357
-0.836576
-2.24045
0.75004

0.220865
-0.501357
0.836576
0.978564
4.89786e-05

-0.282359
-0.348172
0.893896
-2.06483
4.90064

0.282359
0.348172
-0.893896
-8.93005
51.434

-0.515959
0.126139
0.847275
0.974868
4.33375e-05

0.515959
-0.126139
-0.847275
-1.17951
0.243782

-0.0525911
-0.689219
0.722641
0.745245
0.0031684

0.619467
-0.700065
0.355205
0.342181
0.0506303

-0.619467
0.700065
-0.355205
-1.28469
0.6103

0.797991
-0.602669
0
-4.00589
3.98202

-0.797991
0.602669
0
0.591357
0.0421648

0.625116
0.190197
-0.757004
-1.14006
0.400641

-0.625116
-0.190197
0.757004
0.677729
0.00918153

0.840981
0.137651
0.523263
0.56163
0.0134902

-0.840981
-0.137651
-0.523263
-0.282622
0.115383

-0.527752
-0.569782
0.629942
0.799268
0.00385943

0.527752
0.569782
-0.629942
-1.9131
0.810445

-0.0938706
0.873959
0.476848
0.27187
0.032897

0.0938706
-0.873959
-0.476848
0.322952
0.0284448

-0.537874
0.644617
0.543287
0.718496
0.00525704

-0.167845
0.739725
0.651641
-1.40449
0.57622

0.167845
-0.739725
-0.651641
0.621887
0.0142523

-0.633421
-0.665964
-0.394044
0.96043
6.81452e-05

0.633421
0.665964
0.394044
-0.54859
0.0987526

-0.283235
-0.683296
-0.672966
-8.10256
22.3874

0.283235
0.683296
0.672966
0.590427
0.0454337

0.146715
-0.579219
-0.80186
-5.14717
7.52775

-0.146715
0.579219
0.80186
0.595847
0.0325485

-0.313849
-0.730893
-0.606048
0.852539
0.00138432

0.313849
0.730893
0.606048
-0.822071
0.2067

-0.430197
-0.119895
-0.894738
-3.52606
2.34427

0.430197
0.119895
0.894738
0.914286
0.000845333

-0.327367
0.887478
-0.324368
0.343655
0.0229673

0.327367
-0.887478
0.324368
0.44876
0.0162106

0.157487
-0.318001
-0.934919
-14.0424
64.9531

-0.157487
0.318001
0.934919
0.98913
3.97327e-05

0.811676
-0.144005
0.566079
-0.0609013
0.0917613

-0.811676
0.144005
-0.566079
0.203141
0.0517699

-0.128319
-0.430967
0.893197
0.520355
0.0150173

0.128319
0.430967
-0.893197
-0.0467471
0.0709165

0.623037
0.782192
0
-0.237716
0.290122

-0.623037
-0.782192
0
-2.16857
1.79489

-0.487363
0.161698
-0.858097
0.506211
0.0173484

-0.769853
-0.191862
-0.6087
-0.80252
0.321245

0.769853
0.191862
0.6087
0.379004
0.0382212

0.264699
0.69926
0.664056
-0.596055
0.36505

-0.264699
-0.69926
-0.664056
-0.648389
0.389356

0.824654
0.368726
-0.428938
0.767195
0.00174273

-0.824654
-0.368726
0.428938
0.480105
0.00861888

-0.132816
0.462517
0.876606
0.813969
0.00984228

0.132816
-0.462517
-0.876606
-10.415
36.7336

-0.559144
-0.768138
0.311966
-6.03685
10.5022

0.559144
0.768138
-0.311966
0.660924
0.024404

-0.84044
-0.541905
0
0.608235
0.0229972

0.84044
0.541905
0
-3.22947
2.68001

0.863651
-0.310291
-0.397275
0.997672
2.73532e-06

0.459834
0.66967
-0.583177
-0.0259104
0.0764086

-0.459834
-0.66967
0.583177
0.355747
0.0301451

0.0301402
-0.452881
-0.891061
-16.8232
125.621

-0.0301402
0.452881
0.891061
0.876228
0.00611789

-0.0193724
0.288611
0.95725
-0.716305
0.692043

0.0193724
-0.288611
-0.95725
-2.86169
3.5028

0.413985
-0.318445
-0.852765
-2.13986
0.952561

-0.413985
0.318445
0.852765
0.834066
0.00266815

-0.0403471
-0.393713
0.918347
0.911968
0.000532132

0.0403471
0.393713
-0.918347
-1.40079
0.393736

-0.0661426
0.202522
0.977041
0.977081
4.89662e-05

0.879196
-0.217115
0.424118
-0.516465
0.220525

-0.879196
0.217115
-0.424118
0.261864
0.0522893

0.979926
-0.0333408
-0.196555
0.0156457
0.111749

-0.979926
0.0333408
0.196555
-0.683301
0.32676

-0.4444
0.815678
0.370375
-0.505536
0.271848

0.4444
-0.815678
-0.370375
-0.219482
0.178378

-0.198869
-0.887662
-0.415339
-0.471123
0.21442

0.198869
0.887662
0.415339
0.172495
0.0678818

0.95971
0.280992
0
-1.72588
0.84804

-0.95971
-0.280992
0
0.526752
0.0330513

0.323848
-0.896155
0.303364
0.974979
7.0611e-05

-0.38317
0.701646
0.600728
-0.643273
0.409156

0.38317
-0.701646
-0.600728
-0.789283
0.485034

-0.493825
-0.676234
0.546667
0.981562
1.15798e-05

-0.249116
0.195502
0.948536
0.960476
0.000157643

0.894425
0.447219
0
0.841384
0.0524701

0.753505
-0.41454
-0.510281
-3.36486
3.25125

-0.753505
0.41454
0.510281
0.430817
0.0552946

0.386251
0.181766
0.904307
0.967819
0.000397857

-0.283525
0.352421
-0.89186
-2.94473
3.57069

0.283525
-0.352421
0.89186
-0.573529
0.568159

-0.0733812
-0.879765
-0.469712
-0.306161
0.0689123

0.0733812
0.879765
0.469712
0.929768
0.000208221

-0.737873
0.229409
-0.634756
-2.75444
1.81131

0.737873
-0.229409
0.634756
0.693518
0.0121396

-0.677344
-0.540244
0.499342
0.996558
8.78745e-07

-0.166586
0.739694
-0.651999
-0.22528
0.168019

0.166586
-0.739694
0.651999
-0.308336
0.191546

-0.937825
-0.34711
0
-0.19217
0.0541017

-0.146612
0.804302
0.575851
0.445261
0.0266913

0.146612
-0.804302
-0.575851
-0.560879
0.211171

-0.645537
-0.496206
0.58057
0.870951
0.00102012

0.645537
0.496206
-0.58057
-0.851597
0.208732

0.549119
-0.556297
-0.6237
0.713949
0.0169635

0.618425
0.785844
0
-0.16774
0.119021

-0.618425
-0.785844
0
0.181509
0.0587507

-0.489424
0.697925
0.522843
0.619817
0.00835116

0.489424
-0.697925
-0.522843
-0.0204183
0.0601293

-0.277943
-0.941683
-0.189688
0.924285
0.000342142

0.277943
0.941683
0.189688
-1.09329
0.260289

0.553503
-0.646615
-0.524903
0.986436
1.36431e-05

0.428196
0.81209
-0.396432
0.906082
0.000483448

-0.428196
-0.81209
0.396432
-0.741016
0.163196

-0.845326
-0.219802
-0.486941
-0.492063
0.0969835

-0.419787
0.782617
0.459663
-0.0726912
0.109063

0.419787
-0.782617
-0.459663
-0.0726912
0.109063

-0.154712
0.756494
-0.635438
-1.42957
0.750895

0.154712
-0.756494
0.635438
0.256561
0.0705351

-0.0802324
0.339193
0.937289
0.949579
0.000470874

0.0802324
-0.339193
-0.937289
-6.94847
11.0317

0.639672
0.313806
0.701673
0.397865
0.0559752

-0.639672
-0.313806
-0.701673
-2.66365
2.0666

0.930865
-0.215157
-0.295292
0.99306
1.74153e-05

-0.930865
0.215157
0.295292
-17.9459
127.039

0.235821
0.299429
-0.924516
0.659627
0.00428629

-0.0725237
0.366986
0.927395
0.286456
0.0552458

0.0725237
-0.366986
-0.927395
-0.91914
0.399616

0.957819
0.287371
0
-1.48958
0.724493

-0.957819
-0.287371
0
0.432898
0.0378203

-0.56963
0.28508
0.770877
0.987849
1.17923e-05

0.56963
-0.28508
-0.770877
-2.47239
0.873035

0.642705
-0.766114
0
0.691448
0.00273034

-0.642705
0.766114
0
0.658703
0.0033405

0.0233383
-0.474628
-0.879877
-7.29925
15.2974

-0.0233383
0.474628
0.879877
0.77878
0.0109712

-0.398578
-0.427983
0.811151
0.839509
0.00264717

0.398578
0.427983
-0.811151
-2.33351
1.11548

0.445557
0.694899
-0.564442
0.108846
0.27647

-0.445557
-0.694899
0.564442
-8.90176
34.1129

0.256818
0.732204
0.63081
0.984253
1.10236e-05

-0.324291
0.905889
-0.272399
-1.18162
0.243944

0.324291
-0.905889
0.272399
0.975343
3.14389e-05

-0.575663
0.576821
0.57956
0.572731
0.0201274

0.575663
-0.576821
-0.57956
-1.6198
0.753927

-0.532521
-0.600305
-0.596704
0.393662
0.0149254

0.532521
0.600305
0.596704
0.66356
0.00459734

-0.0563831
-0.806313
0.588795
-0.589103
0.119878

0.0563831
0.806313
-0.588795
0.926507
0.000256999

0.0355017
-0.970551
-0.238267
-1.09187
0.514453

-0.0355017
0.970551
0.238267
0.233663
0.0690591

0.916799
0.259386
-0.303642
-0.525986
0.207014

-0.916799
-0.259386
0.303642
0.389223
0.0331844

-0.74437
0.290788
0.601128
0.0988333
0.146155

0.74437
-0.290788
-0.601128
-2.69253
2.41283

0.717496
-0.168067
-0.675983
-0.819809
0.238827

-0.717496
0.168067
0.675983
0.752148
0.00449005

-0.632187
-0.1912
0.750854
0.773757
0.00128789

0.632187
0.1912
-0.750854
0.648812
0.0031018

0.444126
0.441778
0.779477
0.859117
0.00200653

-0.444126
-0.441778
-0.779477
-2.37536
1.12294

-0.182732
-0.837647
-0.514739
-0.282882
0.122128

0.182732
0.837647
0.514739
0.495471
0.0189016

0.344036
0.151338
0.92668
0.805125
0.00228866

-0.344036
-0.151338
-0.92668
-0.539644
0.141463

-0.216514
0.537673
0.81488
0.843975
0.000571975

0.216514
-0.537673
-0.81488
0.604725
0.0036094

0.397593
-0.47018
-0.787941
0.987258
1.32617e-05

0.329861
0.772298
0.542907
0.580339
0.007357

-0.329861
-0.772298
-0.542907
0.477908
0.0113637

0.0448968
0.820177
-0.570345
-0.228719
0.0996501

-0.0448968
-0.820177
0.570345
0.598785
0.0106384

-0.482342
-0.812473
-0.327466
0.966768
0.000111938

0.228306
0.343347
0.911037
0.852085
0.00168092

-0.228306
-0.343347
-0.911037
-1.27981
0.382613

0.17238
0.98503
0
-0.204179
0.165063

-0.17238
-0.98503
0
-0.376006
0.215494

-0.633932
0.513444
0.578365
0.595847
0.0326066

-0.583352
-0.534044
0.611962
0.375888
0.0722833

0.583352
0.534044
-0.611962
-3.71984
4.12687

0.270647
0.589773
0.760866
0.749988
0.00384646

-0.270647
-0.589773
-0.760866
-0.433753
0.126349

-0.788814
0.542919
-0.288116
0.412763
0.0221899

0.788814
-0.542919
0.288116
0.112773
0.0506291

-0.181009
0.297934
0.937268
0.938071
0.000891685

0.181009
-0.297934
-0.937268
-9.23718
23.4613

0.250615
0.279453
-0.926875
-7.19698
15.2091

-0.250615
-0.279453
0.926875
0.740934
0.0153241

-0.457098
0.557303
0.693163
0.725517
0.00343917

0.457098
-0.557303
-0.693163
0.151094
0.0327651

0.0970224
0.908287
0.406941
0.710391
0.00698396

-0.0970224
-0.908287
-0.406941
-1.08369
0.360689

-0.616043
-0.715722
0.328988
0.369887
0.0190555

0.616043
0.715722
-0.328988
0.53706
0.0102938

-0.962956
-0.0202681
-0.268896
-35.5843
1011.56

0.962956
0.0202681
0.268896
0.887085
0.00964123

-0.18839
0.417017
0.889161
-1.08459
0.7603

0.18839
-0.417017
-0.889161
-0.881323
0.619344

0.960976
-0.119175
-0.249646
0.485108
0.0265342

-0.960976
0.119175
0.249646
-1.05957
0.424311

-0.748969
0.394702
-0.532218
0.82408
0.00185415

0.748969
-0.394702
0.532218
-0.612736
0.155573

0.88317
0.469054
0
-1.6051
0.748797

-0.88317
-0.469054
0
0.558303
0.0225092

-0.589276
-0.399129
0.70246
-1.2445
0.601128

0.589276
0.399129
-0.70246
0.285776
0.0610162

-0.571945
0.122277
0.811127
0.945966
0.00147043

0.571945
-0.122277
-0.811127
-23.5919
300.068

-0.657951
-0.753061
0
0.726098
0.00329734

0.657951
0.753061
0
0.675347
0.00429684

-0.424403
0.299796
-0.854403
-9.19325
30.8441

0.424403
-0.299796
0.854403
0.579333
0.052851

-0.525265
-0.712926
-0.464579
-8.00094
22.2564

0.525265
0.712926
0.464579
0.541058
0.0579198

0.525821
0.476997
0.704263
-1.01703
0.382853

-0.525821
-0.476997
-0.704263
0.549253
0.0192257

0.197533
-0.89577
-0.398216
0.687944
0.00902951

-0.197533
0.89577
0.398216
-1.35991
0.516028

-0.896401
-0.298564
0.327604
0.0408853
0.0622087

0.896401
0.298564
-0.327604
0.402216
0.0241693

-0.458409
-0.542622
0.703863
0.738227
0.00614152

0.860291
0.481906
0.166329
0.380663
0.0147974

0.525995
0.0341129
-0.849803
-0.184127
0.10176

-0.525995
-0.0341129
0.849803
0.464607
0.0208173

-0.707112
-0.707101
0
-0.50455
1.57573

0.157085
-0.378253
0.912277
-5.39176
7.68749

-0.157085
0.378253
-0.912277
0.722579
0.014617

0.4558
0.307764
0.835181
0.835709
0.00153252

0.882385
0.162877
-0.441438
-0.542571
0.133814

-0.882385
-0.162877
0.441438
0.844419
0.00163197

-0.85253
-0.522677
0
0.318869
0.0272115

0.85253
0.522677
0
0.42114
0.0199344

0.168924
-0.0985586
0.980689
0.984235
9.19041e-05

-0.717449
-0.430772
0.547451
0.455398
0.0159849

0.717449
0.430772
-0.547451
0.320911
0.0248468

-0.410698
0.643154
-0.646282
0.515034
0.0154756

-0.163232
-0.55225
-0.817542
-1.0085
0.323317

0.163232
0.55225
0.817542
0.720059
0.00637946

-0.669919
-0.586529
-0.455183
-1.04786
0.461228

0.669919
0.586529
0.455183
0.33131
0.0491916

0.225954
0.903831
-0.363366
-0.130674
0.253973

0.028824
0.595212
0.803052
0.187585
0.108682

-0.028824
-0.595212
-0.803052
-2.46992
1.9815

0.643528
0.0443914
0.764134
0.568067
0.0037276

-0.105732
-0.304001
0.946786
-0.115598
0.0567142

0.105732
0.304001
-0.946786
0.834971
0.00131828

0.458338
0.833015
-0.309858
-0.413433
0.159116

-0.458338
-0.833015
0.309858
0.47898
0.0216402

-0.425955
0.560303
-0.710368
-2.06191
1.05915

0.425955
-0.560303
0.710368
0.67142
0.0122877

-0.113909
-0.63017
0.768057
0.624014
0.00681537

0.113909
0.63017
-0.768057
0.245418
0.0274435

-0.188274
0.451868
0.871991
0.856214
0.00266788

0.188274
-0.451868
-0.871991
-3.69506
2.84347

-0.88479
-0.465991
0
0.630513
0.013486

0.838223
-0.148793
0.524635
0.73154
0.0108346

-0.838223
0.148793
-0.524635
-3.80527
3.45757

-0.826104
-0.563518
0
-0.26424
0.386069

0.826104
0.563518
0
-3.6077
4.71115

0.294589
-0.211286
-0.931974
0.334524
0.0107392

-0.294589
0.211286
0.931974
0.932348
0.000114578

0.00050192
-0.0502759
0.998735
0.531669
0.0205474

-0.588495
-0.391125
-0.707598
0.89624
0.000441195

0.588495
0.391125
0.707598
-0.166488
0.0556144

0.284692
0.802482
-0.524378
-1.85816
1.00801

-0.284692
-0.802482
0.524378
0.490471
0.0321059

-0.39294
0.835648
-0.383785
0.0838374
0.043108

0.39294
-0.835648
0.383785
0.680445
0.00554893

0.104307
-0.768236
0.631611
0.725187
0.00688559

-0.104307
0.768236
-0.631611
-1.40508
0.522829

0.477288
0.247182
0.843265
0.702946
0.0134285

-0.477288
-0.247182
-0.843265
-3.75285
3.43681

0.349769
-0.451341
0.820946
0.805032
0.00347994

-0.349769
0.451341
-0.820946
-1.77507
0.704062

-0.455575
-0.399702
0.795418
-0.0585761
0.135773

0.455575
0.399702
-0.795418
-0.734371
0.364357

0.199863
-0.78985
0.57982
-1.19797
0.315036

-0.199863
0.78985
-0.57982
0.901513
0.000632908

0.579838
-0.18281
0.793958
0.738979
0.00320214

-0.579838
0.18281
-0.793958
0.0845698
0.0391644

0.502304
0.289142
0.814915
0.706176
0.00588621

-0.502304
-0.289142
-0.814915
-0.535078
0.160005

-0.701201
0.217023
0.67913
0.488648
0.0254516

0.701201
-0.217023
-0.67913
-0.967496
0.375211

-0.013416
0.849384
0.527605
0.994028
2.10262e-06

0.669836
-0.201131
0.714749
0.424775
0.0504882

-0.669836
0.201131
-0.714749
-2.69168
2.07927

-0.128278
-0.400295
0.907364
0.646502
0.00940196

0.128278
0.400295
-0.907364
-0.590576
0.187544

0.325802
-0.0513911
0.94404
-0.553659
0.0931479

-0.325802
0.0513911
-0.94404
0.973827
2.68254e-05

0.93426
0.0444475
-0.353811
0.952774
0.0001713

0.0594857
0.648373
-0.758996
-0.690308
0.303419

-0.0594857
-0.648373
0.758996
0.189858
0.0698489

-0.00769559
0.733856
0.679261
0.645355
0.0268619

0.00769559
-0.733856
-0.679261
-6.00533
10.477

-0.255212
0.345262
0.90314
0.87575
0.00264759

0.255212
-0.345262
-0.90314
-5.80392
7.91886

0.428105
-0.693701
-0.579228
0.94746
0.000142052

0.38562
0.784476
0.485691
0.572544
0.0194035

-0.38562
-0.784476
-0.485691
-1.48085
0.651853

-0.49057
-0.871402
0
0.942496
0.0322855

0.49057
0.871402
0
0.900458
0.0547075

0.905613
0.424105
0
0.243354
0.0436217

-0.905613
-0.424105
0
0.298366
0.038244

-0.407242
0.579107
-0.70625
-0.670547
0.278182

0.407242
-0.579107
0.70625
0.291665
0.0501384

0.559794
0.564187
-0.606897
-0.882572
0.392892

-0.559794
-0.564187
0.606897
0.226425
0.0664426

0.0264949
0.250118
-0.967853
-4.591
5.65181

-0.0264949
-0.250118
0.967853
0.634121
0.0243999

-0.360739
0.212934
0.908034
0.678192
0.0170844

0.360739
-0.212934
-0.908034
-4.14892
4.36925

0.117623
-0.0993021
0.988081
0.976591
0.000264569

-0.849972
0.372291
-0.372757
0.830802
0.00320097

0.849972
-0.372291
0.372757
-2.74693
1.56304

0.496355
0.732092
0.466554
0.529666
0.0097245

-0.496355
-0.732092
-0.466554
0.478855
0.0119316

0.247969
-0.382796
0.889932
0.545037
0.0200103

-0.247969
0.382796
-0.889932
-1.0907
0.422394

-0.00959925
-0.350265
0.936601
0.900982
0.00315399

0.00959925
0.350265
-0.936601
-13.2585
64.3057

0.401233
-0.282435
-0.871345
0.155823
0.0263331

-0.401233
0.282435
0.871345
0.844252
0.00091112

0.717195
0.112322
0.687761
-1.05957
0.424312

-0.717195
-0.112322
-0.687761
0.485108
0.0265265

-0.203677
-0.894927
-0.397016
0.455206
0.0748868

0.203677
0.894927
0.397016
-6.61713
14.6225

0.625109
-0.523589
-0.578872
0.969698
7.98562e-05

-0.0518776
0.485953
0.872444
0.820886
0.010643

0.0518776
-0.485953
-0.872444
-12.8705
63.8055
