
0.737439
-0.136349
0.661508
0.764372
0.0112271

-0.737439
0.136349
-0.661508
-6.27248
10.6803

0.22165
-0.420089
-0.879998
-4.96326
5.85093

-0.22165
0.420089
0.879998
0.812291
0.00588357

0.458162
-0.325517
0.827119
0.862082
0.00134474

-0.820916
-0.281009
-0.497122
0.83387
0.000769134

0.820916
0.281009
0.497122
0.500085
0.00681261

0.533332
-0.715327
-0.451513
-1.11171
0.43295

-0.533332
0.715327
0.451513
0.547387
0.0198944

0.486802
0.223463
-0.844446
0.838592
0.00565812

-0.486802
-0.223463
0.844446
-7.48401
15.4413

-0.0773106
0.0920283
-0.992751
-3.57482
2.80626

0.0773106
-0.0920283
0.992751
0.806085
0.00507004

0.866308
0.268215
0.421391
-1.30943
0.507988

-0.866308
-0.268215
-0.421391
0.642505
0.012173

-0.131157
-0.500097
0.85598
0.786983
0.0113078

0.131157
0.500097
-0.85598
-8.60315
22.9762

0.122317
0.275407
-0.953514
-0.638294
0.191793

-0.122317
-0.275407
0.953514
0.699089
0.00648551

-0.681297
0.678208
0.275442
-0.0113946
0.0832118

0.681297
-0.678208
-0.275442
0.164136
0.0568366

0.710256
-0.468624
0.525289
0.498482
0.0112028

-0.710256
0.468624
-0.525289
0.498482
0.0112028

0.445863
-0.895101
0
0.95943
0.000853027

0.0294617
-0.735128
0.677288
-0.685098
0.354543

-0.0294617
0.735128
-0.677288
-0.170212
0.171081

0.665806
0.66339
-0.341492
0.348026
0.0437931

-0.665806
-0.66339
0.341492
-0.867193
0.358941

-0.039538
-0.334953
0.941405
0.526752
0.0263283

0.039538
0.334953
-0.941405
-1.72588
0.866451

0.416653
0.47213
0.776849
0.764701
0.00368863

-0.416653
-0.47213
-0.776849
-0.648732
0.180186

0.66856
-0.137709
-0.730796
-5.49744
7.75801

-0.66856
0.137709
0.730796
0.768692
0.00985035

0.623276
-0.02257
-0.781676
-0.724725
0.30901

-0.623276
0.02257
0.781676
0.25204
0.0582738

0.273893
0.468901
-0.839711
-0.709033
0.161463

-0.273893
-0.468901
0.839711
0.888592
0.000697375

0.871377
-0.270375
-0.409388
0.970979
2.85428e-05

-0.871377
0.270375
0.409388
-0.265592
0.0528993

-0.258796
0.586662
-0.767367
-0.934426
0.525257

0.258796
-0.586662
0.767367
-0.284315
0.231688

-0.327206
-0.564727
-0.757641
0.969352
0.000245005

0.0817088
0.113322
0.990193
0.98095
7.67333e-05

-0.0817088
-0.113322
-0.990193
-9.58437
23.6448

-0.0122457
0.40777
-0.913003
0.160503
0.0524947

0.0122457
-0.40777
0.913003
0.160503
0.0524947

0.201133
-0.800074
-0.565178
-2.72379
1.80252

-0.201133
0.800074
0.565178
0.673086
0.013907

-0.229502
-0.931892
0.280902
-0.238906
0.0700489

0.229502
0.931892
-0.280902
0.86802
0.000795311

-0.273697
0
-0.961816
0.906084
0.000723915

0.273697
0
0.961816
-1.71327
0.561346

-0.010381
-0.397183
0.917681
0.922528
0.000122203

0.010381
0.397183
-0.917681
0.565583
0.00358436

-0.175734
-0.626795
-0.759108
-0.458598
0.163512

0.175734
0.626795
0.759108
0.54686
0.0158088

0.917885
0.396848
0
-6.24067
14.1449

-0.917885
-0.396848
0
0.195485
0.174963

-0.855487
-0.466208
-0.225371
0.50368
0.0126056

0.855487
0.466208
0.225371
0.330665
0.0229187

-0.0167774
0.605366
-0.795771
0.892823
0.000489049

0.0167774
-0.605366
0.795771
-0.215293
0.062744

0.735676
0.0549448
0.675101
0.695969
0.00252475

0.754759
-0.0793112
-0.65119
0.725939
0.0025788

-0.0216732
0.118872
0.992673
0.30312
0.0159378

0.495474
-0.237478
0.835529
0.867765
0.00199912

-0.495474
0.237478
-0.835529
-3.09157
1.90084

0.454515
0.217052
-0.863889
-17.343
126.447

-0.454515
-0.217052
0.863889
0.949188
0.000993439

0.414101
0.237376
0.878734
-2.52233
2.89045

-0.414101
-0.237376
-0.878734
-0.933483
0.877621

-0.532634
-0.506608
0.677975
0.717623
0.00311797

0.532634
0.506608
-0.677975
0.376048
0.0150111

-0.414002
0.144177
0.898785
0.878513
0.000868159

-0.895277
0.445509
0
-0.00303149
0.168011

0.895277
-0.445509
0
-2.07182
1.54998

-0.457958
-0.338062
0.822186
0.648057
0.0137264

0.457958
0.338062
-0.822186
-1.85864
0.897156

0.38521
0.380269
0.840838
0.824029
0.00177028

-0.38521
-0.380269
-0.840838
-0.429327
0.112386

-0.186088
-0.843068
0.504586
0.460069
0.0314466

0.186088
0.843068
-0.504586
-1.25466
0.548071

0.260193
-0.878036
-0.401686
0.257949
0.0376134

-0.260193
0.878036
0.401686
0.19614
0.0441337

-0.29645
0.423684
-0.855926
0.628773
0.00313707

0.29645
-0.423684
0.855926
0.848804
0.000560598

0.920975
0.295999
0.253356
0.534035
0.0380961

-0.920975
-0.295999
-0.253356
-3.92176
4.24842

-0.636692
-0.373041
0.67488
-1.37484
0.630031

0.636692
0.373041
-0.67488
0.456797
0.0329916

0.4888
-0.78107
0.388592
-0.980355
0.377215

-0.4888
0.78107
-0.388592
0.504911
0.0235845

0.172631
-0.251255
0.952402
0.959805
0.00117847

0.849675
0.527307
0
-0.0669003
0.0656458

-0.849675
-0.527307
0
0.688627
0.00699836

-0.67235
-0.0452791
0.738847
0.710743
0.00216262

-0.690615
-0.673258
0.264148
0.874472
0.000757113

0.690615
0.673258
-0.264148
-0.344496
0.0862984

0.238281
0.166557
0.956808
0.577017
0.0163049

-0.238281
-0.166557
-0.956808
-0.951884
0.343244

0.529503
0.142233
-0.836299
-9.6007
35.511

-0.529503
-0.142233
0.836299
0.513233
0.0750738

0.359633
0.569855
0.73887
0.975121
2.74215e-05

-0.359633
-0.569855
-0.73887
-0.770477
0.134258

0.151128
-0.386735
-0.909723
-0.296718
0.156673

-0.151128
0.386735
0.909723
0.159948
0.0659029

-0.56642
-0.586258
0.579198
0.543089
0.0181451

0.56642
0.586258
-0.579198
-0.765167
0.270552

0.852277
-0.484788
0.196479
0.903702
0.000556158

-0.852277
0.484788
-0.196479
-0.977204
0.233547

0.197153
-0.35861
0.912431
0.936659
0.00200543

-0.201081
-0.838093
0.507116
0.561171
0.0240517

0.201081
0.838093
-0.507116
-2.12055
1.2159

0.72787
0.340019
0.595477
0.449903
0.0458328

-0.72787
-0.340019
-0.595477
-2.71866
2.0898

-0.845938
-0.408756
-0.342503
-0.201993
0.108895

0.845938
0.408756
0.342503
0.426219
0.0248193

0.710349
0.311271
-0.631281
-0.215219
0.235175

-0.710349
-0.311271
0.631281
-1.53545
1.02371

-0.151876
-0.149616
-0.97701
-10.8946
37.2174

0.151876
0.149616
0.97701
0.919646
0.00174514

0.949447
0.313928
0
0.58304
0.0281828

-0.949447
-0.313928
0
-3.56188
3.34733

-0.513009
-0.0430794
-0.857301
-0.96452
0.232737

0.513009
0.0430794
0.857301
0.897364
0.000679052

-0.537114
0.502276
0.677663
-2.48676
0.998795

-0.00780726
-0.511078
0.859499
0.932251
0.00230197

0.0313853
-0.394844
0.918212
0.918526
0.00121036

0.0747245
-0.454262
-0.887729
0.752409
0.00188728

-0.83113
-0.190348
-0.522485
-0.135793
0.129408

0.83113
0.190348
0.522485
-0.135793
0.129408

-0.211241
-0.0355855
0.976786
0.768414
0.00596662

0.211241
0.0355855
-0.976786
-2.40302
1.28808

0.504507
0.533452
-0.678897
-0.388447
0.105824

-0.504507
-0.533452
0.678897
0.823307
0.00241978

-0.808386
0.529321
0.257549
0.960351
6.76703e-05

-0.30574
-0.578403
-0.756289
-1.49939
1.6367

0.30574
0.578403
0.756289
-2.48487
3.18096

0.848696
0.0440084
-0.527046
0.163757
0.0406799

-0.848696
-0.0440084
0.527046
0.496282
0.0147942

0.243187
0.854258
0.459461
0.837874
0.00138544

-0.243187
-0.854258
-0.459461
-0.367959
0.097319

-0.0272665
-0.30315
-0.952553
-14.9505
120.107

0.0272665
0.30315
0.952553
0.293052
0.23598

0.926567
-0.0245369
-0.37533
-3.50046
2.78207

-0.926567
0.0245369
0.37533
0.770527
0.00725173

0.934051
0.357141
0
0.524551
0.0617135

-0.934051
-0.357141
0
-5.78539
9.78359

0.138178
-0.781579
0.60831
0.662927
0.0111249

-0.138178
0.781579
-0.60831
-1.44936
0.583951

-0.450229
0.525824
0.721666
0.893538
0.00175587

0.0147676
-0.968624
0.248091
-0.787812
0.407739

-0.0147676
0.968624
-0.248091
-0.144208
0.167028

0.543817
0.786552
0.292574
0.94161
0.000166991

-0.543817
-0.786552
-0.292574
-0.715931
0.141664

-0.650514
-0.459226
0.604932
0.5668
0.0512082

-0.375507
0.577374
0.725006
-1.41612
0.578277

0.375507
-0.577374
-0.725006
0.632828
0.013361

-0.156887
-0.72479
-0.670869
-5.99099
13.8021

0.156887
0.72479
0.670869
-0.0145624
0.290925

-0.0718411
0.50893
0.857805
-0.0870328
0.16908

-0.374436
-0.114921
-0.920104
-11.3433
37.5121

0.374436
0.114921
0.920104
0.977329
0.000138285

0.335568
-0.913496
-0.230041
0.71291
0.00467165

-0.335568
0.913496
0.230041
-0.174609
0.0780851

-0.530268
0.559877
-0.636674
0.729723
0.00511567

0.530268
-0.559877
0.636674
-0.668821
0.194495

0.608975
0.360087
0.706744
0.644348
0.0099353

-0.608975
-0.360087
-0.706744
-0.711269
0.228025

0.494458
-0.273232
-0.82514
-1.4624
0.398463

-0.494458
0.273232
0.82514
0.935635
0.000275156

0.0563262
0.346823
0.936238
0.98518
1.88108e-05

-0.737956
-0.395317
0.546943
0.410484
0.0154548

0.737956
0.395317
-0.546943
0.578832
0.00791032

-0.179406
-0.0369146
-0.983082
0.501375
0.0154636

0.179406
0.0369146
0.983082
0.0463153
0.0565631

-0.737861
0.562454
0.373104
0.356761
0.0243701

0.737861
-0.562454
-0.373104
0.310831
0.0279704

0.721397
0.35207
0.59635
-4.77555
5.76014

-0.721397
-0.35207
-0.59635
0.731318
0.0125217

0.574062
-0.211148
0.791119
0.746982
0.0268399

-0.574062
0.211148
-0.791119
-16.221
124.323

0.670884
0.319469
0.669219
0.543734
0.0391076

-0.670884
-0.319469
-0.669219
-4.44506
5.56559

0.57842
0.808988
0.104733
0.192223
0.0392829

-0.57842
-0.808988
-0.104733
0.431783
0.019439

-0.53545
0.537105
0.651775
0.847565
0.00284336

-0.694936
-0.241441
-0.677326
-0.86644
0.181484

0.694936
0.241441
0.677326
0.937978
0.00021725

-0.0746963
-0.810945
0.580335
-0.620958
0.234057

0.0746963
0.810945
-0.580335
0.439116
0.0280993

-0.208501
-0.942208
0.262243
0.315869
0.0193394

0.296739
0.269795
-0.916055
-0.0819368
0.138906

-0.296739
-0.269795
0.916055
-0.638916
0.318627

0.530019
0.641267
-0.554849
-6.72338
14.7436

-0.530019
-0.641267
0.554849
0.51729
0.0576773

-0.451603
-0.799388
-0.396274
-1.6051
0.750834

0.451603
0.799388
0.396274
0.558303
0.0216199

-0.919412
0.134416
0.369613
0.423367
0.0278063

0.919412
-0.134416
-0.369613
-0.431785
0.171415

0.939291
-0.059435
-0.337935
0.387034
0.044773

-0.939291
0.059435
0.337935
-1.45186
0.715853

-0.551515
0.834165
0
0.805173
0.00663267

-0.530135
0.798154
-0.286192
-16.9042
125.832

0.530135
-0.798154
0.286192
0.889862
0.0047671

-0.94831
0.317345
0
0.826459
0.00328934

0.94831
-0.317345
0
-0.283382
0.0886769

0.135325
-0.167619
0.97652
0.952361
0.00088184

-0.482431
0.733218
0.47922
0.418468
0.0125251

0.482431
-0.733218
-0.47922
0.712845
0.00305911

-0.0281688
0.476219
-0.878875
0.685747
0.00516125

0.0281688
-0.476219
0.878875
0.0586336
0.0454254

0.567657
0.748114
-0.343644
0.46672
0.00993015

0.275066
0.39656
0.875831
0.804966
0.00455837

-0.63516
0.613122
0.469737
0.519157
0.0367737

0.63516
-0.613122
-0.469737
-3.11077
2.61966

0.254684
0.222451
0.941091
-0.895206
0.227919

-0.254684
-0.222451
-0.941091
0.85823
0.00134653

-0.105079
-0.143404
-0.98407
-0.46913
0.732609

0.105079
0.143404
0.98407
-6.6754
19.9958

0.579233
0.316542
-0.751193
0.985779
1.6959e-05

-0.579233
-0.316542
0.751193
-1.77199
0.458577

0.263256
0.610176
0.747249
-1.97726
0.731063

0.0451726
-0.148914
-0.987818
-36.8123
1016.2

-0.0451726
0.148914
0.987818
0.982883
0.000208413

-0.636637
0.562159
0.527892
0.415879
0.0167033

0.636637
-0.562159
-0.527892
0.478979
0.0132991

-0.457849
-0.0391794
-0.888166
-0.156644
0.0736345

0.457849
0.0391794
0.888166
0.729195
0.00413662

0.110057
0.714335
-0.691096
0.139174
0.035846

-0.110057
-0.714335
0.691096
0.687877
0.00477082

-0.388601
0.654505
0.648547
0.543445
0.0653387

0.388601
-0.654505
-0.648547
-9.6656
35.6425

0.702713
-0.370231
0.607555
0.59274
0.0250308

-0.702713
0.370231
-0.607555
-3.20765
2.67084

-0.938182
0.293725
0.183142
-0.308336
0.191437

0.938182
-0.293725
-0.183142
-0.22528
0.167905

-0.691244
-0.634449
0.345914
-3.60944
3.37269

0.691244
0.634449
-0.345914
0.61531
0.0235169

0.00248356
0.869303
0.494273
0.877825
0.00282031

0.70494
0.492234
0.510652
-0.350368
0.066542

-0.70494
-0.492234
-0.510652
0.962233
5.35147e-05

-0.346545
0.311259
-0.884887
-6.31381
14.2412

0.346545
-0.311259
0.884887
0.251067
0.149651

0.403137
-0.854803
0.326791
-0.334036
0.280069

-0.403137
0.854803
-0.326791
-1.30963
0.839378

0.235745
0.0664143
0.969543
0.981193
1.60882e-05

-0.235745
-0.0664143
-0.969543
0.46227
0.00460925

0.594427
-0.150284
0.789981
0.0319293
0.0932158

-0.594427
0.150284
-0.789981
-0.294223
0.16644

-0.065276
0.615469
0.785453
0.717713
0.0106688

0.065276
-0.615469
-0.785453
-3.07622
2.22329

0.85532
0.0633136
-0.514217
-0.332932
0.113808

-0.884912
-0.318597
-0.339746
-0.202224
0.0977934

0.884912
0.318597
0.339746
0.558411
0.0132137

0.944477
0.153332
0.290608
0.980055
9.8576e-06

0.385588
0.264084
-0.884071
-0.661485
0.322893

-0.385588
-0.264084
0.884071
-0.0313704
0.124609

-0.0414265
0.635378
0.77109
-0.916201
0.170659

0.0414265
-0.635378
-0.77109
0.97259
4.47594e-05

0.163569
-0.967373
-0.193479
0.460811
0.0167863

-0.163569
0.967373
0.193479
0.218768
0.0352318

-0.711831
-0.254509
-0.654615
-2.75444
1.81203

0.711831
0.254509
0.654615
0.693518
0.0120831

-0.410576
0.911827
0
0.923535
9.63586e-05

-0.567769
-0.41865
0.708781
0.726311
0.00449879

0.567769
0.41865
-0.708781
-0.289647
0.0984173

-0.128355
-0.0186844
-0.991552
-12.9324
63.9003

0.128355
0.0186844
0.991552
0.835393
0.00892584

-0.374418
-0.759727
0.531626
0.431235
0.0111136

0.374418
0.759727
-0.531626
0.75524
0.00208225

0.289744
0.518385
-0.804565
-6.22655
10.648

-0.289744
-0.518385
0.804565
0.745941
0.0131714

0.635029
-0.137511
-0.76015
-8.14965
22.4457

-0.635029
0.137511
0.76015
0.612168
0.0404599

0.318325
-0.00258717
0.947978
0.594481
0.0120335

-0.318325
0.00258717
-0.947978
-0.441985
0.152101

0.211984
0.717296
-0.663738
-1.43448
0.435486

-0.211984
-0.717296
0.663738
0.881968
0.00102967

-0.517867
0.336021
0.786704
0.809714
0.00416603

0.00741872
0.937122
-0.348924
0.492646
0.0122275

-0.00741872
-0.937122
0.348924
0.433006
0.0152662

0.89093
-0.454141
0
0.782162
0.00902074

-0.89093
0.454141
0
-1.73829
0.67436

-0.599185
-0.598119
0.532194
-1.83189
0.891507

0.599185
0.598119
-0.532194
0.625532
0.0156448

-0.537816
0.377707
0.753718
0.952009
0.00115396

0.537816
-0.377707
-0.753718
-23.6568
300.211

-0.71774
0.605996
-0.342957
0.540118
0.011982

0.71774
-0.605996
0.342957
0.14265
0.0415905

-0.14186
-0.67398
0.725002
0.804965
0.0025462

0.14186
0.67398
-0.725002
-0.755314
0.201721

0.387932
0.0154361
0.921559
0.917485
0.000884243

-0.509033
-0.457831
0.728887
-1.20158
0.591268

0.509033
0.457831
-0.728887
0.221647
0.0739223

-0.703948
0.100991
0.703035
0.460324
0.022453

0.703948
-0.100991
-0.703035
-0.305886
0.131445

0.542637
0.127544
-0.830228
-5.49744
7.75852

-0.542637
-0.127544
0.830228
0.768692
0.00984322

0.619937
0.416635
0.664901
0.765958
0.00933901

-0.619937
-0.416635
-0.664901
-4.85105
5.79886

-0.904092
-0.161421
-0.395679
-0.310216
0.168255

0.904092
0.161421
0.395679
0.0708745
0.0846145

0.742477
0.653006
-0.14937
0.460069
0.0314366

-0.742477
-0.653006
0.14937
-1.25466
0.548078

-0.686357
-0.241322
0.68606
0.31685
0.0642762

0.0895705
0.366813
-0.925973
-2.78596
1.57136

-0.0895705
-0.366813
0.925973
0.848561
0.00253328

0.145694
0.444208
-0.883998
0.511488
0.0166241

-0.145694
-0.444208
0.883998
-0.173651
0.0957577

0.0219583
-0.655558
0.754826
0.484915
0.00971885

-0.0219583
0.655558
-0.754826
0.682555
0.00373394

-0.84204
-0.539414
0
0.540276
0.0202721

0.84204
0.539414
0
-0.838897
0.302601

-0.13543
-0.0165933
0.990648
0.991396
1.39498e-05

-0.175394
0.598826
0.781438
0.778737
0.00569105

-0.0667653
0.986022
-0.152656
0.183709
0.0451307

0.0667653
-0.986022
0.152656
0.280893
0.0350264

-0.702226
0.113182
-0.7029
0.553777
0.00678951

0.702226
-0.113182
0.7029
0.66912
0.00373387

-0.106876
-0.616888
0.779761
0.97782
4.35226e-05

0.106876
0.616888
-0.779761
-2.24245
0.754826

0.565489
-0.0694444
0.821827
-0.00303149
0.16618

-0.565489
0.0694444
-0.821827
-2.07182
1.556

-0.770479
0.185886
-0.609761
-10.156
36.408

0.770479
-0.185886
0.609761
0.735953
0.0204547

-0.0294495
-0.356614
0.933788
0.962689
0.000100773

-0.879883
-0.3454
-0.326349
0.640602
0.0071455

0.879883
0.3454
0.326349
0.0179087
0.0532452

-0.368413
0.898568
0.238426
0.858546
0.00275394

-0.196919
0.324757
-0.925071
-9.27621
23.5008

0.196919
-0.324757
0.925071
0.944207
0.000700028

0.978354
0.187872
0.0867573
-0.169149
0.0705219

-0.978354
-0.187872
-0.0867573
0.777666
0.0025518

-0.652931
0.139853
-0.744394
0.234864
0.0519147

0.652931
-0.139853
0.744394
-0.281408
0.145535

-0.544629
0.574763
0.61076
0.897622
0.00178165

0.0129375
0.893424
0.449029
0.507881
0.0190141

-0.0129375
-0.893424
-0.449029
-0.432088
0.160933

-0.903107
0.106169
-0.416085
-0.802121
0.377621

0.903107
-0.106169
0.416085
0.0805521
0.0983453

0.920852
0.0859975
-0.380309
0.186332
0.0395973

-0.920852
-0.0859975
0.380309
0.445665
0.0183944

0.322968
0.889806
-0.322392
0.992804
3.3348e-06

-0.179325
0.332644
0.925846
0.675394
0.00500001

0.179325
-0.332644
-0.925846
0.183275
0.0316461

-0.201156
-0.166468
-0.965311
0.752506
0.00584236

0.201156
0.166468
0.965311
-1.56175
0.601741

0.698054
-0.658292
0.281729
0.904774
0.000855299

-0.698054
0.658292
-0.281729
-2.48857
1.14184

0.767215
0.572965
-0.288257
0.0345757
0.139503

-0.767215
-0.572965
0.288257
-1.68173
1.07635

0.0505611
-0.510445
-0.858423
-0.403789
0.158139

-0.0505611
0.510445
0.858423
0.463545
0.0230956

-0.254211
-0.629026
0.734645
0.0467975
0.0784929

0.254211
0.629026
-0.734645
-0.00270915
0.0868538

0.240092
0.0343391
0.970143
0.932936
0.00225487

-0.638941
-0.410333
-0.650678
-1.55056
0.918149

0.638941
0.410333
0.650678
0.100834
0.114261

0.880855
0.297459
-0.368256
0.214358
0.0368263

-0.880855
-0.297459
0.368256
0.425891
0.019678

0.521766
0.853088
0
-0.934426
0.525463

-0.521766
-0.853088
0
-0.284315
0.233178

-0.130002
0.0124549
0.991436
0.785967
0.00351578

0.955233
0.0331788
0.293989
-1.82743
1.22261

-0.955233
-0.0331788
-0.293989
0.0577548
0.136318

-0.881121
-0.0329626
-0.47174
-0.176023
0.0613929

0.881121
0.0329626
0.47174
0.863829
0.000827206

0.936046
0.11676
0.33194
0.0226581
0.0804724

-0.0537497
-0.998554
0
0.962121
0.00349044

0.0537497
0.998554
0
-0.35583
0.107721

0.809856
-0.194655
0.553392
0.625663
0.00444374

0.17557
-0.606683
-0.775314
-2.87342
2.5161

-0.17557
0.606683
0.775314
0.302854
0.0817156

0.393911
-0.567019
0.723411
-0.064806
0.121246

-0.393911
0.567019
-0.723411
-0.367683
0.2

0.0942441
0.543733
-0.83395
-4.68964
5.71488

-0.0942441
-0.543733
0.83395
0.688345
0.0171547

-0.52935
-0.146957
0.835579
0.742554
0.0124517

0.445055
-0.491179
0.748778
-9.56814
23.624

-0.445055
0.491179
-0.748778
0.979517
9.57675e-05

-0.679711
0.662384
-0.315024
-0.237078
0.149527

0.679711
-0.662384
0.315024
0.0159392
0.0946293

0.222672
-0.313148
0.923231
0.843356
0.000471843

0.216211
0.0827639
0.972832
0.983581
0.000200881

-0.216211
-0.0827639
-0.972832
-36.8287
1015.85

-0.351423
-0.249397
0.902387
-1.85171
2.22081

0.351423
0.249397
-0.902387
-2.3468
3.05858

0.104136
0.0394034
0.993782
0.662868
0.0203186

-0.104136
-0.0394034
-0.993782
-4.64208
5.68743

0.436903
0.629551
0.642481
0.853898
0.00121502

-0.436903
-0.629551
-0.642481
-0.555712
0.133968

-0.113289
0.561297
0.819824
0.819968
0.00493783

-0.282406
-0.854952
0.43509
-0.912536
0.366419

0.282406
0.854952
-0.43509
0.414726
0.0343616

0.547137
0.643801
-0.534941
0.958722
0.000201847

-0.547137
-0.643801
0.534941
-4.05969
2.92489

0.0459023
0.422399
-0.905247
-0.425858
0.277884

-0.0459023
-0.422399
0.905247
-0.673392
0.382596

0.397558
-0.0230474
0.917288
0.899697
0.00234705

-0.0110401
0.846636
0.532057
-0.0539343
0.11334

0.0110401
-0.846636
-0.532057
-0.260812
0.16216

-0.574961
-0.154757
-0.803411
0.264441
0.0546567

0.574961
0.154757
0.803411
-0.655007
0.275882

0.28396
-0.218167
0.933686
0.968357
0.000298556

-0.28396
0.218167
-0.933686
-13.7633
64.8424

0.950733
0.310011
0
-0.410356
0.298062

-0.950733
-0.310011
0
-0.9988
0.595972

0.0436432
0.650573
-0.758189
-1.96923
0.819147

-0.0436432
-0.650573
0.758189
0.83091
0.00271266

0.778489
0.23411
0.582363
0.638356
0.0173724

-0.778489
-0.23411
-0.582363
-2.67439
1.78636

-0.785803
-0.566399
-0.248407
-2.53988
2.01347

0.785803
0.566399
0.248407
0.268619
0.0859738

-0.450577
0.834862
0.316205
0.50087
0.0180972

0.0203594
0.981444
-0.190665
-0.858258
0.676884

-0.0203594
-0.981444
0.190665
-1.62044
1.346

-0.783382
0.62154
0
-1.30323
0.138492

0.783382
-0.62154
0
0.806668
0.14449

-0.0271337
0.994126
0.104775
-0.620462
0.586277

0.0271337
-0.994126
-0.104775
-2.68752
3.03589

-0.217035
-0.619844
-0.754115
0.857095
0.00216101

0.969595
0.178624
0.167271
0.888453
0.00124977

-0.969595
-0.178624
-0.167271
-2.65247
1.33797

0.510618
-0.0431508
0.858724
-1.10637
0.568479

-0.273448
-0.667864
0.692231
0.719803
0.0048508

0.412832
-0.262919
0.872034
0.853014
0.00211464

0.637575
0.770388
0
0.81923
0.00203389

-0.637575
-0.770388
0
0.733701
0.00334414

-0.817193
0.165364
-0.552132
0.179159
0.0511703

0.817193
-0.165364
0.552132
0.102839
0.0611126

0.745786
0.322277
-0.583044
-2.27453
1.25676

-0.745786
-0.322277
0.583044
0.684617
0.0117175

-0.100759
0.0349743
0.994296
0.502518
0.111587

0.100759
-0.0349743
-0.994296
-15.4479
121.966

0.527051
0.367516
-0.766257
-0.541523
0.125317

-0.527051
-0.367516
0.766257
0.875078
0.000864261

-0.378831
-0.832574
-0.404114
0.404306
0.0169616

0.378831
0.832574
0.404114
0.510313
0.0114629

-0.729956
-0.294138
0.616966
0.884593
0.00181336

0.729956
0.294138
-0.616966
-4.16872
3.58459

-0.942386
-0.276857
-0.187773
0.554981
0.0106698

0.942386
0.276857
0.187773
0.194475
0.0349338

0.352064
-0.369382
-0.860004
-2.06483
1.1992

-0.352064
0.369382
0.860004
0.509625
0.0308863

-0.135967
0.64349
-0.753282
-4.61452
4.56418

0.135967
-0.64349
0.753282
0.879761
0.00210352

0.732132
0.491994
0.471089
0.908444
0.000370799

-0.732132
-0.491994
-0.471089
-0.298478
0.0722561

0.208247
-0.368728
0.90591
0.742554
0.0124685

-0.208247
0.368728
-0.90591
-5.43615
7.71514

0.77911
-0.0665414
-0.623345
-0.330207
0.126136

-0.77911
0.0665414
0.623345
0.568982
0.0133124

-0.620129
-0.343727
-0.705189
-0.780301
0.373371

0.620129
0.343727
0.705189
0.0374625
0.109147

0.212219
-0.200262
0.956482
0.247722
0.19158

-0.212219
0.200262
-0.956482
-9.11393
34.558

-0.979644
-0.0886603
0.1801
0.897564
0.000475007

-0.290339
0.701187
0.651184
-1.87756
0.71861

0.290339
-0.701187
-0.651184
0.860726
0.0017178

0.055598
0.546054
0.835903
0.876946
0.00192962

0.33697
0.396308
0.854044
0.479052
0.0195629

-0.33697
-0.396308
-0.854044
-0.192251
0.10239

-0.113843
0.800368
0.588601
0.976541
3.14922e-05

0.113843
-0.800368
-0.588601
-1.05217
0.203333

-0.879197
0.264369
0.396385
-0.513152
0.318834

0.879197
-0.264369
-0.396385
-0.641869
0.375372

0.31818
-0.715238
-0.62225
0.0856974
0.0568406

-0.31818
0.715238
0.62225
0.36044
0.027824

0.833865
0.524676
-0.171417
-0.329021
0.141684

-0.833865
-0.524676
0.171417
0.420416
0.0269516

-0.522308
0.401102
-0.752537
0.964952
8.14505e-05

-0.294884
-0.384513
0.874753
0.854683
0.000283437

0.148036
-0.348776
0.925441
0.598785
0.0168668

-0.148036
0.348776
-0.925441
-1.50759
0.657134

0.0128802
-0.354386
-0.935011
0.0931929
0.0233227

-0.065545
-0.429879
-0.900504
-1.45186
0.715617

0.065545
0.429879
0.900504
0.387034
0.0449544

-0.544545
-0.514956
-0.662035
0.705359
0.0023484

0.544545
0.514956
0.662035
0.6862
0.00266237

-0.709445
-0.374248
-0.597182
0.923634
0.000434608

-0.490476
0.802844
-0.338932
-1.77771
0.985965

0.490476
-0.802844
0.338932
0.403479
0.0455045

-0.71088
0.514873
0.479119
-1.55764
0.404511

0.71088
-0.514873
-0.479119
0.964133
8.45229e-05

0.349534
-0.512403
0.784391
0.982011
0.00016164

-0.349534
0.512403
-0.784391
-24.073
300.847

0.235552
0.970009
0.0599796
0.287237
0.039343

-0.235552
-0.970009
-0.0599796
-0.0611581
0.0871856

0.797045
0.198864
-0.570239
-1.73592
0.777904

-0.797045
-0.198864
0.570239
0.675748
0.0109836

-0.0829543
0.516051
-0.852531
0.381461
0.0186912

0.0829543
-0.516051
0.852531
0.50797
0.0118282

-0.83069
0.434452
-0.348145
-0.696806
0.243258

0.83069
-0.434452
0.348145
0.54604
0.0174177

0.391057
-0.337103
-0.856409
0.660653
0.00704062

0.243396
-0.238251
0.94021
0.99271
4.04769e-06

0.681903
-0.731442
0
0.680968
0.0101779

-0.681903
0.731442
0
-1.47025
0.586818

-0.674101
0.467389
-0.571957
0.558692
0.00757347

0.674101
-0.467389
0.571957
0.568554
0.00724068

-0.506971
-0.84228
-0.183154
-1.25459
0.319112

0.506971
0.84228
0.183154
0.925933
0.00034587

0.0826312
0.0416955
0.995708
0.998656
1.33739e-06

0.767834
-0.505051
0.39415
0.967152
0.000401385

-0.866463
-0.191612
0.461007
0.888892
0.000766994

0.866463
0.191612
-0.461007
-0.94829
0.231642

0.707738
-0.321406
0.62913
0.68384
0.0261035

-0.707738
0.321406
-0.62913
-8.3171
22.6626

0.784653
0.619935
0
0.854349
0.00365961

-0.784653
-0.619935
0
-3.35269
2.26356

0.504473
-0.10338
-0.857216
-3.37658
2.31042

-0.504473
0.10338
0.857216
0.863705
0.00224306

0.236926
-0.852517
0.46592
0.74815
0.0184931

-0.236926
0.852517
-0.46592
-10.1933
36.4647

-0.192489
-0.266623
0.944383
0.729006
0.0093765

0.192489
0.266623
-0.944383
-2.8109
1.82708

-0.858282
-0.513179
0
0.474776
0.0172657

0.858282
0.513179
0
0.327979
0.0269326

-0.857824
-0.466335
0.216033
0.543131
0.024183

0.857824
0.466335
-0.216033
-1.74235
0.870914

-0.551752
-0.0511275
0.83244
0.830553
0.00279961

0.551752
0.0511275
-0.83244
-2.13305
0.951304

-0.494181
0.724458
0.480569
-0.605766
0.136631

0.252404
-0.215378
0.943347
0.806496
0.00338978

0.0441468
0.375486
0.925776
0.848562
0.00489327

-0.0441468
-0.375486
-0.925776
-7.51843
15.4777

-0.905716
-0.423885
0
-6.06885
7.90292

0.905716
0.423885
0
0.939396
0.000989495

-0.273342
0.143389
0.95117
0.235783
0.0902188

0.273342
-0.143389
-0.95117
-2.25093
1.63194

0.300154
0.694633
0.653752
0.359271
0.00790518

-0.300154
-0.694633
-0.653752
0.969667
1.81903e-05

-0.734764
0.501323
-0.456943
-0.0726869
0.239802

0.734764
-0.501323
0.456943
-3.29077
3.83668

0.351294
-0.936265
0
0.787245
0.00478012

-0.351294
0.936265
0
-1.27484
0.416262

-0.231436
-0.470631
0.851436
0.224896
0.103236

0.231436
0.470631
-0.851436
-2.80039
2.48016

0.14177
0.859328
0.491382
-0.456457
0.227719

-0.14177
-0.859328
-0.491382
0.000100851
0.107375

-0.852117
-0.523351
0
0.471903
0.039488

0.852117
0.523351
0
-1.67346
0.83985

-0.393049
0.692719
0.604692
0.667869
0.00305034

0.566922
0.132773
0.813001
0.590427
0.0453763

-0.566922
-0.132773
-0.813001
-8.10256
22.3931

0.350292
-0.254843
0.901305
0.839097
0.00309014

-0.829387
0.558674
0
0.825332
0.00264634

0.829387
-0.558674
0
-1.67451
0.618949

-0.249226
-0.0714455
-0.965806
-0.566282
0.305136

0.249226
0.0714455
0.965806
-0.258983
0.197289

0.876238
-0.208863
-0.434262
-0.575985
0.126936

-0.876238
0.208863
0.434262
0.896248
0.000561343

0.366026
0.906938
-0.208539
0.885987
0.000398773

-0.366026
-0.906938
0.208539
0.260569
0.0166651

-0.108399
0.905516
0.410232
0.57337
0.0148123

0.108399
-0.905516
-0.410232
-0.65191
0.221582

0.810097
0.52432
0.262358
0.816634
0.00170133

-0.810097
-0.52432
-0.262358
-0.239556
0.0774461

0.101387
0.524586
0.845299
0.740155
0.0100703

0.040944
0.536507
0.842902
0.97588
0.000110271

0.0756859
0.920852
0.382495
-3.44679
4.77032

-0.0756859
-0.920852
-0.382495
-0.49048
0.536017

0.293928
-0.210815
-0.932289
-17.2505
126.315

-0.293928
0.210815
0.932289
0.938667
0.00145912

0.19358
-0.357873
-0.913484
-7.16896
15.1975

-0.19358
0.357873
0.913484
0.729952
0.0166095

0.227804
-0.145145
0.962828
0.886329
0.00124564

-0.227804
0.145145
-0.962828
-2.25354
0.969443

0.975706
0.081473
-0.203374
0.96758
9.03794e-05

-0.630586
0.0185206
-0.775898
-0.970019
0.408795

0.630586
-0.0185206
0.775898
0.364016
0.0426109

-0.873806
-0.402564
-0.272772
-3.11244
2.62971

0.873806
0.402564
0.272772
0.520499
0.0357703

-0.515306
-0.119187
0.848678
0.644456
0.0129215

0.515306
0.119187
-0.848678
-1.55712
0.666644

-0.867885
0.0197432
0.496374
0.261264
0.0220957

0.867885
-0.0197432
-0.496374
0.747989
0.00259645

-0.182309
0.0983206
0.978313
0.950728
0.00180227

0.154689
0.850214
-0.503197
-0.321201
0.180933

-0.154689
-0.850214
0.503197
-0.0364697
0.111359

0.78604
-0.185528
0.589678
0.420747
0.0326768

-0.78604
0.185528
-0.589678
-0.830732
0.32556

0.103691
-0.464138
-0.879673
-0.685895
0.196078

-0.103691
0.464138
0.879673
0.745891
0.00455686

-0.896492
-0.443059
0
0.546404
0.0230667

0.896492
0.443059
0
-0.315063
0.135346

-0.941773
-0.220606
-0.253767
-1.55263
0.822922

0.941773
0.220606
0.253767
0.328693
0.0569342

-0.0100945
-0.288648
0.957382
0.874303
0.00297947

0.188867
0.366277
0.911137
0.788465
0.00901426

0.321407
-0.615561
0.719571
-0.0711653
0.103183

-0.606336
-0.684479
0.404777
0.995809
2.36066e-06

0.606336
0.684479
-0.404777
-4.78535
3.69742

-0.260354
0.693559
-0.671708
0.231045
0.0260615

0.260354
-0.693559
0.671708
0.704414
0.00385406

0.109377
0.152192
0.98228
0.795678
0.00839423

0.890351
0.455275
0
0.823744
0.00324557

0.189496
-0.0222094
0.98163
0.989271
2.40842e-05

-0.134334
0.823648
-0.550962
-0.142348
0.0763135

0.134334
-0.823648
0.550962
0.671091
0.00633725

0.342277
0.141205
-0.928928
-0.460037
0.248453

-0.342277
-0.141205
0.928928
-0.154495
0.157417

0.568001
0.823028
0
-8.27809
22.1493

-0.568001
-0.823028
0
0.667913
0.03281

-0.514234
-0.703187
0.49101
0.64536
0.00958914

0.514234
0.703187
-0.49101
-0.648863
0.2064

0.014527
-0.800555
-0.599083
0.774515
0.00463518

-0.014527
0.800555
0.599083
-1.59331
0.607124

-0.289
0.27959
0.915592
0.30929
0.0967265

0.289
-0.27959
-0.915592
-4.1375
5.35119

-0.577768
0.0714989
0.813064
0.718254
0.0182009

0.577768
-0.0714989
-0.813064
-7.13984
15.1687

0.102563
0.680527
0.725509
0.74997
0.000984313

-0.521616
-0.422966
0.740957
-0.251932
0.0553936

0.521616
0.422966
-0.740957
0.956511
8.0959e-05

-0.692548
0.19681
-0.694005
-12.9324
63.9024

0.692548
-0.19681
0.694005
0.835393
0.00892194

-0.548046
-0.540472
0.638385
0.966821
9.71598e-05

0.548046
0.540472
-0.638385
-2.51993
1.00118

0.174857
0.683242
-0.708946
0.937945
0.00026521

-0.062068
0.556272
0.828679
0.744597
0.00220047

-0.0390145
-0.77528
-0.630411
-0.600566
0.201531

0.0390145
0.77528
0.630411
0.587053
0.0134894

-0.29772
0.624947
-0.721668
-0.255161
0.0706973

0.29772
-0.624947
0.721668
0.879992
0.000654945

0.449162
0.383689
-0.806868
0.996148
8.74769e-07

-0.350317
0.903644
0.246383
0.787361
0.00118778

-0.151276
-0.0893462
0.984445
0.933266
0.00061006

0.151276
0.0893462
-0.984445
-4.8133
4.62471

0.526249
-0.271285
0.805895
0.504911
0.0237241

-0.526249
0.271285
-0.805895
-0.980355
0.377222

-0.171458
0.835695
0.521743
-0.200213
0.10306

0.171458
-0.835695
-0.521743
0.49291
0.0184457

0.677268
0.712211
0.184563
-4.28477
2.95483

-0.677268
-0.712211
-0.184563
0.989821
1.11738e-05

0.874737
0.0926222
0.475665
0.456797
0.0329674

-0.874737
-0.0926222
-0.475665
-1.37484
0.630058

0.128638
-0.241651
0.961799
0.630052
0.021754

-0.128638
0.241651
-0.961799
-3.63201
3.38011

0.127861
-0.19911
0.9716
0.949489
0.000964695

-0.21762
-0.664547
-0.714856
-3.05731
3.07688

0.21762
0.664547
0.714856
0.125403
0.14298

0.383917
-0.190136
-0.90358
-2.73016
1.5595

-0.383917
0.190136
0.90358
0.82281
0.00352227

-0.737532
0.648103
0.18976
0.0034554
0.05889

0.737532
-0.648103
-0.18976
0.580293
0.0104552

0.450657
0.445441
-0.773621
-0.0119947
0.0361841

-0.450657
-0.445441
0.773621
0.912805
0.000297832

0.366924
0.6614
0.654154
0.966982
0.000192508

-0.366924
-0.6614
-0.654154
-6.67267
9.5717

-0.547068
0.677022
0.492299
0.982889
7.39392e-05

0.0407891
0.531458
0.846102
0.692333
0.00680897

0.825535
0.213865
-0.522259
-1.0148
0.275972

-0.825535
-0.213865
0.522259
0.844538
0.00164905

-0.0555568
0.520692
-0.851935
0.157204
0.0325806

-0.293924
-0.536593
-0.790997
-2.65541
1.54087

0.293924
0.536593
0.790997
0.784404
0.00543788

0.914088
0.187983
-0.359311
0.119378
0.0843359

-0.914088
-0.187983
0.359311
-0.653738
0.297303

0.897833
-0.382787
-0.217647
-4.4518
6.9357

-0.897833
0.382787
0.217647
0.0535111
0.209069

-0.175607
-0.122709
-0.976783
-1.40701
0.975346

0.175607
0.122709
0.976783
-0.474246
0.365966

0.46222
0.88601
-0.0365975
0.93814
0.000235104

-0.46222
-0.88601
0.0365975
-1.2871
0.321252

0.421514
-0.534015
0.732908
0.855117
0.00293676

-0.937909
-0.174426
-0.299837
0.653323
0.0117828

0.827752
0.136724
-0.54418
0.321823
0.022532

-0.827752
-0.136724
0.54418
0.557581
0.00961704

-0.534633
0.424448
0.730761
-3.18575
3.15098

0.534633
-0.424448
-0.730761
0.263903
0.0976456

-0.745271
-0.0687894
0.663203
0.61605
0.00450842

-0.118693
0.150644
-0.981437
-2.51718
1.14571

-0.6654
0
-0.746487
-0.623533
0.156282

0.6654
0
0.746487
0.832263
0.0016739

0.127331
0.0435689
0.990903
0.821218
0.0090068

-0.127331
-0.0435689
-0.990903
-10.442
36.7832

-0.957191
-0.157895
-0.242598
0.784341
0.00327058

0.957191
0.157895
0.242598
-0.858344
0.242341

0.622117
-0.534294
-0.572276
0.945771
8.26368e-05

-0.997342
0.028665
0.0669954
0.951699
0.000291086

0.921049
-0.345583
-0.17956
-0.393929
0.157162

-0.921049
0.345583
0.17956
0.447402
0.0247059

0.693743
0.479403
0.537488
-23.7544
300.473

-0.693743
-0.479403
-0.537488
0.960393
0.000770954

0.739894
-0.140172
0.657958
0.961409
0.000730712

0.73059
0.435385
-0.526002
-5.1787
7.54866

-0.73059
-0.435385
0.526002
0.613831
0.0295484

-0.252998
-0.883997
-0.393117
-0.65345
0.158168

-0.975022
-0.0238654
0.220822
0.122517
0.0235196

0.975022
0.0238654
-0.220822
0.923962
0.000178686

-0.389738
0.489841
-0.779846
0.805124
0.00233107

0.267812
-0.735256
0.622637
0.693518
0.0121372

-0.267812
0.735256
-0.622637
-2.75444
1.81134

-0.212504
0.714187
-0.666918
-0.639382
0.180719

0.226416
-0.880222
-0.417068
0.921934
0.00308431

-0.226416
0.880222
0.417068
-23.3655
299.648

-0.511326
-0.0861469
-0.855058
-0.421335
0.075889

0.511326
0.0861469
0.855058
0.965346
6.02536e-05

-0.394434
0.0078116
0.918891
0.719716
0.00914581

0.394434
-0.0078116
-0.918891
-2.32534
1.26867

0.845735
0.324566
0.423543
0.543609
0.0223876

-0.845735
-0.324566
-0.423543
-1.45263
0.646248

0.18303
0.45877
-0.8695
0.82004
0.00234088

-0.18303
-0.45877
0.8695
-1.05509
0.302796

-0.191859
-0.858465
0.475634
-0.0753765
0.0629029

0.191859
0.858465
-0.475634
0.700101
0.00489966

-0.636622
0
0.771176
0.732304
0.00260914

0.636622
0
-0.771176
0.407936
0.0127338

-0.3392
-0.866472
0.366292
0.223579
0.0820398

0.3392
0.866472
-0.366292
-1.63469
0.944169

0.182373
-0.784624
0.592541
0.531917
0.0304721

-0.182373
0.784624
-0.592541
-2.5399
1.74152

0.963816
0.048261
-0.262163
0.786139
0.00396504

-0.963816
-0.048261
0.262163
-1.48854
0.534904

0.365768
0.323789
0.872568
0.84794
0.00153017

-0.244969
-0.221009
0.944005
0.817713
0.00473535

0.244969
0.221009
-0.944005
-3.98756
3.52705

0.487429
0.156185
-0.85908
0.994208
2.57572e-06

-0.765131
0.55794
0.321369
0.32312
0.0355746

0.29173
-0.399703
0.868983
0.850089
0.00214029

-0.29173
0.399703
-0.868983
-2.17209
0.957994

0.627112
-0.475918
0.61663
-1.10932
0.334437

-0.627112
0.475918
-0.61663
0.8003
0.0030082

0.837527
-0.539765
0.0848659
0.944432
0.000492949

-0.0167433
-0.021743
-0.999623
-0.787812
0.407848

0.0167433
0.021743
0.999623
-0.144208
0.167309

-0.680208
-0.717263
-0.151167
0.900215
0.00231106

0.0878979
-0.400034
0.912276
0.816414
0.00175436

-0.0878979
0.400034
-0.912276
-0.208056
0.0725289

-0.237842
-0.958566
0.156783
-0.843757
0.379524

0.237842
0.958566
-0.156783
0.189773
0.0734009

0.166908
0.773534
0.611381
0.832474
0.00159374

-0.166908
-0.773534
-0.611381
-0.482069
0.122073

-0.147455
0.49589
-0.855775
0.755407
0.00400243

0.147455
-0.49589
0.855775
-0.638521
0.179352

-0.480678
0.345972
-0.805762
0.951696
0.000219528

0.555821
-0.500373
0.663845
0.720737
0.00993509

-0.555821
0.500373
-0.663845
-2.79734
1.82407

-0.291944
-0.937802
0.187871
0.726787
0.00603626

-0.544563
-0.303926
0.781716
0.81611
0.00451846

0.544563
0.303926
-0.781716
-3.59725
2.8137

0.497244
-0.0130127
0.867513
0.922381
0.000452915

0.272067
-0.499211
0.822659
0.858736
0.000894014

-0.46866
0.580704
0.665688
0.559921
0.0193796

0.46866
-0.580704
-0.665688
-1.22789
0.494216

-0.0165628
0.148262
-0.988809
0.820931
0.00145842

0.0490192
-0.0998769
0.993792
0.806432
0.0154449

-0.0490192
0.0998769
-0.993792
-16.4696
124.858

-0.535833
0.0303864
-0.843777
-1.96695
1.32658

0.535833
-0.0303864
0.843777
0.162643
0.105681

-0.286221
0.944131
0.16338
0.944185
0.000421034

-0.117305
0.689608
-0.714619
0.206903
0.056369

0.117305
-0.689608
0.714619
-0.268549
0.144153

-0.111914
0.993718
0
-4.17002
4.37981

0.111914
-0.993718
0
0.689929
0.0157657

0.0955071
-0.677004
-0.729756
0.236284
0.0226967

-0.0955071
0.677004
0.729756
0.78364
0.00183424

-0.178622
0.34699
0.920702
0.960969
0.000458635

0.178622
-0.34699
-0.920702
-13.6896
64.7855

-0.0868962
-0.134341
-0.987118
-0.668821
0.194479

0.0868962
0.134341
0.987118
0.729723
0.00510213

0.174223
-0.674261
-0.717648
0.377604
0.0133275

-0.174223
0.674261
0.717648
0.782676
0.00163608

-0.225122
-0.233694
0.94589
-0.449301
0.243533

0.225122
0.233694
-0.94589
-0.182362
0.162204

0.303126
0.183925
-0.935033
-0.228575
0.0663479

-0.303126
-0.183925
0.935033
0.882179
0.000616534

-0.68919
-0.0022779
0.724577
-4.68964
5.71432

0.68919
0.0022779
-0.724577
0.688345
0.0171689

-0.317582
-0.840236
0.439483
0.91331
0.000400375

0.317582
0.840236
-0.439483
-0.703154
0.150782

0.181612
-0.286558
0.940692
-0.00195074
0.205969

-0.181612
0.286558
-0.940692
-3.34875
3.87809

-0.577392
-0.514265
0.634153
0.689834
0.00262128

0.577392
0.514265
-0.634153
0.694738
0.00253918

0.0163824
-0.31685
0.948334
0.847131
0.00213471

-0.0163824
0.31685
-0.948334
-1.85051
0.714531

0.000431285
-0.505743
0.862684
0.879288
0.000374672

0.00632839
0.765362
-0.643569
0.941984
0.00127527

0.131256
0.478973
0.867961
0.917936
0.000852826

-0.131256
-0.478973
-0.867961
-3.88363
2.88841

-0.737872
0.325753
-0.591126
0.571896
0.00859282

0.737872
-0.325753
0.591126
0.355191
0.0194765

-0.793116
0.42978
-0.431574
-0.220929
0.0660591

0.793116
-0.42978
0.431574
0.876628
0.000677673

0.0627226
-0.485299
0.872096
0.881692
0.000417311

0.216846
-0.424028
0.879306
0.756617
0.00936656

-0.216846
0.424028
-0.879306
-4.30036
4.44126

-0.151398
0.0957936
-0.98382
-2.86168
2.14665

0.151398
-0.0957936
0.98382
0.570922
0.0265586

0.243165
0.804457
-0.541959
0.766692
0.00433896

-0.243165
-0.804457
0.541959
-1.15195
0.368942

-0.447421
-0.489765
0.748295
0.834762
0.00243384

-0.0383971
-0.549257
-0.834771
0.556408
0.00869109

0.0383971
0.549257
0.834771
0.440285
0.013833

-0.872741
-0.488184
0
-0.408254
0.122893

0.00640091
0.999979
0
0.955302
0.000356686

0.191945
0.930049
-0.313315
-0.768169
0.292278

-0.191945
-0.930049
0.313315
0.445501
0.0287499

-0.268126
-0.333277
0.9039
0.952658
0.000840183

0.436435
0.267855
-0.85894
-0.216566
0.0691776

-0.436435
-0.267855
0.85894
0.850334
0.00104791

0.0628256
-0.372253
0.926003
0.484635
0.0237693

-0.0628256
0.372253
-0.926003
-0.721359
0.264938

0.308331
0.669821
0.675479
0.97486
3.28301e-05

0.267983
0.322721
0.907764
0.0170232
0.0669233

-0.267983
-0.322721
-0.907764
0.393165
0.0256226

-0.487069
-0.770914
0.410432
0.24954
0.0223374

0.362608
-0.415091
0.834395
-1.27137
0.26892

-0.362608
0.415091
-0.834395
0.978684
3.26896e-05

-0.150754
0.306934
0.939715
0.9531
0.000278646

0.150754
-0.306934
-0.939715
-4.03095
2.91718

0.410476
-0.612853
-0.675218
-12.9615
63.9243

-0.410476
0.612853
0.675218
0.841993
0.00823121

-0.012585
-0.923682
0.382953
0.359545
0.0199772

0.232932
-0.627447
0.743003
0.0374625
0.109309

-0.232932
0.627447
-0.743003
-0.780301
0.373435

-0.339391
-0.76197
0.551557
0.58989
0.0118915

0.339391
0.76197
-0.551557
-0.344769
0.127288

0.366626
0.76551
0.528754
0.814236
0.00392324

-0.366626
-0.76551
-0.528754
-2.71268
1.55504

-0.119377
-0.832352
-0.541239
0.824679
0.000337323

-0.641173
0.286231
-0.712018
-0.972218
0.233233

0.641173
-0.286231
0.712018
0.90124
0.000613983

-0.802248
0.361276
-0.475267
0.0591701
0.0702364

0.802248
-0.361276
0.475267
0.142753
0.0583124

0.41218
0.638704
0.649742
0.785462
0.00510705

-0.41218
-0.638704
-0.649742
-2.43261
1.29409

-0.606911
0.131933
0.783743
-0.315838
0.237564

0.606911
-0.131933
-0.783743
-0.813319
0.450896

-0.780462
-0.625203
0
-0.376116
0.0810453

0.780462
0.625203
0
0.933338
0.000545038

0.345308
-0.938489
0
0.634497
0.00714588

0.541964
0.387061
0.745962
-0.103333
0.349907

-0.541964
-0.387061
-0.745962
-5.89588
13.6677

0.377662
0.246661
-0.892485
-0.458502
0.120821

-0.377662
-0.246661
0.892485
0.813283
0.00205958

-0.352672
-0.919817
-0.17193
0.189275
0.128591

0.352672
0.919817
0.17193
-3.52154
3.99913

0.420923
0.829006
0.368202
-0.46913
0.732608

-0.420923
-0.829006
-0.368202
-6.6754
19.9958

-0.532505
-0.0546181
-0.844663
-12.9324
63.8994

0.532505
0.0546181
0.844663
0.835393
0.00892749

0.711147
0.635409
-0.300875
0.360921
0.0118997

-0.711147
-0.635409
0.300875
0.867086
0.00052055

0.17238
0.98503
0
-0.204179
0.165063

-0.17238
-0.98503
0
-0.376006
0.215494

-0.13355
-0.224115
0.965369
0.940871
0.000349429

-0.446806
-0.874107
-0.190527
0.307207
0.0488365

0.446806
0.874107
0.190527
-0.757177
0.314113

0.978075
-0.208252
0
0.826636
0.00321399

-0.477197
0.113827
-0.871393
-3.32728
2.29554

0.477197
-0.113827
0.871393
0.843993
0.00305355

-0.15799
0.885519
0.436916
-0.594381
0.144835

0.15799
-0.885519
-0.436916
0.847547
0.00132602

-0.397195
0.314145
0.862293
0.992243
2.0672e-05

0.40461
-0.371849
0.835475
0.865704
0.00316392

0.108789
0.258336
0.95991
0.971253
0.000206277

-0.108789
-0.258336
-0.95991
-11.2782
37.5115

0.510591
-0.276187
0.814259
0.630636
0.0269201

-0.510591
0.276187
-0.814259
-5.20898
7.56705

-0.160517
0
-0.987033
-1.5628
1.16352

0.160517
0
0.987033
-0.530276
0.415212

0.360812
-0.152146
0.920145
0.87575
0.00265623

-0.360812
0.152146
-0.920145
-5.80392
7.91765

-0.958625
-0.284673
0
-0.512639
0.255966

0.958625
0.284673
0
-0.0258791
0.11985

-0.959577
-0.281447
0
0.625533
0.0187576

0.509611
0.631164
-0.584747
-0.205833
0.0882983

-0.509611
-0.631164
0.584747
0.667641
0.00672059

-0.748416
0.367567
0.552058
0.51221
0.0420966

0.748416
-0.367567
-0.552058
-3.89148
4.23106

0.526789
-0.491978
-0.693146
0.99773
1.15518e-06

-0.0771274
-0.795465
0.601071
0.543058
0.0132984

0.0771274
0.795465
-0.601071
-0.0595145
0.0714631

-0.00889309
-0.67078
-0.741603
0.967234
0.000233224

0.876563
-0.138931
0.460799
-1.40701
0.97541

-0.876563
0.138931
-0.460799
-0.474246
0.365915

0.868118
-0.496358
0
0.91605
0.00213266

-0.868118
0.496358
0
-2.7311
1.29263

-0.372547
0.881147
-0.291186
0.836676
0.000914974

0.372547
-0.881147
0.291186
0.272103
0.0180431

0.0432453
0.72535
0.68702
0.85678
0.000555828

-0.0432453
-0.72535
-0.68702
0.457186
0.00793563

0.462523
-0.236182
0.85457
0.883624
0.000994554

0.452505
0.394306
0.799851
0.9923
4.88684e-06

0.0593557
-0.710598
-0.70109
-1.45263
0.646222

-0.0593557
0.710598
0.70109
0.543609
0.0224044

0.903743
-0.33993
0.260185
0.373642
0.0253766

-0.903743
0.33993
-0.260185
0.152423
0.0464549

0.0431371
0.482611
-0.874772
-0.389863
0.0985251

-0.0431371
-0.482611
0.874772
0.854927
0.00113433

0.220766
-0.0663029
-0.97307
0.98506
1.87306e-05

0.923346
0.122654
-0.363851
0.368172
0.0209949

-0.923346
-0.122654
0.363851
0.441364
0.0164177

0.0796172
-0.241363
-0.967163
-7.93241
15.7206

-0.0796172
0.241363
0.967163
0.941672
0.000670853

0.689818
-0.554794
0.465139
0.526916
0.0146711

-0.689818
0.554794
-0.465139
-0.0810059
0.0764181

0.29238
0.218683
0.930963
0.840294
0.0032176

-0.29238
-0.218683
-0.930963
-3.31845
2.29289

0.131671
-0.348311
0.928085
0.940521
0.000728432

0.175671
-0.490045
0.853813
-0.505536
0.271858

-0.175671
0.490045
-0.853813
-0.219482
0.178391

-0.965783
-0.0270035
-0.257941
0.0494312
0.0495589

0.965783
0.0270035
0.257941
0.628684
0.00757133

0.502721
-0.366103
-0.783097
-3.22946
2.27073

-0.502721
0.366103
0.783097
0.800119
0.00507596

0.3166
-0.518767
0.794132
0.991133
1.76294e-05

0.155763
0.190255
0.969299
0.979766
8.7332e-05

-0.155763
-0.190255
-0.969299
-9.57092
23.6389

0.826641
-0.44765
-0.34099
-1.21878
0.595002

-0.826641
0.44765
0.34099
0.247846
0.06895

0.628219
-0.633553
0.451611
-0.619419
0.121093

-0.628219
0.633553
-0.451611
0.940111
0.00017282

0.814751
0.299382
0.496539
0.516413
0.0110238

-0.814751
-0.299382
-0.496539
0.413316
0.016224

0.45424
0.229112
-0.860915
0.740668
0.0116626

-0.45424
-0.229112
0.860915
-4.79532
5.76804

-0.46057
-0.535689
-0.707752
-0.614811
0.290831

0.46057
0.535689
0.707752
0.0390306
0.103115

0.347915
-0.848605
-0.398528
0.810702
0.00229293

-0.508816
0.511369
0.692537
0.114605
0.0662248

0.508816
-0.511369
-0.692537
-0.0268493
0.0890277

0.0824853
0.157639
0.984046
0.965962
6.63953e-05

0.281216
0.45283
-0.846087
0.232673
0.0193818

-0.281216
-0.45283
0.846087
0.866156
0.000592725

0.287409
-0.297064
-0.910576
0.962896
0.000106892

0.677227
-0.423351
0.601779
-1.13584
0.436812

0.589606
0.386748
0.709077
0.902482
0.00256723

-0.589606
-0.386748
-0.709077
-10.7996
37.1506

0.413104
0.470262
-0.779871
-5.63558
7.83597

-0.413104
-0.470262
0.779871
0.821672
0.00566663

0.397234
0.620512
-0.676143
-0.825599
0.23937

-0.397234
-0.620512
0.676143
0.757176
0.00429384

-0.719684
-0.113558
-0.684952
-0.370763
0.122046

0.719684
0.113558
0.684952
0.680581
0.00667227

-0.656548
0.330731
0.67791
-0.851047
0.296356

0.656548
-0.330731
-0.67791
0.587058
0.0162132

0.791176
-0.0661955
0.607995
0.646366
0.0244079

-0.791176
0.0661955
-0.607995
-5.23811
7.5924

0.716733
-0.188881
0.671281
-0.728396
0.142208

0.124287
-0.276658
-0.952897
-16.7638
125.573

-0.124287
0.276658
0.952897
0.865681
0.00718054

0.148811
-0.518371
0.842109
0.812903
0.0117288

-0.148811
0.518371
-0.842109
-12.8377
63.7188

0.393024
-0.896377
0.205038
0.0593312
0.0774252

0.0678279
-0.197896
0.977873
0.982262
4.44284e-05

-0.267072
-0.670008
-0.692649
-6.5653
10.8654

0.267072
0.670008
0.692649
0.863491
0.00354749

0.68865
-0.498404
-0.526645
0.899916
0.000402117

-0.856767
0.0556696
0.51269
0.363398
0.012167

0.856767
-0.0556696
-0.51269
0.853612
0.000645387

-0.545724
0.633633
-0.548356
0.0324751
0.0249176

0.545724
-0.633633
0.548356
0.970736
2.80216e-05

-0.790714
0.597651
0.132611
0.811197
0.0047655

0.790714
-0.597651
-0.132611
-3.58617
2.8107

-0.816879
-0.576809
0
-1.6575
1.55483

0.816879
0.576809
0
-1.33571
1.20117

-7.19878e-05
-0.768483
-0.63987
-0.295372
0.0722035

7.19878e-05
0.768483
0.63987
0.906564
0.000397402

0.72356
0.36715
-0.584518
-0.583225
0.186754

-0.72356
-0.36715
0.584518
0.637864
0.00982921

-0.273825
-0.239441
0.931497
0.959337
0.000832777

-0.443863
-0.0896056
-0.891603
-4.30495
5.46769

0.443863
0.0896056
0.891603
0.444723
0.0601467

-0.0328613
0.755815
0.653961
0.508568
0.0203929

0.206551
-0.537539
-0.81755
0.99129
5.44228e-06

0.704826
-0.358937
0.61187
-0.253464
0.0580379

-0.704826
0.358937
-0.61187
0.945685
0.000111953

-0.285592
-0.0244324
-0.95804
-5.09073
5.91243

0.285592
0.0244324
0.95804
0.857836
0.00322423

0.490814
0.0189673
0.871058
-0.160647
0.0701438

-0.490814
-0.0189673
-0.871058
0.768505
0.0028

0.979978
0.0970368
0.173858
0.374586
0.0137226

-0.608628
-0.0420237
-0.792342
0.963898
8.92365e-05

0.608628
0.0420237
0.792342
-1.37068
0.325844

0.0363639
-0.378211
0.925005
0.540276
0.0189224

-0.0363639
0.378211
-0.925005
-0.838897
0.302036

-0.0135365
-0.157133
0.987485
0.98669
1.27084e-05

-0.29156
-0.341453
0.893534
0.883035
0.000354488

-0.147351
-0.26348
0.953345
0.93218
0.00145769

0.812383
0.532257
0.238193
0.0358826
0.0834797

-0.812383
-0.532257
-0.238193
-0.0711672
0.103043

0.167671
-0.146955
0.974829
0.96942
0.000145568

-0.167671
0.146955
-0.974829
-6.25244
8.07682

0.590621
0.627482
-0.507379
-0.575919
0.143763

-0.590621
-0.627482
0.507379
0.833993
0.00161868

0.182069
0.084697
-0.979631
0.781453
0.00193938

-0.182069
-0.084697
0.979631
0.193815
0.0262487

0.182568
0.816971
0.547017
-0.843642
0.385577

-0.182568
-0.816971
-0.547017
0.158305
0.0804487

0.17432
-0.374617
0.910645
0.856041
0.00133507

-0.17432
0.374617
-0.910645
-0.891704
0.227618

-0.792133
-0.324645
-0.516847
-0.117086
0.0827046

0.792133
0.324645
0.516847
0.533599
0.0144615

0.149024
0.0788181
-0.985687
-3.22946
2.26803

-0.149024
-0.0788181
0.985687
0.800119
0.0051788

-0.933057
-0.359729
0
0.408828
0.0438693

0.933057
0.359729
0
-0.537905
0.219578

0.540347
0.223586
-0.811193
-0.34882
0.0866373

-0.540347
-0.223586
0.811193
0.877495
0.000759558

-0.0617193
-0.356093
0.93241
0.938134
0.000703214

-0.472254
0.212236
0.85553
-0.432302
0.0720788

0.472254
-0.212236
-0.85553
0.978192
2.63377e-05

0.13804
0.913603
-0.382458
0.554981
0.0107114

-0.13804
-0.913603
0.382458
0.194475
0.0349917

-0.0671948
0.390014
0.918354
0.961743
0.000443895

0.0671948
-0.390014
-0.918354
-13.6969
64.7823

0.547075
0.204695
-0.81167
0.194043
0.0724458

-0.0468162
0.231141
-0.971793
-0.804843
0.297487

0.0468162
-0.231141
0.971793
0.496263
0.0233838

-0.710934
0.571614
0.409671
0.687944
0.00902988

0.710934
-0.571614
-0.409671
-1.35991
0.516028

-0.680333
0.429158
0.594113
-0.966322
0.271708

0.680333
-0.429158
-0.594113
0.811916
0.00252275

-0.953923
-0.0879349
0.286877
0.26196
0.0107783

0.300396
0.953815
0
0.679583
0.0108963

-0.300396
-0.953815
0
-1.35027
0.512488

-0.505126
-0.753379
0.421033
0.885994
0.00203499

-0.219389
-0.345073
0.912575
0.889843
0.00252495

0.219389
0.345073
-0.912575
-7.67658
15.5788

0.827338
-0.29557
-0.47765
0.94306
8.01542e-05

-0.216967
-0.321351
-0.921769
-22.473
296.842

0.216967
0.321351
0.921769
0.780171
0.0260633

0.209459
0.103155
-0.972361
0.973243
3.51035e-05

0.880245
0.47452
0
0.922508
0.00087877

-0.880245
-0.47452
0
-3.55481
2.33488

-0.381113
0.541981
-0.749006
-8.76728
23.1327

0.381113
-0.541981
0.749006
0.835873
0.00653417

0.241697
0.36193
-0.900327
-36.1024
1014.01

-0.241697
-0.36193
0.900327
0.938188
0.00281484

-0.445676
0.269734
-0.85359
-1.49626
0.535937

0.445676
-0.269734
0.85359
0.791283
0.00376805

0.485449
-0.223012
0.845343
0.797765
0.00741021

-0.769853
-0.191862
-0.6087
-0.80252
0.321245

0.769853
0.191862
0.6087
0.379004
0.0382212

0.635996
-0.241261
0.733009
0.590427
0.0146933

-0.635996
0.241261
-0.733009
-0.88069
0.307583

-0.445854
-0.179038
-0.877018
-5.7815
7.9075

0.445854
0.179038
0.877018
0.869184
0.00295757

-0.39533
-0.693014
-0.602865
0.678301
0.00277555

0.39533
0.693014
0.602865
0.735862
0.00188978

0.838623
0.467045
0.280322
0.250564
0.0789301

-0.838623
-0.467045
-0.280322
-1.83352
1.12793

-0.107922
-0.139553
0.984316
0.960954
0.000262382

0.310709
-0.484257
-0.817897
-23.2303
299.226

-0.310709
0.484257
0.817897
0.905351
0.00460444

-0.288553
-0.730514
-0.618939
-0.0299703
0.0634435

0.288553
0.730514
0.618939
0.591026
0.0100046

0.24933
-0.569265
0.783436
-3.50531
3.98619

-0.24933
0.569265
-0.783436
0.172497
0.134731

-0.605931
0.438002
-0.664079
-0.404085
0.0936802

0.605931
-0.438002
0.664079
0.890532
0.000576237

0.605
0.695045
-0.388443
0.934617
0.000224595

0.202703
0.92945
0.308275
0.883584
0.00120118

-0.202703
-0.92945
-0.308275
-2.07908
0.83572

0.0145438
-0.841435
0.540163
0.756469
0.00825823

-0.0302638
0.172626
0.984522
0.979575
0.000151861

-0.536599
-0.508625
0.673322
0.662043
0.00858417

0.536599
0.508625
-0.673322
-0.663712
0.207832

-0.760497
-0.649342
0
-2.14549
1.07475

0.760497
0.649342
0
0.731238
0.00837613

0.174173
-0.722662
-0.668898
-1.44868
0.436842

-0.174173
0.722662
0.668898
0.888786
0.000908381

-0.0015966
-0.562574
0.826745
-0.449301
0.243356

0.0015966
0.562574
-0.826745
-0.182362
0.16199

0.860283
0.509817
0
-0.685654
0.286976

-0.860283
-0.509817
0
0.317377
0.0572288

0.115189
-0.873496
0.473007
0.352888
0.0207982

-0.115189
0.873496
-0.473007
0.515965
0.0116407

0.509868
-0.605078
0.611486
0.690239
0.00518022

-0.509868
0.605078
-0.611486
-0.0411427
0.0584862

0.880722
0.451959
-0.141641
-0.423378
0.181876

-0.880722
-0.451959
0.141641
0.311182
0.0425979

0.471328
-0.292652
0.831989
-2.28957
0.975513

-0.471328
0.292652
-0.831989
0.900504
0.000902643

-0.346638
-0.830357
-0.436291
0.423875
0.016419

0.346638
0.830357
0.436291
0.456325
0.0146224

0.729696
0.643929
0.229999
0.839282
0.00130191

0.474372
-0.381825
0.793209
0.799833
0.00321024

0.401968
0.00415465
0.915644
0.93938
0.000413802

-0.401968
-0.00415465
-0.915644
-3.31565
1.94171

0.630913
0.393514
0.668652
0.777032
0.00537334

0.803182
0.595734
0
0.92145
0.00175814

-0.952429
-0.30476
0
0.544721
0.0139672

0.952429
0.30476
0
0.34098
0.0260177

0.66813
0.0530174
0.742154
0.740899
0.00354553

-0.66813
-0.0530174
-0.742154
-0.0800399
0.0604514

0.925568
-0.325171
0.193873
0.571622
0.0134462

-0.925568
0.325171
-0.193873
-0.377272
0.137851

-0.104687
-0.668775
0.736057
0.778752
0.00763827

0.104687
0.668775
-0.736057
-4.34835
4.46237

-0.557384
0.690627
0.460822
0.400966
0.0250819

-0.577178
-0.712259
0.399442
0.34749
0.0853711

0.577178
0.712259
-0.399442
-4.18236
5.3842

0.705276
-0.547989
0.449771
-0.418576
0.150015

-0.705276
0.547989
-0.449771
0.562166
0.0142947

-0.294588
0.916708
0.269933
-0.00959182
0.102538

0.294588
-0.916708
-0.269933
-0.277763
0.164231

-0.592861
0.228798
-0.772118
0.687313
0.00668075

0.592861
-0.228798
0.772118
-0.467894
0.145249

-0.474202
-0.568354
-0.672388
0.00308263
0.0516599

0.474202
0.568354
0.672388
0.699034
0.0047229

-0.368446
0.855526
-0.363762
-0.167847
0.150167

0.368446
-0.855526
0.363762
-0.328756
0.194395

0.385689
0.54025
0.747913
0.876686
0.00147592

-0.573274
-0.194527
-0.795937
0.543431
0.0105248

0.455753
0.721098
-0.52183
-0.418716
0.19373

-0.455753
-0.721098
0.52183
0.188938
0.063374

0.756746
0.387683
-0.526343
-0.183785
0.134889

-0.756746
-0.387683
0.526343
0.000399828
0.0962061

-0.307356
0.0834184
0.947931
-0.789104
0.117504

0.307356
-0.0834184
-0.947931
0.994993
1.60745e-06

0.0298503
0.491286
-0.870486
-4.41222
5.54459

-0.0298503
-0.491286
0.870486
0.521637
0.0433201

-0.651605
0.562553
-0.508867
-1.52505
0.732916

0.651605
-0.562553
0.508867
0.473748
0.0319008

-0.137055
-0.664477
-0.734633
-2.79331
1.57223

0.137055
0.664477
0.734633
0.851775
0.0024477

-0.503051
0
0.864257
0.881041
0.00563508

0.762245
-0.614377
0.203773
0.919646
0.00170201

-0.762245
0.614377
-0.203773
-10.8946
37.2503

0.41192
-0.454681
0.789676
0.760318
0.00676107

0.012971
0.243656
0.969775
0.689131
0.0203989

-0.937268
-0.331119
0.109033
0.734641
0.00262319

0.937268
0.331119
-0.109033
0.376857
0.0144617

-0.776652
0.105749
0.62099
0.932645
0.00118241

0.561718
0.761709
0.322912
0.512915
0.0332617

-0.561718
-0.761709
-0.322912
-2.51808
1.73379

0.0295268
0.933042
0.358554
0.195484
0.101202

0.28571
-0.302124
-0.909445
-3.43379
2.3243

-0.28571
0.302124
0.909445
0.884657
0.00157338

-0.122874
0.655359
-0.745256
-0.969557
0.251679

0.122874
-0.655359
0.745256
0.861732
0.00128411

-0.0474981
0.613412
0.788333
0.862082
0.00333848

0.0474981
-0.613412
-0.788333
-5.75795
7.89217

-0.119092
0.207366
-0.970987
-3.82173
3.4644

0.119092
-0.207366
0.970987
0.740156
0.0100967

0.585963
0.739687
0.330924
-1.32417
0.387043

-0.585963
-0.739687
-0.330924
0.876228
0.00109962

-0.407447
-0.676978
0.612934
0.985039
1.14705e-05

0.407447
0.676978
-0.612934
-0.56337
0.0880156

-0.550087
0.631528
0.546422
0.476193
0.0173237

-0.776605
0.162869
0.608571
-0.355556
0.173897

0.776605
-0.162869
-0.608571
0.174244
0.0646031

0.930816
0.365488
0
-0.785577
0.279302

-0.930816
-0.365488
0
0.568609
0.0269039

-0.25104
0.967977
0
0.788113
0.0429498

-0.755806
-0.654796
0
0.88534
0.0459608

0.401437
0.642139
0.653074
-1.21503
0.492044

-0.401437
-0.642139
-0.653074
0.545795
0.0206953

-0.0438583
0.392417
0.918741
0.870078
0.00132081

-0.237836
0.0485469
0.970091
0.793493
0.0035667

0.237836
-0.0485469
-0.970091
-1.38722
0.472998

-0.231936
0.412283
-0.881038
0.83091
0.00273175

0.231936
-0.412283
0.881038
-1.96923
0.818969

0.577311
0.184117
0.795495
-0.230157
0.0395224

-0.208452
0.260536
-0.942692
-13.7653
114.663

0.208452
-0.260536
0.942692
-0.397896
1.02845

0.729743
-0.00145386
-0.68372
-5.55316
7.78712

-0.729743
0.00145386
0.68372
0.791034
0.00797608

-0.588062
0.459172
-0.665841
-0.633289
0.179004

0.588062
-0.459172
0.665841
0.750551
0.00423279

-0.089724
0.292717
-0.95198
0.119378
0.0843654

0.089724
-0.292717
0.95198
-0.653738
0.29732

0.193282
0.878433
-0.437032
0.701512
0.00299461

-0.356739
0.566683
-0.742703
0.719326
0.00622429

0.937591
0.18697
0.293197
0.0916307
0.0678176

-0.937591
-0.18697
-0.293197
0.0467745
0.0746802

-0.111956
-0.302987
-0.946396
-0.741885
0.202587

0.111956
0.302987
0.946396
0.794337
0.00443776

-0.58316
-0.812357
0
0.207422
0.0431748

-0.117009
-0.1789
0.976885
0.806916
0.00369101

0.297775
-0.64588
0.702972
-0.0870364
0.169076

-0.297775
0.64588
-0.702972
-1.28548
0.747344

0.935157
-0.0559696
0.349783
0.102839
0.0610573

-0.935157
0.0559696
-0.349783
0.179159
0.0511162

-0.346747
-0.0683284
-0.935467
-23.2874
299.468

0.346747
0.0683284
0.935467
0.912566
0.00388626

-0.613599
0.294518
0.732636
0.889995
0.00062087

-0.622023
0.0196665
0.782752
0.451034
0.0275234

0.622023
-0.0196665
-0.782752
-0.697811
0.26193

-0.46023
-0.737972
0.493544
0.73578
0.00344431

0.46023
0.737972
-0.493544
0.0228505
0.0467144

-0.615044
0.358514
-0.702273
-3.14364
1.91249

0.615044
-0.358514
0.702273
0.887261
0.00141615

0.934235
-0.0122751
0.356447
0.953203
8.86437e-05

-0.934235
0.0122751
-0.356447
-0.388376
0.0749251

-0.890755
-0.178519
0.417955
0.805293
0.00481346

0.890755
0.178519
-0.417955
-3.24028
2.27345

0.322525
0.862863
0.389159
0.440543
0.00875387

-0.322525
-0.862863
-0.389159
0.850436
0.0006358

-0.536392
0.592359
0.60116
0.413436
0.0126161

-0.469203
0.265677
0.842178
-3.16477
1.39276

0.469203
-0.265677
-0.842178
0.996188
1.20031e-06

-0.556004
-0.354704
-0.751695
0.979868
5.57506e-05

0.556004
0.354704
0.751695
-5.65522
6.0808

-0.338361
-0.226392
-0.913377
0.956106
0.00016237

-0.611805
0.495305
-0.616739
-4.91792
5.83234

0.611805
-0.495305
0.616739
0.794292
0.00709328

-0.359184
-0.852225
-0.380394
0.879537
0.00044041

0.359184
0.852225
0.380394
0.289516
0.0152428

-0.341309
-0.518938
-0.783717
0.99579
1.07581e-06

-0.63206
0.518633
0.575778
0.235783
0.0902856

0.63206
-0.518633
-0.575778
-2.25093
1.63166

0.887215
-0.0399868
0.459619
0.577424
0.00474425

-0.271754
0.945377
0.180034
-0.485264
0.289347

0.0971844
-0.238715
-0.966214
-4.97089
4.66112

-0.0971844
0.238715
0.966214
0.963746
0.000172413

0.535049
0.299772
-0.789847
-1.29304
0.420275

-0.535049
-0.299772
0.789847
0.799833
0.00320312

0.831231
-0.361087
-0.422695
-0.557653
0.161809

-0.831231
0.361087
0.422695
0.729573
0.00490155

0.263603
-0.299501
0.916958
0.299925
0.0454526

-0.263603
0.299501
-0.916958
-0.475173
0.200975

-0.0789118
-0.151881
0.985244
0.590427
0.0145982

0.0789118
0.151881
-0.985244
-0.88069
0.307551

-0.32846
-0.291684
0.898351
0.919013
0.00049654

0.32846
0.291684
-0.898351
-1.51887
0.442845

0.0905733
0.378915
-0.920989
-0.906041
0.287356

0.416836
-0.0273932
0.908569
0.920135
0.000649354

0.0014592
0.279808
0.960055
0.970256
9.335e-05

-0.0014592
-0.279808
-0.960055
-3.77216
2.38584

-0.362773
0.116154
0.92461
0.912383
0.00573587

0.362773
-0.116154
-0.92461
-35.8206
1012.77

-0.837946
0.407339
0.363209
0.0833955
0.103681

0.837946
-0.407339
-0.363209
-1.00302
0.49492

-0.0622929
-0.816851
-0.573475
-1.39783
0.32723

0.0622929
0.816851
0.573475
0.970623
5.49634e-05

-0.630934
0.249209
0.734723
-0.453805
0.645318

0.630934
-0.249209
-0.734723
-5.56488
13.1568

-0.0690611
-0.579999
-0.811684
0.680747
0.00249695

0.0690611
0.579999
0.811684
0.763371
0.0013745

-0.0253837
0.439493
0.897887
0.322514
0.060418

0.0253837
-0.439493
-0.897887
-1.70997
0.966592

0.290417
0.9569
0
-1.53169
0.444169

-0.797307
0.399398
-0.45253
-1.15882
0.440468

0.797307
-0.399398
0.45253
0.59891
0.0152451

0.445479
-0.354015
0.822327
0.830393
0.00292045

0.5689
0.205826
0.796234
0.878092
0.00114168

-0.5689
-0.205826
-0.796234
-1.42663
0.434545

0.83293
-0.153608
-0.531631
-2.8188
2.4802

-0.83293
0.153608
0.531631
0.245091
0.0986221

-0.510431
-0.521415
0.683803
0.9244
0.000291758

0.510431
0.521415
-0.683803
-0.629379
0.12937

-0.309593
-0.950869
0
0.949668
0.00102047

0.593769
0.218157
0.774498
0.75589
0.00676398

-0.593769
-0.218157
-0.774498
-2.38213
1.28244

0.105139
0.387057
0.916042
0.910077
0.000575172

0.17035
0.254488
0.951954
0.90238
0.00195341

0.243349
0.025004
-0.969617
0.974744
2.91693e-05

-0.420223
0.834234
0.357025
0.295089
0.0572091

-0.278203
0.947497
-0.157648
0.857674
0.00139982

0.278203
-0.947497
0.157648
-1.11463
0.308221

0.862661
0.291018
0.413672
0.748541
0.0160756

-0.621424
-0.740385
0.256245
0.0805517
0.0686452

0.621424
0.740385
-0.256245
0.0805517
0.0686452

0.415821
-0.461058
0.783912
0.582662
0.0237058

0.558197
-0.804239
-0.204
0.249115
0.0428921

-0.558197
0.804239
0.204
0.0192562
0.0731638

0.572428
0.819955
0
0.790948
0.0026821

-0.572428
-0.819955
0
-0.476825
0.129344

-0.336206
0.835032
0.435532
0.971819
8.49558e-05

0.336206
-0.835032
-0.435532
-3.5476
2.06238

0.469417
-0.570712
-0.673747
0.826743
0.00584662

-0.469417
0.570712
0.673747
-6.44574
10.7962

0.531425
-0.745105
0.402997
0.276523
0.0282821

-0.531425
0.745105
-0.402997
0.48881
0.0141207

-0.0523529
-0.130077
0.990121
0.996335
2.67202e-06

0.0523529
0.130077
-0.990121
-0.758613
0.109542

-0.823194
-0.56776
0
-0.00303149
0.183349

0.823194
0.56776
0
-2.07182
1.49948

0.535735
-0.398447
-0.744465
0.830863
0.00202555

-0.535735
0.398447
0.744465
-0.993757
0.274155

-0.686342
-0.20883
0.696652
0.476059
0.0305296

0.686342
0.20883
-0.696652
-1.3913
0.633417

0.381623
0.311029
-0.870417
0.224896
0.103403

-0.381623
-0.311029
0.870417
-2.80039
2.47895

0.805643
-0.176763
0.565415
0.861767
0.000842966

-0.805643
0.176763
-0.565415
-0.146562
0.057584

-0.26289
-0.717602
0.644932
0.23782
0.355488

0.26289
0.717602
-0.644932
-20.6797
287.466

-0.133401
-0.147734
0.979989
0.979088
3.367e-05

0.133401
0.147734
-0.979989
-1.1294
0.222819

-0.229106
0.652964
0.721906
0.962279
0.00104293
