
0.661971
-0.468212
-0.585297
0.929435
0.000150069

-0.661971
0.468212
0.585297
0.142627
0.0216528

0.600005
0.532504
0.59702
0.660511
0.0102082

-0.348469
0.301079
0.887649
0.874621
0.00252823

-0.87943
-0.476029
0
0.948888
0.0014709

-0.588332
0.613074
0.527262
0.948029
0.000142913

0.588332
-0.613074
-0.527262
-0.836447
0.167711

0.455872
-0.00745338
-0.890014
0.706916
0.00469295

-0.455872
0.00745338
0.890014
-0.0533993
0.0592986

0.291114
0.265719
-0.919046
-1.29862
0.506175

-0.291114
-0.265719
0.919046
0.63222
0.0129981

-0.452318
0.50068
0.738057
-0.331218
0.0697146

0.849632
0.527375
0
-5.65069
9.55278

-0.849632
-0.527375
0
0.439434
0.0879703

0.574389
0.818582
0
0.105327
0.0622869

-0.574389
-0.818582
0
0.245439
0.0452914

0.130572
0.786315
0.603871
0.51453
0.0130917

-0.130572
-0.786315
-0.603871
0.213619
0.0342421

0.0237522
-0.677363
0.735265
0.628906
0.0327431

-0.0237522
0.677363
-0.735265
-6.93792
14.9759

-0.669683
0.012345
-0.742545
-0.773304
0.189351

0.669683
-0.012345
0.742545
0.859987
0.00122398

-0.970029
-0.0572871
-0.236138
0.958601
3.53762e-05

-0.508379
0.458852
0.728701
0.625515
0.0113604

0.508379
-0.458852
-0.728701
-0.768163
0.253109

0.799359
0.106228
-0.591389
-0.504552
0.157544

-0.799359
-0.106228
0.591389
0.672341
0.00752677

0.421681
0.216615
0.88049
0.258869
0.0738936

-0.421681
-0.216615
-0.88049
-1.66069
0.952007

0.810444
0.585816
0
0.884
0.00159167

-0.810444
-0.585816
0
-1.0087
0.254546

0.474415
0.213889
-0.853921
0.593117
0.0102196

-0.474415
-0.213889
0.853921
-0.0895054
0.0732523

-0.134094
-0.96021
0.244983
-0.064806
0.121225

0.134094
0.96021
-0.244983
-0.367683
0.199982

0.799936
0.552735
0.233639
0.273869
0.0470137

-0.799936
-0.552735
-0.233639
-0.350241
0.162522

-0.288196
-0.285557
-0.914002
-16.6652
125.301

0.288196
0.285557
0.914002
0.847137
0.00946013

-0.101933
0.806974
-0.581724
-0.543714
0.0929833

0.101933
-0.806974
0.581724
0.970996
3.87234e-05

0.557191
0.676847
-0.481058
0.182231
0.164743

0.156892
-0.729405
0.665847
0.748464
0.00654234

-0.288533
-0.188678
-0.938695
-2.72056
2.43722

0.288533
0.188678
0.938695
0.1329
0.132737

0.535095
0.40151
-0.743278
-3.13268
2.2412

-0.535095
-0.40151
0.743278
0.750106
0.00821446

0.222126
0.975018
0
0.540277
0.0943967

-0.222126
-0.975018
0
-15.5501
122.312

-0.201412
-0.238683
0.949981
0.94886
6.16536e-05

-0.228445
0
0.973557
0.641254
0.00619744

0.228445
0
-0.973557
0.219951
0.0292957

-0.304951
0.308679
0.900956
0.642436
0.00902734

0.304951
-0.308679
-0.900956
-0.430254
0.142304

-0.409225
-0.769795
0.489847
-0.561864
0.388485

0.409225
0.769795
-0.489847
-1.06554
0.679348

0.165414
0.341008
0.925393
0.950437
0.000568249

-0.56821
0.343964
-0.747547
-0.709033
0.161521

0.56821
-0.343964
0.747547
0.888592
0.000722025

-0.389583
0.275959
-0.878676
-0.095196
0.0738158

0.389583
-0.275959
0.878676
0.602121
0.00986225

-0.757723
-0.497742
-0.42203
0.949156
0.000156065

0.757723
0.497742
0.42203
-1.2372
0.291665

0.816962
0.539888
-0.202718
0.668999
0.0611387

-0.816962
-0.539888
0.202718
-21.9863
294.806

-0.138954
0.834003
-0.533976
-1.77388
0.878213

0.138954
-0.834003
0.533976
0.57341
0.0208335

0.404931
-0.639546
0.653462
-2.58965
1.52481

-0.404931
0.639546
-0.653462
0.746725
0.00765248

0.691615
-0.332008
-0.641436
0.804689
0.00249395

-0.691615
0.332008
0.641436
-0.751172
0.200447

0.276358
-0.771079
0.57364
0.367888
0.00867704

-0.276358
0.771079
-0.57364
0.948243
6.05666e-05

-0.230383
0.928168
0.292281
0.665972
0.00692141

0.230383
-0.928168
-0.292281
-0.240138
0.0952288

0.738999
0.673707
0
0.876686
0.00351176

-0.964313
0.0197363
0.26403
0.818416
0.00112137

-0.790024
0.235133
0.566193
-0.343656
0.101518

0.790024
-0.235133
-0.566193
0.782903
0.00268592

-0.921399
-0.351495
0.165759
-0.13677
0.0657893

0.921399
0.351495
-0.165759
0.774322
0.00259829

0.532721
-0.637347
-0.556774
0.295916
0.0232796

-0.532721
0.637347
0.556774
0.613218
0.00703349

-0.389567
0.238621
0.889549
0.892731
0.00238847

-0.282604
-0.106078
-0.953353
-0.0630503
0.087322

0.282604
0.106078
0.953353
0.291597
0.0387799

-0.793454
0.458499
-0.400262
-0.12944
0.0569624

0.793454
-0.458499
0.400262
0.84734
0.00104391

-0.731944
-0.644822
0.220142
-0.130399
0.136389

0.731944
0.644822
-0.220142
-0.285806
0.176383

0.0836607
-0.787031
-0.611215
-5.90253
10.3867

-0.0836607
0.787031
0.611215
0.591595
0.0364493

-0.386523
0.0504812
-0.920897
-0.838894
0.418781

0.386523
-0.0504812
0.920897
-0.0343812
0.132741

-0.813258
0.14287
0.564092
0.54494
0.0261169

0.813258
-0.14287
-0.564092
-2.10255
1.21049

0.245705
-0.41867
0.874268
-3.51335
2.78223

-0.245705
0.41867
-0.874268
0.776949
0.00697092

0.254506
0.879507
-0.402111
0.482099
0.0128067

-0.254506
-0.879507
0.402111
0.436756
0.0151461

-0.451587
0.793983
-0.407014
0.674013
0.0054979

0.451587
-0.793983
0.407014
0.0664037
0.0449171

0.140883
-0.475595
0.86831
0.81523
0.0067744

0.113419
-0.10774
-0.987688
-9.01717
23.3356

-0.113419
0.10774
0.987688
0.896904
0.00247857

0.812575
-0.0467109
0.580981
0.122347
0.192388

-0.812575
0.0467109
-0.580981
-5.24111
9.72679

-0.0495449
-0.241674
-0.969092
-9.17525
23.4449

0.0495449
0.241674
0.969092
0.927626
0.0011887

0.555925
-0.226914
-0.799661
-3.57482
2.80484

-0.555925
0.226914
0.799661
0.806085
0.0051122

-0.946594
0.256081
0.195915
0.423367
0.0278121

0.946594
-0.256081
-0.195915
-0.431785
0.171421

-0.0613997
0.797716
-0.599899
-3.28134
1.64438

0.0613997
-0.797716
0.599899
0.98399
2.65106e-05

0.393814
0.352374
0.848966
0.796779
0.00236927

-0.393814
-0.352374
-0.848966
-0.358353
0.102445

0.362902
-0.231
-0.902741
-0.678999
0.418107

-0.362902
0.231
0.902741
-0.678999
0.418107

-0.741046
0.47987
-0.469655
0.513233
0.0749658

0.741046
-0.47987
0.469655
-9.6007
35.5244

-0.474576
-0.713419
0.515569
-1.13312
0.633696

0.474576
0.713419
-0.515569
-0.118559
0.174335

-0.276577
-0.709903
-0.647722
-0.90604
0.287376

0.276577
0.709903
0.647722
0.699197
0.00722244

0.709683
-0.565499
0.420192
-0.339129
0.0908221

0.779768
-0.193711
-0.595347
0.0985782
0.0454156

-0.779768
0.193711
0.595347
0.583183
0.00975909

0.33628
0.166762
-0.92688
0.329391
0.0281826

-0.209486
0.838345
0.503283
-0.482262
0.176755

0.0573981
0.172931
-0.98326
-1.62244
0.611125

-0.0573981
-0.172931
0.98326
0.793685
0.00389508

0.918921
-0.394441
0
-1.8055
1.1185

-0.918921
0.394441
0
0.213681
0.0879638

-0.967695
-0.0389493
-0.249096
0.909991
0.000355503

0.967695
0.0389493
0.249096
-0.332654
0.0772304

0.323353
-0.150232
-0.934277
0.997493
1.81154e-06

-0.323353
0.150232
0.934277
-14.2512
65.0696

-0.845849
-0.00563954
0.533392
0.80485
0.00247648

0.845849
0.00563954
-0.533392
-0.259534
0.0837491

-0.071076
0.529103
0.845576
0.672134
0.0104378

0.071076
-0.529103
-0.845576
-1.45993
0.585821

0.747134
-0.0332337
0.663842
-0.219482
0.17837

-0.747134
0.0332337
-0.663842
-0.505536
0.271842

0.653023
0.479783
-0.585977
-1.24063
0.452933

-0.653023
-0.479783
0.585977
0.678514
0.00933082

0.0365167
0.556724
0.829894
0.824867
0.00232059

-0.834122
-0.111088
0.540278
0.916168
0.000249871

0.834122
0.111088
-0.540278
0.0382413
0.0310866

-0.511865
-0.267954
0.816208
0.660924
0.0244

0.511865
0.267954
-0.816208
-6.03685
10.5025

-0.655692
0.755029
0
0.372886
0.0371144

-0.869611
0.423428
0.25394
0.911727
0.000321136

0.94629
0.32332
0
0.699646
0.0104129

-0.94629
-0.32332
0
-0.986008
0.320842

-0.252957
0.330253
0.909366
0.986251
0.000135519

0.0500965
-0.601162
0.797556
0.890728
0.00381601

-0.480673
0.372349
-0.793921
-0.690308
0.303329

0.270309
-0.693721
0.667596
0.580353
0.00667896

-0.270309
0.693721
-0.667596
0.561282
0.0072995

-0.229915
-0.928955
-0.290141
0.995629
8.76356e-07

0.777111
0.0912659
0.622711
0.839097
0.00302043

0.330915
-0.102589
0.938067
0.916414
0.00525179

-0.330915
0.102589
-0.938067
-35.8615
1012.63

0.171916
-0.498617
-0.849604
-0.873988
0.510266

-0.171916
0.498617
0.849604
-0.429353
0.299285

-0.522055
0.49075
-0.697584
-0.170209
0.141655

0.522055
-0.49075
0.697584
-0.170209
0.141655

0.158516
-0.618674
0.769491
0.564323
0.0354789

-0.158516
0.618674
-0.769491
-4.47658
5.58311

0.875081
-0.139707
-0.463374
-0.230508
0.105298

0.223449
-0.855783
0.466589
0.491213
0.0307322

0.697434
-0.716649
0
-0.144208
0.179315

-0.697434
0.716649
0
-0.787812
0.412499

-0.129315
0.459906
0.878501
-3.53104
2.34289

0.129315
-0.459906
-0.878501
0.915745
0.000849205

0.602694
-0.144593
-0.784763
0.424272
0.0103825

-0.602694
0.144593
0.784763
0.807504
0.00117275

-0.615108
-0.0754122
-0.784828
0.99932
3.1472e-07

-0.807041
-0.00472407
-0.590476
-0.772523
0.203032

0.807041
0.00472407
0.590476
0.818053
0.00217415

-0.523886
0.00200702
0.851786
0.0594509
0.100725

0.523886
-0.00200702
-0.851786
-0.704406
0.330613

0.195934
-0.0909438
0.976391
0.987695
1.43583e-05

0.447718
0.278365
0.849742
0.729006
0.00935213

-0.447718
-0.278365
-0.849742
-2.8109
1.82744

-0.693644
0.554919
0.459263
0.82004
0.00234308

0.693644
-0.554919
-0.459263
-1.05509
0.302795

0.866006
-0.18387
0.465001
-0.22528
0.167911

-0.866006
0.18387
-0.465001
-0.308336
0.191443

-0.00907736
0.290675
-0.956779
-3.0845
1.89957

0.00907736
-0.290675
0.956779
0.864976
0.00208044

0.168533
0.409846
0.89645
0.978012
3.39213e-05

-0.168533
-0.409846
-0.89645
-1.05882
0.203528

0.242938
0.427571
0.870726
0.87759
0.000313655

-0.424871
-0.668893
-0.609973
0.75796
0.00232987

0.424871
0.668893
0.609973
0.268138
0.0211918

-0.642017
0.243536
-0.726983
-0.564831
0.197711

0.642017
-0.243536
0.726983
0.539675
0.0171207

0.279522
-0.272341
0.920705
0.929258
0.000505899

0.44382
0.524725
-0.726421
-7.83258
15.6709

-0.44382
-0.524725
0.726421
0.923569
0.00117497

0.433858
-0.435864
-0.788537
-3.11913
2.23687

-0.433858
0.435864
0.788537
0.742555
0.00876074

-0.144545
-0.739057
-0.657952
0.441364
0.0163859

0.144545
0.739057
0.657952
0.368172
0.0209608

0.186955
-0.223544
-0.956596
-2.50739
1.00037

-0.186955
0.223544
0.956596
0.964214
0.000109106

0.341323
-0.502001
-0.794666
0.399294
0.058838

0.297466
-0.729396
0.616031
-0.187674
0.143728

-0.297466
0.729396
-0.616031
-0.118841
0.127566

0.466039
-0.306473
-0.829989
-3.44679
2.32675

-0.466039
0.306473
0.829989
0.889138
0.00145758

0.118243
0.485423
-0.866247
-0.759714
0.202021

-0.118243
-0.485423
0.866247
0.808368
0.00241542

0.346359
0.345487
0.872166
0.834066
0.00266849

-0.346359
-0.345487
-0.872166
-2.13986
0.952557

0.954211
0.299133
0
0.473406
0.0176145

-0.954211
-0.299133
0
0.21336
0.0375782

0.376328
-0.360216
0.853594
0.999212
4.94716e-07

0.50767
-0.25697
0.822337
0.799934
0.00349274

-0.50767
0.25697
-0.822337
-1.5095
0.537535

0.547037
-0.67521
-0.494815
0.965162
5.05346e-05

-0.547037
0.67521
0.494815
-0.562798
0.099122

-0.589
0.647993
0.482892
0.988649
5.88886e-06

0.264593
-0.0294078
-0.963912
-2.43497
0.993261

-0.264593
0.0294078
0.963912
0.946993
0.000243955

-0.227531
0.85371
-0.468412
-0.2988
0.0937203

0.227531
-0.85371
0.468412
0.775405
0.00282748

0.795437
-0.606036
0
0.921833
0.000307936

-0.795437
0.606036
0
0.0799611
0.0277006

0.414088
-0.04605
0.909071
0.849321
0.00295021

-0.414088
0.04605
-0.909071
-3.6772
2.83819

0.0891368
-0.441808
0.89267
0.109718
0.0340861

0.131557
-0.228025
0.964727
0.959565
0.00016744

-0.131557
0.228025
-0.964727
-3.40509
1.95715

0.492795
-0.263883
-0.829168
-2.00354
1.18108

-0.492795
0.263883
0.829168
0.448332
0.0400344

0.832052
0.554698
0
0.962386
0.00344705

0.655472
0.75522
0
0.0248803
0.0774184

-0.655472
-0.75522
0
0.153319
0.0586006

0.769631
0.638489
0
-0.443257
0.147567

-0.769631
-0.638489
0
0.658425
0.0111304

0.448457
-0.461546
0.765416
0.768308
0.00447819

-0.448457
0.461546
-0.765416
-1.24872
0.414818

0.49809
-0.154922
0.853174
0.137743
0.0782988

-0.49809
0.154922
-0.853174
-0.588139
0.265552

0.53574
-0.144495
-0.831928
0.929432
0.000292631

0.547423
-0.390522
-0.740149
-1.96673
0.729831

-0.547423
0.390522
0.740149
0.900285
0.000856827

-0.823523
0.0982624
0.558708
0.697587
0.00876473

0.823523
-0.0982624
-0.558708
-1.4902
0.590856

0.805519
0.164487
0.569284
0.883498
0.00144441

-0.805519
-0.164487
-0.569284
-2.87155
1.58893

-0.75229
-0.632142
-0.185625
0.982946
8.49738e-05

0.75229
0.632142
0.185625
-13.942
64.9549

0.696273
-0.676788
-0.239084
0.148156
0.0486723

-0.696273
0.676788
0.239084
0.326939
0.0303907

0.341774
-0.260867
0.902851
0.867977
0.0025657

-0.0235723
-0.473629
0.880409
0.955705
0.000238733

0.0235723
0.473629
-0.880409
-3.46106
2.04766

-0.291391
0.55477
-0.779308
0.986055
4.30977e-06

-0.275734
0.738588
-0.615191
-8.91407
23.2577

0.275734
-0.738588
0.615191
0.873624
0.00378233

0.328689
-0.914077
-0.237543
0.616089
0.00560915

-0.328689
0.914077
0.237543
0.520444
0.00874801

0.436367
-0.189643
0.879556
-0.39732
0.178853

-0.436367
0.189643
-0.879556
0.26092
0.0500778

-0.259172
-0.594417
-0.761248
-0.201895
0.0654541

-0.35829
-0.24222
0.901642
-0.714727
0.42695

0.35829
0.24222
-0.901642
-0.574795
0.360174

-0.147918
0.989
0
-1.25674
0.31925

0.147918
-0.989
0
0.926781
0.000339548

0.438507
-0.713153
0.546922
-1.87044
1.01111

-0.438507
0.713153
-0.546922
0.502918
0.0304553

0.634551
0.350785
-0.688691
-0.0199621
0.158108

-0.634551
-0.350785
0.688691
-1.64749
1.06403

0.699507
-0.448118
0.556669
0.2201
0.0554439

-0.699507
0.448118
-0.556669
-0.324185
0.15966

-0.766479
0.602752
-0.22181
-0.373517
0.155111

0.766479
-0.602752
0.22181
0.412802
0.0283595

0.425226
0.535736
0.7295
-3.93386
5.19087

-0.425226
-0.535736
-0.7295
0.116868
0.166546

-0.024425
-0.851626
-0.52358
-3.63201
3.3833

0.024425
0.851626
0.52358
0.630052
0.0215958

-0.532473
-0.782232
-0.323397
0.953757
4.50484e-05

0.532473
0.782232
0.323397
0.420999
0.00663485

0.586758
-0.393618
-0.707658
-0.626071
0.220183

-0.586758
0.393618
0.707658
0.5395
0.0193008

0.117475
0.23247
-0.965483
0.735903
0.014327

0.387388
-0.392357
-0.834258
0.321349
0.0131808

-0.387388
0.392357
0.834258
0.888685
0.00036453

-0.128354
-0.711968
-0.690382
0.88898
0.000668768

-0.0839089
0.174344
0.981103
0.951891
0.00017129

-0.795397
0.22848
-0.561374
0.584821
0.00711968

0.795397
-0.22848
0.561374
0.484835
0.0109378

-0.0869064
-0.0414629
-0.995353
0.824105
0.00201095

0.366579
0.0699291
-0.927755
-1.96696
1.32587

0.00484515
-0.743955
-0.668213
0.804373
0.0128424

-0.00484515
0.743955
0.668213
-12.8035
63.6761

0.234495
0.301826
-0.924074
-1.7144
0.694326

-0.234495
-0.301826
0.924074
0.766441
0.00516843

-0.944699
-0.267303
0.189983
0.708577
0.00474603

0.944699
0.267303
-0.189983
-0.139937
0.0725447

0.584926
-0.167173
0.793671
0.78024
0.00287846

-0.584926
0.167173
-0.793671
-0.421445
0.118502

-0.671776
-0.740754
0
-1.3913
0.633464

0.671776
0.740754
0
0.476059
0.0304908

0.0391447
-0.0662282
0.997036
0.996815
1.1376e-06

-0.060475
0.391883
-0.918025
0.939745
6.93194e-05

-0.246053
0.208005
0.946674
0.946898
0.000496442

0.246053
-0.208005
-0.946674
-6.93251
11.0378

-0.0519937
0.722132
-0.689799
-3.4289
2.75724

0.0519937
-0.722132
0.689799
0.732821
0.0100424

0.963029
0.146285
-0.22622
0.962597
0.000126988

0.766402
0.547819
-0.335443
-0.323898
0.118553

-0.766402
-0.547819
0.335443
0.620767
0.00974651

-0.469662
0.292947
0.832826
-0.816471
0.298997

0.469662
-0.292947
-0.832826
0.51162
0.0216515

0.596589
-0.219134
0.77205
0.0923363
0.0784975

0.118603
-0.834366
0.5383
0.400302
0.0107097

0.671307
-0.72619
0.14831
0.30929
0.0967312

-0.671307
0.72619
-0.14831
-4.1375
5.35111

-0.319842
-0.828436
-0.459777
0.546224
0.00867611

0.319842
0.828436
0.459777
0.499109
0.0105709

0.00144964
-0.37299
0.927834
0.906451
0.00150391

0.663406
0.712048
0.229959
0.29001
0.0166565

-0.476257
-0.879306
0
0.728796
0.0702011

0.476257
0.879306
0
0.605628
0.0964447

0.439265
0.695783
-0.568271
0.985151
4.52558e-06

-0.388235
-0.588205
0.709429
0.372962
0.0370941

0.388235
0.588205
-0.709429
-0.647
0.255094

-0.12929
0.821331
0.555607
0.796108
0.00456661

-0.200404
0.78933
-0.580342
0.979427
7.18777e-05

-0.949197
-0.314684
0
0.315098
0.0339578

0.949197
0.314684
0
0.129066
0.0539269

-0.48361
-0.664133
-0.57013
-5.36839
7.67697

0.48361
0.664133
0.57013
0.711706
0.0157874

0.523574
-0.453168
0.721463
0.701928
0.0185159

-0.523574
0.453168
-0.721463
-6.12429
10.5718

0.566274
0.280413
0.77505
0.78366
0.00570679

-0.566274
-0.280413
-0.77505
-2.90768
1.85576

-0.655328
0.205011
-0.726991
-2.29744
1.44057

0.655328
-0.205011
0.726991
0.529398
0.0294723

0.434916
-0.161919
0.885794
0.863122
0.000350875

-0.434916
0.161919
-0.885794
0.693382
0.00175842

0.70744
0.592161
0.385842
-0.845842
0.259927

-0.70744
-0.592161
-0.385842
0.712387
0.00633288

-0.710096
-0.14597
-0.688808
-4.78835
7.19148

0.710096
0.14597
0.688808
0.353131
0.0925212

-0.689572
-0.319297
-0.65003
0.884201
0.000170748

-0.261178
0.737192
0.623165
0.726231
0.00152382

1
0
0
0.503497
0.0855863

-0.904632
-0.065599
0.421115
0.587155
0.00935039

0.00166719
-0.71227
-0.701904
-1.25466
0.54806

-0.00166719
0.71227
0.701904
0.460069
0.031461

0.189323
-0.529708
-0.826781
-10.117
36.3432

-0.189323
0.529708
0.826781
0.722846
0.0227019

0.54997
-0.259311
-0.793908
-7.50148
15.4552

-0.54997
0.259311
0.793908
0.843696
0.00528354

0.144007
-0.903799
0.403
0.644456
0.0129183

-0.144007
0.903799
-0.403
-1.55712
0.666651

0.136065
0.190107
0.972289
0.939396
0.000598349

0.142737
-0.898943
0.41416
0.93945
0.000363763

0.273614
0.287518
0.917861
0.958952
0.000100327

-0.273614
-0.287518
-0.917861
-0.81449
0.155591

-0.215092
-0.56154
0.799004
0.882972
0.000932838

0.80837
-0.294538
0.509691
0.719284
0.00500556

-0.80837
0.294538
-0.509691
-0.404548
0.124417

0.652024
-0.202194
0.730741
0.750355
0.00553632

-0.140897
0.526594
0.838359
0.842728
0.00370891

0.539746
0.22375
0.811548
0.774735
0.00494901

-0.539746
-0.22375
-0.811548
-1.87328
0.803651

0.963676
0.16144
-0.212757
0.887833
0.00051387

0.343931
0.865178
0.364935
0.45979
0.0100773

-0.409842
-0.437811
-0.800219
-0.574961
0.331955

0.409842
0.437811
0.800219
-0.456145
0.283801

-0.0222153
0.147663
0.988788
0.781502
0.00502925

0.444355
-0.795534
-0.411916
0.834063
0.00278486

-0.444355
0.795534
0.411916
-2.32244
1.11428

-0.957119
-0.289694
0
0.889863
0.00109323

-0.494547
0.531181
0.687946
0.458362
0.0281365

0.494547
-0.531181
-0.687946
-0.857481
0.329595

-0.335096
0.89853
0.283469
9.05991e-05
0.0710569

0.335096
-0.89853
-0.283469
0.365969
0.0285811

-0.571881
-0.820337
0
0.887789
0.000515554

0.571881
0.820337
0
-0.0594572
0.0438504

0.68626
0.437807
-0.580838
0.263054
0.0278871

-0.68626
-0.437807
0.580838
0.555868
0.0101652

0.709942
-0.308959
0.632872
0.574674
0.00872925

-0.709942
0.308959
-0.632872
0.314162
0.0226945

0.375893
-0.59146
-0.713358
-0.536026
0.170747

-0.375893
0.59146
0.713358
0.647761
0.00906369

0.631502
0.775374
0
0.713948
0.0240043

-0.631502
-0.775374
0
-6.15127
10.0629

0.941441
0.31411
0.122568
0.295089
0.0571776

-0.941441
-0.31411
-0.122568
-1.13206
0.523028

-0.438339
-0.898809
0
-4.889
1.30362

0.438339
0.898809
0
0.787376
0.082056

-0.495855
-0.00100955
0.868405
0.90499
0.00055423

0.134134
-0.460255
0.877595
0.335282
0.053657

-0.134134
0.460255
-0.877595
-1.41167
0.706176

-0.736053
0.172673
0.654531
-0.886449
0.428735

0.736053
-0.172673
-0.654531
0.0600314
0.106476

-0.867568
0.454836
0.201121
-0.452674
0.173631

0.867568
-0.454836
-0.201121
0.45749
0.0242246

0.542398
0.494509
0.679165
0.178726
0.0782927

-0.542398
-0.494509
-0.679165
-0.951939
0.442212

-0.474006
0.156931
0.866424
0.91492
0.00132001

0.474006
-0.156931
-0.866424
-6.76854
10.9694

-0.209091
0.652309
-0.728542
-0.551469
0.279976

0.209091
-0.652309
0.728542
-0.104506
0.141999

0.835172
-0.0280406
0.549274
0.135769
0.0161755

0.324397
0.700094
0.636109
0.644902
0.0061368

-0.324397
-0.700094
-0.636109
0.20103
0.03104

0.0679652
-0.00835554
-0.997653
0.64204
0.0119987

0.891186
0.351264
-0.287057
-0.187674
0.14364

-0.891186
-0.351264
0.287057
-0.118841
0.127476

0.540146
0.16366
-0.825505
0.753046
0.00814952

-0.540146
-0.16366
0.825505
-3.13802
2.23999

-0.229359
0.20428
-0.951664
-11.0328
37.3577

0.229359
-0.20428
0.951664
0.94143
0.00088712

0.285537
0.28209
-0.915912
-0.558229
0.226159

-0.285537
-0.28209
0.915912
0.33724
0.0411089

-0.412816
0.910815
0
0.958796
0.000337948

0.412816
-0.910815
0
-6.17947
8.0254

-0.786089
-0.532389
0.314048
0.810943
0.00178373

0.786089
0.532389
-0.314048
-0.202242
0.0720347

0.743517
-0.0302121
0.668034
0.695621
0.00308076

-0.743517
0.0302121
-0.668034
0.54264
0.00695327

-0.446581
-0.634255
-0.631099
-16.5531
125.097

0.446581
0.634255
0.631099
0.824468
0.0125521

0.189145
0.840883
0.507091
0.414896
0.0214331

-0.189145
-0.840883
-0.507091
0.15745
0.0443854

-0.19021
0.873702
0.447734
-1.10134
0.260769

0.19021
-0.873702
-0.447734
0.927592
0.000318211

0.0628256
-0.372253
0.926003
0.484635
0.0237693

-0.0628256
0.372253
-0.926003
-0.721359
0.264938

-0.311872
0.404067
-0.859922
0.180542
0.0400427

0.311872
-0.404067
0.859922
0.459032
0.017534

0.563008
0.654784
-0.504262
-4.44506
5.56477

-0.563008
-0.654784
0.504262
0.543734
0.0391383

-0.225963
-0.187343
-0.955952
0.973606
3.1299e-05

0.620642
0.334177
0.709316
0.750355
0.00560166

-0.620642
-0.334177
-0.709316
-1.43793
0.527627

-0.165713
-0.846017
0.506749
0.418226
0.0227669

0.165713
0.846017
-0.506749
0.0335343
0.0627295

-0.388524
0.475816
0.789081
0.828773
0.00184312

0.388524
-0.475816
-0.789081
-0.727685
0.186148

-0.882479
0.0262985
0.469616
0.61531
0.0235361

0.882479
-0.0262985
-0.469616
-3.60944
3.37232

-0.77547
0.378301
0.505505
-2.11183
0.947556

0.77547
-0.378301
-0.505505
0.819315
0.00322125

-0.891167
-0.453676
0
-0.574055
0.206116

0.578302
0.0501241
-0.814281
-1.17437
0.484843

-0.578302
-0.0501241
0.814281
0.499024
0.0257393

-0.213772
0.0865075
0.973046
0.842094
0.00480725

0.213772
-0.0865075
-0.973046
-6.49373
10.8254

0.22373
0.740537
0.633679
0.894316
0.00355174

-0.22373
-0.740537
-0.633679
-13.2208
64.3057

-0.373034
0.606033
-0.702545
0.971913
9.62079e-05

-0.55399
-0.654621
0.51436
0.781501
0.00502945

0.55399
0.654621
-0.51436
-2.22545
1.09552

0.606882
0.472403
-0.639164
-1.20183
0.489728

-0.606882
-0.472403
0.639164
0.530967
0.0222283

-0.202942
0.823492
-0.529788
0.560263
0.00821866

0.202942
-0.823492
0.529788
0.476676
0.0116358

0.82024
0.108196
-0.561694
-3.11913
2.23644

-0.82024
-0.108196
0.561694
0.742555
0.00878273

-0.635532
-0.56624
-0.524854
-0.626876
0.442182

0.635532
0.56624
0.524854
-1.18119
0.794826

0.633802
-0.656718
-0.408677
-0.466207
0.240213

-0.633802
0.656718
0.408677
-0.0812924
0.130696

0.399356
0.27349
-0.875053
0.171436
0.0538957

-0.399356
-0.27349
0.875053
0.0488478
0.0710161

0.622289
0.425348
-0.657142
0.274469
0.0490857

-0.622289
-0.425348
0.657142
-0.461624
0.199113

0.87829
0.478129
0
-0.65191
0.222053

-0.87829
-0.478129
0
0.57337
0.0153619

-0.648118
0.759915
0.0497181
0.809898
0.00431407

0.474035
0.862257
0.178334
0.676472
0.00580445

-0.474035
-0.862257
-0.178334
-0.0581677
0.0620467

-0.346293
0.201797
0.916165
0.786983
0.0113299

0.346293
-0.201797
-0.916165
-8.60315
22.9719

-0.0100364
0.197049
-0.980342
-1.9122
1.02176

0.0100364
-0.197049
0.980342
0.543706
0.0253105

0.173905
0.486431
-0.856237
-2.06483
4.90142

-0.173905
-0.486431
0.856237
-8.93005
51.4527

-0.742385
0.495153
0.451318
0.952849
0.000392692

0.742385
-0.495153
-0.451318
-6.96856
11.0487

-0.062075
-0.345104
0.936509
0.945991
0.000365294

0.0645685
-0.0292387
0.997485
0.99681
4.78464e-06

-0.627791
0.298088
0.719042
0.219073
0.048563

0.627791
-0.298088
-0.719042
-0.0327779
0.0849309

0.267895
0.658346
-0.703429
0.356608
0.0450949

-0.267895
-0.658346
0.703429
-1.06532
0.464592

0.474922
-0.715144
0.512853
0.374624
0.052693

-0.128291
0.443724
0.886933
0.863893
0.00174674

0.128291
-0.443724
-0.886933
-2.20156
0.962614

-0.0611068
0.525801
0.84841
0.865514
0.00435917

0.0611068
-0.525801
-0.84841
-8.88066
23.2142

-0.334985
-0.705894
-0.624098
-36.9989
1016.4

0.334985
0.705894
0.624098
0.989953
7.34468e-05

0.225007
0.840554
0.492789
0.988227
4.97981e-05

-0.225007
-0.840554
-0.492789
-17.8375
126.985

0.82066
0.571417
0
-0.678421
0.227965

-0.82066
-0.571417
0
0.606209
0.016476

0.249566
0.147155
-0.957111
-1.1319
0.366501

-0.249566
-0.147155
0.957111
0.750978
0.00512395

0.628818
0.0278832
-0.777053
-8.67842
23.0491

-0.628818
-0.0278832
0.777053
0.810303
0.00886213

-0.488148
-0.261508
0.832661
-8.93005
51.4365

0.488148
0.261508
-0.832661
-2.06483
4.90074

-0.746988
-0.0664813
-0.661505
-0.0984381
0.0703467

0.746988
0.0664813
0.661505
0.652448
0.0070585

0.598614
-0.0801006
-0.797023
0.264576
0.0359967

-0.598614
0.0801006
0.797023
0.235455
0.0388922

0.325577
-0.0290609
0.945069
0.952062
0.000425998

-0.325577
0.0290609
-0.945069
-6.96366
11.0369

-0.890865
-0.454269
0
0.181056
0.0392433

0.890865
0.454269
0
0.502505
0.0148732

-0.943768
0.195819
-0.266377
-1.27541
0.382323

0.943768
-0.195819
0.266377
0.849545
0.00167767

-0.93382
-0.186603
0.305219
0.531917
0.0304733

0.93382
0.186603
-0.305219
-2.5399
1.74151

-0.266576
-0.932641
-0.243143
-0.0707657
0.0835878

0.266576
0.932641
0.243143
0.382733
0.0277875

-0.633732
0.504758
0.586178
0.843445
0.0129139

0.633732
-0.504758
-0.586178
-22.8138
298.043

0.102518
0.367691
0.92428
0.847333
0.00233309

-0.102518
-0.367691
-0.92428
-2.34982
1.11918

-0.539803
0.447749
-0.712835
-8.45721
22.8121

0.539803
-0.447749
0.712835
0.737301
0.0176813

0.0408946
-0.672276
0.739171
-0.379169
0.314171

-0.0408946
0.672276
-0.739171
-1.45187
0.992305

-0.712613
0.401596
-0.575242
0.996935
2.7137e-07

-0.141494
-0.447328
0.883106
0.893853
0.00118895

0.29225
0.0240211
0.95604
-0.909022
0.433467

-0.29225
-0.0240211
-0.95604
0.102369
0.0961026

0.919856
0.181802
-0.347583
0.575497
0.00233784

0.395237
0.918579
0
0.670121
0.00647433

-0.395237
-0.918579
0
-0.0537007
0.0625667

-0.16619
0.92895
-0.330808
-0.369855
0.175553

0.16619
-0.92895
0.330808
0.204802
0.0591797

-0.647379
-0.673241
-0.357277
-4.591
5.65678

0.647379
0.673241
0.357277
0.634121
0.0242518

0.964787
0.263031
0
0.623524
0.00533281

-0.47457
-0.676813
0.562768
-0.993125
0.253459

0.47457
0.676813
-0.562768
0.875429
0.000992602

-0.998337
0.057645
0
0.102369
0.0958294

0.998337
-0.057645
0
-0.909022
0.433419

-0.235154
0.958324
0.162231
0.774735
0.00494327

0.235154
-0.958324
-0.162231
-1.87328
0.803687

0.306957
-0.951723
0
-0.0672802
0.0698155

0.26171
0.216614
-0.940524
-3.29076
6.97583

-0.26171
-0.216614
0.940524
-3.29076
6.97583

0.30447
0.217467
0.927365
0.922898
0.000368545

-0.30447
-0.217467
-0.927365
-1.16582
0.287369

-0.582284
-0.453394
-0.674818
0.964874
4.64377e-05

0.847346
0.531041
0
-8.65421
33.5184

-0.847346
-0.531041
0
-0.0726919
0.414615

0.559746
-0.796862
0.227366
0.798388
0.00216661

-0.559746
0.796862
-0.227366
-0.286789
0.0882163

0.00814176
-0.89261
-0.450756
0.776134
0.00201554

0.759346
-0.448501
-0.471424
0.0360967
0.0288455

-0.759346
0.448501
0.471424
0.938803
0.000124072

-0.546604
0.00321239
0.837385
0.711515
0.00971078

0.546604
-0.00321239
-0.837385
-2.31312
1.26589

0.74837
-0.210691
0.628929
0.572782
0.0186772

-0.74837
0.210691
-0.628929
-1.35496
0.567232

-0.642455
-0.0192478
0.766081
0.709234
0.00326983

-0.114373
-0.670446
0.733091
0.702947
0.00159791

0.735044
-0.084512
-0.672732
0.0805521
0.0984304

-0.735044
0.084512
0.672732
-0.802121
0.377652

0.502057
-0.859926
-0.0920051
-3.02261
1.88533

-0.502057
0.859926
0.0920051
0.839097
0.00301729

0.096713
-0.968277
0.230406
-0.227946
0.111029

-0.096713
0.968277
-0.230406
0.472901
0.0204677

-0.453652
-0.35005
-0.819551
-5.00502
5.87069

0.453652
0.35005
0.819551
0.828022
0.00488383

0.00772683
0.878083
0.478446
-0.913391
0.288174

-0.00772683
-0.878083
-0.478446
0.706142
0.00679847

-0.0228866
0.41196
0.910915
-5.74264
17.934

0.0228866
-0.41196
-0.910915
-1.73049
2.94185

-0.37511
-0.636835
0.673597
0.821429
0.00158903

0.37511
0.636835
-0.673597
-0.183547
0.0679535

-0.456307
0.11818
0.88194
0.398821
0.0504518

0.456307
-0.11818
-0.88194
-2.16398
1.39719

-0.367531
-0.172868
0.913804
0.0619364
0.177844

0.367531
0.172868
-0.913804
-3.40368
3.91721

0.658197
-0.0060624
-0.752821
-1.00405
0.297781

-0.658197
0.0060624
0.752821
0.78318
0.00457408

-0.606004
-0.77721
-0.169422
-2.07182
1.55668

0.606004
0.77721
0.169422
-0.00303149
0.165976

0.305308
-0.34233
-0.888593
-11.0761
37.3871

-0.305308
0.34233
0.888593
0.947502
0.000709392

0.32837
-0.298348
-0.896193
-4.1375
5.35097

-0.32837
0.298348
0.896193
0.30929
0.096739

-0.839353
-0.543586
0
0.25909
0.0295412

0.839353
0.543586
0
0.656073
0.0080805

0.368921
-0.383001
0.846881
0.88983
0.000993095

-0.368921
0.383001
-0.846881
-1.80236
0.635042

-0.318559
-0.881646
-0.348168
0.318584
0.06671

0.318559
0.881646
0.348168
-2.09169
1.37184

-0.219611
0.804709
-0.551556
0.884687
0.000319554

0.219611
-0.804709
0.551556
0.497972
0.00597843

0.362141
0.0642217
0.929908
0.912383
0.00574575

-0.362141
-0.0642217
-0.929908
-35.8206
1012.7

-0.119728
-0.37747
0.918249
0.881833
0.00239114

0.471869
0.777072
0.416531
0.502864
0.0116403

-0.471869
-0.777072
-0.416531
0.429306
0.0153388

-0.274753
0.632218
0.724439
-1.2184
0.727028

0.274753
-0.632218
-0.724439
-0.217246
0.219067

-0.0603321
-0.530932
0.845264
0.662091
0.0150534

0.0603321
0.530932
-0.845264
-2.7078
1.79628

-0.145504
-0.852681
0.501761
0.964835
0.000110639

0.145504
0.852681
-0.501761
-2.70404
1.16793

0.970024
-0.0691066
-0.232976
0.249115
0.0428958

-0.970024
0.0691066
0.232976
0.0192562
0.0731676

0.200873
-0.303308
-0.931479
-5.94323
7.97865

-0.200873
0.303308
0.931479
0.912344
0.0012735

-0.739286
0.172875
-0.650823
0.945188
0.000389693

0.739286
-0.172875
0.650823
-4.39716
3.64193

-0.823905
-0.566727
0
-0.519094
0.386951

0.823905
0.566727
0
-1.22604
0.804044

0.720208
0.230203
0.654452
-23.4785
299.867

-0.720208
-0.230203
-0.654452
0.934511
0.00216347

0.229382
0.894715
0.383234
-0.313497
0.0944654

-0.229382
-0.894715
-0.383234
0.78984
0.0024223

-0.865406
0.357582
-0.35101
0.423218
0.0201738

0.865406
-0.357582
0.35101
0.195798
0.0391765

-0.0603382
0.895164
-0.441634
0.145741
0.0608276

0.0603382
-0.895164
0.441634
-0.0384766
0.0898841

0.196312
0.44017
-0.876192
-0.523644
0.209478

-0.196312
-0.44017
0.876192
0.385313
0.0368904

0.250738
-0.28461
0.925272
0.928176
9.63211e-05

-0.250738
0.28461
-0.925272
0.570091
0.00337112

0.37812
0.437344
0.815939
0.662021
0.00523136

-0.491236
0.403973
0.771682
-2.43199
1.701

-0.379272
-0.701588
-0.603264
0.958392
0.000134648

-0.312984
-0.871684
-0.377105
-0.574961
0.331853

0.312984
0.871684
0.377105
-0.456145
0.28368

0.471638
-0.690511
-0.548409
0.224216
0.0324973

-0.471638
0.690511
0.548409
0.530697
0.011901

0.284755
0.943412
0.169965
-0.232979
0.192865

-0.284755
-0.943412
-0.169965
-0.659094
0.349197

0.18869
0.982037
0
0.61191
0.00519587

-0.18869
-0.982037
0
0.619557
0.00499517

0.0550785
0.112264
0.992151
0.99021
1.55663e-05

0.483596
0.165953
-0.859415
-1.78163
0.632679

-0.483596
-0.165953
0.859415
0.880572
0.00117201

0.264408
-0.024223
0.964107
0.902483
0.00259147

0.550193
0.144026
-0.822523
0.48281
0.0165665

-0.550193
-0.144026
0.822523
0.080549
0.0523467

-0.12014
0.0825833
-0.989316
-6.59135
10.8686

0.12014
-0.0825833
0.989316
0.870847
0.00322205

-0.392258
0.248101
0.885765
0.600577
0.00491509

-0.628678
0.125342
-0.767498
-3.5108
3.32542

0.628678
-0.125342
0.767498
0.546503
0.0336482

-0.402763
0.143924
-0.903918
-0.354473
0.107869

0.402763
-0.143924
0.903918
0.754736
0.00354094

-0.527846
0.266382
0.806486
0.104349
0.0471356

0.527846
-0.266382
-0.806486
0.529693
0.0130857

-0.614092
-0.701109
0.362405
0.448332
0.02013

0.614092
0.701109
-0.362405
0.0192511
0.06356

0.334547
0.167544
-0.927366
-1.59555
0.83421

-0.334547
-0.167544
0.927366
0.382374
0.047263

-0.49579
0.287056
0.819629
0.940036
0.000271034

-0.541431
-0.00528087
-0.840729
0.619493
0.00925695

-0.747806
-0.141258
-0.648715
-4.41222
5.54233

0.747806
0.141258
0.648715
0.521637
0.0434092

0.632717
-0.0753847
0.770705
0.785462
0.00506189

0.425629
-0.216347
0.878655
0.819724
0.00187225

0.120449
-0.764017
0.633853
-0.412711
0.0841996

-0.120449
0.764017
-0.633853
0.934756
0.000179792

0.38923
-0.364857
0.845801
-1.5801
0.670989

-0.38923
0.364857
-0.845801
0.6644
0.0113603

0.561224
-0.220481
-0.797756
0.740848
0.0040842

-0.561224
0.220481
0.797756
-0.341274
0.107221

-0.618015
0.319668
-0.71824
-3.64002
4.0776

0.618015
-0.319668
0.71824
0.304725
0.0915583

-0.648653
-0.269126
0.711913
0.900014
0.00184339

-0.432858
0.456396
0.777391
0.655821
0.0164154

0.808592
-0.538978
0.235969
-0.946247
0.291774

-0.808592
0.538978
-0.235969
0.735866
0.0053878

-0.959876
0.114397
0.25603
0.289512
0.0250879

0.931564
0.363578
0
-0.9988
0.596007

-0.931564
-0.363578
0
-0.410356
0.310049

0.706733
0.566374
-0.423968
0.68519
0.00840348

-0.0174643
-0.927838
-0.372575
0.498785
0.0207505

-0.0522181
-0.41157
0.909881
0.865619
0.000986873

0.176551
-0.806808
0.563818
-0.864571
0.424183

-0.176551
0.806808
-0.563818
0.0174954
0.117938

0.9149
-0.403681
0
0.0591701
0.0725341

-0.9149
0.403681
0
0.142753
0.0605712

0.0880323
-0.844961
-0.527534
-0.287231
0.188428

-0.0880323
0.844961
0.527534
-0.287231
0.188428

0.353659
0.302478
0.885117
0.869976
0.000485392

-0.353659
-0.302478
-0.885117
0.479907
0.00701752

0.0267183
-0.273766
-0.961425
-1.81799
0.888571

-0.397709
-0.349473
0.848349
0.902813
0.000617337

0.335708
-0.606573
0.720673
0.313845
0.0507078

-0.335708
0.606573
-0.720673
-0.936608
0.402814

-0.801429
-0.290758
-0.522658
-0.146345
0.0616035

0.801429
0.290758
0.522658
0.838816
0.00159377

-0.657513
-0.322437
-0.680964
-3.86837
3.48189

0.657513
0.322437
0.680964
0.763644
0.00827082

-0.326072
-0.172237
0.929522
0.956727
0.000565305

0.812286
-0.105964
-0.573552
-1.07242
0.359263

-0.812286
0.105964
0.573552
0.700301
0.00756491

0.467128
-0.655721
0.593145
0.634064
0.0169208

-0.467128
0.655721
-0.593145
-2.42382
1.47972

-0.394756
-0.59793
-0.697601
-0.823735
0.27782

0.394756
0.59793
0.697601
0.613564
0.0125645

-0.255027
0.919158
-0.300182
0.992943
1.51374e-06

-0.309477
0.192171
-0.931286
-0.0877198
0.0447597

0.469414
0.442559
0.764063
0.656374
0.0124194

-0.469414
-0.442559
-0.764063
-1.71237
0.773383

-0.497734
-0.61106
-0.615522
0.498645
0.0109387

0.497734
0.61106
0.615522
0.523399
0.00989071

0.526315
-0.0797601
-0.84654
-7.70072
15.5941

-0.526315
0.0797601
0.84654
0.895506
0.00226053

0.652406
-0.00625277
-0.757844
-0.598006
0.128042

-0.652406
0.00625277
0.757844
0.908518
0.00044997

0.44009
-0.334936
-0.83315
-16.6994
125.385

-0.44009
0.334936
0.83315
0.853724
0.00862563

0.969595
0.178624
0.167271
0.888453
0.00124977

-0.969595
-0.178624
-0.167271
-2.65247
1.33797

-0.694789
-0.279686
-0.662605
0.878891
0.000496566

-0.633655
-0.623568
0.45787
0.530915
0.00396905

0.633655
0.623568
-0.45787
0.942678
6.08839e-05

-0.30074
0.721214
-0.624023
0.97055
9.24193e-05

-0.466232
-0.862755
0.195658
-0.849714
0.303468

0.466232
0.862755
-0.195658
0.553654
0.0176784

0.0730303
-0.469548
0.879881
0.481798
0.0279375

-0.0730303
0.469548
-0.879881
-1.16007
0.482183

-0.0115913
0.58155
0.813428
0.99216
5.36071e-06

0.0115913
-0.58155
-0.813428
-2.69156
1.0129

0.651716
0.0231393
-0.75811
0.423612
0.0182309

-0.651716
-0.0231393
0.75811
0.332872
0.0244179

0.508188
0.25752
-0.821845
0.945307
0.000162441

-0.508188
-0.25752
0.821845
-1.00894
0.217976

0.912033
-0.410117
0
-3.27937
1.93595

-0.912033
0.410117
0
0.929887
0.000552385

-0.888909
0.443989
0.112761
-0.25295
0.0864569

-0.775657
-0.631155
0
0.707448
0.014582

0.775657
0.631155
0
-1.63297
0.659956

0.549881
0.444503
0.707141
0.846758
0.00121238

-0.549881
-0.444503
-0.707141
-0.379172
0.0978268

-0.357645
0.053237
0.932339
0.911947
0.000654048

-0.795883
-0.301281
0.525166
0.725286
0.0194016

0.795883
0.301281
-0.525166
-8.42436
22.7808

0.910922
0.412578
0
0.914896
0.000746255

-0.910922
-0.412578
0
-2.96245
1.60522

-0.749816
0.390309
-0.534261
-0.236239
0.111767

0.749816
-0.390309
0.534261
0.487176
0.0192854

-0.264674
0.256888
-0.929492
-15.0904
120.601

0.264674
-0.256888
0.929492
0.35639
0.193286

-0.0786914
0.00567004
0.996883
0.99606
7.83219e-06

0.288007
-0.947904
-0.136122
-0.302927
0.104622

0.860515
0.509425
0
-0.992135
0.450372

-0.860515
-0.509425
0
0.24558
0.0694387

-0.3418
-0.294649
-0.892387
-0.591335
0.0939695

0.3418
0.294649
0.892387
0.983103
1.26332e-05

0.566109
0
0.824331
0.85783
0.00116952

0.495474
-0.237478
0.835529
0.867765
0.00199912

-0.495474
0.237478
-0.835529
-3.09157
1.90084

0.333853
0.340819
0.878854
0.880399
0.0010227

-0.334644
-0.267857
0.903474
0.576469
0.0115867

-0.562743
-0.704765
-0.432003
0.0467777
0.0747301

0.334842
-0.862545
0.379338
0.950467
0.000922521

-0.334842
0.862545
-0.379338
-17.355
126.528

0.782248
0.0187579
0.622685
0.463653
0.030068

-0.782248
-0.0187579
-0.622685
-1.14538
0.479552

-0.252781
0.89736
0.361729
-1.53768
0.490447

0.252781
-0.89736
-0.361729
0.880072
0.00110453

0.286061
-0.731242
-0.619237
0.974918
0.000231455

-0.180276
-0.821646
-0.540739
-0.0341671
0.140987

0.180276
0.821646
0.540739
-1.05339
0.555466

-0.145383
0.117841
0.982333
0.92526
0.000401034

-0.868954
0.494894
0
0.254765
0.0731173

0.868954
-0.494894
0
-1.2234
0.593101

0.354564
-0.381521
-0.853655
0.0123132
0.0641616

0.0100052
0.208842
0.977898
0.979882
6.37595e-05

0.486376
0.23864
0.840529
0.84007
0.0035745

-0.486376
-0.23864
-0.840529
-4.04299
3.54672

0.103656
-0.891491
0.441021
0.476107
0.0179031

-0.501813
-0.148099
0.852203
0.886828
0.00239307

0.501813
0.148099
-0.852203
-6.651
10.9121

-0.757981
-0.573664
-0.310442
0.554016
0.0126131

-0.982945
0.159976
-0.0907028
-0.260812
0.162081

0.982945
-0.159976
0.0907028
-0.0539343
0.113256

0.97967
0.121604
0.15956
0.846778
0.00112376

-0.97967
-0.121604
-0.15956
-0.242644
0.0737762

0.690548
-0.646397
0.324521
0.34355
0.0128301

-0.690548
0.646397
-0.324521
0.865579
0.000544868

-0.170213
-0.194183
-0.966085
-0.90604
0.287404

0.170213
0.194183
0.966085
0.699197
0.00730286

-0.660633
-0.628193
-0.41102
0.715806
0.00977271

0.660633
0.628193
0.41102
-2.54012
1.51223

-0.795286
-0.355789
0.490851
0.0841842
0.0623449

0.795286
0.355789
-0.490851
0.23046
0.0440378

-0.316516
0.606578
0.729301
0.616895
0.0207207

0.316516
-0.606578
-0.729301
-2.92298
2.16976

-0.425578
-0.0151552
-0.904795
-0.922937
0.213296

0.425578
0.0151552
0.904795
0.909362
0.000478695

0.235561
-0.97186
0
-0.881323
0.619291

-0.235561
0.97186
0
-1.08459
0.760342

-0.0701982
-0.8638
-0.49892
-2.21809
1.61835

0.0701982
0.8638
0.49892
0.195485
0.101237

0.697731
0.398244
0.595461
0.941846
0.000152675

-0.697731
-0.398244
-0.595461
-0.428123
0.0847684

-0.689467
0.468449
0.552441
0.772199
0.00457037

0.689467
-0.468449
-0.552441
-1.46822
0.532013

-0.233854
0.447643
0.863092
0.595988
0.050455

0.233854
-0.447643
-0.863092
-9.78489
35.8276

-0.0292205
0.262437
0.964507
0.931416
0.00094153

0.0292205
-0.262437
-0.964507
-7.87408
15.6909

-0.0845903
0.641175
0.762719
0.494302
0.028115

0.0845903
-0.641175
-0.762719
-1.40729
0.636906

-0.592971
-0.564012
-0.574696
0.273969
0.0255899

0.592971
0.564012
0.574696
0.598221
0.00783894

0.263646
-0.174789
0.948651
0.878966
0.00156738

-0.918473
0.203919
-0.338857
0.678192
0.0112022

0.918473
-0.203919
0.338857
-1.89625
0.905742

0.169576
-0.971955
-0.162932
0.635876
0.00906396

-0.169576
0.971955
0.162932
-0.378834
0.129907

-0.0201925
-0.402417
0.915234
0.680968
0.00980532

0.0201925
0.402417
-0.915234
-1.47025
0.587625

-0.582182
-0.0548562
0.811206
0.938809
0.000317498

0.582182
0.0548562
-0.811206
-2.07673
0.741582

-0.115713
0.29762
-0.947646
-8.76728
23.1281

0.115713
-0.29762
0.947646
0.835873
0.00655282

-0.172706
0.4548
-0.873687
-3.25057
2.68864

0.172706
-0.4548
0.873687
0.622856
0.0211731

0.296282
-0.510173
0.807428
-0.0351317
0.0610754

-0.296282
0.510173
-0.807428
0.642718
0.00736952

0.0995034
-0.995037
0
0.995788
5.27331e-05

0.943896
0.330241
0
-4.05697
4.11815

-0.943896
-0.330241
0
0.623861
0.0319937

-0.435779
-0.892224
-0.118459
0.0255023
0.0693093

0.435779
0.892224
0.118459
0.307248
0.0350274

0.905174
0.425041
0
0.81611
0.0118205

0.170582
0.406029
0.897799
0.845686
0.00316925

0.874519
0.185756
0.448009
0.0588539
0.0559302

-0.874519
-0.185756
-0.448009
0.476192
0.0173537

0.477443
-0.83008
0.288122
-0.66863
0.159088

-0.477443
0.83008
-0.288122
0.863785
0.00106085

0.411216
0.00205102
-0.911536
-17.0212
126.039

-0.411216
-0.00205102
0.911536
0.908055
0.00328379

0.00299424
-0.35266
0.935747
0.975798
0.000226708

-0.00299424
0.35266
-0.935747
-17.6368
126.75

-0.700719
-0.713437
0
-0.144721
0.114675

0.700719
0.713437
0
0.311546
0.0474278

0.60164
-0.733104
0.317155
0.0717058
0.118141

0.110769
0.308573
0.944729
0.866532
0.00494377

-0.480097
0.830585
0.282198
0.576418
0.00231441

0.0834835
-0.263739
-0.960975
-2.39042
1.46863

0.144132
0.918138
0.369119
0.121419
0.0523673

-0.144132
-0.918138
-0.369119
0.334436
0.0300657

0.173058
-0.685333
0.707368
0.459032
0.0174762

-0.707112
-0.707101
0
0.969352
0.00433704

-0.0905805
-0.50975
0.855541
0.935057
0.00160575

0.491085
-0.466792
0.735487
0.72638
0.00997671

-0.491085
0.466792
-0.735487
-3.09092
2.22804

0.302979
-0.275097
0.912428
0.945039
0.00116732

-0.302979
0.275097
-0.912428
-17.3054
126.392

-0.53859
0.0859213
0.838175
0.843993
0.00298913

0.53859
-0.0859213
-0.838175
-3.32728
2.2978

0.534799
0.272431
-0.799857
0.488899
0.0113528

-0.534799
-0.272431
0.799857
0.526513
0.0097434

-0.933553
-0.358439
0
0.276581
0.0717206

0.933553
0.358439
0
-1.36875
0.689126

0.467043
0.481624
0.741559
0.507823
0.0140922

-0.353623
-0.422628
0.834468
0.781751
0.00170234

0.642244
0.599698
0.477372
0.0436852
0.121995

0.384109
-0.27232
0.882214
0.908055
0.000975549

-0.384109
0.27232
-0.882214
-3.5053
2.34018

-0.459772
0.483479
0.744888
0.748493
0.0100657

0.381888
-0.20384
-0.901449
0.902547
0.000801983

0.365237
-0.174332
-0.914445
-0.286944
0.075547

-0.365237
0.174332
0.914445
0.880568
0.000651775

0.0728223
-0.566939
-0.820535
-1.571
0.493811

-0.0728223
0.566939
0.820535
0.895494
0.000826235

-0.992373
-0.123274
0
-0.232979
0.193046

0.992373
0.123274
0
-0.659094
0.349306

-0.0801952
0.436996
0.895881
0.965231
0.000171279

0.430675
-0.902507
0
-0.838894
0.418706

-0.430675
0.902507
0
-0.0343812
0.132489

-0.45293
-0.845135
0.283902
0.380582
0.0250748

0.45293
0.845135
-0.283902
0.126521
0.0498581

0.423895
0.115266
0.898347
0.626002
0.0120562

-0.423895
-0.115266
-0.898347
-0.371266
0.132765

0.772052
0.602224
0.203129
-1.45615
0.398022

-0.772052
-0.602224
-0.203129
0.933428
0.00029404

0.0100866
-0.404059
-0.914677
-17.4104
126.595

-0.0100866
0.404059
0.914677
0.956192
0.000717702

0.103393
-0.0659008
0.992455
0.994964
1.18698e-05

-0.103393
0.0659008
-0.992455
-24.387
301.24

0.540536
0.711796
0.448517
0.506944
0.050097

0.779809
-0.489787
0.38988
0.285336
0.0311528

-0.779809
0.489787
-0.38988
0.33461
0.0270094

0.517984
0.85539
0
-1.1016
0.622904

0.122687
-0.00766654
0.992416
-0.205994
0.188795

-0.122687
0.00766654
-0.992416
-0.760827
0.401982

-0.11519
0.00686457
-0.99332
-11.1151
37.416

0.11519
-0.00686457
0.99332
0.952675
0.000571504

-0.46839
0.820085
-0.328741
0.509218
0.0295143

-0.0404962
0.936194
-0.349142
0.90774
0.000275627

0.954048
-0.18208
0.23799
0.851702
0.00067928

-0.348354
0.453464
0.820378
0.768241
0.00347543

0.348354
-0.453464
-0.820378
-0.546671
0.151168

-0.516552
-0.461759
0.721077
0.730377
0.00540596

0.516552
0.461759
-0.721077
-0.795607
0.236526

0.67996
0.568571
0.463013
0.735074
0.00477443

-0.67996
-0.568571
-0.463013
-0.617062
0.177609

-0.0419379
0.897985
-0.438023
0.848288
0.00296541

0.881415
0.42526
0.205577
0.112125
0.0327579

-0.881415
-0.42526
-0.205577
0.800212
0.00166574

-0.746551
-0.516259
-0.419689
-0.283749
0.0617049

0.746551
0.516259
0.419689
0.946966
0.00010668

0.302486
-0.781982
-0.544983
0.448651
0.0119759

-0.962671
0.0140832
0.270309
0.966069
3.34196e-05

0.962671
-0.0140832
-0.270309
0.0128094
0.0270481

-0.175682
0.300328
-0.937517
-20.2015
284.24

0.175682
-0.300328
0.937517
0.0264668
0.599346

-0.00542312
-0.0566749
0.998378
-0.768812
0.109513

0.00542312
0.0566749
-0.998378
0.997223
2.90822e-07

0.380721
0.830849
-0.405884
0.765958
0.00930391

0.370919
-0.617854
0.693308
0.592886
0.00741037

-0.370919
0.617854
-0.693308
0.382187
0.0170597

-0.145805
-0.393414
-0.907726
-5.54906
10.0574

0.145805
0.393414
0.907726
0.369234
0.093301

0.133505
0.328368
0.935067
0.921756
0.000849851

-0.133505
-0.328368
-0.935067
-4.76455
4.61152

0.265502
0.770932
0.578941
0.925701
0.000266414

-0.675153
-0.481502
-0.558859
-34.1061
1001.02

0.675153
0.481502
0.558859
0.648939
0.100109

0.365243
0.449359
0.815276
0.8738
0.0121528

-0.365243
-0.449359
-0.815276
-35.4714
1010.72

-0.782235
0.555306
0.282388
-0.659635
0.158545

0.782235
-0.555306
-0.282388
0.85783
0.00116502

-0.460747
-0.755714
0.465413
-3.75715
4.15057

0.460747
0.755714
-0.465413
0.407412
0.0644739

-0.842428
-0.0870706
0.531728
-1.04787
0.219774

0.842428
0.0870706
-0.531728
0.958207
9.8624e-05

0.72666
0.237545
0.644622
-0.0192149
0.267688

-0.72666
-0.237545
-0.644622
-5.09011
9.54985

0.487842
-0.566043
0.664534
-0.96452
0.232722

-0.487842
0.566043
-0.664534
0.897364
0.000636866

0.166598
-0.192876
-0.966977
-0.456147
0.283651

0.48018
-0.206107
0.852612
-1.94223
0.915479

-0.48018
0.206107
-0.852612
0.712672
0.00873259

0.489888
-0.71261
0.502192
0.860904
0.00115562

-0.489888
0.71261
-0.502192
-0.717855
0.173252

-0.773198
-0.370142
-0.514936
0.243425
0.0398689

0.773198
0.370142
0.514936
0.179061
0.0469381

-0.19451
0.590419
0.783308
0.361954
0.0489625

0.19451
-0.590419
-0.783308
-1.43209
0.71112

0.247259
-0.415917
0.875144
-4.74963
3.68702

-0.247259
0.415917
-0.875144
0.993626
9.8168e-06

-0.677354
-0.541836
-0.497599
0.300031
0.0221166

0.677354
0.541836
0.497599
0.647797
0.00564645

0.30468
0.863557
-0.401795
-0.39732
0.178845

-0.30468
-0.863557
0.401795
0.26092
0.0500687

-0.196433
0.748264
-0.633652
-8.57616
22.9403

0.196433
-0.748264
0.633652
0.778246
0.0123548

-0.432967
0.0497495
-0.900036
0.741208
0.00391254

0.338278
-0.882994
-0.325408
-33.7551
997.714

-0.338278
0.882994
0.325408
0.570922
0.152097

-0.222009
-0.133003
-0.965931
-2.36762
0.866597

0.222009
0.133003
0.965931
0.971431
6.26978e-05

0.789843
0.0891013
0.606802
0.671048
0.00502735

-0.789843
-0.0891013
-0.606802
0.235391
0.026933

0.194406
0.110203
0.974711
-0.0717193
0.0927366

-0.194406
-0.110203
-0.974711
0.229639
0.0479473

0.911205
0.00976573
-0.411837
0.308823
0.0261785

-0.911205
-0.00976573
0.411837
0.447661
0.0167292

0.398144
-0.917323
0
0.945083
0.000441184

-0.390478
-0.529704
0.752955
0.846176
0.00119769

-0.37368
-0.377097
0.847444
0.842137
0.00353491

0.243119
-0.505654
0.827773
0.840788
0.000903305

0.128063
-0.797246
-0.589914
-1.13206
0.523

-0.128063
0.797246
0.589914
0.295089
0.0572707

0.709243
-0.659195
0.249874
-2.18817
1.40538

-0.709243
0.659195
-0.249874
0.424133
0.0458695

0.0523177
-0.990429
0.127721
-0.540278
0.299979

-0.0523177
0.990429
-0.127721
-0.32809
0.223024

0.967517
-0.252804
0
0.381661
0.036203

-0.967517
0.252804
0
0.268358
0.0464613

0.126723
0.661722
-0.738962
-7.76648
15.6257

-0.126723
-0.661722
0.738962
0.910102
0.00167296

-0.848092
0.300449
0.43643
0.180542
0.0398378

-0.518471
0.0948924
-0.849814
-8.42436
22.7713

0.518471
-0.0948924
0.849814
0.725286
0.0194664

-0.763348
-0.645987
0
0.94599
0.000928401

-0.520198
0.145266
0.841601
0.992245
1.55592e-06

-0.402685
0.125012
-0.906762
-0.0587585
0.0787052

0.402685
-0.125012
0.906762
0.425161
0.0232155

0.670605
-0.660217
-0.338235
-0.953747
0.483767

-0.670605
0.660217
0.338235
-0.00930262
0.129139

0.539086
-0.807388
0.239812
0.637967
0.0073667

-0.539086
0.807388
-0.239812
-0.00564933
0.056779

-0.715833
0.425333
0.553782
-0.99624
0.541103

0.715833
-0.425333
-0.553782
-0.148846
0.179308

0.519422
0.53023
0.670117
0.574051
0.00833351

0.837633
-0.486894
0.2476
-0.00545549
0.114257

-0.837633
0.486894
-0.2476
-0.594387
0.287271

-0.551779
-0.598694
-0.580608
-2.27453
1.25676

0.551779
0.598694
0.580608
0.684617
0.011717

-0.714339
0.16247
-0.680679
-0.633451
0.253233

0.714339
-0.16247
0.680679
0.35079
0.0401128

0.222519
0.479782
-0.848702
-3.78832
3.45101

-0.222519
-0.479782
0.848702
0.722488
0.0116205

-0.397018
0.451234
-0.799227
-0.802124
0.25526

0.397018
-0.451234
0.799227
0.668998
0.00862316

-0.967263
-0.253777
0
0.0853893
0.0823028

0.967263
0.253777
0
-0.129148
0.121671

0.840792
0.0750241
-0.536134
0.170842
0.145878

-0.840792
-0.0750241
0.536134
-3.97664
5.18409

0.1517
0.0639152
-0.986358
-0.244365
0.112619

-0.1517
-0.0639152
0.986358
0.50087
0.0182975

-0.167002
-0.19749
-0.965975
-7.50148
15.4656

0.167002
0.19749
0.965975
0.843696
0.00522959

0.240077
0.916502
-0.31998
0.366833
0.0256689

-0.240077
-0.916502
0.31998
0.177136
0.0433382

-0.860757
0.0634464
0.505046
0.558843
0.029807

-0.246037
0.247244
0.937196
0.063347
0.0813165

0.246037
-0.247244
-0.937196
-0.162978
0.12521

-0.60292
-0.695334
0.391151
0.334898
0.0157952

0.422524
-0.533738
0.732528
0.530967
0.02223

-0.422524
0.533738
-0.732528
-1.20183
0.489727

0.563994
0.374461
0.735996
0.870954
0.00454748

-0.391241
-0.920288
0
-0.0870364
0.169072

0.391241
0.920288
0
-1.28548
0.747347

0.822394
-0.491684
0.286209
-6.71373
10.9444

-0.822394
0.491684
-0.286209
0.902373
0.0017543

0.400292
-0.586648
0.703996
0.815781
0.013849

-0.400292
0.586648
-0.703996
-16.5123
125.027

0.682775
-0.414127
0.601928
0.896047
0.000731981

-0.682775
0.414127
-0.601928
-1.18648
0.314108

0.0518163
-0.623198
0.780346
0.823782
0.00758488

-0.55113
-0.14334
0.822015
0.913594
0.000560004

0.55113
0.14334
-0.822015
-1.50527
0.441748

-0.916654
-0.399682
0
0.444852
0.0221738

0.916654
0.399682
0
0.278086
0.0348551

0.764624
0.448216
-0.46309
0.8326
0.00127487

-0.764624
-0.448216
0.46309
-0.087682
0.0530367

-0.48108
0.644123
-0.594699
0.824444
0.000831721

0.48108
-0.644123
0.594699
0.530041
0.00590465

-0.487621
-0.192559
-0.851556
-1.16341
0.641922

0.487621
0.192559
0.851556
-0.0600746
0.154367

0.646388
0.709958
0.279541
0.624938
0.0411928

-0.843751
0.140512
-0.518016
0.998945
2.60267e-07

0.843751
-0.140512
0.518016
-3.22401
1.39373

0.703312
-0.56011
-0.437755
-0.0810059
0.0764106

-0.703312
0.56011
0.437755
0.526916
0.0146656

-0.555127
0.818759
0.146517
0.188922
0.0326255

0.555127
-0.818759
-0.146517
0.635267
0.00660016

0.271578
0.374529
0.886551
0.869713
0.00549704

-0.271578
-0.374529
-0.886551
-13.0918
64.1253

-0.0654106
-0.91027
-0.408815
-0.0197542
0.0690143

0.0654106
0.91027
0.408815
0.469433
0.0186888

-0.626458
-0.242008
-0.740934
-0.527443
0.238264

0.626458
0.242008
0.740934
0.155439
0.0729704

-0.771986
-0.276771
-0.572219
0.895406
0.0020312

0.771986
0.276771
0.572219
-6.68498
10.9291

0.403423
-0.796668
0.450079
-0.536026
0.170681

-0.403423
0.796668
-0.450079
0.647761
0.00900925

-0.686858
-0.637108
-0.349741
-0.238286
0.0907923

0.686858
0.637108
0.349741
0.708684
0.00529568

0.689399
0.12409
-0.713674
-2.15631
1.08042

-0.689399
-0.12409
0.713674
0.738424
0.00749527

-0.871614
-0.174885
-0.457934
0.674494
0.0052654

0.454757
-0.19643
0.868684
0.766692
0.0044319

-0.454757
0.19643
-0.868684
-1.15195
0.368868

0.384891
-0.308685
-0.869812
-5.37764
6.00873

-0.384891
0.308685
0.869812
0.935048
0.000653021

0.123819
0.963142
-0.238802
0.836724
0.00144865

-0.123819
-0.963142
0.238802
-0.445098
0.113082

0.545242
-0.76551
-0.341623
0.28163
0.0253396

-0.545242
0.76551
0.341623
0.582335
0.00856877

0.765277
0.321566
-0.557626
0.119484
0.0325768

-0.765277
-0.321566
0.557626
0.791441
0.0018471

0.180721
0.913189
-0.365276
0.0847905
0.123689

-0.180721
-0.913189
0.365276
-1.71457
1.08772

0.387533
0.0541593
0.920264
0.653746
0.0143

-0.387533
-0.0541593
-0.920264
-2.23277
1.24644

0.708554
0.544304
0.449093
0.992676
5.55064e-06

0.39453
-0.158287
-0.905147
-0.697811
0.261962

-0.39453
0.158287
0.905147
0.451034
0.0275738

-0.965404
-0.159015
0.206661
-2.57773
1.52239

0.965404
0.159015
-0.206661
0.739488
0.00807803

-0.238246
-0.417284
0.876991
0.906106
0.000972298

-0.205314
0.345148
0.915816
0.962173
0.000140553

-0.139632
0.583117
-0.800298
-0.222278
0.0993629

0.139632
-0.583117
0.800298
0.589237
0.0113289

0.396189
-0.323803
-0.859178
-0.625291
0.190734

-0.396189
0.323803
0.859178
0.685344
0.00726361

-0.628827
0.276595
0.726686
0.864018
0.00114856

0.628827
-0.276595
-0.726686
-0.77965
0.189769

0.423457
0.855106
-0.299129
-3.79414
2.86424

-0.423457
-0.855106
0.299129
0.891099
0.00157252

-0.562047
-0.808669
0.173661
-0.802524
0.424779

0.562047
0.808669
-0.173661
-0.195358
0.186929

0.279254
0.77065
0.572814
0.706614
0.0057648

-0.279254
-0.77065
-0.572814
-0.485264
0.146532

0.316854
-0.441541
0.839432
0.862607
0.00134906

-0.387053
-0.770067
0.507136
0.993259
2.71304e-06

0.110087
-0.461081
0.880503
0.887639
0.000999463

-0.110087
0.461081
-0.880503
-1.67031
0.557279

0.442901
-0.249146
-0.861258
-2.22338
0.965871

-0.442901
0.249146
0.861258
0.873604
0.00149891

0.219841
-0.76465
0.605789
0.875053
0.00105082

-0.219841
0.76465
-0.605789
-1.06635
0.280183

-0.490993
0.333619
0.804751
0.627397
0.0106875

0.490993
-0.333619
-0.804751
-0.633415
0.20484

0.950522
-0.303005
-0.0685323
-1.41355
0.52421

-0.950522
0.303005
0.0685323
0.731827
0.00647246

-0.022692
-0.075142
-0.996915
-0.992721
0.348845

0.022692
0.075142
0.996915
0.62209
0.0127328

-0.278424
0.73603
-0.617041
0.842472
0.00182465

0.278424
-0.73603
0.617041
-1.17324
0.340795

-0.0212338
0.361515
0.932124
0.925455
0.000593257

-0.248317
-0.461708
0.851566
0.475493
0.0212145

0.248317
0.461708
-0.851566
-0.314911
0.132448

0.375213
0.610796
-0.69724
-0.556436
0.17411

-0.375213
-0.610796
0.69724
0.671404
0.00901213

0.791647
-0.290155
-0.537685
-0.907013
0.336852

-0.791647
0.290155
0.537685
0.523249
0.0211164

-0.332575
-0.575833
-0.746867
0.964133
7.99046e-05

0.332575
0.575833
0.746867
-1.55764
0.404605

-0.133621
-0.0478481
0.989877
0.989121
1.5898e-05

-0.419598
0.250221
0.872541
0.882335
0.000236444

0.175866
-0.0984379
0.97948
0.840858
0.001608

-0.175866
0.0984379
-0.97948
-0.688329
0.171448

0.555384
0.376608
-0.741427
-0.325828
0.112303

-0.555384
-0.376608
0.741427
0.676881
0.00675256

-0.182608
0.804845
-0.564693
-0.787824
0.318961

0.182608
-0.804845
0.564693
0.356385
0.0414177

0.205625
0.978631
0
0.38816
0.0199744

-0.205625
-0.978631
0
0.457041
0.0158607

-0.199207
0.657362
-0.726768
-0.546671
0.151036

0.199207
-0.657362
0.726768
0.768241
0.00339833

0.797571
-0.0227177
0.602798
0.567611
0.00367545

-0.797571
0.0227177
-0.602798
0.911581
0.000157606

-0.804929
0.123927
-0.580286
-10.3276
36.6391

0.804929
-0.123927
0.580286
0.789362
0.0127116

0.371093
-0.0681603
0.926091
0.928205
0.000521814

-0.371093
0.0681603
-0.926091
-3.0068
1.61247

-0.12329
-0.535348
-0.835585
0.552269
0.0161119

0.12329
0.535348
0.835585
-0.574057
0.198714

0.0150241
0.245381
0.96931
0.840812
0.00186343

-0.0150241
-0.245381
-0.96931
-1.08686
0.3057

-0.962538
0.271146
0
0.0437322
0.0470926

0.962538
-0.271146
0
0.707363
0.0049357

-0.208156
0.425981
0.880461
-0.0898603
0.0607521

0.208156
-0.425981
-0.880461
0.752678
0.00313864

-0.314002
0.778432
0.54355
0.639449
0.0150066

-0.883905
-0.185352
0.429367
0.482082
0.010964

0.883905
0.185352
-0.429367
0.59193
0.00681617

-0.750354
-0.517981
0.410689
-1.34729
0.765546

0.750354
0.517981
-0.410689
0.0229769
0.132691

-0.751236
-0.0489753
-0.658214
0.456308
0.0138372

0.751236
0.0489753
0.658214
0.485298
0.0124027

-0.113409
-0.908074
-0.403162
0.995348
5.73545e-07

-0.511826
-0.246093
0.823087
0.286429
0.0443997

0.527992
-0.313344
-0.789329
-0.501772
0.218664

-0.527992
0.313344
0.789329
0.233794
0.0570627

-0.293206
-0.956049
0
0.707363
0.00431847

0.0387989
0.364888
0.930243
0.768692
0.00984567

-0.0387989
-0.364888
-0.930243
-5.49744
7.75834

0.481506
0.0374667
-0.875642
-3.07765
3.30771

-0.481506
-0.0374667
0.875642
-0.0349977
0.213744

0.163582
0.241069
0.956623
0.740516
0.00143948

0.0385246
0.207852
-0.977401
0.989679
2.78989e-05

-0.0385246
-0.207852
0.977401
-7.28903
11.1089

0.707536
-0.000800788
-0.706677
0.948083
0.000135098

-0.707536
0.000800788
0.706677
-0.836594
0.167695

-0.569982
-0.821657
0
0.458362
0.0352085

0.569982
0.821657
0
-0.857481
0.331965

-0.645759
-0.687909
-0.331326
0.733398
0.00566891

0.645759
0.687909
0.331326
-1.0238
0.325084

0.536843
-0.350853
-0.767269
-0.355617
0.185482

-0.536843
0.350853
0.767269
0.0483892
0.091404

-0.686161
0.491558
-0.536241
-1.36271
0.32553

0.686161
-0.491558
0.536241
0.961776
9.18242e-05

-0.211258
-0.701326
-0.680817
-1.07618
0.280944

0.211258
0.701326
0.680817
0.880412
0.000964095

-0.355332
0.747954
0.560628
0.321823
0.0224722

0.355332
-0.747954
-0.560628
0.557581
0.00957113

-0.0905927
-0.510737
-0.85495
-1.06532
0.464563

0.0905927
0.510737
0.85495
0.356608
0.045282

0.00985245
-0.197051
0.980344
-0.0833738
0.123656

-0.00985245
0.197051
-0.980344
-0.303195
0.178772

0.938075
-0.256916
0.232398
-0.449583
0.143672

-0.938075
0.256916
-0.232398
0.666016
0.00763519

-0.581927
-0.525439
0.620705
0.471559
0.0273726

0.581927
0.525439
-0.620705
-0.954299
0.373129

0.10329
-0.729953
0.675648
0.93615
0.000230421

-0.10329
0.729953
-0.675648
-0.861883
0.18127

0.176408
-0.960353
-0.215876
0.790342
0.00209899

-0.176408
0.960353
0.215876
-0.0708479
0.0547259

-0.22668
0.440482
-0.868672
-0.602684
0.398957

0.22668
-0.440482
0.868672
-0.922479
0.573877

0.00792936
-0.570625
0.821173
0.805894
0.00128579

-0.00792936
0.570625
-0.821173
0.34133
0.014765

0.943325
0.331869
0
0.351534
0.0114306

-0.943325
-0.331869
0
0.953756
0.000294598

0.949194
-0.0399164
0.31215
-0.536795
0.117648

-0.949194
0.0399164
-0.31215
0.898962
0.000514171

0.578493
0.751485
-0.3172
0.745383
0.0039332

-0.578493
-0.751485
0.3172
-0.386245
0.116208

0.37421
0.398477
0.837367
0.867434
0.000956041

-0.0064903
0.245447
0.969388
0.987643
0.000151493

0.66363
-0.147412
0.733393
0.897806
0.00245926

-0.349921
-0.603976
0.716078
0.63627
0.00191978

0.349921
0.603976
-0.716078
0.950225
3.74508e-05

0.562592
0.729237
-0.389491
-0.550568
0.0877147

0.203289
0.445271
0.872013
0.886953
0.00413316

-0.203289
-0.445271
-0.872013
-13.1806
64.2143

-0.0671113
-0.341532
0.937471
0.958724
0.00037807

0.0671113
0.341532
-0.937471
-9.37888
23.5543

-0.570015
0.690834
-0.444781
-1.45186
0.715825

0.570015
-0.690834
0.444781
0.387034
0.0447948

0.99531
0.0967391
0
0.427237
0.0146757

-0.99531
-0.0967391
0
0.612785
0.00699217

-0.390203
-0.305517
0.868562
0.677729
0.00921156

0.390203
0.305517
-0.868562
-1.14006
0.400625

-0.336593
0.275946
0.900311
0.84194
0.00177546

0.336593
-0.275946
-0.900311
-1.01071
0.275618

0.126468
-0.876232
0.464999
0.476059
0.0304659

-0.126468
0.876232
-0.464999
-1.3913
0.633494

0.688291
-0.0582385
-0.723093
-0.587186
0.12913

-0.688291
0.0582385
0.723093
0.902608
0.000960966

-0.826104
0.425577
0.369373
0.215402
0.0256643

0.826104
-0.425577
-0.369373
0.751749
0.0025835

0.50368
-0.242204
0.829243
0.712428
0.0213368

0.0563199
-0.696442
0.7154
-0.700348
0.28252

-0.0563199
0.696442
-0.7154
0.341689
0.0423624

-0.878901
0.222595
-0.421882
-8.96071
23.2944

0.878901
-0.222595
0.421882
0.884479
0.00313633

0.0551247
0.653998
0.754485
0.658077
0.00509197

0.128949
-0.801681
-0.583677
-7.32261
15.3235

-0.128949
0.801681
0.583677
0.786942
0.0100857

-0.416748
-0.18632
0.889723
0.89926
0.00118192

-0.215573
0.157388
0.963721
0.959391
0.000263244

-0.388471
0.0577654
-0.919649
-22.8138
298.064

0.388471
-0.0577654
0.919649
0.843445
0.0129022

-0.493296
0.461755
0.737185
0.760885
0.0239142

0.493296
-0.461755
-0.737185
-16.276
124.423

-0.112755
0.916515
-0.38378
-0.314387
0.0656713

0.112755
-0.916515
0.38378
0.947851
0.000104507

-0.90172
0.43232
0
0.92147
7.64563e-05

-0.062427
0.343714
0.936997
0.534035
0.0382742

0.062427
-0.343714
-0.936997
-3.92176
4.24483

-0.193847
0.877502
0.438649
0.609715
0.00708772

-0.470984
-0.230846
-0.851401
0.900773
0.000484886

0.470984
0.230846
0.851401
-0.350271
0.0822301

-0.211107
-0.0612761
0.97554
0.0892625
0.0226918

0.211107
0.0612761
-0.97554
0.959268
6.80692e-05

-0.565486
0.336858
0.75283
0.821672
0.005674

0.565486
-0.336858
-0.75283
-5.63558
7.83527

0.257294
-0.889901
0.376664
0.34749
0.0853699

-0.257294
0.889901
-0.376664
-4.18236
5.38422

-0.514154
-0.789641
-0.334833
-0.460051
0.18614

0.514154
0.789641
0.334833
0.377305
0.0338819

-0.279297
0.668515
-0.689261
-1.37857
0.518795

0.279297
-0.668515
0.689261
0.703707
0.00812572

-0.0574156
-0.648451
-0.759088
-0.417527
0.221927

0.0574156
0.648451
0.759088
-0.094712
0.132445

-0.589883
-0.42055
-0.689329
-0.868546
0.210443

0.589883
0.42055
0.689329
0.880836
0.00138244

-0.278575
-0.332083
-0.901175
-10.6841
37.0504

0.278575
0.332083
0.901175
0.879165
0.00397759

0.353586
-0.713835
0.604497
0.630636
0.0268652

-0.353586
0.713835
-0.604497
-5.20898
7.56943

0.543871
-0.625137
0.559829
0.982011
0.000158344

-0.639432
-0.363791
0.677335
0.752456
0.00509699

0.639432
0.363791
-0.677335
-1.2279
0.412303

-0.0738014
0.136513
-0.987885
0.56645
0.0166097

-0.863727
-0.281902
0.417741
0.3373
0.0153429

0.863727
0.281902
-0.417741
0.796665
0.0014711

0.951107
-0.145328
0.272533
0.858736
0.000897811

-0.951107
0.145328
-0.272533
-0.169704
0.0611691

0.417288
-0.504894
0.755614
0.719938
0.002323

-0.56862
-0.564332
-0.598499
0.292506
0.0158643

0.56862
0.564332
0.598499
0.860191
0.000627527

0.858242
-0.414989
0.302002
-0.15872
0.0369836

-0.858242
0.414989
-0.302002
0.985748
6.38171e-06

0.742121
-0.0336385
-0.669422
-0.504552
0.157566

-0.742121
0.0336385
0.669422
0.672341
0.00754328

0.831241
0.555913
0
0.535054
0.0150673

-0.831241
-0.555913
0
0.165613
0.0430026

0.555122
0.324906
-0.765686
-5.3442
7.65915

-0.555122
-0.324906
0.765686
0.70018
0.0172086

-0.807566
0.183874
-0.560382
-5.00707
7.42004

0.807566
-0.183874
0.560382
0.509628
0.0495327

-0.715359
0.422104
0.556857
0.793942
0.00331569

0.715359
-0.422104
-0.556857
-1.18892
0.373156

-0.380158
0.744538
0.548766
-0.774282
0.5834

0.380158
-0.744538
-0.548766
-1.45576
1.11744

-0.928912
0.370302
0
0.219098
0.0592699

0.928912
-0.370302
0
-0.433412
0.196589

0.178148
-0.933971
-0.309775
0.864787
0.00592946

-0.918986
-0.105034
0.380043
-0.0873849
0.110498

0.918986
0.105034
-0.380043
-0.0294039
0.0990299
