
-0.297486
0.720175
-0.626778
-0.0297831
0.0531594

0.297486
-0.720175
0.626778
0.742554
0.00336892

-0.224669
0.764148
-0.60465
0.635667
0.00227097

0.506788
-0.673442
0.538184
-0.492265
0.536794

-0.506788
0.673442
-0.538184
-3.43532
4.7393

0.549574
-0.235002
0.801712
0.653701
0.00804624

-0.549574
0.235002
-0.801712
-0.34898
0.120558

-0.288596
-0.55913
0.77723
-0.59334
0.214969

0.288596
0.55913
-0.77723
0.493816
0.0217278

0.097998
0.146484
-0.984347
-2.67536
1.54638

-0.097998
-0.146484
0.984347
0.795104
0.00483473

-0.232248
0.312275
-0.921165
0.590587
0.00319463

0.232248
-0.312275
0.921165
0.912475
0.000154945

-0.98038
0.197116
0
-0.297781
0.104636

0.98038
-0.197116
0
0.691189
0.00610687

-0.596834
-0.182725
-0.781282
0.0226595
0.0804592

0.596834
0.182725
0.781282
0.0697514
0.0728942

-0.5126
-0.308673
0.801225
0.902129
0.000330757

-0.568379
-0.356113
0.741707
0.735098
0.00805818

0.705362
0.708847
0
0.244772
0.0370426

-0.705362
-0.708847
0
0.442246
0.0215075

-0.0872057
-0.810371
-0.57939
-0.0926069
0.0944981

0.0872057
0.810371
0.57939
0.278706
0.0412336

-0.749327
0.246994
0.614413
0.608117
0.0261555

0.749327
-0.246994
-0.614413
-4.0319
4.3089

0.157488
-0.0165386
0.987382
0.965035
8.03572e-05

0.96923
-0.144958
0.198947
-0.627533
0.653809

-0.11776
-0.843274
0.524424
0.892399
0.00216555

-0.216744
0.105662
0.970494
0.174313
0.074802

0.216744
-0.105662
-0.970494
-0.763756
0.34119

0.711241
-0.104406
0.695151
0.307712
0.0723709

-0.711241
0.104406
-0.695151
-2.31274
1.65675

-0.101492
0.784427
-0.61186
0.0998383
0.0435585

0.101492
-0.784427
0.61186
0.619682
0.0078258

-0.186804
0.66888
0.719517
0.310233
0.0410519

0.186804
-0.66888
-0.719517
-0.318081
0.149523

0.450314
0.0341218
-0.892218
0.725584
0.00587397

-0.450314
-0.0341218
0.892218
-0.934613
0.290519

-0.309772
0.777559
0.547215
0.482916
0.0176826

0.26026
0.678983
-0.686474
-0.732707
0.266463

-0.26026
-0.678983
0.686474
0.500272
0.0222669

-0.399447
0.646369
0.650115
0.258758
0.0424355

0.399447
-0.646369
-0.650115
-0.0159566
0.0796211

-0.43705
0.17936
-0.881372
0.844173
0.00221183

0.318739
-0.801203
-0.506437
-0.918641
0.338523

-0.318739
0.801203
0.506437
0.537625
0.0197154

-0.335414
0.892505
0.30155
0.907037
0.0027287

0.335414
-0.892505
-0.30155
-13.294
64.3905

-0.692033
-0.0452533
-0.720446
0.605227
0.0104633

-0.240475
0.447136
-0.861534
-0.867356
0.507724

0.240475
-0.447136
0.861534
-0.446078
0.304626

0.168155
-0.765921
-0.620555
0.455643
0.0204873

-0.168155
0.765921
0.620555
-0.074206
0.079752

-0.900965
-0.010898
-0.433756
0.558994
0.0200702

0.527936
0.825635
0.199024
-11.5862
61.0407

-0.527936
-0.825635
-0.199024
0.349883
0.162874

-0.218604
-0.967313
0.128518
0.253162
0.0302123

-0.0763802
0.165943
0.983173
0.951105
0.000210126

0.0763802
-0.165943
-0.983173
-2.6429
1.16199

-0.908805
-0.396742
0.129108
0.830404
0.00113794

0.908805
0.396742
-0.129108
0.102841
0.0318048

-0.664542
-0.664611
0.341579
-0.135178
0.0322012

0.664542
0.664611
-0.341579
0.992744
1.37285e-06

0.729605
-0.683869
0
0.97827
2.10841e-05

-0.729605
0.683869
0
-0.832892
0.145569

-0.611555
-0.507085
0.607342
0.939734
0.000258175

0.5002
0.756337
-0.421609
0.883222
0.00131261

-0.5002
-0.756337
0.421609
-2.43188
1.13321

0.352062
-0.879466
-0.3203
0.915198
0.000490553

-0.0700371
-0.164793
0.983838
0.980051
0.000285072

0.0700371
0.164793
-0.983838
-36.749
1016.02

-0.404981
-0.761422
0.506188
0.956937
0.000182792

0.404981
0.761422
-0.506188
-0.501068
0.0927546

0.0191156
-0.622509
0.782379
0.795061
0.002249

-0.225723
-0.126205
0.965982
0.869663
0.00403373

0.194163
0.261319
-0.945523
-0.551275
0.125875

-0.194163
-0.261319
0.945523
0.881319
0.000796772

0.694566
-0.31676
-0.645942
0.554964
0.0169063

-0.0208444
-0.767568
-0.640628
-1.00302
0.494919

0.0208444
0.767568
0.640628
0.0833955
0.103765

0.679228
0.0345755
-0.733112
-0.743991
0.248831

-0.679228
-0.0345755
0.733112
0.604537
0.0128953

-0.537006
-0.771826
-0.340454
0.0178581
0.0367473

0.537006
0.771826
0.340454
0.875647
0.000596815

-0.388976
-0.139107
-0.910685
-1.22789
0.49427

0.388976
0.139107
0.910685
0.559921
0.0193058

0.00166719
-0.71227
-0.701904
-1.25466
0.54806

-0.00166719
0.71227
0.701904
0.460069
0.031461

0.944604
0.32044
0.0710079
-0.393923
0.288824

-0.944604
-0.32044
-0.0710079
-1.00572
0.597952

-0.364743
0.666461
0.650225
0.350789
0.0400011

0.319776
0.615418
0.720419
0.405895
0.0820221

0.0428274
0.317358
-0.947338
-17.0628
126.103

-0.0428274
-0.317358
0.947338
0.914089
0.0028579

0.221635
-0.742693
0.63189
0.232348
0.0360835

-0.221635
0.742693
-0.63189
0.380539
0.0235259

0.622163
0.782888
0
-0.965954
0.534037

-0.622163
-0.782888
0
-0.213671
0.212818

0.515515
-0.533765
0.670328
-0.448132
0.184854

-0.515515
0.533765
-0.670328
0.356384
0.036613

-0.715083
0.670884
-0.196395
0.914648
0.0002251

-0.72935
0.154227
-0.66653
-2.08369
0.835989

0.72935
-0.154227
0.66653
0.885539
0.00118178

0.356598
0.429426
0.829718
0.735903
0.0143184

-0.356598
-0.429426
-0.829718
-6.20236
10.6292

-0.436979
0.765466
0.472346
0.850213
0.00121435

0.436979
-0.765466
-0.472346
-0.462761
0.114058

-0.330667
0.397473
-0.855964
0.978721
1.82527e-05

0.00271266
0.574615
0.818419
0.975218
6.81404e-05

-0.00271266
-0.574615
-0.818419
-4.15913
2.94106

0.115842
0.636242
0.762743
0.621402
0.0183195

-0.115842
-0.636242
-0.762743
-2.40736
1.47415

-0.662476
0.545245
-0.513647
-1.56035
0.492709

0.662476
-0.545245
0.513647
0.890703
0.000914768

-0.383493
-0.86752
0.316768
0.203141
0.0517979

0.383493
0.86752
-0.316768
-0.0609013
0.0917904

-0.871838
0.138498
-0.469804
-1.91917
0.647225

0.871838
-0.138498
0.469804
0.934032
0.000339236

-0.777156
-0.628896
0.0227775
0.829806
0.0010171

-0.632328
0.742634
0.220579
-0.170209
0.141524

0.632328
-0.742634
-0.220579
-0.170209
0.141524

-0.0372389
-0.271282
0.961779
0.954028
0.000416489

0.0372389
0.271282
-0.961779
-8.0106
15.7509

-0.388192
-0.400039
-0.830227
0.993464
3.56459e-06

0.663187
-0.748454
0
0.456797
0.0407172

-0.663187
0.748454
0
-1.37484
0.62134

0.806644
0.591037
0
0.605227
0.0131667

-0.806644
-0.591037
0
-0.271784
0.112318

-0.8851
-0.465402
0
0.808055
0.00317835

0.8851
0.465402
0
-1.52227
0.5393

0.155922
0.917266
-0.366487
-0.951884
0.343222

-0.155922
-0.917266
0.366487
0.577017
0.0161453

0.89215
0.45174
0
0.817061
0.0112563

0.603191
0.0664454
-0.794824
0.414266
0.0110531

-0.603191
-0.0664454
0.794824
0.797036
0.0013292

0.179537
0.778387
-0.601565
0.21336
0.0354808

-0.179537
-0.778387
0.601565
0.473406
0.0159095

-0.831207
-0.555964
0
-36.529
1015.42

0.831207
0.555964
0
0.968469
0.000720121

-0.881483
0.449113
-0.145893
0.261503
0.0310788

0.974352
-0.225031
0
-0.0832616
0.0505793

-0.576651
0.378601
-0.723972
0.177885
0.036971

0.576651
-0.378601
0.723972
0.550143
0.011074

0.564466
0.502375
0.654979
0.56163
0.0134783

-0.564466
-0.502375
-0.654979
-0.282622
0.115367

-0.906024
-0.0471594
0.42059
0.856793
0.0012242

0.906024
0.0471594
-0.42059
-0.711588
0.172841

0.201339
0.403448
0.892576
0.599769
0.011204

-0.201339
-0.403448
-0.892576
-0.351842
0.127778

0.171378
0.256255
0.951295
0.833828
0.00182118

-0.171378
-0.256255
-0.951295
-0.857915
0.225039

-0.379459
-0.925209
0
-2.76138
2.44345

0.379459
0.925209
0
0.180852
0.119161

-0.46926
0.780027
-0.413947
0.48881
0.0141583

0.46926
-0.780027
0.413947
0.276523
0.0283277

-0.875031
-0.484068
0
0.722846
0.0286333

0.875031
0.484068
0
-10.117
35.0842

0.443674
-0.0496471
0.894812
0.935829
0.000435539

0.192044
-0.75546
0.626418
0.204256
0.0943714

-0.192044
0.75546
-0.626418
-1.99848
1.33797

-0.196252
0.892646
-0.405794
0.807164
0.00257301

0.196252
-0.892646
0.405794
-0.888018
0.244974

-0.783233
-0.244789
-0.57151
-0.447709
0.197421

0.783233
0.244789
0.57151
0.247565
0.0534019

0.114977
0.430234
0.895365
0.917298
0.000418519

-0.853244
0.0956846
-0.512659
0.874733
0.00107902

0.853244
-0.0956846
0.512659
-1.14489
0.31078

0.57432
0.427625
0.698064
0.665683
0.00595807

-0.57432
-0.427625
-0.698064
0.0493618
0.0476517

-0.160399
0.481793
-0.86148
0.377178
0.0116344

0.160399
-0.481793
0.86148
0.847978
0.000693577

0.557007
0.361588
-0.747661
0.780147
0.0030207

-0.557007
-0.361588
0.747661
-0.51103
0.13965

0.771134
-0.626367
0.114091
0.201933
0.0205964

-0.417216
0.478956
0.772354
0.882861
0.00712147

0.417216
-0.478956
-0.772354
-23.0656
298.784

0.330492
-0.738422
0.587799
0.620625
0.00643178

-0.330492
0.738422
-0.587799
0.345541
0.0191345

0.125698
-0.260549
0.957243
0.890957
0.00279275

-0.125698
0.260549
-0.957243
-8.9897
23.3121

-0.0235237
-0.84476
0.534628
0.124941
0.0933507

0.0235237
0.84476
-0.534628
-1.02638
0.500126

-0.16176
0.797889
0.580695
0.164138
0.0623222

0.16176
-0.797889
-0.580695
-0.203642
0.129204

-0.601251
-0.0399032
-0.798063
0.130861
0.0334372

0.601251
0.0399032
0.798063
0.753911
0.00269783

0.0260715
-0.149014
0.988491
0.553654
0.0178777

-0.0260715
0.149014
-0.988491
-0.849714
0.303548

-0.721922
-0.223185
0.654994
0.879979
0.00106851

0.721922
0.223185
-0.654994
-1.43044
0.435086

-0.903153
0.254527
0.345731
0.91069
0.0006341

-0.0302638
0.172626
0.984522
0.979575
0.000151861

0.705337
-0.105668
-0.700952
-2.3666
2.61333

-0.705337
0.105668
0.700952
-0.968696
0.893896

-0.980635
-0.195845
0
0.354232
0.0315636

0.980635
0.195845
0
-0.0913467
0.0897688

-0.555048
0.154407
-0.817362
0.83744
0.00235202

0.663003
-0.748617
0
0.798798
0.00937937

0.768182
0.105566
-0.631469
0.476059
0.0305091

-0.768182
-0.105566
0.631469
-1.3913
0.633442

-0.107961
0.199825
0.973866
0.831051
0.00208658

0.107961
-0.199825
-0.973866
-1.15496
0.339061

0.102229
0.505764
0.856593
0.858026
0.0154301

-0.102229
-0.505764
-0.856593
-35.3452
1010.17

0.0269206
0.796412
-0.604155
-0.243959
0.208559

0.050904
0.2547
-0.965679
-1.00116
0.322463

-0.68789
0.52851
-0.497479
-1.6077
0.935908

0.68789
-0.52851
0.497479
0.185658
0.0913557

-0.0582465
-0.868998
0.491375
0.348835
0.0106197

-0.076766
-0.570446
0.81774
0.766779
0.00395931

0.076766
0.570446
-0.81774
-0.836883
0.240437

0.577183
0.57597
0.578894
0.707447
0.0685462

-0.577183
-0.57597
-0.578894
-34.3987
1003.53

0.628915
0.373487
0.68189
0.646098
0.0157345

0.952125
0.305709
0
0.996658
1.12974e-06

0.893227
-0.384599
0.23287
0.732043
0.00501331

0.848993
0.354592
-0.39176
-0.0822846
0.0935544

-0.848993
-0.354592
0.39176
0.254795
0.0443594

0.559391
-0.128588
0.818869
0.82281
0.00358537

-0.559391
0.128588
-0.818869
-2.73016
1.55824

-0.946886
0.110986
-0.301808
-0.927743
0.477792

0.946886
-0.110986
0.301808
-0.061152
0.144802

-0.809349
0.587328
0
-3.86217
2.88489

0.809349
-0.587328
0
0.911891
0.000970392

-0.733988
-0.506104
0.452902
0.963327
0.000662214

0.191843
0.365947
0.910647
0.462209
0.0248886

-0.191843
-0.365947
-0.910647
-0.571959
0.212474

0.0855565
-0.532478
-0.842109
0.444915
0.0158118

-0.43202
0.075267
-0.898718
-10.7689
37.1368

0.43202
-0.075267
0.898718
0.896562
0.00287437

-0.22825
-0.927847
0.29496
0.857272
0.00131555

0.22825
0.927847
-0.29496
-0.712313
0.173074

-0.0364928
0.248422
0.967964
0.902504
0.000574364

0.0364928
-0.248422
-0.967964
-0.847209
0.193972

0.162999
0.654511
0.738273
0.405809
0.0134703

0.951239
0.197491
0.236945
0.938569
0.000143844

-0.708452
0.464535
0.531323
-0.150286
0.0323849

0.42488
-0.0378741
-0.904457
-3.98878
5.23658

-0.42488
0.0378741
0.904457
0.171955
0.144305

0.650513
-0.559152
-0.513986
0.161246
0.0500767

-0.650513
0.559152
0.513986
0.228321
0.0423978

0.00354426
0.575366
0.817889
0.845207
0.00134006

-0.773595
0.135126
-0.619105
0.938387
0.000257552

0.773595
-0.135126
0.619105
-1.57242
0.447418

-0.328508
0.352289
0.876342
0.756617
0.00946504

0.328508
-0.352289
-0.876342
-4.30036
4.43723

0.374148
-0.04381
0.926334
0.736158
0.00682521

-0.374148
0.04381
-0.926334
-1.67113
0.686738

0.235156
0.55564
0.797475
0.204946
0.0650768

-0.235156
-0.55564
-0.797475
-0.622555
0.270874

0.544966
0.0296422
0.837934
0.723996
0.00520378

-0.544966
-0.0296422
-0.837934
-0.552153
0.161486

0.89
0.455961
0
-1.48568
1.44096

-0.89
-0.455961
0
-1.85346
1.88945

-0.127972
-0.991778
0
-1.27761
0.604002

0.127972
0.991778
0
0.33963
0.0541202

-0.943127
-0.275589
0.185911
0.197958
0.0422458

0.943127
0.275589
-0.185911
0.312377
0.0310541

0.133505
0.328368
0.935067
0.921756
0.000849851

-0.133505
-0.328368
-0.935067
-4.76455
4.61152

-0.70867
-0.293923
0.641402
0.859094
0.00125946

0.70867
0.293923
-0.641402
-0.832302
0.207427

-0.197445
-0.267817
0.943022
0.89773
0.0033313

0.197445
0.267817
-0.943022
-13.24
64.3179

0.0692431
-0.670043
0.739086
0.719602
0.00248338

0.156786
0.828145
-0.53814
0.961571
1.99332e-05

-0.156786
-0.828145
0.53814
0.638201
0.00174518

0.651335
0.608241
0.453657
0.70328
0.00150292

-0.272868
0.578632
0.768589
0.32511
0.034251

0.272868
-0.578632
-0.768589
-0.0442548
0.0817943

-0.461275
-0.887257
0
0.963512
0.000353565

0.717032
0.545304
-0.434177
-3.71502
2.37734

-0.717032
-0.545304
0.434177
0.96007
0.000175066

-0.792948
-0.381777
0.474847
0.469994
0.0365338

0.792948
0.381777
-0.474847
-2.02464
1.18785

0.844795
-0.109657
0.523734
0.916886
0.00267838

-0.429516
-0.461969
0.775952
0.618912
0.044422

0.429516
0.461969
-0.775952
-9.83982
35.9395

-0.293727
0.622062
-0.725785
-1.0183
0.2552

0.293727
-0.622062
0.725785
0.889102
0.00131882

-0.376896
0.138074
-0.915907
-1.64749
1.06384

0.376896
-0.138074
0.915907
-0.0199621
0.15822

0.51083
0.117679
-0.851589
0.700011
0.0158008

0.723732
0.370544
0.582159
-0.882572
0.39287

-0.723732
-0.370544
-0.582159
0.226425
0.0663465

0.527809
-0.249857
0.811781
0.854667
0.00130354

-0.527809
0.249857
-0.811781
-0.708394
0.172709

-0.450229
0.525824
0.721666
0.893538
0.00175587

0.702567
0.711617
0
0.119128
0.041314

0.896349
-0.397908
0.19552
-0.170212
0.170956

-0.896349
0.397908
-0.19552
-0.685098
0.354474

-0.481474
-0.548439
-0.683665
0.616829
0.00865259

0.550393
0.673529
0.493383
0.608117
0.0261842

-0.847412
-0.530936
0
-3.96502
6.42614

0.847412
0.530936
0
-0.532416
0.612948

0.721783
0.0419473
0.690847
0.632219
0.0483287

-0.721783
-0.0419473
-0.690847
-12.2401
62.625

0.702412
-0.685915
-0.190101
0.383482
0.085465

-0.702412
0.685915
0.190101
-5.21806
8.67344

-0.597887
0.773975
0.208551
-3.02537
1.96099

0.597887
-0.773975
-0.208551
0.807525
0.00456262

0.0932996
-0.27908
0.955724
0.991781
1.4168e-05

0.306957
-0.951723
0
-0.0672802
0.0698155

-0.971391
0.0382772
0.234381
-24.2398
301.121

0.971391
-0.0382772
-0.234381
0.989904
4.85185e-05

0.824857
-0.441164
0.353532
0.854561
0.00155477

-0.043028
-0.651002
-0.757856
-2.40302
1.28725

0.043028
0.651002
0.757856
0.768414
0.00603746

-0.494766
-0.358657
-0.791563
0.884598
0.000596456

0.293182
-0.0320102
0.955521
0.962493
0.000423901

0.327057
0.861888
0.387534
0.499112
0.00405154

-0.187367
0.814964
0.548387
0.990348
4.55361e-06

-0.573032
0.819533
0
-2.09952
1.02781

0.573032
-0.819533
0
0.699295
0.0161337

0.063021
0.888968
0.453613
-1.55846
0.740576

-0.063021
-0.888968
-0.453613
0.510292
0.0271447

0.748601
-0.444081
0.49233
0.578642
0.00701641

0.129366
0.286239
-0.949385
-7.96463
15.7313

-0.129366
-0.286239
0.949385
0.946955
0.000558073

0.85483
-0.4297
-0.290903
0.939818
0.000298599

-0.333788
-0.884068
0.327124
0.403872
0.0127989

0.892287
-0.0451452
-0.449206
-0.741187
0.311566

-0.892287
0.0451452
0.449206
0.280434
0.0532168

-0.0538332
0.625687
0.778214
0.623862
0.0152556

0.0538332
-0.625687
-0.778214
-1.67476
0.765382

0.263817
0.58059
0.77027
-6.42879
10.7784

-0.263817
-0.58059
-0.77027
0.821126
0.00631245

0.795436
-0.541229
0.272677
0.543087
0.0181432

0.722032
-0.314289
-0.616354
-3.27099
2.69689

-0.722032
0.314289
0.616354
0.636668
0.0195256

0.617839
-0.661343
0.425324
0.823307
0.00197178

-0.617839
0.661343
-0.425324
-0.388447
0.104644

0.292669
0.586448
-0.755264
-0.544675
0.325498

-0.292669
-0.586448
0.755264
-0.544675
0.325498

-0.679292
0.733868
0
0.0868642
0.0880533

0.679292
-0.733868
0
-0.372079
0.19193

-0.217335
-0.946633
-0.238015
-0.252949
0.0867137

0.306113
-0.775463
0.552225
-0.500921
0.178673

-0.306113
0.775463
-0.552225
0.53045
0.0175469

-0.113575
0.315594
0.942073
0.940177
0.000308461

0.113575
-0.315594
-0.942073
-2.41001
0.99073

-0.63071
0.600473
0.491566
-0.472799
0.128907

0.63071
-0.600473
-0.491566
0.787327
0.00269464

-0.919863
0.300472
-0.25213
-0.462004
0.120848

0.919863
-0.300472
0.25213
0.816222
0.0019158

0.600136
0.783413
-0.161558
-0.183785
0.134815

-0.600136
-0.783413
0.161558
0.000399828
0.0961292

0.238524
-0.808551
0.537914
0.947306
0.000129911

-0.238524
0.808551
-0.537914
-0.552845
0.104984

0.258373
-0.445942
-0.856959
0.727267
0.0170673

0.587466
0.698411
0.408786
0.446968
0.012974

-0.587466
-0.698411
-0.408786
0.589007
0.00717625

-0.401814
-0.71904
-0.567033
-0.686889
0.225413

0.401814
0.71904
0.567033
0.616306
0.0117204

0.182857
-0.2483
-0.951268
-1.88651
1.14451

-0.182857
0.2483
0.951268
0.31685
0.0643958

-0.523886
0.00200702
0.851786
0.0594509
0.100725

0.523886
-0.00200702
-0.851786
-0.704406
0.330613

-0.162522
-0.179275
-0.970282
-24.0901
300.975

0.162522
0.179275
0.970282
0.982926
0.000139455

-0.710374
0.0487721
0.702133
0.424133
0.0458848

0.710374
-0.0487721
-0.702133
-2.18817
1.40531

0.745188
-0.354042
0.565111
0.508587
0.0136246

0.275015
-0.88837
0.367649
-0.355562
0.173836

-0.966702
-0.131933
-0.219272
0.861464
0.00355597

0.966702
0.131933
0.219272
-6.17875
9.37414

-0.275998
0.82412
-0.494623
0.571645
0.00395232

-0.300305
-0.811447
0.501368
0.426987
0.0529412

0.300305
0.811447
-0.501368
-3.00231
2.57909

-0.17089
0.979194
-0.109431
-7.21548
11.1215

0.17089
-0.979194
0.109431
0.983692
4.39448e-05

-0.208347
-0.884034
0.418421
0.538376
0.00644046

0.208347
0.884034
-0.418421
0.757471
0.00178176

0.555869
0.489523
-0.671846
-22.5379
297.052

-0.555869
-0.489523
0.671846
0.793124
0.023003

0.183902
0.526176
-0.830253
-2.79394
2.11945

-0.183902
-0.526176
0.830253
0.51608
0.0346601

0.335985
-0.568509
-0.750941
-3.02959
2.20741

-0.335985
0.568509
0.750941
0.689075
0.0131672

-0.583641
-0.776094
0.238835
0.63222
0.0129698

0.752626
0.608796
0.250843
-1.07077
0.509883

-0.752626
-0.608796
-0.250843
0.19983
0.0761519

-0.0888303
0.220095
-0.971425
-23.5919
300.178

0.0888303
-0.220095
0.971425
0.945966
0.00144949

0.733525
0.256445
-0.629426
0.977535
5.57353e-05

-0.935772
0.270578
0.226096
-0.00547111
0.0681192

0.935772
-0.270578
-0.226096
0.440795
0.0210782

-0.1259
0.655109
0.744971
-0.238679
0.118482

0.164467
-0.921225
0.352555
0.690239
0.0051964

-0.164467
0.921225
-0.352555
-0.0411427
0.058517

-0.888754
0.458385
0
-2.90321
2.14308

0.888754
-0.458385
0
0.602434
0.0241275

0.824272
-0.0367685
0.564999
0.513594
0.0131135

0.457359
-0.0864821
-0.885067
0.811428
0.00272788

-0.457359
0.0864821
0.885067
-1.12528
0.336026

-0.610058
0.244779
-0.7536
0.281349
0.0282575

0.610058
-0.244779
0.7536
0.477176
0.0150053

-0.798648
-0.317404
0.511289
0.221647
0.0739135

0.798648
0.317404
-0.511289
-1.20158
0.591272

0.270261
-0.853103
-0.44629
0.935872
0.000217477

-0.270261
0.853103
0.44629
-0.805146
0.166342

-0.49443
0.436692
-0.751557
-1.03247
0.202663

0.49443
-0.436692
0.751557
0.971869
4.84216e-05

-0.48594
0.654908
0.578755
-0.524918
0.250543

0.48594
-0.654908
-0.578755
0.0550332
0.0974063

-0.00906748
-0.680395
0.732789
0.638356
0.0174083

0.00906748
0.680395
-0.732789
-2.67439
1.78599

-0.118367
0.321681
-0.93942
0.912431
0.000474297

0.118367
-0.321681
0.93942
-0.867222
0.195136

0.759708
0.600328
0.249901
-1.47102
0.720421

-0.759708
-0.600328
-0.249901
0.410643
0.040999

0.559798
-0.678044
0.476322
0.55442
0.0137628

-0.559798
0.678044
-0.476322
-0.237719
0.105889

0.167503
0.876208
0.451887
0.177471
0.0191351

-0.167503
-0.876208
-0.451887
0.932591
0.000136258

0.503887
-0.202175
0.839776
0.641789
0.00328538

0.417671
-0.267251
0.868405
0.650611
0.0140908

-0.417671
0.267251
-0.868405
-2.03516
1.05258

0.209781
0.497115
-0.841943
-0.973646
0.294681

-0.209781
-0.497115
0.841943
0.75906
0.00441465

0.023081
0.156433
0.987419
0.969703
0.000338095

0.61577
-0.368791
-0.696291
0.579337
0.0132353

-0.61577
0.368791
0.696291
-0.430851
0.151322

-0.197755
-0.980252
0
0.611545
0.00295283

-0.587636
-0.412677
0.695976
0.465128
0.015791

0.587636
0.412677
-0.695976
0.286253
0.028048

-0.58542
-0.0570212
-0.808722
0.98314
5.87574e-05

0.0514384
-0.766581
0.640084
0.724166
0.0108087

-0.930272
0.147397
0.33596
0.45379
0.00763245

0.930272
-0.147397
-0.33596
0.877844
0.0003883

-0.845849
-0.00563954
0.533392
0.80485
0.00247648

0.845849
0.00563954
-0.533392
-0.259534
0.0837491

-0.429274
-0.705868
0.563449
0.541969
0.00343814

-0.0712374
-0.601159
-0.795948
-2.1772
1.08476

0.0712374
0.601159
0.795948
0.751954
0.00670036

-0.0639131
-0.0722492
-0.995337
-0.590392
0.473377

0.0639131
0.0722492
0.995337
-1.73973
1.4036

0.296355
-0.529622
-0.79478
0.879765
0.000715928

-0.296355
0.529622
0.79478
-0.318196
0.0809716

-0.810039
0.478904
0.338359
0.895517
0.000997264

0.810039
-0.478904
-0.338359
-2.27657
0.973769

-0.459724
0.738834
0.492725
0.967179
0.000321505

0.209343
-0.0856587
0.974083
0.993694
6.64782e-06

0.709157
-0.116874
0.695296
0.614594
0.00540333

-0.709157
0.116874
-0.695296
0.562095
0.00697367

0.796788
-0.60426
0
0.41736
0.0266951

-0.796788
0.60426
0
-0.0237962
0.0764697

-0.405172
0.300482
-0.86345
-1.78882
0.705686

0.405172
-0.300482
0.86345
0.813179
0.00324642

-0.813461
-0.457464
0.359176
0.573308
0.0045403

-0.333978
-0.208516
0.919228
0.89815
0.00142413

0.662436
0.573359
0.482118
0.900744
0.00203432

0.0510091
-0.586859
-0.808081
0.510292
0.027281

-0.0510091
0.586859
0.808081
-1.55846
0.740313

0.671932
0.54352
0.503084
-1.17764
0.34123

-0.671932
-0.54352
-0.503084
0.845145
0.00174783

-0.264213
0.964464
0
0.476621
0.00973818

0.264213
-0.964464
0
0.700271
0.00319626

0.827801
0.210291
0.520119
0.554969
0.0109565

-0.827801
-0.210291
-0.520119
0.155727
0.0394012

0.00724965
-0.0597643
-0.998186
0.887574
0.000748472

-0.415577
-0.376343
-0.828047
0.520455
0.00817907

0.415577
0.376343
0.828047
0.669492
0.00389596

-0.450188
0.0160368
0.89279
0.324041
0.0419675

0.450188
-0.0160368
-0.89279
-0.488372
0.202594

0.065516
0.0667065
-0.995619
0.948516
0.00020761

0.430383
-0.681451
-0.591942
-1.81944
0.706723

-0.430383
0.681451
0.591942
0.830555
0.00310686

-0.812642
0.452434
0.36731
0.0177058
0.030267

0.812642
-0.452434
-0.36731
0.939569
0.000119238

0.637865
-0.723863
0.262965
0.235577
0.0594648

-0.637865
0.723863
-0.262965
-0.639015
0.273355

0.669108
-0.542812
0.507592
-0.475556
0.121676

-0.669108
0.542812
-0.507592
0.827307
0.00169071

0.670135
0.452245
-0.588551
0.960363
6.03478e-05

-0.794716
-0.226398
0.563179
-2.76138
2.45974

0.794716
0.226398
-0.563179
0.180852
0.116784

0.947426
0.231906
-0.220464
-1.14538
0.871983

-0.947426
-0.231906
0.220464
-1.14538
0.871983

0.0536683
0.824457
-0.563373
0.465305
0.0125173

-0.0536683
-0.824457
0.563373
0.541584
0.00920115

-0.0496895
0.310099
0.949405
-0.757177
0.314226

0.0496895
-0.310099
-0.949405
0.307207
0.0490765

-0.659106
0.75205
0
0.702353
0.00334538

0.399856
-0.569943
-0.71783
0.885933
0.000612805

-0.531536
-0.181009
-0.827469
-3.22475
3.17269

0.531536
0.181009
0.827469
0.302752
0.0866615

-0.235099
0.585044
-0.776178
-12.1752
62.4783

0.235099
-0.585044
0.776178
0.608348
0.0552451

0.21383
-0.819452
-0.531766
0.473287
0.0243212

0.547137
0.643801
-0.534941
0.958722
0.000201847

-0.547137
-0.643801
0.534941
-4.05969
2.92489

0.52378
-0.512743
0.680256
0.809431
0.00247547

-0.703762
0.59401
0.389707
0.463547
0.0231301

-0.390062
0.0231274
0.920498
0.897731
0.00333065

0.155207
-0.944486
-0.289582
0.328256
0.0370076

-0.155207
0.944486
0.289582
-0.234676
0.124929

-0.597326
-0.568511
0.565683
0.444472
0.023993

0.597326
0.568511
-0.565683
-0.296659
0.13063

0.928566
0.27526
0.248992
0.600353
0.00880639

-0.928566
-0.27526
-0.248992
0.0890008
0.0457483

-0.438259
-0.609084
0.661019
0.336523
0.0102883

0.438259
0.609084
-0.661019
0.941415
8.93909e-05

-0.590138
0.777739
-0.216467
0.588087
0.00956867

0.590138
-0.777739
0.216467
0.0731952
0.0484331

0.936152
-0.197382
-0.290963
-0.787824
0.318934

-0.936152
0.197382
0.290963
0.356385
0.041355

-0.742361
-0.373942
0.555938
0.549821
0.0279553

0.742361
0.373942
-0.555938
-2.561
1.74901

0.105678
0.473277
0.874552
0.267575
0.0692258

-0.768656
0.155871
-0.620381
-2.11144
1.07065

0.768656
-0.155871
0.620381
0.707798
0.009505

-0.212491
0.338743
0.91657
-1.53545
1.02371

0.212491
-0.338743
-0.91657
-0.215219
0.235171

0.0906463
-0.425782
0.900274
0.731827
0.006479

-0.0906463
0.425782
-0.900274
-1.41355
0.524196

0.303094
-0.558409
-0.772213
-0.72574
0.246739

-0.303094
0.558409
0.772213
0.582596
0.0145501

0.0701397
-0.540172
-0.838627
-1.95598
0.817546

-0.0701397
0.540172
0.838627
0.823744
0.00290727

-0.34474
0.933763
0.0961333
-0.950487
0.25017

0.34474
-0.933763
-0.0961333
0.849989
0.00148002

0.0525237
-0.983273
-0.174399
-0.138172
0.0548565

-0.0525237
0.983273
0.174399
0.875644
0.000688325

0.192938
-0.432698
-0.880652
-1.40351
0.393742

-0.192938
0.432698
0.880652
0.913105
0.000554432

0.362551
0.560963
0.744229
0.70553
0.00640273

-0.362551
-0.560963
-0.744229
-0.704987
0.211877

-0.365112
0.572058
0.734468
-21.234
290.843

0.365112
-0.572058
-0.734468
0.445689
0.18095

0.152744
-0.839998
0.520646
0.474776
0.014581

-0.152744
0.839998
-0.520646
0.327979
0.0238395

-0.259686
0.642798
-0.720676
-1.36228
0.356334

0.259686
-0.642798
0.720676
0.933593
0.000302125

1
0
0
-0.485697
0.0929248

-0.169676
-0.336408
0.926304
0.913802
0.000804854

0.169676
0.336408
-0.926304
-3.22374
1.92823

0.0525642
0.475936
0.877908
0.112856
0.0731542

-0.0525642
-0.475936
-0.877908
-0.227885
0.139919

0.184929
0.0820182
0.979323
0.916244
0.000439736

-0.184929
-0.0820182
-0.979323
-1.1501
0.286323

0.152538
-0.469258
-0.869787
0.977904
3.91317e-05

-0.152538
0.469258
0.869787
-1.61992
0.407411

-0.615247
0.330189
-0.715854
-1.1016
0.624997

0.615247
-0.330189
0.715854
-0.182148
0.197794

0.231111
0.510016
-0.828536
-1.25541
0.415713

-0.231111
-0.510016
0.828536
0.773253
0.00422318

-0.201949
-0.169648
0.964591
-3.29779
3.21243

0.201949
0.169648
-0.964591
0.371688
0.0689641

-0.362697
0.667941
0.649851
-0.26424
0.370267

0.362697
-0.667941
-0.649851
-3.6077
4.91526

0.17576
0.399646
-0.899662
0.35433
0.0352363

-0.17576
-0.399646
0.899662
-0.341058
0.151828

-0.207127
-0.550733
0.808574
0.779992
0.00100319

0.207127
0.550733
-0.808574
0.787265
0.000940776

-0.0255249
-0.516057
-0.856174
-1.4624
0.398474

0.0255249
0.516057
0.856174
0.935635
0.000274018

0.460823
0.421018
0.781272
0.912566
0.00391254

-0.460823
-0.421018
-0.781272
-23.2874
299.383

0.59718
0.758115
-0.261987
0.900982
0.000326768

-0.59718
-0.758115
0.261987
0.108842
0.0263929

-0.541576
0.53006
0.652481
0.820273
0.00576506

0.881663
-0.0927342
-0.462678
0.513733
0.013416

-0.881663
0.0927342
0.462678
0.175824
0.0385213

0.391555
0.553855
0.734799
0.75171
0.00772689

-0.391555
-0.553855
-0.734799
-2.84949
1.83888

-0.250402
-0.120674
0.960592
-0.293216
0.271298

0.250402
0.120674
-0.960592
-1.49463
1.00822

-0.508126
0.549731
0.663026
0.908055
0.00330463

0.752241
0.59298
0.287243
-0.9988
0.595968

-0.752241
-0.59298
-0.287243
-0.410356
0.296738

-0.581435
0.0120405
0.813504
0.724656
0.00363945

0.581435
-0.0120405
-0.813504
0.0745411
0.0410796

-0.61494
-0.708647
0.34593
-0.863089
0.423837

0.61494
0.708647
-0.34593
0.0145588
0.118609

0.155267
-0.110984
0.981618
-9.3376
23.514

-0.155267
0.110984
-0.981618
0.953167
0.000510111

-0.765217
-0.643773
0
0.112856
0.0738834

0.765217
0.643773
0
-0.227885
0.140619

-0.902228
-0.431259
0
-0.373046
0.308009

0.902228
0.431259
0
-1.14537
0.697522

-0.436841
-0.68339
-0.584934
0.59933
0.00624815

0.436841
0.68339
0.584934
0.519378
0.00898549

-0.241117
0.272717
-0.931391
-0.482462
0.118321

0.241117
-0.272717
0.931391
0.864383
0.0020518

-0.0785175
0.789655
0.608506
0.878308
0.00117705

0.0785175
-0.789655
-0.608506
-1.65017
0.555114

-0.573576
-0.482231
0.662166
-3.06112
2.21726

0.573576
0.482231
-0.662166
0.708626
0.0114864

0.240483
0.678982
-0.69365
0.873582
0.000287958

-0.240483
-0.678982
0.69365
0.702122
0.00158555

0.477045
0.398323
0.783433
0.815071
0.00136686

-0.270135
-0.271573
0.923729
0.934142
0.000363878

0.722867
-0.114068
0.681507
0.565463
0.00940168

-0.722867
0.114068
-0.681507
0.289511
0.0251021

0.81235
-0.378782
-0.44341
0.736413
0.00221885

-0.81235
0.378782
0.44341
0.523813
0.00723008

-0.748708
-0.0299653
0.662222
-0.147427
0.147524

0.748708
0.0299653
-0.662222
-0.397106
0.218691

0.133014
0.18741
0.973234
0.872277
0.000419735

-0.133014
-0.18741
-0.973234
0.469159
0.00718135

-0.843751
0.140512
-0.518016
0.998945
2.60267e-07

0.843751
-0.140512
0.518016
-3.22401
1.39373

0.41411
0.894956
-0.16603
0.392573
0.0153834

-0.41411
-0.894956
0.16603
0.643628
0.00529756

-0.152282
-0.0165523
0.988198
0.974589
0.000312185

-0.246053
0.208005
0.946674
0.946898
0.000496442

0.246053
-0.208005
-0.946674
-6.93251
11.0378

0.534713
-0.545232
0.645604
0.707798
0.00946211

-0.534713
0.545232
-0.645604
-2.11144
1.07094

0.793052
0.109787
0.599179
0.759753
0.00378317

-0.793052
-0.109787
-0.599179
-0.15274
0.0714844

0.600708
-0.185066
0.777754
0.789362
0.0127426

-0.600708
0.185066
-0.777754
-10.3276
36.6304

-0.466646
-0.649074
-0.600787
-0.110277
0.0822813

0.466646
0.649074
0.600787
0.521843
0.0153211

-0.807402
0.569909
-0.152662
0.890639
0.000407625

0.807402
-0.569909
0.152662
0.121709
0.0261352

0.79453
-0.346436
-0.498702
-0.34667
0.0863874

-0.79453
0.346436
0.498702
0.875998
0.000736754

0.485834
-0.192779
0.852527
0.869713
0.0055366

-0.485834
0.192779
-0.852527
-13.0918
64.0976

0.133628
-0.783558
-0.606779
-0.530762
0.22239

-0.133628
0.783558
0.606779
0.288386
0.04807

0.538852
-0.480148
0.692168
0.731982
0.00416351

-0.538852
0.480148
-0.692168
-0.258192
0.091413

0.00474294
0.231152
0.972906
0.955477
7.70514e-05

-0.00474294
-0.231152
-0.972906
-0.39413
0.075046

0.89557
-0.367412
0.250922
-0.257638
0.127036

-0.89557
0.367412
-0.250922
0.373356
0.0315427

0.384832
0.0206754
-0.922755
0.978177
1.35897e-05

0.877669
-0.321117
-0.355783
-0.867356
0.507677

-0.877669
0.321117
0.355783
-0.446078
0.304475

-0.19018
-0.422942
-0.885975
-36.2125
1014.42

0.19018
0.422942
0.885975
0.947009
0.0020586

-0.854634
-0.173331
-0.489446
0.746982
0.0268699

0.854634
0.173331
0.489446
-16.221
124.306

0.0954092
0.0949987
0.990895
0.977261
8.67818e-05

0.127523
0.942302
0.309522
0.829632
0.00438566

-0.127523
-0.942302
-0.309522
-4.47073
4.51218

-0.654565
0.400163
-0.641416
0.839817
0.00207882

0.175311
-0.247935
0.952782
-0.0343812
0.132759

-0.175311
0.247935
-0.952782
-0.838894
0.418786

-0.172695
0.0775365
0.981919
0.9559
0.00095801

0.0196386
0.441701
-0.896947
0.952041
0.000386299

0.411805
-0.414578
0.811506
0.247722
0.191338

-0.411805
0.414578
-0.811506
-9.11393
34.5791

-0.408792
-0.335807
-0.848601
-8.93006
23.2704

0.408792
0.335807
0.848601
0.877407
0.00355012

0.999784
0.0208035
0
-0.922479
0.573844

-0.999784
-0.0208035
0
-0.602684
0.398814

-0.413382
0.80117
0.432714
0.156644
0.0303119

0.413382
-0.80117
-0.432714
0.766383
0.00234532

0.529404
0.678909
0.508737
0.850272
0.00135469

-0.529404
-0.678909
-0.508737
-0.70188
0.172226

-0.317154
-0.922631
-0.219468
0.105779
0.0527196

0.317154
0.922631
0.219468
0.386001
0.0248652

0.205888
-0.282481
-0.936918
-4.2055
3.59591

-0.205888
0.282481
0.936918
0.896062
0.00144731

0.896437
0.215002
0.387523
0.937552
0.000325034

-0.896437
-0.215002
-0.387523
-2.22876
0.853816

0.252315
-0.909914
-0.329232
-0.0331928
0.0532157

-0.252315
0.909914
0.329232
0.746791
0.0032089

0.691265
-0.491994
-0.52924
-2.76913
1.81651

-0.691265
0.491994
0.52924
0.70302
0.0112827

-0.521938
-0.237045
-0.819384
-2.75442
1.35428

0.521938
0.237045
0.819384
0.923379
0.000564678

-0.817956
-0.575281
0
-0.0843654
0.106433

0.148783
-0.53831
-0.829509
-3.03503
1.61659

-0.148783
0.53831
0.829509
0.936015
0.000413141

0.674373
0.323495
0.663756
-5.69778
10.1996

-0.674373
-0.323495
-0.663756
0.470196
0.0639511

-0.62336
0.500748
0.600561
-1.03653
0.326527

0.62336
-0.500748
-0.600561
0.744168
0.00520224

0.512984
-0.660786
0.547913
0.907726
0.000931149

-0.766844
0.508292
0.391904
0.188191
0.0273107

0.766844
-0.508292
-0.391904
0.768089
0.00223268

0.00272749
0.562046
0.827102
-0.394468
0.0882991

-0.00272749
-0.562046
-0.827102
0.906624
0.000400744

-0.855158
0.419944
0.303894
0.54604
0.0174311

0.667558
0.123857
-0.734184
-0.482266
0.176823

-0.667558
-0.123857
0.734184
0.503175
0.0199743

-0.116487
-0.908304
0.401764
0.802931
0.00303707

0.116487
0.908304
-0.401764
-0.953931
0.270636

0.982632
-0.106772
0.151772
0.815781
0.0138387

-0.982632
0.106772
-0.151772
-16.5123
125.036

-0.0212338
0.361515
0.932124
0.925455
0.000593257

0.218774
-0.592206
-0.775519
-0.715946
0.185367

-0.218774
0.592206
0.775519
0.820079
0.00209726

0.380156
-0.14624
0.913288
-0.491695
0.177857

-0.380156
0.14624
-0.913288
0.517106
0.0188055

0.86113
-0.441425
-0.252189
-1.01918
0.820124

-0.86113
0.441425
0.252189
-1.55554
1.31368

0.349318
0.530446
0.772401
0.99177
4.7882e-05

-0.349318
-0.530446
-0.772401
-37.0571
1016.63

0.702845
-0.598613
0.384281
0.409668
0.0163564

-0.702845
0.598613
-0.384281
0.525962
0.0105553

-0.611978
-0.426207
0.666206
0.643529
0.00331076

0.611978
0.426207
-0.666206
0.759906
0.0015025

-0.819442
-0.482836
0.308844
0.393998
0.0342401

0.819442
0.482836
-0.308844
-0.660197
0.256816

-0.805131
-0.244397
-0.540402
-0.856594
0.944913

0.805131
0.244397
0.540402
-3.75284
6.19114

0.138829
0.37925
0.91482
0.915867
0.00359685

-0.138829
-0.37925
-0.91482
-23.3144
299.518

0.657708
0.639668
0.397801
0.959284
0.000154

0.39223
-0.00494406
-0.919854
-1.27563
0.3499

-0.39223
0.00494406
0.919854
0.897607
0.000721075

0.307316
-0.686029
0.659486
-1.57446
0.74412

-0.307316
0.686029
-0.659486
0.527141
0.0251293

-0.561286
-0.709929
0.425392
-0.277562
0.0679853

0.561286
0.709929
-0.425392
0.913996
0.000310324

-0.293575
-0.931957
-0.212769
0.141851
0.122776

-0.736969
-0.0185596
-0.675671
-12.7304
63.574

0.736969
0.0185596
0.675671
0.785462
0.0155248

-0.898101
0.342141
0.276324
0.979767
3.01755e-05

0.224798
0.732025
-0.643121
-1.89765
0.807877

-0.224798
-0.732025
0.643121
0.789963
0.00425017

0.583783
-0.128996
0.801597
0.644348
0.00996092

-0.583783
0.128996
-0.801597
-0.711269
0.228047

-0.104701
0.856804
0.504902
-3.20704
2.26423

0.104701
-0.856804
-0.504902
0.789133
0.00569031

0.03298
-0.123555
-0.99179
-36.9989
1016.54

-0.03298
0.123555
0.99179
0.989953
7.14385e-05

-0.466665
-0.361741
0.807073
0.812903
0.0116593

-0.689989
0.621673
-0.370725
-0.498109
0.156957

0.689989
-0.621673
0.370725
0.664866
0.0078766

0.60813
-0.129865
-0.783143
-7.58153
15.521

-0.60813
0.129865
0.783143
0.865914
0.00379127

0.628037
-0.441445
-0.640855
0.306877
0.0590448

-0.628037
0.441445
0.640855
-1.39056
0.700891

0.6969
0.346078
0.62814
0.625078
0.0046585

-0.782778
-0.216708
-0.583349
-0.667411
0.115181

0.782778
0.216708
0.583349
0.97193
3.83934e-05

-0.102601
0.037462
0.994017
0.989357
3.26244e-05

-0.36179
0.0364082
0.931548
0.919868
0.000350604

0.36179
-0.0364082
-0.931548
-0.824331
0.179378

0.136748
-0.265303
0.954418
0.944367
0.000340664

-0.136748
0.265303
-0.954418
-3.6408
2.36616

-0.323541
-0.824516
0.464215
-0.475661
0.0964557

0.323541
0.824516
-0.464215
0.930402
0.000223311

0.133927
-0.756908
0.639651
0.600756
0.0180321

-0.133927
0.756908
-0.639651
-1.80368
0.885024

-0.350003
0.542243
-0.763852
0.992109
4.73092e-06

0.90796
0.419058
0
-0.320235
0.539846

-0.90796
-0.419058
0
-5.68369
12.6791

-0.120317
0.633634
0.76422
0.543445
0.0653475

0.120317
-0.633634
-0.76422
-9.6656
35.6413

0.20013
-0.19959
0.959225
0.954633
4.61025e-05

0.160021
0.780824
0.60391
0.705597
0.0047061

-0.160021
-0.780824
-0.60391
-0.0795217
0.0631154

0.00910775
-0.887275
-0.461151
-0.17996
0.119665

-0.00910775
0.887275
0.461151
0.210108
0.053629

-0.182807
-0.95848
-0.218855
0.818834
0.00336155

0.182807
0.95848
0.218855
-2.2926
1.10871

0.640247
-0.0289291
-0.767624
-0.521263
0.496358

-0.640247
0.0289291
0.767624
-2.60065
2.78021

-0.436177
-0.54164
-0.718593
-0.84361
0.458114

0.436177
0.54164
0.718593
-0.243957
0.208695

0.228984
0.14379
0.962752
0.969012
0.000101963

0.840072
0.542474
0
0.679262
0.0120047

-0.363205
-0.686674
0.629731
0.761279
0.00402702

0.363205
0.686674
-0.629731
-0.764531
0.217279

0.654851
-0.755758
0
-0.328756
0.203074

-0.654851
0.755758
0
-0.167847
0.159624

0.990853
-0.134943
0
0.919006
0.000430883

0.886738
-0.350659
-0.301221
-0.648864
0.206359

0.851751
-0.471335
-0.228833
-0.293179
0.155458

-0.851751
0.471335
0.228833
0.159068
0.065755

-0.896228
0.332275
0.293886
0.727411
0.0061115

0.734751
-0.195812
-0.64946
0.742477
0.00169292

-0.734751
0.195812
0.64946
0.698117
0.00231294

0.730437
0.322179
-0.602215
0.612952
0.00307851

-0.744964
-0.501731
-0.439652
-0.433412
0.195581

0.744964
0.501731
0.439652
0.219098
0.0580888

-0.468885
-0.864047
0.183221
-2.57801
0.87726

0.468885
0.864047
-0.183221
0.997217
5.87846e-07

-0.829885
0.175155
0.529728
0.810283
0.00648281

0.829885
-0.175155
-0.529728
-5.60404
7.81703

-0.0396038
0.420295
-0.906523
-5.12319
5.9256

0.0396038
-0.420295
0.906523
0.868284
0.00274598

-0.278203
0.947497
-0.157648
0.857674
0.00139982

0.278203
-0.947497
0.157648
-1.11463
0.308221

0.582668
0
-0.81271
-0.615678
0.106816

-0.275944
-0.0849939
-0.957408
-13.311
64.4134

0.275944
0.0849939
0.957408
0.909858
0.00255764

-0.243929
0.798902
0.549777
0.974012
5.02753e-05

0.535778
0.384134
-0.751919
0.636046
0.00540214

0.707296
-0.499198
-0.500533
0.83521
0.000679579

-0.707296
0.499198
0.500533
0.56054
0.00482053

0.0591834
0.793979
-0.605058
-2.68752
3.03469

-0.0591834
-0.793979
0.605058
-0.620462
0.586395

-0.465792
-0.0665098
0.882391
0.342854
0.0616897

0.465792
0.0665098
-0.882391
-2.1129
1.37871

0.585857
-0.664076
-0.464515
0.460811
0.0168293

-0.585857
0.664076
0.464515
0.218768
0.0352838

-0.251683
0.773063
0.582262
0.663911
0.00371453

0.251683
-0.773063
-0.582262
0.601346
0.00521081

0.906339
0.422552
0
0.107287
0.0488094

-0.906339
-0.422552
0
0.476707
0.0167797

-0.353399
-0.254839
-0.900092
-1.3524
0.389569

0.353399
0.254839
0.900092
0.890247
0.000860975

-0.68459
-0.556977
-0.470226
0.94499
0.000539384

0.837652
0.546204
0
0.329473
0.0270355

-0.837652
-0.546204
0
0.677164
0.00929572

0.228117
0.157572
0.960799
0.865868
0.00123224

-0.228117
-0.157572
-0.960799
-0.976515
0.252217

-0.171628
-0.931837
0.319724
-2.07182
1.55658

0.171628
0.931837
-0.319724
-0.00303149
0.166005

0.58892
0.381288
-0.712596
-0.352136
0.15295

-0.58892
-0.381288
0.712596
0.374775
0.0327286

0.156072
-0.468994
-0.869302
-3.7286
2.85214

-0.156072
0.468994
0.869302
0.86865
0.0022155

0.601755
-0.0303932
0.798102
-1.05681
0.462917

-0.601755
0.0303932
-0.798102
0.344367
0.0473451

0.250615
-0.0299239
0.967624
0.577017
0.0163092

-0.250615
0.0299239
-0.967624
-0.951884
0.343245

0.0422232
0.206988
0.977432
0.990248
3.4003e-05

0.149735
-0.0390507
0.987955
0.794728
0.00508232

-0.149735
0.0390507
-0.987955
-2.92906
1.86178

-0.698832
0.70666
0.110747
0.0192511
0.0635235

0.698832
-0.70666
-0.110747
0.448332
0.0201008

0.32247
0.287424
0.901887
0.868283
0.00274894

0.671973
0.617885
0.408252
0.609291
0.0106421

-0.671973
-0.617885
-0.408252
-0.35878
0.128369

0.106844
-0.465866
0.878381
-3.53008
1.97126

-0.106844
0.465866
-0.878381
0.980521
3.87383e-05

0.0797527
0
0.996815
0.286429
0.0442204

-0.0797527
0
-0.996815
-0.306163
0.148138

0.679191
0.689125
-0.252598
0.629138
0.0070428

-0.679191
-0.689125
0.252598
0.155414
0.0364843

-0.0985228
-0.308235
0.946195
0.793493
0.00153783

0.0985228
0.308235
-0.946195
0.305906
0.017337

0.900689
0.149506
0.40793
0.779422
0.00374417

-0.900689
-0.149506
-0.40793
-1.08086
0.33142

0.466149
-0.432931
-0.771541
-0.94536
0.315752

-0.466149
0.432931
0.771541
0.660244
0.00964253

-0.185973
-0.847067
0.497887
-1.37121
2.1384

0.185973
0.847067
-0.497887
-5.96847
18.466

-0.417282
-0.108451
0.902283
0.852085
0.00161176

0.417282
0.108451
-0.902283
-1.27981
0.382774

0.176565
0.846994
0.501425
0.388131
0.0138993

-0.176565
-0.846994
-0.501425
0.732767
0.00267446

-0.358986
-0.575646
-0.734684
-0.148681
0.123461

0.358986
0.575646
0.734684
0.0255315
0.0888572

0.894425
0.447219
0
-34.8584
977.617

-0.894425
-0.447219
0
0.787818
0.0444626

-0.0195598
-0.652587
0.757461
0.667894
0.00571096

0.235057
0.946293
-0.221985
0.780065
0.0138838

-0.235057
-0.946293
0.221985
-10.2961
36.6077

-0.744835
-0.653588
0.13433
0.185658
0.0912879

0.744835
0.653588
-0.13433
-1.6077
0.93602

-0.286317
0.716787
-0.635798
0.399315
0.0400853

0.286317
-0.716787
0.635798
-1.20668
0.538383

-0.615553
0.53266
0.580834
0.748361
0.00940487

0.615553
-0.53266
-0.580834
-3.83772
3.47144

-0.601153
-0.751591
-0.271524
-0.527513
0.149649

0.601153
0.751591
0.271524
0.750075
0.00401556

-0.0732536
-0.106769
-0.991582
-0.813319
0.450934

0.0732536
0.106769
0.991582
-0.315838
0.237666

-0.0983254
0.548561
0.830309
0.640602
0.00712822

0.221232
-0.785701
-0.577695
-0.0379528
0.0381191

-0.221232
0.785701
0.577695
0.916915
0.000248156

-0.938987
-0.0294415
0.342691
0.875288
0.000864187

0.938987
0.0294415
-0.342691
-0.635741
0.147244

0.34099
0.15949
0.926439
0.869653
0.00140112

-0.28864
0.144464
-0.946476
-1.0619
0.389556

0.28864
-0.144464
0.946476
0.599585
0.0147354

-0.776256
-0.325538
-0.539863
-6.97523
15.01

0.776256
0.325538
0.539863
0.646529
0.0295454

-0.0514365
0.882155
0.468142
-0.0867815
0.208732

0.0514365
-0.882155
-0.468142
-2.26516
1.88326

-0.113082
0.908694
-0.401855
-5.74263
10.2447

0.113082
-0.908694
0.401855
0.498482
0.0567237

-0.751307
-0.204904
0.627338
0.0436859
0.122045

0.751307
0.204904
-0.627338
-1.22055
0.657318

-0.554719
-0.638861
0.533051
0.337453
0.0729328

0.554719
0.638861
-0.533051
-2.90766
2.53368

0.546468
-0.104388
0.830949
0.735098
0.00800505

-0.546468
0.104388
-0.830949
-2.34889
1.27524

0.840148
0.361356
0.404441
0.276178
0.0430398

-0.840148
-0.361356
-0.404441
-0.167951
0.112044

0.105852
0.808071
-0.579496
-3.45579
3.29735

-0.105852
-0.808071
0.579496
0.504912
0.0407984

0.609423
-0.75995
0.226009
0.242254
0.024047

0.353952
0.073493
0.932372
-0.144209
0.205303

-0.353952
-0.073493
-0.932372
-1.57446
1.03762

-0.619371
-0.614249
0.488955
0.32312
0.0356118

0.619371
0.614249
-0.488955
-0.112557
0.0961039

0.73786
-0.476457
0.47807
0.301458
0.0382214

-0.73786
0.476457
-0.47807
-0.102696
0.0952332

0.713501
0.651757
-0.257156
-1.77823
1.10885

-0.713501
-0.651757
0.257156
0.176537
0.0977951

0.374171
-0.0538697
-0.925794
-0.0843647
0.104538

-0.374171
0.0538697
0.925794
0.0721918
0.076602

-0.70749
-0.706723
0
0.791853
0.00460569

0.70749
0.706723
0
-2.24331
1.0983

-0.665866
0.00216398
-0.746068
0.434662
0.03188

0.665866
-0.00216398
0.746068
-0.926832
0.36875

0.12407
-0.707724
-0.695509
0.908055
0.00330699

-0.12407
0.707724
0.695509
-17.0212
126

-0.95834
-0.285631
0
-0.247315
0.12799

0.95834
0.285631
0
0.353392
0.0356691

-0.288895
0.418299
-0.861142
0.0833955
0.103647

0.288895
-0.418299
0.861142
-1.00302
0.49492

-0.104573
-0.681995
-0.723842
-4.1375
5.35057

0.104573
0.681995
0.723842
0.30929
0.0967614

0.114939
0.900314
0.41979
0.423683
0.0150891

-0.114939
-0.900314
-0.41979
0.546059
0.00937174

0.810822
0.585293
0
-1.43209
0.699257

-0.810822
-0.585293
0
0.361954
0.0587724

0.520056
0.325686
0.789601
0.912566
0.00388926

0.884521
0.218465
0.412183
0.295489
0.0108134

-0.134247
0.507128
-0.851352
-0.79432
0.488182

0.134247
-0.507128
0.851352
-0.64169
0.408677

-0.425834
0.437712
-0.79188
-0.456266
0.263088

0.425834
-0.437712
0.79188
-0.354095
0.227475

0.222458
-0.244378
-0.943818
-1.40701
0.97515

-0.222458
0.244378
0.943818
-0.474246
0.366121

-0.249309
-0.515113
0.820063
0.865513
0.00435558

-0.67075
-0.239929
0.701804
0.97747
1.7904e-05

0.67075
0.239929
-0.701804
0.182232
0.0148801

0.0621441
-0.249544
0.966367
0.805402
0.00410012

0.684172
-0.675719
0.274432
0.786942
0.0100548

-0.684172
0.675719
-0.274432
-7.32261
15.3278

0.98306
0.183283
0
0.839096
0.00216509

-0.98306
-0.183283
0
-1.57445
0.546052

0.780868
0.624696
0
0.916886
0.0102056

-0.0531954
0.939711
0.337807
0.816825
0.00189789

0.0531954
-0.939711
-0.337807
-0.462727
0.12088

0.20927
-0.610637
-0.76376
-4.05331
3.54983

-0.20927
0.610637
0.76376
0.844045
0.00339458

0.891167
0.453676
0
0.656866
0.00372939

-0.891167
-0.453676
0
0.637538
0.0041569

-0.0259321
0.276991
-0.960523
0.916812
0.000128731

0.0259321
-0.276991
0.960523
0.792605
0.000625137

-0.00728392
0.231262
-0.972864
0.974108
4.29808e-05

0.00728392
-0.231262
0.972864
-0.719824
0.124404

0.393977
-0.186231
0.900056
0.208715
0.0343413

-0.393977
0.186231
-0.900056
0.525168
0.012368

0.724723
-0.476635
0.497589
0.823782
0.00758974

-0.724723
0.476635
-0.497589
-8.72436
23.0925

-0.00540146
-0.570186
-0.821498
0.960515
0.000112269

0.00540146
0.570186
0.821498
-1.8808
0.576204

-0.0980441
0.755392
0.647897
0.950539
0.00030367

0.390851
-0.0350639
0.919786
0.909066
0.00420974

-0.390851
0.0350639
-0.919786
-23.2594
299.404

0.0262107
-0.135067
-0.99049
0.972875
5.522e-05

-0.233262
0.195178
0.952625
0.969644
0.000198746

0.233262
-0.195178
-0.952625
-9.46965
23.601

0.781737
-0.398027
0.480064
0.718254
0.0182105

-0.781737
0.398027
-0.480064
-7.13984
15.1677

0.575921
-0.359678
0.73413
0.718846
0.00510891

0.550328
-0.73654
-0.393252
0.120918
0.0309286

-0.550328
0.73654
0.393252
0.829591
0.00137323

0.0540492
-0.544703
-0.836886
0.980034
0.000141142

0.97231
0.233695
0
0.775138
0.00300424

-0.97231
-0.233695
0
0.0136979
0.0467379

-0.133025
-0.587881
0.797935
0.670624
0.00801499

0.133025
0.587881
-0.797935
-0.611798
0.189481

-0.731187
0.550202
0.403289
0.429672
0.0201549

0.731187
-0.550202
-0.403289
0.151125
0.0446394

0.264436
-0.794021
0.54736
0.666016
0.00767704

-0.264436
0.794021
-0.54736
-0.449583
0.143732

-0.0414533
0.339918
0.939541
0.914953
0.000441266

0.0414533
-0.339918
-0.939541
-1.07166
0.258921

-0.393567
0.104305
-0.91336
-1.85616
0.800065

0.393567
-0.104305
0.91336
0.763638
0.00558994

0.633396
-0.308972
0.709468
-16.6295
125.255

-0.633396
0.308972
-0.709468
0.840096
0.0103535

0.379198
0.502003
0.777304
0.638356
0.0174205

0.74949
-0.202695
-0.630221
-3.03837
6.56001

-0.74949
0.202695
0.630221
-4.11106
10.5076

-0.198409
0.258677
0.945368
0.317377
0.0462205

0.198409
-0.258677
-0.945368
-0.685654
0.280489

0.33607
-0.163142
0.9276
0.595702
0.0132735

-0.33607
0.163142
-0.9276
-0.669771
0.223656

0.199792
-0.204642
-0.95823
0.324205
0.133444

-0.199792
0.204642
0.95823
-7.61985
21.6962

-0.0560789
0.30408
-0.950994
-1.05027
0.302336

0.0560789
-0.30408
0.950994
0.816742
0.00243854

0.717829
-0.165674
0.67622
0.314862
0.0555665

-0.717829
0.165674
-0.67622
-1.26492
0.60578

-0.128988
-0.120793
0.984262
0.699089
0.012396

0.128988
0.120793
-0.984262
-3.04558
2.21073

0.308179
-0.129714
-0.942444
-2.30775
1.11162

-0.308179
0.129714
0.942444
0.826667
0.00305312

0.833834
-0.552016
0
-0.333673
0.245257

-0.833834
0.552016
0
-0.806019
0.449222

-0.599091
0.077091
-0.796961
-0.248935
0.0638622

0.599091
-0.077091
0.796961
0.914246
0.000308839

0.62163
-0.47799
-0.620565
0.6063
0.00562981

0.714931
0.195224
0.671387
0.360935
0.0428434

-0.714931
-0.195224
-0.671387
-0.949744
0.398649

-0.120933
-0.548671
-0.827246
-1.54201
0.736598

0.306918
-0.151098
0.939665
0.960393
0.000770079

-0.537947
-0.675968
0.503667
-8.38511
15.8663

0.537947
0.675968
-0.503667
0.992284
1.10251e-05

0.295172
-0.151109
-0.943419
-36.529
1015.47

-0.295172
0.151109
0.943419
0.968469
0.000717865

0.604213
0.31644
0.731295
0.974192
3.08208e-05

0.52726
0.209617
-0.823442
-6.61611
10.8859

-0.52726
-0.209617
0.823442
0.877623
0.00286062

0.412491
-0.058857
-0.909058
-2.10255
1.21061

-0.412491
0.058857
0.909058
0.54494
0.0260929

0.583676
-0.781018
0.22211
0.920326
0.000476991

-0.583676
0.781018
-0.22211
-1.74998
0.565462

0.096176
0.146485
0.984526
0.985521
1.56482e-05

-0.096176
-0.146485
-0.984526
-2.00933
0.583569

-0.914276
-0.364376
-0.177004
-0.863094
0.423832

0.069297
0.974739
-0.212323
-0.0362325
0.0489026

-0.069297
-0.974739
0.212323
0.805419
0.00172869

0.419914
-0.907564
0
-0.372347
0.122094

-0.419914
0.907564
0
0.682475
0.00654387

0.0519108
-0.81807
0.572771
0.644348
0.00986053

-0.0519108
0.81807
-0.572771
-0.711269
0.227962

-0.316939
-0.707784
0.63134
0.16973
0.0517891

0.316939
0.707784
-0.63134
0.132414
0.0565394

-0.0949265
0.0250035
0.99517
0.935556
0.000320074

0.0949265
-0.0250035
-0.99517
-1.56404
0.446355

0.539281
0.817805
0.200923
0.249174
0.0163488

-0.539281
-0.817805
-0.200923
0.906181
0.000257292

-0.132009
-0.406258
-0.904173
0.52064
0.0102966

0.132009
0.406258
0.904173
0.482049
0.0120003

0.366055
0.771466
-0.520426
-0.338882
0.142693

-0.366055
-0.771466
0.520426
0.43754
0.0252368

-0.349797
0.670862
-0.653901
-3.73428
3.42855

0.349797
-0.670862
0.653901
0.69239
0.0144933

-0.577958
-0.609869
-0.54224
-0.461159
0.214413

0.577958
0.609869
0.54224
0.140381
0.0743238

0.324785
0.945788
0
0.467501
0.0287949

-0.0101974
0.177384
0.984089
0.863491
0.0036136

0.0101974
-0.177384
-0.984089
-6.5653
10.8545

0.423009
-0.125665
0.897369
0.970151
9.32924e-05

-0.409955
-0.911566
0.031376
0.963596
5.5531e-05

0.912208
-0.390385
0.124401
-0.962449
0.34469

-0.912208
0.390385
-0.124401
0.58902
0.0151203

-0.402763
0.143924
-0.903918
-0.354473
0.107869

0.402763
-0.143924
0.903918
0.754736
0.00354094

0.889351
-0.434933
-0.141024
0.303859
0.0480714

0.278314
-0.170978
0.94515
0.932251
0.00230258

-0.742601
-0.580371
0.334236
0.582817
0.0120743

0.742601
0.580371
-0.334236
-0.296905
0.116501

-0.587787
-0.0326372
0.808357
0.796682
0.001194

0.696505
0.244877
-0.674475
0.460069
0.031541

-0.696505
-0.244877
0.674475
-1.25466
0.548002

0.324118
-0.246674
0.91329
0.884332
0.0013514

0.711074
0.703117
0
0.544519
0.0320648

-0.711074
-0.703117
0
-1.32821
0.550803

-0.0316498
-0.762751
0.645918
0.966587
0.000814627

0.0316498
0.762751
-0.645918
-36.4975
1015.23

-0.857219
-0.190474
-0.478429
-1.0354
0.202772

0.857219
0.190474
0.478429
0.972593
4.0557e-05

-0.413602
0.0152481
0.91033
0.929273
0.00130979

0.0240563
-0.974569
-0.222794
-0.184328
0.0511935

-0.0240563
0.974569
0.222794
0.937111
0.000146159

-0.575773
-0.486408
0.657186
-0.736738
0.162963

0.575773
0.486408
-0.657186
0.903848
0.000505506

0.658431
-0.482546
-0.577597
-0.0141833
0.0655439

-0.658431
0.482546
0.577597
0.513914
0.0150695

0.0139504
-0.941848
-0.335749
0.0525894
0.0674701

-0.183117
-0.847704
0.497862
-0.82237
0.126362

0.183117
0.847704
-0.497862
0.993543
1.83047e-06

0.387149
-0.60527
-0.695531
0.752984
0.00188914

-0.387149
0.60527
0.695531
0.524955
0.00697969

-0.493022
-0.318806
0.809501
0.984134
1.53134e-05

0.493022
0.318806
-0.809501
-1.76123
0.458499

0.624104
0.54906
0.555902
0.38253
0.0299819

-0.624104
-0.54906
-0.555902
-0.219605
0.116742

-0.132705
-0.103441
-0.985743
-1.57445
0.828288

0.132705
0.103441
0.985743
0.356383
0.052056

0.798232
0.273823
0.536514
0.661107
0.0223148

-0.798232
-0.273823
-0.536514
-5.26613
7.60964

-0.473229
0.117
-0.873136
-1.34042
0.622639

0.473229
-0.117
0.873136
0.414896
0.0389206

0.721573
-0.054211
0.690212
0.903345
0.00115279

-0.721573
0.054211
-0.690212
-3.83321
2.8798

0.465535
-0.00884423
-0.884985
-9.06799
23.37

-0.465535
0.00884423
0.884985
0.907425
0.00198687

-0.283246
0.182786
0.941467
0.204256
0.0943213

0.283246
-0.182786
-0.941467
-1.99848
1.33813

0.413784
0.822454
0.390323
0.710195
0.00632738

-0.413784
-0.822454
-0.390323
-0.649103
0.193179

0.824906
0.491392
0.279398
0.403515
0.0135373

-0.824906
-0.491392
-0.279398
0.704621
0.00332676

-0.460764
0.434389
-0.773953
-1.34189
0.620583

0.460764
-0.434389
0.773953
0.416737
0.0411001

0.0063362
0.804427
-0.594018
0.304705
0.0222614

-0.38203
0.440806
-0.812246
-6.55175
10.8589

0.38203
-0.440806
0.812246
0.859575
0.003757

-0.408649
0.0572714
-0.910893
0.994753
5.71964e-06

0.379581
-0.858386
0.345097
-21.234
290.901

-0.379581
0.858386
-0.345097
0.445689
0.180847

-0.0391564
-0.0602408
0.997416
0.963327
0.000658028

-0.0750352
-0.0755214
-0.994317
-17.7901
126.953

0.0750352
0.0755214
0.994317
0.985701
7.36566e-05

-0.808806
-0.0850259
-0.581896
-2.76974
2.11108

0.808806
0.0850259
0.581896
0.495423
0.0378441

-0.476632
-0.840505
-0.25763
-0.330339
0.119023

0.476632
0.840505
0.25763
0.629434
0.00924592

-0.438078
0.750557
-0.494724
-0.328756
0.194453

0.438078
-0.750557
0.494724
-0.167847
0.15023

0.34791
0.239912
-0.906312
0.652809
0.00498777

-0.34791
-0.239912
0.906312
0.41925
0.013759

0.491116
0.8328
0.25544
-0.330952
0.085721

-0.491116
-0.8328
-0.25544
0.864696
0.000890751

-0.793904
-0.608043
0
-0.79432
0.495516

0.793904
0.608043
0
-0.64169
0.420368

-0.437193
-0.709012
0.553321
0.590321
0.00489603

-0.691012
0.0620077
0.720179
-2.34914
0.864472

0.691012
-0.0620077
-0.720179
0.967749
9.03108e-05

0.66641
-0.667535
0.332105
0.242802
0.0843738

-0.66641
0.667535
-0.332105
-2.02876
1.34934

-0.777365
-0.334592
-0.532684
-7.946
22.1793

0.777365
0.334592
0.532684
0.512939
0.065824

0.822849
-0.42002
0.382758
0.486974
0.0130617

-0.822849
0.42002
-0.382758
0.389456
0.0184889

-0.531326
0.590317
0.607634
0.652622
0.0201405

0.272788
-0.579719
0.767797
0.867765
0.00199707

-0.272788
0.579719
-0.767797
-3.09157
1.90091

0.261791
0.0292861
0.96468
-6.56682
14.5654

-0.261791
-0.0292861
-0.96468
0.424166
0.0843848

0.88232
0
-0.470649
-0.819809
0.238803

-0.88232
0
0.470649
0.752148
0.00445874

-0.172041
0.677653
0.714975
-2.0101
0.654667

0.172041
-0.677653
-0.714975
0.959791
0.000129241

0.409348
-0.524965
0.746221
0.962653
0.000242433

-0.534385
-0.638479
-0.553875
-0.841598
0.279938

0.534385
0.638479
0.553875
0.633424
0.0111469

0.403862
0.594196
-0.695576
0.399293
0.0140164

-0.403862
-0.594196
0.695576
0.693517
0.00365972

0.302405
0.396942
0.866596
0.903282
0.000815533

-0.235608
0.447349
-0.862768
-0.711429
0.212409

0.235608
-0.447349
0.862768
0.711949
0.00602933

-0.630516
0.232568
0.740515
0.773674
0.0212726

0.630516
-0.232568
-0.740515
-16.3281
124.587

0.279763
0.358095
-0.890787
0.082633
0.0444238

-0.133316
0.0683143
0.988716
0.988145
4.09071e-05

0.776606
0.124144
-0.617634
-0.14711
0.0805571

-0.776606
-0.124144
0.617634
0.632789
0.00831346

-0.369097
0.355918
-0.858539
0.923139
0.000574413

0.369097
-0.355918
0.858539
-2.54309
1.14846

0.702002
-0.578989
-0.414687
-12.9615
63.9466

-0.702002
0.578989
0.414687
0.841993
0.00819228

0.255206
-0.721879
0.643242
0.50947
0.028387

-0.255206
0.721879
-0.643242
-1.70893
0.862629

-0.910885
-0.41266
0
-0.0258791
0.116859

0.910885
0.41266
0
-0.512639
0.253759

0.451858
-0.775821
-0.44037
0.34751
0.00957991

0.908383
-0.273448
0.316331
0.226559
0.0208206

-0.908383
0.273448
-0.316331
0.845316
0.000846204

0.419874
0.202813
-0.884631
0.543707
0.0251452

-0.865047
0.302842
-0.399975
-0.337379
0.095758

0.865047
-0.302842
0.399975
0.811931
0.0019095

-0.00217046
0.406199
-0.913782
-1.72429
0.77529

0.00217046
-0.406199
0.913782
0.666274
0.011784

-0.901713
-0.432336
0
0.920768
0.000335583

0.901713
0.432336
0
-0.351731
0.0782529

-0.317554
-0.434445
0.842863
-0.0643773
0.189764

0.317554
0.434445
-0.842863
-2.03099
1.53876

0.828108
-0.197692
0.524552
0.926182
0.000626393

-0.796672
0.289955
0.53032
0.918086
0.000366124

0.796672
-0.289955
-0.53032
-0.820508
0.179177

-0.733828
-0.196101
-0.650416
0.61391
0.00526825

0.733828
0.196101
0.650416
0.597826
0.00571201

-0.469837
0.738814
0.483122
0.107447
0.0771982

0.469837
-0.738814
-0.483122
-0.325755
0.170228

-0.0370392
-0.171892
-0.984419
-0.372079
0.187889

0.0370392
0.171892
0.984419
0.0868642
0.0833986

0.92847
0.326251
0.177491
0.0343369
0.068708

-0.92847
-0.326251
-0.177491
0.285796
0.0375874

-0.637373
-0.232599
0.734611
0.674806
0.012478

0.637373
0.232599
-0.734611
-2.26098
1.25367

-0.311849
0.616432
-0.723023
-5.74263
10.2411

0.311849
-0.616432
0.723023
0.498482
0.0568068

-0.713335
0.0479029
0.699184
0.995299
2.34513e-06

0.713335
-0.0479029
-0.699184
-1.10715
0.188988

0.412549
0.673821
-0.613
-31.6757
972.606

-0.412549
-0.673821
0.613
-0.0801973
1.06296

-0.493684
0.708467
0.504332
0.513233
0.0749734

0.493684
-0.708467
-0.504332
-9.6007
35.5235

0.232073
0.518022
-0.823283
0.204767
0.0330312

-0.457447
-0.889237
0
-1.63469
0.925376

0.457447
0.889237
0
0.223579
0.0927167

-0.210754
0.909117
0.359289
0.865326
0.000903306

0.210754
-0.909117
-0.359289
-0.367057
0.0920881

-0.71852
-0.502379
0.480982
0.263299
0.0404379

-0.347651
0.0309831
0.937112
0.524551
0.0505496

0.347651
-0.0309831
-0.937112
-5.78539
10.2837

0.867169
-0.498014
0
0.693717
0.00655595

-0.158068
-0.580594
-0.798702
-0.821079
0.155744

0.158068
0.580594
0.798702
0.961052
7.21723e-05

-0.892711
0.450629
0
0.0708486
0.0629951

0.892711
-0.450629
0
0.394864
0.0289689

-0.000136947
-0.622246
0.782822
-0.27927
0.0615876

-0.406894
0.865364
0.292545
0.400268
0.0260195

0.406894
-0.865364
-0.292545
-0.0792338
0.0842137

0.468537
0.883444
0
-0.241801
0.141221

-0.468537
-0.883444
0
0.146032
0.0667867

-0.379918
0.595458
-0.707878
0.151279
0.0633226

0.379918
-0.595458
0.707878
-0.155206
0.117282

0.32926
-0.469829
-0.819053
0.133419
0.205828

-0.32926
0.469829
0.819053
-6.16281
14.0408

0.788365
0.163884
0.592978
-6.56682
14.5622

-0.788365
-0.163884
-0.592978
0.424166
0.0844471

0.284058
0.802996
0.523935
0.39743
0.0402531

-0.284058
-0.802996
-0.523935
-1.20525
0.538154

0.33028
0.943883
0
0.815239
0.016276

0.372282
-0.109784
0.921604
-3.11856
1.90493

-0.372282
0.109784
-0.921604
0.878097
0.0017304

-0.436694
0.132143
-0.889852
-0.467066
0.164472

0.436694
-0.132143
0.889852
0.558813
0.015024

0.258094
0.915315
-0.309168
0.841765
0.0014203

-0.936743
0.350017
0
0.467782
0.0131628

0.161465
0.514055
-0.842423
-0.583824
0.163821

-0.161465
-0.514055
0.842423
0.755058
0.00392817

-0.328796
-0.899885
0.286529
-0.275147
0.0923683

0.328796
0.899885
-0.286529
0.750763
0.0035389

0.685967
0.456972
0.566238
-1.44809
0.794206

-0.685967
-0.456972
-0.566238
0.183767
0.0884778

0.718213
0.588077
-0.371936
0.869954
0.000650824

-0.718213
-0.588077
0.371936
0.0436187
0.034684

0.372943
0.384779
-0.84431
0.704396
0.00948351

-0.372943
-0.384779
0.84431
-1.93088
0.912085

0.44572
-0.00561699
0.895155
0.798081
0.0116845

-0.44572
0.00561699
-0.895155
-10.3579
36.6622

0.339472
0.135593
-0.930792
-0.186267
0.0681898

-0.339472
-0.135593
0.930792
0.823941
0.00158156

0.700813
-0.400465
0.590329
0.65236
0.0114599

-0.483871
-0.491295
-0.724223
-6.12429
10.5665

0.483871
0.491295
0.724223
0.701928
0.0185884

-0.432748
0.230724
-0.871491
0.264442
0.0180067

0.432748
-0.230724
0.871491
0.851163
0.000755265

0.650742
0.759299
0
0.694929
0.00551149

-0.650742
-0.759299
0
0.0951447
0.0420748

-0.052165
0.302705
0.951656
0.912024
0.00072146

0.738935
-0.399867
-0.542293
-0.643935
0.236902

-0.738935
0.399867
0.542293
0.473288
0.0243835

0.778128
-0.0532415
0.625845
0.933457
0.00352107

-0.375014
-0.306826
-0.87477
-0.875134
0.283893

0.375014
0.306826
0.87477
0.668769
0.00898612

0.656648
-0.439091
-0.613198
-6.93792
14.9762

-0.656648
0.439091
0.613198
0.628906
0.0327397

0.463808
-0.633986
0.618824
0.705536
0.0124369

-0.463808
0.633986
-0.618824
-3.38091
2.73854

0.138409
-0.534942
-0.833475
-7.58153
15.5211

-0.138409
0.534942
0.833475
0.865914
0.00379048

0.519831
-0.75673
-0.396403
-2.08858
0.743231

-0.519831
0.75673
0.396403
0.94233
0.000264573

-0.112139
0.441961
0.889997
-0.167847
0.150183

0.112139
-0.441961
-0.889997
-0.328756
0.19441

0.63618
0.421955
-0.645933
0.727859
0.0078166

0.892896
-0.450264
0
-2.68248
1.00668

-0.892896
0.450264
0
0.99128
2.28293e-05

0.239234
-0.930537
-0.277252
0.838412
0.00104135

-0.380866
-0.399472
-0.833884
-0.760827
0.401877

0.380866
0.399472
0.833884
-0.205994
0.188558

-0.404505
-0.815379
0.414166
-0.653738
0.297311

0.404505
0.815379
-0.414166
0.119378
0.0843487

-0.0935408
0.074005
0.992861
0.751261
0.0140786

0.0935408
-0.074005
-0.992861
-7.22397
15.2306

0.255016
-0.658989
0.707602
0.656723
0.00869138

0.388571
0.203225
-0.898728
-0.308256
0.204899

-0.388571
-0.203225
0.898728
-0.403368
0.235762

-0.1996
-0.0979842
0.974966
-0.320238
0.0811402

0.1996
0.0979842
-0.974966
0.881179
0.000720184

0.78932
0.0964859
0.606354
0.534408
0.0167798

-0.78932
-0.0964859
-0.606354
-0.449949
0.162659

0.409725
0.818081
-0.403571
0.194179
0.0407773

-0.409725
-0.818081
0.403571
0.37695
0.0243809

0.670982
-0.584537
0.456179
-0.198448
0.383262

-0.670982
0.584537
-0.456179
-4.9183
9.34359

0.651961
-0.402608
-0.642537
0.658688
0.00575476

-0.812308
-0.421475
-0.403131
-0.043812
0.0712982

0.812308
0.421475
0.403131
0.515013
0.0158111

-0.0609952
0.454485
-0.888664
0.997234
1.94535e-06

-0.147546
0.94924
-0.277801
0.0452769
0.0477036

0.147546
-0.94924
0.277801
0.671921
0.00564337

0.0891842
-0.265303
0.960031
0.966283
0.000588364

-0.0100609
0.22654
0.97395
-0.430254
0.568416

0.0100609
-0.22654
-0.97395
-4.72102
9.09425

-0.061599
0.954996
-0.290151
-0.145525
0.110008

0.061599
-0.954996
0.290151
0.225568
0.0502915

0.789314
-0.160115
0.592745
0.304721
0.091654

-0.272666
-0.229606
-0.934309
-0.907013
0.336884

0.272666
0.229606
0.934309
0.523249
0.0212462

-0.656933
0.339099
-0.673387
-1.00871
0.298273

0.656933
-0.339099
0.673387
0.786729
0.00336567

-0.0458003
-0.802507
-0.594882
0.948635
0.000101873

0.0458003
0.802507
0.594882
-0.287511
0.0618178

0.501603
-0.525375
-0.687296
0.173585
0.107677

-0.501603
0.525375
0.687296
-2.20074
1.6105

-0.0461263
-0.245204
0.968373
0.488943
0.065174

0.0461263
0.245204
-0.968373
-6.67387
14.691

0.719201
-0.435359
0.541491
0.48991
0.0154384

0.000666461
0.846065
0.53308
0.668595
0.0119744

-0.241134
-0.747074
-0.619464
0.857903
0.00124946

0.241134
0.747074
0.619464
-0.770068
0.189115

-0.446059
0.797687
-0.405866
0.714852
0.00940854

0.446059
-0.797687
0.405866
-2.31807
1.26764

-0.650521
-0.122412
-0.749558
0.0530746
0.145844

0.650521
0.122412
0.749558
-2.11082
1.5734

-0.0415824
0.911282
0.409678
0.807164
0.00257335

0.0415824
-0.911282
-0.409678
-0.888018
0.244975

0.618494
0.163278
0.768639
0.802487
0.00268846

0.535885
0.00880124
0.844245
0.660746
0.00483755

-0.535885
-0.00880124
-0.844245
0.361923
0.0170855

-0.389483
0.288853
0.874567
-0.373046
0.288594

0.389483
-0.288853
-0.874567
-1.14537
0.704556

-0.720207
-0.693759
0
0.643884
0.00798855

0.483041
0.0329757
0.874976
0.880412
0.000935469

-0.838283
-0.430055
0.335162
0.920135
0.000653081

0.838283
0.430055
-0.335162
-2.9794
1.60803

0.00614193
-0.796933
-0.604037
-0.977007
0.319682

-0.00614193
0.796933
0.604037
0.691205
0.00874335

0.871719
-0.336813
-0.355898
-16.9535
125.926

-0.871719
0.336813
0.355898
0.897738
0.00408643

-0.137433
0.33388
0.932543
0.902186
0.00160237

-0.267821
0.401464
-0.875842
-1.18215
0.224321

0.267821
-0.401464
0.875842
0.988521
1.15718e-05
