
-0.129481
-0.990788
0.0396587
0.03408
0.0469432

0.729873
-0.0391928
0.682459
0.550143
0.0110781

-0.729873
0.0391928
-0.682459
0.177885
0.0369767

0.0843277
-0.51164
0.855052
0.574656
0.0216508

-0.0843277
0.51164
-0.855052
-1.94561
1.03053

-0.518578
-0.124357
0.845939
0.726311
0.00442898

0.576451
-0.0205968
-0.816872
-0.897301
0.245767

-0.576451
0.0205968
0.816872
0.813966
0.00236424

0.0579781
0.737137
-0.673251
-1.04038
0.301393

-0.0579781
-0.737137
0.673251
0.809866
0.00262248

0.60709
0.690779
0.392767
0.276581
0.064922

-0.60709
-0.690779
-0.392767
-1.36875
0.695557

0.120574
0.38993
0.912917
0.874065
0.000989321

-0.120574
-0.38993
-0.912917
-0.921619
0.229784

-0.292105
-0.0718837
0.953681
0.692703
0.0523487

0.292105
0.0718837
-0.953681
-22.0814
295.229

0.0529445
0.903444
-0.425425
0.94789
0.000179926

-0.0529445
-0.903444
0.425425
-1.49961
0.40099

-0.0138942
0.869222
0.494227
0.924896
0.000855148

0.643744
-0.256083
0.72112
0.795798
0.00456147

-0.643744
0.256083
-0.72112
-2.45127
1.29862

-0.817005
0.408324
-0.407154
-2.15497
1.22535

0.817005
-0.408324
0.407154
0.591116
0.0206174

-0.457967
0.140769
0.877753
0.99667
2.26761e-06

0.964457
-0.0222525
0.263303
-5.99475
7.99793

-0.964457
0.0222525
-0.263303
0.924102
0.000944846

0.275562
0.701928
0.656782
-3.21784
1.63758

-0.275562
-0.701928
-0.656782
0.97491
6.96103e-05

-0.56473
0.424262
0.707871
0.540863
0.0102919

0.56473
-0.424262
-0.707871
0.355688
0.020188

0.244681
0.183042
-0.95217
-0.284343
0.0752364

0.386142
0.500724
-0.774706
0.380476
0.0414217

-0.386142
-0.500724
0.774706
-1.08228
0.467825

0.465812
-0.429924
-0.773424
-4.44597
4.49955

-0.465812
0.429924
0.773424
0.819968
0.00498099

-0.992373
-0.123274
0
-0.232979
0.193046

0.992373
0.123274
0
-0.659094
0.349306

0.162729
-0.755055
-0.635146
0.563576
0.00897292

0.147765
0.481323
0.863998
0.121134
0.046344

-0.147765
-0.481323
-0.863998
0.495599
0.0153634

0.482819
-0.688761
0.540828
0.601668
0.0137668

-0.626287
-0.0205595
-0.779321
-2.15955
0.955774

0.626287
0.0205595
0.779321
0.843972
0.00234463

0.62429
0.77722
-0.0786806
-1.89628
1.47797

-0.62429
-0.77722
0.0786806
-0.287221
0.29194

-0.311119
0.779954
-0.543025
-3.75285
3.43659

0.311119
-0.779954
0.543025
0.702946
0.0134368

0.428452
-0.642912
-0.634896
-13.8617
64.8868

-0.428452
0.642912
0.634896
0.976964
0.00016157

-0.161612
-0.499099
-0.851341
-35.5293
1011.29

0.161612
0.499099
0.851341
0.88072
0.0107833

0.705204
0.264451
0.657839
0.944414
0.000275715

-0.299715
-0.735027
0.608199
0.550416
0.0142715

0.299715
0.735027
-0.608199
-0.275271
0.114796

0.0327117
-0.540174
-0.840917
0.864787
0.00597665

-0.0327117
0.540174
0.840917
-13.0676
64.0651

0.123203
-0.703467
0.699968
0.59274
0.0251199

-0.123203
0.703467
-0.699968
-3.20765
2.66957

0.290745
-0.766318
0.572908
0.789703
0.00249246

-0.290745
0.766318
-0.572908
-0.350777
0.101888

-0.290636
0.563466
0.773328
0.791034
0.00793965

0.388494
-0.420671
-0.819822
0.0286583
0.0326192

-0.676342
-0.710932
-0.192711
-0.0609013
0.0917711

0.676342
0.710932
0.192711
0.203141
0.0517794

0.756478
0.186385
0.626898
0.546938
0.0270108

-0.756478
-0.186385
-0.626898
-2.31722
1.44744

0.921512
-0.167049
0.350586
0.0863581
0.0361414

-0.921512
0.167049
-0.350586
0.786812
0.00197086

-0.561617
0.405983
-0.720946
-0.281487
0.0836242

0.561617
-0.405983
0.720946
0.824804
0.00161113

0.432329
-0.446128
0.783621
-1.96287
0.729717

-0.432329
0.446128
-0.783621
0.898734
0.00086162

-0.261338
-0.0917399
0.960878
0.947579
0.00136271

0.261338
0.0917399
-0.960878
-23.6088
300.211

0.667216
-0.618189
0.41553
0.405782
0.0453609

-0.667216
0.618189
-0.41553
-1.79847
1.00413

-0.645537
-0.496206
0.58057
0.870951
0.00102012

0.645537
0.496206
-0.58057
-0.851597
0.208732

0.563718
-0.823476
-0.0641051
-0.499636
0.353613

-0.563718
0.823476
0.0641051
-1.09091
0.687425

0.429298
-0.090313
0.898636
0.708771
0.0295153

-0.429298
0.090313
-0.898636
-12.4664
63.0883

0.290528
-0.490007
0.82188
0.524195
0.0114306

-0.290528
0.490007
-0.82188
0.322189
0.023192

0.496217
0.706248
0.504959
-0.661485
0.322802

-0.496217
-0.706248
-0.504959
-0.0313704
0.124447

-0.592575
0.314023
0.741785
0.96056
0.000510444

0.592575
-0.314023
-0.741785
-8.05658
15.5993

-0.045153
0.322105
0.945627
0.941984
0.00130455

-0.16177
0.423128
0.891512
-0.152519
0.0808261

0.16177
-0.423128
-0.891512
0.640578
0.00789086

0.62591
-0.462272
-0.628125
0.41031
0.0270982

-0.62591
0.462272
0.628125
-0.234269
0.11814

0.135573
0.808367
0.572855
0.710777
0.00154532

0.686828
0.72682
0
0.737914
0.00410751

-0.686828
-0.72682
0
0.193597
0.0305165

0.219446
-0.917417
-0.331947
-2.31001
1.90553

-0.219446
0.917417
0.331947
-0.0216155
0.18157

-0.516737
0.216996
-0.828188
-3.44679
4.76852

0.516737
-0.216996
0.828188
-0.49048
0.536142

0.817577
-0.38025
0.432409
0.796351
0.0170726

-0.158357
-0.710254
0.685902
0.789857
0.00508982

0.158357
0.710254
-0.685902
-2.66549
1.54425

0.727287
-0.164759
0.666265
0.662868
0.0203842

-0.727287
0.164759
-0.666265
-4.64208
5.68502

0.0986321
-0.551506
0.82832
0.080549
0.0525473

-0.0986321
0.551506
-0.82832
0.48281
0.0167213

-0.0551526
-0.21244
0.975616
0.977574
0.000362764

0.689755
0.561603
0.456992
0.632677
0.00788323

-0.689755
-0.561603
-0.456992
-0.0561411
0.0649172

-0.664542
-0.664611
0.341579
-0.135178
0.0322012

0.664542
0.664611
-0.341579
0.992744
1.37285e-06

0.793155
0.589502
0.152944
0.104456
0.0238192

0.0719787
-0.287916
-0.954947
-36.4975
1015.02

-0.0719787
0.287916
0.954947
0.966587
0.000824582

0.135332
0.565727
-0.813411
-0.164673
0.105959

-0.616873
0.505347
0.6034
0.204256
0.0942681

0.616873
-0.505347
-0.6034
-1.99848
1.3383

-0.531502
0.111984
0.839622
-3.58116
1.97391

0.531502
-0.111984
-0.839622
0.986794
2.20894e-05

0.344244
0.586035
-0.733525
-2.74693
1.5632

-0.344244
-0.586035
0.733525
0.830802
0.00319346

-0.315485
-0.483348
0.816605
0.734486
0.00155657

0.569518
0.821979
0
0.0489645
0.0312416

-0.569518
-0.821979
0
0.931229
0.000508075

0.40807
-0.0809893
0.909351
0.719716
0.00905169

-0.40807
0.0809893
-0.909351
-2.32534
1.26953

0.101292
0.613575
0.783113
0.729536
0.00239262

0.150437
-0.603626
-0.782946
0.959616
9.44136e-05

-0.586564
-0.479531
-0.652681
0.977873
3.3839e-05

0.889569
0.456802
0
-2.3666
2.50841

-0.889569
-0.456802
0
-0.968696
0.895301

-0.154441
-0.587456
0.794382
0.722488
0.0116044

0.154441
0.587456
-0.794382
-3.78832
3.45146

-0.810886
-0.290748
0.507867
0.894316
0.00356738

0.810886
0.290748
-0.507867
-13.2208
64.2922

-0.621831
0.335114
0.707832
0.720408
0.00240804

0.621831
-0.335114
-0.707832
0.578571
0.00545457

0.944273
-0.329164
0
-0.953559
0.405857

-0.944273
0.329164
0
0.339657
0.0464232

-0.667847
0.639793
0.380323
0.356385
0.0413711

0.667847
-0.639793
-0.380323
-0.787824
0.318941

0.0594926
-0.437336
-0.897328
-0.0396876
0.199139

-0.0594926
0.437336
0.897328
-2.58585
2.36451

-0.229106
0.652964
0.721906
0.962279
0.00104293

0.157559
0.581531
-0.798121
-2.11645
1.80716

-0.157559
-0.581531
0.798121
-0.325528
0.327228

0.78567
-0.106793
0.609359
0.373231
0.0292797

-0.78567
0.106793
-0.609359
-0.100374
0.0902259

0.747217
0
0.66458
0.652623
0.0202108

-0.930066
0.108344
0.351053
-0.817789
0.350581

0.930066
-0.108344
-0.351053
0.268991
0.0567282

0.410632
-0.61314
-0.674864
0.980162
3.14143e-05

-0.0535181
-0.391164
-0.918764
-23.2594
299.273

0.0535181
0.391164
0.918764
0.909066
0.00425181

-0.0147473
0.412024
0.911054
0.875161
0.0043013

0.0147473
-0.412024
-0.911054
-10.6655
37.01

-0.000953225
-0.531141
-0.847283
-2.01768
0.82639

0.000953225
0.531141
0.847283
0.855599
0.00195271

0.543621
0.251491
0.800768
-1.14538
0.871972

-0.543621
-0.251491
-0.800768
-1.14538
0.871972

-0.221314
0.722886
0.654565
0.937428
0.00043973

0.221314
-0.722886
-0.654565
-0.613138
0.122146

-0.783402
0.396695
0.47845
0.440827
0.0259876

0.783402
-0.396695
-0.47845
-0.442352
0.172589

0.267543
-0.752653
0.601609
0.652623
0.0201403

-0.267543
0.752653
-0.601609
-4.10453
4.34712

0.385703
-0.599265
-0.701509
-1.78784
1.25688

-0.385703
0.599265
0.701509
-0.105203
0.197736

-0.776038
0.461181
0.430206
0.151477
0.0528619

0.776038
-0.461181
-0.430206
0.187199
0.0485087

0.0915136
-0.069661
0.993364
0.473748
0.0320737

-0.0915136
0.069661
-0.993364
-1.52505
0.732621

0.20241
-0.0736056
0.976531
-0.185168
0.515623

-0.20241
0.0736056
-0.976531
-8.5143
33.1906

-0.628276
-0.18761
-0.755031
0.89558
0.00138994

0.628276
0.18761
0.755031
-3.80813
2.87136

0.805211
-0.321374
-0.498351
0.707448
0.00844015

-0.805211
0.321374
0.498351
-1.63297
0.680448

-0.192648
-0.146273
0.970304
0.964244
0.000223866

-0.235208
-0.261338
-0.936152
-1.33571
1.20107

0.235208
0.261338
0.936152
-1.6575
1.5546

-0.511486
0.334789
0.79139
0.785063
0.00448061

0.511486
-0.334789
-0.79139
-1.88969
0.806429

-0.520198
0.145266
0.841601
0.992245
1.55592e-06

0.94406
-0.329775
0
0.692555
0.00285026

-0.94406
0.329775
0
0.665949
0.00334556

0.513237
-0.566141
-0.645037
0.051514
0.0331709

-0.621634
-0.531356
0.575527
-2.54092
1.31686

0.621634
0.531356
-0.575527
0.84121
0.00267897

0.822027
-0.417906
0.386816
-0.178264
0.0823288

0.661947
-0.709101
0.242902
0.0192552
0.105189

-0.661947
0.709101
-0.242902
-0.532414
0.256778

0.902443
-0.406809
0.141785
0.815209
0.00185849

-0.902443
0.406809
-0.141785
-0.378957
0.10338

-0.569225
0.262267
0.77923
0.699034
0.00471115

-0.188679
0.00333276
0.982033
0.739211
0.00283423

-0.430886
-0.869248
-0.242375
0.987966
8.69572e-06

0.430886
0.869248
0.242375
-1.68091
0.410201

-0.450196
0.0174085
0.89276
-5.86522
10.3497

0.450196
-0.0174085
-0.89276
0.570924
0.0406248

-0.328639
0.346454
0.878616
0.885384
0.000962693

0.11903
-0.983401
0.136944
0.426872
0.0163684

-0.569785
-0.574909
0.587218
0.382733
0.0278621

0.569785
0.574909
-0.587218
-0.0707657
0.0836749

-0.316494
-0.403822
-0.858347
-2.10448
0.946506

0.316494
0.403822
0.858347
0.815318
0.00335274

-0.812807
-0.291772
-0.504196
0.855599
0.000351416

-0.38778
0.270517
0.881162
0.80092
0.00124886

-0.218801
-0.935704
0.276738
0.821429
0.00389282

0.218801
0.935704
-0.276738
-2.9837
1.87282

0.162473
0.877771
0.450688
0.420416
0.0269954

-0.162473
-0.877771
-0.450688
-0.329021
0.141731

-0.600078
0.0724851
0.796651
0.708425
0.00738594

0.600078
-0.0724851
-0.796651
-1.17431
0.405265

0.873884
0.31852
0.367248
0.393077
0.0229401

-0.873884
-0.31852
-0.367248
0.187737
0.0410861

0.26888
0.0483396
-0.96196
-0.72334
0.162362

-0.26888
-0.0483396
0.96196
0.896643
0.000639085

-0.286635
-0.750997
-0.594848
-4.69091
7.15743

0.286635
0.750997
0.594848
0.27412
0.11648

0.737381
0.206802
0.643041
-0.247548
0.0637791

0.275969
0.119806
-0.95367
-5.04361
5.88588

-0.275969
-0.119806
0.95367
0.841852
0.00411616

-0.284201
0.381689
-0.879513
-2.06483
1.19991

0.284201
-0.381689
0.879513
0.509625
0.0307256

-0.231971
0.879991
0.414493
0.401445
0.0324605

0.231971
-0.879991
-0.414493
-0.59682
0.230955

-0.170842
0.25413
0.951962
0.80627
0.0106542

0.418189
-0.706468
-0.570982
0.66228
0.00543031

-0.965456
-0.260565
0
0.963778
0.000697739

0.965456
0.260565
0
-2.69891
1.11617

-0.437818
0.8021
-0.406142
-0.333673
0.244972

0.437818
-0.8021
0.406142
-0.806019
0.44911

0.844815
0.535059
0
-1.22789
0.48645

-0.844815
-0.535059
0
0.559921
0.0298801

-0.277897
-0.960611
0
0.529312
0.0238794

0.277897
0.960611
0
-1.3143
0.558889

-0.491536
-0.143864
0.858892
0.0225141
0.0530186

0.491536
0.143864
-0.858892
0.633289
0.00747351

-0.339144
0.840135
-0.423268
-0.256931
0.119951

0.339144
-0.840135
0.423268
0.451298
0.0228928

-0.495518
0.73327
0.465594
0.0467745
0.074681

0.495518
-0.73327
-0.465594
0.0916307
0.0678184

0.379639
0.644342
0.663851
0.623693
0.0118383

-0.379639
-0.644342
-0.663851
-0.832763
0.278898

0.286157
-0.55813
-0.778849
-1.11473
0.473886

-0.286157
0.55813
0.778849
0.424345
0.0352704

0.34251
-0.228938
-0.911194
-0.695183
0.22625

-0.34251
0.228938
0.911194
0.626015
0.011015

0.506308
-0.805552
0.307795
0.490393
0.0334671

-0.506308
0.805552
-0.307795
-2.04506
1.19404

0.411078
-0.817259
-0.403859
0.862899
0.00101914

-0.411078
0.817259
0.403859
-0.523347
0.12428

-0.181659
0.698278
0.692393
0.762722
0.00282423

-0.93973
-0.0736557
-0.333889
-11.2593
37.4987

0.93973
0.0736557
0.333889
0.969352
0.000236456

-0.682011
0.664587
-0.305264
0.104088
0.107607

0.682011
-0.664587
0.305264
-1.32902
0.723759

-0.37639
0.768324
-0.517695
-1.48958
0.724709

0.37639
-0.768324
0.517695
0.432898
0.0376759

0.618092
-0.0590841
0.783883
0.65057
0.00854461

-0.270837
0.258601
0.92724
0.912589
0.00018506

0.894663
-0.041352
-0.444824
-2.05789
1.35999

-0.894663
0.041352
0.444824
0.278586
0.0756967

0.148379
-0.979646
0.135197
-0.460051
0.186117

-0.148379
0.979646
-0.135197
0.377305
0.0338572

0.0906558
-0.937373
0.336323
0.33461
0.0269988

-0.0906558
0.937373
-0.336323
0.285336
0.0311418

-0.184071
0.0327689
-0.982367
0.945307
0.000162205

-0.980454
-0.0140276
-0.196249
-0.251685
0.0781552

0.980454
0.0140276
0.196249
0.827532
0.00154071

-0.305345
0.71966
0.623582
0.424775
0.0505807

0.305345
-0.71966
-0.623582
-2.69168
2.07856

0.125681
0.0834188
0.988557
0.994524
2.10595e-05

-0.622544
-0.758764
0.191613
0.561171
0.0185743

0.622544
0.758764
-0.191613
-1.12393
0.434928

0.870341
0.46917
-0.14962
0.89549
0.00038738

-0.870341
-0.46917
0.14962
0.0491139
0.0319631

0.617982
-0.542908
-0.568638
-1.95915
1.16785

-0.617982
0.542908
0.568638
0.400772
0.0479839

0.14238
-0.56952
0.809552
0.961522
0.000209487

0.526934
-0.477129
0.703341
0.717536
0.00815593

0.363658
-0.191894
-0.911553
0.932232
0.000605778

0.767081
-0.480555
0.425035
-19.9175
282.136

-0.767081
0.480555
-0.425035
-0.113947
0.800259

-0.514663
-0.399029
-0.75888
0.2201
0.0553956

0.997042
-0.0768553
0
0.787167
0.00388358

0.171214
0.612161
0.771975
-0.0895054
0.0732663

-0.171214
-0.612161
-0.771975
0.593117
0.0102288

-0.833951
0.237382
0.498172
0.442462
0.0232561

0.833951
-0.237382
-0.498172
-0.210829
0.109633

0.552675
0.109875
-0.826122
-2.1357
0.746908

-0.552675
-0.109875
0.826122
0.955172
0.00017112

-0.993509
-0.113754
0
0.346704
0.0594401

0.455261
-0.469165
0.756718
0.690414
0.0108065

-0.455261
0.469165
-0.756718
-2.0873
1.06496

-0.941576
0.139096
-0.306735
-0.752827
0.249779

0.941576
-0.139096
0.306735
0.614859
0.0120765

0.0614087
-0.85644
-0.512581
-0.918925
0.247799

-0.0614087
0.85644
0.512581
0.829209
0.00236901

-0.466411
0.690375
0.55303
0.436438
0.0358614

-0.0133565
-0.708804
0.705279
0.210509
0.0149691

-0.11101
0.421995
0.899776
0.273342
0.156167

0.11101
-0.421995
-0.899776
-7.542
21.5747

-0.582756
0.674158
0.453769
-1.19354
0.265779

0.582756
-0.674158
-0.453769
0.959552
9.10335e-05

-0.408869
-0.912593
0
0.837646
0.00367802

0.0256804
0.133161
-0.990762
-1.15446
0.309974

-0.0256804
-0.133161
0.990762
0.879853
0.00207011

0.295793
0.296589
0.908042
0.493816
0.0218838

-0.295793
-0.296589
-0.908042
-0.59334
0.215103

0.802355
0.380297
-0.46
-1.60199
0.675021

-0.802355
-0.380297
0.46
0.682699
0.0100387

-0.0645857
-0.499296
0.864021
0.661255
0.00768022

0.0645857
0.499296
-0.864021
-0.354975
0.121024

0.580118
-0.235127
0.779858
0.0275372
0.032624

-0.580118
0.235127
-0.779858
0.911319
0.000301321

0.853413
-0.455485
-0.253417
0.777103
0.00465297

-0.853413
0.455485
0.253417
-1.73049
0.697028

0.036435
-0.0751122
0.996509
0.344466
0.0374794

-0.036435
0.0751122
-0.996509
-0.386914
0.166824

0.997077
0.0764073
0
-2.86169
3.50289

-0.997077
-0.0764073
0
-0.716305
0.692037

-0.417866
-0.85343
0.311522
-1.92355
2.27785

0.417866
0.85343
-0.311522
-2.11449
2.58509

0.262538
-0.5723
-0.776882
0.750978
0.00508225

-0.716336
0.690076
0.103239
0.89019
0.00045294

0.716336
-0.690076
-0.103239
0.0191408
0.0353149

0.468817
0.844863
-0.257716
0.476192
0.0173219

-0.468817
-0.844863
0.257716
0.0588539
0.0558892

-0.294686
0.188308
-0.936857
-15.0904
120.658

0.294686
-0.188308
0.936857
0.35639
0.19307

-0.658087
-0.563993
0.498833
0.451298
0.0228559

0.658087
0.563993
-0.498833
-0.256931
0.119908

-0.663047
0.386553
0.641051
0.675984
0.0187128

-0.189997
0.921834
-0.337821
0.0682918
0.0486952

0.189997
-0.921834
0.337821
0.596732
0.00913847

-0.0467581
0.836579
-0.545847
-0.167299
0.0859654

0.0467581
-0.836579
0.545847
0.613601
0.00946677

-0.0885082
0.429113
0.898904
0.899943
0.00168874

0.0885082
-0.429113
-0.898904
-5.8929
7.95655

0.713558
-0.115737
-0.69097
-2.20297
1.23843

-0.713558
0.115737
0.69097
0.630559
0.0165001

-0.721041
0.0240463
-0.692475
0.842624
0.00123195

0.721041
-0.0240463
0.692475
-0.237658
0.0736988

0.109605
0.315736
0.942495
0.972913
0.000356864

0.560314
-0.103241
0.821821
0.770137
0.0117993

-0.594789
-0.388012
-0.704041
0.554233
0.00560974

0.594789
0.388012
0.704041
0.782428
0.00133733

0.407618
0.847246
-0.340619
0.929273
0.00113584

-0.361564
-0.702325
-0.613197
-1.48958
0.724669

0.361564
0.702325
0.613197
0.432898
0.0377028

-0.490055
-0.871691
0
0.38258
0.0843552

0.490055
0.871691
0
-4.22512
5.24291

-0.703064
-0.711127
0
-0.0258791
0.119675

0.703064
0.711127
0
-0.512639
0.255836

-0.0963255
-0.599115
0.794848
0.693516
0.0280651

0.0963255
0.599115
-0.794848
-10.0334
36.2228

0.232321
-0.749591
0.619791
0.38253
0.0300015

-0.232321
0.749591
-0.619791
-0.219605
0.116764

0.0630815
0.240342
-0.968637
0.170914
0.0171227

-0.766008
0.236356
0.597802
0.0653431
0.0898211

0.766008
-0.236356
-0.597802
-0.421718
0.207664

0.794339
-0.0757186
-0.602737
-5.01822
5.87885

-0.794339
0.0757186
0.602737
0.832827
0.00457231

0.304219
0.935878
-0.177714
-3.16074
4.49717

-0.304219
-0.935878
0.177714
-0.966613
1.00472

-0.400988
0.540079
-0.739948
0.353392
0.0340267

0.400988
-0.540079
0.739948
-0.247315
0.126228

0.365943
-0.508349
0.77953
0.897205
0.00541358

-0.365943
0.508349
-0.77953
-23.1684
299.167

0.608639
-0.414846
-0.676359
0.991023
2.8327e-06

-0.608639
0.414846
0.676359
-0.226679
0.0412383

-0.738668
-0.67407
0
0.648939
0.100158

0.738668
0.67407
0
-34.1061
1000.92

-0.827554
-0.561386
0
0.30514
0.028981

0.827554
0.561386
0
0.372889
0.0237158

-0.673673
-0.523874
0.521268
-1.57446
0.744046

0.673673
0.523874
-0.521268
0.527141
0.0251653

-0.179585
-0.672459
-0.718017
-1.9616
1.03476

0.179585
0.672459
0.718017
0.588952
0.0200448

-0.317109
0.294459
-0.901519
0.155748
0.0767953

0.317109
-0.294459
0.901519
-0.672305
0.300499

-0.195419
-0.955277
0.221938
0.902006
0.000668306

0.195419
0.955277
-0.221938
-1.37781
0.391819

0.613314
0.307803
0.727395
0.163666
0.084196

-0.613314
-0.307803
-0.727395
-1.04895
0.505112

-0.271573
-0.50288
-0.820585
-0.386245
0.116357

0.271573
0.50288
0.820585
0.745383
0.00401115

-0.0303571
0.173136
0.98443
0.91935
0.000833216

0.0303571
-0.173136
-0.98443
-3.88878
2.88862

-0.783908
-0.481118
0.392445
-2.31001
1.90547

0.783908
0.481118
-0.392445
-0.0216155
0.181584

0.772825
-0.22987
-0.591525
-1.50907
1.28808

-0.772825
0.22987
0.591525
-1.14159
0.939495

0.20624
-0.752599
0.625348
-0.551469
0.279946

-0.20624
0.752599
-0.625348
-0.104506
0.141957

0.587292
0.030481
0.808801
0.952745
7.11444e-05

-0.587292
-0.030481
-0.808801
0.00956416
0.0292728

-0.507156
-0.783562
0.358918
-0.37133
0.164756

0.507156
0.783562
-0.358918
0.321398
0.0407833

0.444121
-0.266831
0.855312
-1.15871
1.43667

-0.540755
-0.81442
-0.210485
-0.842383
0.240887

0.540755
0.81442
0.210485
0.771366
0.00371509

-0.579067
0.778679
-0.241538
0.528368
0.0147951

0.579067
-0.778679
0.241538
-0.11404
0.0824533

0.509908
-0.195503
0.837718
0.872096
0.0012706

-0.509908
0.195503
-0.837718
-1.52145
0.488718

0.374896
-0.636715
-0.67383
-2.06483
1.19991

-0.374896
0.636715
0.67383
0.509625
0.030725

0.478022
-0.352843
0.804361
0.643537
0.0176928

-0.478022
0.352843
-0.804361
-2.9607
2.18366

0.770576
0.0160084
0.637147
0.484635
0.0237707

-0.770576
-0.0160084
-0.637147
-0.721359
0.264939

-0.518391
-0.223945
-0.825299
0.982928
2.29672e-05

0.299108
0.514481
0.803644
0.141846
0.0558129

-0.299108
-0.514481
-0.803644
0.141846
0.0558129

0.0407891
0.531458
0.846102
0.692333
0.00680897

-0.0540314
0.889437
0.453852
0.393698
0.0372042

0.0540314
-0.889437
-0.453852
-0.897842
0.36402

0.657893
-0.0531385
0.751234
0.854561
0.00160025

-0.848265
-0.529572
0
0.463254
0.030884

0.848265
0.529572
0
-0.780703
0.296108

-0.0604575
-0.548654
0.833861
0.802121
0.000749676

-0.423275
-0.261531
0.867433
0.937616
0.000172007

0.514086
0.0260698
-0.857342
-0.00930262
0.12911

-0.514086
-0.0260698
0.857342
-0.953747
0.483764

0.622763
0.256625
-0.739127
-4.71221
5.72697

-0.622763
-0.256625
0.739127
0.70001
0.0158192

-0.286065
0.297507
0.910855
-22.473
296.747

0.286065
-0.297507
-0.910855
0.780171
0.0261373

0.669013
-0.0926422
0.737454
0.857633
0.00434081

-0.669013
0.0926422
-0.737454
-7.55088
15.4912

-0.262821
-0.309777
-0.913763
-0.428079
0.100138

0.262821
0.309777
0.913763
0.881819
0.000699648

0.75455
0.300044
-0.583633
0.363957
0.0333858

-0.75455
-0.300044
0.583633
-0.298044
0.138767

0.554722
0.810081
0.189873
0.101247
0.0200506

-0.554722
-0.810081
-0.189873
0.971784
2.03653e-05

0.684443
0.0424261
0.727831
0.541699
0.0130696

-0.684443
-0.0424261
-0.727831
-0.00150466
0.0620266

-0.222065
0.529359
0.81882
0.518892
0.0198713

0.336689
-0.933943
0.119965
-3.807
3.45931

-0.336689
0.933943
-0.119965
0.732456
0.0107199

0.978577
-0.0106604
-0.205605
-3.97698
2.90817

-0.978577
0.0106604
0.205605
0.941472
0.000426462

-0.0537117
-0.625932
0.778026
-1.62044
1.34601

0.0537117
0.625932
-0.778026
-0.858258
0.676883

0.0283984
0.81266
-0.582045
-2.66603
1.47498

-0.0283984
-0.81266
0.582045
0.828198
0.00329946

-0.721047
-0.692886
0
-0.753437
0.217206

0.721047
0.692886
0
0.751485
0.005314

0.70749
-0.0860479
-0.701466
-1.83901
1.00267

-0.70749
0.0860479
0.701466
0.47062
0.0349924

-0.021239
-0.415964
-0.909133
0.557978
0.00886313

0.021239
0.415964
0.909133
0.408142
0.0158901

-0.146088
-0.194945
-0.969874
-1.14747
0.438674

0.146088
0.194945
0.969874
0.586897
0.0162812

-0.80176
-0.50174
-0.324712
0.186374
0.0380477

0.80176
0.50174
0.324712
0.490872
0.0149012

0.560454
0.0112363
-0.828109
-0.253174
0.13427

-0.560454
-0.0112363
0.828109
0.274509
0.0450329

-0.872681
0.314332
0.373662
0.408229
0.0209885

0.872681
-0.314332
-0.373662
0.231534
0.0353588

0.125498
0.379931
0.916462
-11.8723
103.583

-0.125498
-0.379931
-0.916462
-2.21807
6.47426

0.707036
0.533859
0.463783
0.279424
0.0351479

-0.707036
-0.533859
-0.463783
0.188493
0.0445648

0.624277
-0.328441
-0.708805
-0.161408
0.0856524

-0.624277
0.328441
0.708805
0.604798
0.00999787

0.458678
0.481031
-0.747144
-0.684933
0.209906

-0.458678
-0.481031
0.747144
0.68492
0.00736197

0.914968
0.078048
0.395906
0.0192552
0.105219

-0.914968
-0.078048
-0.395906
-0.532414
0.256799

0.94052
0.339737
0
-1.59426
0.495563

-0.94052
-0.339737
0
0.905517
0.000725886

-0.438078
0.73418
-0.518717
0.455964
0.0127357

0.438078
-0.73418
0.518717
0.566297
0.00809544

-0.435622
-0.875032
-0.211074
0.540277
0.121846

0.435622
0.875032
0.211074
-21.5266
292.525

-0.219556
-0.344056
0.912919
0.560355
0.00538639

-0.588353
-0.238321
-0.772687
-36.2852
1014.69

0.588353
0.238321
0.772687
0.952442
0.00165192

0.505439
-0.399315
-0.764904
-21.9863
294.802

-0.505439
0.399315
0.764904
0.668999
0.0611428

-0.32173
0.392632
-0.861586
-0.274503
0.0646013

0.32173
-0.392632
0.861586
0.928584
0.000206242

0.326252
0.806158
-0.493629
-1.7559
0.979817

-0.326252
-0.806158
0.493629
0.378204
0.0498968

0.151052
-0.936121
-0.317586
0.0168538
0.0699267

-0.151052
0.936121
0.317586
0.327721
0.03271

-0.875319
0.0679873
-0.478742
0.563889
0.00713775

0.875319
-0.0679873
0.478742
0.591572
0.006264

0.819075
-0.120986
-0.560784
-0.242714
0.0790402

-0.819075
0.120986
0.560784
0.819515
0.00214909

0.363518
-0.592429
-0.718946
0.063347
0.0812063

-0.363518
0.592429
0.718946
-0.162978
0.125103

0.0909294
0.629867
-0.771362
-1.14538
0.479575

-0.0909294
-0.629867
0.771362
0.463653
0.0300105

-0.294656
0.882743
-0.365982
-2.02876
1.34932

0.294656
-0.882743
0.365982
0.242802
0.0843806

-0.00180732
-0.298359
0.954452
0.174313
0.0748385

0.00180732
0.298359
-0.954452
-0.763756
0.341205

0.283608
-0.885145
0.368897
0.309746
0.018894

-0.283608
0.885145
-0.368897
0.733277
0.00282456

-0.00876784
-0.965628
0.259779
0.140662
0.0202667

0.00876784
0.965628
-0.259779
0.94703
7.90601e-05

-0.478707
-0.0347325
0.877287
0.860676
0.00162941

-0.327616
0.424724
-0.843965
-0.0561411
0.0649078

0.327616
-0.424724
0.843965
0.632677
0.00787758

0.645142
-0.742872
-0.178697
0.44833
0.0148283

-0.645142
0.742872
0.178697
0.44833
0.0148283

-0.630576
0.122603
0.766382
0.932818
0.0001535

0.630576
-0.122603
-0.766382
0.307282
0.0122133

-0.210476
0.890731
0.402863
0.597741
0.0218742

0.210476
-0.890731
-0.402863
-2.62035
1.76896

0.83205
0.5547
0
-0.164144
0.361554

0.123992
-0.363864
0.923162
0.928487
0.000583866

-0.123992
0.363864
-0.923162
-3.57681
2.35388

-0.857745
0.384308
0.34144
0.946697
0.00017525

0.857745
-0.384308
-0.34144
-1.31217
0.322766

0.0137831
0.479491
-0.877439
-7.1729
20.9463

-0.0137831
-0.479491
0.877439
-0.00117183
0.314331

0.297271
-0.209036
0.93163
0.945324
0.000692881

-0.297271
0.209036
-0.93163
-9.28356
23.4879

0.885713
0.301588
0.352927
0.345628
0.0155346

0.0436432
0.650573
-0.758189
-1.96923
0.819147

-0.0436432
-0.650573
0.758189
0.83091
0.00271266

0.339055
0.305048
0.889937
0.760441
0.0106218

-0.339055
-0.305048
-0.889937
-5.47766
7.74571

-0.514234
-0.703187
0.49101
0.64536
0.00958914

0.514234
0.703187
-0.49101
-0.648863
0.2064

0.907409
0.42025
0
-0.471117
0.452449

-0.907409
-0.42025
0
-2.31002
2.11328

0.822413
-0.12208
-0.555638
0.189475
0.0143144

-0.822413
0.12208
0.555638
0.978714
1.37919e-05

0.10199
-0.617356
0.780044
0.750466
0.00362469

-0.382493
-0.333417
-0.861703
-0.766789
0.18885

0.382493
0.333417
0.861703
0.855773
0.00126087

-0.920008
-0.249763
0.301998
0.515021
0.0179555

0.920008
0.249763
-0.301998
-0.339413
0.134818

0.834012
0.0414703
0.550185
0.748541
0.0160933

-0.834012
-0.0414703
-0.550185
-8.48873
22.8508

-0.961717
-0.274044
0
-0.471116
0.154684

0.961717
0.274044
0
0.632219
0.00970435

0.526789
-0.491978
-0.693146
0.99773
1.15518e-06

0.258344
-0.587112
-0.767175
0.998439
1.22475e-06

-0.223115
-0.243891
0.943789
0.260214
0.0182803

0.223115
0.243891
-0.943789
0.850192
0.000756862

-0.575924
0.757274
0.307973
0.137743
0.078303

0.575924
-0.757274
-0.307973
-0.588139
0.265555

-0.263546
0.640018
-0.721748
-0.970246
0.318796

0.263546
-0.640018
0.721748
0.684759
0.00824573

-0.618855
-0.257052
0.742255
0.754157
0.00524936

0.618855
0.257052
-0.742255
-1.33216
0.465719

-0.551246
-0.834343
0
0.152607
0.224958

0.551246
0.834343
0
-7.37017
20.924

-0.924742
-0.367802
0.0978491
0.876669
0.000738226

0.924742
0.367802
-0.0978491
-0.383119
0.0927636

0.322035
-0.881309
-0.345814
0.205353
0.0159448

-0.322035
0.881309
0.345814
0.951889
5.88147e-05

0.184138
0.674029
0.715387
0.285447
0.0109216

-0.429176
0.0139987
0.903113
0.908055
0.00328374

0.429176
-0.0139987
-0.903113
-17.0212
126.039

-0.524105
0.837696
0.153554
0.310412
0.0392604

0.524105
-0.837696
-0.153554
-0.225932
0.124068

-0.470363
-0.537561
-0.699847
0.229717
0.0966106

0.470363
0.537561
0.699847
-2.50564
1.99732

-0.862661
-0.0446374
0.503809
0.94703
0.000120892

0.862661
0.0446374
-0.503809
-0.406083
0.0796004

0.461745
0.229617
0.856778
0.902373
0.00179489

-0.93562
-0.152077
0.31857
0.618471
0.0100779

0.143886
-0.66354
-0.734174
0.665655
0.00614866

0.409479
-0.823017
0.393663
0.337453
0.0728978

-0.409479
0.823017
-0.393663
-2.90766
2.53398

-0.265847
0.964015
0
0.627094
0.00356428

0.265847
-0.964015
0
0.832467
0.000839652

0.66215
0.160903
0.731893
0.759417
0.00368347

0.228455
0.487109
0.842931
0.854502
0.000980123

0.343166
0.236925
0.908902
0.916617
0.000749524

-0.343166
-0.236925
-0.908902
-3.23303
1.93001

0.833711
0.312326
-0.455389
0.797375
0.0031018

0.253891
0.635273
-0.729361
-3.4888
2.33662

-0.253891
-0.635273
0.729361
0.902924
0.00109407

-0.0361268
0.731383
0.68101
0.711993
0.00152006

-0.192229
-0.00592206
0.981332
0.979408
0.000124802

0.898165
0.439658
0
0.771671
0.00785498

0.761537
0.347513
0.54708
0.660653
0.00707821

-0.761537
-0.347513
-0.54708
-0.200602
0.0880411

0.841764
-0.0804727
0.533814
0.369005
0.0620179

-0.841764
0.0804727
-0.533814
-2.63453
2.05458

-0.293729
0.743675
0.600558
0.646098
0.0157177

0.293729
-0.743675
-0.600558
-2.43981
1.48447

0.821519
-0.223236
0.524664
0.606098
0.00581409

-0.180887
-0.894038
-0.409848
-1.21503
0.492024

0.180887
0.894038
0.409848
0.545795
0.0207257

-0.437457
-0.079134
-0.895751
-1.54521
0.664446

0.437457
0.079134
0.895751
0.633806
0.0137639

-0.153413
0.0140428
-0.988062
-1.67306
0.409897

0.153413
-0.0140428
0.988062
0.986853
1.07839e-05

-0.650287
0.244861
-0.719146
-7.10955
15.1356

0.650287
-0.244861
0.719146
0.705777
0.020013

0.340652
0.54824
-0.763799
0.402412
0.0118498

-0.340652
-0.54824
0.763799
0.788021
0.00149411

-0.935771
-0.150769
-0.31875
0.426219
0.0248374

0.935771
0.150769
0.31875
-0.201993
0.108916

0.868882
0.495018
0
0.719716
0.0153858

-0.316944
-0.444649
0.837755
0.996747
2.03551e-06

0.828251
0.37004
-0.420798
0.867951
0.00178827

0.810871
0.585225
0
0.908358
0.00171311

-0.118488
0.921969
0.368692
-0.348523
0.143573

0.118488
-0.921969
-0.368692
0.453902
0.023572

0.975116
0.221696
0
-0.0498239
0.0909341

-0.975116
-0.221696
0
0.175213
0.0561652

-0.738497
0.193154
0.645998
0.711031
0.014641

0.513437
0.199177
-0.834692
-4.10453
4.34393

-0.513437
-0.199177
0.834692
0.652623
0.0202557

-0.652388
0.0757864
-0.754086
-1.89988
1.30072

0.652388
-0.0757864
0.754086
0.0688088
0.134342

-0.127414
0.109393
-0.985798
-6.16371
8.05157

0.127414
-0.109393
0.985798
0.956276
0.000306412

-0.2968
-0.313505
-0.902011
-2.60728
1.32986

0.2968
0.313505
0.902011
0.870498
0.00172088

-0.0275424
-0.0501673
0.998361
0.436594
0.0577278

0.0275424
0.0501673
-0.998361
-3.79288
4.17218

-0.86458
0.502496
0
0.0920794
0.157046

0.86458
-0.502496
0
-2.3936
1.86132

0.320265
-0.412881
0.852619
0.0805531
0.261053

-0.320265
0.412881
-0.852619
-7.27506
21.116

-0.278873
-0.136801
0.950534
0.923144
0.000233491

-0.305237
0.855567
0.418133
-0.157838
0.0811357

0.305237
-0.855567
-0.418133
0.64812
0.00752011

-0.71412
-0.443474
0.541631
0.66904
0.00465542

-0.122074
-0.0435979
0.991563
0.980314
0.000186684

-0.250751
-0.848124
-0.466701
0.252049
0.0389116

0.250751
0.848124
0.466701
0.176012
0.0472055

0.248804
0.403188
0.880645
0.905351
0.00456921

-0.728995
0.649467
0.216239
0.324941
0.00811477

0.879707
0.475516
0
-0.153595
0.0727592

0.500017
-0.866015
0
-0.182357
0.0623781

0.469608
0.330976
-0.818489
-3.09092
2.22645

-0.469608
-0.330976
0.818489
0.72638
0.0100649

0.201024
0.771294
-0.6039
0.1329
0.132582

-0.201024
-0.771294
0.6039
-2.72056
2.43823

0.593195
0.528645
0.607169
-0.557806
0.197086

-0.593195
-0.528645
-0.607169
0.529912
0.018078

0.707135
0.707079
0
0.365218
0.396573

-0.707135
-0.707079
0
0.552097
0.312317

-0.334612
-0.180117
-0.924983
-0.714647
0.284731

0.334612
0.180117
0.924983
0.364705
0.0392969

0.864119
-0.128381
0.486639
0.442046
0.0134197

-0.864119
0.128381
-0.486639
0.577115
0.00771259

-0.455728
0.775659
0.436652
0.975658
1.643e-05

0.455728
-0.775659
-0.436652
0.153381
0.0165345

-0.205687
0.0735546
-0.97585
-5.86522
36.0736

0.205687
-0.0735546
0.97585
-9.72692
88.0705

-0.555786
-0.539306
-0.632654
-0.549774
0.171943

0.555786
0.539306
0.632654
0.663814
0.0081556

0.804474
-0.482697
-0.346159
0.23782
0.355402

-0.804474
0.482697
0.346159
-20.6797
287.505

0.390442
-0.639688
-0.662083
-1.03888
0.354964

-0.390442
0.639688
0.662083
0.668894
0.00943571

0.0959349
0.62322
0.77614
-1.88417
0.643987

-0.0959349
-0.62322
-0.77614
0.922157
0.000470224

0.331759
0.0654179
0.941093
0.900175
0.00132296

0.838006
-0.0137053
0.545488
0.960534
0.000400376

0.476384
0.24372
0.844783
-1.83901
1.00251

-0.476384
-0.24372
-0.844783
0.47062
0.0350453

-0.61785
0.355409
-0.701388
-1.10637
0.692314

0.61785
-0.355409
0.701388
-0.462759
0.333876

-0.184031
-0.527786
0.829201
0.912566
0.00388519

0.982983
-0.00406311
0.183654
0.660013
0.0058563

-0.982983
0.00406311
-0.183654
0.117502
0.039428

-0.552134
-0.120906
0.824942
0.751261
0.0139572

0.552134
0.120906
-0.824942
-7.22397
15.2449

-0.395111
-0.882199
-0.25615
-0.13391
0.0881119

0.395111
0.882199
0.25615
0.504136
0.0168613

0.0316277
-0.793693
0.607496
-0.301105
0.21851

-0.0316277
0.793693
-0.607496
-0.632109
0.343737

-0.163788
-0.457155
-0.874175
-0.00118029
0.0648056

0.163788
0.457155
0.874175
0.489194
0.0168987

0.952404
-0.00547096
0.30479
-0.456145
0.283668

-0.952404
0.00547096
-0.30479
-0.574961
0.331842

0.586302
-0.223061
0.778777
0.748541
0.0160729

0.656315
0.192458
0.729528
0.841993
0.00820243

-0.656315
-0.192458
-0.729528
-12.9615
63.9408

0.403973
0.0229762
0.914482
0.897737
0.00409807

0.959804
-0.0976446
-0.26314
0.833828
0.00180652

-0.959804
0.0976446
0.26314
-0.857915
0.225026

0.187174
-0.544413
-0.817668
-0.287229
0.715915

-0.187174
0.544413
0.817668
-10.5851
57.9511

-0.262699
0.0551825
0.963299
0.946775
0.000354763

-0.713177
0.700984
0
0.465126
0.0169384

0.156095
0.438857
-0.884895
0.306251
0.0178617

-0.156095
-0.438857
0.884895
0.77618
0.0018637

0.102601
-0.94012
-0.325034
0.0305927
0.184816

-0.102601
0.94012
0.325034
-3.13088
3.34178

-0.0620578
-0.436088
-0.897762
-20.8829
288.709

0.0620578
0.436088
0.897762
0.31853
0.280316

0.18594
-0.255833
0.948671
-0.301105
0.218658

-0.18594
0.255833
-0.948671
-0.632109
0.343835

-0.931645
-0.109134
-0.346594
0.482914
0.0176406

0.931645
0.109134
0.346594
-0.0266931
0.0694712

0.181116
0.91421
0.362516
0.401246
0.0135981

0.158825
-0.248787
-0.955447
0.998501
3.76844e-07

0.697117
-0.116798
0.70738
0.578008
0.0110153

-0.797166
0
0.60376
0.891281
0.00141101

0.797166
0
-0.60376
-3.45312
2.32755

-0.81131
0.42557
-0.400833
-0.12086
0.0628702

0.81131
-0.42557
0.400833
0.787379
0.00253727

-0.443762
0.796681
-0.410335
0.735953
0.0204261

0.443762
-0.796681
0.410335
-10.156
36.4144

-0.911288
-0.311943
0.268786
0.712968
0.0124706

0.911288
0.311943
-0.268786
-3.77085
3.4444

-0.217326
0.195496
-0.956321
-9.17525
23.423

0.217326
-0.195496
0.956321
0.927626
0.00122526

0.27958
-0.592123
-0.755795
-0.0411427
0.0584839

-0.27958
0.592123
0.755795
0.690239
0.00517902

-0.781171
-0.608081
0.141454
0.842095
0.00172846

0.781171
0.608081
-0.141454
-1.01096
0.275642

0.341925
-0.496242
0.798017
0.711706
0.0157623

-0.341925
0.496242
-0.798017
-5.36839
7.67838

0.446044
-0.895011
0
0.493008
0.283617

-0.446044
0.895011
0
-0.727403
0.427905

-0.808885
-0.029508
0.587225
0.707798
0.00945204

0.808885
0.029508
-0.587225
-2.11144
1.07101

-0.777677
-0.535553
0.329243
0.917343
0.000667077

0.777677
0.535553
-0.329243
-2.73513
1.3512

0.926528
0.376225
0
-3.30942
2.12228

-0.926528
-0.376225
0
0.836461
0.00845837

-0.633464
-0.380789
-0.67359
-0.195285
0.097297

0.633464
0.380789
0.67359
0.547348
0.0139731

-0.656568
-0.161953
0.736675
0.684503
0.00774833

-0.903377
-0.365038
-0.225071
-0.925439
0.267885

0.903377
0.365038
0.225071
0.781229
0.00346438

0.0222597
0.828173
0.560031
-0.263117
0.0966797

-0.271445
-0.343163
-0.899198
-0.800647
0.191092

0.271445
0.343163
0.899198
0.876832
0.000908296

0.906874
-0.0268957
0.420542
0.953633
0.000141235

0.845053
-0.517879
0.132994
-5.28893
5.98689

-0.845053
0.517879
-0.132994
0.914724
0.00110241

0.218206
-0.0458047
0.974827
0.802362
0.00345095

-0.210134
0.546461
0.810694
0.950406
0.000158266

0.0800693
-0.621917
-0.778979
-34.1061
1000.81

-0.0800693
0.621917
0.778979
0.648939
0.100211

-0.394541
0.474072
0.787143
0.925587
0.00090549

0.282373
-0.959305
0
0.744776
0.00565163

-0.282373
0.959305
0
-0.956575
0.293004

-0.646787
0.721365
0.247588
0.981261
2.06258e-05

0.646787
-0.721365
-0.247588
-1.54017
0.366176

0.253415
0.922595
-0.290861
0.66844
0.0136335

-0.253415
-0.922595
0.290861
-2.47046
1.49325

0.244303
0.279919
0.928419
0.751698
0.00621818

-0.244303
-0.279919
-0.928419
-1.8383
0.79686

0.502873
-0.0520264
-0.862793
-3.34875
3.8782

-0.502873
0.0520264
0.862793
-0.00195074
0.205959

-0.660999
0.459272
0.593423
0.575929
0.0143041

0.660999
-0.459272
-0.593423
-0.591918
0.200625

-0.593253
-0.805016
0
0.960361
0.000652246

-0.61482
-0.676824
0.404853
0.627694
0.00798991

0.61482
0.676824
-0.404853
-0.0254018
0.0604275

0.470582
0.882356
0
0.903322
0.0316253

0.327109
0.140865
-0.934429
0.91451
0.000296584

0.761464
-0.648207
0
-0.0205083
0.0719351

-0.761464
0.648207
0
0.525591
0.0186161

-0.542188
0.0180609
-0.840063
-2.25592
1.42769

0.542188
-0.0180609
0.840063
0.491095
0.034925

-0.405683
-0.0319924
-0.913454
0.448959
0.0308737

0.405683
0.0319924
0.913454
-1.03135
0.419514

-0.285896
-0.559186
0.778187
0.464557
0.0144039

-0.145719
0.705622
0.693443
0.702946
0.013444

0.564369
-0.281719
0.775965
0.68384
0.0261209

-0.564369
0.281719
-0.775965
-8.3171
22.6603

0.336139
0.94005
0.0575926
-0.959365
0.37392

-0.336139
-0.94005
-0.0575926
0.478167
0.0265237

0.0275411
-0.490748
0.870866
-0.403274
0.25348

-0.0275411
0.490748
-0.870866
-0.513289
0.294782

0.869226
0.275695
0.410414
0.745172
0.00411523

-0.869226
-0.275695
-0.410414
-0.474435
0.13704

-0.55631
-0.830975
0
-0.430254
0.147673

0.55631
0.830975
0
0.642436
0.0128963

0.785874
-0.407122
0.465461
0.185707
0.0239261

-0.785874
0.407122
-0.465461
0.844434
0.000889951

-0.0376041
-0.628941
-0.776543
0.823189
0.000676652

0.0376041
0.628941
0.776543
0.723016
0.0016026

0.570398
-0.276505
-0.773428
-6.03685
10.5017

-0.570398
0.276505
0.773428
0.660924
0.024413

-0.159407
0.361938
-0.918472
0.813445
0.00284058

0.159407
-0.361938
0.918472
-1.41775
0.476874

0.498554
-0.330406
0.801421
0.24558
0.0647625

-0.498554
0.330406
-0.801421
-0.992135
0.450294

0.213822
-0.142452
0.96643
0.973391
0.000177283

-0.0284013
0.542977
0.839267
0.847076
0.0022367

0.0284013
-0.542977
-0.839267
-2.16588
0.956937

-0.548153
0.206639
0.81045
0.809479
0.000472685

0.548153
-0.206639
-0.81045
0.891427
0.000154684

-0.369317
-0.764108
0.528909
-3.30992
2.71167

0.369317
0.764108
-0.528909
0.662102
0.0167208

-0.368446
0.855526
-0.363762
-0.167847
0.150167

0.368446
-0.855526
0.363762
-0.328756
0.194395

-0.335614
0.815981
0.470679
0.448331
0.0398722

-0.146789
0.338596
0.929411
0.918986
0.0033295

0.146789
-0.338596
-0.929411
-23.3404
299.581

0.423231
0.86661
0.264317
0.0637696
0.0415104

-0.902625
-0.417309
-0.105456
0.449573
0.0380303

0.304714
-0.512445
-0.802838
-0.611798
0.189373

-0.304714
0.512445
0.802838
0.670624
0.00791976

-0.360251
0.644777
0.674153
0.751499
0.0211896

0.360251
-0.644777
-0.674153
-12.6078
63.3362

0.647769
0.385297
0.657222
0.685334
0.00330617

0.0590558
0.458194
0.886888
0.324202
0.133385

-0.417476
0.58466
0.69562
0.69736
0.005235

-0.352945
-0.420104
-0.836028
0.98063
5.34692e-05

0.352945
0.420104
0.836028
-5.66203
6.0804

0.779664
-0.172703
-0.601912
0.54744
0.00759887

-0.779664
0.172703
0.601912
0.619011
0.00539883

0.498121
-0.366821
0.785696
-0.0192149
0.267749

-0.498121
0.366821
-0.785696
-5.09011
9.54831

-0.846137
0.368817
0.384741
0.46035
0.0133704

0.846137
-0.368817
-0.384741
0.502114
0.0113845

-0.11634
0.0498461
-0.991958
-6.08508
8.02891

0.11634
-0.0498461
0.991958
0.942496
0.000532709

-0.343284
0.305787
0.88806
-0.0228239
0.0527494

0.973876
-0.22708
0
-1.59741
0.494403

-0.973876
0.22708
0
0.906831
0.000872154

0.820034
0.531565
-0.212092
-1.74292
0.564364

-0.820034
-0.531565
0.212092
0.917692
0.000543851

0.816668
-0.316613
-0.482503
-0.330207
0.126034

-0.816668
0.316613
0.482503
0.568982
0.013235

0.603239
0.172565
0.778668
0.564439
0.0104314

0.398168
0.0992873
0.911923
0.931893
0.000340391

0.435279
-0.608463
0.663555
0.654577
0.00652028

-0.435279
0.608463
-0.663555
0.00890684
0.0536462

-0.428547
0.3906
-0.814727
-0.795607
0.236542

0.428547
-0.3906
0.814727
0.730377
0.00542651

0.946624
0.288238
-0.144299
-0.88166
0.561832

-0.946624
-0.288238
0.144299
-0.714494
0.466442

0.168886
0.102804
0.98026
0.378204
0.050133

-0.168886
-0.102804
-0.98026
-1.7559
0.979243

-0.15706
-0.171066
-0.97266
-0.99624
0.541104

0.15706
0.171066
0.97266
-0.148846
0.179499

0.792328
0.437756
-0.424954
0.712173
0.00441701

0.149301
0.43714
-0.886915
0.817229
0.00826865

-0.149301
-0.43714
0.886915
-8.70179
23.0548

0.474395
0.202535
-0.856696
-2.16588
0.956964

-0.474395
-0.202535
0.856696
0.847076
0.00223465

-0.501944
-0.8649
0
0.203941
0.0457428

0.501944
0.8649
0
0.235464
0.0423233

-0.482498
-0.393277
-0.782642
-3.444
2.7608

0.482498
0.393277
0.782642
0.741075
0.00946356

0.671742
0.197337
-0.714017
-0.632177
0.114222

-0.671742
-0.197337
0.714017
0.961223
7.6291e-05

-0.976846
-0.213946
0
-0.0568824
0.218308

0.976846
0.213946
0
-2.90859
2.98448

-0.352387
0.736408
0.577518
0.72638
0.0100163

-0.138436
-0.912121
-0.385838
0.0593312
0.0774579

0.138436
0.912121
0.385838
-0.0422878
0.0950868

0.0397256
-0.80949
0.585788
0.632219
0.00968038

-0.0397256
0.80949
-0.585788
-0.471116
0.154653

-0.280963
-0.130498
-0.950805
-0.721359
0.265057

0.653651
-0.207259
-0.727863
-1.59331
0.607266

-0.653651
0.207259
0.727863
0.774515
0.00459841

0.967946
-0.106816
0.227311
0.919692
0.000545511

-0.967946
0.106816
-0.227311
-2.173
0.847704

0.425458
0.280455
-0.860424
-0.398544
0.168025

-0.425458
-0.280455
0.860424
0.365678
0.0347225

0.659659
-0.0849423
0.746749
0.317406
0.0268714

-0.659659
0.0849423
-0.746749
0.382896
0.0219828

-0.730644
0.198969
-0.653124
-0.609033
0.367876

0.730644
-0.198969
0.653124
-0.609033
0.367876

-0.100434
-0.883851
0.456859
0.805612
0.00243479

0.436783
-0.0866726
0.895382
0.936298
0.00071437

-0.436783
0.0866726
-0.895382
-0.984838
0.216877

0.326164
0.677161
-0.659599
0.884815
0.000609515

0.617156
0.483498
-0.620764
0.741631
0.0038349

-0.617156
-0.483498
0.620764
-0.266795
0.0918989

-0.958357
-0.195286
-0.208364
-0.0211
0.0465611

-0.0752975
-0.654483
-0.752318
-4.44597
4.50218

0.0752975
0.654483
0.752318
0.819968
0.00493516

-0.274654
0.768879
0.577399
0.890532
0.000590379

0.274654
-0.768879
-0.577399
-0.404085
0.0937373

0.270861
0.810067
0.520024
0.726951
0.00436087

-0.270861
-0.810067
-0.520024
-0.253793
0.0912024

-0.78337
-0.56305
0.263261
-0.28315
0.0587168

0.78337
0.56305
-0.263261
0.958328
6.36404e-05

0.260659
0.746302
0.612446
0.58902
0.0151193

0.482189
0.0293318
0.875576
0.841572
0.00440885

-0.482189
-0.0293318
-0.875576
-5.69359
7.86647

-0.0674313
0.65886
0.749237
0.771667
0.00639733

0.0674313
-0.65886
-0.749237
-2.88525
1.84988

-0.2301
0.395858
-0.889017
-0.755847
0.232643

0.2301
-0.395858
0.889017
0.691859
0.00728796

0.335647
-0.063625
0.939837
0.91935
0.000788437

0.543585
0.194531
0.8165
0.63431
0.0108665

-0.543585
-0.194531
-0.8165
-0.769943
0.251781

0.624453
0.461838
0.629893
0.423629
0.0170081

-0.624453
-0.461838
-0.629893
0.423629
0.0170081

-0.105649
-0.695971
-0.710256
-16.3281
124.557

0.105649
0.695971
0.710256
0.773674
0.0213178

-0.911813
0.0757675
0.403555
-0.112557
0.0960809

0.911813
-0.0757675
-0.403555
0.32312
0.0355909

0.134695
-0.676653
0.723877
0.735281
0.00489073

-0.134695
0.676653
-0.723877
-0.67461
0.195003

-0.135
0.687926
0.713115
0.205387
0.0389252

0.0872683
-0.932657
0.350051
0.487433
0.00475273

-0.0872683
0.932657
-0.350051
0.954186
4.11015e-05

-0.245493
-0.667631
-0.702853
0.249539
0.0223608

0.245493
0.667631
0.702853
0.765226
0.00220064

0.545575
-0.504442
0.669243
0.494302
0.0282103

-0.545575
0.504442
-0.669243
-1.40729
0.636782

0.358018
-0.36021
0.861436
-0.0192149
0.267617

-0.358018
0.36021
-0.861436
-5.09011
9.55161

0.847926
0.111611
0.518232
-1.01578
0.235934

-0.847926
-0.111611
-0.518232
0.921506
0.000359386

0.979413
-0.17704
-0.096989
0.480343
0.0156168

-0.979413
0.17704
0.096989
0.191104
0.0378348

0.44209
0.174394
0.879854
-0.87034
0.331476

-0.44209
-0.174394
-0.879854
0.475789
0.0260588

-0.603025
0.59916
-0.526659
-1.11238
0.396815

0.603025
-0.59916
0.526659
0.651376
0.0108578

0.310972
0.356401
-0.881064
0.63222
0.00695186

-0.310972
-0.356401
0.881064
0.172497
0.0347017

0.248496
-0.172685
0.953116
0.923682
0.00432738

-0.248496
0.172685
-0.953116
-35.9378
1013.3

-0.524697
-0.317522
0.789856
0.783399
0.00641001

0.524697
0.317522
-0.789856
-3.52652
2.79081

0.346969
0.61082
-0.711696
0.997281
3.80514e-07

-0.759636
-0.135702
0.636034
0.949947
7.41585e-05

-0.281242
0.577619
0.766329
0.470241
0.0147849

0.281242
-0.577619
-0.766329
0.343865
0.0226239

0.283001
-0.546975
-0.787864
-1.56904
0.545257

-0.283001
0.546975
0.787864
0.836036
0.0022794

-0.743577
0.617803
0.25576
-2.3613
1.39837

0.743577
-0.617803
-0.25576
0.641104
0.0161503

-0.81365
0.448151
0.370315
-1.39843
0.431899

0.81365
-0.448151
-0.370315
0.863535
0.0014009

0.141521
0.715101
-0.684545
0.387035
0.0967266

-0.141521
-0.715101
0.684545
-6.50884
14.4909

-0.281656
0.509916
-0.812807
0.946827
0.000396795

0.281656
-0.509916
0.812807
0.430713
0.00922283

-0.465458
0.599017
0.651558
0.701826
0.00507782

0.465458
-0.599017
-0.651558
-0.165743
0.0775903

-0.405879
-0.891798
-0.199898
0.897607
0.00130288

0.405879
0.891798
0.199898
-3.81457
2.87515

-0.399975
0.692551
-0.600328
-3.25057
2.68846

0.399975
-0.692551
0.600328
0.622856
0.0211843

-0.843347
-0.537369
0
0.582662
0.0294579

0.843347
0.537369
0
-2.6012
1.71232

-0.199164
-0.204669
-0.958355
-0.426931
0.0758394

0.199164
0.204669
0.958355
0.9672
4.05723e-05

0.544039
0.181141
-0.819274
0.071661
0.0661112

-0.544039
-0.181141
0.819274
0.188801
0.0504814

0.712405
0.0145146
0.701618
0.473288
0.0244306

-0.712405
-0.0145146
-0.701618
-0.643935
0.236938

-0.646209
0.371994
-0.666359
0.826159
0.000708327

0.646209
-0.371994
0.666359
0.658536
0.00264335

0.829833
0.276146
0.484892
-0.0576181
0.101805

-0.829833
-0.276146
-0.484892
-0.00268054
0.0915105

-0.79542
0.0390086
-0.604802
0.887287
0.000310117

0.79542
-0.0390086
0.604802
0.528423
0.00509215

0.763382
0.540991
0.352954
0.997697
3.84792e-06

-0.763382
-0.540991
-0.352954
-37.3195
1016.89

0.982632
-0.106772
0.151772
0.815781
0.0138387

-0.982632
0.106772
-0.151772
-16.5123
125.036

0.124891
0.251835
0.959678
0.952041
0.000363557

0.869708
-0.106296
0.481984
-0.284315
0.231587

-0.869708
0.106296
-0.481984
-0.934426
0.525243

-0.600177
0.528203
0.600657
-0.170209
0.311429

0.600177
-0.528203
-0.600657
-3.68084
4.97976

0.399867
0.503426
0.765943
0.649799
0.00499022

-0.399867
-0.503426
-0.765943
0.410616
0.0141305

0.444075
-0.0421633
0.894997
0.615772
0.00506594

-0.444075
0.0421633
-0.894997
0.60797
0.00527361

0.564178
-0.808268
-0.168542
-0.166235
0.0405046

-0.945698
-0.0117956
0.324833
0.523875
0.0100511

0.184248
-0.898613
-0.39818
-0.0575836
0.107507

-0.184248
0.898613
0.39818
-0.118878
0.120324

-0.221094
0.937153
0.269931
-0.704406
0.330596

0.221094
-0.937153
-0.269931
0.0594509
0.100692

-0.063064
0.707851
-0.703541
0.997793
1.29357e-06

0.00186931
0.159843
0.987141
0.865268
0.000747999

-0.00186931
-0.159843
-0.987141
-0.0535047
0.0454655

0.738801
0.66028
-0.13492
0.934942
0.000131914

-0.738801
-0.66028
0.13492
0.0591886
0.0273367

0.0140834
-0.0423117
0.999005
-0.316494
0.649244

-0.0140834
0.0423117
-0.999005
-8.36165
32.8299

0.353935
0.378695
-0.855173
-4.9183
9.3445

-0.353935
-0.378695
0.855173
-0.198448
0.383225

-0.770187
0.400494
0.496404
0.938667
0.00142847

0.770187
-0.400494
-0.496404
-17.2505
126.391

-0.657328
-0.0939327
-0.747728
0.87754
0.000585807

0.657328
0.0939327
0.747728
0.0711393
0.0316081

0.348416
-0.00670898
-0.937316
-1.32445
0.243851

-0.438573
0.583723
0.683316
0.0833955
0.103783

0.438573
-0.583723
-0.683316
-1.00302
0.494919

-0.53485
-0.00707635
-0.844917
-1.8383
0.79743

0.53485
0.00707635
0.844917
0.751698
0.00611393

0.288873
-0.311065
-0.905423
0.818553
0.00259086

-0.288873
0.311065
0.905423
-1.32151
0.423567

0.123289
0.763444
0.633998
0.869234
0.000896718

-0.311351
-0.870644
-0.380841
0.156219
0.0313979

-0.640931
-0.767598
0
-0.547305
0.14201

0.640931
0.767598
0
0.811476
0.00215495

-0.567277
-0.219378
0.793769
0.625104
0.00256196

-0.261546
-0.523092
0.811153
0.649885
0.00704458

-0.052367
-0.650328
0.757847
0.757779
0.00585795

0.838175
-0.22933
0.494845
0.946415
0.000111886

-0.838175
0.22933
-0.494845
-0.228675
0.0547834

0.624382
-0.533842
0.570227
-1.16981
0.312775

-0.624382
0.533842
-0.570227
0.887794
0.000873923

0.650098
0.34528
-0.676871
-1.40449
0.576191

-0.650098
-0.34528
0.676871
0.621887
0.0142706

-0.307219
0.707571
0.636365
0.757127
0.00278437

-0.0167157
0.96959
0.244162
0.927812
0.000400098

0.0167157
-0.96959
-0.244162
-1.54215
0.44467

-0.0730655
-0.591696
0.802843
0.848623
0.00160156

0.191843
0.365947
0.910647
0.462209
0.0248886

-0.191843
-0.365947
-0.910647
-0.571959
0.212474

-0.12135
-0.367851
-0.921933
-0.972218
0.233228

0.12135
0.367851
0.921933
0.90124
0.00059705

0.56674
-0.233363
-0.790157
-0.444006
0.119924

-0.56674
0.233363
0.790157
0.800786
0.00234816

-0.769706
0.463098
0.439424
0.51608
0.0345486

0.769706
-0.463098
-0.439424
-2.79394
2.12049

0.0535406
-0.707047
0.705137
0.37695
0.0243847

-0.0535406
0.707047
-0.705137
0.194179
0.0407816

0.212219
-0.200262
0.956482
0.247722
0.19158

-0.212219
0.200262
-0.956482
-9.11393
34.558

0.390818
-0.907577
0.153508
0.0830019
0.0335823

-0.390818
0.907577
-0.153508
0.832385
0.001124

-0.4174
0.318129
0.851218
0.841456
0.00607867

-0.864084
-0.342712
0.368656
0.521637
0.0433457

0.864084
0.342712
-0.368656
-4.41222
5.54394

-0.499482
0.237641
-0.833093
0.685343
0.0072565

-0.161028
0.147121
-0.975923
0.608001
0.0102646

0.161028
-0.147121
0.975923
-0.235045
0.100341

-0.258074
-0.804005
-0.5357
-1.49448
0.400609

0.258074
0.804005
0.5357
0.946288
0.000194979

0.386182
0.833087
-0.396017
-1.06875
0.615823

-0.386182
-0.833087
0.396017
-0.251479
0.225412

-0.0434643
0.444218
0.894864
0.874621
0.000892128

0.0434643
-0.444218
-0.894864
-0.685658
0.160112

0.135077
-0.480923
0.866295
-0.148305
0.0504865

-0.135077
0.480923
-0.866295
0.916886
0.00029993

-0.280317
-0.923808
0.260769
0.323198
0.0476365

0.0644578
0.0250647
0.997606
0.994041
2.84457e-05

-0.371116
0.603135
0.706046
0.704307
0.00483548

0.371116
-0.603135
-0.706046
-0.106892
0.0675273

0.596996
-0.180868
0.78159
0.991006
4.0303e-05

-0.596996
0.180868
-0.78159
-24.2679
301.081

0.293483
0.315535
0.902389
0.922206
0.00188654

-0.536843
0.843682
0
0.893492
0.00143329

0.536843
-0.843682
0
-3.80157
2.87073

0.71548
-0.57187
-0.401313
-0.0393792
0.0643804

-0.336501
0.849105
-0.407171
-0.329709
0.150601

0.336501
-0.849105
0.407171
0.332838
0.0379157

-0.115973
0.0198497
-0.993054
0.26092
0.0500249

-0.573257
0.387514
0.721948
0.797915
0.00240304

0.573257
-0.387514
-0.721948
-0.484707
0.129649

-0.0964304
-0.0249999
0.995026
-0.00930262
0.129407

0.0964304
0.0249999
-0.995026
-0.953747
0.483791

0.299351
0.407939
-0.86254
0.741631
0.00382265

-0.299351
-0.407939
0.86254
-0.266795
0.0918736

-0.324415
0.195332
-0.925527
0.155748
0.0765577

0.324415
-0.195332
0.925527
-0.672305
0.300366

-0.117304
-0.230563
0.965961
0.978105
0.00034562

-0.415517
-0.116856
-0.902048
0.812354
0.00159143

0.415517
0.116856
0.902048
0.10155
0.0334816

-0.840857
-0.541258
0
-0.219478
0.11045

0.840857
0.541258
0
0.458009
0.0218971

0.601855
0.298102
-0.740882
-0.719245
0.124331

-0.601855
-0.298102
0.740882
0.973957
3.7152e-05

-0.875888
-0.355341
0.326424
0.170422
0.0333174

0.875888
0.355341
-0.326424
0.667247
0.00537346

-0.0398586
-0.739114
-0.6724
-1.74609
1.09863

-0.0142549
0.806747
-0.590726
-0.0255672
0.050647

0.0142549
-0.806747
0.590726
0.767011
0.00262357

-0.893433
-0.449196
0
0.0832422
0.0522524

0.893433
0.449196
0
0.56992
0.0134768

0.65961
-0.609846
0.439322
-0.634583
0.294076

-0.65961
0.609846
-0.439322
0.0805521
0.0930494

0.280145
-0.279031
-0.91851
-3.22947
2.67761

-0.280145
0.279031
0.91851
0.608235
0.0231572

0.544922
-0.48165
-0.686347
0.713246
0.00205354

-0.562566
-0.566405
0.60225
0.868454
0.0010912

0.562566
0.566405
-0.60225
-0.912036
0.229101

0.841733
-0.487282
0.232468
0.539374
0.00947457

-0.841733
0.487282
-0.232468
0.446799
0.0136654

0.529425
0.58198
0.617258
0.595703
0.0131222

0.136743
0.350616
0.926483
0.915633
0.00107909

-0.912669
-0.202958
0.354745
0.331218
0.00875163

0.912669
0.202958
-0.354745
0.972451
1.68861e-05

0.517092
0.196737
0.833013
0.764352
0.0088272

-0.517092
-0.196737
-0.833013
-4.31682
4.44493

0.0309267
-0.86194
0.506067
0.61531
0.0235429

-0.0309267
0.86194
-0.506067
-3.60944
3.37219

0.355529
0.511169
0.7825
0.848204
0.00758661

-0.355529
-0.511169
-0.7825
-12.9895
63.9579

-0.904164
0.427186
0
0.19819
0.0545008

0.904164
-0.427186
0
-0.133897
0.108954

-0.304718
-0.766691
-0.565095
-0.0883919
0.0697674

0.304718
0.766691
0.565095
0.637741
0.00773189

0.173091
0.10291
-0.979515
0.610837
0.013975

0.724939
-0.149387
0.672419
0.750235
0.00374267

-0.724939
0.149387
-0.672419
-0.35014
0.107717

-0.625122
0.765562
-0.152106
0.758886
0.00286648

0.625122
-0.765562
0.152106
-0.0431567
0.0536048

-0.595158
-0.803608
0
0.914272
0.00117608

-0.0212338
0.361515
0.932124
0.925455
0.000593257

0.103252
0.915355
0.389183
-0.977929
0.651099

-0.103252
-0.915355
-0.389183
-0.794047
0.535669

-0.978285
-0.0258341
0.205648
0.580945
0.00405479

0.0505382
0.565971
0.822875
0.73282
0.0100457

0.668454
-0.740734
0.0669532
-0.372975
0.103055

-0.668454
0.740734
-0.0669532
0.809979
0.0019748

0.134183
-0.147718
-0.979885
-1.24063
0.452781

-0.134183
0.147718
0.979885
0.678514
0.00948319

-0.404409
-0.669786
-0.622767
-2.77242
1.35612

0.404409
0.669786
0.622767
0.928777
0.000499998

-0.247127
-0.714403
0.654642
0.227667
0.235963

0.247127
0.714403
-0.654642
-11.3574
60.4065

-0.75301
0.329229
0.569723
0.902364
0.000700674

0.75301
-0.329229
-0.569723
-1.4786
0.439537

0.248811
-0.748715
-0.614426
-0.325754
0.17019

0.461775
-0.680739
-0.568646
-6.97523
15.0131

-0.461775
0.680739
0.568646
0.646529
0.0295079

-0.950112
0.311909
0
0.233663
0.0796629

0.950112
-0.311909
0
-1.09187
0.512297

0.580096
0.112921
0.806683
0.826873
0.00178869

0.493207
0.738876
0.459139
-0.459386
0.107476

0.524706
-0.404778
-0.748891
-4.18236
5.38422

-0.524706
0.404778
0.748891
0.34749
0.0853698

0.865333
0.447335
-0.226032
-1.15565
0.580415

-0.865333
-0.447335
0.226032
0.148302
0.0906214

0.514153
0.832633
0.205836
0.924896
0.000846209

0.874265
-0.0845206
-0.478034
-0.386914
0.166625

-0.874265
0.0845206
0.478034
0.344466
0.037273

0.251468
0.200245
0.946925
0.92578
0.000383103

-0.251468
-0.200245
-0.946925
-1.53663
0.44461

-0.45931
-0.275795
-0.844377
0.409242
0.0266996

0.45931
0.275795
0.844377
-0.192967
0.108347

0.945823
0.195432
0.259279
0.960234
7.42866e-05

0.664427
0.393798
0.635185
0.5971
0.0116848

-0.664427
-0.393798
-0.635185
-0.39554
0.139339

-0.826974
0.56224
0
-1.35027
0.505284

0.826974
-0.56224
0
0.679583
0.015606

-0.867813
0.378664
-0.321738
0.0975955
0.024426

0.794184
-0.535472
0.287299
0.310233
0.0409314

-0.794184
0.535472
-0.287299
-0.318081
0.149403

-0.202826
-0.742389
-0.63853
0.753091
0.00342427

0.202826
0.742389
0.63853
-0.25928
0.0890385

0.0864235
0.794107
-0.601602
-0.302863
0.110654

-0.0864235
-0.794107
0.601602
0.647706
0.00814755

0.524186
0.210764
-0.825111
0.93841
0.0002508

-0.110376
-0.747634
0.654874
-0.199657
0.114899

0.110376
0.747634
-0.654874
0.34307
0.0344626

-0.376944
-0.698684
0.608074
0.183899
0.0197128

0.376944
0.698684
-0.608074
0.919325
0.000209099

0.677183
-0.692205
-0.249551
-0.7907
0.219507

-0.677183
0.692205
0.249551
0.783355
0.00321474

0.856448
0.0844513
0.509279
0.374775
0.0327634

-0.856448
-0.0844513
-0.509279
-0.352136
0.152985

-0.965553
-0.0193266
-0.259486
0.874383
0.000557905

0.965553
0.0193266
0.259486
0.140393
0.0257587

0.523757
0.594904
-0.609728
-23.5564
300.043

-0.523757
-0.594904
0.609728
0.942506
0.00165781

-0.792313
0.355206
0.496054
0.397791
0.0531125

0.792313
-0.355206
-0.496054
-2.39687
1.68931

-0.203259
-0.73975
0.641448
0.98114
1.70091e-05

0.203259
0.73975
-0.641448
-0.44401
0.072207

-0.930617
0.199599
0.306777
-0.432088
0.160927

0.930617
-0.199599
-0.306777
0.507881
0.019008

-0.279028
-0.298152
-0.912825
-1.80368
0.884731

0.279028
0.298152
0.912825
0.600756
0.0181151

-0.678875
0.0122305
-0.734152
0.97446
0.000239149

0.254912
0.904185
-0.342739
-0.110277
0.0822076

-0.254912
-0.904185
0.342739
0.521843
0.0152668

0.976371
-0.0492306
0.210417
0.837604
0.00152168

-0.976371
0.0492306
-0.210417
-0.488667
0.122524

-0.0998587
0.350898
-0.931074
-6.93791
11.0281

0.0998587
-0.350898
0.931074
0.947815
0.000504152

0.628696
-0.0390275
-0.776671
0.890425
0.00123988

-0.125439
-0.695036
0.707948
0.650058
0.00345265

0.622642
-0.607368
-0.493377
0.988257
6.61235e-06

0.58323
0.0812226
0.808236
0.94065
0.00176118

-0.58323
-0.0812226
-0.808236
-23.5379
300.04

0.234484
0.377293
0.895917
0.886615
0.00352455

-0.952997
0.102476
0.285124
0.944095
0.000409772

0.952997
-0.102476
-0.285124
-3.9886
2.90751

0.100607
0.330088
-0.938573
-0.575167
0.426104

-0.100607
-0.330088
0.938573
-1.36192
0.958034

-0.442937
0.852908
-0.276324
0.962279
0.000100139

0.884584
-0.115086
-0.451959
0.814908
0.00224142

-0.884584
0.115086
0.451959
-0.768316
0.202691

-0.0325944
-0.418559
-0.907605
0.635198
0.00369369

0.0325944
0.418559
0.907605
0.731982
0.00199412

-0.774578
-0.051641
0.630367
-1.18059
0.372215

0.774578
0.051641
-0.630367
0.787996
0.00353347

-0.793155
0.341608
0.504191
0.45749
0.0242763

0.793155
-0.341608
-0.504191
-0.452674
0.173683

0.583202
-0.15136
-0.798101
0.695741
0.00364729

-0.412868
-0.910791
0
0.993407
5.06101e-06

-0.815303
0.415471
0.403318
0.00399148
0.0780257

0.815303
-0.415471
-0.403318
0.208751
0.0492585

0.865605
0.259441
-0.428273
-0.0726919
0.41425

-0.865605
-0.259441
0.428273
-8.65421
33.5455

0.408403
0.550884
0.727828
0.724165
0.0108263

0.612554
0.00768754
-0.790392
-8.96071
23.2917

-0.612554
-0.00768754
0.790392
0.884479
0.00314377

0.253159
0.446747
0.858095
0.872186
0.00200913

-0.337965
0.607832
0.718554
0.606032
0.00654275

0.337965
-0.607832
-0.718554
0.430126
0.0136866

0.905458
0.424435
0
0.785462
0.0134267

-0.644759
0.764386
0
0.995168
5.90937e-07

-0.193066
-0.915691
0.352472
-4.1375
5.3506

0.193066
0.915691
-0.352472
0.30929
0.0967596

0.426397
-0.595141
-0.68117
-1.74727
0.780046

-0.426397
0.595141
0.68117
0.684821
0.0103461

0.751296
0.0596465
-0.657265
0.471193
0.0128194

-0.366179
0.137801
0.920285
-2.56472
1.1521

0.366179
-0.137801
-0.920285
0.929805
0.000458365

-0.214984
0.363082
0.906616
0.86319
0.00125001

0.214984
-0.363082
-0.906616
-1.04546
0.278525

-0.0648471
-0.192289
0.979193
0.976149
0.000120484

0.0648471
0.192289
-0.979193
-8.18614
15.7997

0.480846
0.642314
0.596841
0.6521
0.00372016

0.656458
0.660992
0.363528
-0.0326567
0.117516

-0.656458
-0.660992
-0.363528
-0.486404
0.243385

0.640187
0.768219
0
-2.36989
1.64238

-0.640187
-0.768219
0
0.369843
0.0655792

0.941441
-0.186952
0.280604
0.982376
3.23934e-05

-0.941441
0.186952
-0.280604
-3.85637
2.39542

-0.162873
-0.95191
0.2595
0.200659
0.0321945

0.849386
0.258579
0.460087
0.470825
0.00639673

0.359625
-0.644353
0.674892
0.250564
0.0790383

-0.359625
0.644353
-0.674892
-1.83352
1.12765

-0.943924
-0.179846
-0.276879
-0.189873
0.0873142

0.943924
0.179846
0.276879
0.645987
0.00774067

-0.352575
-0.40314
-0.844493
-1.43209
0.710912

0.352575
0.40314
0.844493
0.361954
0.0491342

-0.584994
0.726135
-0.361262
-2.88279
2.15508

0.584994
-0.726135
0.361262
0.587133
0.0243741

0.266724
-0.919577
-0.288506
0.8264
0.00145878

-0.266724
0.919577
0.288506
-0.188955
0.0680709

0.468359
-0.485803
-0.737994
-2.10255
1.21026

-0.468359
0.485803
0.737994
0.54494
0.0261656

0.226566
0.601914
-0.765746
-1.29312
0.46036

-0.226566
-0.601914
0.765746
0.723533
0.0067789

0.77256
0.283727
-0.568022
0.103399
0.0275627

-0.77256
-0.283727
0.568022
0.892696
0.00041345

-0.811908
0.0940931
0.576153
0.564324
0.0353725

-0.540943
0.478244
0.691854
0.423367
0.0279228

0.540943
-0.478244
-0.691854
-0.431785
0.171531

-0.613501
0.0857296
0.785026
-0.365054
0.136653

0.613501
-0.0857296
-0.785026
0.553929
0.0145974

-0.518578
0.75272
-0.405573
0.570293
0.0140111

-0.624603
-0.36333
0.691276
0.668769
0.00886164

0.624603
0.36333
-0.691276
-0.875134
0.28384

-0.11512
0.911692
-0.394418
-1.14747
0.438682

0.11512
-0.911692
0.394418
0.586897
0.0162652

0.0740235
-0.402083
0.912606
0.940852
0.000647633

-0.756396
0.424585
0.497587
0.539675
0.0171617

0.756396
-0.424585
-0.497587
-0.564831
0.19775

0.0616969
-0.220136
0.973516
0.959611
0.000161347

0.0558895
0.730187
0.680957
0.709647
0.00746102

-0.0558895
-0.730187
-0.680957
-1.27636
0.458102

-0.427121
-0.889815
0.160613
0.401869
0.0458562

0.427121
0.889815
-0.160613
-1.7763
0.985367

0.185102
-0.76279
-0.619588
0.579975
0.00822645

-0.185102
0.76279
0.619588
0.351641
0.019581

-0.60984
-0.792525
0
-12.8377
62.3678

0.60984
0.792525
0
0.812903
0.0145261

0.884833
-0.3683
0.285353
0.305305
0.0313906

-0.884833
0.3683
-0.285353
0.221171
0.0394496

0.304828
0.280158
0.91027
0.636668
0.0196688

-0.304828
-0.280158
-0.91027
-3.27099
2.69455

0.224256
0.468073
-0.854761
-0.383393
0.10365

-0.0348367
-0.148975
0.988227
0.947009
0.00208792

0.275207
0.418043
0.865737
0.537625
0.0198227

-0.275207
-0.418043
-0.865737
-0.918641
0.338546

0.781423
-0.624002
0
0.349885
0.0317132

-0.781423
0.624002
0
0.0638311
0.0635062

0.501247
0.446897
0.740969
0.409979
0.013029

-0.501247
-0.446897
-0.740969
0.71089
0.00313025

0.795489
0.0680413
-0.602136
-1.53736
0.403283

-0.795489
-0.0680413
0.602136
0.958844
0.000115092

0.071098
0.30887
0.948443
0.817767
0.00554055

-0.071098
-0.30887
-0.948443
-4.97756
5.8566

0.405403
-0.205166
-0.890817
-8.96071
23.295

-0.405403
0.205166
0.890817
0.884479
0.00313483

-0.44859
0.304678
-0.840201
-16.794
125.626

0.44859
-0.304678
0.840201
0.871116
0.0065968

-0.815743
0.133602
0.562774
0.0703725
0.0447112

0.815743
-0.133602
-0.562774
0.667894
0.00571085

-0.7975
-0.504091
-0.331489
0.829455
0.00126958

0.7975
0.504091
0.331489
-0.0367483
0.0468699

0.214862
0.00103764
-0.976644
0.944414
0.000292957

-0.214862
-0.00103764
0.976644
-2.42533
0.991146

-0.703271
-0.571663
0.422626
0.26161
0.0736621

0.703271
0.571663
-0.422626
-1.68101
0.969746

0.790744
0.53152
-0.303661
-0.568082
0.185259

-0.790744
-0.53152
0.303661
0.619596
0.0109189

0.325134
0.276167
0.904445
-4.99147
5.86914

-0.325134
-0.276167
-0.904445
0.823006
0.00512718

-0.0519279
0.677223
-0.733943
-0.850848
0.194136

0.0519279
-0.677223
0.733943
0.904358
0.000521236

0.452086
-0.221022
0.864157
0.869785
0.00356726

-0.452086
0.221022
-0.864157
-7.59623
15.5304

-0.515203
-0.304656
-0.801093
0.144848
0.102104

0.515203
0.304656
0.801093
-1.57968
0.927109

-0.138155
-0.434462
0.890031
0.850293
0.00392726

0.138155
0.434462
-0.890031
-5.72034
7.87811

0.286158
0.847616
0.446834
0.969728
0.000448894

-0.286158
-0.847616
-0.446834
-23.8768
300.653

0.325575
0.194696
-0.925254
-4.28653
3.61404

-0.325575
-0.194696
0.925254
0.918964
0.00089104

0.241048
0.500852
-0.83129
-0.0188775
0.0628838

0.362559
-0.882167
-0.300554
0.8003
0.00300022

0.128419
0.746835
0.652492
-0.480311
0.311898

-0.128419
-0.746835
-0.652492
-0.748959
0.435294

-0.881121
-0.0329626
-0.47174
-0.176023
0.0613929

0.881121
0.0329626
0.47174
0.863829
0.000827206

-0.92169
-0.387927
0
0.41736
0.030222

0.92169
0.387927
0
-0.0237962
0.0807381

0.863858
-0.166012
0.475593
0.439874
0.018613

-0.863858
0.166012
-0.475593
0.208569
0.0371143

-0.684667
0.728856
0
0.763638
0.00670874

0.684667
-0.728856
0
-1.85616
0.793503

0.135765
0.403109
-0.905025
0.96605
6.76351e-05

-0.550837
0.503775
0.665425
0.688964
0.0101136

0.550837
-0.503775
-0.665425
-1.3611
0.514349

-0.844986
-0.534788
0
0.816833
0.00232973

0.844986
0.534788
0
-0.507064
0.131908

0.712725
-0.304274
0.632013
0.0210105
0.0352464

0.200851
0.884887
-0.420279
-7.07802
15.1133

-0.200851
-0.884887
0.420279
0.692448
0.0219151
