
-0.573566
0.477862
0.665334
0.852768
0.00158423

0.573566
-0.477862
-0.665334
-1.19045
0.342413

0.0559745
-0.499556
0.864471
0.86411
0.000935837

-0.0559745
0.499556
-0.864471
-0.29656
0.0801254

0.756932
0.367267
0.540526
0.239128
0.0308308

-0.756932
-0.367267
-0.540526
0.536109
0.0114927

0.122317
0.275407
-0.953514
-0.638294
0.191793

-0.122317
-0.275407
0.953514
0.699089
0.00648551

-0.400936
-0.824154
0.400026
0.291597
0.0388195

0.400936
0.824154
-0.400026
-0.0630503
0.0873652

-0.656755
-0.46972
0.589946
0.662103
0.0166793

0.891328
-0.177042
-0.417362
0.991447
2.18052e-05

0.938421
0.191819
0.287352
0.830628
0.00163829

-0.938421
-0.191819
-0.287352
-0.524347
0.132084

-0.801956
0.579287
0.145925
0.0137054
0.0327389

-0.229057
0.965511
0.123779
0.254237
0.0470508

0.229057
-0.965511
-0.123779
-0.199557
0.121622

-0.418961
0.428213
-0.800691
-0.351842
0.127944

0.418961
-0.428213
0.800691
0.599769
0.0113254

-0.0883325
0.630626
0.771043
0.452799
0.0478134

0.0883325
-0.630626
-0.771043
-3.03143
2.59289

0.196091
0.278128
0.940316
0.408805
0.0361743

-0.196091
-0.278128
-0.940316
-1.00155
0.414354

0.425827
0.191327
0.884344
0.944105
0.000306916

-0.425827
-0.191327
-0.884344
-3.0664
1.62154

0.221498
0.323568
-0.919914
-6.44574
10.7858

-0.221498
-0.323568
0.919914
0.826743
0.00592774

0.250012
-0.889029
0.383565
-0.838897
0.549125

-0.250012
0.889029
-0.383565
-0.838897
0.549125

-0.907207
0.0263724
-0.419857
0.751954
0.00663951

0.907207
-0.0263724
0.419857
-2.1772
1.08528

-0.150259
0.749642
-0.644562
0.970133
5.14967e-05

0.150259
-0.749642
0.644562
-1.02562
0.202422

0.33847
-0.575194
-0.744708
0.608012
0.0120421

-0.33847
0.575194
0.744708
-0.61733
0.203284

-0.553665
0.754158
0.35313
0.950467
0.000925146

0.553665
-0.754158
-0.35313
-17.355
126.52

0.182783
0.0578569
0.981449
-0.633086
0.147251

0.821611
0.388928
-0.416761
-0.549774
0.171894

-0.821611
-0.388928
0.416761
0.663814
0.00811679

-0.0549453
-0.369079
0.927772
0.874837
0.00187189

0.0952363
-0.718302
-0.689182
-23.4785
299.934

-0.0952363
0.718302
0.689182
0.934511
0.00214801

0.368515
0.233018
0.899944
0.932482
0.000149164

-0.747515
0.0529291
0.662133
0.0156457
0.111771

0.747515
-0.0529291
-0.662133
-0.683301
0.326771

0.409732
0.249719
0.87736
0.868454
0.000940573

-0.409732
-0.249719
-0.87736
-0.447404
0.107045

-0.254164
0.888129
-0.382921
-20.2015
284.242

0.254164
-0.888129
0.382921
0.0264668
0.59934

0.621799
0.0879874
0.778219
0.822816
0.00320385

-0.621799
-0.0879874
-0.778219
-2.30025
1.11017

-0.225122
-0.233694
0.94589
-0.449301
0.243533

0.225122
0.233694
-0.94589
-0.182362
0.162204

-0.550588
-0.258378
-0.793785
0.173969
0.0983484

0.550588
0.258378
0.793785
-1.77638
1.10852

-0.780993
0.152186
0.605714
-0.870601
0.306255

0.780993
-0.152186
-0.605714
0.578697
0.0156083

0.75033
0.661063
0
-0.485266
0.294734

-0.75033
-0.661063
0
-0.485266
0.294734

0.15755
-0.59939
-0.784799
-0.643935
0.23696

-0.15755
0.59939
0.784799
0.473288
0.02446

-0.232173
-0.77778
-0.584084
-5.49413
9.99825

0.232173
0.77778
0.584084
0.329052
0.106849

-0.521018
0.1682
0.836809
0.705624
0.00627005

0.521018
-0.1682
-0.836809
-0.644619
0.192467

-0.202778
0.944302
0.259182
0.955666
0.000145182

0.202778
-0.944302
-0.259182
-1.99369
0.653806

0.414869
0.144045
0.898407
0.889843
0.00251739

-0.414869
-0.144045
-0.898407
-7.67658
15.5809

0.779204
0.286824
-0.557291
-5.63558
7.83368

-0.779204
-0.286824
0.557291
0.821672
0.0056908

-0.249955
0.155648
-0.955665
-0.849663
0.208643

0.249955
-0.155648
0.955665
0.869793
0.00107738

-0.38324
-0.757298
0.528798
0.673086
0.0139404

0.38324
0.757298
-0.528798
-2.72379
1.80212

-0.106042
0.474751
-0.873708
0.0210022
0.0398962

0.106042
-0.474751
0.873708
0.836425
0.00117749

0.712929
-0.552816
0.431424
0.762765
0.0126379

-0.439812
0.583331
0.682855
-0.544672
0.224311

0.930386
-0.366581
0
-0.251479
0.225369

-0.930386
0.366581
0
-1.06875
0.61583

-0.144354
-0.541171
0.828429
0.884037
0.000405199

-0.277278
0.644504
-0.712553
-0.866592
0.209773

0.277278
-0.644504
0.712553
0.879721
0.00090602

-0.806498
-0.341807
0.48242
0.0805521
0.151079

0.806498
0.341807
-0.48242
-2.6778
2.4157

0.594083
-0.623006
0.508851
0.495246
0.0112709

-0.594083
0.623006
-0.508851
0.508107
0.0107058

-0.291388
0.118711
-0.949211
-6.81684
10.989

0.291388
-0.118711
0.949211
0.925193
0.00101664

-0.648992
-0.218496
0.728745
0.921878
0.000463663

0.122674
-0.785266
0.606884
0.563505
0.0248973

-0.122674
0.785266
-0.606884
-2.33637
1.45335

0.954983
-0.178565
-0.236902
0.758492
0.00225458

-0.954983
0.178565
0.236902
0.293684
0.0192724

0.95616
-0.159193
0.245796
-3.83772
3.47154

-0.95616
0.159193
-0.245796
0.748361
0.00940165

-0.338876
-0.542277
0.76883
0.895902
0.00117194

0.338876
0.542277
-0.76883
-0.721996
0.163559

-0.732075
0.413888
0.541075
-1.11238
0.396814

0.732075
-0.413888
-0.541075
0.651376
0.0108605

0.655654
-0.0470994
0.753591
0.795558
0.00263688

-0.655654
0.0470994
-0.753591
-0.577487
0.153308

-0.176881
0.73472
-0.654904
0.54604
0.0175034

0.176881
-0.73472
0.654904
-0.696806
0.24332

-0.581074
0.360532
0.729637
0.715268
0.0343826

0.581074
-0.360532
-0.729637
-16.1018
124

0.571518
0.00737466
-0.820557
-0.809772
0.25609

-0.571518
-0.00737466
0.820557
0.676892
0.00817498

0.330375
0.685097
0.649227
0.285776
0.060996

-0.330375
-0.685097
-0.649227
-1.2445
0.60114

0.136333
-0.824457
0.549258
0.621027
0.00629456

-0.136333
0.824457
-0.549258
0.369491
0.017404

0.13584
0.605698
0.784014
0.824469
0.00278513

-0.458615
-0.766386
0.449805
0.591885
0.00571381

0.458615
0.766386
-0.449805
0.630915
0.00467346

-0.68412
0.352612
-0.63847
-0.0384766
0.0899938

0.68412
-0.352612
0.63847
0.145741
0.0609352

1
0
0
0.803598
0.00746465

-1
0
0
-0.587076
0.163301

-0.0162277
0.0251136
-0.999553
-0.519094
0.377703

0.0162277
-0.0251136
0.999553
-1.22604
0.810414

0.640173
-0.291243
0.710883
0.867001
0.00156522

-0.640173
0.291243
-0.710883
-0.52935
0.126366

-0.904221
-0.208453
0.372736
0.0696722
0.0315155

0.904221
0.208453
-0.372736
0.878794
0.000543902

0.399835
0.501281
-0.767365
-2.3936
1.94516

-0.399835
-0.501281
0.767365
0.0920794
0.139468

-0.893792
0.0448467
-0.446235
-16.8232
125.672

0.893792
-0.0448467
0.446235
0.876228
0.00607558

0.868992
-0.124885
0.478807
0.397791
0.0531558

-0.868992
0.124885
-0.478807
-2.39687
1.68906

-0.384983
-0.235236
-0.892442
0.7261
0.00123626

0.384983
0.235236
0.892442
0.888019
0.000214713

-0.0605324
-0.823681
0.563813
0.982995
1.72744e-05

0.0605324
0.823681
-0.563813
-1.14924
0.223486

-0.366159
-0.459652
-0.809103
-0.221088
0.147797

0.366159
0.459652
0.809103
-0.026052
0.10442

0.0973099
-0.650081
0.753608
0.0600314
0.106617

-0.0973099
0.650081
-0.753608
-0.886449
0.428765

-0.999517
0.0310724
0
-0.0420425
0.172974

0.999517
-0.0310724
0
-1.82685
1.27264

-0.420942
-0.0681786
0.904522
0.890247
0.000900089

0.420942
0.0681786
-0.904522
-1.3524
0.389412

0.28254
0.551938
0.784561
0.875695
0.00612043

-0.640089
0.079541
0.764172
0.669508
0.0169291

0.640089
-0.079541
-0.764172
-3.69535
3.41147

0.136222
0.565725
0.813264
0.733064
0.039099

-0.136222
-0.565725
-0.813264
-22.2532
295.889

-0.145504
-0.852681
0.501761
0.964835
0.000110639

0.145504
0.852681
-0.501761
-2.70404
1.16793

0.804355
-0.0873464
-0.587694
0.700482
0.00314702

-0.804355
0.0873464
0.587694
0.492003
0.00903398

0.531072
-0.780892
0.328892
-0.365245
0.367803

-0.531072
0.780892
-0.328892
-2.37131
2.24272

-0.697294
0.255849
0.669569
0.669508
0.0169092

-0.420574
0.231428
-0.877245
-0.891124
0.196427

0.420574
-0.231428
0.877245
0.923457
0.000356405

0.598249
0.105634
-0.794317
0.836411
0.00113535

-0.598249
-0.105634
0.794317
0.0604328
0.0357298

-0.470472
0.700424
-0.536714
0.511179
0.0103796

0.470472
-0.700424
0.536714
0.511179
0.0103796

0.158898
0.690991
-0.705183
-0.748959
0.435245

-0.158898
-0.690991
0.705183
-0.480311
0.31181

0.878686
0.188915
0.438431
-1.68577
0.959393

-0.878686
-0.188915
-0.438431
0.291775
0.0667731

0.290876
-0.74228
-0.603665
-2.561
1.74841

-0.290876
0.74228
0.603665
0.549821
0.0280305

0.64846
-0.16834
-0.742402
-2.57562
1.00538

-0.64846
0.16834
0.742402
0.977116
4.88567e-05

-0.803548
0.374733
-0.462477
-9.38087
35.1149

0.803548
-0.374733
0.462477
0.402061
0.116577

0.59873
-0.130913
-0.79018
0.343251
0.0358244

-0.59873
0.130913
0.79018
-0.287228
0.137613

0.108831
0.390462
-0.914164
0.438901
0.0123085

-0.108831
-0.390462
0.914164
0.671882
0.00427881

-0.0439124
0.985594
0.163328
0.64392
0.0104007

0.0439124
-0.985594
-0.163328
-0.851314
0.281062

-0.176978
0.250202
-0.951881
-1.02102
0.352618

0.176978
-0.250202
0.951881
0.651286
0.010658

0.668999
0.533843
-0.517157
0.83644
0.00106867

-0.668999
-0.533843
0.517157
0.0790615
0.0337059

0.274793
0.857349
-0.435249
0.712849
0.00648811

-0.154687
0.981684
0.111216
0.932136
0.000162752

0.154687
-0.981684
-0.111216
-0.105294
0.0430445

-0.764607
-0.587021
0.266051
0.949973
0.000137298

-0.0701741
0.287953
-0.95507
0.724166
0.0108819

0.0701741
-0.287953
0.95507
-3.41336
2.74879

0.594896
-0.539196
-0.596126
-2.13203
0.746951

-0.594896
0.539196
0.596126
0.954235
0.000169293

0.580733
-0.733952
-0.352226
-2.31312
1.26666

-0.580733
0.733952
0.352226
0.711515
0.00962351

-0.982141
-0.0217674
-0.186885
-0.0833738
0.123374

0.982141
0.0217674
0.186885
-0.303195
0.178515

0.183979
0.603991
0.775466
0.938667
0.00144937

-0.569387
0.0412555
-0.821034
-0.827713
0.192821

0.569387
-0.0412555
0.821034
0.892203
0.000712623

0.973847
0.0553645
0.220356
-0.0299737
0.0634556

-0.208452
0.260536
-0.942692
-13.7653
114.663

0.208452
-0.260536
0.942692
-0.397896
1.02845

-0.426019
0.282122
-0.859602
-1.12528
0.33603

0.426019
-0.282122
0.859602
0.811428
0.00272323

0.499724
0.866184
0
-3.45579
3.23624

-0.499724
-0.866184
0
0.504912
0.0449591

-0.428434
0.878986
0.20935
0.294341
0.0266754

0.428434
-0.878986
-0.20935
0.484059
0.0142638

0.906612
0.0317157
0.420772
0.353392
0.0339274

-0.906612
-0.0317157
-0.420772
-0.247315
0.126122

-0.707107
-0.707107
0
-0.341646
0.517659

0.707107
0.707107
0
0.53338
0.32772

-0.464133
0.885765
0
0.996393
0.00100952

0.289335
-0.269808
0.918416
-0.673392
0.3826

-0.289335
0.269808
-0.918416
-0.425858
0.27789

-0.148074
0.566398
-0.81072
-0.396316
0.167701

-0.302998
-0.934611
0.186266
0.429583
0.0261261

0.302998
0.934611
-0.186266
-0.334271
0.142332

-0.649833
0.760077
0
0.55992
0.0284905

-0.550885
0.27896
-0.786579
-4.41222
5.54383

0.550885
-0.27896
0.786579
0.521637
0.0433499

0.10916
0.585367
0.803387
0.827603
0.00648723

-0.10916
-0.585367
-0.803387
-7.44745
15.4156

0.235395
0.631271
0.738977
0.841572
0.00441237

-0.235395
-0.631271
-0.738977
-5.69359
7.86609

0.0174134
0.859613
0.510649
0.689075
0.0131864

-0.0174134
-0.859613
-0.510649
-3.02959
2.20711

-0.586789
-0.34884
0.730746
-0.061152
0.144938

0.586789
0.34884
-0.730746
-0.927743
0.477811

0.167764
-0.735329
0.656617
-3.40368
3.91649

-0.167764
0.735329
-0.656617
0.0619364
0.177912

-0.248069
-0.863789
0.438556
0.496263
0.023177

0.248069
0.863789
-0.438556
-0.804843
0.29739

0.333799
-0.529191
0.780087
0.767935
0.00333245

-0.333799
0.529191
-0.780087
-0.49783
0.138635

-0.394963
0
-0.918697
-10.2961
36.6063

0.394963
0
0.918697
0.780065
0.0138891

-0.243872
-0.79964
0.548728
0.201932
0.0206811

-0.100097
0.669032
0.736462
0.159948
0.065674

0.100097
-0.669032
-0.736462
-0.296718
0.156459

-0.560589
0.429458
-0.708029
0.633552
0.00713227

0.560589
-0.429458
0.708029
0.0916698
0.0438036

-0.466427
-0.884559
0
0.813179
0.00565599

0.0973409
-0.0595222
0.99347
0.983497
0.000130162

0.502099
0.452476
0.736995
0.787768
0.00115853

0.21394
-0.71344
0.667258
0.406807
0.0432827

-0.21394
0.71344
-0.667258
-1.61597
0.839326

-0.577917
-0.520888
0.628242
0.640437
0.00302208

0.577917
0.520888
-0.628242
0.814434
0.000807333

-0.33484
-0.386603
-0.859313
0.891109
0.00188388

0.33484
0.386603
0.859313
-5.19962
5.9497

0.934395
0.221925
0.278666
0.574079
0.00777309

-0.934395
-0.221925
-0.278666
0.452928
0.0128166

-0.167559
-0.754633
0.634392
0.246229
0.0256238

0.167559
0.754633
-0.634392
0.678948
0.00465989

-0.0296443
0.547763
0.836108
0.543124
0.0232693

-0.526229
-0.805843
0.271479
-0.704406
0.330597

0.526229
0.805843
-0.271479
0.0594509
0.100693

-0.0850869
-0.278326
-0.95671
0.984997
1.75918e-05

-0.0976723
-0.243532
0.964962
0.800108
0.00723534

0.0583614
-0.801581
0.595031
0.846995
0.00137269

-0.0583614
0.801581
-0.595031
-0.643864
0.157581

-0.102093
-0.15482
-0.982653
-0.655269
0.183413

0.102093
0.15482
0.982653
0.770523
0.00542088

0.160377
-0.809053
0.565431
0.452799
0.047855

-0.160377
0.809053
-0.565431
-3.03143
2.59246

0.413498
0.876007
-0.248256
-1.56544
1.03428

-0.413498
-0.876007
0.248256
-0.160327
0.21197

-0.852745
-0.522328
0
0.669941
0.0144408

0.852745
0.522328
0
-1.2312
0.44728

0.682676
0.121301
-0.720583
-1.49524
0.485738

-0.682676
-0.121301
0.720583
0.858546
0.00160345

0.553117
-0.446741
0.703196
0.120278
0.080088

-0.553117
0.446741
-0.703196
-0.510492
0.235781

0.996243
-0.0865987
0
0.708857
0.00602408

0.0979252
0.744327
-0.660596
-0.546671
0.151118

-0.0979252
-0.744327
0.660596
0.768241
0.00344573

0.0968305
0.80119
-0.590524
-16.7322
125.481

-0.0968305
-0.80119
0.590524
0.859893
0.00786344

0.300396
0.953815
0
0.679583
0.0108963

-0.300396
-0.953815
0
-1.35027
0.512488

-0.327111
-0.12165
-0.937123
0.233794
0.0569105

0.327111
0.12165
0.937123
-0.501772
0.218544

-0.976239
-0.132449
-0.171504
0.644902
0.00613402

0.976239
0.132449
0.171504
0.20103
0.0310355

-0.531202
0.430797
-0.729547
0.768939
0.00740879

0.524229
-0.295066
-0.798824
-0.423378
0.182031

-0.524229
0.295066
0.798824
0.311182
0.0427688

0.125148
0.505179
0.853893
0.895427
0.00121854

-0.125148
-0.505179
-0.853893
-3.16701
1.9168

-0.536512
-0.500076
-0.679764
-0.0159951
0.072253

0.536512
0.500076
0.679764
0.400966
0.0251871

-0.273697
0
-0.961816
0.906084
0.000723915

0.273697
0
0.961816
-1.71327
0.561346

0.914226
0.405204
0
0.349883
0.180339

-0.914226
-0.405204
0
-11.5862
58.389

-0.0087125
-0.356378
-0.934301
-0.539073
0.351929

0.0087125
0.356378
0.934301
-0.831635
0.498256

-0.322127
0.0615341
0.944695
0.879051
0.00208607

0.322127
-0.0615341
-0.944695
-1.42856
0.430323

0.0785886
0.450582
0.889269
0.610839
0.0139425

-0.0785886
-0.450582
-0.889269
-1.07247
0.391074

-0.839868
0.427906
-0.333943
0.789857
0.00508912

-0.161052
0.70736
0.688261
0.773469
0.00343347

0.161052
-0.70736
-0.688261
-0.658619
0.181022

-0.426972
-0.40156
0.810213
-0.0303054
0.0608301

0.426972
0.40156
-0.810213
0.635324
0.00771554

0.360595
-0.160382
0.91883
0.855599
0.00196308

0.829228
0.275051
0.486547
0.820887
0.0106458

-0.137883
-0.256749
-0.956592
0.370794
0.0246642

0.137883
0.256749
0.956592
0.215866
0.0382843

-0.829228
0.25095
0.499404
0.740345
0.00418626

0.829228
-0.25095
-0.499404
-0.424325
0.125721

-0.44012
0.807725
0.392268
0.496684
0.00668422

0.575665
-0.68647
0.444263
0.188191
0.027314

-0.575665
0.68647
-0.444263
0.768089
0.00223405

0.685853
0.586964
-0.430207
0.954161
4.39731e-05

-0.685853
-0.586964
0.430207
0.466756
0.00530797

0.424351
0.610946
0.668335
0.595658
0.00590548

-0.919818
-0.392346
0
-1.29304
0.4147

0.919818
0.392346
0
0.799833
0.00619187

0.229119
-0.0797688
0.970124
0.917591
0.00216912

0.621131
0.310876
0.719411
-6.93792
14.9693

-0.621131
-0.310876
-0.719411
0.628906
0.0328278

-0.288596
-0.55913
0.77723
-0.59334
0.214969

0.288596
0.55913
-0.77723
0.493816
0.0217278

0.455543
0.759706
-0.464035
-0.10079
0.0739747

-0.455543
-0.759706
0.464035
0.610823
0.00927947

-0.641711
-0.297663
0.706827
0.423367
0.027928

0.641711
0.297663
-0.706827
-0.431785
0.171536

0.264027
0.581323
0.769645
0.339981
0.0258773

-0.264027
-0.581323
-0.769645
0.31662
0.0277393

-0.443837
0.111696
0.889119
0.89926
0.001228

-0.205384
-0.684963
0.699031
0.74815
0.0185297

0.205384
0.684963
-0.699031
-10.1933
36.4562

-0.221715
-0.138439
0.965234
0.678962
0.00172598

0.0539002
-0.0793571
0.995388
0.994834
1.83211e-06

-0.666274
0.714548
0.213306
-11.0237
37.3526

0.666274
-0.714548
-0.213306
0.940114
0.000927141

-0.826265
0.418792
-0.376696
0.980022
3.79946e-05

0.826265
-0.418792
0.376696
-3.2517
1.64253

-0.133933
0.622334
0.771208
0.712091
0.00617274

0.133933
-0.622334
-0.771208
-0.776279
0.234586

0.246254
0.599299
-0.761709
0.63431
0.0107563

-0.246254
-0.599299
0.761709
-0.769943
0.251706

0.3606
-0.861745
-0.35688
0.691829
0.00175336

-0.598808
0.380612
0.704673
0.825126
0.00267461

0.576927
-0.582169
0.572917
-0.165743
0.0776846

-0.576927
0.582169
-0.572917
0.701826
0.005127

0.540987
-0.195258
-0.818051
-0.126326
0.14477

-0.540987
0.195258
0.818051
-0.471117
0.246925

-0.382518
-0.458028
-0.802428
-2.16588
0.956958

0.382518
0.458028
0.802428
0.847076
0.00223512

-0.564644
-0.675213
0.47462
0.443947
0.0539785

0.564644
0.675213
-0.47462
-3.54267
3.59461

-0.784473
-0.620163
0
0.835873
0.010046

-0.644429
0.677395
-0.35475
0.062098
0.0511083

0.644429
-0.677395
0.35475
0.565604
0.0109814

0.384144
0.0587434
0.921403
0.235783
0.090217

-0.384144
-0.0587434
-0.921403
-2.25093
1.63195

-0.917949
-0.0331076
-0.395314
0.632221
0.036051

0.917949
0.0331076
0.395314
-8.19451
22.511

0.201016
0.824348
0.529191
0.832308
0.000781516

0.241943
0.0520047
-0.968896
-1.20322
0.266238

-0.241943
-0.0520047
0.968896
0.962305
7.80281e-05

-0.187553
-0.193355
-0.963036
-4.63993
4.5677

0.187553
0.193355
0.963036
0.887592
0.00187703

-0.639596
-0.479754
-0.600628
0.963163
0.000152278

0.64188
0.506227
0.575955
0.927592
0.000313187

-0.64188
-0.506227
-0.575955
-1.10134
0.260777

-0.582053
-0.467878
-0.66506
-1.2218
0.290758

0.582053
0.467878
0.66506
0.944022
0.000199353

0.0705659
-0.0102987
0.997454
0.995277
1.117e-06

-0.266769
-0.658327
-0.703875
-0.271784
0.108471

0.266769
0.658327
0.703875
0.605227
0.0105342

0.756366
-0.101041
-0.646298
-1.25265
0.737428

-0.433895
-0.1123
-0.893937
-2.63453
2.05365

0.433895
0.1123
0.893937
0.369005
0.062154

0.670117
0.256511
-0.696524
0.709161
0.00204316

-0.670117
-0.256511
0.696524
0.743912
0.00158444

0.439444
0.759264
-0.480007
-0.0726918
0.088141

-0.439444
-0.759264
0.480007
0.313478
0.0361374

0.557899
-0.102862
0.82351
0.8321
0.00547208

-0.444443
-0.334127
-0.831162
0.337239
0.0410689

0.0293398
-0.038915
-0.998812
-0.346335
0.0667022

-0.0293398
0.038915
0.998812
0.960755
7.99576e-05

-0.481783
-0.302606
-0.822383
-0.623533
0.156397

0.481783
0.302606
0.822383
0.832263
0.00173173

-0.279982
-0.288495
-0.915631
0.641977
0.00225988

-0.562097
0.258273
-0.785711
-0.216504
0.130681

-0.0357833
0.712153
-0.701111
-13.3741
64.4606

0.0357833
-0.712153
0.701111
0.919949
0.00202325

0.342978
-0.788605
0.510361
0.329393
0.0282274

0.834314
-0.551289
0
-1.39056
0.692034

-0.834314
0.551289
0
0.306877
0.0676374

-0.233805
-0.833415
-0.500754
-0.657547
0.139136

0.72595
0.0845993
-0.682525
-22.4042
296.534

-0.72595
-0.0845993
0.682525
0.765958
0.0297195

0.679091
-0.0730318
-0.730412
-0.339853
0.101361

-0.679091
0.0730318
0.730412
0.779209
0.0028127

-0.0834253
0.420035
-0.903665
-0.513152
0.318845

0.0834253
-0.420035
0.903665
-0.641869
0.37538

-0.0388407
-0.506897
0.861131
0.927053
0.000685818

-0.756245
-0.217106
-0.617218
-2.20297
1.23812

0.756245
0.217106
0.617218
0.630559
0.0165483

0.517924
-0.545993
0.658518
-0.250453
0.261687

-0.517924
0.545993
-0.658518
-1.70425
1.22305

-0.758218
-0.631763
0.161185
-0.96149
0.58521

0.758218
0.631763
-0.161185
-0.501763
0.343043

0.271297
-0.164357
0.948359
0.939711
0.000120815

-0.254313
0.345634
0.903251
0.898071
0.000263807

0.328806
-0.339762
-0.881163
-1.73163
0.689546

-0.328806
0.339762
0.881163
0.777851
0.00613437

0.921614
-0.388109
0
0.739488
0.0116024

-0.921614
0.388109
0
-2.57773
1.47849

-0.00180404
-0.923608
-0.383335
0.730661
0.0026662

0.00180404
0.923608
0.383335
0.399223
0.0132488

-0.675594
0.392156
0.624329
-23.413
299.725

0.675594
-0.392156
-0.624329
0.927367
0.00267039

0.10626
0.0436773
0.993379
0.9786
3.50885e-05

0.411868
0.0678771
0.908712
-0.717754
0.213

-0.411868
-0.0678771
-0.908712
0.718157
0.00574744

0.521314
-0.171477
0.835959
0.221673
0.11053

-0.521314
0.171477
-0.835959
-3.14492
3.12697

-0.0839455
-0.753993
-0.651496
0.233663
0.0691655

-0.442944
-0.188123
0.87659
0.961953
9.19829e-05

-0.437469
0.784708
0.439151
0.612446
0.0129072

0.437469
-0.784708
-0.439151
-0.900192
0.310069

-0.372048
0.138365
-0.917843
-4.88547
5.81327

0.372048
-0.138365
0.917843
0.780813
0.00817176

0.408619
0.571895
0.711313
0.739488
0.0080799

-0.408619
-0.571895
-0.711313
-2.57773
1.52237

0.887339
-0.461118
0
0.233663
0.0759258

-0.887339
0.461118
0
-1.09187
0.513057

0.180025
-0.381576
0.906637
0.869895
0.00020672

-0.0431657
-0.419769
0.906604
-8.65423
23.0086

0.0431657
0.419769
-0.906604
0.802976
0.00968001

0.564033
0.355738
0.745196
0.141846
0.0704752

-0.564033
-0.355738
-0.745196
-0.340863
0.17203

-0.583914
0.200686
0.786619
0.870498
0.00171704

0.251827
0.0423619
-0.966845
0.808115
0.00130343

-0.0335973
0.253159
0.966841
-1.55415
0.332119

0.0335973
-0.253159
-0.966841
0.995341
3.76788e-06

-0.774247
0.105512
0.624026
0.77484
0.0021947

0.0699967
0.372075
-0.92556
-8.10256
22.3794

-0.0699967
-0.372075
0.92556
0.590427
0.0455142

0.155585
0.807253
-0.56933
0.608534
0.00839965

0.311602
0.213102
0.926009
0.946344
0.000121296

0.0326124
0.998462
0.0448345
-2.09169
1.37206

-0.0326124
-0.998462
-0.0448345
0.318584
0.0666519

-0.0741339
0.33157
0.940513
0.800761
0.00534507

0.0741339
-0.33157
-0.940513
-3.56319
2.80339

-0.132705
-0.103441
-0.985743
-1.57445
0.828288

0.132705
0.103441
0.985743
0.356383
0.052056

-0.358857
0.815766
-0.453594
-0.501767
0.147762

0.358857
-0.815766
0.453594
0.724165
0.00501327

-0.783776
0.473938
-0.401345
-0.863089
0.42384

0.783776
-0.473938
0.401345
0.0145588
0.118622

0.615789
0.647313
-0.449211
0.9179
0.000639032

0.422585
-0.0132527
0.906227
0.782676
0.00392794

-0.422585
0.0132527
-0.906227
-1.26841
0.417178

0.513194
-0.614304
0.599385
0.731343
0.003591

-0.513194
0.614304
-0.599385
0.0262158
0.0466161

0.273639
-0.663348
-0.696485
-0.0883919
0.0697672

-0.273639
0.663348
0.696485
0.637741
0.00773179

0.00724965
-0.0597643
-0.998186
0.887574
0.000748472

0.55109
0.546274
-0.630781
0.915802
0.000267359

-0.66828
-0.0682437
0.740773
0.653323
0.0118633

-0.89977
-0.00359957
-0.43635
-0.528822
0.0925858

0.89977
0.00359957
0.43635
0.966446
4.84269e-05

0.820285
-0.22892
0.524144
-1.8715
0.900272

-0.820285
0.22892
-0.524144
0.658559
0.0127795

0.34605
0.0731104
0.935363
0.51162
0.0218101

-0.34605
-0.0731104
-0.935363
-0.816471
0.299069

0.59335
0.7697
-0.23558
-0.709729
0.263412

-0.59335
-0.7697
0.23558
0.468238
0.0254934

0.399675
0.796606
-0.453519
0.374263
0.0282247

-0.399675
-0.796606
0.453519
-0.0343788
0.0770417

-0.530988
-0.274982
0.801522
0.338907
0.0172839

0.530988
0.274982
-0.801522
0.72458
0.00306313

-0.34063
-0.607823
-0.717302
-1.16341
0.641945

0.34063
0.607823
0.717302
-0.0600746
0.154303

-0.410171
0.00458303
0.911997
0.902924
0.00109475

-0.691789
-0.549415
0.468584
0.998176
6.36171e-07

0.455624
-0.688933
0.563718
0.424166
0.0844386

-0.455624
0.688933
-0.563718
-6.56682
14.5626

0.580377
-0.679015
0.449556
0.959284
0.000155074

-0.580377
0.679015
-0.449556
-2.89265
1.37182

0.817629
-0.391855
0.42182
-0.335734
0.0773325

-0.0437505
0.287377
-0.956818
-7.14517
11.1036

0.0437505
-0.287377
0.956818
0.976624
9.29068e-05

-0.680542
0.29566
-0.670408
-6.06387
9.31108

0.680542
-0.29566
0.670408
0.824906
0.00580402

0.137984
-0.591459
0.794441
0.868284
0.00278967

-0.72096
-0.567173
0.39816
-1.17103
0.371111

-0.694929
-0.223261
0.683541
0.550496
0.0117716

0.694929
0.223261
-0.683541
0.0936207
0.0475984

0.284839
-0.369163
0.884638
0.917591
0.00212778

-0.284839
0.369163
-0.884638
-13.3589
64.4658

0.292125
0.575659
0.763728
0.864787
0.00596709

-0.292125
-0.575659
-0.763728
-13.0676
64.0715

0.942138
-0.0807104
0.325365
0.699611
0.00561577

-0.942138
0.0807104
-0.325365
-0.230842
0.0902767

-0.874651
-0.484753
0
0.565352
0.0392621

0.874651
0.484753
0
-3.53681
3.19286

0.712962
0.137099
-0.68767
-0.0582454
0.0621335

-0.712962
-0.137099
0.68767
0.676582
0.00584513

-0.767236
0.529411
0.362041
-0.418951
0.382379

0.767236
-0.529411
-0.362041
-2.06386
1.77815

-0.63206
0.518633
0.575778
0.235783
0.0902856

0.63206
-0.518633
-0.575778
-2.25093
1.63166

-0.376772
-0.448115
0.810701
0.766707
0.00644187

0.376772
0.448115
-0.810701
-2.6237
1.53302

0.129169
0.34359
-0.930194
-1.5317
0.443875

-0.129169
-0.34359
0.930194
0.923937
0.00043977

-0.551361
-0.449002
0.703135
0.927222
0.000256399

0.551361
0.449002
-0.703135
-0.590607
0.119961

-0.965194
0.00471833
-0.261493
-1.68175
1.37612

0.965194
-0.00471833
0.261493
-0.716293
0.563647

0.0186069
0.972742
-0.231144
0.959052
0.000127765

-0.0186069
-0.972742
0.231144
-2.1514
0.74891

-0.0310061
-0.246828
0.968563
0.930939
0.000655407

0.526197
0.730701
0.434964
-0.553645
0.125844

-0.526197
-0.730701
-0.434964
0.882806
0.000728598

0.335564
0.926916
0.167998
-0.579783
0.428983

-0.335564
-0.926916
-0.167998
-1.35992
0.95726

-0.120148
0.617738
-0.777152
-1.20351
0.315372

0.120148
-0.617738
0.777152
0.904086
0.000631464

0.267387
0.918838
0.290243
-0.287232
1.54449

-0.267387
-0.918838
-0.290243
-31.1806
965.254

0.234973
0.125728
0.963836
-0.587524
0.164418

-0.740826
0.141863
-0.656545
0.822875
0.00262724

0.812644
-0.0289711
-0.58204
-1.03515
0.219207

0.284725
-0.445377
0.848864
0.0159392
0.0948196

-0.284725
0.445377
-0.848864
-0.237078
0.149707

-0.0459608
0.234668
0.970989
0.940456
0.000572333

0.0459608
-0.234668
-0.970989
-6.07435
8.02543

-0.45391
0.271296
0.848743
0.673844
0.0374822

0.45391
-0.271296
-0.848743
-12.3593
62.8753

-0.795667
-0.479417
-0.370235
-0.0456517
0.119011

0.795667
0.479417
0.370235
-0.4373
0.224813

-0.132798
-0.885797
-0.444666
0.151279
0.0632888

0.132798
0.885797
0.444666
-0.155206
0.117248

-0.701201
0.217023
0.67913
0.488648
0.0254516

0.701201
-0.217023
-0.67913
-0.967496
0.375211

0.181118
0.233999
0.955218
0.943367
0.000315384

-0.254548
0.0576717
-0.965339
-13.4933
64.6108

0.254548
-0.0576717
0.965339
0.937269
0.00121183

-0.366184
-0.80751
0.462425
-3.19921
1.92306

0.366184
0.80751
-0.462425
0.906106
0.00097348

0.239438
0.12102
-0.96334
-0.358744
0.0825959

-0.239438
-0.12102
0.96334
0.905904
0.000445902

-0.858995
-0.401754
0.317367
0.0159392
0.0946067

0.858995
0.401754
-0.317367
-0.237078
0.149506

0.113946
-0.149379
0.982192
0.245132
0.013987

-0.113946
0.149379
-0.982192
0.953672
7.83766e-05

0.969348
0.223558
-0.101908
-0.311442
0.0848507

-0.969348
-0.223558
0.101908
0.849766
0.00111435

-0.457447
-0.889237
0
-1.63469
0.925376

0.457447
0.889237
0
0.223579
0.0927167

0.0145846
0.46742
-0.883915
-1.1489
0.401904

-0.0145846
-0.46742
0.883915
0.685846
0.00859325

0.940472
-0.0509918
0.336024
0.82408
0.00186216

-0.940472
0.0509918
-0.336024
-0.612736
0.155588

0.150112
0.867693
0.473893
-0.760827
0.401884

-0.150112
-0.867693
-0.473893
-0.205994
0.188572

0.201167
-0.0491604
0.978323
0.99154
3.86607e-05

-0.204102
0.609118
0.766367
0.676892
0.00826002

0.204102
-0.609118
-0.766367
-0.809772
0.256144

0.429509
0.736659
0.522356
0.934142
0.000353408

-0.971162
-0.158796
-0.177843
-0.287231
0.188359

0.971162
0.158796
0.177843
-0.287231
0.188359

-0.999952
-0.00977557
0
0.904793
0.000404121

0.274448
-0.0885705
0.957514
0.909066
0.00425567

-0.274448
0.0885705
-0.957514
-23.2594
299.261

-0.357348
0.292342
0.887039
-0.127164
0.0595359

0.357348
-0.292342
-0.887039
0.821117
0.00150022

0.701986
-0.164736
0.692877
0.674034
0.00572182

-0.223251
-0.844359
-0.487049
-4.49217
8.78774

0.223251
0.844359
0.487049
-0.737772
0.879954

0.255428
0.103458
-0.961277
0.783106
0.00149147

0.769238
-0.231439
0.595574
0.198218
0.0390248

-0.769238
0.231439
-0.595574
0.417358
0.0206165

-0.218641
-0.95447
-0.202935
0.335482
0.032366

0.218641
0.95447
0.202935
-0.0168695
0.0757649

-0.660693
0.705119
0.257472
0.90634
0.000627936

0.660693
-0.705119
-0.257472
-1.48782
0.440458

-0.15838
-0.942193
0.295277
-0.426728
0.239613

0.15838
0.942193
-0.295277
-0.242846
0.181837

-0.0514801
-0.2104
0.976259
0.983139
1.51413e-05

-0.767001
-0.625962
0.140997
-0.34882
0.0864657

0.767001
0.625962
-0.140997
0.877495
0.000714608

0.681697
0.116859
0.722242
0.584216
0.0100216

0.281042
-0.344069
-0.895897
-3.66797
2.83263

-0.281042
0.344069
0.895897
0.845687
0.00316893

0.462386
0.480055
0.745484
0.294822
0.037245

-0.462386
-0.480055
-0.745484
0.0006001
0.0746662

0.946472
-0.150825
-0.285383
-0.308609
0.139726

-0.946472
0.150825
0.285383
0.383679
0.0310098

-0.961761
0.27389
0
0.0157895
0.0770537

0.543041
-0.121906
0.83081
0.716576
0.00794397

-0.543041
0.121906
-0.83081
-0.924658
0.289918

-0.565005
0.313705
0.763124
0.549426
0.00650768

0.280546
-0.89637
0.343241
-4.38533
5.52566

-0.280546
0.89637
-0.343241
0.50305
0.0471103

-0.0423339
-0.934006
-0.354741
-0.219478
0.11036

0.0423339
0.934006
0.354741
0.458009
0.0218228

-0.798866
0.354221
-0.48615
0.713948
0.045095

0.798866
-0.354221
0.48615
-22.1702
295.599

0.70679
-0.542468
0.454067
-0.017261
0.0758335

-0.70679
0.542468
-0.454067
0.336369
0.0323029

-0.220215
-0.428091
0.876495
-0.23675
0.125106

0.220215
0.428091
-0.876495
0.332435
0.0364663

0.0660912
0.912745
0.403149
0.45514
0.010931

-0.0660912
-0.912745
-0.403149
0.693517
0.00347198

-0.442843
0.222583
-0.868532
0.766779
0.00388551

-0.115486
0.42515
0.897725
0.470196
0.0638499

0.115486
-0.42515
-0.897725
-5.69778
10.2037

-0.544545
-0.514956
-0.662035
0.705359
0.0023484

0.544545
0.514956
0.662035
0.6862
0.00266237

0.0856519
0.747094
0.659177
0.543065
0.0146115

-0.0856519
-0.747094
-0.659177
-0.230509
0.105409

-0.816454
0.436317
-0.378194
0.9077
0.00111911

-0.115972
-0.150214
0.981828
0.94224
0.00039995

0.010765
-0.906462
0.42215
-0.714727
0.426855

-0.010765
0.906462
-0.42215
-0.574795
0.360044

-0.405445
0.528652
-0.745749
0.440335
0.0341941

-0.894976
0.109318
0.432512
0.894349
0.0006093

0.894976
-0.109318
-0.432512
-0.667653
0.148984

0.737466
0.354041
-0.575151
-0.607965
0.165642

-0.737466
-0.354041
0.575151
0.777075
0.00319345

-0.0167146
-0.611295
-0.791226
-2.40736
1.47494

0.0167146
0.611295
0.791226
0.621402
0.0182175

-0.215157
0.37211
0.902907
0.824469
0.00279005

0.215157
-0.37211
-0.902907
-1.8085
0.708993

-0.569647
0.180463
-0.801833
-5.69359
7.86512

0.569647
-0.180463
0.801833
0.841572
0.00442131

-0.147103
-0.202702
0.968128
0.976584
6.1866e-05

-0.41841
-0.371188
0.828946
0.606557
0.0051135

-0.679719
0.142866
0.719424
0.889123
0.0015466

0.679719
-0.142866
-0.719424
-3.78808
2.86812

0.176009
-0.37146
0.911613
-0.864934
0.181442

-0.176009
0.37146
-0.911613
0.937377
0.000235392

0.420323
0.245009
0.87367
0.929013
0.0019349

-0.420323
-0.245009
-0.87367
-17.1726
126.264

0.454801
-0.295517
-0.840134
-0.191558
0.0650054

-0.454801
0.295517
0.840134
0.85373
0.000993427

0.512174
0.49266
0.703536
0.625532
0.0156842

-0.512174
-0.49266
-0.703536
-1.83189
0.891354

-0.935556
0.304804
0.178405
-5.81474
7.92438

0.935556
-0.304804
-0.178405
0.878849
0.00250681

-0.67357
0.666459
-0.319587
0.668174
0.00615658

-0.214929
0.0245294
-0.976322
0.848998
0.0016432

0.764645
-0.598633
-0.238656
0.68185
0.00720222

-0.0739625
0.346274
0.935213
-1.55263
0.822855

0.0739625
-0.346274
-0.935213
0.328693
0.0569764

-0.560833
0.291893
0.774768
0.983291
2.87081e-05

0.560833
-0.291893
-0.774768
-2.81255
1.17616

-0.0833451
-0.900529
0.426733
0.978379
5.89295e-05

0.32535
-0.936
-0.134355
0.132987
0.0141076

-0.782344
-0.491018
0.383197
-0.681276
0.170845

0.782344
0.491018
-0.383197
0.835812
0.00164264

0.83357
0.377926
-0.402906
0.8802
0.000964273

-0.83357
-0.377926
0.402906
-1.15512
0.311648

0.14333
0.692431
0.707104
0.827137
0.000989697

-0.14333
-0.692431
-0.707104
0.37515
0.0124312

-0.209829
0.67518
0.70718
0.49272
0.0364643

-0.738172
-0.270806
-0.617872
-12.9615
63.9281

0.738172
0.270806
0.617872
0.841993
0.0082246

0.0989227
-0.670358
-0.735415
0.574137
0.00488404

-0.389738
0.489841
-0.779846
0.805124
0.00233107

0.866006
-0.18387
0.465001
-0.22528
0.167911

-0.866006
0.18387
-0.465001
-0.308336
0.191443

0.0613313
0.00985989
0.998069
0.978351
1.0468e-05

0.0438864
0.740893
0.670188
-0.934426
0.525251

-0.0438864
-0.740893
-0.670188
-0.284315
0.231648

-0.385391
-0.461691
-0.798946
-35.5293
1011.05

0.385391
0.461691
0.798946
0.88072
0.0108266

0.508278
0.774652
0.376255
0.859575
0.00376621

-0.508278
-0.774652
-0.376255
-6.55175
10.8575

0.758615
-0.406357
-0.509291
0.316627
0.0287677

-0.758615
0.406357
0.509291
0.291548
0.0309137

-0.623265
-0.78201
0
0.572544
0.0194396

0.623265
0.78201
0
-1.48085
0.651789

0.442053
-0.610729
0.656962
0.257367
0.036291

-0.442053
0.610729
-0.656962
0.257367
0.036291

-0.325739
0.614097
0.718873
-0.331617
0.208654

0.325739
-0.614097
-0.718873
-0.331617
0.208654

0.383115
0.0694273
-0.921088
-6.72338
14.7449

-0.383115
-0.0694273
0.921088
0.51729
0.0576558

-0.155164
0.24657
-0.956623
-1.48596
0.484876

0.155164
-0.24657
0.956623
0.853547
0.00168766

-0.150153
0.988663
0
-0.500639
0.123023

0.150153
-0.988663
0
0.846649
0.00128568

-0.698349
-0.715758
0
0.854217
0.00329439

0.698349
0.715758
0
0.869057
0.00295714

0.452966
0.491711
-0.743668
-0.665359
0.148925

-0.452966
-0.491711
0.743668
0.893044
0.000648178

0.102821
-0.856838
0.50523
0.566712
0.0257163

0.580351
-0.761975
0.287379
-0.989358
0.273766

-0.580351
0.761975
-0.287379
0.827911
0.00205658

0.546208
-0.47616
0.689151
-0.632577
0.235463

0.0327117
-0.540174
-0.840917
0.864787
0.00597665

-0.0327117
0.540174
0.840917
-13.0676
64.0651

-0.166374
-0.425023
0.889761
0.957629
0.000546126

0.166374
0.425023
-0.889761
-13.6587
64.7522

-0.908059
-0.176544
0.379818
0.947215
0.000169182

0.908059
0.176544
-0.379818
-1.31376
0.322878

-0.646275
0.193601
0.738138
0.756908
0.00261884

0.646275
-0.193601
-0.738138
0.133197
0.0330555

0.269712
-0.842749
0.465864
0.545795
0.0207362

-0.269712
0.842749
-0.465864
-1.21503
0.492017

0.328603
0.772876
0.542847
0.674035
0.00572224

-0.282683
-0.157355
0.946218
0.914824
0.000346392

-0.344523
-0.938778
0
0.0653431
0.089854

0.344523
0.938778
0
-0.421718
0.207691

-0.664836
-0.497738
-0.557001
-0.594381
0.145827

0.664836
0.497738
0.557001
0.847547
0.00175818

-0.0206869
0.341143
-0.939784
0.917814
0.000499977

0.830513
0.153922
-0.53531
-7.76182
21.913

-0.830513
-0.153922
0.53531
0.411069
0.0990978

-0.869978
-0.49309
0
0.75804
0.00437717

0.869978
0.49309
0
-0.896973
0.265142

0.0318898
0.259607
0.965188
0.679952
0.0033626

-0.0492518
-0.288315
0.956268
0.934032
0.000334582

0.795078
-0.240561
0.55676
0.989603
1.09614e-05

0.306141
0.735675
-0.604201
-1.26881
0.825338

-0.306141
-0.735675
0.604201
-0.421933
0.324304

0.354594
-0.888912
0.289997
0.903984
0.00044185

-0.354594
0.888912
-0.289997
-0.463976
0.101645

-0.557384
0.690627
0.460822
0.400966
0.0250819

0.343132
0.79427
-0.501393
-0.117857
0.0916235

-0.343132
-0.79427
0.501393
0.408736
0.0256757

0.834793
-0.47147
0.284318
0.419573
0.0219222

-0.834793
0.47147
-0.284318
0.0853492
0.0544116

-0.215052
0.898926
-0.381687
0.682475
0.00654141

0.215052
-0.898926
0.381687
-0.372347
0.12209

-0.42189
0.062204
-0.904511
-0.653503
0.148214

0.42189
-0.062204
0.904511
0.88614
0.000708679

0.371622
0.076371
0.925238
0.901264
0.000969028

0.766792
-0.0502348
-0.639927
-2.87342
2.51652

-0.766792
0.0502348
0.639927
0.302854
0.0816623

-0.26249
0.240915
0.934376
0.693516
0.00966611

0.26249
-0.240915
-0.934376
-1.75834
0.782475

0.719768
0.400597
-0.566971
0.912851
0.000703113

-0.98237
-0.186949
0
0.8722
0.00130921

0.98237
0.186949
0
-0.214989
0.0681451

0.478416
-0.76676
-0.428016
-2.31312
1.26658

-0.478416
0.76676
0.428016
0.711515
0.00963245

0.419648
-0.530329
-0.736645
0.132288
0.0322931

-0.419648
0.530329
0.736645
0.775528
0.00221646

-0.0938591
-0.293547
-0.951326
-2.54106
1.29292

-0.266839
0.951053
-0.155872
0.145741
0.0608203

0.266839
-0.951053
0.155872
-0.0384766
0.0898766

0.6561
0.636289
0.405794
-0.0921433
0.110483

-0.6561
-0.636289
-0.405794
0.0082655
0.0912507

0.813105
0.582118
0
0.983791
0.000870189

0.00383214
-0.286216
-0.958158
-3.31901
1.942

-0.00383214
0.286216
0.958158
0.940222
0.000405169

0.381078
-0.143778
0.913295
0.904387
9.33012e-05

-0.270586
0.239094
0.932533
0.358224
0.0107285

0.440785
-0.684677
0.580454
0.279693
0.0245664

0.540696
0.617784
-0.570956
0.951823
9.43755e-05

0.708653
0.234119
0.665582
0.804174
0.00694994

-0.708653
-0.234119
-0.665582
-5.58758
7.80653

0.286006
-0.299579
-0.910194
-5.57063
7.79931

-0.286006
0.299579
0.910194
0.797765
0.00741338

-0.129427
-0.157628
0.97898
0.988246
3.0392e-05

0.129427
0.157628
-0.97898
-9.67912
23.6672

0.536806
-0.0773987
0.840148
-1.55846
0.740564

-0.536806
0.0773987
-0.840148
0.510292
0.0271508

0.531824
-0.276992
-0.800274
-1.84063
0.995877

-0.531824
0.276992
0.800274
0.472318
0.0370986

-0.427943
0.474421
-0.769278
-1.00236
0.274903

0.427943
-0.474421
0.769278
0.836542
0.00183796

-0.527271
0.849697
0
0.685111
0.00552589

0.527271
-0.849697
0
0.58246
0.00851628

-0.591332
0.502893
0.630417
0.712084
0.0106048

0.591332
-0.502893
-0.630417
-2.78343
1.82004

-0.24534
0.788601
0.563841
0.722579
0.0145418

0.24534
-0.788601
-0.563841
-5.39176
7.69191

-0.754987
0.429505
0.4955
0.439705
0.0174677

0.754987
-0.429505
-0.4955
0.2963
0.0275468

1
0
0
0.97082
0.00185359

-0.259761
0.8112
0.523907
0.946436
0.000333165

0.259761
-0.8112
-0.523907
-1.59753
0.447147

0.905992
0.423296
0
0.249114
0.0487315

-0.905992
-0.423296
0
-0.241254
0.133072

0.149231
-0.221639
0.963642
0.526752
0.0263377

-0.149231
0.221639
-0.963642
-1.72588
0.866425

-0.108847
0.556508
0.823681
0.802563
0.00707048

0.818842
0.574019
0
-3.08644
2.43509

-0.818842
-0.574019
0
0.499411
0.055421

-0.507905
-0.664217
-0.548496
-8.9897
23.3169

0.507905
0.664217
0.548496
0.890957
0.00278039

0.729033
-0.393836
0.559825
-4.5167
14.8245

-0.729033
0.393836
-0.559825
-4.5167
14.8245

-0.514154
-0.789641
-0.334833
-0.460051
0.18614

0.514154
0.789641
0.334833
0.377305
0.0338819

-0.537439
0.0234558
0.842976
0.799946
0.00488677

0.537439
-0.0234558
-0.842976
-2.93939
1.86284

0.260522
-0.371682
-0.891056
-0.590576
0.187538

-0.260522
0.371682
0.891056
0.646502
0.00939673

0.3538
-0.286547
0.890346
0.542695
0.00957579

-0.3538
0.286547
-0.890346
0.435426
0.0145307

0.801106
0.246103
-0.545585
-1.48741
0.400213

-0.801106
-0.246103
0.545585
0.944034
0.0002051

-0.445289
-0.385737
-0.808037
0.119382
0.0844933

-0.812717
0.100926
-0.573851
-2.48516
1.49691

0.812717
-0.100926
0.573851
0.678822
0.0127716

-0.27643
-0.641031
-0.716007
-2.11082
1.57341

0.27643
0.641031
0.716007
0.0530746
0.14584

-0.754055
0.555362
-0.350676
-0.743783
0.267838

0.754055
-0.555362
0.350676
0.515199
0.0207285

-0.0757333
0.884846
0.459686
-1.35496
0.567229

0.0757333
-0.884846
-0.459686
0.572782
0.018679

0.118994
-0.780467
-0.613768
-0.349158
0.135371

-0.118994
0.780467
0.613768
0.530097
0.0164923

0.765137
0.643868
0
0.731828
0.0379401

-0.765137
-0.643868
0
-16.1631
119.898

-0.128848
0.514614
0.847686
0.855117
0.00289348

-0.138943
0.737896
0.660457
0.816524
0.00141956

0.138943
-0.737896
-0.660457
0.0602577
0.0369816

0.986911
-0.161267
0
0.580566
0.0157346

-0.657222
-0.0031278
-0.753691
-0.197856
0.0565464

0.657222
0.0031278
0.753691
0.916357
0.000276796

0.833692
-0.552229
0
0.203141
0.0579658

-0.833692
0.552229
0
-0.0609013
0.0981999

0.535971
-0.314892
0.783312
-2.32903
0.980214

-0.535971
0.314892
-0.783312
0.914776
0.000673609

-0.306152
-0.443751
-0.842233
-13.8911
64.8864

0.306152
0.443751
0.842233
0.979267
0.000134777

-0.105356
-0.261975
0.959307
0.950088
0.000131373

0.105356
0.261975
-0.959307
-0.958899
0.199717

0.427356
-0.717924
0.549502
0.380917
0.0125401

-0.427356
0.717924
-0.549502
0.806244
0.00122987

-0.923748
0.157823
-0.348973
0.669724
0.00479053

0.923748
-0.157823
0.348973
0.294499
0.0218437

0.145421
-0.873506
-0.464586
-3.97891
4.28038

-0.145421
0.873506
0.464586
0.57349
0.0314232

0.118807
0.956735
0.265599
0.0964923
0.023972

-0.118807
-0.956735
-0.265599
0.940283
0.000108988

0.0746638
0.320461
0.944314
0.832375
0.00123001

0.02324
-0.717327
-0.696349
0.363957
0.0334242

-0.02324
0.717327
0.696349
-0.298044
0.138808

-0.550906
-0.625134
0.55291
0.407196
0.0334917

-0.660643
0.681382
0.315072
0.928184
0.000452124

0.660643
-0.681382
-0.315072
-2.36974
0.986028

0.145872
0.756061
-0.638039
0.315538
0.0206854

-0.145872
-0.756061
0.638039
0.655277
0.00528961

0.467103
0.508052
0.72367
0.897607
0.00130397

-0.467103
-0.508052
-0.72367
-3.81457
2.87508

0.727533
-0.686073
0
0.800948
0.00885028

0.276245
-0.703169
0.655165
0.587386
0.00801966

-0.722636
0.264984
0.63842
0.735098
0.00803812

0.722636
-0.264984
-0.63842
-2.34889
1.27492

0.0874503
-0.107821
0.990317
0.961743
0.000439327

-0.0874503
0.107821
-0.990317
-13.6969
64.7936

0.844877
0.0528434
0.532345
0.876832
0.000997282

-0.844877
-0.0528434
-0.532345
-0.221207
0.0673942

-0.391496
0.0691626
0.917577
0.782676
0.0039304

0.391496
-0.0691626
-0.917577
-1.26841
0.417174

-0.935571
0.192612
0.295985
-0.449301
0.243336

0.935571
-0.192612
-0.295985
-0.182362
0.161965

-0.377322
0.287531
-0.880314
-9.14566
23.4078

0.377322
-0.287531
0.880314
0.922322
0.00140871

0.708351
0.0530534
0.703864
0.58989
0.0119297

-0.708351
-0.0530534
-0.703864
-0.344769
0.12734

0.875027
0.257034
-0.410197
-0.792717
0.165766

-0.875027
-0.257034
0.410197
0.930623
0.000255129

-0.161031
0.176217
0.97109
0.812903
0.0117531

0.754893
-0.348846
0.555377
0.470927
0.0108848

0.493314
0
-0.869851
-1.57445
0.828385

-0.493314
0
0.869851
0.356383
0.0519986

-0.689739
-0.0724016
0.720429
0.669941
0.00707306

0.0244653
-0.226311
0.973748
0.369842
0.0589648

0
0.112347
0.993669
0.909065
0.00421023

-0.0564595
0.448284
0.892107
0.219073
0.0487857

0.0564595
-0.448284
-0.892107
-0.0327779
0.0851644

0.622606
-0.134192
-0.770944
-22.473
296.852

-0.622606
0.134192
0.770944
0.780171
0.0260557

-0.770909
0.0153321
0.636761
-0.0399424
0.0432076

0.770909
-0.0153321
-0.636761
0.872376
0.000657685

-0.0714633
0.834533
0.546303
0.242802
0.0843635

0.0714633
-0.834533
-0.546303
-2.02876
1.34938

0.176394
-0.173124
0.968975
-1.62963
0.499388

-0.176394
0.173124
-0.968975
0.919629
0.000467747

-0.0778163
-0.72769
0.681477
0.824468
0.0125244

0.0778163
0.72769
-0.681477
-16.5531
125.121

-0.6468
0.109904
-0.7547
-0.245457
0.0957059

0.6468
-0.109904
0.7547
0.672874
0.00668671

-0.0629655
0.142627
0.987772
0.763051
0.00419961

0.0629655
-0.142627
-0.987772
-0.902967
0.265739

-0.276839
-0.780531
0.560474
0.754608
0.00372767

0.276839
0.780531
-0.560474
-0.438358
0.126725

-0.827536
-0.561412
0
0.0624329
0.0366908

0.827536
0.561412
0
0.834385
0.00147645

-0.393649
-0.871717
-0.291803
0.298649
0.0434359

-0.0703143
-0.504223
0.860706
0.841537
0.00215662

0.0703143
0.504223
-0.860706
-1.70347
0.622786

-0.107241
0.919769
-0.377524
0.797447
0.00292622

0.107241
-0.919769
0.377524
-0.946546
0.269879

-0.854093
-0.138318
-0.501391
0.900393
0.000920516

0.854093
0.138318
0.501391
-2.28928
0.975119

0.658199
0.74752
0.0893769
-1.43855
0.582206

-0.658199
-0.74752
-0.0893769
0.653323
0.0117684

0.533938
0.290307
0.794123
-2.84949
1.84005

-0.533938
-0.290307
-0.794123
0.75171
0.00765555

0.297158
0.381804
-0.87517
0.960234
0.000137234

0.421805
-0.872839
-0.245424
-3.01021
3.04816

-0.421805
0.872839
0.245424
0.0703304
0.163844

0.900561
0.188515
-0.391729
-1.38594
0.865066

-0.900561
-0.188515
0.391729
-0.181519
0.21219

-0.511682
0.584984
0.629265
-16.276
124.435

0.511682
-0.584984
-0.629265
0.760885
0.0238952

0.806114
0.278578
-0.522086
0.775499
0.00294105

-0.806114
-0.278578
0.522086
-0.375206
0.109181

-0.803392
-0.559707
-0.203197
0.997751
2.29956e-07

-0.738302
-0.313101
-0.597392
-0.101097
0.034817

0.738302
0.313101
0.597392
0.975266
2.28537e-05

-0.930005
-0.0559425
-0.363264
0.863658
0.00202057

0.930005
0.0559425
0.363264
-2.82134
1.5789

0.514289
-0.456288
-0.72616
-2.44204
1.29678

-0.514289
0.456288
0.72616
0.790726
0.00479541

-0.672384
-0.725508
-0.146755
-0.21373
0.0725406

0.672384
0.725508
0.146755
0.821649
0.00156836

0.711663
-0.702521
0
0.834066
0.00783905

0.736331
0.436447
-0.51704
-0.911342
0.212605

-0.736331
-0.436447
0.51704
0.903677
0.000554933

0.077467
-0.42951
0.899733
0.865048
0.00249108

-0.077467
0.42951
-0.899733
-4.11059
3.56877

0.0855101
-0.518406
0.850849
0.506221
0.00991869

-0.0855101
0.518406
-0.850849
0.57198
0.00745433

0.345885
-0.818106
-0.45942
0.220517
0.117921

-0.345885
0.818106
0.45942
-3.5524
4.01931

0.11308
-0.896277
0.428835
-0.750848
0.201302

-0.11308
0.896277
-0.428835
0.801471
0.00259041

-0.143579
-0.860299
-0.489153
0.996343
3.67732e-06

0.521078
-0.472384
-0.710866
-0.241254
0.133056

-0.521078
0.472384
0.710866
0.249114
0.0487153

0.120772
0.782574
0.61073
0.846759
0.00566453

-0.120772
-0.782574
-0.61073
-8.80747
23.1668

-0.457107
-0.234233
0.858014
0.865048
0.00250277

0.012771
0.407267
0.91322
0.852259
0.00102199

-0.0801952
0.436996
0.895881
0.965231
0.000171279

-0.369751
-0.716543
0.591482
-0.502469
0.0973952

0.369751
0.716543
-0.591482
0.942602
0.000153972

-0.0501185
-0.750064
-0.659463
-12.6914
63.4864

0.0501185
0.750064
0.659463
0.77496
0.0172105

-0.56817
-0.015953
0.822756
0.0916736
0.0437977

-0.0700213
0.743365
-0.665211
0.0295118
0.0484918

0.0700213
-0.743365
0.665211
0.695177
0.00484058

0.521053
-0.0876951
0.849007
0.897205
0.00541691

-0.521053
0.0876951
-0.849007
-23.1684
299.158

-0.708752
-0.248032
0.660417
-0.784634
0.177224

0.708752
0.248032
-0.660417
0.900193
0.000555879

-0.132557
-0.212822
0.968058
0.957242
0.000402149

0.256103
0.091512
0.962308
0.969224
0.000349738

-0.802069
-0.125503
-0.583896
0.150139
0.087266

0.802069
0.125503
0.583896
-0.97488
0.462374

0.210217
0.443327
-0.871361
-10.753
37.0982

-0.210217
-0.443327
0.871361
0.893397
0.00310123

0.879196
0.47646
0
-1.93579
1.12724

-0.879196
-0.47646
0
0.374626
0.0631949

-0.347203
-0.416615
0.840168
0.802487
0.00262618

0.0232361
0.840702
0.540999
0.956524
0.000145222

-0.416949
0.175521
0.891822
0.945042
0.000432881

0.206736
0.960178
0.187933
-0.516465
0.220493

-0.206736
-0.960178
-0.187933
0.261864
0.0522481

-0.809034
-0.249269
-0.532286
-5.20898
7.57179

0.809034
0.249269
0.532286
0.630636
0.0268109

0.761771
0.647846
0
0.944411
0.00022605

-0.229393
0.311645
-0.922094
-1.42747
0.58001

0.229393
-0.311645
0.922094
0.643299
0.0126823

-0.690172
-0.246016
0.680543
0.661018
0.0105598

0.690172
0.246016
-0.680543
-1.22155
0.450041

-0.00425049
0.999991
0
0.223428
0.0222304

0.00425049
-0.999991
0
0.852592
0.00119777

0.599573
-0.276727
0.750956
-8.00094
22.2496

-0.599573
0.276727
-0.750956
0.541058
0.0579952

0.895015
-0.430927
0.11511
-8.88066
23.2311

-0.895015
0.430927
-0.11511
0.865514
0.00430489

0.323216
0.68976
0.647891
0.617004
0.00332518

-0.611554
0.0972667
-0.785201
-0.817269
0.192178

0.611554
-0.0972667
0.785201
0.886421
0.000790898

-0.869016
-0.194637
0.454893
0.287072
0.0347679

0.869016
0.194637
-0.454893
0.1633
0.0478696

-0.836835
0.285818
-0.466921
-0.645328
0.490268

0.14012
0.48111
-0.86539
0.593157
0.0036958

-0.14012
-0.48111
0.86539
0.860033
0.000438699

-0.289873
-0.710415
0.641314
0.997478
9.14494e-07

0.289873
0.710415
-0.641314
-1.26485
0.225876

0.662122
0.354076
0.660474
0.828
0.00217709

-0.662122
-0.354076
-0.660474
-1.15021
0.338585

0.0581313
0.6987
0.713049
0.546503
0.0337258

-0.0581313
-0.6987
-0.713049
-3.5108
3.32417

-0.0576899
0.56691
0.821757
0.509628
0.0494711

0.0576899
-0.56691
-0.821757
-5.00707
7.42204

-0.761655
-0.207797
-0.613761
0.541058
0.0579546

0.761655
0.207797
0.613761
-8.00094
22.2533

-0.864202
-0.491676
-0.106814
-0.57444
0.228119

0.864202
0.491676
0.106814
0.364823
0.0371707

-0.930591
0.279352
0.236564
-2.24871
0.969823

0.930591
-0.279352
-0.236564
0.884345
0.00123295

0.311624
-0.557867
-0.769204
-0.0795599
0.0281556

-0.311624
0.557867
0.769204
0.992388
4.1388e-06

-0.0259454
-0.45868
0.888223
0.922927
0.000232016

0.0259454
0.45868
-0.888223
-0.209117
0.056863

-0.773417
0.344442
0.532152
0.969405
4.19243e-05

0.773417
-0.344442
-0.532152
-0.538365
0.0928428

0.0645469
-0.938326
0.339673
0.430505
0.0264727

-0.0645469
0.938326
-0.339673
-0.383841
0.156172

0.103612
-0.350764
0.930714
0.858312
0.00355175

-0.103612
0.350764
-0.930714
-5.74573
7.88395

-0.997342
0.028665
0.0669954
0.951699
0.000291086

0.584996
-0.59927
0.546494
-0.221088
0.147612

-0.584996
0.59927
-0.546494
-0.026052
0.104226

-0.266651
-0.603907
-0.751128
-5.57063
7.79602

0.266651
0.603907
0.751128
0.797765
0.00745314

0.505439
-0.399315
-0.764904
-21.9863
294.802

-0.505439
0.399315
0.764904
0.668999
0.0611428

0.843891
-0.0749319
0.531256
0.520341
0.0124994

-0.843891
0.0749319
-0.531256
0.228967
0.0322925

-0.94752
0.319696
0
0.973253
0.000425666

0.94752
-0.319696
0
-6.28204
7.85437

0.237707
0.193577
-0.951853
-0.501231
0.204039

-0.237707
-0.193577
0.951853
0.346904
0.0386676

-0.0668728
-0.293296
0.95368
0.964936
0.00031083

0.0668728
0.293296
-0.95368
-11.2178
37.476

0.624685
0.11541
-0.772301
0.521424
0.0178766

-0.624685
-0.11541
0.772301
-0.441114
0.161834

0.0391837
-0.203559
0.978278
0.963784
0.000264417

0.148621
0.84335
-0.516403
-2.08591
1.36974

-0.148621
-0.84335
0.516403
0.311857
0.0682001

0.611888
0.395741
-0.684822
-1.63409
0.756921

-0.611888
-0.395741
0.684822
0.586459
0.0187564

0.583806
0.481501
-0.653703
-1.37643
0.429496

-0.583806
-0.481501
0.653703
0.851474
0.00171415

-0.364832
-0.146317
-0.919505
0.708259
0.00446904

0.364832
0.146317
0.919505
-0.0284399
0.055387

-0.901652
-0.432461
0
-9.51506
23.1122

0.901652
0.432461
0
0.974448
0.000425574

0.703368
-0.519535
0.485137
0.591231
0.00573563

-0.251763
0.937479
0.240309
0.153319
0.0575825

0.251763
-0.937479
-0.240309
0.0248803
0.0763764

0.770086
0.589301
0.244319
0.616895
0.00712166

-0.770086
-0.589301
-0.244319
0.249117
0.0273321

0.528586
0.400301
-0.74857
-3.51366
2.78509

-0.528586
-0.400301
0.74857
0.777103
0.00686463

0.997258
0.074001
0
0.63159
0.00894722

-0.997258
-0.074001
0
-0.290764
0.109712

-0.280144
0.353394
-0.892543
-0.545233
0.104681

0.280144
-0.353394
0.892543
0.944191
0.000138191

0.463479
0.831339
-0.306697
0.973294
5.47262e-05

-0.463479
-0.831339
0.306697
-2.37746
0.867312

0.291114
0.265719
-0.919046
-1.29862
0.506175

-0.291114
-0.265719
0.919046
0.63222
0.0129981

0.644881
0.253605
0.720981
0.931041
0.00353864

-0.714285
-0.438069
0.545795
0.475493
0.0210603

0.714285
0.438069
-0.545795
-0.314911
0.132269

0.57529
-0.56984
0.586791
-0.0258791
0.116753

-0.57529
0.56984
-0.586791
-0.512639
0.253681

0.297032
0.119921
0.947307
0.972982
0.000170983

0.473716
0.250329
0.844351
0.891118
0.00103784

0.0613774
-0.192744
0.979328
0.975046
9.49989e-05

0.265323
-0.958186
0.107164
-2.57271
2.02816

-0.265323
0.958186
-0.107164
0.304615
0.0768383

0.14829
0.975483
-0.16261
0.86337
0.000515232

0.693189
-0.199229
-0.692673
-0.351842
0.127901

-0.693189
0.199229
0.692673
0.599769
0.0112937

0.0428843
0.412879
-0.909776
0.598328
0.00838115

0.827853
0.476652
-0.295741
0.531917
0.0304721

-0.827853
-0.476652
0.295741
-2.5399
1.74152

0.865321
-0.433474
0.251632
-0.884084
0.196007

-0.865321
0.433474
-0.251632
0.920302
0.000355964

-0.682761
-0.565597
0.462533
0.502385
0.00419667

0.682761
0.565597
-0.462533
0.960228
2.68832e-05

0.112034
-0.382487
0.917144
0.88925
0.00117337

-0.626153
0.251298
-0.738094
-1.04497
0.257152

0.626153
-0.251298
0.738094
0.902538
0.000591843

0.724796
-0.102401
0.681311
0.718157
0.00580267

-0.724796
0.102401
-0.681311
-0.717754
0.213056

-0.339935
-0.718762
0.606486
0.726311
0.00447932

0.339935
0.718762
-0.606486
-0.289647
0.0983795

0.0695429
0.17519
-0.982075
-2.10255
1.20982

-0.0695429
-0.17519
0.982075
0.54494
0.026256

0.0380087
0.999277
0
0.913408
0.000330405

-0.798752
0.384022
0.463166
0.122347
0.192428

0.798752
-0.384022
-0.463166
-5.24111
9.72574

-0.31648
-0.594387
-0.739287
-1.03653
0.326523

0.31648
0.594387
0.739287
0.744168
0.00522764

-0.742066
0.476712
0.471258
-2.83177
2.93478

0.742066
-0.476712
-0.471258
-0.16111
0.269673

-0.172831
0.644147
-0.74512
0.990777
1.15117e-05

0.0628296
-0.161999
0.984789
0.037787
0.158966

-0.0628296
0.161999
-0.984789
-2.35278
1.92512

-0.111144
-0.587555
0.801515
0.986955
3.68924e-06

-0.522415
0.146535
-0.840006
-0.0676556
0.0458774

0.522415
-0.146535
0.840006
0.876853
0.000611315

-0.628392
0.153291
-0.762643
-1.14539
0.36812

0.628392
-0.153291
0.762643
0.761624
0.00462014

0.543817
0.786552
0.292574
0.94161
0.000166991

-0.543817
-0.786552
-0.292574
-0.715931
0.141664

0.431568
0.616824
0.658238
0.96036
0.000225306

0.134532
0.454804
-0.880372
-0.338665
0.183261

-0.134532
-0.454804
0.880372
0.0073595
0.100778

-0.104365
-0.720835
0.685204
0.744365
0.00121138

-0.201209
-0.39243
0.897504
0.644348
0.00984984

0.201209
0.39243
-0.897504
-0.711269
0.227953

0.311533
0.209581
0.926835
0.618074
0.0178854

-0.311533
-0.209581
-0.926835
-2.18742
1.2334

-0.497724
-0.840613
0.213636
-1.05413
0.203407

0.497724
0.840613
-0.213636
0.976981
2.57519e-05

-0.111707
-0.304312
-0.946
-1.08631
0.428782

0.111707
0.304312
0.946
0.51777
0.022909

-0.584181
0.644487
0.493325
0.409242
0.0265247

0.584181
-0.644487
-0.493325
-0.192967
0.108145

-0.184793
0.982205
0.0335383
-10.4399
65.3776

0.184793
-0.982205
-0.0335383
-1.10916
2.22233

-0.4444
0.815678
0.370375
-0.505536
0.271848

0.4444
-0.815678
-0.370375
-0.219482
0.178378

-0.7666
0.631111
0.11842
0.322203
0.023191

0.7666
-0.631111
-0.11842
0.524164
0.0114318

-0.0667905
0.826053
-0.559621
-5.69778
10.2008

0.0667905
-0.826053
0.559621
0.470196
0.0639207

0.456761
-0.555672
-0.694693
-5.41311
6.02129

-0.456761
0.555672
0.694693
0.942332
0.00050378

0.0826595
0.757492
0.64759
0.730112
0.00197851

-0.220264
0.0590685
-0.97365
-6.33527
8.09539

0.220264
-0.0590685
0.97365
0.979465
6.47643e-05

0.245288
-0.167924
-0.954796
-4.38295
6.86367

-0.245288
0.167924
0.954796
-0.0175772
0.245734

-0.241582
-0.228171
-0.943173
-5.07938
5.90121

0.241582
0.228171
0.943173
0.854076
0.00347758

-0.576636
0.779023
0.246199
0.189534
0.021523

-0.136055
-0.838366
0.527855
0.247723
0.0509822

0.136055
0.838366
-0.527855
-0.337382
0.161084

0.378502
0.867564
-0.322596
-3.49916
2.70085

-0.378502
-0.867564
0.322596
0.798769
0.00540692

-0.205199
-0.374809
0.904108
0.936723
0.000906161

0.284536
-0.703545
0.651202
0.932393
0.000757223

-0.504162
-0.801538
-0.321493
0.339981
0.0258442

0.504162
0.801538
0.321493
0.31662
0.0277056

-0.905726
0.355388
-0.230997
0.532243
0.00939965

0.905726
-0.355388
0.230997
0.495571
0.01093

-0.282097
0.745339
-0.604062
0.8303
0.00118767

-0.292045
0.794817
0.531954
0.203141
0.0517892

0.292045
-0.794817
-0.531954
-0.0609013
0.0917814

-0.948332
0.00190387
0.317274
0.212519
0.0415074

0.948332
-0.00190387
-0.317274
0.271927
0.0354843

-0.0701336
0.855518
0.513001
-1.23295
0.34632

0.0701336
-0.855518
-0.513001
0.876376
0.00106269

-0.258379
0.478454
0.839239
0.889994
0.000766128

0.701307
-0.493953
-0.513983
-1.98172
1.17505

-0.701307
0.493953
0.513983
0.425295
0.0436614

0.248956
0.0445649
0.967489
-4.22354
8.412

-0.248956
-0.0445649
-0.967489
-1.15871
1.43669

0.855338
0.51807
0
0.816021
0.00214399

-0.855338
-0.51807
0
-0.121881
0.0609423

0.363928
-0.509397
-0.77979
-1.15882
0.440425

-0.363928
0.509397
0.77979
0.59891
0.0153244

0.158377
-0.0516022
0.986029
0.457275
0.0498077

0.906574
-0.422046
0
0.933806
0.00283944

-0.814502
0.0314279
0.579309
-0.700348
0.282563

0.814502
-0.0314279
-0.579309
0.341689
0.0424378

0.476384
0.24372
0.844783
-1.83901
1.00251

-0.476384
-0.24372
-0.844783
0.47062
0.0350453

0.883876
-0.172101
0.434907
0.339884
0.0651041

-0.883876
0.172101
-0.434907
-2.34186
1.66818

-0.211852
-0.819479
0.532515
-0.275988
0.0876858

0.211852
0.819479
-0.532515
0.787967
0.00243128

0.809705
0.016132
-0.586615
-2.12055
1.21556

-0.809705
-0.016132
0.586615
0.561171
0.0241179

-0.961644
-0.274301
0
0.670845
0.00585097

0.961644
0.274301
0
0.149825
0.0363051

-0.0201494
0.954708
-0.296862
0.0335343
0.0626779

0.0201494
-0.954708
0.296862
0.418226
0.0227242

0.478757
0.416162
0.773046
0.886828
0.00239024

-0.478757
-0.416162
-0.773046
-6.651
10.9127

-0.283192
-0.173782
-0.943187
-1.32821
0.562234

0.283192
0.173782
0.943187
0.544519
0.0215407

0.801137
-0.342186
0.491008
0.533779
0.00758564

-0.801137
0.342186
-0.491008
0.67052
0.00379315

-0.129812
-0.297098
0.945982
0.943329
0.000268042

0.923406
-0.3833
-0.0200546
0.996222
1.63792e-06

0.134394
0
0.990928
0.87618
0.00124298

-0.369584
0.101313
-0.923657
-3.16701
1.91671

0.369584
-0.101313
0.923657
0.895427
0.00122042

-0.0232341
-0.297829
0.954337
0.977024
0.000379016

0.0232341
0.297829
-0.954337
-36.6863
1015.87

0.237518
0.121078
-0.963808
0.0953172
0.033507

0.172677
0.669863
-0.722126
-1.04001
0.386307

-0.172677
-0.669863
0.722126
0.57555
0.0168307

-0.707114
-0.7071
0
0.791425
0.165171

0.176385
0.385895
-0.905524
-1.99848
1.33815

-0.176385
-0.385895
0.905524
0.204256
0.0943164

-0.0931833
0.196847
-0.975996
-6.62803
10.898

0.0931833
-0.196847
0.975996
0.880812
0.00267777

0.498594
-0.186906
0.846446
0.92437
0.00178698

-0.498594
0.186906
-0.846446
-13.403
64.5094

0.480963
0.604647
0.634883
0.324041
0.0417766

-0.480963
-0.604647
-0.634883
-0.488372
0.202432

-0.764127
-0.0865561
0.639232
0.744168
0.00515644

0.764127
0.0865561
-0.639232
-1.03653
0.326535

-0.0781491
0.65568
0.750984
-1.37422
0.471361

0.0781491
-0.65568
-0.750984
0.7846
0.00389665

0.976663
0.214777
0
0.233427
0.023068

-0.976663
-0.214777
0
0.805464
0.00181405

0.537432
-0.775998
-0.330143
0.113922
0.0527914

-0.537432
0.775998
0.330143
0.352943
0.0281634

-0.696466
0.112768
0.708673
0.711706
0.0157467

0.696466
-0.112768
-0.708673
-5.36839
7.67926

0.209262
-0.218716
-0.953086
-3.38326
1.95442

-0.209262
0.218716
0.953086
0.955051
0.00020603

-0.168344
-0.169449
0.971055
0.950031
0.0001826

-0.685492
0.192708
0.702114
0.173138
0.0233463

0.685492
-0.192708
-0.702114
0.871565
0.000564584

-0.288029
0.288556
0.913113
0.678549
0.0141306

-0.610765
-0.0423718
0.790678
0.820332
0.000460159

0.610765
0.0423718
-0.790678
0.856499
0.000293771

-0.419386
0.189206
0.887872
0.57555
0.0168854

0.419386
-0.189206
-0.887872
-1.04001
0.3863

-0.18623
0.78687
0.588348
0.552765
0.00600179

0.18623
-0.78687
-0.588348
0.752199
0.00184839

0.0476811
0.660055
0.749703
0.533612
0.0443704

-0.0476811
-0.660055
-0.749703
-5.04438
7.45096

0.0865673
-0.110984
0.990045
0.589447
0.0131258

-0.0865673
0.110984
-0.990045
-0.544194
0.183132

-0.275392
-0.336362
-0.900566
0.096658
0.04267

0.275392
0.336362
0.900566
0.722243
0.00558365

-0.399151
0.168209
0.901323
0.868437
0.000498738

-0.553359
0.377692
0.74239
0.926444
0.0017038

0.415351
-0.11606
-0.902227
-10.6463
37.0119

-0.415351
0.11606
0.902227
0.870955
0.00456001

-0.230074
-0.512654
0.827195
0.961466
0.000325329

-0.0253837
0.439493
0.897887
0.322514
0.060418

0.0253837
-0.439493
-0.897887
-1.70997
0.966592

0.456728
-0.104738
-0.883419
-0.710177
0.359519

-0.456728
0.104738
0.883419
-0.112234
0.152078

-0.826587
-0.474565
-0.302558
-6.50884
14.4957

0.826587
0.474565
0.302558
0.387035
0.0966284

0.526543
0.226469
-0.819429
-8.70179
23.069

-0.526543
-0.226469
0.819429
0.817229
0.00820571

-0.13792
-0.293545
0.945944
0.638089
0.00538054

0.13792
0.293545
-0.945944
0.416024
0.0140067

-0.419923
0.880066
-0.221693
-1.35496
0.56723

0.419923
-0.880066
0.221693
0.572782
0.0186783

-0.257592
0.539257
0.801778
0.807825
0.00277427

0.257592
-0.539257
-0.801778
-1.12005
0.335541

0.73059
0.435385
-0.526002
-5.1787
7.54866

-0.73059
-0.435385
0.526002
0.613831
0.0295484

0.377666
-0.670192
-0.638914
0.799393
0.00211438

-0.377666
0.670192
0.638914
-0.253796
0.0821814

0.217331
-0.936417
0.275482
0.815817
0.0180439

-0.217331
0.936417
-0.275482
-22.6572
297.546

-0.861304
0.122612
-0.493074
-1.96491
0.916662

0.861304
-0.122612
0.493074
0.728765
0.00826653

-0.032573
-0.870016
0.491946
0.304725
0.0915722

0.032573
0.870016
-0.491946
-3.64002
4.07742

0.380263
0.923625
0.0481247
0.900823
0.00108174

-0.380263
-0.923625
-0.0481247
-3.18303
1.9204

0.725748
0.687961
0
0.374626
0.0527729

-0.725748
-0.687961
0
-1.93579
1.16054

0.121349
0.702319
0.701443
-0.131204
0.072223

-0.121349
-0.702319
-0.701443
0.69736
0.00523628

0.0530002
-0.224121
0.973119
0.531917
0.0304571

-0.0530002
0.224121
-0.973119
-2.5399
1.74163

-0.216165
0.572363
-0.790995
-7.69298
21.8134

0.216165
-0.572363
0.790995
0.369887
0.114619

-0.845415
0.447283
-0.29191
-0.114997
0.0716286

0.075528
-0.313176
0.946687
0.480156
0.0249144

-0.075528
0.313176
-0.946687
-0.792923
0.295763

-0.454238
0.599191
0.659271
0.704402
0.00453545

0.80044
-0.270796
-0.534758
-0.204695
0.0700565

-0.80044
0.270796
0.534758
0.840333
0.00162403

0.438157
0.590049
0.67813
-0.123044
0.0417207

-0.438157
-0.590049
-0.67813
0.952101
8.88119e-05

0.524446
-0.489905
0.696383
0.705777
0.0199521

-0.524446
0.489905
-0.696383
-7.10955
15.1416

0.429647
0.902997
0
0.334436
0.0329322

-0.372285
-0.73701
-0.56411
-0.026052
0.104317

0.372285
0.73701
0.56411
-0.221088
0.147699

-0.344177
0.218036
-0.913237
0.459903
0.133068

0.344177
-0.218036
0.913237
-15.3379
121.521

-0.687069
-0.62939
-0.363048
-1.34042
0.622611

-0.0479818
-0.943915
-0.326685
-2.3936
1.94585

0.0479818
0.943915
0.326685
0.0920794
0.139322

-0.455012
-0.309832
-0.834846
0.449314
0.0158508

0.455012
0.309832
0.834846
0.378327
0.0201664

0.455237
-0.577683
-0.677526
-0.591357
0.309783

-0.455237
0.577683
0.677526
-0.195287
0.174853

0.746394
-0.291418
0.598307
-0.707828
0.184695

0.530911
0.112117
0.839978
0.64536
0.00967214

-0.530911
-0.112117
-0.839978
-0.648863
0.206482

-0.439774
0.407258
0.800462
-0.650295
1.23516

0.439774
-0.407258
-0.800462
-10.156
56.4411

0.796216
-0.163144
-0.582601
-0.586403
0.176138

-0.796216
0.163144
0.582601
0.704063
0.0069411

-0.91857
0.207076
0.336674
0.194042
0.0573145

0.91857
-0.207076
-0.336674
-0.2165
0.130533

-0.288267
-0.83489
-0.468894
-0.196723
0.159044

0.288267
0.83489
0.468894
-0.318382
0.192993

-0.512835
0.62364
-0.589978
-1.08436
0.331801

0.512835
-0.62364
0.589978
0.782062
0.00363567

-0.583838
0.0177553
-0.811676
-8.65423
23.0235

0.583838
-0.0177553
0.811676
0.802976
0.00960851

-0.949913
-0.312515
0
-0.112234
0.152177

0.949913
0.312515
0
-0.710177
0.359569

-0.157518
0.147204
0.976483
-3.93386
5.189

0.157518
-0.147204
-0.976483
0.116868
0.166673

0.59164
0.0706229
0.803103
0.733064
0.0390282

-0.59164
-0.0706229
-0.803103
-22.2532
295.964

-0.738019
-0.397369
-0.545368
-0.697811
0.26188

0.738019
0.397369
0.545368
0.451034
0.0274465

-0.166005
-0.612913
-0.772515
-0.677994
0.209313

0.166005
0.612913
0.772515
0.677562
0.00782391

-0.574483
0.669282
0.471201
0.42346
0.0204275

0.574483
-0.669282
-0.471201
0.175199
0.0417593

0.406081
0.137359
-0.903455
-1.18303
0.372405

-0.406081
-0.137359
0.903455
0.789745
0.00354952

-0.693203
-0.320491
0.645566
0.47062
0.0348862

0.693203
0.320491
-0.645566
-1.83901
1.003

-0.495311
0.1215
-0.860177
-1.88271
0.719611

0.495311
-0.1215
0.860177
0.863226
0.00162231

-0.34282
0.633346
0.693792
0.33724
0.0408958

0.160402
0.15909
-0.974146
-35.0423
1008.31

-0.160402
-0.15909
0.974146
0.81611
0.0262541

0.189015
0.607417
0.771568
0.724166
0.0264033

-0.189015
-0.607417
-0.771568
-12.5159
63.1581

0.685082
0.0331908
-0.72771
0.187186
0.0464586

-0.685082
-0.0331908
0.72771
0.220027
0.0427803

-0.606561
-0.626702
0.489211
0.32511
0.0341547

0.606561
0.626702
-0.489211
-0.0442548
0.0816869

0.214573
0.636582
0.740757
0.660924
0.0243977

-0.214573
-0.636582
-0.740757
-6.03685
10.5026

0.0704769
-0.535622
0.841512
0.912048
0.000518772

0.291179
-0.422531
-0.858302
-0.238678
0.118534

-0.291179
0.422531
0.858302
0.418468
0.0262653

0.359527
0.43545
0.825302
0.825376
0.00404907

-0.359527
-0.43545
-0.825302
-3.61863
2.82027

0.0814644
0.872376
0.482
0.570925
0.0153949

-0.0814644
-0.872376
-0.482
-0.71631
0.245588

-0.832759
0.226378
0.505238
0.928207
0.000935074

0.398466
0.158871
0.903319
0.618075
0.0178772

-0.81605
0.210083
-0.53845
-0.613959
0.17824

0.81605
-0.210083
0.53845
0.732042
0.00555662

0.502163
-0.200771
-0.841144
0.787134
0.00103642

-0.502163
0.200771
0.841144
0.700729
0.00203542

-0.0429171
0.0882965
0.995169
0.968469
0.000721514

0.0429171
-0.0882965
-0.995169
-36.529
1015.39

0.52466
-0.168851
0.834399
0.753925
0.00469165

-0.52466
0.168851
-0.834399
-0.967434
0.29404

-0.0405726
0.927902
-0.370611
0.23365
0.0543561

-0.0459615
-0.848286
-0.527541
-4.88447
7.32203

0.0459615
0.848286
0.527541
0.425344
0.0699167

-0.353226
0.0935502
0.930849
0.921986
0.000918471

-0.269474
0.759546
-0.592008
-0.472935
0.108074

0.269474
-0.759546
0.592008
0.885418
0.000659682

-0.4275
-0.104038
0.898009
0.476889
0.0432971

0.4275
0.104038
-0.898009
-3.05946
2.60588

0.577152
0.637337
0.510585
-0.767848
0.176292

-0.577152
-0.637337
-0.510585
0.891071
0.000685635

-0.33341
-0.345058
0.877367
0.854016
0.00227711

0.33341
0.345058
-0.877367
-2.56895
1.32154

0.276151
-0.0602511
0.959224
0.958443
0.000334557

0.876539
0.117289
-0.466822
-0.441114
0.161851

-0.876539
-0.117289
0.466822
0.521424
0.0178919

-0.65665
-0.275217
-0.702187
0.312379
0.0310784

-0.323675
-0.681702
-0.656138
-0.49279
0.139899

0.323675
0.681702
0.656138
0.763153
0.00437381

0.108279
0.00952218
-0.994075
0.943505
0.000525673

0.85774
0.514083
0
0.236789
0.0420006

-0.85774
-0.514083
0
0.133993
0.0540399

0.448985
0.325196
0.832262
-0.373045
0.137513

-0.448985
-0.325196
-0.832262
0.56556
0.0138928

-0.223636
0.735518
-0.639532
-0.435757
0.112663

0.223636
-0.735518
0.639532
0.82928
0.00163059

0.218864
0.756151
0.616712
-0.430254
0.568501

-0.218864
-0.756151
-0.616712
-4.72102
9.09202

-0.737817
0.0482311
0.673275
0.305963
0.0238404

0.737817
-0.0482311
-0.673275
0.561494
0.00956179

-0.194837
0.466029
0.86305
0.864702
0.000144436

0.359353
0.201465
-0.911196
0.980012
9.45449e-05

-0.258232
0.804539
0.534821
-3.23007
1.92803

0.258232
-0.804539
-0.534821
0.915727
0.00079085

0.539887
-0.7724
0.334545
0.198618
0.0165306

-0.539887
0.7724
-0.334545
0.949257
6.66392e-05

0.848722
0.303798
0.432871
0.351743
0.0229523

-0.848722
-0.303798
-0.432871
0.411093
0.0189435

0.369956
0.32764
0.869359
0.892953
0.0086855

-0.369956
-0.32764
-0.869359
-35.6364
1011.57

0.339579
0.342918
0.875839
0.708624
0.011427

0.0882379
-0.142143
0.985905
0.934241
0.00116157

-0.0882379
0.142143
-0.985905
-10.9845
37.2882

-0.965553
-0.0193266
-0.259486
0.874383
0.000557905

0.965553
0.0193266
0.259486
0.140393
0.0257587

-0.124275
-0.17358
0.976947
0.960315
5.07002e-05

0.769988
0.495894
0.401507
0.286253
0.0279232

-0.453285
-0.333979
0.826432
-0.704406
0.330691

0.453285
0.333979
-0.826432
0.0594509
0.100878

-0.110662
0.795925
0.595196
0.951977
0.000260445

0.544527
0.268569
0.794582
0.907037
0.00275805

-0.544527
-0.268569
-0.794582
-13.294
64.3614

-0.716489
-0.412504
-0.562569
-0.510492
0.235741

0.716489
0.412504
0.562569
0.120278
0.0800342

-0.399753
0.829977
-0.389019
0.642898
0.00470412

0.399753
-0.829977
0.389019
0.517168
0.00859579

-0.172206
0.900428
-0.399469
-0.621123
0.12899

0.172206
-0.900428
0.399469
0.920398
0.000318407

-0.904795
0.338161
-0.25883
0.274509
0.0450034

0.904795
-0.338161
0.25883
-0.253174
0.13424

0.347915
-0.848605
-0.398528
0.810702
0.00229293

-0.0275605
0.927522
0.372751
0.122987
0.0757759

0.0275605
-0.927522
-0.372751
-0.388069
0.189751

-0.306163
-0.951979
0
-2.62035
1.76817

0.306163
0.951979
0
0.597741
0.02196

0.800206
-0.151982
0.580148
0.660653
0.00702816
