
-0.404574
-0.631514
0.661445
0.620372
0.00658244

-0.735067
-0.465802
0.492651
0.917033
0.0003444

0.735067
0.465802
-0.492651
-0.569939
0.119133

0.0399846
-0.242456
0.969338
0.994896
1.4441e-06

-0.0399846
0.242456
-0.969338
-0.297787
0.0460844

0.497828
0.851472
0.16481
0.963133
6.06914e-05

-0.497828
-0.851472
-0.16481
-0.727954
0.132997

-0.193267
0.730149
0.655386
0.526396
0.0369609

0.193267
-0.730149
-0.655386
-3.48382
3.31251

-0.520369
-0.10644
-0.847282
-0.501772
0.218686

0.520369
0.10644
0.847282
0.233794
0.0570901

0.305713
0.781336
0.544108
0.188486
0.0665404

-0.305713
-0.781336
-0.544108
-0.543904
0.24059

-0.759016
-0.127655
0.638435
-0.212612
0.297241

0.759016
0.127655
-0.638435
-2.79567
2.91184

0.128585
-0.573998
0.808697
0.46797
0.0094181

-0.128585
0.573998
-0.808697
0.748167
0.00211349

-0.314312
0.861686
0.398377
0.833744
0.00177316

-0.122977
-0.474263
0.871752
-0.901444
0.336107

0.122977
0.474263
-0.871752
0.516251
0.0220517

0.126798
-0.597372
-0.791877
0.984844
1.86271e-05

-0.943807
0.330498
0
0.893917
0.0049833

0.943807
-0.330498
0
-7.69387
14.8222

-0.231402
-0.21457
0.948901
0.472317
0.0536918

0.231402
0.21457
-0.948901
-4.34226
5.49644

0.651677
0.347311
0.674309
0.471906
0.0164466

-0.651677
-0.347311
-0.674309
0.174851
0.0401208

-0.479271
0.0659671
0.875184
0.872774
0.000559034

0.307054
-0.539321
0.784124
0.116868
0.166571

-0.307054
0.539321
-0.784124
-3.93386
5.1905

0.283144
-0.837939
0.46657
0.204946
0.0650461

-0.283144
0.837939
-0.46657
-0.622555
0.270855

0.615
0.41382
0.671213
0.423367
0.0279157

-0.615
-0.41382
-0.671213
-0.431785
0.171524

0.269987
0.0495266
0.961589
0.952675
0.000571985

-0.0607529
0.439511
0.89618
0.798693
0.0023431

0.0607529
-0.439511
-0.89618
-0.399973
0.11069

-0.33685
0.606733
0.720005
-1.30814
0.295237

0.33685
-0.606733
-0.720005
0.96927
5.2933e-05

0.615711
0.0341654
0.787231
-1.78172
0.568308

-0.615711
-0.0341654
-0.787231
0.931553
0.000350422

-0.798966
-0.0601362
-0.598362
0.738444
0.00545936

-0.705876
0.49956
-0.502175
-0.678999
0.417975

0.705876
-0.49956
0.502175
-0.678999
0.417975

0.851574
0.524235
0
0.921986
0.000643804

-0.851574
-0.524235
0
-0.579782
0.121055

-0.270656
-0.425536
-0.863518
-9.06799
23.3737

0.270656
0.425536
0.863518
0.907425
0.0019788

-0.808885
-0.029508
0.587225
0.707798
0.00945204

0.808885
0.029508
-0.587225
-2.11144
1.07101

-0.679201
-0.733952
0
0.89183
0.00149437

0.679201
0.733952
0
-0.953829
0.232355

0.716499
-0.268335
0.643914
0.564859
0.00971756

-0.716499
0.268335
-0.643914
0.258848
0.0280588

0.0731546
0.655927
0.751271
0.863612
0.00295399

-0.189472
0.529692
-0.826756
-4.53599
5.61989

0.189472
-0.529692
0.826756
0.601514
0.029273

-0.051247
-0.892138
0.448846
-1.3386
0.354748

0.051247
0.892138
-0.448846
0.92466
0.000377172

-0.215273
-0.713041
0.667256
0.26092
0.0501497

0.215273
0.713041
-0.667256
-0.39732
0.178918

0.713308
-0.505738
-0.485202
-0.00150466
0.0619364

-0.713308
0.505738
0.485202
0.541699
0.0130059

-0.876479
-0.0312279
-0.480427
-1.25265
0.498494

0.876479
0.0312279
0.480427
0.586248
0.016865

-0.827364
-0.077246
0.556329
0.0192552
0.105266

0.827364
0.077246
-0.556329
-0.532414
0.256833

0.912033
-0.410117
0
-3.27937
1.93595

-0.912033
0.410117
0
0.929887
0.000552385

0.248022
0.086586
-0.964877
-1.06875
0.615789

-0.248022
-0.086586
0.964877
-0.251479
0.225634

0.151007
-0.419047
0.895319
0.76188
0.00221717

-0.151007
0.419047
-0.895319
0.327484
0.0170829

0.810829
-0.205197
0.548133
0.286456
0.0552632

-0.810829
0.205197
-0.548133
-0.91914
0.399619

0.629115
-0.450253
-0.63363
-2.28773
1.26039

-0.629115
0.450253
0.63363
0.693989
0.0109362

-0.325379
0.456521
0.82808
0.711031
0.0146037

0.325379
-0.456521
-0.82808
-4.73403
5.73884

-0.326607
-0.738877
0.589397
0.933338
0.000198262

0.326607
0.738877
-0.589397
-0.376116
0.0787352

0.728663
-0.26968
0.629542
0.634205
0.00340529

-0.728663
0.26968
-0.629542
0.788998
0.00115474

0.248886
0.417249
-0.874048
-7.50148
15.453

-0.248886
-0.417249
0.874048
0.843696
0.00529534

0.785252
0.490423
-0.377975
-1.17901
0.585952

-0.785252
-0.490423
0.377975
0.186235
0.0817671

0.0685243
0.375115
0.924442
0.886837
0.00271288

-0.0685243
-0.375115
-0.924442
-7.66405
15.5597

-0.159872
0.306756
-0.938265
-0.381501
0.0964264

0.159872
-0.306756
0.938265
0.875556
0.00177256

0.469794
-0.882776
0
0.95441
0.0018451

0.262865
-0.879099
0.397602
-0.614811
0.290766

-0.262865
0.879099
-0.397602
0.0390306
0.10301

0.825364
0.0424362
0.563004
0.768308
0.00444446

-0.825364
-0.0424362
-0.563004
-1.24872
0.414864

-0.394951
0.72774
0.560722
0.722142
0.00656839

-0.197397
-0.961098
-0.193195
-0.325083
0.582845

0.197397
0.961098
0.193195
-6.81534
20.2742

0.487144
-0.465728
0.738775
0.397791
0.0531055

-0.487144
0.465728
-0.738775
-2.39687
1.68935

-0.202214
0.145986
0.9684
0.949188
0.000999248

0.202214
-0.145986
-0.9684
-17.343
126.43

0.511505
-0.0854519
-0.855021
-0.258987
0.197047

0.860715
0.0382637
0.507647
-0.704406
0.330625

-0.860715
-0.0382637
-0.507647
0.0594509
0.100749

0.283398
0.486849
-0.826235
-6.2943
10.6888

-0.283398
-0.486849
0.826235
0.772842
0.0104582

-0.688233
0.198685
0.697754
0.956636
0.000156878

0.913778
0.304275
-0.269121
0.664526
0.0133569

-0.913778
-0.304275
0.269121
-2.24707
1.25007

0.81131
-0.0560459
0.581923
-1.5067
0.810544

-0.81131
0.0560459
-0.581923
0.267576
0.0692255

0.415488
-0.0833873
0.905769
0.983864
1.27625e-05

-0.415488
0.0833873
-0.905769
-0.80948
0.135235

-0.369946
-0.0225983
0.928778
0.711514
0.00960615

0.27716
0.149296
0.949154
0.941807
0.00103743

-0.27716
-0.149296
-0.949154
-13.5273
64.646

0.952356
-0.0509941
-0.300695
0.768959
0.00219395

-0.952356
0.0509941
0.300695
0.203143
0.02599

0.950202
0.311635
0
0.729163
0.00256209

-0.950202
-0.311635
0
0.746918
0.00229852

-0.727094
-0.385415
-0.568145
-7.95842
15.7324

0.727094
0.385415
0.568145
0.945957
0.000573204

0.532063
-0.409606
0.741034
0.54617
0.00992759

-0.239738
-0.837201
0.491549
0.68492
0.0073491

0.239738
0.837201
-0.491549
-0.684933
0.209893

-0.443854
-0.478222
0.757824
0.543926
0.00885527

-0.562999
-0.256601
0.785613
-0.478156
0.400326

0.562999
0.256601
-0.785613
-1.79466
1.43003

-0.4502
0.0143564
0.892812
0.697122
0.0391396

0.4502
-0.0143564
-0.892812
-16.0369
123.821

0.75734
0.484309
-0.438041
0.462856
0.0162284

-0.764209
0.156384
0.625722
0.0145588
0.118692

0.764209
-0.156384
-0.625722
-0.863089
0.423858

-0.765339
-0.0879945
0.637584
0.426987
0.0529037

0.765339
0.0879945
-0.637584
-3.00231
2.57945

0.977486
-0.211001
0
0.805154
0.00188221

-0.977486
0.211001
0
-0.16652
0.0671202

-0.817306
-0.0888138
0.569318
0.97977
1.33984e-05

0.12781
0.990196
0.0563638
0.00164282
0.0784248

-0.12781
-0.990196
-0.0563638
0.209421
0.0491833

0.326252
0.806158
-0.493629
-1.7559
0.979817

-0.326252
-0.806158
0.493629
0.378204
0.0498968

0.0604366
0.947995
-0.312496
0.880368
0.000710574

-0.0604366
-0.947995
0.312496
-0.425882
0.100013

0.00213106
0.7828
-0.62227
-1.18828
0.487283

-0.00213106
-0.7828
0.62227
0.515395
0.0239868

0.822276
0.1567
-0.54709
0.430126
0.0137561

-0.822276
-0.1567
0.54709
0.606032
0.00659675

0.226519
0.815515
0.532563
-0.351842
0.127848

-0.226519
-0.815515
-0.532563
0.599769
0.0112553

-0.90142
-0.432945
0
-0.808338
0.136851

0.90142
0.432945
0
0.983638
0.000166847

-0.277181
-0.242667
-0.929669
0.445501
0.028956

0.306837
-0.279974
0.909652
0.910841
0.000865037

0.309446
-0.253314
-0.916556
0.257367
0.0362276

-0.309446
0.253314
0.916556
0.257367
0.0362276

0.69064
-0.243774
0.680874
0.479381
0.0143932

-0.103995
0.920132
0.377546
-0.728562
0.286642

0.103995
-0.920132
-0.377546
0.386512
0.0361408

-0.350994
0.0677911
0.933921
0.565352
0.0308256

0.350994
-0.0677911
-0.933921
-3.53681
3.33557

0.128916
-0.419017
0.89878
0.549615
0.00487954

-0.710062
0.317362
0.628564
0.687375
0.0104997

0.710062
-0.317362
-0.628564
-1.90817
0.908358

-0.438714
0.573567
0.691774
0.987902
0.000106882

0.438714
-0.573567
-0.691774
-36.9393
1016.26

-0.0448926
0.0316889
-0.998489
-30.5955
955.945

0.0448926
-0.0316889
0.998489
-0.560283
2.33125

-0.692827
0.036189
0.720195
0.44072
0.0219098

0.692827
-0.036189
-0.720195
-0.0665593
0.079373

-0.0683477
0.875765
-0.477875
0.907425
0.00198863

0.0683477
-0.875765
0.477875
-9.06799
23.3692

-0.466666
0.155555
-0.870646
-33.0736
990.323

0.466666
-0.155555
0.870646
0.394244
0.313271

-0.608948
0.694203
-0.38375
0.983816
1.80541e-05

-0.864566
-0.40183
-0.301759
-0.743991
0.24877

0.864566
0.40183
0.301759
0.604537
0.0128085

-0.561949
0.16631
0.81028
-0.13391
0.0882896

0.561949
-0.16631
-0.81028
0.504136
0.0169963

-0.116192
-0.213262
0.970061
0.885285
0.0012672

0.458668
-0.536001
0.70875
0.524551
0.0506124

-0.458668
0.536001
-0.70875
-5.78539
10.2809

-0.542856
0.755529
-0.366719
-0.229034
0.131819

0.542856
-0.755529
0.366719
0.222328
0.0528002

0.895576
0.302595
-0.326158
0.863306
0.00050119

-0.895576
-0.302595
0.326158
0.458962
0.00774737

-0.786935
-0.0438913
0.615472
0.82004
0.00235992

0.366836
-0.796641
0.480411
0.681258
0.0156696

-0.366836
0.796641
-0.480411
-3.71513
3.41979

0.839115
0.404134
-0.364089
-0.043951
0.0613498

-0.839115
-0.404134
0.364089
0.655937
0.00667594

-0.647649
0.377876
0.661635
0.823275
0.00187171

0.647649
-0.377876
-0.661635
-0.562001
0.142936

-0.588172
-0.808736
0
0.451463
0.0365565

-0.493711
-0.707919
0.505075
0.613832
0.00897643

-0.569
-0.0515518
0.82072
0.890957
0.00278894

0.224313
-0.838194
-0.497105
0.840876
0.00256282

-0.224313
0.838194
0.497105
-2.33632
1.11655

-0.254463
0.436458
-0.86299
-1.94224
1.71439

0.254463
-0.436458
0.86299
-0.655001
0.542768

0.988785
0.149347
0
-7.34518
15.3472

-0.988785
-0.149347
0
0.794659
0.00929247

-0.454381
0.88816
0.0686271
-0.0325327
0.442499

0.454381
-0.88816
-0.0686271
-10.9361
59.1329

-0.0983111
0.0470183
0.994044
-0.217246
0.219202

0.0983111
-0.0470183
-0.994044
-1.2184
0.726959

-0.513942
0.379193
0.769465
-0.00581455
0.123644

0.513942
-0.379193
-0.769465
-0.759164
0.370477

-0.0711673
-0.0666806
0.995233
0.81523
0.00670825

-0.347161
0.205906
-0.914922
0.829958
0.000925875

0.347161
-0.205906
0.914922
0.353832
0.0133555

-0.490945
0.55833
0.66876
0.518506
0.00922698

0.490945
-0.55833
-0.66876
0.581239
0.00698302

-0.697466
0.469243
-0.541619
-0.575435
0.245098

0.697466
-0.469243
0.541619
0.248902
0.0557805

-0.58811
-0.566387
0.577349
0.786942
0.0100849

0.58811
0.566387
-0.577349
-7.32261
15.3236

-0.777735
-0.628592
0
0.550574
0.247472

0.777735
0.628592
0
0.595116
0.228473

0.280145
-0.279031
-0.91851
-3.22947
2.67761

-0.280145
0.279031
0.91851
0.608235
0.0231572

0.509218
0.488021
-0.708896
0.285776
0.0610188

-0.509218
-0.488021
0.708896
-1.2445
0.601127

0.0605573
0.403923
0.912787
0.333165
0.0342899

-0.0605573
-0.403923
-0.912787
0.0969937
0.0602331

-0.167657
0.632608
0.756108
0.500272
0.02229

0.167657
-0.632608
-0.756108
-0.732707
0.266477

0.981998
0
0.188893
0.401456
0.0160721

0.255714
0.513287
0.819236
-0.292023
0.0885401

-0.255714
-0.513287
-0.819236
0.803311
0.00207426

0.421993
-0.611509
0.669312
0.736439
0.00609048

0.0629114
0.317871
0.946044
0.914185
0.00126162

-0.0629114
-0.317871
-0.946044
-5.95103
7.97264

0.959418
-0.233864
0.157557
-0.761476
0.250749

-0.959418
0.233864
-0.157557
0.624776
0.0113825

-0.472704
0.126828
0.872047
0.299925
0.0452713

0.472704
-0.126828
-0.872047
-0.475173
0.200821

0.469736
-0.0459755
-0.881609
-0.507627
0.126268

0.0843379
0.351405
-0.932417
-16.6652
125.299

-0.0843379
-0.351405
0.932417
0.847137
0.00946307

-0.384148
0.539595
0.749178
0.87108
0.00243573

-0.111697
-0.141037
0.983683
-2.04506
1.19389

0.111697
0.141037
-0.983683
0.490393
0.0335013

-0.559604
-0.27567
0.781569
0.810283
0.00651754

0.559604
0.27567
-0.781569
-5.60404
7.81396

-0.234199
-0.13308
-0.963037
-0.580572
0.0882662

0.234199
0.13308
0.963037
0.988343
6.44404e-06

-0.109191
0.686423
0.718958
0.808695
0.00194245

0.225157
-0.196463
0.95431
0.910621
0.000833159

-0.225157
0.196463
-0.95431
-2.94905
1.60267

-0.866678
-0.491513
0.0853533
-0.657672
0.269288

0.866678
0.491513
-0.0853533
0.312348
0.0463693

-0.390129
0.313938
-0.865588
-8.96071
23.2944

0.390129
-0.313938
0.865588
0.884479
0.00313648

-0.0364006
0.941867
0.334008
0.130022
0.0804325

0.0364006
-0.941867
-0.334008
-0.584323
0.265307

-0.444047
-0.120218
0.887902
0.877407
0.00778333

0.444047
0.120218
-0.887902
-23.0283
298.757

0.0846925
0.980058
0.179757
0.197588
0.0252462

-0.0846925
-0.980058
-0.179757
0.796225
0.00163119

-0.554847
0.565112
0.610568
0.582817
0.0121271

0.554847
-0.565112
-0.610568
-0.296905
0.116574

0.511529
-0.175894
0.84107
0.859575
0.00642079

-0.511529
0.175894
-0.84107
-13.0425
64.0572

-0.101998
-0.35864
-0.927887
-1.3143
0.55958

0.101998
0.35864
0.927887
0.529312
0.0231961

-0.301509
-0.539049
0.786459
-2.39913
1.12695

0.301509
0.539049
-0.786459
0.869584
0.00170644

0.364377
-0.268251
0.89178
0.931109
0.000773399

0.631021
0.775766
0
0.295089
0.0645771

-0.631021
-0.775766
0
-1.13206
0.520746

-0.645538
0.520678
-0.558726
0.532767
0.0185775

0.645538
-0.520678
0.558726
-0.686718
0.242053

0.271458
0.740883
0.614331
0.573391
0.0180775

-0.271458
-0.740883
-0.614331
-1.24042
0.496384

0.882085
0.277419
0.380743
0.951633
9.71921e-05

-0.490269
-0.342349
0.801519
0.570925
0.0154795

0.490269
0.342349
-0.801519
-0.71631
0.245649

-0.501631
0.00469344
0.865069
0.491947
0.00645407

0.501631
-0.00469344
-0.865069
0.877826
0.000415762

-0.829214
0.321266
0.457375
0.558303
0.0216309

0.829214
-0.321266
-0.457375
-1.6051
0.750809

0.288657
-0.534087
-0.794624
0.869713
0.00552949

-0.288657
0.534087
0.794624
-13.0918
64.1026

-0.132578
0.429503
0.893281
0.768949
0.00230502

0.132578
-0.429503
-0.893281
0.13739
0.0320004

0.61604
0.124807
0.777765
0.897738
0.00408784

-0.61604
-0.124807
-0.777765
-16.9535
125.924

0.12705
0.645835
-0.752832
0.274469
0.0492156

-0.12705
-0.645835
0.752832
-0.461624
0.199224

-0.2593
0.835641
-0.484219
0.11339
0.0485473

0.2593
-0.835641
0.484219
0.463653
0.0177965

-0.119655
-0.384964
-0.915142
0.402359
0.021853

-0.58154
-0.405376
0.705324
-2.72379
1.8017

0.58154
0.405376
-0.705324
0.673086
0.0139769

0.0436287
-0.0670012
-0.996799
0.962135
0.000176083

-0.0436287
0.0670012
0.996799
-3.14689
1.62725

-0.565801
0.755586
-0.330089
0.291505
0.0226709

0.565801
-0.755586
0.330089
0.649559
0.00555839

0.503732
-0.75432
0.421017
-0.336669
0.095763

-0.135488
0.852091
0.505553
0.63222
0.0483283

0.282368
-0.503431
0.816594
-0.0541956
0.163844

-0.282368
0.503431
-0.816594
-1.45591
0.887889

-0.382634
-0.550037
-0.742328
0.970471
0.000203316

-0.566039
0.0855716
0.819925
0.819177
0.00223159

0.566039
-0.0855716
-0.819925
-0.837182
0.223433

-0.457362
-0.638077
0.619417
0.391482
0.0284725

0.457362
0.638077
-0.619417
-0.183742
0.107481

-0.982267
-0.187487
0
-0.17021
0.0465303

-0.447726
0.0224588
0.893889
0.959805
0.00119227

0.201694
-0.216012
0.955332
0.780862
0.00972084

0.83015
0.469184
0.301194
-3.06994
1.8962

-0.83015
-0.469184
-0.301194
0.859127
0.00227931

0.0522512
-0.320774
0.945714
0.987677
2.40952e-05

0.0127022
-0.459129
0.888279
0.931748
0.000522596

0.0312501
0.640192
0.767579
0.844103
0.000948643

0.607317
-0.0418599
0.793356
0.235577
0.0596419

-0.607317
0.0418599
-0.793356
-0.639015
0.273466

0.397112
0.503608
0.767256
0.400772
0.0480521

-0.397112
-0.503608
-0.767256
-1.95915
1.16762

-0.583923
0.437942
0.68355
-0.28463
0.176035

0.583923
-0.437942
-0.68355
-0.133642
0.137096

-0.798593
-0.601871
0
-2.73016
1.5142

0.798593
0.601871
0
0.82281
0.00578946

0.62003
-0.536989
0.572018
0.837731
0.00203345

0.984404
-0.175922
0
-2.30604
0.97753

-0.984404
0.175922
0
0.906615
0.000799413

0.024226
0.235945
0.971465
0.985697
3.44481e-05

-0.0600901
-0.288144
0.9557
0.915868
0.0036316

-0.0185302
0.970239
-0.241441
0.0408853
0.0622183

0.0185302
-0.970239
0.241441
0.402216
0.0241774

-0.00162985
-0.483765
0.875196
0.952442
0.00167264

0.00162985
0.483765
-0.875196
-36.2852
1014.39

0.864766
0.43743
-0.246648
-0.0742915
0.129755

-0.864766
-0.43743
0.246648
-0.492218
0.250326

0.383881
-0.887173
-0.256047
0.693149
0.00471559

-0.383881
0.887173
0.256047
0.0754073
0.0427388

0.638049
0.111707
-0.76185
-5.14717
7.52353

-0.638049
-0.111707
0.76185
0.595847
0.0326552

0.763991
0.14731
-0.628186
0.3148
0.0148228

-0.672768
0.610757
0.417563
-1.34573
0.426277

0.672768
-0.610757
-0.417563
0.833578
0.00215102

-0.507415
-0.331701
0.795301
0.858157
0.00175353

-0.379193
0.658434
-0.650137
-1.25888
0.455527

0.379193
-0.658434
0.650137
0.69468
0.00839056

-0.0844369
-0.108864
0.990464
0.993366
9.15493e-06

-0.688949
0.575565
0.440539
-0.258983
0.197078

0.688949
-0.575565
-0.440539
-0.566282
0.304982

-0.147473
0.523121
0.839403
0.868373
0.00156637

-0.31542
-0.118282
0.941552
0.846758
0.00452101

-0.41725
-0.00459771
0.90878
0.176012
0.047171

0.41725
0.00459771
-0.90878
0.252049
0.0388783

-0.201898
0.513412
0.834053
0.859575
0.00376879

0.524521
0.0111789
0.851324
0.321489
0.0386411

-0.524521
-0.0111789
-0.851324
-0.276149
0.136566

0.761683
0.127684
0.635245
0.402061
0.116626

-0.761683
-0.127684
-0.635245
-9.38087
35.1098

-0.0374432
-0.957321
0.286592
-5.37389
7.68257

0.0374432
0.957321
-0.286592
0.714285
0.0154507

-0.368694
-0.386241
-0.845507
-1.35553
0.325046

0.368694
0.386241
0.845507
0.959804
0.000111952

-0.626256
-0.662755
-0.410561
-1.63297
0.680489

0.626256
0.662755
0.410561
0.707448
0.00842794

-0.94106
-0.173836
0.29015
-3.04558
2.21297

0.94106
0.173836
-0.29015
0.699089
0.0122575

0.595936
0.169653
-0.784906
-0.736065
0.214677

-0.595936
-0.169653
0.784906
0.735614
0.00498224

0.11595
0.543211
0.831551
0.894316
0.00355422

-0.351514
0.790265
-0.501915
-2.63892
1.77537

0.351514
-0.790265
0.501915
0.612015
0.0201884

0.551891
-0.725086
0.411905
0.498483
0.0207858

-0.551891
0.725086
-0.411905
-0.535898
0.194619

0.809603
-0.586977
0
-0.919561
0.699941

-0.809603
0.586977
0
-1.39777
1.0911

-0.222885
-0.471596
-0.853182
-5.45724
7.73358

0.222885
0.471596
0.853182
0.751739
0.0114581

0.421144
-0.732732
-0.534548
-1.53545
1.0236

-0.421144
0.732732
0.534548
-0.215219
0.235252

0.218412
0.121636
0.968246
0.950656
0.000767013

-0.0676377
-0.666699
0.742251
0.772005
0.00141665

0.0676377
0.666699
-0.742251
0.630235
0.00364859

0.252493
-0.544953
0.799546
-0.0812924
0.130951

-0.252493
0.544953
-0.799546
-0.466207
0.240414

-0.958313
0.00285754
-0.285706
0.927549
0.00163176

0.95222
0.305414
0
0.0192562
0.0736637

-0.95222
-0.305414
0
0.249115
0.0433613

-0.40949
0.59756
0.689376
-6.17171
18.926

0.40949
-0.59756
-0.689376
-1.07937
1.59113

0.318441
0.793897
0.517999
0.524551
0.0505604

-0.318441
-0.793897
-0.517999
-5.78539
10.2832

-0.290662
-0.677275
0.675881
0.714445
0.00229663

0.290662
0.677275
-0.675881
0.646237
0.00352388

-0.267581
-0.181167
0.94635
0.921804
0.000799355

0.267581
0.181167
-0.94635
-4.29744
3.62013

-0.567276
0.506042
-0.649708
0.87575
0.00267125

0.16831
-0.454866
-0.874511
0.797915
0.00248696

0.063961
-0.277255
-0.958665
-10.156
36.4179

-0.063961
0.277255
0.958665
0.735953
0.0204105

0.328193
0.293285
-0.897927
-0.972363
0.446349

-0.328193
-0.293285
0.897927
0.21324
0.0712544

-0.178132
0.669976
-0.720695
-0.386251
0.202734

0.178132
-0.669976
0.720695
-0.0184641
0.109516

0.242558
-0.544625
-0.802838
-0.526035
0.124529

-0.242558
0.544625
0.802838
0.864745
0.0010269

-0.106335
0.793283
-0.599495
0.804372
0.0127986

0.619154
0.78527
0
-0.264029
0.0747941

-0.619154
-0.78527
0
0.863773
0.000908131

-0.305277
-0.638784
0.70623
0.100811
0.0863162

0.305277
0.638784
-0.70623
-0.570133
0.262828

0.00445163
-0.0875984
0.996146
0.969024
0.000467709

-0.512503
0.494072
0.702306
0.273093
0.0806967

0.512503
-0.494072
-0.702306
-2.28245
1.64462

-0.437488
0.409097
-0.800777
0.969901
3.99164e-05

0.437488
-0.409097
0.800777
-0.704353
0.123854

0.440791
0.447176
-0.778292
-0.961108
0.293362

-0.440791
-0.447176
0.778292
0.748622
0.00484044

0.243249
0.342069
0.907644
0.532935
0.0215129

0.559746
-0.796862
0.227366
0.798388
0.00216661

-0.559746
0.796862
-0.227366
-0.286789
0.0882163

0.813911
0.346962
0.466011
-13.3274
64.4228

-0.813911
-0.346962
-0.466011
0.912553
0.0024115

-0.63399
-0.545499
0.548168
-0.0575836
0.107482

0.63399
0.545499
-0.548168
-0.118878
0.120299

-0.419386
0.189206
0.887872
0.57555
0.0168854

0.419386
-0.189206
-0.887872
-1.04001
0.3863

-0.160905
0.219619
0.962225
0.824866
0.00225885

0.160905
-0.219619
-0.962225
-1.14538
0.338111

-0.151178
-0.517889
0.841983
0.758427
0.00108455

0.151178
0.517889
-0.841983
0.826267
0.000566239

0.771832
-0.410666
0.485416
-1.39687
0.43174

-0.771832
0.410666
-0.485416
0.862702
0.0014191

-0.238246
-0.417284
0.876991
0.906106
0.000972298

-0.288671
0.604697
0.742301
-6.63676
8.12726

0.288671
-0.604697
-0.742301
0.999018
4.6555e-07

0.411134
-0.459061
-0.787548
-8.57616
22.9458

-0.411134
0.459061
0.787548
0.778246
0.012325

-0.176538
-0.738144
0.651135
0.731936
0.0086478

0.176538
0.738144
-0.651135
-2.56551
1.51854

-0.287919
0.6324
-0.719147
-1.02127
0.218562

0.654557
0.692408
0.303523
0.994981
3.3841e-06

0.288625
0.657361
-0.696112
0.850946
0.0017889

-0.288625
-0.657361
0.696112
-1.48121
0.484184

-0.171055
-0.735111
0.656012
-0.163073
0.0813992

0.477512
-0.405586
0.779411
0.710694
0.00309764

0.171665
-0.923346
-0.343459
0.0853492
0.0544229

-0.171665
0.923346
0.343459
0.419573
0.0219316

-0.127976
0.908666
-0.397427
-0.410517
0.180403

0.127976
-0.908666
0.397427
0.286728
0.0461655

-0.359306
0.0546161
-0.93162
-17.3779
126.55

0.359306
-0.0546161
0.93162
0.952885
0.000834532

0.838406
-0.545047
0
0.704593
0.0092767

-0.838406
0.545047
0
-1.93115
0.913188

-0.437818
0.8021
-0.406142
-0.333673
0.244972

0.437818
-0.8021
0.406142
-0.806019
0.44911

-0.212468
-0.0855993
0.973412
0.023236
0.172918

0.212468
0.0855993
-0.973412
-2.63294
2.39173

-0.908509
-0.166168
-0.383405
0.626015
0.0110392

-0.0484903
0.501209
-0.863966
0.00188005
0.0678664

0.0484903
-0.501209
0.863966
0.425577
0.0225892

-0.109789
-0.281052
0.953392
0.947989
0.00029864

0.104456
-0.924658
0.366192
0.369052
0.0134601

0.514654
-0.104253
-0.851036
0.937769
0.000484348

-0.514654
0.104253
0.851036
-3.96106
2.90488

-0.417866
-0.85343
0.311522
-1.92355
2.27785

0.417866
0.85343
-0.311522
-2.11449
2.58509

-0.375151
-0.459111
0.805282
0.912566
0.00391449

0.375151
0.459111
-0.805282
-23.2874
299.377

0.954856
0.0946798
-0.281578
-1.70728
5.52212

-0.954856
-0.0946798
0.281578
-17.6407
261.787

0.898264
-0.118476
-0.423185
0.444851
0.0173326

-0.77136
0.443566
0.456347
0.907026
0.000648008

0.77136
-0.443566
-0.456347
-0.742841
0.163734

-0.118728
-0.839437
0.530329
0.414726
0.0343849

0.118728
0.839437
-0.530329
-0.912536
0.366424

-0.386018
-0.192665
0.902148
0.711515
0.00963555

0.601478
0.176199
-0.779217
-0.786359
0.253594

0.329642
0.467895
0.820006
0.986998
8.56448e-05

0.297475
-0.635237
0.712729
0.222328
0.052909

-0.297475
0.635237
-0.712729
-0.229034
0.131927

0.623109
-0.532529
0.572842
0.670624
0.00796299

-0.623109
0.532529
-0.572842
-0.611798
0.189422

0.876178
0.355833
-0.325107
0.927346
0.000381138

-0.876178
-0.355833
0.325107
-1.65052
0.501171

0.315666
0.283035
-0.905675
-0.317047
0.0946515

-0.315666
-0.283035
0.905675
0.793229
0.00233538

0.273522
0.431877
-0.859458
-1.05634
0.479081

-0.273522
-0.431877
0.859458
0.283217
0.0584209

0.355746
-0.391005
-0.848858
0.42775
0.0143027

-0.546604
0.00321239
0.837385
0.711515
0.00971078

0.546604
-0.00321239
-0.837385
-2.31312
1.26589

0.777506
-0.555442
0.294905
-1.68352
0.76744

-0.777506
0.555442
-0.294905
0.631609
0.0144928

-0.633398
-0.439852
0.636661
0.535168
0.0205666

-0.933644
0.107201
-0.341786
0.815689
0.00287344

-0.408393
0.847195
-0.339818
-10.117
36.3608

0.408393
-0.847195
0.339818
0.722846
0.0226188

-0.387375
0.0630002
-0.919767
-3.20428
1.92437

0.387375
-0.0630002
0.919767
0.907726
0.000932169

0.296906
0.134598
0.945373
0.964233
0.000629865

0.554995
-0.811243
-0.184025
0.526536
0.0182327

-0.554995
0.811243
0.184025
-0.555401
0.196697

-0.744484
0.34491
-0.571647
0.982038
3.27069e-05

0.0207533
-0.972586
-0.231616
-9.4384
23.5645

-0.0207533
0.972586
0.231616
0.966084
0.00026679

-0.906147
-0.268841
0.32653
-0.792382
0.295684

0.906147
0.268841
-0.32653
0.479417
0.0249856

-0.533439
-0.225916
-0.81511
-2.7078
1.79637

0.533439
0.225916
0.81511
0.662091
0.0150448

-0.367138
0.914354
-0.170782
0.0576732
0.0640378

0.367138
-0.914354
0.170782
0.298599
0.0354817

-0.353943
-0.452651
-0.818433
0.600635
0.00559681

0.353943
0.452651
0.818433
0.605632
0.00545772

-0.369286
0.114495
0.922236
0.268619
0.086198

0.369286
-0.114495
-0.922236
-2.53988
2.01215

-0.766281
0.513767
0.385819
0.546503
0.0336486

0.766281
-0.513767
-0.385819
-3.5108
3.32542

-0.0781966
0.357604
0.930594
-0.808893
0.276134

0.0781966
-0.357604
-0.930594
0.596495
0.0140345

-0.351423
-0.249397
0.902387
-1.85171
2.22081

0.351423
0.249397
-0.902387
-2.3468
3.05858

0.351451
0.23384
-0.906532
-0.759714
0.202103

-0.351451
-0.23384
0.906532
0.808368
0.00248273

0.166679
0.615619
0.770215
0.838592
0.00559668

-0.166679
-0.615619
-0.770215
-7.48401
15.4527

0.864748
0.0698542
-0.497324
0.983309
2.40769e-05

0.589456
0.328992
0.737771
0.530972
0.0154786

-0.589456
-0.328992
-0.737771
-0.22298
0.104817

0.894427
0.447214
0
-0.92781
0.294147

-0.894427
-0.447214
0
0.77808
0.0723224

0.951546
-0.0203192
0.306833
-0.94468
0.214565

-0.951546
0.0203192
-0.306833
0.919468
0.000369409

0.0987629
-0.975607
0.196055
-0.158507
0.0945921

-0.0987629
0.975607
-0.196055
0.485109
0.0186864

-0.168884
-0.0327953
0.98509
0.210109
0.0149684

-0.348351
0.913764
0.209016
0.00448847
0.0615412

-0.00109949
0.182792
-0.983151
-6.77047
14.7966

0.00109949
-0.182792
0.983151
0.543333
0.0511691

-0.814804
-0.579736
0
-0.992891
0.379417

0.814804
0.579736
0
0.520403
0.0351693

0.638653
-0.531597
0.556351
0.833472
0.00133096

-0.638653
0.531597
-0.556351
-0.196834
0.0683963

-0.229944
0.968884
0.0915975
-0.301105
0.21841

0.229944
-0.968884
-0.0915975
-0.632109
0.343671

-0.0668878
0.99776
0
-1.98823
1.51942

0.0668878
-0.99776
0
-0.131629
0.218065

0.150397
-0.171247
0.973681
0.735098
0.0081142

-0.150397
0.171247
-0.973681
-2.34889
1.27417

-0.52502
-0.610675
-0.592816
-9.83982
35.9295

0.52502
0.610675
0.592816
0.618912
0.0444867

-0.366484
-0.893168
0.260653
0.410087
0.0145565

0.366484
0.893168
-0.260653
0.628586
0.00577602

-0.35958
0
0.933114
0.932713
0.00067367

-0.435694
0.108646
-0.893514
0.543058
0.0133328

0.435694
-0.108646
0.893514
-0.0595145
0.0715118

0.62572
-0.459359
0.630447
0.678193
0.0171349

0.499021
-0.656011
0.56624
0.480156
0.0249372

-0.499021
0.656011
-0.56624
-0.792923
0.295774

-0.391241
-0.920288
0
-0.0870364
0.169072

0.391241
0.920288
0
-1.28548
0.747347

-0.24257
0.168043
0.955469
0.0594509
0.100949

0.24257
-0.168043
-0.955469
-0.704406
0.330726

0.434286
-0.752429
-0.495223
0.70001
0.0158362

-0.434286
0.752429
0.495223
-4.71221
5.72627

-0.418995
-0.129855
0.898655
0.826985
0.00538707

0.418995
0.129855
-0.898655
-5.65068
7.83691

0.129645
-0.15262
0.979745
0.950728
0.00177523

-0.129645
0.15262
-0.979745
-36.2618
1014.6

0.196315
-0.904975
0.377466
0.908055
0.00328865

-0.196315
0.904975
-0.377466
-17.0212
126.031

-0.955851
0.0943891
-0.27828
0.808564
0.00298597

0.955851
-0.0943891
0.27828
-1.38963
0.464942

0.500546
0.129047
-0.856038
-1.13145
0.574549

-0.500546
-0.129047
0.856038
0.107591
0.10095

0.191079
-0.881369
0.432062
0.628906
0.0327665

-0.191079
0.881369
-0.432062
-6.93792
14.9741

-0.776354
0.244503
-0.580941
-0.748959
0.435283

0.776354
-0.244503
0.580941
-0.480311
0.311877

0.725376
-0.499643
-0.473483
-8.48873
22.8525

-0.725376
0.499643
0.473483
0.748541
0.0160827

-0.391894
-0.279353
0.876574
-1.02985
0.457715

0.391894
0.279353
-0.876574
0.304459
0.0539569

0.685084
-0.658425
-0.311667
0.0255315
0.0888463

-0.685084
0.658425
0.311667
-0.148681
0.12345

0.64119
0.642679
-0.419332
0.473288
0.0243554

0.322303
0.860602
0.394315
0.708625
0.0114433

-0.515056
-0.468779
0.71761
0.701179
0.00771358

0.515056
0.468779
-0.71761
-1.16601
0.404213

0.0915971
0.0865952
0.992024
0.939335
0.000731005

-0.0915971
-0.0865952
-0.992024
-7.91867
15.7125

-0.81685
-0.513823
-0.262188
0.963327
0.000659201

0.973253
0.0161194
0.229171
-0.40982
0.0992742

-0.973253
-0.0161194
-0.229171
0.869411
0.000855577

0.564112
-0.557432
-0.609136
0.970174
4.59075e-05

-0.564112
0.557432
0.609136
-0.504478
0.0868894

-0.843309
-0.53743
0
-0.791872
0.193771

0.628185
-0.616614
0.474522
0.644382
0.0040931

-0.628185
0.616614
-0.474522
0.622919
0.00460184

-0.78086
0.172015
0.600557
0.597741
0.0219133

0.78086
-0.172015
-0.600557
-2.62035
1.7686

0.435595
0.134181
-0.890086
-1.18624
0.341976

-0.435595
-0.134181
0.890086
0.850291
0.00167126

-0.0794487
0.221766
0.971858
0.988261
7.20831e-05

0.0794487
-0.221766
-0.971858
-24.2007
300.925

-0.0419558
0.429106
0.902279
0.821126
0.00627357

0.0419558
-0.429106
-0.902279
-6.42879
10.7832

-0.833345
0.0707393
0.548208
0.981523
5.005e-05

0.666876
-0.371778
-0.6458
-4.24794
4.41685

-0.666876
0.371778
0.6458
0.730971
0.0116236

0.0608838
0.178881
-0.981985
-1.05108
0.387937

-0.0608838
-0.178881
0.981985
0.587833
0.0158599

-0.618058
-0.537897
0.573298
0.643229
0.00696422

0.618058
0.537897
-0.573298
0.0404295
0.0500524

-0.221848
-0.444032
0.868113
0.851519
0.000751071

-0.350901
-0.320861
0.879725
0.735074
0.004779

0.350901
0.320861
-0.879725
-0.617062
0.177615

0.0391447
-0.0662282
0.997036
0.996815
1.1376e-06

-0.245196
-0.81086
-0.531399
-0.46189
0.118321

0.245196
0.81086
0.531399
0.82875
0.00163217

0.0643959
-0.950244
0.304778
0.369521
0.065312

-0.0643959
0.950244
-0.304778
-2.9405
2.55009

0.609766
-0.472622
-0.63625
-3.95088
4.26327

-0.609766
0.472622
0.63625
0.554421
0.034633

-0.385317
-0.741358
0.549472
-1.25264
0.737484

0.385317
0.741358
-0.549472
-0.149312
0.192001

0.718145
0.506349
-0.477367
-0.00268054
0.091456

-0.718145
-0.506349
0.477367
-0.0576181
0.10175

0.349299
-0.870053
-0.347847
0.512403
0.0317911

-0.349299
0.870053
0.347847
-2.27875
1.43501

-0.631602
-0.0291982
-0.774743
-12.7304
63.568

0.631602
0.0291982
0.774743
0.785462
0.015539

-0.828444
0.122492
0.546512
0.346709
0.0580674

0.828444
-0.122492
-0.546512
-1.91159
1.1532

-0.143096
-0.592185
0.792995
0.618074
0.0177262

0.143096
0.592185
-0.792995
-2.18742
1.23438

0.277035
0.017219
-0.960706
-1.28356
0.459016

-0.277035
-0.017219
0.960706
0.715661
0.007207

0.249977
-0.803905
-0.539674
0.757145
0.00131916

-0.249977
0.803905
0.539674
0.75088
0.00138696

-0.630365
0.31248
0.71063
0.580339
0.00730355

0.630365
-0.31248
-0.71063
0.477908
0.0113015

-0.502794
-0.513408
-0.695421
0.372424
0.0134213

0.502794
0.513408
0.695421
0.790498
0.00150602

-0.0359409
-0.448709
0.892955
0.867326
0.00118119

-0.239381
-0.903815
-0.354705
-0.837136
0.180035

0.239381
0.903815
0.354705
0.925667
0.000300235

-0.978511
-0.104123
-0.177973
0.236545
0.0371849

0.978511
0.104123
0.177973
0.31756
0.0297132

-0.324763
0.0850038
0.941968
0.494302
0.0281081

0.324763
-0.0850038
-0.941968
-1.40729
0.636915

-0.787269
-0.0353508
0.615595
0.541058
0.0579551

0.787269
0.0353508
-0.615595
-8.00094
22.2532

0.808699
0.0637928
-0.584753
-2.08399
1.20541

-0.808699
-0.0637928
0.584753
0.527783
0.0282822

-0.862845
0.362684
-0.352079
0.541404
0.011023

0.862845
-0.362684
0.352079
0.253488
0.0291731

0.452873
0.784523
-0.423592
-1.53006
0.816832

-0.452873
-0.784523
0.423592
0.29915
0.0627345

-0.619073
-0.0394136
0.784344
0.57784
0.0052462

0.54022
0.501093
0.676068
-0.149312
0.192013

-0.54022
-0.501093
-0.676068
-1.25264
0.737477

-0.363545
-0.321077
0.874497
0.753663
0.00715824

0.363545
0.321077
-0.874497
-2.60128
1.52845

-0.36415
0.666033
0.650995
0.698837
0.00687409

0.36415
-0.666033
-0.650995
-0.762787
0.23329

0.314983
0.427914
0.847157
0.722142
0.00658316

-0.314983
-0.427914
-0.847157
-1.19039
0.407447

0.23365
0.83465
-0.498766
0.474911
0.0183455

-0.23365
-0.83465
0.498766
-0.0225567
0.0693114

-0.81035
-0.430923
-0.397038
0.955168
5.32178e-05

-0.870229
-0.372213
0.322736
0.258912
0.0120865

0.424389
-0.168275
0.889706
0.632221
0.0360385

-0.424389
0.168275
-0.889706
-8.19451
22.5124

0.536006
-0.169945
0.826932
-4.16092
3.58336

-0.536006
0.169945
-0.826932
0.882072
0.00188305

0.973698
0.227843
0
-0.0498239
0.0971086

-0.973698
-0.227843
0
0.175213
0.062165

-0.488024
0.677494
-0.550305
-1.43794
0.643165

0.488024
-0.677494
0.550305
0.528016
0.0241769

-0.75725
0.147307
-0.636296
0.261864
0.0522669

0.357796
-0.67907
0.640972
0.712933
0.00777741

-0.357796
0.67907
-0.640972
-1.50927
0.594107

0.000773607
0.699697
0.714439
0.333009
0.0177845

-0.000773607
-0.699697
-0.714439
0.714538
0.00326325

-0.216924
-0.180769
0.959305
0.969352
0.000238647

-0.040135
0.90175
-0.430391
-0.375636
0.103208

0.040135
-0.90175
0.430391
0.812318
0.00192572

0.684117
-0.038858
0.728336
0.960081
0.000301437

-0.684117
0.038858
-0.728336
-1.41485
0.346117

0.53034
-0.750963
0.393439
0.581832
0.0105274

-0.650406
-0.524535
-0.549395
-0.700348
0.282558

0.650406
0.524535
0.549395
0.341689
0.0424286

-0.743038
0.534649
-0.402548
0.126923
0.0458823

0.743038
-0.534649
0.402548
0.483386
0.0160856

0.121023
-0.352789
-0.927843
-4.73403
4.60256

-0.121023
0.352789
0.927843
0.914025
0.0010365

-0.224102
0.554609
0.801366
0.892731
0.00591218

0.224102
-0.554609
-0.801366
-23.1356
299.068

-0.0415931
0.820751
0.569769
-0.60904
0.232502

0.0415931
-0.820751
-0.569769
0.420748
0.0301402

-0.2319
-0.744322
0.626264
-0.986847
0.348048

0.2319
0.744322
-0.626264
0.615824
0.0131446

-0.10459
0.708572
-0.697844
-4.21022
4.39933

0.10459
-0.708572
0.697844
0.711545
0.0134934

-0.959196
-0.244456
0.142071
0.892313
0.000540219

0.223322
-0.334675
-0.915489
-23.2594
299.404

-0.223322
0.334675
0.915489
0.909066
0.00420972

0.244094
0.228875
0.942356
0.936295
0.000299449

-0.969301
-0.245876
0
-0.144989
0.0683571

-0.0431657
-0.419769
0.906604
-8.65423
23.0086

0.0431657
0.419769
-0.906604
0.802976
0.00968001

-0.0892866
-0.892838
-0.441439
0.426987
0.0529271

0.0892866
0.892838
0.441439
-3.00231
2.57923

-0.887123
-0.440243
0.138562
-1.21077
0.315994

0.887123
0.440243
-0.138562
0.907397
0.000556268

0.00276047
-0.149065
0.988824
0.418468
0.0261067

-0.00276047
0.149065
-0.988824
-0.238678
0.118353

0.319074
0.94773
0
0.907669
0.000130289

-0.96764
-0.103493
0.230137
0.780519
0.00330994

0.96764
0.103493
-0.230137
-0.787242
0.219213

-0.899481
-0.0581402
-0.433075
0.960448
8.8246e-05

-0.280865
0.863033
-0.419867
0.192988
0.0166074

0.280865
-0.863033
0.419867
0.952385
5.90227e-05

-0.873329
0.151523
-0.462967
-1.5185
0.595526

0.873329
-0.151523
0.462967
0.720168
0.00738476

-0.675304
-0.224999
0.702381
0.879594
0.000885411

0.834097
-0.373521
-0.405911
-0.977929
0.651101

-0.834097
0.373521
0.405911
-0.794047
0.535683

-0.113519
-0.97899
-0.169384
-0.306825
0.167959

0.113519
0.97899
0.169384
0.0627291
0.0864727

-0.0905927
-0.510737
-0.85495
-1.06532
0.464563

0.0905927
0.510737
0.85495
0.356608
0.045282

-0.486655
0.790821
-0.371173
-0.0175772
0.245497

0.486655
-0.790821
0.371173
-4.38295
6.86798

-0.0772337
-0.430227
-0.899411
-2.13004
0.842501

0.0772337
0.430227
0.899411
0.904142
0.000791119

0.0620819
-0.459939
0.885777
0.927647
0.000784855

0.0343419
-0.306375
0.951291
0.189858
0.069946

-0.0343419
0.306375
-0.951291
-0.690308
0.303472

-0.199267
0.363325
-0.910103
-16.5123
124.969

0.199267
-0.363325
0.910103
0.815781
0.0139212

-0.813586
0.456314
0.360354
-0.941067
0.341703

0.813586
-0.456314
-0.360354
0.564472
0.0172297

0.250312
-0.8572
0.450057
0.616195
0.0048021

-0.250312
0.8572
-0.450057
0.650909
0.00397663

0.345221
-0.775593
0.528468
0.463545
0.023161

-0.345221
0.775593
-0.528468
-0.403789
0.158209

0.302414
-0.243141
-0.921644
-13.598
64.7085

-0.302414
0.243141
0.921644
0.950656
0.000740943

0.644717
0.466897
-0.605267
0.880812
0.000569173

-0.579131
0.68604
0.440404
0.504911
0.0236202

0.579131
-0.68604
-0.440404
-0.980355
0.377217

0.421514
-0.534015
0.732908
0.855117
0.00293676

0.682822
-0.557535
0.472132
0.952315
0.000115597

-0.682822
0.557535
-0.472132
-0.794848
0.154793

0.360817
-0.451177
0.816241
0.912789
0.000874178

0.927098
-0.199366
0.317399
0.635259
0.00799918

-0.927098
0.199366
-0.317399
-0.117018
0.0748813

-0.696255
-0.0589114
0.715373
-0.251479
0.225514

0.696255
0.0589114
-0.715373
-1.06875
0.615808

-0.633974
-0.773354
0
0.485108
0.0322757

0.633974
0.773354
0
-1.05957
0.42339

-0.662161
-0.128937
0.738186
0.739285
0.00535793

0.662161
0.128937
-0.738186
-0.380435
0.11812

0.742233
0.635338
0.213157
0.375361
0.0140955

-0.742233
-0.635338
-0.213157
0.754504
0.00217862

0.610935
-0.729117
-0.308458
0.788284
0.00450953

-0.610935
0.729117
0.308458
-2.05716
0.937891

0.477057
0.101653
-0.872974
0.194859
0.0207272

-0.477057
-0.101653
0.872974
0.889556
0.000390457

-0.634092
0.114973
-0.764662
-0.71631
0.245554

0.634092
-0.114973
0.764662
0.570925
0.0153488

0.157011
-0.975826
0.152023
0.0781994
0.0572597

-0.157011
0.975826
-0.152023
0.37802
0.0260699

-0.0129027
-0.546854
0.837128
0.780955
0.00386208

0.0129027
0.546854
-0.837128
-1.17093
0.371054

-0.0235843
0.89175
-0.451914
-0.485266
0.289388

0.0235843
-0.89175
0.451914
-0.485266
0.289388

-0.186027
-0.426701
-0.885054
0.998012
4.2199e-07

0.120734
-0.420443
-0.89925
0.0388526
0.0347669

-0.120734
0.420443
0.89925
0.874072
0.000597174

-0.259761
0.8112
0.523907
0.946436
0.000333165

0.259761
-0.8112
-0.523907
-1.59753
0.447147

-0.486182
-0.642601
0.592191
0.306679
0.0272292

0.486182
0.642601
-0.592191
0.412362
0.01958

-0.586872
0.767405
-0.258207
0.725695
0.00318536

0.586872
-0.767405
0.258207
0.247539
0.023916

-0.165688
-0.283701
-0.94449
0.250303
0.0382128

0.165688
0.283701
0.94449
0.220016
0.0413454

0.220807
0.597145
-0.771144
-3.80527
3.45625

-0.220807
-0.597145
0.771144
0.73154
0.01088

-0.854422
0.00412421
0.519563
0.2545
0.0173469

0.854422
-0.00412421
-0.519563
0.88072
0.000460647

0.60112
-0.415425
0.682699
0.892731
0.00196916

0.412052
-0.399621
-0.81885
0.0542423
0.0435527

-0.412052
0.399621
0.81885
0.723382
0.00372658

0.442047
0.221561
0.869198
-0.454952
0.120431

0.841938
0.114994
-0.527179
-0.728562
0.286631

-0.841938
-0.114994
0.527179
0.386512
0.0361217

0.701818
0.712356
0
-3.64002
3.91253

-0.701818
-0.712356
0
0.304725
0.103783

-0.505426
-0.0743928
0.859657
0.237196
0.0496978

0.505426
0.0743928
-0.859657
-0.191878
0.121028

-0.626498
-0.654572
0.423127
0.796338
0.00201815

0.626498
0.654572
-0.423127
-0.102371
0.0585937

-0.449781
0.428237
-0.783779
-0.399399
0.0885008

0.449781
-0.428237
0.783779
0.909479
0.000378275

0.270261
-0.853103
-0.44629
0.935872
0.000217477

-0.270261
0.853103
0.44629
-0.805146
0.166342

-0.258008
0.346145
-0.902007
-0.797759
0.190976

0.258008
-0.346145
0.902007
0.875116
0.000979487

0.734111
0.508628
0.449865
0.0636387
0.058181

-0.734111
-0.508628
-0.449865
0.411015
0.0230469

0.591887
0.576313
-0.563501
0.271772
0.0284801

-0.591887
-0.576313
0.563501
0.500049
0.013431

0.584854
-0.134388
-0.799928
0.978251
0.000117316

0.240987
0.56163
0.791516
0.682699
0.0101404

-0.240987
-0.56163
-0.791516
-1.60199
0.674722

-0.841502
-0.287363
0.457491
0.715644
0.00485084

0.841502
0.287363
-0.457491
-0.280364
0.097772

0.799266
0.125516
0.587724
0.975684
2.59664e-05

-0.799266
-0.125516
-0.587724
-0.725981
0.124438

0.373197
0.750213
0.545807
0.509625
0.0307861

-0.373197
-0.750213
-0.545807
-2.06483
1.19964

0.797467
0.16952
0.57906
0.463655
0.0518548

-0.797467
-0.16952
-0.57906
-3.82711
4.19232

-0.537726
-0.166144
0.826587
0.589236
0.0112351

0.0584772
0.818235
0.571902
-0.525809
0.193553

-0.0584772
-0.818235
-0.571902
0.483493
0.0222479

-0.448315
0.194337
-0.872495
0.998281
1.82667e-06

0.448315
-0.194337
0.872495
-18.1272
127.038

-0.106242
-0.136937
0.984866
0.799268
0.00386038

0.550547
-0.0488566
0.833373
0.935057
0.00160813

-0.550547
0.0488566
-0.833373
-17.2207
126.345

-0.235838
-0.933559
0.269903
0.543242
0.0164424

0.235838
0.933559
-0.269903
-0.509948
0.179532

-0.316265
0.63799
0.702101
0.724253
0.00420723

-0.326744
0.140886
0.934553
0.641946
0.0112883

0.326744
-0.140886
-0.934553
-1.01179
0.351398

-0.331086
0.0355368
0.942931
0.941976
0.000373179

-0.360758
0.309476
-0.879817
0.835345
0.00324038

-0.884948
-0.297236
-0.358494
-16.6652
125.361

0.884948
0.297236
0.358494
0.847137
0.009399

-0.145652
-0.308679
-0.939948
-6.12466
8.04157

0.145652
0.308679
0.939948
0.949688
0.000404013

-0.753848
0.387317
0.530753
0.447746
0.0177471

0.753848
-0.387317
-0.530753
0.224268
0.035003

-0.34134
0.93994
0
0.863293
0.00148454

0.34134
-0.93994
0
-1.50425
0.486761

0.760539
0.649293
0
0.807656
0.00578117

-0.760539
-0.649293
0
-1.30472
0.415897

-0.218133
-0.0673228
0.973594
0.963725
0.000225592

0.218133
0.0673228
-0.973594
-7.04143
11.0757

-0.490398
-0.804756
-0.33448
0.579176
0.0229601

0.0982034
-0.124043
0.987405
0.978998
3.93259e-05

-0.0549628
-0.583555
0.810212
0.907037
0.00275941

-0.277768
-0.680972
-0.677585
-22.9057
298.322

0.277768
0.680972
0.677585
0.858547
0.0104845

0.57031
-0.0455654
0.820165
-0.598536
0.164954

-0.57031
0.0455654
-0.820165
0.768642
0.00347571

-0.277219
0.283967
0.917885
0.820317
0.00322426

0.277219
-0.283967
-0.917885
-0.511347
0.134378

-0.015051
0.121253
0.992508
0.988227
4.98008e-05

0.015051
-0.121253
-0.992508
-17.8375
126.985

-0.0649982
0.997885
0
0.722063
0.00343018

0.0649982
-0.997885
0
0.647291
0.00501325

-0.657171
-0.232566
0.716966
0.25984
0.0391219

0.479571
0.672842
-0.56329
-0.294182
0.0986381

-0.479571
-0.672842
0.56329
0.731418
0.00428959

-0.345084
-0.527071
0.776604
0.682838
0.00434044

0.345084
0.527071
-0.776604
0.300728
0.0210213

-0.922483
0.386038
0
0.0212079
0.0277557

-0.357341
-0.262418
0.896351
0.52602
0.0121859

-0.395724
-0.408174
0.822676
-0.830249
0.192912

0.395724
0.408174
-0.822676
0.893579
0.000653375

-0.690957
-0.144699
-0.708266
0.936402
0.000211291

0.690957
0.144699
0.708266
-0.65584
0.130493

0.599972
0.606801
0.521369
-0.0223577
0.0439334

-0.41418
-0.120886
0.902132
0.595685
0.0105838

0.41418
0.120886
-0.902132
-0.155413
0.0853628

-0.142266
0.60092
-0.786546
-2.18897
0.848898

0.142266
-0.60092
0.786546
0.925071
0.00049638

-0.239992
-0.157528
-0.957909
-0.485266
0.289555

0.239992
0.157528
0.957909
-0.485266
0.289555

0.118175
0.746384
-0.65494
-0.39369
0.147776

-0.118175
-0.746384
0.65494
0.525758
0.0171314

-0.339242
0.259624
-0.904163
0.661107
0.0117398

0.670101
0.094547
0.736224
0.530435
0.00713255

-0.670101
-0.094547
-0.736224
0.72261
0.00249141

0.167769
0.663339
0.72927
0.71267
0.00873597

-0.0421187
0.608968
0.792076
0.624529
0.00432204

0.241408
-0.382855
0.891709
0.381415
0.00644772

0.268078
0.540841
-0.797261
-1.07486
0.33075

-0.268078
-0.540841
0.797261
0.774852
0.0039727

0.468338
-0.62632
0.623204
0.678192
0.0171335

0.518787
0.335802
0.786191
0.168095
0.0176105

-0.252036
-0.392091
-0.884727
-0.0153549
0.0599173

0.252036
0.392091
0.884727
0.611683
0.00879247

0.628061
-0.290249
0.722008
0.920432
0.000316018

-0.628061
0.290249
-0.722008
-0.494102
0.102947

-0.201825
-0.263234
-0.943385
-1.27489
0.24671

0.201825
0.263234
0.943385
0.991548
3.6921e-06

-0.522598
-0.188042
0.831584
0.874444
0.00130132

0.522598
0.188042
-0.831584
-1.76843
0.631117

0.83175
0.52032
0.193544
0.915576
0.000326561

-0.773472
-0.426088
-0.469244
-1.06738
0.258495

0.773472
0.426088
0.469244
0.913029
0.000639673

-0.254077
-0.922367
0.291005
0.669406
0.00404077

0.254077
0.922367
-0.291005
0.486453
0.00972459

-0.253295
0.94056
-0.226247
-0.574961
0.331834

0.253295
-0.94056
0.226247
-0.456145
0.283658

0.185953
-0.918172
0.349831
0.865913
0.00379176

-0.791128
0.308623
0.528079
-0.682014
0.182795

0.791128
-0.308623
-0.528079
0.793347
0.0027902

-0.0875574
0.550179
0.830444
0.835941
0.00376998

-0.914172
-0.405327
0
0.821161
0.00342338

0.310254
-0.269999
0.911506
0.100324
0.0911942

-0.310254
0.269999
-0.911506
-0.724826
0.334381

-0.474668
0.326709
0.817283
0.792605
0.00273518

0.474668
-0.326709
-0.817283
-0.625971
0.166981

-0.146058
0.0142936
-0.989173
-1.01861
0.21844

0.146058
-0.0142936
0.989173
0.948697
0.000148584

-0.341898
0.223891
0.912677
0.177337
0.0612886

0.341898
-0.223891
-0.912677
-0.255352
0.142701

-0.572126
0.0452655
-0.818916
0.646447
0.00536833

0.572126
-0.0452655
0.818916
0.380285
0.016302

0.966028
-0.178465
0.186924
-0.0149289
0.0878729

-0.966028
0.178465
-0.186924
0.0816694
0.0719438

0.887067
0.324356
-0.32849
0.649828
0.011501

-0.887067
-0.324356
0.32849
-1.19023
0.437604

0.641844
-0.146564
-0.752699
-1.77638
1.10893

-0.641844
0.146564
0.752699
0.173969
0.0981639

0.572762
-0.482723
-0.662512
-0.881323
0.619298

-0.572762
0.482723
0.662512
-1.08459
0.760336

-0.609194
0.00346942
-0.793014
-1.50758
0.728753

0.609194
-0.00346942
0.793014
0.453901
0.0347276

0.125821
0.272843
0.953795
0.628029
0.00590197

-0.183849
-0.764782
-0.617501
-8.76728
23.1244

0.183849
0.764782
0.617501
0.835873
0.00656728

0.363037
-0.926337
0.100517
-0.61359
0.381023

-0.363037
0.926337
-0.100517
-0.701188
0.423507

-0.465807
0.152749
0.871603
0.705843
0.0061268

0.465807
-0.152749
-0.871603
-0.5881
0.175328

-0.639678
-0.574921
0.510175
0.838816
0.00120684

0.639678
0.574921
-0.510175
-0.146345
0.0603259

-0.77617
0.546174
-0.315047
0.910949
0.000500439

0.77617
-0.546174
0.315047
-1.13811
0.285504

-0.00198744
-0.112347
0.993667
0.865282
0.0012242

0.00198744
0.112347
-0.993667
-1.04906
0.278811

-0.789181
-0.227233
0.570578
-0.11923
0.0518033

0.789181
0.227233
-0.570578
0.88029
0.000613938

-0.609189
0.0404856
-0.791991
-0.0875287
0.0848373

0.609189
-0.0404856
0.791991
0.417052
0.0244022

-0.649132
-0.337631
0.681639
0.908055
0.000756609

0.149327
0.008281
0.988753
0.972552
0.000165508

-1
0
0
-6.92497
9.77389

1
0
0
0.945606
0.003364

-0.194878
0.613607
-0.765186
0.646098
0.0157398

-0.934528
0.159794
-0.317998
0.0263284
0.0631209

0.00966338
0.0251157
0.999638
0.6644
0.0113717

0.268996
0.396881
0.877569
0.896904
0.00251821

-0.268996
-0.396881
-0.877569
-9.01717
23.3193

-0.350201
-0.0339708
0.936058
-0.174399
0.227037

0.350201
0.0339708
-0.936058
-1.74702
1.24022

0.124734
0.642387
-0.756161
-7.53489
15.4797

-0.124734
-0.642387
0.756161
0.853203
0.00462987

-0.41057
-0.429994
-0.804076
-0.74727
0.163523

0.41057
0.429994
0.804076
0.909291
0.000449235

-0.182916
0.52532
0.831012
0.821218
0.00905119

0.182916
-0.52532
-0.831012
-10.442
36.7685

-0.420329
0.562686
-0.711834
0.643884
0.00806476

0.420329
-0.562686
0.711834
-0.223635
0.0942914

-0.951916
-0.301304
0.0554283
-19.8761
249.924

0.951916
0.301304
-0.0554283
0.361158
0.234061

0.452021
-0.230507
0.86171
0.722552
0.00450676

-0.452021
0.230507
-0.86171
-0.215429
0.08462

-0.252781
0.89736
0.361729
-1.53768
0.490447

0.252781
-0.89736
-0.361729
0.880072
0.00110453

-0.744905
-0.413421
-0.523641
0.797136
0.00186659

0.744905
0.413421
0.523641
-0.00558007
0.0457897

0.133965
0.031077
0.990499
0.927762
0.00162891

-0.707009
-0.446618
0.548335
0.47898
0.0216885

0.707009
0.446618
-0.548335
-0.413433
0.159168

-0.460494
0.743565
-0.484826
0.409242
0.0265328

0.460494
-0.743565
0.484826
-0.192967
0.108155

0.991332
-0.106208
-0.0773429
-0.43387
0.106224

-0.991332
0.106208
0.0773429
0.858847
0.00103696

-0.674843
-0.566828
-0.47254
-0.351431
0.0923176

0.674843
0.566828
0.47254
0.853666
0.00137181

0.383249
0.59288
0.708247
0.984714
0.000143331

-0.807176
0.300517
0.508091
0.720471
0.00493535

-0.415015
-0.105058
0.903729
0.910621
0.000863965

0.563994
0.374461
0.735996
0.870954
0.00454748

0.917023
0.116836
-0.381338
0.676472
0.00582332

-0.917023
-0.116836
0.381338
-0.0581677
0.0620814

0.662212
0.36668
-0.653469
0.949188
0.000983755

0.423743
0.431644
-0.79632
-0.554754
0.142388

-0.423743
-0.431644
0.79632
0.817519
0.00196225

-0.640164
-0.155279
-0.752382
-4.92724
7.35845

0.640164
0.155279
0.752382
0.455716
0.0620678

0.116176
0.820388
0.559881
0.521407
0.00748695

-0.116176
-0.820388
-0.559881
0.727842
0.00244365

0.170588
0.611282
0.772809
0.856041
0.00136698

-0.170588
-0.611282
-0.772809
-0.891704
0.227642

-0.357662
-0.275728
-0.892217
-8.51901
22.8886

0.357662
0.275728
0.892217
0.759075
0.0146694

-0.339144
0.840135
-0.423268
-0.256931
0.119951

0.339144
-0.840135
0.423268
0.451298
0.0228928

0.172457
-0.537255
0.8256
-0.632586
0.235569

-0.172457
0.537255
-0.8256
0.45661
0.0262483

0.834792
-0.295734
-0.464397
-0.967496
0.375203

-0.834792
0.295734
0.464397
0.488648
0.0253566

-0.153264
0.955039
0.253793
-0.659094
0.349195

0.153264
-0.955039
-0.253793
-0.232979
0.192861

-0.70809
-0.0949332
-0.699711
-10.8692
37.2126

0.70809
0.0949332
0.699711
0.915236
0.00192308

0.622271
0.155419
-0.767218
-0.724826
0.334346

-0.622271
-0.155419
0.767218
0.100324
0.0911208

0.053059
-0.648605
0.759274
0.405893
0.0819268

-0.053059
0.648605
-0.759274
-5.60117
10.1085

-0.645757
0.153248
0.748006
0.817518
0.00144073

0.684795
-0.108277
-0.720647
0.846769
0.000402085

-0.684795
0.108277
0.720647
0.771772
0.000883109

0.978962
0.204044
0
-3.26117
2.23124

-0.978962
-0.204044
0
0.815053
0.00598997

0.0736736
0.243014
0.967221
-3.50531
3.98795

-0.0736736
-0.243014
-0.967221
0.172497
0.134579

-0.171943
-0.897517
-0.406077
-0.94075
0.370967

0.171943
0.897517
0.406077
0.453586
0.0294459

0.776766
-0.544508
0.316458
0.458009
0.0217984

-0.776766
0.544508
-0.316458
-0.219478
0.110331

-0.786089
-0.532389
0.314048
0.810943
0.00178373

0.786089
0.532389
-0.314048
-0.202242
0.0720347

-0.00730374
0.749032
-0.662494
-1.10274
0.39544

0.00730374
-0.749032
0.662494
0.641862
0.0115512

0.068047
0.427879
-0.901271
-1.84311
0.639124

-0.068047
-0.427879
0.901271
0.906752
0.00073238

-0.199643
-0.979869
0
0.8923
0.000196293

0.790227
0.278796
0.545723
0.60993
0.00633761

-0.384431
0.913123
-0.135721
0.433122
0.0228589

0.384431
-0.913123
0.135721
-0.0956532
0.0853816

-0.241559
0.464512
0.851984
0.883706
0.00282512

0.241559
-0.464512
-0.851984
-7.65119
15.5635

0.430433
-0.280249
0.858014
0.909448
0.00107564

-0.359102
-0.745468
0.561537
0.789857
0.0051126

0.359102
0.745468
-0.561537
-2.66549
1.54388

-0.177848
0.177232
0.967966
0.951974
0.000509189

0.66376
-0.128931
0.736749
0.930992
0.000212

-0.66376
0.128931
-0.736749
-0.440074
0.0899445

-0.139168
0.125457
0.98229
0.932404
0.00103096

0.218707
0.509553
-0.83218
-6.24991
10.6636

-0.218707
-0.509553
0.83218
0.755418
0.0121614

0.0330786
-0.123926
-0.99174
-0.544677
0.224236

-0.0330786
0.123926
0.99174
0.313476
0.044319

-0.181259
-0.624867
-0.759399
-4.69091
7.15707

0.181259
0.624867
0.759399
0.27412
0.116496

-0.357168
0.510826
-0.781977
-4.22354
8.40898

0.357168
-0.510826
0.781977
-1.15871
1.43663

-0.567769
-0.41865
0.708781
0.726311
0.00449879

0.567769
0.41865
-0.708781
-0.289647
0.0984173

0.0952366
-0.21374
0.972237
0.871562
0.00856521

-0.0952366
0.21374
-0.972237
-22.9893
298.645

-0.544688
0.50479
-0.669703
0.926518
0.000224569

0.362606
0.0460742
-0.930803
0.830553
0.00280373

-0.362606
-0.0460742
0.930803
-2.13305
0.951257

0.689625
0.263574
-0.674496
-0.0749857
0.0659377

-0.689625
-0.263574
0.674496
0.660623
0.00661344

-0.0840768
-0.124204
0.988688
0.666274
0.0118083

0.0840768
0.124204
-0.988688
-1.72429
0.775204

0.436289
0.899807
0
0.214881
0.0468883

-0.70712
0.707094
0
0.68338
0.0403378

0.70712
-0.707094
0
-0.889721
0.298148

-0.633128
-0.221672
0.741627
0.698166
0.0111959

0.633128
0.221672
-0.741627
-2.51337
1.50436

0.962557
-0.230082
-0.143338
-2.90768
1.85606

-0.962557
0.230082
0.143338
0.78366
0.00569147

-0.834353
0.446734
0.322931
0.764372
0.0112264

0.834353
-0.446734
-0.322931
-6.27248
10.6804

-0.041328
-0.995861
0.0809517
0.239219
0.0286327

0.041328
0.995861
-0.0809517
0.604883
0.0077245

-0.556436
0.107267
-0.823937
0.98785
9.68619e-06

0.499293
-0.43905
0.746955
0.752456
0.00516434

-0.499293
0.43905
-0.746955
-1.2279
0.412224

-0.327947
-0.293951
-0.897799
0.451463
0.036312

0.405662
-0.613133
0.677869
0.750187
0.0029379

0.70697
0.315965
0.63274
0.92372
0.00152778

-0.0880742
0.307916
-0.947328
-0.793436
0.192258

0.0880742
-0.307916
0.947328
0.87252
0.00202695

0.631499
0.621992
-0.462964
0.619639
0.0129125

-0.0174591
-0.999848
0
-5.21356
9.6958

0.0174591
0.999848
0
0.0975718
0.204542

-0.733005
0.417984
-0.536651
-0.638916
0.318641

0.733005
-0.417984
0.536651
-0.0819368
0.13893

-0.523273
0.661454
-0.537275
-0.0061388
0.042247

-0.303673
0.740625
0.599381
0.615451
0.0172411

0.303673
-0.740625
-0.599381
-1.99225
1.04279

0.89877
-0.265751
-0.348697
-0.481341
0.267535

-0.89877
0.265751
0.348697
-0.284058
0.201024

0.102259
0.0994722
0.989772
0.980536
0.000138122

-0.0495108
-0.882242
0.468185
-3.81744
2.39062

-0.583292
-0.812262
0
0.51221
0.0527675

0.583292
0.812262
0
-3.89148
4.02645

0.542175
-0.419354
0.72814
0.447349
0.00823844

0.908744
-0.126568
-0.397701
0.814237
0.00389845

-0.673847
-0.047001
-0.737374
-2.1772
1.08547

0.673847
0.047001
0.737374
0.751954
0.00661752

0.406437
0.899896
-0.158099
0.609795
0.00760204

-0.406437
-0.899896
0.158099
0.220053
0.0303602

0.505449
0.862856
0
0.420416
0.0270049

-0.505449
-0.862856
0
-0.329021
0.141742

0.302682
0.782114
-0.544685
-0.951937
0.442219

0.245921
-0.28466
0.926548
0.291665
0.0500035

0.0156256
-0.448704
-0.893544
-0.359243
0.087103

-0.0156256
0.448704
0.893544
0.884589
0.000679611

-0.829521
0.478327
-0.288268
0.540277
0.0943843

0.829521
-0.478327
0.288268
-15.5501
122.316

0.397591
0.81511
-0.421327
-0.00497568
0.0593693

-0.397591
-0.81511
0.421327
0.594595
0.00968743

-0.314119
0.304954
-0.899073
-17.5586
126.757

0.314119
-0.304954
0.899073
0.969703
0.000338228

0.135352
-0.699414
-0.701783
-1.14539
0.368164

-0.135352
0.699414
0.701783
0.761624
0.00456118

-0.75551
0.239073
-0.609958
0.356385
0.0414319

0.75551
-0.239073
0.609958
-0.787824
0.318967

0.339466
0.429318
0.836928
0.866404
0.00192838

-0.339466
-0.429318
-0.836928
-2.82802
1.58044

-0.103455
0.149732
0.983299
0.965946
0.000585464

0.103455
-0.149732
-0.983299
-23.8252
300.438

-0.492426
-0.695962
0.522641
0.578724
0.101438

-0.510307
-0.404114
-0.759131
-0.568082
0.185359

0.510307
0.404114
0.759131
0.619596
0.0110103

0.137556
-0.555042
0.82037
0.973007
0.000278032

-0.137556
0.555042
-0.82037
-17.5999
126.736

0.366684
0.0693617
0.927756
0.867327
0.00123137

-0.366684
-0.0693617
-0.927756
-1.05261
0.279077

0.17557
-0.606683
-0.775314
-2.87342
2.5161

-0.17557
0.606683
0.775314
0.302854
0.0817156

0.132935
-0.455286
0.880365
0.778246
0.0123297

-0.132935
0.455286
-0.880365
-8.57616
22.9449

-0.587263
-0.600254
0.542971
0.653746
0.014351

0.587263
0.600254
-0.542971
-2.23277
1.24608

0.367688
-0.307795
-0.877535
-0.294616
0.0888249

-0.367688
0.307795
0.877535
0.805718
0.00207828

0.475061
-0.310325
0.823417
0.810268
0.004554

-0.475061
0.310325
-0.823417
-3.25085
2.27648

0.471781
0.197989
0.859199
0.836542
0.00174095

-0.471781
-0.197989
-0.859199
-0.861884
0.225335

0.88672
0.364911
-0.283843
-1.36872
0.428443

-0.88672
-0.364911
0.283843
0.847101
0.00189959

0.0751044
0.795058
0.601865
-0.0611068
0.041304

0.837299
0.157826
0.52347
0.720395
0.00477182

-0.837299
-0.157826
-0.52347
-0.322705
0.10596

0.552486
-0.388966
0.737201
0.934885
0.000243197

-0.552486
0.388966
-0.737201
-0.858775
0.18113

0.59468
0.165845
0.786671
0.972565
0.000186991

0.734842
0.447884
-0.509321
-0.306591
0.464547

-0.734842
-0.447884
0.509321
-4.82318
9.22401

0.190265
-0.648778
-0.736808
-5.5166
7.77029

-0.190265
0.648778
0.736808
0.776523
0.00914024

0.786769
0.200374
0.583819
-0.188526
0.0427923

-0.786769
-0.200374
-0.583819
0.976688
2.12336e-05

-0.415623
0.7506
-0.51367
-0.409911
0.132353

0.415623
-0.7506
0.51367
0.674453
0.00709675

-0.379815
-0.448256
-0.809202
-3.11244
2.62987

0.379815
0.448256
0.809202
0.520499
0.0357566

-0.493684
0.708467
0.504332
0.513233
0.0749734

0.493684
-0.708467
-0.504332
-9.6007
35.5235

-0.432934
0.312792
-0.845417
-0.101936
0.100357

0.432934
-0.312792
0.845417
0.214219
0.0510341

0.786296
0.61785
0
-0.16774
0.12567

-0.786296
-0.61785
0
0.181509
0.0653667

-0.423663
-0.22428
-0.877615
-5.67967
7.85773

0.423663
0.22428
0.877615
0.836922
0.00470234

-0.704196
0.683571
-0.191933
-0.108444
0.054345

-0.939557
0.22968
-0.253927
-6.09627
10.5499

0.939557
-0.22968
0.253927
0.689131
0.020258

0.466094
0.801247
0.37518
0.433898
0.00927192

-0.691684
-0.588666
0.418384
0.856974
0.00564664

0.691684
0.588666
-0.418384
-10.5851
36.9481

0.843524
0.236819
-0.482062
0.647437
0.00429206

-0.529425
0.470165
-0.706154
0.475466
0.00867399

0.529425
-0.470165
0.706154
0.775366
0.00160064

-0.59338
0.143073
0.792105
0.912234
0.00157219

0.59338
-0.143073
-0.792105
-7.77657
15.6384

0.595903
0.803056
0
-2.82409
1.77218

-0.595903
-0.803056
0
0.736909
0.0126463

0.528616
0.694739
-0.487752
0.720971
0.00648212

-0.528616
-0.694739
0.487752
-1.0958
0.362174

0.470612
0.59082
0.655329
0.795244
0.0140878

-0.470612
-0.59082
-0.655329
-12.7677
63.6335

0.455624
-0.688933
0.563718
0.424166
0.0844386

-0.455624
0.688933
-0.563718
-6.56682
14.5626

-0.362709
-0.412317
0.835725
0.861625
0.00139657

0.362709
0.412317
-0.835725
-1.29677
0.384439

-0.289038
-0.71175
-0.64021
-0.913712
0.212756

0.289038
0.71175
0.64021
0.904856
0.000548582

0.613962
-0.071147
-0.786123
-8.97541
23.2918

-0.613962
0.071147
0.786123
0.887788
0.00298926

0.230013
0.706813
0.668962
0.986168
2.57786e-05

-0.577375
-0.100973
0.810211
-0.2609
0.0966999

0.577375
0.100973
-0.810211
0.692326
0.00585119

0.134394
0
0.990928
0.87618
0.00124298

-0.246306
0.120805
0.961634
0.826927
0.00292275

-0.0268433
0.108319
-0.993754
-1.08491
0.259756

0.0268433
-0.108319
0.993754
0.920747
0.000386868

-0.099223
-0.821965
-0.560829
0.582068
0.00923823

0.099223
0.821965
0.560829
0.180854
0.0354727

0.169031
-0.0558713
-0.984026
-1.02985
0.457728

-0.169031
0.0558713
0.984026
0.304459
0.0537602

0.0527808
-0.662344
-0.747338
-0.789282
0.23586

-0.0527808
0.662344
0.747338
0.724482
0.00560124

-0.408935
0.156254
0.899087
0.918964
0.000854546

-0.533086
0.142363
0.833998
0.846759
0.00567152

-0.699972
-0.106458
-0.706191
-0.703308
0.22713

0.699972
0.106458
0.706191
0.635357
0.0104312

-0.381403
-0.89736
-0.221984
0.884651
0.000603516

-0.94014
0.340789
0
0.73808
0.0108557

0.94014
-0.340789
0
-0.515375
0.15908

-0.022228
0.364266
0.93103
0.567316
0.0456929

0.022228
-0.364266
-0.93103
-6.81532
14.8366

0.157967
-0.964647
-0.210956
-1.39777
1.0919

-0.157967
0.964647
0.210956
-0.919561
0.69981

-0.80632
-0.430894
0.40519
0.737238
0.00174567

0.980857
0.0119097
0.194365
0.281836
0.0363522

-0.980857
-0.0119097
-0.194365
0.117231
0.0549213

0.511443
-0.701475
0.496345
0.690416
0.00190395

-0.613418
0.550822
-0.565962
0.783611
0.00283004

0.613314
0.307803
0.727395
0.163666
0.084196

-0.613314
-0.307803
-0.727395
-1.04895
0.505112

0.376642
-0.237933
0.895281
0.689131
0.0202492

-0.376642
0.237933
-0.895281
-6.09627
10.5505

0.630131
0.776489
0
0.610538
0.00717175

-0.630131
-0.776489
0
0.362492
0.0186775

0.905333
0.424703
0
-0.205996
0.209457

0.564799
0.825229
0
0.225231
0.0262385

-0.939182
0.262346
-0.221609
0.543431
0.0103987

0.939182
-0.262346
0.221609
0.313959
0.0234679

-0.3491
-0.466468
-0.812734
-10.7845
37.1519

0.3491
0.466468
0.812734
0.899588
0.00270181

0.622224
0.56866
0.538018
-4.04299
3.54573

-0.622224
-0.56866
-0.538018
0.84007
0.00359351

0.432595
-0.237883
-0.86964
0.827991
0.0007915

-0.432595
0.237883
0.86964
0.527801
0.00592239

0.650198
-0.199494
0.733106
0.579174
0.0230683

-0.650198
0.199494
-0.733106
-2.35494
1.45845

-0.017086
-0.957164
0.289043
0.968847
0.000243926

-0.421888
-0.199967
0.884321
-0.170212
0.171177

0.421888
0.199967
-0.884321
-0.685098
0.354595

0.0197016
0.52324
-0.851957
0.632219
0.0484566

-0.0197016
-0.52324
0.851957
-12.2401
62.5933

-0.141299
0.270372
0.952331
0.936038
0.000661875

0.524428
0.851455
0
-4.34226
5.43488

-0.524428
-0.851455
0
0.472317
0.0563707

0.606763
0.397712
0.688232
0.832377
0.00203448

-0.515979
0.567361
0.641769
0.990863
4.21792e-06

0.515979
-0.567361
-0.641769
-0.00739765
0.0235051

-0.577997
-0.235562
0.7813
0.846758
0.0045654

0.577997
0.235562
-0.7813
-6.50884
10.8267

0.854324
0.179427
0.487788
0.97528
2.52371e-05

-0.854324
-0.179427
-0.487788
-0.421578
0.0717533

0.0338241
0.439764
-0.897476
0.978603
0.000230622

0.856979
0.449537
-0.252
0.559787
0.010276

-0.856979
-0.449537
0.252
0.210398
0.0330366

0.0530002
-0.224121
0.973119
0.531917
0.0304571

-0.0530002
0.224121
-0.973119
-2.5399
1.74163

0.0333975
-0.756394
-0.653263
0.972706
2.82929e-05

-0.0628824
-0.257096
-0.964338
-12.9324
63.8981

0.0628824
0.257096
0.964338
0.835393
0.00892972

0.125364
0.942833
0.308788
0.320108
0.011492

-0.125364
-0.942833
-0.308788
0.929989
0.000125526

-0.40362
0.250565
0.879948
-0.746949
0.52143

0.40362
-0.250565
-0.879948
-1.1341
0.778096

0.471678
0.444766
0.761382
-0.01139
0.224861

-0.471678
-0.444766
-0.761382
-3.81458
5.09518

0.519422
0.53023
0.670117
0.574051
0.00833351

-0.986667
0.162753
0
0.629096
0.0113914

0.986667
-0.162753
0
-0.837649
0.279444

0.819308
0.321444
0.474772
0.851284
0.0116048

-0.819308
-0.321444
-0.474772
-22.8609
298.215

0.0563406
0.532078
-0.844819
0.216875
0.0216681

-0.0563406
-0.532078
0.844819
0.841184
0.000892684

0.374768
0.440637
-0.815713
-0.807569
0.155268

-0.374768
-0.440637
0.815713
0.956679
9.34936e-05

0.535849
0.844314
0
-3.53681
3.22808

-0.535849
-0.844314
0
0.565352
0.03718

0.476156
-0.29179
0.829538
0.0279945
0.0224566

-0.154559
0.554644
0.817608
0.854386
0.00374371

0.290365
-0.713906
-0.637202
0.283292
0.0245562

-0.290365
0.713906
0.637202
0.609549
0.00733223

0.906574
-0.422046
0
0.933806
0.00283944

0.64272
0.659665
0.389556
0.1329
0.132518

-0.64272
-0.659665
-0.389556
-2.72056
2.43865

0.547131
0.119685
-0.828446
-6.60389
10.8877

-0.547131
-0.119685
0.828446
0.874303
0.00297843

-0.865866
-0.500276
0
-0.748959
0.435315

0.865866
0.500276
0
-0.480311
0.311934

0.570714
-0.190194
-0.798819
0.139321
0.0331185

-0.570714
0.190194
0.798819
0.742317
0.00296976

0.0235484
-0.477179
0.878491
0.0920794
0.139293

-0.0235484
0.477179
-0.878491
-2.3936
1.946

0.132506
0.44072
0.887811
-0.409891
0.169086

-0.132506
-0.44072
-0.887811
0.385853
0.032102

-0.967846
-0.0936552
-0.23346
0.113922
0.052775

0.967846
0.0936552
0.23346
0.352943
0.0281488

0.0346358
-0.0501578
0.998141
-22.1702
295.485

-0.0346358
0.0501578
-0.998141
0.713948
0.0452091

-0.306659
0.271756
-0.9122
-2.16398
1.39629

0.306659
-0.271756
0.9122
0.398821
0.0506581

0.517173
-0.0749747
-0.852591
-8.60315
22.9762

-0.517173
0.0749747
0.852591
0.786983
0.0113077

-0.735224
-0.133571
0.664534
0.883933
0.000652105

0.548571
0.770161
-0.325457
-0.602766
0.165574

-0.548571
-0.770161
0.325457
0.772452
0.00354273

-0.295912
-0.628096
0.719674
0.829415
0.00211656

0.295912
0.628096
-0.719674
-1.06913
0.304098

-0.401162
0.464179
-0.789688
0.0436859
0.122116

0.401162
-0.464179
0.789688
-1.22055
0.657283

0.602895
-0.0962769
0.79199
0.365983
0.0424151

-0.602895
0.0962769
-0.79199
-0.971369
0.409041

-0.150816
-0.254342
0.955283
0.966527
9.22735e-05

0.361803
0.598823
0.7145
0.733236
0.00149546
