
-0.45852
0.137011
-0.878059
0.747206
0.00254964

0.350817
-0.868269
-0.350766
-1.05993
0.258154

-0.350817
0.868269
0.350766
0.909624
0.000503428

-0.726585
0.258935
0.636418
0.930954
0.000215533

0.726585
-0.258935
-0.636418
-0.37129
0.0785999

-0.740637
0.463246
0.486683
-0.338883
0.151662

0.740637
-0.463246
-0.486683
0.350253
0.0358033

-0.818033
-0.29082
0.496232
0.985476
6.53907e-06

-0.675178
-0.34423
-0.652411
-4.26095
2.95225

0.675178
0.34423
0.652411
0.987568
1.72936e-05

-0.278104
-0.774887
-0.567634
-7.01095
15.0448

0.278104
0.774887
0.567634
0.662919
0.0267007

-0.329804
0.289027
-0.898717
-5.13351
5.93006

0.329804
-0.289027
0.898717
0.871511
0.00260303

-0.253138
0.257714
0.932472
0.654833
0.00892834

0.253138
-0.257714
-0.932472
-0.597786
0.188228

0.911287
-0.305373
0.276231
-0.327261
0.257996

-0.911287
0.305373
-0.276231
-1.03452
0.606161

-0.885839
-0.163632
0.434181
-0.552319
0.183754

0.885839
0.163632
-0.434181
0.599888
0.0122421

0.51027
-0.437256
0.740562
0.824468
0.0125265

-0.51027
0.437256
-0.740562
-16.5531
125.119

-0.343635
0.685517
0.641858
0.975429
4.10927e-05

0.400945
-0.47998
-0.780296
-0.956345
0.199616

-0.400945
0.47998
0.780296
0.949203
0.000153033

0.643213
-0.611777
-0.460441
-0.245281
0.0578705

-0.643213
0.611777
0.460441
0.941845
0.000133408

-0.703978
-0.710222
0
0.847809
0.00039907

-0.327199
-0.924138
-0.197256
-1.39258
0.574083

0.327199
0.924138
0.197256
0.610445
0.0152266

-0.748359
-0.663294
0
0.926444
0.00317343

0.0205471
-0.30254
0.952915
-0.615555
0.31441

-0.0205471
0.30254
-0.952915
-0.136429
0.155762

-0.372752
0.726
0.57791
0.495897
0.00581137

0.436182
-0.0395756
0.898988
-0.768169
0.292279

-0.436182
0.0395756
-0.898988
0.445501
0.0287518

-0.057307
-0.182492
0.981536
0.912445
0.00054276

0.0885561
-0.984983
-0.14821
-0.342689
0.107232

-0.0885561
0.984983
0.14821
0.742363
0.00399356

0.916646
0.399701
0
-0.0793519
0.179595

-0.916646
-0.399701
0
-1.61177
1.0515

-0.696398
-0.35515
-0.623617
0.637416
0.00417837

0.696398
0.35515
0.623617
0.644099
0.00402593

-0.592272
-0.232589
-0.771438
-5.41433
7.70364

0.592272
0.232589
0.771438
0.732848
0.0134565

-0.555515
-0.564083
0.610912
0.280433
0.0532223

-0.475622
-0.836924
0.270816
0.919692
0.000546534

0.475622
0.836924
-0.270816
-2.173
0.847679

0.165597
-0.868593
-0.467037
0.824096
0.00386377

-0.301972
-0.568901
-0.764961
-0.906521
0.212296

0.301972
0.568901
0.764961
0.901251
0.000570883

-0.527221
0.848899
-0.0375246
0.980384
3.00155e-05

0.527221
-0.848899
0.0375246
-2.59608
1.00778

-0.453494
-0.615325
0.644762
0.439116
0.0280417

0.453494
0.615325
-0.644762
-0.620958
0.234013

-0.32226
0.374686
0.869344
0.851796
0.001234

0.32226
-0.374686
-0.869344
-0.552751
0.133753

0.69039
-0.613936
-0.382681
-0.686894
0.280912

-0.69039
0.613936
0.382681
0.319454
0.0463109

0.155044
-0.163083
0.974354
-1.20525
0.538061

-0.155044
0.163083
-0.974354
0.39743
0.0404272

0.614299
0.6633
-0.427398
0.456483
0.0211776

-0.614299
-0.6633
0.427398
-0.142745
0.0934748

0.402972
-0.584153
0.704542
0.887959
0.00649345

-0.402972
0.584153
-0.704542
-23.1014
298.903

-0.349797
0.670862
-0.653901
-3.73428
3.42855

0.349797
-0.670862
0.653901
0.69239
0.0144933

0.404068
0.041241
-0.913799
-4.83744
4.63068

-0.404068
-0.041241
0.913799
0.938594
0.000514363

-0.372048
0.138365
-0.917843
-4.88547
5.81327

0.372048
-0.138365
0.917843
0.780813
0.00817176

0.812517
-0.38396
0.438624
0.15745
0.044366

-0.812517
0.38396
-0.438624
0.414896
0.0214167

0.605811
0.748368
-0.270071
0.414895
0.0672357

-0.605811
-0.748368
0.270071
-4.26594
5.44421

-0.541308
-0.820116
-0.185463
-1.98823
1.51973

0.541308
0.820116
0.185463
-0.131629
0.217961

-0.573796
-0.818999
0
-0.301105
0.224983

0.573796
0.818999
0
-0.632109
0.348011

-0.988643
-0.150286
0
0.688721
0.0118834

0.988643
0.150286
0
-2.49945
1.50137

0.503183
0.299989
0.81044
0.817713
0.00471379

-0.503183
-0.299989
-0.81044
-3.98756
3.52802

-0.196017
0.891716
-0.407945
0.866143
0.00052502

0.196017
-0.891716
0.407945
0.379553
0.01105

-0.0090576
-0.25784
0.966145
0.868572
0.000592062

0.0090576
0.25784
-0.966145
0.186204
0.0225488

-0.38568
-0.746981
0.541544
0.456431
0.00523266

0.927414
-0.233964
0.29183
-1.82685
1.27266

-0.927414
0.233964
-0.29183
-0.0420425
0.172967

0.214049
0.713769
0.666871
0.529398
0.0294539

-0.214049
-0.713769
-0.666871
-2.29744
1.44068

-0.00382027
0.399276
0.916823
0.655207
0.0514162

-0.450586
0.388964
0.803541
0.923322
0.00082175

-0.66792
0.575482
-0.471915
-1.20914
0.969905

0.66792
-0.575482
0.471915
-1.29264
1.04459

0.215469
0.405476
0.888348
0.324041
0.0419653

-0.215469
-0.405476
-0.888348
-0.488372
0.202592

-0.306673
-0.912418
0.271008
0.180542
0.0398454

0.306673
0.912418
-0.271008
0.459032
0.017373

0.166486
0.437239
-0.883801
-4.58929
11.4386

-0.166486
-0.437239
0.883801
-1.95632
3.20077

-0.218059
-0.135827
-0.966438
-0.674029
0.17037

0.218059
0.135827
0.966438
0.830521
0.001768

-0.494535
-0.541142
0.680147
0.756183
0.00883847

0.494535
0.541142
-0.680147
-3.85326
3.476

-0.955681
-0.294404
0
-0.748959
0.435385

0.955681
0.294404
0
-0.480311
0.312056

-0.218254
0.710997
-0.668467
-1.83965
0.63931

0.218254
-0.710997
0.668467
0.905381
0.000712582

0.811078
0.357835
-0.462716
-0.350777
0.102764

-0.811078
-0.357835
0.462716
0.789703
0.00286839

-0.783272
-0.621679
0
0.276557
0.0647092

0.783272
0.621679
0
-0.590543
0.256747

-0.702049
-0.316337
-0.638011
-1.42251
0.432269

-0.680246
-0.365781
-0.635193
-0.506794
0.295011

0.680246
0.365781
0.635193
-0.421914
0.263031

-0.569225
0.262267
0.77923
0.699034
0.00471115

-0.59064
-0.635294
-0.497539
0.356386
0.0236098

0.59064
0.635294
0.497539
0.356386
0.0236098

-0.292064
0.328231
0.898311
0.915236
0.00193886

0.292064
-0.328231
-0.898311
-10.8692
37.2012

0.542398
0.494509
0.679165
0.178726
0.0782927

-0.542398
-0.494509
-0.679165
-0.951939
0.442212

-0.382738
-0.0347573
-0.923203
0.6247
0.0142978

0.382738
0.0347573
0.923203
-1.40746
0.5763

0.538859
-0.0474183
-0.84106
-0.435079
0.212278

-0.538859
0.0474183
0.84106
0.0953839
0.0866987

0.133174
0.66912
0.731124
0.495204
0.0128222

-0.133174
-0.66912
-0.731124
0.361118
0.0205352

-0.188831
0.497306
0.846776
0.85122
0.00425545

0.89116
0.347087
-0.292171
-1.0246
0.666205

-0.89116
-0.347087
0.292171
-0.666929
0.451861

-0.32498
0.88738
-0.327024
0.695955
0.00498118

0.32498
-0.88738
0.327024
-0.0452882
0.058708

0.501064
0.142467
-0.853603
-0.800323
0.34764

-0.501064
-0.142467
0.853603
0.239365
0.0622518

-0.143096
-0.592185
0.792995
0.618074
0.0177262

0.143096
0.592185
-0.792995
-2.18742
1.23438

0.818561
-0.218078
-0.531412
0.60328
0.00924494

-0.818561
0.218078
0.531412
-0.0102084
0.0596756

-0.802379
-0.0456342
-0.595068
-0.614811
0.290753

0.802379
0.0456342
0.595068
0.0390306
0.102988

0.554359
-0.0556378
-0.830416
-2.0312
0.933041

-0.554359
0.0556378
0.830416
0.772473
0.00526686

0.580913
0.278624
0.764793
0.0847905
0.123693

-0.580913
-0.278624
-0.764793
-1.71457
1.08771

0.233535
-0.332839
0.913608
0.718254
0.0182073

-0.233535
0.332839
-0.913608
-7.13984
15.1681

-0.702582
0.633852
0.323435
0.623861
0.0239342

0.702582
-0.633852
-0.323435
-4.05697
4.32214

0.968483
0.0543553
0.243078
0.106425
0.0699839

-0.968483
-0.0543553
-0.243078
-0.0972235
0.105509

0.288812
0.242234
0.926235
-1.59555
0.833849

-0.288812
-0.242234
-0.926235
0.382374
0.0474623

0.204513
0.532581
0.821299
-1.52027
0.908512

-0.204513
-0.532581
-0.821299
0.0532677
0.128445

0.247995
0.0309601
-0.968266
-1.19515
0.314698

-0.247995
-0.0309601
0.968266
0.900188
0.000705333

0.77017
-0.487734
-0.41104
-0.36559
0.128907

-0.77017
0.487734
0.41104
0.618471
0.0100906

-0.0596104
0.853144
-0.518259
0.0254847
0.085703

0.0596104
-0.853144
0.518259
-0.0381639
0.0970827

0.884143
0.467216
0
0.540276
0.0446023

-0.884143
-0.467216
0
-3.13752
2.49108

0.58975
-0.616093
0.522135
0.673824
0.0154898

-0.58975
0.616093
-0.522135
-3.32848
2.71893

0.147932
-0.126306
-0.980899
-4.19081
2.9451

-0.147932
0.126306
0.980899
0.979541
4.5938e-05

-0.306613
-0.660476
-0.68539
0.0454856
0.0541789

0.306613
0.660476
0.68539
0.551184
0.011979

-0.0620091
0.068022
-0.995755
0.764621
0.00195456

-0.887126
-0.389158
0.248119
0.186748
0.0774732

0.887126
0.389158
-0.248119
-0.996251
0.466765

-0.267072
-0.670008
-0.692649
-6.5653
10.8654

0.267072
0.670008
0.692649
0.863491
0.00354749

0.913812
0.406136
0
-0.205994
0.207663

-0.913812
-0.406136
0
-0.760827
0.41028

-0.129426
-0.496132
-0.858546
0.429798
0.0397124

-0.1776
-0.191103
-0.965369
-4.25757
3.61061

0.1776
0.191103
0.965369
0.911147
0.00103676

-0.251639
-0.226031
-0.941057
0.69399
0.0109553

-0.139117
0.855943
0.498003
-0.215219
0.235241

0.139117
-0.855943
-0.498003
-1.53545
1.02361

0.32344
-0.625618
0.709922
0.765272
0.00433066

-0.32344
0.625618
-0.709922
-1.06255
0.329416

0.214811
-0.589537
0.778654
-1.55263
0.822688

-0.214811
0.589537
-0.778654
0.328693
0.0570823

0.0294926
-0.806362
0.590687
0.504136
0.0168551

-0.593359
-0.0215248
0.80465
0.037787
0.158867

0.593359
0.0215248
-0.80465
-2.35278
1.92556

0.525802
0.788698
0.318571
0.736873
0.00399414

-0.525802
-0.788698
-0.318571
-0.262525
0.0916565

-0.274329
0.38018
-0.883293
0.426837
0.0311643

0.274329
-0.38018
0.883293
-0.755311
0.290557

0.107424
0.653886
0.748928
0.941024
0.000135685

0.682449
0.670418
-0.291211
0.346839
0.023117

-0.682449
-0.670418
0.291211
0.424755
0.0179316

0.144226
-0.159791
-0.976558
0.791283
0.00385639

-0.144226
0.159791
0.976558
-1.49626
0.535644

-0.755691
-0.631989
0.171818
-0.828023
0.19278

0.755691
0.631989
-0.171818
0.892371
0.000671516

-0.22007
0.248831
0.943214
0.932404
0.00103088

0.625068
0.580536
0.521792
0.990709
5.679e-06

-0.625068
-0.580536
-0.521792
-1.26838
0.246518

-0.138911
-0.593174
-0.793
-0.627055
0.318279

0.138911
0.593174
0.793
-0.109326
0.150157

0.85521
0.518281
0
0.863585
0.0052919

0.418102
0.83976
0.346401
0.775341
0.00261079

-0.418102
-0.83976
-0.346401
-0.00912619
0.0484764

0.656172
-0.171621
0.734836
0.214628
0.0174113

-0.656172
0.171621
-0.734836
0.923938
0.00016899

-0.62744
0.655512
0.420266
0.484708
0.00983783

0.583806
0.481501
-0.653703
-1.37643
0.429496

-0.583806
-0.481501
0.653703
0.851474
0.00171415

0.0183464
-0.959021
0.282741
0.645211
0.00738802

-0.0183464
0.959021
-0.282741
-0.0934554
0.0700646

0.942257
0.334892
0
0.521424
0.027747

-0.942257
-0.334892
0
-0.441114
0.172752

0.334547
0.167544
-0.927366
-1.59555
0.83421

-0.334547
-0.167544
0.927366
0.382374
0.047263

-0.564688
0.162634
-0.809121
-2.71866
2.09017

0.564688
-0.162634
0.809121
0.449903
0.0457862

-0.595855
-0.601627
0.531978
-1.03005
0.353818

0.595855
0.601627
-0.531978
0.660262
0.00992184

0.254518
0.287653
-0.923296
0.391382
0.0273727

0.612985
-0.199711
-0.764438
0.988664
2.80338e-05

0.32138
-0.47523
-0.819067
-4.05331
3.54735

-0.32138
0.47523
0.819067
0.844045
0.00344083

0.0572839
-0.214468
0.97505
0.543333
0.0511298

-0.0572839
0.214468
-0.97505
-6.77047
14.7991

-0.889235
-0.457451
0
-1.27354
0.669197

0.889235
0.457451
0
0.132665
0.101066

0.905303
0.141092
-0.40065
-1.47952
0.363459

-0.905303
-0.141092
0.40065
0.968646
5.84541e-05

-0.609282
-0.624293
-0.488911
-3.0226
3.6327

0.609282
0.624293
0.488911
-0.448125
0.470796

-0.400402
0.612801
0.681288
0.699411
0.00637809

0.598483
0.493655
0.63097
-1.07046
0.2039

-0.598483
-0.493655
-0.63097
0.980462
2.28769e-05

0.110876
0.0376888
-0.993119
-7.35097
11.1415

-0.110876
-0.0376888
0.993119
0.993635
7.43257e-06

0.471575
0.881826
0
-0.420969
0.170264

-0.471575
-0.881826
0
0.405062
0.0298544

-0.365458
0.811018
0.456826
-0.238678
0.118337

0.365458
-0.811018
-0.456826
0.418468
0.0260924

-0.598272
-0.801293
0
0.324041
0.0421614

0.598272
0.801293
0
-0.488372
0.202759

0.341383
0.747892
-0.56931
-0.320003
0.100098

-0.341383
-0.747892
0.56931
0.759232
0.00333999

-0.121193
0.796032
0.592997
0.928658
0.000353417

0.121193
-0.796032
-0.592997
-1.44304
0.396948

0.81656
0.300048
-0.493155
-1.84544
0.894697

-0.81656
-0.300048
0.493155
0.637059
0.014568

0.903415
0.0639144
-0.423977
-2.26043
1.10249

-0.903415
-0.0639144
0.423977
0.801483
0.00409232

-0.0886206
-0.466005
0.880333
0.854667
0.00125014

0.0886206
0.466005
-0.880333
-0.708394
0.17261

0.0330302
0.0103689
-0.999401
-0.504922
0.191177

-0.0330302
-0.0103689
0.999401
0.451392
0.0254078

-0.314112
0.806204
-0.501367
0.683602
0.00639678

0.52323
-0.0852161
0.84792
0.879761
0.00214347

-0.589883
-0.42055
-0.689329
-0.868546
0.210443

0.589883
0.42055
0.689329
0.880836
0.00138244

0.544106
0.112652
-0.83142
-0.870601
0.306241

-0.544106
-0.112652
0.83142
0.578697
0.0155688

-0.235806
0.252112
-0.938528
-9.22042
23.4684

0.235806
-0.252112
0.938528
0.935331
0.000948272

0.609451
0.479458
-0.631419
-0.134397
0.103294

0.63545
-0.368081
0.678763
0.673086
0.0139129

-0.0979012
-0.1515
0.983597
0.96393
0.000389689

0.0979012
0.1515
-0.983597
-13.7181
64.8097

-0.352061
0.919863
0.172929
-1.11229
0.518831

0.352061
-0.919863
-0.172929
0.265355
0.0627673

-0.335868
-0.259713
-0.905396
-13.417
64.4892

0.335868
0.259713
0.905396
0.926444
0.00171546

-0.400637
0.0929152
0.911514
0.717557
0.0025392

0.7428
-0.283169
-0.606683
-0.189873
0.0874002

-0.7428
0.283169
0.606683
0.645987
0.00779267

-0.126407
-0.445708
0.886209
0.877158
0.000735133

-0.452552
-0.500613
0.737959
0.838698
0.00199259

-0.146612
0.804302
0.575851
0.445261
0.0266913

0.146612
-0.804302
-0.575851
-0.560879
0.211171

-0.815522
-0.024819
-0.578194
-0.94536
0.315761

0.815522
0.024819
0.578194
0.660244
0.00968886

-0.746923
-0.482627
0.457358
-1.21334
0.410445

0.746923
0.482627
-0.457358
0.74096
0.00562935

0.0805805
0.265523
0.960731
0.587833
0.0158516

-0.0805805
-0.265523
-0.960731
-1.05108
0.387939

0.34016
-0.933097
-0.116707
-1.51069
1.14151

-0.34016
0.933097
0.116707
-0.64533
0.490231

-0.0227661
-0.303908
0.952429
0.979396
0.000104414

0.0364376
0.252785
-0.966836
-2.85366
2.94929

-0.151791
-0.258868
-0.953911
-7.80735
31.3262

0.151791
0.258868
0.953911
-0.876126
1.42231

0.149438
0.348702
-0.925243
-1.07077
0.509848

-0.149438
-0.348702
0.925243
0.19983
0.0763851

-0.886192
-0.364899
0.285503
0.412451
0.00716869

0.968282
0.0772179
-0.23763
0.108577
0.0294203

-0.968282
-0.0772179
0.23763
0.859195
0.000738129

-0.643206
-0.076566
0.761856
0.946931
9.2994e-05

-0.0923044
0.995731
0
-0.544675
0.325538

0.0923044
-0.995731
0
-0.544675
0.325538

-0.970422
0.241414
0
-4.1271
4.35838

0.970422
-0.241414
0
0.665776
0.0185366

0.224619
0.850714
0.475218
-0.406214
0.41527

-0.224619
-0.850714
-0.475218
-2.66948
2.82767

0.722773
0.129621
0.67882
0.738424
0.0074885

-0.871906
-0.347113
0.345387
0.234864
0.0519091

0.871906
0.347113
-0.345387
-0.281408
0.14553

0.874926
0.368895
0.31372
0.729952
0.0166223

0.0294617
-0.735128
0.677288
-0.685098
0.354543

-0.0294617
0.735128
-0.677288
-0.170212
0.171081

-0.0483356
-0.662775
-0.747257
0.982049
0.000102284

-0.0442811
0.951434
0.304651
-1.8085
0.709071

0.0442811
-0.951434
-0.304651
0.824469
0.00277916

-0.0978611
0.540529
-0.835615
0.985999
1.4574e-05

0.0978611
-0.540529
0.835615
-0.97893
0.172388

-0.270679
-0.240506
0.932143
0.915745
0.000815828

0.270679
0.240506
-0.932143
-3.53104
2.34526

0.220676
-0.760994
-0.610074
-2.69168
2.07923

-0.220676
0.760994
0.610074
0.424775
0.0504935

0.20958
-0.260473
0.94246
0.8098
0.00433801

-0.748605
0.179951
-0.638129
0.83919
0.00171299

0.748605
-0.179951
0.638129
-0.865796
0.225666

-0.120304
-0.818544
-0.561705
0.0168059
0.0609271

0.120304
0.818544
0.561705
0.507588
0.0153298

-0.822567
0.461946
-0.331646
0.921719
0.000523454

0.822567
-0.461946
0.331646
-2.17894
0.848235

-0.78499
0.546559
0.291657
0.465978
0.0115808

0.78499
-0.546559
-0.291657
0.610361
0.00617489

0.558176
0.584098
-0.589295
-1.25466
0.548066

-0.558176
-0.584098
0.589295
0.460069
0.0314522

0.333704
0.942678
0
-1.38594
0.863735

-0.333704
-0.942678
0
-0.181519
0.213587

-0.0916715
0.804466
-0.586883
-0.467066
0.164365

0.0916715
-0.804466
0.586883
0.558813
0.0149298

-0.708486
-0.0442411
-0.704337
-1.05174
0.933151

0.708486
0.0442411
0.704337
-2.02529
2.02836

0.910172
0.180989
0.372599
0.901369
0.000644775

-0.910172
-0.180989
-0.372599
-0.680301
0.149979

-0.564453
0.176509
0.806373
0.810836
0.00207867

0.564453
-0.176509
-0.806373
-0.499818
0.130588

0.171681
-0.359919
-0.917052
0.712812
0.00515148

0.277494
-0.936951
0.212417
0.141472
0.0400064

-0.277494
0.936951
-0.212417
0.582477
0.00946788

-0.554555
-0.490039
-0.672555
0.124941
0.0934009

0.554555
0.490039
0.672555
-1.02638
0.500124

0.149624
0.0619834
-0.986798
0.612168
0.0405357

-0.149624
-0.0619834
0.986798
-8.14965
22.4378

0.562141
0.0103889
-0.826976
-0.513765
0.205516

-0.562141
-0.0103889
0.826976
0.368604
0.0357557

0.887137
-0.357945
-0.291312
0.063347
0.0810745

-0.887137
0.357945
0.291312
-0.162978
0.124974

-0.516844
-0.773572
0.366686
0.861481
0.000545757

0.516844
0.773572
-0.366686
0.400441
0.0101834

-0.0961715
-0.8415
-0.531628
0.265354
0.0628396

-0.814782
-0.0476608
-0.577806
0.744153
0.00300223

0.814782
0.0476608
0.577806
0.10054
0.0370773

0.839377
0.0543527
-0.540825
-0.181002
0.0963207

-0.839377
-0.0543527
0.540825
0.523909
0.0157039

0.51873
0.109693
-0.847871
-4.68964
5.71465

-0.51873
-0.109693
0.847871
0.688345
0.0171606

0.689755
0.561603
0.456992
0.632677
0.00788323

-0.689755
-0.561603
-0.456992
-0.0561411
0.0649172

-0.251127
0.0364539
0.967268
0.885579
0.00515419

0.0818323
0.574047
0.814723
-0.747457
0.18768

-0.0818323
-0.574047
-0.814723
0.842795
0.00162188

-0.794575
0.594119
-0.125189
-13.1667
111.492

0.794575
-0.594119
0.125189
-0.86621
1.93502

0.822845
0.363283
-0.43698
0.940264
0.000182999

0.232212
0.400805
0.886246
0.61531
0.0235315

-0.232212
-0.400805
-0.886246
-3.60944
3.37241

0.0150209
-0.448949
0.893431
0.890084
0.00325795

-0.0150209
0.448949
-0.893431
-10.7365
37.1073

0.62074
-0.344056
-0.704491
-0.475173
0.200805

-0.62074
0.344056
0.704491
0.299925
0.0452529

-0.616873
0.505347
0.6034
0.204256
0.0942681

0.616873
-0.505347
-0.6034
-1.99848
1.3383

0.113206
-0.179752
-0.977176
-23.413
299.63

-0.113206
0.179752
0.977176
0.927367
0.00269462

0.273313
0.801595
0.531738
0.610445
0.0152327

-0.273313
-0.801595
-0.531738
-1.39258
0.574074

0.207408
-0.489468
-0.846996
-1.10638
0.568482

-0.207408
0.489468
0.846996
0.0638323
0.112521

0.10932
0.911369
0.396808
0.633806
0.0137836

-0.10932
-0.911369
-0.396808
-1.54521
0.664401

-0.411875
0.747126
-0.521691
0.497861
0.00919483

0.411875
-0.747126
0.521691
0.670934
0.00396769

-0.442543
-0.788031
0.427975
-2.50528
1.14411

0.442543
0.788031
-0.427975
0.910642
0.000753288

-0.172944
0.267477
-0.947917
-2.63824
1.16145

0.172944
-0.267477
0.947917
0.949955
0.000220845

-0.0294254
-0.584579
-0.810803
-3.50531
3.98824

0.0294254
0.584579
0.810803
0.172497
0.134554

-0.014825
0.87732
-0.479676
0.283295
0.0132883

0.141591
0.0496811
0.988678
0.916886
0.0026703

0.970147
0.00253724
0.242504
0.223628
0.0195577

-0.970147
-0.00253724
-0.242504
0.875077
0.000510138

0.24142
-0.567277
-0.787346
-5.82622
10.3214

-0.24142
0.567277
0.787346
0.548635
0.0451669

-0.1353
0.0593176
-0.989028
-0.913391
0.288223

0.1353
-0.0593176
0.989028
0.706142
0.00694725

-0.437173
-0.193014
0.878422
0.863654
0.000588948

0.437173
0.193014
-0.878422
0.282904
0.0162731

0.28468
0.291282
0.913297
0.891109
0.0018406

0.26977
-0.232634
0.934401
0.827603
0.00642566

0.969348
0.223558
-0.101908
-0.311442
0.0848507

-0.969348
-0.223558
0.101908
0.849766
0.00111435

0.261908
-0.126156
-0.956812
-0.920626
0.183855

-0.261908
0.126156
0.956812
0.957397
0.000113822

0.432455
-0.841047
0.324995
0.912579
0.00031906

-0.432455
0.841047
-0.324995
-0.246138
0.0637607

0.140972
-0.426501
0.893434
0.94279
0.000387645

-0.326729
-0.751356
0.573335
0.396923
0.0141209

-0.782034
-0.623236
0
0.256497
0.0331506

0.917396
0.397975
0
-0.543904
0.246538

-0.917396
-0.397975
0
0.188486
0.0746873

-0.939561
0.296578
-0.171074
-0.367179
0.1453

0.939561
-0.296578
0.171074
0.484519
0.0206615

-0.494137
-0.169783
0.852644
-0.265414
0.185354

0.494137
0.169783
-0.852644
-0.354186
0.21223

0.804419
0.276089
-0.526009
-0.203507
0.122008

-0.804419
-0.276089
0.526009
0.262881
0.045817

0.596966
-0.0642946
-0.799686
0.796264
0.0040458

0.706573
-0.211341
0.675344
0.375335
0.0113716

-0.706573
0.211341
-0.675344
0.860888
0.000567325

0.738126
0.304977
0.601796
0.712124
0.00221226

-0.664203
-0.739737
-0.107813
-0.141826
0.0458656

0.664203
0.739737
0.107813
0.939687
0.000134565

-0.681259
-0.539085
-0.495251
0.560372
0.011101

0.681259
0.539085
0.495251
0.0883888
0.0477158

0.251563
0.386439
0.887345
0.895517
0.00100226

-0.251563
-0.386439
-0.887345
-2.27657
0.973664

0.634516
0.286993
0.717652
0.645355
0.0268758

-0.895804
0.221458
0.385346
0.500272
0.0221928

0.895804
-0.221458
-0.385346
-0.732707
0.266417

0.897833
-0.382787
-0.217647
-4.4518
6.9357

-0.897833
0.382787
0.217647
0.0535111
0.209069

-0.694125
0.362542
-0.621896
0.609067
0.00401972

-0.829885
0.175155
0.529728
0.810283
0.00648281

0.829885
-0.175155
-0.529728
-5.60404
7.81703

0.0736423
-0.461534
0.88406
0.447402
0.0247459

-0.0736423
0.461534
-0.88406
-0.393929
0.157204

-0.726034
0.434955
0.532625
0.759522
0.0167863

0.806323
-0.295938
-0.512117
0.117622
0.118938

0.805991
0.145924
0.573659
-2.14813
1.58908

-0.805991
-0.145924
-0.573659
0.104536
0.128698

0.776464
-0.425209
0.465081
0.23379
0.0766008

-0.776464
0.425209
-0.465081
-1.4825
0.803929

0.0337908
0.0776081
0.996411
0.988113
9.98204e-05

0.15766
0.473541
0.866546
0.837434
0.00428168

-0.15766
-0.473541
-0.866546
-5.03108
5.88687

-0.201312
-0.733717
0.648948
0.940375
0.000246525

0.201312
0.733717
-0.648948
-1.47627
0.399321

0.0341945
0.458284
0.888148
0.911149
0.00306785

-0.0341945
-0.458284
-0.888148
-17.0423
126.061

-0.575196
0.459226
0.67695
-12.6506
63.4133

0.575196
-0.459226
-0.67695
0.763667
0.0190726

-0.250738
0.411818
0.876091
0.445261
0.0268594

0.250738
-0.411818
-0.876091
-0.560879
0.211315

0.232758
-0.400751
0.886128
0.70018
0.0171477

-0.248543
0.559078
0.790985
-0.198352
0.0373345

0.248543
-0.559078
-0.790985
0.993408
1.2866e-06

-0.156789
0.0675192
-0.985321
0.983294
0.00011063

0.875043
0.484044
0
0.554421
0.0542305

-0.875043
-0.484044
0
-3.95088
3.8499

-0.519193
-0.307245
0.797521
0.741074
0.00938875

-0.50209
0.336306
-0.796746
0.922381
0.000478104

0.73849
-0.523871
0.42449
0.670384
0.0030691

-0.73849
0.523871
-0.42449
0.690485
0.00270648

-0.57066
-0.426425
0.70179
0.809951
0.00394745

-0.0323519
-0.331648
0.942848
0.984057
1.99042e-05

0.0323519
0.331648
-0.942848
-0.968241
0.172135

0.119954
0.832917
-0.540242
0.908793
0.00038475

0.260353
0.402842
0.877459
0.840771
0.00250419

-0.774306
-0.363935
0.517689
0.430048
0.00952335

0.774306
0.363935
-0.517689
0.833877
0.000810255

0.315796
-0.940746
0.123573
-0.284552
0.109256

-0.315796
0.940746
-0.123573
0.623108
0.00940781

-0.282097
0.745339
-0.604062
0.8303
0.00118767

0.238233
0.480835
0.843826
0.68244
0.00595274

-0.0966824
0.254242
-0.962296
-0.0327779
0.0849525

0.0966824
-0.254242
0.962296
0.219073
0.0485836

-0.83027
-0.0890165
-0.550207
0.949585
0.000177277

0.83027
0.0890165
0.550207
-1.60793
0.449844

0.196243
-0.216268
0.956408
0.610444
0.0152387

0.4065
-0.755139
-0.514317
-0.795439
0.274327

-0.4065
0.755139
0.514317
0.580566
0.0149841

-0.216325
-0.21106
0.953235
0.669421
0.00338778

0.11729
0.993098
0
0.692885
0.00805684

-0.11729
-0.993098
0
-1.06429
0.358215

0.63656
0.247728
0.730358
0.646025
0.0132728

-0.63656
-0.247728
-0.730358
-1.70015
0.770854

-0.0638334
-0.456667
0.887345
0.602434
0.0224765

-0.289303
0.591593
0.752543
0.952885
0.000833588

0.289303
-0.591593
-0.752543
-17.3779
126.553

-0.836804
-0.262356
0.48055
0.425889
0.0258282

0.836804
0.262356
-0.48055
-0.276728
0.127341

-0.244517
-0.481388
0.841711
0.828369
0.000986462

0.244517
0.481388
-0.841711
0.313478
0.0157275

0.374866
-0.39939
0.836638
0.938667
0.00142907

-0.374866
0.39939
-0.836638
-17.2505
126.39

0.522492
0.68911
0.502125
-0.0113893
0.0832822

-0.115202
-0.262514
0.958027
0.438731
0.00965861

0.748903
-0.161332
-0.642742
0.960896
0.000219018

-0.219338
-0.701228
0.678358
0.505561
0.0079249

-0.638498
0.187118
-0.74653
0.168582
0.0347841

0.749969
-0.245894
-0.61407
0.181509
0.0582309

-0.749969
0.245894
0.61407
-0.16774
0.118498

0.666608
-0.257081
-0.699674
0.751193
0.00174505

-0.666608
0.257081
0.699674
0.647237
0.00342972

-0.4283
-0.228787
0.874194
0.973007
0.00027952

0.771431
0.183681
-0.609225
-2.00354
1.18137

-0.771431
-0.183681
0.609225
0.448332
0.039957

-0.077369
0.908535
-0.410582
-4.19044
4.38923

0.077369
-0.908535
0.410582
0.701031
0.0145915

-0.134461
0.18743
0.973031
0.84059
0.00714995

0.202741
-0.788257
0.580989
0.077348
0.0722857

-0.352244
0.0517787
-0.934475
-1.18828
0.487325

0.352244
-0.0517787
0.934475
0.515395
0.023912

-0.595181
0.708635
0.378939
0.928423
0.000229371

0.595181
-0.708635
-0.378939
-0.434843
0.0897684

0.0120798
-0.833404
-0.552532
-2.26516
1.88354

-0.0120798
0.833404
0.552532
-0.0867815
0.208666

-0.986025
0.166596
0
0.805255
0.00238439

0.986025
-0.166596
0
0.142517
0.0319765

0.446055
-0.427946
0.786064
0.736158
0.00671446

-0.446055
0.427946
-0.786064
-1.67113
0.687172

0.347811
0.423796
0.836316
0.988367
3.17912e-06

0.0420096
-0.375548
-0.925851
-16.5531
125.059

-0.0420096
0.375548
0.925851
0.824468
0.0125971

-0.831306
-0.485229
-0.271079
-0.277255
0.109063

0.831306
0.485229
0.271079
0.612963
0.0102114

-0.212011
-0.37102
0.904099
0.854076
0.0034114

-0.677207
0.545669
-0.493595
0.69014
0.00408773

-0.802909
0.0596083
-0.593114
-0.523192
0.159081

0.802909
-0.0596083
0.593114
0.693308
0.00650209

-0.716236
0.28707
-0.636079
-2.0718
1.55656

0.45985
0.358452
0.812435
0.839707
0.000294648

0.30435
-0.231881
0.923906
0.837434
0.00428606

-0.30435
0.231881
-0.923906
-5.03108
5.88651

0.299268
-0.660747
0.688369
-9.30478
23.5097

-0.299268
0.660747
-0.688369
0.948481
0.000602501

0.547488
-0.164902
-0.820405
-3.41336
2.75122

-0.547488
0.164902
0.820405
0.724166
0.0107736

0.0372529
0.30154
0.952725
-0.320761
0.0948491

0.469476
-0.508581
0.72176
0.782461
0.00357305

0.226682
-0.237755
-0.944504
-0.173651
0.0957291

-0.226682
0.237755
0.944504
0.511488
0.0166024

0.651961
-0.402608
-0.642537
0.658688
0.00575476

-0.0214522
0.831709
0.554797
0.107447
0.0771301

0.0214522
-0.831709
-0.554797
-0.325755
0.170167

-0.970723
-0.0217415
-0.239214
-1.59
0.747578

0.970723
0.0217415
0.239214
0.543124
0.0232756

-0.808037
0.176146
-0.562182
-1.23867
0.544861

0.808037
-0.176146
0.562182
0.440337
0.0341346

0.35036
0.838454
0.417424
0.891281
0.00139902

-0.35036
-0.838454
-0.417424
-3.45312
2.32818

0.511849
0.63238
0.581469
0.610402
0.0142722

-0.511849
-0.63238
-0.581469
-1.1699
0.442214

-0.0901183
0.0166795
0.995791
0.459903
0.133106

0.0901183
-0.0166795
-0.995791
-15.3379
121.509

0.147049
0.736035
-0.66078
-0.794047
0.535714

-0.147049
-0.736035
0.66078
-0.977929
0.651104

0.310772
-0.231611
-0.921834
-0.706583
0.141401

-0.310772
0.231611
0.921834
0.937771
0.000219217

0.436277
-0.899813
0
0.447864
0.0438988

-0.436277
0.899813
0
-2.21153
1.40294

0.294197
0.0227522
0.955474
0.453901
0.0345886

-0.294197
-0.0227522
-0.955474
-1.50758
0.728976

0.152233
0.652666
0.742194
0.493636
0.0139886

0.435501
0.781584
0.446616
0.351067
0.0237914

-0.435501
-0.781584
-0.446616
0.372168
0.0222718

-0.202624
0.384648
-0.90055
-1.3497
0.355388

0.202624
-0.384648
0.90055
0.928931
0.000359347

0.0808015
-0.44175
0.893492
0.9503
0.000121884

-0.0808015
0.44175
-0.893492
-0.7892
0.154558

0.335123
-0.76471
-0.550374
0.63496
0.00265283

0.508398
-0.0108702
0.861054
0.935638
0.00308427

-0.508398
0.0108702
-0.861054
-36.0721
1013.59

0.712243
0.0568709
-0.699625
0.78888
0.00283077

-0.754201
0.319867
0.573469
-0.337382
0.161069

0.754201
-0.319867
-0.573469
0.247723
0.0509659

0.538311
-0.833764
-0.122716
-2.21807
1.24256

-0.538311
0.833764
0.122716
0.642436
0.0153432

0.927104
0.252851
-0.276666
-0.695183
0.22626

-0.927104
-0.252851
0.276666
0.626015
0.0110261

-0.808259
-0.229295
-0.542348
-0.11028
0.0538263

0.808259
0.229295
0.542348
0.852917
0.000959367

0.476766
-0.87903
0
-2.16688
1.08325

-0.476766
0.87903
0
0.745325
0.00700854

0.733431
0.679764
0
-1.13312
0.62974

-0.733431
-0.679764
0
-0.118559
0.188069

-0.438259
0.388878
0.810372
-0.291539
0.250791

0.438259
-0.388878
-0.810372
-1.18268
0.71612

0.0402825
0.125987
-0.991214
-17.7363
126.915

-0.0402825
-0.125987
0.991214
0.982531
0.00011036

-0.36281
-0.199983
-0.910152
-1.35572
0.389702

0.36281
0.199983
0.910152
0.89183
0.00087404

0.212787
0.210056
-0.954253
-13.559
64.625

-0.212787
-0.210056
0.954253
0.945869
0.000923434

0.742289
-0.132929
-0.656762
0.718063
0.00566454

-0.37645
-0.706994
-0.598703
-1.12393
0.434902

0.37645
0.706994
0.598703
0.561171
0.0186418

0.720133
0.132091
0.681146
0.547695
0.0128742

-0.720133
-0.132091
-0.681146
-0.0328238
0.066752

-0.104761
-0.390634
-0.914566
0.668536
0.00319092

0.104761
0.390634
0.914566
0.674131
0.00308415

-0.847208
0.42276
0.321735
-2.70934
1.01377

0.847208
-0.42276
-0.321735
0.993744
3.27967e-06

0.944255
-0.0794666
0.319479
0.950728
0.0017771

-0.649017
-0.184801
-0.737987
-0.198895
0.13651

0.649017
0.184801
0.737987
0.0402274
0.0874931

0.223136
-0.577445
-0.785345
0.958596
0.000163266

-0.223136
0.577445
0.785345
-2.67487
1.16433

-0.443453
-0.197684
-0.874226
0.421876
0.0136863

0.443453
0.197684
0.874226
0.647141
0.00516289

0.140468
0.705622
0.694526
-1.82996
0.57215

-0.140468
-0.705622
-0.694526
0.946774
0.000217827

-0.367339
-0.540365
-0.757012
-0.525986
0.206997

0.367339
0.540365
0.757012
0.389223
0.0331646

-0.0818044
-0.331445
-0.939921
-8.23727
22.5667

0.0818044
0.331445
0.939921
0.650752
0.0322639

-0.190457
0.851204
0.489057
-0.532416
0.612732

0.190457
-0.851204
-0.489057
-3.96502
6.43057

0.675375
0.718602
0.165767
-0.284058
0.201023

-0.675375
-0.718602
-0.165767
-0.481341
0.267535

0.397067
-0.372618
0.838745
0.879761
0.00210588

-0.397067
0.372618
-0.838745
-4.61452
4.56397

0.599364
-0.481966
0.639117
0.653323
0.0117715

-0.599364
0.481966
-0.639117
-1.43855
0.5822

0.149847
-0.602938
0.783589
0.76437
0.0112328

-0.646099
0.454033
0.613523
-0.615555
0.314239

0.646099
-0.454033
-0.613523
-0.136429
0.155491

-0.582409
0.294992
0.757482
-1.14538
0.871933

0.582409
-0.294992
-0.757482
-1.14538
0.871933

-0.494017
-0.44897
0.744562
0.749705
0.00498575

0.494017
0.44897
-0.744562
-1.04322
0.327273

-0.282462
-0.883
0.374867
0.658559
0.0127562

0.622763
0.256625
-0.739127
-4.71221
5.72697

-0.622763
-0.256625
0.739127
0.70001
0.0158192

0.442037
0.651884
-0.616158
-2.27453
1.25707

-0.442037
-0.651884
0.616158
0.684617
0.0116776

0.32073
-0.362723
0.874965
0.971085
0.000120331

-0.32073
0.362723
-0.874965
-5.58491
6.06572

0.418738
0.40774
0.811423
0.815782
0.0138438

0.23784
-0.772563
0.588709
0.970523
5.14027e-05

-0.23784
0.772563
-0.588709
-1.16116
0.243128

-0.253275
-0.736838
-0.626834
0.951839
0.000268507

0.351745
0.329423
0.876217
0.648483
0.00386581

-0.786802
0.0365589
-0.616121
0.643194
0.00174609

-0.459891
0.84472
0.273765
0.994161
2.02133e-06

0.459891
-0.84472
-0.273765
-1.54141
0.332226

0.665806
0.66339
-0.341492
0.348026
0.0437931

-0.665806
-0.66339
0.341492
-0.867193
0.358941

-0.185467
0.669052
-0.719703
-2.44204
1.2966

0.185467
-0.669052
0.719703
0.790726
0.00480859

-0.0889514
0.619336
-0.780071
-1.22221
0.541614

0.0889514
-0.619336
0.780071
0.419484
0.0369679

-0.315029
0.0155867
0.948954
0.732821
0.0100668

0.315029
-0.0155867
-0.948954
-3.4289
2.75667

-0.280715
-0.338481
0.898126
0.623861
0.0239523

0.280715
0.338481
-0.898126
-4.05697
4.32168

-0.784014
-0.570076
0.245632
0.275584
0.0191174

0.784014
0.570076
-0.245632
0.801795
0.00144056

-0.556436
0.107267
-0.823937
0.98785
9.68619e-06

0.277175
0.654189
-0.703712
-0.422862
0.160144

-0.277175
-0.654189
0.703712
0.493745
0.0203721

-0.890625
-0.347408
0.293419
0.457275
0.0498221

0.890625
0.347408
-0.293419
-3.39638
3.26764

0.450444
-0.544506
0.707541
-0.619533
0.251237

-0.450444
0.544506
-0.707541
0.327392
0.0433473

-0.0443046
0.595586
0.802069
0.705152
0.00295201

0.0443046
-0.595586
-0.802069
0.518597
0.00783935

-0.21499
-0.967018
-0.136586
0.99639
5.90204e-07

0.21499
0.967018
0.136586
-1.11921
0.189191

-0.840245
-0.425575
-0.335967
0.742315
0.00752061

-0.322626
-0.837906
0.440257
0.969352
0.00067764

-0.290096
-0.305356
0.906974
0.905901
0.00116523

0.290096
0.305356
-0.906974
-4.23893
3.60603

0.569835
0.12729
0.811841
0.735953
0.0204128

-0.569835
-0.12729
-0.811841
-10.156
36.4174

0.773368
0.246255
0.584175
0.948031
0.00018984

-0.773368
-0.246255
-0.584175
-1.60275
0.449467

0.661652
0.362739
0.656229
0.693516
0.00566139

-0.661652
-0.362739
-0.656229
-0.22593
0.0896115

-0.836753
-0.54758
0
-0.193426
0.0886123

-0.952877
-0.303358
0
0.490471
0.0405186

0.952877
0.303358
0
-1.85816
0.980843

0.22991
-0.196382
0.953192
0.944276
0.0015445

-0.42129
-0.186548
0.887533
-0.367683
0.200174

0.42129
0.186548
-0.887533
-0.064806
0.121447

0.313505
0.489538
-0.813675
0.630603
0.00651291

-0.313505
-0.489538
0.813675
0.272641
0.0249656

-0.59242
-0.52524
-0.610869
0.916569
0.000182633

0.59242
0.52524
0.610869
0.318925
0.012126

-0.491377
0.577194
-0.652224
0.273099
0.0807809

-0.0727443
-0.660555
0.747245
0.494379
0.00361227

-0.717492
-0.0584614
-0.694109
-0.531762
0.140929

0.717492
0.0584614
0.694109
0.798445
0.002453

-0.343679
-0.503067
0.792974
0.689132
0.0202728

-0.217845
-0.844807
-0.488717
0.997982
7.06949e-07

-0.937314
0.348487
0
0.784753
0.0730985

0.937314
-0.348487
0
0.593628
0.125546

-0.267928
0.915968
0.298692
0.0863717
0.0249736

0.267928
-0.915968
-0.298692
0.93742
0.000117967

0.149286
0.480376
0.864264
0.742296
0.00497981

-0.149286
-0.480376
-0.864264
-0.878662
0.263296

-0.346565
-0.54806
0.761264
0.878979
0.00124759

-0.510806
0.824039
-0.245022
0.751676
0.00302015

0.510806
-0.824039
0.245022
-0.0128704
0.050131

0.0187918
0.787227
0.616377
0.865514
0.00430711

-0.0187918
-0.787227
-0.616377
-8.88066
23.2304

-0.650345
-0.0811934
0.755287
0.668728
0.00913104

0.493314
0
-0.869851
-1.57445
0.828385

-0.493314
0
0.869851
0.356383
0.0519986

-0.449586
-0.798564
-0.400209
-1.12719
0.262089

0.449586
0.798564
0.400209
0.93764
0.000321537

-0.0463296
-0.538885
-0.841104
-35.0423
1008.27

0.0463296
0.538885
0.841104
0.81611
0.0262662

0.460005
-0.379859
0.80256
0.48271
0.0116386

-0.460005
0.379859
-0.80256
0.543872
0.00907039

0.536422
-0.84395
0
-0.57328
0.152903

-0.536422
0.84395
0
0.791963
0.00267444

-0.00430044
0.559311
-0.828947
0.221841
0.0230629

0.00430044
-0.559311
0.828947
0.802479
0.00150146

-0.0699077
0.367382
-0.927439
-1.96673
0.730228

0.0699077
-0.367382
0.927439
0.900285
0.000830583

0.991026
0.133671
0
0.381139
0.0350079

-0.991026
-0.133671
0
-0.584285
0.229356

0.83293
-0.153608
-0.531631
-2.8188
2.4802

-0.83293
0.153608
0.531631
0.245091
0.0986221

0.648833
0.360641
-0.67004
-4.30495
5.47135

-0.648833
-0.360641
0.67004
0.444723
0.059979

0.113556
-0.210211
-0.971039
-21.234
290.916

-0.113556
0.210211
0.971039
0.445689
0.180819

0.102229
0.505764
0.856593
0.858026
0.0154301

-0.102229
-0.505764
-0.856593
-35.3452
1010.17

0.321692
0.11684
0.939608
0.953713
0.000109153

0.046482
-0.430339
0.90147
0.893909
0.0044576

-0.046482
0.430339
-0.90147
-16.9293
125.814

-0.0343889
-0.151597
0.987844
0.536846
0.013695

0.0343889
0.151597
-0.987844
-0.0267212
0.0665531

-0.961717
-0.274044
0
-0.471116
0.154684

0.961717
0.274044
0
0.632219
0.00970435

0.480438
0.188256
-0.856586
-0.621123
0.129098

-0.480438
-0.188256
0.856586
0.920398
0.000345287

0.524063
-0.164879
-0.835567
-0.445806
0.122656

-0.518482
0.34946
0.780419
0.802382
0.00408862

0.743467
0.131788
-0.655659
-0.4373
0.224885

-0.743467
-0.131788
0.655659
-0.0456517
0.1191

0.677227
-0.423351
0.601779
-1.13584
0.436812

0.313634
0.892676
-0.323671
-0.605021
0.17693

0.178627
-0.446171
0.87694
0.763644
0.00823616

-0.524818
-0.713167
-0.464713
0.319905
0.0211685

0.524818
0.713167
0.464713
0.620372
0.00661798

0.474135
-0.0840774
0.876429
0.744399
0.00582767

-0.474135
0.0840774
-0.876429
-1.42997
0.52663

0.148708
-0.716159
0.68191
-4.13654
3.57682

-0.148708
0.716159
-0.68191
0.873991
0.00215398

-0.603222
0.111888
-0.789687
-0.818259
0.126312

0.603222
-0.111888
0.789687
0.993029
2.51989e-06

0.383597
-0.24601
0.890131
0.962251
0.000273733

-0.410716
-0.29391
0.863093
0.883411
0.000616433

-0.176631
-0.158052
-0.971505
0.760193
0.0020946

0.176631
0.158052
0.971505
0.371876
0.0142234

0.430433
-0.280249
0.858014
0.909448
0.00107564

0.275605
-0.833547
0.478792
0.995927
2.16437e-06

0.00472107
-0.3423
0.939579
0.950467
0.000927987

-0.920214
-0.391417
0
0.95905
0.0015891

-0.437567
0.21911
-0.872081
0.969935
8.31382e-05

0.194488
0.67633
-0.710459
-0.671732
0.454733

-0.194488
-0.67633
0.710459
-1.02278
0.665633

0.0241915
-0.999707
0
0.489323
0.00943921

-0.29936
0.814599
-0.496802
0.968089
0.000127266

-0.748369
0.121889
0.651987
0.334998
0.0227657

0.748369
-0.121889
-0.651987
0.492906
0.0132389

0.557382
-0.658019
-0.506296
-3.29076
2.70492

-0.557382
0.658019
0.506296
0.649734
0.0180266

0.47844
0.187974
0.857765
0.970822
3.45464e-05

-0.0772801
-0.760542
0.644674
0.795213
0.0104509

0.0772801
0.760542
-0.644674
-8.62915
22.9932

0.344557
-0.0671718
0.936359
0.874271
0.00202238

-0.344557
0.0671718
-0.936359
-3.74436
2.85629

0.65297
-0.637853
-0.40838
0.883376
0.000834613

-0.65297
0.637853
0.40838
-0.873043
0.210182

0.938431
0.345468
0
0.124941
0.107513

-0.938431
-0.345468
0
-1.02638
0.499357

0.05893
0.974842
-0.214965
0.940616
7.89955e-05

-0.378141
-0.918899
-0.112404
-0.167553
0.0610721

0.378141
0.918899
0.112404
0.856974
0.000917439

-0.222376
0.654357
-0.722749
-0.752827
0.249767

0.222376
-0.654357
0.722749
0.614859
0.0120598

0.336155
-0.72377
0.602625
0.264738
0.0212533

-0.336155
0.72377
-0.602625
0.762956
0.00221298

-0.293278
0.30866
0.90483
-0.177967
0.184023

0.293278
-0.30866
-0.90483
-0.872731
0.464974

0.546913
0.145015
0.824534
0.348026
0.0439447

-0.546913
-0.145015
-0.824534
-0.867193
0.358984

0.108727
-0.376649
0.919953
0.926862
0.00107328

-0.309889
0.74767
-0.587332
0.994555
1.15966e-05

-0.27201
0.0616643
0.960317
-1.62044
1.34556

0.27201
-0.0616643
-0.960317
-0.858258
0.676956

-0.231678
-0.336364
0.912789
-0.219482
0.178365

0.231678
0.336364
-0.912789
-0.505536
0.271838

0.393559
0.23935
-0.887594
0.994181
4.29548e-06

0.809433
-0.284073
-0.513926
0.569372
0.00808525

-0.809433
0.284073
0.513926
0.445121
0.0133982

0.622224
-0.782839
0
0.901248
0.000910764

-0.622224
0.782839
0
-0.540774
0.119415

-0.305959
0.797333
-0.52024
-0.560279
0.184544

0.305959
-0.797333
0.52024
0.60993
0.0115825

-0.279354
0.808758
-0.517564
0.463254
0.0267794

0.279354
-0.808758
0.517564
-0.780703
0.294068

-0.834322
-0.169671
0.524517
0.993269
8.41605e-06

0.857026
-0.316445
0.406657
-2.19001
1.08786

-0.857026
0.316445
-0.406657
0.760027
0.006196

-0.23297
0.315826
0.919771
0.8249
0.00464797

0.23297
-0.315826
-0.919771
-4.45851
4.5074

0.373782
-0.0371868
-0.926771
-0.590576
0.187551

-0.373782
0.0371868
0.926771
0.646502
0.0094083

0.522402
0.852699
0
0.541332
0.00882669

-0.522402
-0.852699
0
0.598606
0.00688022

-0.615472
0.747347
0.250332
0.100545
0.0385571

0.615472
-0.747347
-0.250332
0.716696
0.00383261

0.863717
0.29049
0.411836
0.896566
0.000495891

-0.863717
-0.29049
-0.411836
-0.377807
0.0876421

0.0622369
-0.482827
0.873501
0.740934
0.0153108

-0.0622369
0.482827
-0.873501
-7.19698
15.2106

0.729617
0.683856
0
-1.6527
0.452667

-0.729617
-0.683856
0
0.961918
0.000103935

-0.840295
-0.54213
0
-2.62035
1.71697

0.840295
0.54213
0
0.597741
0.0275696

0.366684
0.0693617
0.927756
0.867327
0.00123137

-0.366684
-0.0693617
-0.927756
-1.05261
0.279077

0.336802
-0.246284
0.908795
-0.540582
0.0825491

-0.336802
0.246284
-0.908795
0.987565
6.93856e-06

-0.381589
-0.75786
0.529186
-0.62944
0.654675

0.381589
0.75786
-0.529186
-3.34667
4.65743

-0.430007
-0.0109231
0.902759
0.863337
0.00027746

-0.374618
-0.0696884
0.924556
0.918088
0.000314547

0.374618
0.0696884
-0.924556
-0.451341
0.0955729

0.181836
-0.0772266
0.980292
0.976591
0.000265699

-0.902862
-0.429931
0
0.306877
0.0792381

0.902862
0.429931
0
-1.39056
0.680077

0.498825
-0.648115
0.575431
0.635374
0.00306322

-0.339507
0.81705
0.466009
0.843211
0.00108987

-0.869427
-0.487124
0.0825023
0.822944
0.00104316

0.869427
0.487124
-0.0825023
0.32856
0.014994

0.0932638
0.438962
0.893652
0.543333
0.0512893

-0.0932638
-0.438962
-0.893652
-6.77047
14.789

-0.709333
-0.58936
0.386654
0.603271
0.00292564

0.709333
0.58936
-0.386654
0.910555
0.000149416

0.195085
-0.109118
0.974698
0.939076
0.000337655

-0.195085
0.109118
-0.974698
-2.23392
0.853383

-0.483442
-0.511408
0.710455
0.931416
0.000938613

-0.639176
0.105648
-0.76177
0.425087
0.0100797

0.639176
-0.105648
0.76177
0.818358
0.00100741

-0.70712
0.707094
0
0.68338
0.0403378

0.70712
-0.707094
0
-0.889721
0.298148

-0.349427
-0.288291
0.891509
-0.284061
0.20124

-0.0189519
-0.611659
-0.790895
-0.307313
0.0892857

0.0189519
0.611659
0.790895
0.817223
0.00176034

-0.321459
0.904626
0.279849
0.735953
0.00417685

0.321459
-0.904626
-0.279849
-0.336739
0.106788

-0.602239
-0.728594
0.32628
0.839763
0.00102147

0.602239
0.728594
-0.32628
0.0757818
0.0337976

0.24513
0.684907
-0.686159
-3.69535
3.41021

-0.24513
-0.684907
0.686159
0.669508
0.016984

0.972387
0.233375
0
-1.66445
0.67437

-0.972387
-0.233375
0
0.731269
0.010052

-0.833297
0.552826
0
0.995307
3.57434e-06

0.833297
-0.552826
0
-5.84206
6.1029

0.00548291
-0.579753
0.814774
-0.0343812
0.132487

-0.00548291
0.579753
-0.814774
-0.838894
0.418705

0.52629
0.56578
0.634754
0.950728
0.00178596

-0.52629
-0.56578
-0.634754
-36.2618
1014.46

-0.641379
0.110765
0.759186
0.931738
0.000408611

-0.421572
-0.859528
-0.288945
0.0954007
0.0494046

0.421572
0.859528
0.288945
0.501389
0.0150128

-0.257752
0.681482
0.684943
0.632677
0.00785025

0.257752
-0.681482
-0.684943
-0.0561411
0.0648624

-0.160609
0.117764
0.979968
0.678192
0.0112009

-0.146731
0.762378
0.630278
0.462854
0.016219

-0.871406
0.462552
-0.163392
0.134943
0.0258494

0.871406
-0.462552
0.163392
0.879281
0.000505096

-0.529876
-0.628939
0.568918
0.427486
0.0287227

0.529876
0.628939
-0.568918
-0.549532
0.20988

-0.863864
0.428626
-0.264612
-1.10638
0.568526

0.863864
-0.428626
0.264612
0.0638323
0.112324

-0.108036
0.860327
-0.498163
-12.6506
63.4235

0.108036
-0.860327
0.498163
0.763667
0.0190458

0.904754
0.402701
-0.138749
0.704396
0.00928981

-0.904754
-0.402701
0.138749
-1.93088
0.913134

0.150295
-0.654609
0.740877
0.560009
0.0124068

0.48379
0.118611
-0.86711
-2.6237
1.53418

-0.48379
-0.118611
0.86711
0.766707
0.00636085

-0.902649
0.167404
-0.396486
0.658689
0.00457334

0.902649
-0.167404
0.396486
0.435792
0.012495

-0.0533253
0.179699
0.982275
0.983818
7.62116e-05

-0.749051
0.575399
-0.328389
0.60929
0.0106308

0.16099
0.449011
0.878904
0.871277
0.0015508

-0.0633819
0.160185
0.98505
0.988427
6.39133e-05

-0.695853
-0.26305
0.668276
-0.591357
0.309701

0.695853
0.26305
-0.668276
-0.195287
0.174733

-0.867889
0.431834
-0.245535
-12.8035
63.6954

0.867889
-0.431834
0.245535
0.804373
0.0128006

-0.416703
-0.696773
0.583837
0.613443
0.0167366

0.306262
0.474741
0.825121
0.805022
0.00439437

-0.306262
-0.474741
-0.825121
-2.69443
1.55004

0.427139
0.228589
0.874814
0.402357
0.0615563

-0.17952
-0.232559
0.955871
0.902373
0.00175891

0.17952
0.232559
-0.955871
-6.71373
10.9433

-0.0488149
-0.713843
0.698602
0.311557
0.017241

0.0488149
0.713843
-0.698602
0.785536
0.00168418

-0.934615
0.133208
0.329772
-0.265414
0.185155

0.934615
-0.133208
-0.329772
-0.354186
0.212043

-0.175038
-0.984562
0
0.488622
0.0212201

0.175038
0.984562
0
-0.472624
0.175735

0.73282
0.261537
0.628151
0.662091
0.0149984

-0.73282
-0.261537
-0.628151
-2.7078
1.7969

0.145057
-0.285613
0.947303
0.0345757
0.139772

-0.145057
0.285613
-0.947303
-1.68173
1.07586

-0.0585164
0.704106
0.70768
-0.386251
0.202729

0.0585164
-0.704106
-0.70768
-0.0184641
0.10951

-0.78158
0.504712
-0.366603
-1.49524
0.485883

0.78158
-0.504712
0.366603
0.858546
0.00157246

0.115003
0.139211
0.983562
0.254765
0.0672739

-0.115003
-0.139211
-0.983562
-1.2234
0.596205

0.692011
-0.200383
-0.693519
-5.74573
7.88772

-0.692011
0.200383
0.693519
0.858312
0.00352068

-0.179836
-0.821965
0.5404
0.652448
0.00704068

-0.313767
-0.532465
0.78615
0.774911
0.00351298

0.313767
0.532465
-0.78615
-0.78049
0.218644

-0.579681
0.616203
0.533163
-9.03037
23.3409

0.579681
-0.616203
-0.533163
0.899696
0.00235138

0.305912
-0.057305
-0.950333
0.0143155
0.0771963

-0.305912
0.057305
0.950333
0.18176
0.0531995

-0.217983
0.416728
0.882508
0.834596
0.00304478

0.217983
-0.416728
-0.882508
-2.75505
1.56494

0.165503
-0.936499
0.309157
0.289152
0.111662

-0.165503
0.936499
-0.309157
-4.70889
7.1639

-0.82337
0.062093
0.564097
0.804117
0.00290877

0.82337
-0.062093
-0.564097
-1.11473
0.334982

-0.0732541
0.12567
0.989364
0.972138
0.000192963

0.0732541
-0.12567
-0.989364
-11.2872
37.5175

-0.0614843
0.874663
-0.480815
-0.373517
0.155113

0.0614843
-0.874663
0.480815
0.412802
0.0283617

0.306422
0.666217
0.679897
0.766532
0.00149233

-0.908855
-0.342965
0.237397
0.0554738
0.0401429

0.908855
0.342965
-0.237397
0.77624
0.00225439

-0.430965
0.788354
0.439052
-0.476529
0.11472

0.430965
-0.788354
-0.439052
0.86021
0.00102992

0.276749
-0.543352
-0.792577
-0.782321
0.344434

-0.276749
0.543352
0.792577
0.207861
0.0680426

-0.0655848
0.40806
0.910596
0.860415
0.00140476

0.0655848
-0.40806
-0.910596
-1.11933
0.30857

-0.104266
-0.860892
-0.497989
-1.0148
0.27597

0.104266
0.860892
0.497989
0.844538
0.00166484

-0.61825
-0.0263162
-0.785541
-0.320235
0.520901

0.61825
0.0263162
0.785541
-5.68369
13.3399

-0.109485
0.253409
0.961144
0.976584
6.04974e-05

0.109485
-0.253409
-0.961144
-4.1688
2.94238

0.559333
-0.62625
0.543101
0.633806
0.0138088

0.0995757
0.38674
-0.916797
0.927346
0.00041265

-0.239381
-0.903815
-0.354705
-0.837136
0.180035

0.239381
0.903815
0.354705
0.925667
0.000300235

-0.378656
-0.170285
0.909738
0.904444
0.000999898

-0.0162658
0.32117
0.946882
0.982516
0.000217947

0.0162658
-0.32117
-0.946882
-36.8038
1016.16

-0.212813
0.377404
0.901264
0.912081
0.000835012

0.171373
-0.813145
0.556261
-0.00930262
0.129128

-0.171373
0.813145
-0.556261
-0.953747
0.483766

-0.996852
-0.0792884
0
-0.898309
0.211793

0.0238746
-0.955888
-0.292759
0.568256
0.00786804

-0.0238746
0.955888
0.292759
0.473664
0.0116914

0.527902
0.428782
0.73312
0.772029
0.00113163

0.177739
0.816492
0.549317
0.702625
0.00455907

-0.230973
-0.362904
0.902747
0.646526
0.0295302

-0.727442
-0.686169
0
0.59891
0.0226579

-0.880919
0.235331
0.410611
0.829415
0.00206885

0.880919
-0.235331
-0.410611
-1.06913
0.30412

-0.162045
0.194455
0.967434
0.978178
0.000185686

0.0866967
-0.934038
-0.346492
-0.423661
0.0999193

-0.0866967
0.934038
0.346492
0.87889
0.000731249

-0.632832
0.374931
0.677459
0.95234
0.000144527

0.632832
-0.374931
-0.677459
-1.2472
0.292162

0.907557
0.187646
0.375672
0.268619
0.0859964

-0.907557
-0.187646
-0.375672
-2.53988
2.01333

-0.136352
-0.944041
0.300325
-1.57042
0.935716

0.136352
0.944041
-0.300325
0.104023
0.113724

-0.646097
-0.673206
-0.359655
0.795104
0.00481108

0.0221501
0.766346
0.642046
0.887928
0.000583244

-0.0221501
-0.766346
-0.642046
-0.266521
0.0711937

0.527727
-0.59042
-0.610663
-0.92999
0.340146

-0.527727
0.59042
0.610663
0.551355
0.0184593

0.322476
-0.528423
-0.785353
-3.04699
1.89107

-0.322476
0.528423
0.785353
0.849612
0.00261355

0.606473
0.336809
-0.720243
0.0547934
0.195727

-0.606473
-0.336809
0.720243
-3.86385
5.07883

-0.61269
-0.575993
-0.54115
-7.76182
21.9128

0.61269
0.575993
0.54115
0.411069
0.0990994

-0.121668
-0.082838
-0.989108
-36.2852
1014.66

0.121668
0.082838
0.989108
0.952442
0.00165395

0.386587
0.549164
-0.740925
-1.70426
1.22328

-0.348971
0.835924
-0.423616
0.354232
0.0313484

0.348971
-0.835924
0.423616
-0.0913467
0.0895247

0.0574311
0.956354
0.286511
0.911149
0.00306186

-0.0574311
-0.956354
-0.286511
-17.0423
126.071

-0.0586729
0.613421
0.787573
0.997197
3.80704e-06

-0.41671
0.235318
0.878054
0.843446
0.012891

0.923289
0.384105
0
-1.34618
0.675406

-0.923289
-0.384105
0
0.244216
0.0884223

-0.902603
-0.374214
0.212773
0.204048
0.0620689

0.902603
0.374214
-0.212773
-0.486661
0.216497

0.407074
0.712824
0.571115
0.697389
0.00564898

-0.407074
-0.712824
-0.571115
-0.302928
0.104628

0.903971
-0.0637396
-0.422816
-0.660197
0.25683

-0.903971
0.0637396
0.422816
0.393998
0.0342617

-0.172685
-0.530882
-0.829665
0.224254
0.0283381

0.172685
0.530882
0.829665
0.662759
0.00543601

0.316677
0.870549
0.376643
0.883221
0.000645071

-0.316677
-0.870549
-0.376643
-0.357202
0.0868161

0.772681
0.417219
-0.478428
0.824709
0.00117893

0.54444
0.232835
0.805837
0.800156
0.00462768

-0.230448
-0.56926
-0.7892
0.262411
0.0252748

0.230448
0.56926
0.7892
0.649964
0.00576241

0.247684
-0.072818
0.966101
0.830802
0.00327633

0.100745
0.548979
-0.829743
-4.40637
4.48651

-0.100745
-0.548979
0.829743
0.80385
0.00591457

0.205815
-0.596891
-0.775475
0.56561
0.00634641

-0.205815
0.596891
0.775475
0.67003
0.00366523

0.478787
0.162949
-0.862677
-0.895207
0.227911

-0.308264
-0.220859
-0.925308
0.182231
0.164682

0.308264
0.220859
0.925308
-5.30995
9.80411

0.783871
-0.620924
0
-0.582775
0.225334

-0.783871
0.620924
0
0.478377
0.0367783

0.171934
-0.560976
-0.809781
-0.205167
0.0721694

-0.171934
0.560976
0.809781
0.813709
0.00172837

0.611665
0.31089
0.72747
0.709238
0.00516455

-0.847869
0.487537
-0.20839
0.990548
2.45996e-06

0.847869
-0.487537
0.20839
-0.0868556
0.0292289

-0.370483
0.0190956
0.928643
0.85783
0.00123316

0.370483
-0.0190956
-0.928643
-0.659635
0.15869

0.158825
-0.248787
-0.955447
0.998501
3.76844e-07

0.770506
-0.240308
0.5904
0.4455
0.0288296

0.287151
-0.418405
-0.861674
-2.82657
1.17678

-0.287151
0.418405
0.861674
0.98515
2.44488e-05

-0.195372
0.624763
-0.755977
0.988721
2.83906e-06

-0.379937
0.193191
-0.904613
0.73328
0.00396038

0.948829
0.127972
0.288697
-0.303195
0.178528

-0.948829
-0.127972
-0.288697
-0.0833738
0.123389

-0.937036
-0.21691
-0.273703
0.262881
0.0457595

0.937036
0.21691
0.273703
-0.203507
0.121949

0.567546
0.474266
0.673025
0.657548
0.00401198

0.436465
0.594143
0.675642
0.938146
0.000151692

-0.436465
-0.594143
-0.675642
-0.138843
0.0458791

0.548301
0.0155035
0.836137
0.572731
0.0200623

-0.548301
-0.0155035
-0.836137
-1.6198
0.754084

0.177891
0.964765
0.193863
-0.670547
0.278104

-0.177891
-0.964765
-0.193863
0.291665
0.0500091

0.382109
-0.776808
-0.500561
0.975429
3.86937e-05

-0.0877604
0.391279
0.916078
0.276581
0.0651157

0.0877604
-0.391279
-0.916078
-1.36875
0.695373

0.85749
0.514501
0
0.595988
0.0595083

-0.85749
-0.514501
0
-9.78489
34.4974

-0.888917
-0.458069
0
0.306877
0.0819833

0.888917
0.458069
0
-1.39056
0.677247

-0.253581
-0.597299
-0.760875
-2.58965
1.52544

0.253581
0.597299
0.760875
0.746725
0.00760334

-0.267587
0.65213
0.709312
0.731318
0.0125427

0.267587
-0.65213
-0.709312
-4.77555
5.75915

-0.659038
-0.512085
-0.550851
-0.398544
0.167912

0.659038
0.512085
0.550851
0.365678
0.0346066

-0.652226
-0.0475198
-0.756534
0.998707
9.17468e-07

-0.45209
0.394875
-0.799805
-9.83982
35.921

0.45209
-0.394875
0.799805
0.618912
0.0445411

0.837633
-0.486894
0.2476
-0.00545549
0.114257

-0.837633
0.486894
-0.2476
-0.594387
0.287271

-0.59995
0.532868
0.59675
0.68492
0.00739718

0.59995
-0.532868
-0.59675
-0.684933
0.209941

0.22301
0.604964
-0.764386
-0.0531877
0.0865849

-0.22301
-0.604964
0.764386
0.268619
0.0417759

-0.0802567
0.842692
0.532381
-0.478156
0.400247

0.0802567
-0.842692
-0.532381
-1.79466
1.43026

0.41517
-0.796192
0.440128
0.976495
2.22319e-05

-0.41517
0.796192
-0.440128
-0.60208
0.100089

0.592059
0.211274
0.777708
0.836036
0.00227793

0.480366
0.707909
0.517796
0.325446
0.0321655

-0.480366
-0.707909
-0.517796
0.124997
0.05343

-0.332276
0.501967
0.798512
0.397635
0.0145814

0.332276
-0.501967
-0.798512
0.676645
0.00426033

-0.0848694
0.498535
-0.862705
0.616549
0.0451502

-0.565204
-0.382892
-0.730711
0.591357
0.0287299

0.565204
0.382892
0.730711
-4.00589
4.29289

0.0185302
0.751013
0.660028
0.908093
0.000690676

-0.0185302
-0.751013
-0.660028
-1.84652
0.639767

0.282357
-0.564151
0.775892
0.912553
0.00243121

-0.282357
0.564151
-0.775892
-13.3274
64.402

-0.261775
0.133796
0.95581
0.841456
0.00607632

0.261775
-0.133796
-0.95581
-8.7877
23.1511

-0.652252
-0.530366
0.541552
0.671725
0.00276675

0.744061
-0.668112
0
0.970046
0.000898996

0.142772
0.233108
-0.961913
-8.09047
15.7685

-0.142772
-0.233108
0.961913
0.965039
0.000252971

0.620979
-0.462386
0.632918
-1.55554
1.31353

-0.620979
0.462386
-0.632918
-1.01918
0.82012

0.795078
-0.240561
0.55676
0.989603
1.09614e-05

0.614236
0.789123
0
0.228321
0.0440155

-0.614236
-0.789123
0
0.161246
0.051739

0.628163
0.305627
-0.715544
-0.633452
0.253172

0.0662209
0.869422
0.489612
0.660262
0.00995103

-0.0662209
-0.869422
-0.489612
-1.03005
0.353815

0.8424
-0.377134
0.38488
0.802527
0.00771256

-0.8424
0.377134
-0.38488
-6.37475
10.7506

-0.167671
0.47454
0.864117
0.802976
0.00959962

0.497941
0.621309
0.605004
-0.870601
0.306255

-0.497941
-0.621309
-0.605004
0.578697
0.0156082

-0.578651
-0.0855679
0.811074
0.969528
5.60569e-05

0.578651
0.0855679
-0.811074
-1.39319
0.327062

0.823949
0.25984
-0.503579
-0.231404
0.0633391

-0.823949
-0.25984
0.503579
0.903458
0.000403137

0.641911
-0.706093
0.29897
0.304615
0.0768599

-0.641911
0.706093
-0.29897
-2.57271
2.02802

-0.243872
-0.79964
0.548728
0.201932
0.0206811

0.613531
-0.24761
-0.749846
0.235367
0.0219559

-0.613531
0.24761
0.749846
0.803005
0.00145835

-0.598941
-0.0367975
0.799947
0.675984
0.0187509

-0.722139
0.587092
0.365839
0.953192
0.000285421

0.722139
-0.587092
-0.365839
-4.61914
4.01617

-0.0102016
-0.998633
0.0512685
-2.43106
2.84006

0.0102016
0.998633
-0.0512685
-1.12619
1.09064

0.355687
0.200919
-0.912753
0.959136
0.000136474

-0.144354
-0.541171
0.828429
0.884037
0.000405199

-0.692231
0.324032
-0.644841
-0.374092
0.0924758

0.692231
-0.324032
0.644841
0.870373
0.000852881

0.528184
-0.211397
-0.822395
-0.90604
0.28739

-0.528184
0.211397
0.822395
0.699197
0.00726263

0.36947
-0.153286
-0.916513
0.24558
0.0648194

-0.36947
0.153286
0.916513
-0.992135
0.450295

0.720249
-0.124516
-0.682449
-0.490859
0.146897

-0.720249
0.124516
0.682449
0.712648
0.00546452

0.711617
0.17352
0.680802
0.777786
0.00608269

-0.711617
-0.17352
-0.680802
-2.8966
1.85206

-0.451352
0.0712376
-0.889498
0.794892
0.00317681

-0.237961
0.269608
0.933106
0.703495
0.00208136

0.18383
0.351399
0.918001
-0.147427
0.147743

-0.18383
-0.351399
-0.918001
-0.397106
0.21888

0.0637383
0.978028
0.198493
-0.732804
0.395702

-0.0637383
-0.978028
-0.198493
-0.273083
0.213599

0.458766
0.625915
-0.630685
-13.201
64.2756

-0.458766
-0.625915
0.630685
0.890728
0.00381224

0.293165
-0.0384028
-0.95529
0.986575
4.50262e-05

0.728159
-0.0953881
0.678738
0.93218
0.0014397

-0.728159
0.0953881
-0.678738
-13.4566
64.5502

0.491926
0.638941
0.591408
0.607724
0.0046041

-0.9147
-0.385535
0.121192
0.881023
0.000582299

0.9147
0.385535
-0.121192
-0.072962
0.0461021

0.382843
0.199439
0.902029
-0.144209
0.205286

-0.382843
-0.199439
-0.902029
-1.57446
1.03764

-0.624496
-0.698545
-0.349343
0.504131
0.0117563

0.574999
0.145465
0.805118
0.0751828
0.0463728

-0.574999
-0.145465
-0.805118
0.624149
0.00766274

-0.182471
0.24039
0.953371
0.891281
0.00138964

0.375816
-0.458598
-0.805264
0.115443
0.0464003

-0.0646598
0.12682
-0.989816
-8.35441
22.702

0.0646598
-0.12682
0.989816
0.698643
0.0236048

0.0436687
-0.303243
0.951912
0.63279
0.008285

0.132207
0.940125
0.314143
-1.57968
0.927358

-0.132207
-0.940125
-0.314143
0.144848
0.101941

0.198095
-0.242586
0.94969
0.023236
0.172907

-0.198095
0.242586
-0.94969
-2.63294
2.39179

0.485073
-0.641857
-0.593906
-0.367179
0.145386

-0.485073
0.641857
0.593906
0.484519
0.0207373

0.642057
-0.178979
-0.745473
0.999321
2.84714e-07

0.109598
-0.620865
0.776219
0.837604
0.00234902

-0.109598
0.620865
-0.776219
-0.488667
0.124634

-0.794155
-0.247578
-0.554999
-6.66208
10.9148

0.794155
0.247578
0.554999
0.889666
0.00228381

-0.765908
0.130024
-0.629665
0.896059
0.00109827

-0.792508
-0.0122186
0.609739
-1.77126
0.631059

0.792508
0.0122186
-0.609739
0.875777
0.00131582

0.0983346
0.249321
0.963416
0.90112
0.0014008

-0.273825
-0.239441
0.931497
0.959337
0.000832777

-0.555014
0.281847
0.782638
0.0934091
0.0616749

0.555014
-0.281847
-0.782638
0.205451
0.0473766

-0.169863
-0.637363
0.751608
0.776523
0.00920709

0.169863
0.637363
-0.751608
-5.5166
7.76534

-0.128374
0.0745399
0.988921
0.865681
0.00718437

0.128374
-0.0745399
-0.988921
-16.7638
125.569

-0.0335947
-0.438021
-0.898337
0.680581
0.00662339

0.0335947
0.438021
0.898337
-0.370763
0.121968

0.378123
0.753813
-0.537391
-3.26533
1.64328

-0.378123
-0.753813
0.537391
0.981905
3.27639e-05

0.691449
-0.478158
0.541538
0.840763
0.00136562

-0.691449
0.478158
-0.541538
-0.409926
0.105073

0.625509
0.616752
-0.477866
-0.901138
0.396322

-0.625509
-0.616752
0.477866
0.257367
0.0605374

0.0134101
0.911521
0.411035
0.342083
0.0297198

-0.0134101
-0.911521
-0.411035
0.0933439
0.0564048

-0.708128
-0.636668
0.305301
-0.55989
0.242841

0.314505
0.0515986
0.947852
0.49789
0.0481564

-0.314505
-0.0515986
-0.947852
-4.37799
5.52133

-0.711946
0.676519
0.188294
0.604798
0.00990718

0.711946
-0.676519
-0.188294
-0.161408
0.0855131

0.259444
0.0787905
-0.962539
-1.74727
0.780325

-0.259444
-0.0787905
0.962539
0.684821
0.0102737

-0.159453
-0.0526326
0.985801
-0.0801973
1.06294

0.159453
0.0526326
-0.985801
-31.6757
972.63

0.235833
-0.971794
0
0.881822
0.00109809

-0.892076
-0.104912
0.439537
0.63272
0.0114556

0.892076
0.104912
-0.439537
-0.918849
0.312442

0.40829
0.0727786
-0.909946
-2.28245
1.64471

-0.40829
-0.0727786
0.909946
0.273093
0.0806764

-0.252314
-0.416866
-0.873247
0.976735
3.27559e-05

0.826958
0.299793
0.475673
0.310233
0.0409712

-0.826958
-0.299793
-0.475673
-0.318081
0.149443

0.550704
-0.834701
0
0.307248
0.0371421

-0.550704
0.834701
0
0.0255023
0.071643

0.4349
0.177447
0.882822
-4.0709
8.18601

-0.4349
-0.177447
-0.882822
-1.43043
1.88109

-0.602608
0.762778
0.234592
-1.52306
0.331799

0.602608
-0.762778
-0.234592
0.992213
3.42239e-06

-0.107208
-0.531859
0.84002
-0.421933
0.32439

0.107208
0.531859
-0.84002
-1.26881
0.825274

-0.480152
0.249066
-0.841083
0.443829
0.00869325

0.480152
-0.249066
0.841083
0.846115
0.000670872

0.454407
0.0618723
0.888643
0.931428
0.000307816

-0.454407
-0.0618723
-0.888643
-1.11095
0.261302

-0.153502
0.97462
0.162951
-2.6317
1.33432

0.153502
-0.97462
-0.162951
0.880396
0.00145052

0.559208
0.499004
0.662028
0.788284
0.00450053

0.116374
-0.688064
-0.716257
-1.22221
0.54154

-0.116374
0.688064
0.716257
0.419484
0.0370913

-0.290668
0.0580645
0.955061
0.916949
0.000244647

0.859166
0.197543
0.472028
0.120278
0.080006

-0.859166
-0.197543
-0.472028
-0.510492
0.23572

-0.469591
-0.517908
-0.715021
0.471817
0.00902918

0.469591
0.517908
0.715021
0.768769
0.00177121

0.702884
-0.572581
0.422026
0.873601
0.00102493

-0.702884
0.572581
-0.422026
-0.989889
0.253217

0.629666
-0.334677
-0.701079
-0.575785
0.174224

-0.629666
0.334677
0.701079
0.692764
0.00669752

-0.846882
-0.531781
0
-8.23727
21.5481

0.846882
0.531781
0
0.650752
0.0410479

0.153849
0.285228
-0.946031
0.837212
0.00520732

-0.153849
-0.285228
0.946031
-6.47819
10.8049

-0.0407213
-0.912842
-0.406277
-0.512152
0.168487

0.0407213
0.912842
0.406277
0.618597
0.0107244

-0.0530245
0.514943
0.855583
0.88051
0.00228382

-0.00647342
-0.331814
-0.943323
-1.4665
0.482602

0.00647342
0.331814
0.943323
0.842714
0.00198257

0.927705
-0.0994466
0.359825
0.705411
0.00823115

-0.927705
0.0994466
-0.359825
-1.49985
0.592562

-0.32636
-0.18067
0.927819
0.158669
0.0948118

0.32636
0.18067
-0.927819
-1.43142
0.789438

0.523737
0.85188
0
0.684759
0.00945949

-0.523737
-0.85188
0
-0.970246
0.31893

0.194449
-0.323416
-0.926063
0.520355
0.0150306

-0.993686
0.112193
0
0.874909
0.000162583

0.993686
-0.112193
0
0.890529
0.0001246

0.470523
0.522678
-0.710927
-4.61701
5.67288

-0.470523
-0.522678
0.710927
0.648937
0.0221661

0.748608
0.114844
0.65299
0.724914
0.0076444

-0.748608
-0.114844
-0.65299
-1.80014
0.790394

-0.141052
0.414933
-0.898852
-0.840339
0.145832

0.141052
-0.414933
0.898852
0.979943
2.71389e-05

0.472089
-0.0706487
-0.878715
0.610445
0.0153675

0.284428
-0.0953466
0.953944
0.919818
0.000450224

-0.666879
-0.579899
0.467964
0.809866
0.00262294

-0.217938
-0.832072
0.510057
0.481764
0.0139329

0.645638
0.0662519
-0.760765
-1.20298
0.288431

-0.645638
-0.0662519
0.760765
0.937358
0.000583069

0.837562
0.546342
0
0.268313
0.0415016

-0.837562
-0.546342
0
0.0966786
0.0618942

0.165688
0.614395
-0.771405
-0.303948
0.350135

-0.165688
-0.614395
0.771405
-2.73438
2.87115

0.46951
-0.631637
-0.616924
-5.95868
7.98102

-0.46951
0.631637
0.616924
0.915968
0.0011832

0.861155
-0.305978
-0.405942
0.968594
6.14411e-05

-0.320428
0.706451
-0.631073
-3.11244
2.62965

0.320428
-0.706451
0.631073
0.520499
0.0357759

-0.121597
-0.927013
0.35477
-0.602684
0.398834

0.121597
0.927013
-0.35477
-0.922479
0.573849

0.172065
-0.0709872
0.982524
-0.464044
0.154254

-0.172065
0.0709872
-0.982524
0.623302
0.0103775

-0.712696
0
0.701473
0.722907
0.00311409

-0.10016
0.978149
-0.18219
0.828464
0.00125324

0.10016
-0.978149
0.18219
0.00821316
0.0417245

-0.111819
0.28351
0.952428
0.527783
0.0282856

0.111819
-0.28351
-0.952428
-2.08399
1.20539

-0.90545
0.344625
-0.24778
0.809431
0.00243307

0.90545
-0.344625
0.24778
-0.823983
0.222304

-0.110047
-0.785004
-0.609638
0.225727
0.0312617

0.110047
0.785004
0.609638
0.564471
0.00989412

0.706435
-0.189383
0.68197
0.880568
0.000682591

-0.706435
0.189383
-0.68197
-0.286944
0.0756729

-0.119028
-0.615052
0.779451
0.846025
0.00415535

0.119028
0.615052
-0.779451
-5.70714
7.87281

0.732877
0.244586
0.634877
0.671358
0.00311573

-0.732877
-0.244586
-0.634877
0.676858
0.00301247

0.114049
-0.109163
-0.987459
-11.3469
37.5453

-0.114049
0.109163
0.987459
0.977643
0.000123641

-0.813158
0.145141
0.563656
0.809357
0.00202177

0.813158
-0.145141
-0.563656
-0.372271
0.103098

-0.55867
-0.73877
-0.37697
0.153319
0.0575888

0.55867
0.73877
0.37697
0.0248803
0.0763829

0.468396
0.590966
0.656784
0.172497
0.0878599

-0.468396
-0.590966
-0.656784
-1.29862
0.677812

-0.184789
0.213449
-0.959319
-1.65619
1.78367

0.184789
-0.213449
0.959319
-2.08055
2.39885

-0.101583
0.213256
0.971701
-0.755314
0.47761

0.101583
-0.213256
-0.971701
-0.755314
0.47761

0.208548
-0.600563
0.771901
0.0337223
0.0377463

0.0981482
0.750759
-0.653244
-4.21022
4.39952

-0.0981482
-0.750759
0.653244
0.711545
0.0134878

-0.135214
-0.0483077
-0.989638
0.990967
1.45644e-06

0.135214
0.0483077
0.989638
0.268311
0.00931188

0.686728
-0.663582
-0.296755
0.366833
0.0256651

-0.686728
0.663582
0.296755
0.177136
0.043334

0.857039
0.308613
0.412604
0.821005
0.00176317

0.39425
-0.2602
-0.881398
-5.43614
9.93385

-0.39425
0.2602
0.881398
0.284869
0.122944

-0.283284
-0.154863
0.94645
0.939768
0.000261164

0.283284
0.154863
-0.94645
-1.37975
0.357402

-0.206703
-0.645062
-0.735641
-0.999103
0.451681

-0.0875768
0.19707
-0.97647
-23.836
300.582

0.0875768
-0.19707
0.97647
0.966757
0.000543351

0.550153
-0.705979
0.446011
0.575066
0.0104604

-0.550153
0.705979
-0.446011
0.0568663
0.051389

-0.832524
0.206632
0.514011
0.678192
0.0112269

0.832524
-0.206632
-0.514011
-1.89625
0.905623

0.820295
0.216867
0.52923
0.36788
0.0462869

-0.820295
-0.216867
-0.52923
-1.30385
0.614587

-0.849513
0.277222
0.448861
-0.205994
0.188566

0.849513
-0.277222
-0.448861
-0.760827
0.401881

-0.00467815
0.581489
0.813541
0.899288
0.000533317

0.00467815
-0.581489
-0.813541
-0.495643
0.109221
