
0.38353
-0.303658
-0.872179
-2.20679
1.09169

-0.38353
0.303658
0.872179
0.770354
0.00560058

0.69064
-0.243774
0.680874
0.479381
0.0143932

0.368083
0.75938
0.536522
-0.98286
0.3475

-0.368083
-0.75938
-0.536522
0.61153
0.0133439

0.924864
0.355335
0.135517
0.96827
0.000305267

-0.951015
0.102581
-0.291629
-0.800182
0.178092

0.951015
-0.102581
0.291629
0.908211
0.000467556

0.605811
0.748368
-0.270071
0.414895
0.0672357

-0.605811
-0.748368
0.270071
-4.26594
5.44421

0.74918
0.108431
0.653432
0.587208
0.00642755

-0.74918
-0.108431
-0.653432
0.558911
0.00733846

0.0351604
0.772106
0.63452
0.510813
0.0319771

-0.0351604
-0.772106
-0.63452
-2.27702
1.4347

0.829001
0.00281033
0.55924
0.634291
0.00776953

0.201362
-0.778265
-0.594775
-2.18742
1.23439

-0.201362
0.778265
0.594775
0.618074
0.0177247

0.558106
0.595378
0.577964
0.846759
0.00454142

0.753858
-0.612089
0.238841
0.0784866
0.0443757

-0.652424
0.235301
-0.7204
-1.42283
0.639989

0.652424
-0.235301
0.7204
0.511601
0.02613

-0.251412
-0.798048
-0.547642
-4.47658
5.58613

0.251412
0.798048
0.547642
0.564323
0.0353709

-0.943495
-0.331386
0
-0.271001
0.0923212

0.943495
0.331386
0
0.746259
0.00377186

0.0478058
0.583213
0.810912
0.214881
0.0468343

-0.0478058
-0.583213
-0.810912
0.0620193
0.0668285

-0.237668
0.93278
-0.27099
-0.663446
0.18133

0.237668
-0.93278
0.27099
0.77767
0.00324796

0.198787
0.273291
-0.941167
-10.8286
37.163

-0.198787
-0.273291
0.941167
0.907909
0.00230216

0.803002
-0.557416
-0.210892
0.955936
4.65914e-05

-0.372793
-0.12113
0.919974
0.641862
0.0114764

0.372793
0.12113
-0.919974
-1.10274
0.395468

-0.192179
-0.98136
0
0.993276
2.20654e-05

-0.453238
0.421376
0.785505
0.680968
0.00982684

0.453238
-0.421376
-0.785505
-1.47025
0.587579

0.0995256
-0.0807851
0.99175
0.994871
2.98519e-06

-0.529935
0.458402
-0.713468
0.86069
0.00238781

-0.369867
-0.0458998
-0.92795
-17.6426
126.838

0.369867
0.0458998
0.92795
0.976221
0.000206443

-0.237596
-0.388116
0.890457
-5.26406
5.97221

0.237596
0.388116
-0.890457
0.908471
0.00131889

-0.58565
0.23327
-0.776273
-2.17143
1.22937

0.58565
-0.23327
0.776273
0.604942
0.0192039

0.665823
-0.74611
0
0.50947
0.0344169

-0.665823
0.74611
0
-1.70893
0.846989

-0.758915
-0.509484
-0.405555
-0.985745
0.295936

0.758915
0.509484
0.405555
0.768857
0.00403029

-0.99495
-0.100368
0
0.164136
0.0568382

0.99495
0.100368
0
-0.0113946
0.0832134

0.119587
-0.792164
-0.598478
-2.92298
2.16986

-0.119587
0.792164
0.598478
0.616895
0.0207125

-0.613584
0.155324
-0.774202
-0.333656
0.0906795

0.613584
-0.155324
0.774202
0.839624
0.00136308

0.0645469
-0.938326
0.339673
0.430505
0.0264727

-0.0645469
0.938326
-0.339673
-0.383841
0.156172

0.322447
0.273247
0.906291
-0.170209
0.141754

-0.322447
-0.273247
-0.906291
-0.170209
0.141754

-0.366744
0.43499
0.822364
0.840592
0.00712557

-0.94106
-0.173836
0.29015
-3.04558
2.21297

0.94106
0.173836
-0.29015
0.699089
0.0122575

0.212137
0.86571
0.45337
0.157448
0.0443702

-0.927084
0.205007
0.313828
-0.0609013
0.0917898

0.927084
-0.205007
-0.313828
0.203141
0.0517974

-0.430446
-0.519634
-0.738036
0.986433
2.02619e-05

-0.130048
-0.317519
0.939292
-0.174399
0.226781

0.130048
0.317519
-0.939292
-1.74702
1.24076

-0.174731
0.984616
0
0.392391
0.0294039

0.174731
-0.984616
0
-0.267725
0.127973

0.074453
-0.390311
0.917668
0.926291
0.00081254

0.895816
0.310161
-0.318299
0.805501
0.00196702

-0.895816
-0.310161
0.318299
-0.260226
0.0824721

-0.700735
-0.677031
-0.224946
0.982027
8.35688e-06

0.311323
-0.854919
0.414959
0.290131
0.0359611

-0.311323
0.854919
-0.414959
0.0882105
0.0593015

-0.555158
0.258242
0.790639
0.796339
0.00388958

0.555158
-0.258242
-0.790639
-1.76079
0.701474

0.244681
0.183042
-0.95217
-0.284343
0.0752364

-0.0246184
-0.512851
-0.858125
-0.541455
0.127771

0.0246184
0.512851
0.858125
0.875034
0.00167965

0.0580054
-0.512553
-0.856694
-2.05674
1.07231

-0.0580054
0.512553
0.856694
0.652084
0.013907

-0.752592
-0.481217
0.449483
-0.0871594
0.148556

0.752592
0.481217
-0.449483
-0.813819
0.413364

-0.426737
0.881122
-0.203764
-0.177825
0.0784428

0.426737
-0.881122
0.203764
0.716857
0.00462188

-0.0916537
0.871722
0.481352
0.453775
0.0110168

-0.939418
-0.258607
0.224979
-1.39258
0.574091

0.939418
0.258607
-0.224979
0.610445
0.0152216

-0.0206869
0.341143
-0.939784
0.917814
0.000499977

-0.138065
0.762416
-0.632186
-1.24
0.346872

0.138065
-0.762416
0.632186
0.880052
0.00102242

0.203235
-0.19744
-0.959017
-0.96436
0.318394

-0.203235
0.19744
0.959017
0.679075
0.010951

-0.307692
-0.665931
-0.679604
-0.0800399
0.0604243

0.307692
0.665931
0.679604
0.740899
0.00353325

0.103215
0.919055
0.380374
0.549824
0.0279832

0.95067
0.148835
0.272167
-0.365399
0.0704754

-0.467554
-0.883964
0
0.89036
0.000655644

0.467554
0.883964
0
-0.660695
0.148605

0.524564
-0.352719
0.774869
0.852495
0.00134034

-0.0914408
-0.049146
-0.994597
-1.82685
1.27201

0.0914408
0.049146
0.994597
-0.0420425
0.173243

0.202574
0.957428
0.205659
-1.86481
0.802188

-0.202574
-0.957428
-0.205659
0.769287
0.00520822

-0.256234
0.181873
0.94935
0.97373
0.00014783

0.722549
-0.217532
0.656203
0.84059
0.00707455

-0.722549
0.217532
-0.656203
-10.5173
36.8753

0.282053
-0.36059
-0.889056
-13.3589
64.4276

-0.282053
0.36059
0.889056
0.917591
0.00216183

0.676249
-0.343771
0.651543
0.760989
0.00136746

-0.676249
0.343771
-0.651543
0.697006
0.00219526

-0.0969485
-0.231071
-0.968095
-10.9528
37.2906

0.0969485
0.231071
0.968095
0.929273
0.00131574

-0.400637
0.0929152
0.911514
0.717557
0.0025392

0.834221
0.121622
-0.537851
0.0112514
0.0585451

-0.834221
-0.121622
0.537851
0.566724
0.0112852

-0.876233
0.100108
0.471375
-0.314911
0.13231

0.876233
-0.100108
-0.471375
0.475493
0.0210953

0.226736
0.92612
0.301485
0.61531
0.0235114

-0.226736
-0.92612
-0.301485
-3.60944
3.3728

0.718174
0.0157399
0.695686
0.685189
0.00845298

-0.718174
-0.0157399
-0.695686
-1.056
0.35717

0.154182
-0.861862
0.483138
0.760979
0.0128463

-0.951973
0.306182
0
-6.12429
10.2047

0.951973
-0.306182
0
0.701928
0.0236164

-0.336459
-0.271835
-0.90161
-0.706667
0.244545

0.336459
0.271835
0.90161
0.558748
0.0165098

0.498542
0.389221
0.774573
0.000399828
0.096305

-0.498542
-0.389221
-0.774573
-0.183785
0.134984

0.333585
-0.059569
0.940836
0.543124
0.023311

-0.333585
0.059569
-0.940836
-1.59
0.747501

0.646975
-0.347171
0.678893
-1.01129
0.454085

-0.646975
0.347171
-0.678893
0.275932
0.0588583

-0.911132
0.346805
-0.222632
-0.847793
0.241383

0.911132
-0.346805
0.222632
0.775819
0.00355898

-0.162228
0.120109
0.979416
0.854386
0.00369724

0.162228
-0.120109
-0.979416
-5.7332
7.88531

-0.0720693
-0.855224
0.513223
0.39259
0.0208746

0.0720693
0.855224
-0.513223
0.329248
0.025444

-0.437278
-0.077658
0.895967
0.927028
0.000868013

0.437278
0.077658
-0.895967
-6.00824
8.00354

-0.412975
-0.901504
-0.12939
-4.30982
6.79577

0.412975
0.901504
0.12939
-0.0970721
0.290104

0.55532
0.0625072
-0.829284
-2.35638
1.12024

-0.55532
-0.0625072
0.829284
0.850414
0.00224016

-0.0082417
0.438083
-0.898897
-3.14364
1.91196

0.0082417
-0.438083
0.898897
0.887261
0.00142892

0.578202
0.425579
-0.696107
0.856
0.000765608

-0.578202
-0.425579
0.696107
0.12835
0.027907

0.732924
-0.6299
0.256997
0.316584
0.0212234

-0.732924
0.6299
-0.256997
0.627139
0.00632426

-0.653664
0.282274
-0.702172
-0.743991
0.248825

0.653664
-0.282274
0.702172
0.604537
0.0128867

0.75612
0.144339
-0.638317
-13.0918
64.1302

-0.75612
-0.144339
0.638317
0.869713
0.00548998

-0.534963
-0.0522609
0.843258
0.91725
0.000956566

0.534963
0.0522609
-0.843258
-4.74656
4.60624

0.293615
-0.88351
-0.364966
0.080552
0.0377926

-0.293615
0.88351
0.364966
0.770137
0.00237612

-0.0417156
-0.974789
0.219195
-0.641683
0.408642

-0.91713
0.304175
-0.257585
-0.134621
0.0928174

-0.920467
-0.0893983
-0.380458
0.695311
0.00299465

0.880245
0.47452
0
0.922508
0.00087877

-0.880245
-0.47452
0
-3.55481
2.33488

-0.036095
-0.641649
-0.766148
0.902364
0.0007156

0.036095
0.641649
0.766148
-1.4786
0.439442

-0.0414729
0.227145
0.972978
0.821126
0.00625917

0.0414729
-0.227145
-0.972978
-6.42879
10.785

-0.485107
-0.739281
0.46705
0.595685
0.0104661

0.485107
0.739281
-0.46705
-0.155413
0.0851847

-0.0287135
0.47265
-0.880782
-2.79394
2.12049

0.0287135
-0.47265
0.880782
0.51608
0.0345488

-0.883492
0.402798
-0.239157
0.923744
0.000173962

0.883492
-0.402798
0.239157
0.164599
0.020587

0.70956
0.226341
-0.667303
0.920555
0.000233267

-0.70956
-0.226341
0.667303
-0.0855083
0.042612

-0.0145409
-0.917697
0.397015
0.178726
0.0783309

0.0145409
0.917697
-0.397015
-0.951939
0.442216

-0.261568
0.152931
0.952992
0.823608
0.00423559

0.261568
-0.152931
-0.952992
-3.55437
2.71238

-0.746651
0.0651269
-0.66202
-0.118559
0.174387

0.746651
-0.0651269
0.66202
-1.13312
0.633681

-0.0299792
0.220457
-0.974936
-0.814511
0.276753

0.0299792
-0.220457
0.974936
0.603016
0.0134276

-0.553229
0.790446
-0.262931
-0.102622
0.0672943

0.553229
-0.790446
0.262931
0.698714
0.00503364

-0.647962
-0.0615321
0.759183
0.689929
0.0157784

0.647962
0.0615321
-0.759183
-4.17002
4.37942

-0.00162985
-0.483765
0.875196
0.952442
0.00167264

0.00162985
0.483765
-0.875196
-36.2852
1014.39

0.468462
0.625337
-0.624096
-1.92915
1.02661

-0.468462
-0.625337
0.624096
0.559593
0.0232969

-0.432471
-0.695095
-0.574292
0.934857
0.000698024

0.432471
0.695095
0.574292
-6.04588
8.01336

-0.0559613
-0.136692
-0.989032
0.856216
0.00228417

0.0559613
0.136692
0.989032
-2.57392
1.32082

0.763203
-0.216689
0.608742
0.724131
0.00356007

0.174363
-0.438334
0.881737
-0.205597
0.251803

-0.174363
0.438334
-0.881737
-1.94338
1.49887

-0.231363
-0.277251
0.932525
0.851806
0.00606777

0.0551373
-0.360882
-0.93098
-1.75834
0.781942

-0.0551373
0.360882
0.93098
0.693516
0.00979833

-0.170084
0.640059
0.749264
0.759414
0.0033346

0.170084
-0.640059
-0.749264
-0.283259
0.0929583

-0.668815
0.465299
-0.579813
-0.103613
0.0860491

0.668815
-0.465299
0.579813
0.448523
0.0215434

0.519422
0.53023
0.670117
0.574051
0.00833351

0.191995
0.398153
-0.897002
-9.26107
23.4955

-0.191995
-0.398153
0.897002
0.941867
0.00075729

-0.29156
-0.341453
0.893534
0.883035
0.000354488

-0.299157
0.909637
0.288212
-0.109759
0.106692

0.299157
-0.909637
-0.288212
0.138746
0.0642692

-0.290065
-0.655723
-0.697058
0.981276
3.15461e-05

0.290065
0.655723
0.697058
-2.42457
0.869826

0.437251
0.810924
0.388862
0.444723
0.0599886

-0.437251
-0.810924
-0.388862
-4.30495
5.47114

-0.717149
0.137334
0.683254
0.645887
0.00842326

0.717149
-0.137334
-0.683254
-0.342877
0.120062

0.727446
0.323568
-0.605083
-4.10453
4.34554

-0.727446
-0.323568
0.605083
0.652623
0.0201976

-0.773607
0.506462
-0.380827
-0.0197542
0.0690459

0.773607
-0.506462
0.380827
0.469433
0.0187134

0.876812
0.480834
0
0.478377
0.0328224

-0.876812
-0.480834
0
-0.582775
0.221946

0.158912
-0.678256
-0.717437
-1.40264
0.432188

-0.158912
0.678256
0.717437
0.86577
0.0013889

-0.184132
-0.041123
-0.982041
-0.757644
0.175785

0.702087
-0.598771
0.385418
0.804174
0.00691809

0.540871
0.441238
-0.716078
0.558303
0.0216949

-0.168901
0.778929
0.603938
0.278585
0.075706

0.801248
0.299035
0.518246
0.719716
0.00906082

-0.801248
-0.299035
-0.518246
-2.32534
1.26945

-0.441407
0.770959
0.45911
0.826116
0.00222306

0.441407
-0.770959
-0.45911
-0.724057
0.186363

0.819681
-0.18718
0.541374
0.584126
0.0127882

-0.819681
0.18718
-0.541374
-0.434339
0.151491

0.564178
-0.808268
-0.168542
-0.166235
0.0405046

-0.402408
-0.519473
0.753801
0.832064
0.00503817

0.402408
0.519473
-0.753801
-5.66537
7.84681

-0.0812273
0.646883
0.758251
0.711949
0.00610367

0.0812273
-0.646883
-0.758251
-0.711429
0.212484

-0.548361
0.117872
-0.827893
0.691846
0.00736179

-0.185696
0.419268
0.888668
-0.0162377
0.0926818

0.292121
0.0340199
-0.955776
-2.19715
1.08943

-0.292121
-0.0340199
0.955776
0.764456
0.00594369

0.139195
0.502489
0.853305
0.774852
0.00398402

-0.139195
-0.502489
-0.853305
-1.07486
0.330746

-0.554686
0.0553949
-0.830214
-0.258983
0.19722

0.554686
-0.0553949
0.830214
-0.566282
0.305085

0.0967426
0.363627
0.926507
0.641862
0.0114893

-0.0967426
-0.363627
-0.926507
-1.10274
0.395463

0.902856
0.429943
0
-5.1436
11.8826

-0.902856
-0.429943
0
-1.00607
1.32752

0.29183
-0.647525
-0.70395
-0.641869
0.375433

-0.29183
0.647525
0.70395
-0.513152
0.318911

-0.425248
-0.905077
0
0.34307
0.0344739

0.425248
0.905077
0
-0.199657
0.114911

0.596859
0.353011
-0.720515
-1.18624
0.342058

-0.596859
-0.353011
0.720515
0.850291
0.00161506

-0.343261
-0.577145
0.740996
0.789745
0.00351873

0.343261
0.577145
-0.740996
-1.18303
0.372438

-0.346678
0.356106
0.867758
-0.133642
0.137064

0.346678
-0.356106
-0.867758
-0.28463
0.176005

0.81131
-0.0560459
0.581923
-1.5067
0.810544

-0.81131
0.0560459
-0.581923
0.267576
0.0692255

0.672773
0.406933
0.617885
-0.0611242
0.0651258

-0.113442
-0.229195
-0.966748
-17.389
126.567

0.113442
0.229195
0.966748
0.954027
0.000792689

-0.0490867
-0.831154
0.553872
0.784404
0.00540031

0.0490867
0.831154
-0.553872
-2.65541
1.54146

-0.220086
0.664171
-0.71445
-0.219482
0.178487

0.220086
-0.664171
0.71445
-0.505536
0.271933

0.479571
0.672842
-0.56329
-0.294182
0.0986381

-0.479571
-0.672842
0.56329
0.731418
0.00428959

-0.637408
-0.585366
-0.501057
-4.04299
3.54591

0.637408
0.585366
0.501057
0.84007
0.00359005

-0.372364
-0.0315045
-0.927552
-2.98751
1.6096

0.372364
0.0315045
0.927552
0.922575
0.000607341

-0.511171
-0.748936
-0.421663
-9.09154
23.3868

0.511171
0.748936
0.421663
0.912092
0.00178415

-0.204258
-0.509889
-0.835639
0.542471
0.00989498

0.204258
0.509889
0.835639
0.379904
0.0181739

0.24733
-0.833032
0.494859
0.311857
0.0681941

-0.24733
0.833032
-0.494859
-2.08591
1.36976

0.61098
-0.724008
-0.32018
-0.801819
0.237078

-0.61098
0.724008
0.32018
0.736083
0.00510046

0.219958
-0.0599171
-0.973668
-2.99485
1.38222

-0.219958
0.0599171
0.973668
0.978081
4.2405e-05

0.930386
-0.366581
0
-0.251479
0.225369

-0.930386
0.366581
0
-1.06875
0.61583

-0.714337
-0.632882
0.298635
0.310305
0.00862357

0.234596
0.84332
-0.483505
-0.780957
0.177465

-0.234596
-0.84332
0.483505
0.898236
0.000802218

-0.963807
0.266603
0
0.843103
0.00167615

-0.375929
-0.845383
0.37948
-14.4467
117.973

0.375929
0.845383
-0.37948
0.0345712
0.460919

0.926125
-0.251778
0.280892
0.490393
0.0334634

-0.926125
0.251778
-0.280892
-2.04506
1.19405

0.0693209
-0.740766
-0.668177
0.475491
0.0211487

0.146721
-0.278027
-0.949302
-8.80747
23.1677

-0.146721
0.278027
0.949302
0.846759
0.00566133

-0.501058
-0.531779
-0.682753
-3.78832
3.45127

0.501058
0.531779
0.682753
0.722488
0.0116112

-0.451085
0.314286
0.835312
-0.590392
0.473185

0.451085
-0.314286
-0.835312
-1.73973
1.40419

-0.571152
-0.036522
-0.820031
-5.86522
7.94521

0.571152
0.036522
0.820031
0.892731
0.00195063

0.76761
-0.585077
-0.261649
-0.80252
0.321212

-0.76761
0.585077
0.261649
0.379004
0.038142

-0.103251
-0.160316
0.981651
0.96084
4.98487e-05

-0.656486
0.0425757
-0.753136
-2.05992
0.83313

0.656486
-0.0425757
0.753136
0.875238
0.00138763

0.455354
-0.337655
-0.823797
-13.0918
64.1002

-0.455354
0.337655
0.823797
0.869713
0.00553301

0.458031
-0.0223281
0.888656
0.870169
0.000661672

-0.389744
0.778346
0.492217
0.193783
0.0312978

0.786174
-0.516305
-0.339646
0.970794
0.000214426

-0.786174
0.516305
0.339646
-11.2736
37.5061

-0.22492
-0.908938
-0.35106
0.918986
0.00332505

0.26888
0.0483396
-0.96196
-0.72334
0.162362

-0.26888
-0.0483396
0.96196
0.896643
0.000639085

-0.910901
-0.29993
0.283376
-1.21631
0.376175

0.910901
0.29993
-0.283376
0.81275
0.00268793

0.322533
-0.367084
0.87248
0.969703
0.000338035

-0.322533
0.367084
-0.87248
-17.5586
126.758

0.0809909
0.933508
0.349289
-1.36875
0.695565

-0.0809909
-0.933508
-0.349289
0.276581
0.0649129

0.487753
0.0401691
0.872057
0.957542
0.000153607

-0.487753
-0.0401691
-0.872057
-2.47743
0.997639

0.587005
-0.215664
0.78033
0.726398
0.00599422

0.075364
0.624163
-0.777651
-1.01703
0.382852

-0.075364
-0.624163
0.777651
0.549253
0.019249

-0.903069
-0.214752
-0.371952
-1.14069
0.367415

0.903069
0.214752
0.371952
0.757949
0.00499251

0.0231145
0.411958
0.910909
0.0600314
0.106696

-0.0231145
-0.411958
-0.910909
-0.886449
0.428782

-0.377103
0.710727
0.593852
0.647544
0.00715366

0.377103
-0.710727
-0.593852
-0.0660269
0.0653899

0.43541
-0.679257
0.590787
0.858547
0.0104756

-0.43541
0.679257
-0.590787
-22.9057
298.34

-0.237836
0.0485469
0.970091
0.793493
0.0035667

0.237836
-0.0485469
-0.970091
-1.38722
0.472998

-0.878577
0.477602
0
0.377305
0.037189

0.878577
-0.477602
0
-0.460051
0.189179

-0.101659
-0.397211
-0.91208
-22.9485
298.515

0.101659
0.397211
0.91208
0.86529
0.0094527

-0.31686
0.833894
-0.451908
-1.44077
0.396826

0.31686
-0.833894
0.451908
0.927815
0.000355855

-0.221229
-0.578155
0.785363
0.668338
0.00682385

0.136997
0.0448622
-0.989555
-9.43001
23.5836

-0.136997
-0.0448622
0.989555
0.965093
0.000264581

-0.0396577
-0.819256
0.572055
0.422594
0.0131188

0.565155
0.50973
-0.648671
-0.719915
0.185628

-0.565155
-0.50973
0.648671
0.823049
0.00200578

0.380354
0.677762
-0.629261
0.582068
0.00780721

-0.380354
-0.677762
0.629261
0.398178
0.016173

-0.201424
0.106017
0.97375
0.768959
0.0134236

-0.801393
0.482073
0.354084
-1.05339
0.555475

0.801393
-0.482073
-0.354084
-0.0341671
0.140907

0.299494
0.779077
0.550765
-0.01139
0.224943

-0.299494
-0.779077
-0.550765
-3.81458
5.09408

-0.909015
0.289405
0.299893
0.848561
0.00252263

0.806909
-0.575112
0.134704
-1.57968
0.927395

-0.806909
0.575112
-0.134704
0.144848
0.101917

0.208822
-0.393626
-0.895238
-7.55088
15.5004

-0.208822
0.393626
0.895238
0.857633
0.00429741

0.681531
-0.615819
-0.395326
0.0828083
0.0880167

-0.681531
0.615819
0.395326
-0.493024
0.233137

0.707112
0.707101
0
-8.65422
74.9788

-0.707112
-0.707101
0
-8.65422
74.9788

0.386835
-0.193677
-0.901581
-0.962408
0.251116

-0.386835
0.193677
0.901581
0.8574
0.00134243

-0.136551
-0.930538
-0.339784
0.772842
0.00601781

0.136551
0.930538
0.339784
-2.63452
1.53669

-0.320597
-0.736509
-0.595628
-1.66299
0.409393

0.320597
0.736509
0.595628
0.985348
1.55596e-05

0.517542
0.301757
0.800683
0.751503
0.00575856

0.188802
-0.583468
-0.789885
0.699089
0.0064736

-0.188802
0.583468
0.789885
-0.638294
0.191779

0.10133
-0.128337
0.98654
0.910102
0.00169542

-0.10133
0.128337
-0.98654
-7.76648
15.618

-0.333788
-0.884068
0.327124
0.403872
0.0127989

0.703312
-0.56011
-0.437755
-0.0810059
0.0764106

-0.703312
0.56011
0.437755
0.526916
0.0146656

0.619937
0.416635
0.664901
0.765958
0.00933901

-0.619937
-0.416635
-0.664901
-4.85105
5.79886

0.513557
-0.652065
-0.557737
0.761624
0.00267152

-0.513557
0.652065
0.557737
0.0464969
0.0421993

-0.852018
0.523512
0
0.337997
0.0819739

0.527801
-0.0426092
-0.848299
0.411552
0.0158058

-0.527801
0.0426092
0.848299
0.54947
0.00926636

0.0523913
-0.778164
-0.625872
-0.522511
0.862762

-0.0523913
0.778164
0.625872
-7.63759
27.6116

0.800835
0.246782
0.545676
0.28903
0.0406105

-0.724445
0.252017
-0.641613
-2.12307
1.07355

0.724445
-0.252017
0.641613
0.715942
0.00889754

-0.461873
0.083919
0.882967
0.865958
0.00162134

0.461873
-0.083919
-0.882967
-2.0395
0.830175

-0.971748
-0.236022
0
0.781229
0.00346072

0.971748
0.236022
0
-0.925439
0.267884

0.254975
0.00809785
-0.966914
-9.00362
23.3256

-0.254975
-0.00809785
0.966914
0.893993
0.00262599

0.721764
0.175427
0.669539
0.693517
0.00497269

0.950345
0.311197
0
0.677565
0.00199013

0.523954
-0.0851716
-0.847478
-1.98821
0.82196

-0.523954
0.0851716
0.847478
0.840864
0.0023974

0.286847
0.442564
0.849621
0.780065
0.0138792

-0.698284
0.615999
-0.364615
-0.242846
0.181822

0.698284
-0.615999
0.364615
-0.426728
0.2396

-0.444987
-0.72296
-0.528503
-0.88069
0.307566

0.444987
0.72296
0.528503
0.590427
0.0146418

0.661611
0.749847
0
0.868834
0.0943904

-0.661611
-0.749847
0
-0.516274
0.400937

-0.0520909
0.0313481
0.99815
0.924724
0.0028663

0.0520909
-0.0313481
-0.99815
-23.3897
299.694

0.114966
-0.435243
-0.892943
-2.18817
1.40452

-0.114966
0.435243
0.892943
0.424133
0.0460541

0.436139
0.795347
0.420958
-1.63574
0.844521

-0.436139
-0.795347
-0.420958
0.429798
0.0395726

-0.261351
-0.159457
0.951982
0.957001
7.36726e-05

0.369925
0.215629
0.903692
0.897442
0.000207449

-0.369925
-0.215629
-0.903692
0.599324
0.00315445

-0.893038
0.407739
0.190348
-0.180964
0.119775

0.893038
-0.407739
-0.190348
0.21242
0.0532801

-0.337965
-0.564991
-0.752705
0.618912
0.0445273

0.337965
0.564991
0.752705
-9.83982
35.9231

-0.631375
0.642523
0.4342
0.92592
0.00124685

0.631375
-0.642523
-0.4342
-9.16561
23.439

-0.785795
-0.618487
0
0.0776459
0.0834223

0.785795
0.618487
0
-0.213588
0.141615

0.0147385
-0.603513
0.797217
0.891039
0.000998931

-0.745575
-0.398271
0.53432
0.521973
0.0167188

0.745575
0.398271
-0.53432
-0.299301
0.123491

0.0020548
-0.575381
-0.817883
-1.53006
0.816631

-0.0020548
0.575381
0.817883
0.29915
0.062871

-0.103729
0.300945
-0.947983
-8.38655
16.585

0.103729
-0.300945
0.947983
0.980788
8.81585e-05

0.236304
-0.352629
-0.905436
0.964593
6.90388e-05

-0.236304
0.352629
0.905436
-1.21158
0.266615

-0.277062
-0.189346
-0.942011
-0.133985
0.122153

0.277062
0.189346
0.942011
-0.0147102
0.0978657

-0.609862
-0.537251
-0.582607
-0.858349
0.242345

-0.337712
-0.696922
0.632654
0.664124
0.00437993

0.254015
-0.947855
0.192478
-2.80039
2.48046

-0.254015
0.947855
-0.192478
0.224896
0.103194

-0.574552
0.340368
-0.744339
-1.27354
0.671323

0.574552
-0.340368
0.744339
0.132665
0.0977082

-0.0578661
-0.160907
-0.985272
-6.62175
14.6284

0.0578661
0.160907
0.985272
0.458007
0.0740478

-0.0162208
0.307732
-0.951335
-0.605237
0.249412

0.0162208
-0.307732
0.951335
0.302683
0.0472838

0.877327
0.479804
-0.00924783
-0.589228
0.30929

-0.877327
-0.479804
0.00924783
-0.200585
0.176514

0.639488
-0.64627
0.416401
0.765958
0.0296825

-0.639488
0.64627
-0.416401
-22.4042
296.579

-0.900363
0.272311
0.339402
0.0112348
0.0901948

0.900363
-0.272311
-0.339402
-0.101684
0.111963

-0.654465
-0.701522
0.282033
0.36788
0.0462894

0.654465
0.701522
-0.282033
-1.30385
0.614585

-0.701531
-0.425825
-0.571426
0.704548
0.00273009

0.701531
0.425825
0.571426
0.585331
0.00536693

0.132028
0.264056
0.955428
0.628908
0.0327343

-0.0321213
-0.43194
-0.90133
-0.92999
0.340164

0.0321213
0.43194
0.90133
0.551355
0.018553

0.635439
-0.276564
0.720923
-0.220929
0.066197

-0.635439
0.276564
-0.720923
0.876628
0.000711222

-0.668586
-0.128809
0.732394
-26.5834
874.628

0.668586
0.128809
-0.732394
-3.41336
22.392

0.826831
-0.56245
0
0.432105
0.0153085

-0.826831
0.56245
0
0.551292
0.00976366

0.633315
0.354879
-0.68773
-0.207842
0.073751

-0.633315
-0.354879
0.68773
0.806257
0.00198097

0.765805
-0.643072
0
-1.01179
0.351294

-0.765805
0.643072
0
0.641946
0.0138622

0.776241
-0.42963
0.461375
-0.950348
0.791407

-0.776241
0.42963
-0.461375
-1.8085
1.64102

-0.107508
-0.325694
-0.939343
-7.1729
20.9461

-0.217304
-0.438272
-0.87218
-3.77085
3.44139

0.217304
0.438272
0.87218
0.712968
0.0125824

-0.0607805
-0.331207
-0.941599
-1.28741
0.350715

0.0607805
0.331207
0.941599
0.903042
0.000680553

-0.0360354
0.050154
0.998091
-0.79336
0.652405

0.0360354
-0.050154
-0.998091
-1.87733
1.67931

0.350374
0.608349
0.712144
-3.56821
2.35117

-0.350374
-0.608349
-0.712144
0.926181
0.000636494

0.0799523
-0.925585
-0.370001
0.674414
0.00642646

-0.67294
0.669181
-0.315196
0.81268
0.0050048

-0.16198
0.963931
-0.211186
-0.801819
0.237072

0.16198
-0.963931
0.211186
0.736083
0.00509233

0.773363
-0.619735
0.13356
0.304459
0.0537483

-0.773363
0.619735
-0.13356
-1.02985
0.457729

-0.0693862
-0.754401
0.652737
0.950311
0.00181738

0.0952617
-0.882573
0.460423
0.978749
1.64672e-05

-0.0952617
0.882573
-0.460423
-0.218269
0.0452063

0.8252
0.56484
0
0.914816
0.00212497

0.228867
0.81132
0.537941
0.93422
0.00086094

-0.410716
-0.29391
0.863093
0.883411
0.000616433

0.125004
0.584267
0.801876
0.378204
0.0500496

0.227792
0.397543
0.888859
-8.54814
22.9029

-0.227792
-0.397543
-0.888859
0.768958
0.0135193

0.204905
0.196269
0.958902
0.961533
0.000259631

0.0693876
0.943238
-0.324787
0.817233
0.00228403

-0.0693876
-0.943238
0.324787
-0.901836
0.24616

0.764176
0.171392
-0.62182
0.842211
0.000597525

-0.764176
-0.171392
0.62182
0.579957
0.00421602

-0.43341
0.29745
0.850693
0.78366
0.0056914

0.180979
-0.75053
-0.635571
0.963327
0.000666593

0.903722
0.42812
0
-1.96695
1.29456

-0.903722
-0.42812
0
0.162643
0.116547

-0.582208
0.172339
-0.794565
0.496263
0.0233116

0.582208
-0.172339
0.794565
-0.804843
0.297453

0.682447
-0.0685642
-0.727712
0.930029
0.000305527

-0.682447
0.0685642
0.727712
-1.26512
0.319825

0.0652968
0.908241
0.413321
0.498568
0.00941264

-0.0652968
-0.908241
-0.413321
0.651519
0.00456586

0.0827358
-0.766713
-0.636636
0.972242
3.66031e-05

-0.0827358
0.766713
0.636636
-0.914833
0.170588

-0.128988
-0.120793
0.984262
0.699089
0.012396

0.128988
0.120793
-0.984262
-3.04558
2.21073

-0.380977
0.254341
-0.888913
-2.36989
1.67797

0.380977
-0.254341
0.888913
0.369843
0.0589229

-0.249829
0.288237
0.924394
0.949188
0.000996721

0.249829
-0.288237
-0.924394
-17.343
126.437

-0.111402
-0.219011
-0.969342
-1.07332
0.239127

0.111402
0.219011
0.969342
0.944166
0.000181236

0.122138
-0.192376
-0.973691
-9.26107
23.4977

-0.122138
0.192376
0.973691
0.941867
0.000754471

-0.402091
0.0789424
-0.91219
0.518856
0.01404

0.226217
0.672652
-0.704532
-12.8035
63.6736

-0.226217
-0.672652
0.704532
0.804373
0.0128478

-0.601468
0.0600466
0.796637
-0.772716
0.316569

0.601468
-0.0600466
-0.796637
0.332487
0.0449038

0.0244061
0.739726
0.672466
0.877678
0.00126938

-0.0244061
-0.739726
-0.672466
-0.461008
0.10927

-0.2761
0.461081
0.843311
0.353392
0.0340706

0.2761
-0.461081
-0.843311
-0.247315
0.126275

-0.608401
-0.375806
0.699012
-4.24794
4.41485

0.608401
0.375806
-0.699012
0.730971
0.0116784

0.423337
-0.0133609
0.905874
0.833828
0.00187664

-0.423337
0.0133609
-0.905874
-0.857915
0.225087

0.287929
0.043707
0.956654
0.579635
0.0126929

0.345225
0.445164
0.826226
0.86577
0.00135524

-0.345225
-0.445164
-0.826226
-1.40264
0.432318

-0.756735
-0.627162
-0.184447
0.667913
0.0289805

0.756735
0.627162
0.184447
-8.27809
22.6162

-0.116607
-0.456817
-0.881885
-0.183742
0.107598

0.116607
0.456817
0.881885
0.391482
0.0285747

0.00266271
0.295989
0.955188
0.979611
0.000132931

-0.387925
-0.571317
0.723264
0.164136
0.0568482

0.387925
0.571317
-0.723264
-0.0113946
0.0832238

0.489858
0.871803
0
0.601514
0.0314925

-0.489858
-0.871803
0
-4.53599
5.55181

0.551236
0.634021
-0.542362
-2.33637
1.45308

-0.551236
-0.634021
0.542362
0.563505
0.0249396

-0.299412
0.457559
0.837253
-4.36346
8.60701

0.299412
-0.457559
-0.837253
-0.930843
1.116

-0.828163
0.00563997
-0.560459
0.956267
0.000742953

-0.129634
0.309018
-0.94218
-0.847209
0.193924

0.129634
-0.309018
0.94218
0.902504
0.000543003

0.565344
0.639737
0.520694
0.991044
6.32791e-06

0.666459
0.689737
0.283012
0.336369
0.0322686

-0.666459
-0.689737
-0.283012
-0.017261
0.0757949

-0.693647
0.183742
0.696486
0.381139
0.0350273

0.10442
-0.237641
0.965724
0.643482
0.0103218

-0.10442
0.237641
-0.965724
-0.778239
0.252736

-0.930598
0.175525
0.321212
0.317
0.0161622

-0.16606
0.538398
0.826167
0.88925
0.0011832

-0.518285
0.441616
0.732364
0.532936
0.0214498

0.518285
-0.441616
-0.732364
-1.09917
0.430868

0.903246
0.0393662
-0.427314
-1.03121
0.236836

0.645719
-0.494803
-0.581565
0.685334
0.00331211

-0.645719
0.494803
0.581565
0.553285
0.00666552

0.6163
0.400142
0.678278
0.831408
0.00169296

-0.636923
-0.770928
0
0.806187
0.00107063

0.636923
0.770928
0
0.511479
0.00677854

-0.872629
0.469035
-0.136107
0.42597
0.0134787

-0.673823
0.210542
0.708262
0.814717
0.00357464

0.673823
-0.210542
-0.708262
-2.2848
1.10664

0.178614
0.129339
0.975381
0.861453
0.00305541

-0.297729
0.132592
-0.945398
-0.0259104
0.0766561

0.297729
-0.132592
0.945398
0.355747
0.0303614

0.538348
-0.352967
-0.765242
-35.733
1012.13

-0.538348
0.352967
0.765242
0.903397
0.00703459

-0.601596
-0.117186
0.790158
-3.73656
2.85503

0.601596
0.117186
-0.790158
0.871507
0.00210168

0.00144964
-0.37299
0.927834
0.906451
0.00150391

0.144337
-0.558123
-0.817108
-3.06244
1.89461

-0.144337
0.558123
0.817108
0.856059
0.00238211

0.766905
0.325143
-0.553298
-16.6295
125.271

-0.766905
-0.325143
0.553298
0.840096
0.0103357

-0.807945
-0.352954
-0.471857
-0.312494
0.118659

0.807945
0.352954
0.471857
0.60506
0.0113547

0.488422
-0.205947
0.847956
0.74814
0.00185204

0.498825
-0.648115
0.575431
0.635374
0.00306322

-0.412086
-0.573264
0.708204
0.728398
0.00419263

0.412086
0.573264
-0.708204
-0.187418
0.0789059

0.70766
0.448011
0.546355
0.576303
0.0273394

-0.70766
-0.448011
-0.546355
-3.18508
2.66059

-0.832786
0.242938
0.497442
0.591357
0.0286728

0.832786
-0.242938
-0.497442
-4.00589
4.29421

-0.28754
0.317808
0.903504
0.898307
0.00102631

0.28754
-0.317808
-0.903504
-2.47084
1.13803

-0.564896
-0.0377634
-0.824298
0.286253
0.0279596

0.407222
0.913329
0
0.490393
0.0355932

-0.407222
-0.913329
0
-2.04506
1.18513

0.413732
0.408769
-0.81347
-2.31002
2.20612

-0.413732
-0.408769
0.81347
-0.471117
0.435789

-0.189312
0.0336237
-0.981341
-1.45629
0.481164

0.189312
-0.0336237
0.981341
0.836839
0.00221293

-0.233376
-0.639904
-0.73216
0.851775
0.0024136

-0.167798
0.0859321
-0.982069
0.901366
0.000671739

0.167798
-0.0859321
0.982069
-1.11746
0.28398

-0.0255471
0.630092
0.7761
-0.851792
0.224628

0.0255471
-0.630092
-0.7761
0.829583
0.00200345

-0.594763
0.24787
0.764734
-5.31912
7.64273

0.594763
-0.24787
-0.764734
0.687943
0.0187444

0.463505
0.148753
-0.873519
-6.72338
14.7452

-0.463505
-0.148753
0.873519
0.51729
0.0576511

-0.223705
-0.74207
-0.631892
-0.695214
0.18381

0.223705
0.74207
0.631892
0.804034
0.00249868

-0.69134
-0.384911
0.611467
0.539675
0.0171891

0.69134
0.384911
-0.611467
-0.564831
0.197776

0.178657
-0.92833
0.326016
-9.22042
23.4714

-0.178657
0.92833
-0.326016
0.935331
0.000943905

-0.957475
0.0163793
0.28805
0.662441
0.00569342

0.745298
-0.194531
0.637721
0.579153
0.0100541

-0.745298
0.194531
-0.637721
0.0781788
0.0482075

0.861906
0.270363
0.428977
0.662919
0.026677

-0.861906
-0.270363
-0.428977
-7.01095
15.0468

-0.154436
0.0165471
0.987864
0.540277
0.0944033

0.154436
-0.0165471
-0.987864
-15.5501
122.309

-0.611473
-0.228411
0.757582
-0.254224
0.243314

0.611473
0.228411
-0.757582
-1.34863
0.852473

-0.94092
0.33863
0
0.817248
0.00206297

-0.0309477
0.859332
-0.510481
-1.61597
0.839417

0.0309477
-0.859332
0.510481
0.406807
0.0432355

-0.474815
0.439664
0.762395
0.742554
0.00574578

0.474815
-0.439664
-0.762395
-1.31701
0.463759

0.776213
-0.464275
-0.426546
-3.05731
3.07681

-0.776213
0.464275
0.426546
0.125403
0.142988

-0.938075
-0.288478
0.191824
0.370486
0.0168608

0.938075
0.288478
-0.191824
0.643357
0.00541522

-0.309976
-0.780909
-0.542307
0.93809
0.000157447

-0.461975
0.173265
-0.869804
-0.92999
0.340162

0.461975
-0.173265
0.869804
0.551355
0.0185411

0.564959
-0.542428
0.621766
0.254273
0.0409884

-0.564959
0.542428
-0.621766
0.0751563
0.0629906

-0.251217
-0.205076
0.945957
0.477463
0.0189852

0.251217
0.205076
-0.945957
-0.119062
0.0870545

-0.700928
-0.184968
-0.68883
-1.02536
0.548462

0.700928
0.184968
0.68883
-0.0891962
0.158655

0.579418
0.590828
0.561424
-2.27453
1.25679

-0.579418
-0.590828
-0.561424
0.684617
0.0117135

-0.409166
0.463374
-0.786045
-2.20679
1.09098

0.409166
-0.463374
0.786045
0.770354
0.00567557

0.674943
0.0804163
-0.733475
-7.76182
21.9157

-0.674943
-0.0804163
0.733475
0.411069
0.0990591

0.581202
0.720887
-0.377527
-1.43209
0.711096

-0.581202
-0.720887
0.377527
0.361954
0.0489823

0.0960782
-0.343769
0.934126
-2.65235
3.32509

-0.0960782
0.343769
-0.934126
-1.12179
1.12302

0.785569
0.618775
0
0.378204
0.0715641

-0.785569
-0.618775
0
-1.7559
0.927147

-0.369836
-0.206534
-0.90585
-0.336737
0.113123

0.369836
0.206534
0.90585
0.690111
0.00619919

0.238338
0.599493
-0.764071
-0.551469
0.279894

-0.238338
-0.599493
0.764071
-0.104506
0.141883

-0.293553
-0.844876
-0.447226
0.926042
0.000203592

0.293553
0.844876
0.447226
-0.139902
0.0478616

-0.840759
-0.541409
0
0.33461
0.0276123

-0.649721
0.354737
0.672327
0.515395
0.0240014

0.649721
-0.354737
-0.672327
-1.18828
0.487275

0.504114
-0.662213
-0.554386
0.907148
0.000302346

-0.504114
0.662213
0.554386
0.145832
0.023253

0.09901
-0.46436
-0.880095
-1.9122
1.02191

-0.09901
0.46436
0.880095
0.543706
0.0252703

0.509592
0.528708
-0.678811
-1.9198
0.910729

-0.509592
-0.528708
0.678811
0.696168
0.00988085

0.93001
-0.312103
0.194095
0.530967
0.0222309

0.823543
0.0613967
-0.563921
-0.858258
0.676907

-0.823543
-0.0613967
0.563921
-1.62044
1.34586

-0.732105
-0.112532
-0.671833
-0.32809
0.223143

0.732105
0.112532
0.671833
-0.540278
0.300073

0.0246763
-0.828752
0.559071
0.643299
0.0125857

-0.0246763
0.828752
-0.559071
-1.42747
0.580181

-0.840723
0.367464
0.397688
-1.89765
0.807788

0.840723
-0.367464
-0.397688
0.789963
0.00426309

0.413493
0.200818
-0.888085
-0.484707
0.129831

-0.413493
-0.200818
0.888085
0.797915
0.00248962

0.556117
-0.731949
-0.39368
0.959075
7.16299e-05

-0.556117
0.731949
0.39368
-0.506975
0.0920012

0.382357
-0.766013
0.516747
0.158305
0.0803793

-0.382357
0.766013
-0.516747
-0.843642
0.385556

-0.333852
-0.942626
0
0.991638
0.0141556

0.333852
0.942626
0
-0.159384
0.863014

-0.590118
0.056374
0.805347
-0.182148
0.197948

0.590118
-0.056374
-0.805347
-1.1016
0.624963

-0.412748
0.909798
-0.0436614
-1.36665
0.470411

0.412748
-0.909798
0.0436614
0.779313
0.00409417

0.58145
-0.322837
0.746788
0.730102
0.00642941

-0.58145
0.322837
-0.746788
-1.30125
0.461497

-0.862166
-0.108559
-0.494859
0.980357
1.73073e-05

0.107591
0.121603
-0.986731
-1.10638
0.568464

-0.107591
-0.121603
0.986731
0.0638323
0.112599

-0.322112
0.56708
0.758066
0.740558
0.00416561

0.322112
-0.56708
-0.758066
-0.38164
0.116034

-0.423257
0.853943
-0.302714
0.882089
0.000561168

0.423257
-0.853943
0.302714
-0.0743382
0.0460978

0.781551
0.302101
0.545814
-2.13442
1.07587

-0.781551
-0.302101
-0.545814
0.72375
0.00840291

0.419776
-0.77081
0.479208
-2.99879
3.0403

-0.419776
0.77081
-0.479208
0.0566146
0.169394

-0.53762
-0.131073
0.832938
-0.521743
0.169506

0.53762
0.131073
-0.832938
0.630513
0.010112

0.584178
0.811625
0
-7.29925
14.9689

-0.584178
-0.811625
0
0.77878
0.0134443

-0.437901
-0.525242
0.729633
0.436594
0.0576806

0.437901
0.525242
-0.729633
-3.79288
4.17296

0.19479
-0.971674
-0.133816
0.807667
0.00361655

0.460679
-0.541329
-0.703376
-0.734269
0.222568

-0.460679
0.541329
0.703376
0.7023
0.00669048

-0.510854
-0.0696186
-0.856844
-0.918849
0.312441

0.510854
0.0696186
0.856844
0.63272
0.0114494

-0.264549
-0.735099
0.624215
0.87253
0.00278784

0.640335
0.313727
-0.701103
0.417358
0.0206251

-0.640335
-0.313727
0.701103
0.198218
0.0390348

-0.235272
0.944243
-0.230333
-0.654163
0.158356

-0.177907
0.842325
0.50876
0.480322
0.015231

0.177907
-0.842325
-0.50876
0.228812
0.0335265

0.844996
0.534773
0
0.518894
0.0226498

0.763434
0.379224
0.522837
0.811681
0.00231303

-0.763434
-0.379224
-0.522837
-0.764047
0.202343

0.790807
0.402428
-0.461169
0.492646
0.0122486

-0.790807
-0.402428
0.461169
0.433006
0.0152888

-0.00420663
-0.622442
0.782655
0.742316
0.00760092

0.00420663
0.622442
-0.782655
-2.36024
1.27732

0.541487
-0.79141
0.283658
-0.605604
0.268256

-0.541487
0.79141
-0.283658
0.17239
0.0712926

-0.257308
-0.157729
0.95337
0.944931
0.000602688

0.257308
0.157729
-0.95337
-7.95209
15.7256

0.295172
0.379018
0.877052
0.857836
0.00322375

-0.295172
-0.379018
-0.877052
-5.09073
5.91247

0.607147
-0.539245
-0.583599
-0.934613
0.290524

-0.607147
0.539245
0.583599
0.725584
0.0058945

0.899157
-0.42025
0.12209
0.275584
0.0238811

0.892461
0.0562306
-0.447607
-0.930843
0.230442

-0.892461
-0.0562306
0.447607
0.879322
0.000914049

-0.291638
0.0586554
0.954729
0.942834
0.000212913

-0.511316
0.248654
0.822634
0.652809
0.00484818

0.511316
-0.248654
-0.822634
0.41925
0.0135585

0.896996
-0.442038
0
0.838693
0.00268124

-0.896996
0.442038
0
-0.264649
0.0829519

-0.789052
-0.512964
-0.338032
0.760986
0.00210409

0.789052
0.512964
0.338032
0.350349
0.0154664

0.715794
-0.32143
-0.619937
0.687037
0.00553225

-0.715794
0.32143
0.619937
-0.0938896
0.0669446

-0.0535105
0.190855
-0.980159
-17.2358
126.368

0.0535105
-0.190855
0.980159
0.936901
0.00151531

-0.919805
-0.249727
-0.302648
0.918589
0.000425554

-0.0229708
0.204842
0.978526
-13.964
64.9116

0.0229708
-0.204842
-0.978526
0.984429
7.94107e-05

-0.887148
-0.461484
0
0.152607
0.239095

0.887148
0.461484
0
-7.37017
20.1523

-0.16182
0.703801
0.691722
0.545392
0.0112927

0.16182
-0.703801
-0.691722
0.199138
0.0348674

0.661737
0.495247
-0.562881
0.434184
0.0272635

-0.661737
-0.495247
0.562881
-0.494104
0.189986

-0.0188242
0.891
0.453614
-8.38697
15.8636

0.0188242
-0.891
-0.453614
0.992392
1.13799e-05

0.100707
-0.596197
0.796497
-0.714727
0.426852

-0.100707
0.596197
-0.796497
-0.574795
0.36004

-0.446076
0.817863
-0.363477
0.723427
0.00290006

0.446076
-0.817863
0.363477
0.383232
0.0143609

-0.419386
0.189206
0.887872
0.57555
0.0168854

0.419386
-0.189206
-0.887872
-1.04001
0.3863

0.85578
-0.401886
-0.325773
0.471903
0.0333524

-0.85578
0.401886
0.325773
-1.67346
0.854062

0.366583
-0.743894
-0.558783
-1.50527
0.441889

-0.366583
0.743894
0.558783
0.913594
0.000541599

-0.708452
0.464535
0.531323
-0.150286
0.0323849

-0.238023
0.122576
0.963494
0.45749
0.0242183

0.217331
-0.936417
0.275482
0.815817
0.0180439

-0.217331
0.936417
-0.275482
-22.6572
297.546

0.51155
0.248039
0.822675
0.773569
0.00873382

-0.51155
-0.248039
-0.822675
-4.86852
5.80602

0.436753
-0.520257
0.73388
0.791034
0.00792497

-0.436753
0.520257
-0.73388
-5.55316
7.79119

0.525791
0.668667
0.525764
0.243354
0.036927

-0.525791
-0.668667
-0.525764
0.298366
0.0317613

0.719846
0.50941
-0.471512
-3.27099
2.69636

-0.719846
-0.50941
0.471512
0.636668
0.0195584

0.598539
-0.13656
-0.789369
0.578478
0.00867731

-0.342267
-0.856035
0.387372
0.602535
0.0185283

0.342267
0.856035
-0.387372
-1.97714
1.03908

-0.865901
0.350092
0.357283
0.58304
0.028018

-0.25548
-0.693709
-0.673422
-1.01666
0.416976

0.25548
0.693709
0.673422
0.429419
0.0334932

-0.00460524
-0.804965
-0.593304
0.0805521
0.0931528

0.00460524
0.804965
0.593304
-0.634583
0.294138

-0.472413
0.234789
-0.84953
0.805801
0.00298409

-0.246249
-0.725986
0.64211
0.525168
0.0124558

0.246249
0.725986
-0.64211
0.208715
0.0344573

0.911946
0.254485
0.321858
-0.426728
0.239618

-0.911946
-0.254485
-0.321858
-0.242846
0.181842

-0.341231
0.748953
0.568007
-0.0162318
0.0927763

0.341231
-0.748953
-0.568007
-0.0162318
0.0927763

-0.868138
0.149678
-0.473216
0.947065
0.000113786

0.868138
-0.149678
0.473216
-0.3126
0.0656773

0.453823
-0.0332703
0.890471
0.936995
0.000276489

-0.453823
0.0332703
-0.890471
-1.56827
0.447028

-0.400102
-0.390574
-0.829078
0.563862
0.00941575

0.400102
0.390574
0.829078
0.296192
0.0245169

-0.28314
-0.346612
0.894255
-0.577271
0.374984

0.28314
0.346612
-0.894255
-0.817498
0.495709

0.0541004
0.0847188
-0.994935
-0.759031
0.21687

-0.0541004
-0.0847188
0.994935
0.756456
0.00428446

0.791341
0.611374
0
0.551184
0.015485

-0.791341
-0.611374
0
0.0454856
0.0592045

0.496132
0.129426
-0.858546
0.715268
0.034484

-0.496132
-0.129426
0.858546
-16.1018
123.946

0.915053
0.219315
0.338495
0.899999
0.000474641

-0.915053
-0.219315
-0.338495
-0.419384
0.0943073

0.104911
-0.727201
-0.67836
-0.993654
0.32158

-0.104911
0.727201
0.67836
0.706693
0.00696822

-0.52519
-0.619269
-0.583679
-0.290764
0.109706

0.52519
0.619269
0.583679
0.63159
0.00894327

-0.192791
0.220306
0.956189
0.959208
0.000126559

0.192791
-0.220306
-0.956189
-1.53871
0.403131

-0.372057
-0.638018
0.67417
-0.249326
0.0908802

0.372057
0.638018
-0.67417
0.721776
0.0045139

-0.283477
0.216505
0.93422
0.821118
0.00208274

0.283477
-0.216505
-0.93422
-0.776669
0.203333

0.577633
0.0374285
0.815438
-0.126326
0.144732

-0.577633
-0.0374285
-0.815438
-0.471117
0.246895

0.378967
-0.896686
-0.228777
-1.02536
0.548463

-0.378967
0.896686
0.228777
-0.0891962
0.158635

0.253118
-0.413058
0.874823
0.868621
0.00174856

-0.253118
0.413058
-0.874823
-0.302621
0.0836199

0.27798
0.194882
-0.94061
-0.406069
0.0937916

-0.687804
-0.00381175
0.725886
0.662091
0.0150212

0.687804
0.00381175
-0.725886
-2.7078
1.79664

-0.36301
-0.931785
0
0.451463
0.0377534

0.36301
0.931785
0
-1.6549
0.846211

-0.223636
0.735518
-0.639532
-0.435757
0.112663

0.223636
-0.735518
0.639532
0.82928
0.00163059

0.146059
-0.33694
-0.930128
-3.82711
9.93159

-0.146059
0.33694
0.930128
-3.82711
9.93159

-0.409232
0.524996
0.746263
0.918553
0.000781941

0.244979
0.969528
0
-0.170212
0.170947

-0.244979
-0.969528
0
-0.685098
0.35447

-0.107003
-0.928022
0.356827
-0.354095
0.227467

0.107003
0.928022
-0.356827
-0.456266
0.26308

-0.121207
0.745695
0.655171
-0.121881
0.0593573

0.121207
-0.745695
-0.655171
0.816021
0.00160642

-0.974255
-0.225449
0
0.071661
0.067718

0.974255
0.225449
0
0.188801
0.0520388

0.12898
-0.934723
0.331145
0.936996
0.000273177

0.8361
0.506752
0.210095
0.993642
9.76842e-06

-0.260818
-0.314667
0.912665
0.899569
0.000524268

-0.0492518
-0.288315
0.956268
0.934032
0.000334582

-0.231225
0.770547
0.593964
0.771366
0.00371446

-0.581167
-0.562504
0.588077
0.242802
0.0843531

0.581167
0.562504
-0.588077
-2.02876
1.34941

-0.527221
0.848899
-0.0375246
0.980384
3.00155e-05

0.527221
-0.848899
0.0375246
-2.59608
1.00778

0.0740114
0.889006
-0.451874
0.262892
0.0298886

-0.0740114
-0.889006
0.451874
0.48208
0.0147753

0.696505
0.244877
-0.674475
0.460069
0.031541

-0.696505
-0.244877
0.674475
-1.25466
0.548002

0.718413
0.291698
0.631502
0.54494
0.0261342

-0.718413
-0.291698
-0.631502
-2.10255
1.21041

-0.561847
0.158486
0.811918
0.265355
0.0629465

0.561847
-0.158486
-0.811918
-1.11229
0.518785

0.547991
0.836484
0
0.978429
5.1973e-05

-0.324863
0.457526
-0.827728
-13.2765
64.3377

0.324863
-0.457526
0.827728
0.904081
0.00294419

0.832187
-0.351607
-0.428762
0.68384
0.0261038

-0.832187
0.351607
0.428762
-8.3171
22.6625

0.159963
-0.631657
0.758565
0.989705
8.18229e-06

-0.67357
0.666459
-0.319587
0.668174
0.00615658

0.133316
0.938546
-0.318367
0.470197
0.0638485

0.710858
-0.601818
0.364001
0.596732
0.00911887

0.127603
-0.0579907
0.990129
0.931041
0.000421195

-0.127603
0.0579907
-0.990129
-2.37896
0.986927

0.692011
-0.200383
-0.693519
-5.74573
7.88772

-0.692011
0.200383
0.693519
0.858312
0.00352068

0.653303
0.634065
0.413712
-0.133642
0.137113

-0.653303
-0.634065
-0.413712
-0.28463
0.176051

-0.21762
-0.664547
-0.714856
-3.05731
3.07688

0.21762
0.664547
0.714856
0.125403
0.14298

0.44319
0.813676
-0.376184
0.631379
0.00478354

-0.338372
-0.575603
0.744436
0.812319
0.000667959

0.0327073
0.448759
0.893054
0.863475
0.00174153

-0.0327073
-0.448759
-0.893054
-2.03418
0.828722

-0.963155
-0.268947
0
0.0404295
0.0525863

0.963155
0.268947
0
0.643229
0.00845217

-0.852376
0.230475
-0.469399
-7.75615
15.6257

0.852376
-0.230475
0.469399
0.907891
0.0017414

0.157365
-0.79031
0.592154
0.640842
0.00539915

-0.157365
0.79031
-0.592154
0.40448
0.0147597

0.340622
0.167345
0.925188
0.964233
0.000625282

0.736778
-0.646614
0.197605
-1.20311
0.244696

-0.736778
0.646614
-0.197605
0.979898
2.08491e-05

-0.412534
-0.113544
-0.903838
0.311543
0.0378656

0.0418572
-0.198856
-0.979134
-2.53988
2.01318

0.795386
0.427977
-0.429182
-0.470737
0.107996

-0.795386
-0.427977
0.429182
0.884016
0.000683687

0.33209
0.569761
0.751724
0.207856
0.550875

-0.33209
-0.569761
-0.751724
-32.4678
983.318

0.344266
0.576341
0.741156
0.785063
0.00452676

-0.344266
-0.576341
-0.741156
-1.88969
0.80612

-0.201144
-0.816457
0.541238
0.412533
0.0116828

0.201144
0.816457
-0.541238
0.771931
0.00176707

-0.726137
0.332613
0.601742
0.336372
0.0323449

-0.392761
-0.24065
0.887596
0.840096
0.0103259

0.392761
0.24065
-0.887596
-16.6295
125.281

0.555232
-0.564847
-0.610464
-1.42747
0.580162

-0.555232
0.564847
0.610464
0.643299
0.0125965

-0.497886
0.800638
0.333298
0.476278
0.0075165

0.681384
-0.323074
0.656764
-0.144208
0.167042

-0.681384
0.323074
-0.656764
-0.787812
0.407744

0.481239
-0.704296
-0.521897
0.996857
5.11569e-06

-0.481239
0.704296
0.521897
-24.4617
301.235

-0.162233
0.885581
0.435232
0.447746
0.0177414

0.162233
-0.885581
-0.435232
0.224268
0.0349963

0.377296
0.343135
-0.860178
-1.59741
0.49609

-0.377296
-0.343135
0.860178
0.906831
0.000679009

-0.376532
-0.163994
0.911773
-0.561077
0.105209

0.376532
0.163994
-0.911773
0.950557
0.000108246

0.331895
0.382631
0.862229
0.765958
0.00928361

-0.331895
-0.382631
-0.862229
-4.85105
5.80188

0.551953
0.183916
0.813341
-0.412219
0.0679094

-0.551953
-0.183916
-0.813341
0.98096
1.9955e-05

0.393608
-0.101643
0.913642
0.971429
6.38914e-05

-0.393608
0.101643
-0.913642
-1.58857
0.405883

0.419037
-0.539943
0.729979
0.540575
0.00500494

0.0613774
-0.192744
0.979328
0.975046
9.49989e-05

-0.518013
0.595653
-0.613889
-3.11168
1.62668

0.518013
-0.595653
0.613889
0.954722
0.000207596

0.200626
0.373035
0.905867
0.927184
0.000392627

-0.707107
-0.707107
0
0.987831
0.01057

-0.523538
-0.0408651
0.851022
-0.168551
0.0740587

0.523538
0.0408651
-0.851022
0.743239
0.00359772

-0.324348
-0.179807
-0.928692
-0.663712
0.207971

0.324348
0.179807
0.928692
0.662043
0.00872387

0.45524
0.59266
0.664463
0.630636
0.0268182

-0.45524
-0.59266
-0.664463
-5.20898
7.57147

0.506813
-0.00576499
-0.862037
-3.32848
2.7192

-0.506813
0.00576499
0.862037
0.673824
0.0154753

-0.398295
-0.505491
0.765402
0.675984
0.0187419

0.398295
0.505491
-0.765402
-4.66628
5.6981

0.171481
0.401834
0.899513
0.490471
0.0320495

-0.171481
-0.401834
-0.899513
-1.85816
1.0082

-0.66973
-0.253868
-0.697863
0.117231
0.0549263

0.66973
0.253868
0.697863
0.281836
0.0363568

-0.915216
-0.307514
0.260412
-0.497585
0.109169

-0.391071
0.114717
-0.913183
-0.88166
0.561887

0.391071
-0.114717
0.913183
-0.714494
0.466564

0.124054
-0.272006
0.954266
0.965039
0.000235632

-0.124054
0.272006
-0.954266
-8.09047
15.7848

-0.454381
0.88816
0.0686271
-0.0325327
0.442499

0.454381
-0.88816
-0.0686271
-10.9361
59.1329

-0.747476
0.651773
0.128342
0.411009
0.0172812

-0.482715
-0.212798
0.849531
0.778752
0.00772344

0.482715
0.212798
-0.849531
-4.34835
4.45849

0.259967
-0.715375
0.648579
0.641945
0.0112069

0.101026
-0.258168
0.960803
0.964722
0.000112215

0.522776
-0.336693
0.783162
-0.0832585
0.0425262

-0.522776
0.336693
-0.783162
0.919165
0.000237152

0.245526
0.399455
-0.883262
-10.8286
37.1938

-0.245526
-0.399455
0.883262
0.907909
0.00225566

0.549007
-0.0670561
-0.833123
0.594533
0.00475534

0.377662
0.246661
-0.892485
-0.458502
0.120821

-0.377662
-0.246661
0.892485
0.813283
0.00205958

0.761984
0.0270945
0.647029
0.674941
0.0203656

-0.761984
-0.0270945
-0.647029
-5.29312
7.6299

0.813997
-0.0646437
-0.577261
-2.74804
2.39569

0.113905
0.17249
-0.978403
-0.779033
0.189687

-0.113905
-0.17249
0.978403
0.863629
0.00112919

0.570764
-0.152416
-0.806844
-0.410517
0.180381

-0.570764
0.152416
0.806844
0.286728
0.0461414

-0.132061
0.349572
0.927556
0.949521
0.00077757

-0.0174993
0.516304
-0.856226
-0.495409
0.132053

0.0174993
-0.516304
0.856226
0.798749
0.00241123

0.0389328
-0.567495
0.822456
0.923079
0.000662685

-0.0389328
0.567495
-0.822456
-3.25503
1.93203

0.0254297
-0.480486
0.876633
0.652539
0.00234224

-0.0871779
0.148497
-0.985063
-1.0155
0.187042

0.0871779
-0.148497
0.985063
0.981867
2.58193e-05

0.462478
-0.0776684
0.883222
-1.52027
0.908469

-0.462478
0.0776684
-0.883222
0.0532677
0.128477

0.589456
0.328992
0.737771
0.530972
0.0154786

-0.589456
-0.328992
-0.737771
-0.22298
0.104817

-0.674651
0.435355
0.59608
-1.83352
1.12773

0.674651
-0.435355
-0.59608
0.250564
0.0790096

0.20927
-0.610637
-0.76376
-4.05331
3.54983

-0.20927
0.610637
0.76376
0.844045
0.00339458

-0.998577
-0.0533372
0
-0.303195
0.178585

0.998577
0.0533372
0
-0.0833738
0.123452

0.299229
0.908185
0.29268
-2.16398
1.39713

-0.299229
-0.908185
-0.29268
0.398821
0.0504658

0.3563
-0.0129865
-0.934281
-11.1637
37.4147

-0.3563
0.0129865
0.934281
0.958724
0.000452816

-0.322696
0.235452
0.91675
-0.913391
0.288216

0.322696
-0.235452
-0.91675
0.706142
0.0069261

-0.139168
0.125457
0.98229
0.932404
0.00103096

0.66632
-0.164461
0.727304
0.873604
0.00152382

-0.664434
-0.433076
-0.609076
0.942913
0.000160806

0.664434
0.433076
0.609076
-0.769567
0.153758

-0.487011
0.222051
-0.844698
-0.340863
0.172206

0.487011
-0.222051
0.844698
0.141846
0.0706708

-0.400421
-0.349728
0.846967
0.818285
0.0019891

-0.622681
0.597132
0.505669
-0.863089
0.423847

0.622681
-0.597132
-0.505669
0.0145588
0.118651

0.697693
-0.132417
0.704053
0.756104
0.00526258

-0.697693
0.132417
-0.704053
-1.44573
0.528913

0.90729
0.420506
0
-1.30963
0.839367

-0.90729
-0.420506
0
-0.334036
0.280083

0.547259
0.222957
0.80672
0.912566
0.00391461

-0.547259
-0.222957
-0.80672
-23.2874
299.377

0.738423
-0.290695
0.608464
-3.85274
2.76955

-0.738423
0.290695
-0.608464
0.926327
0.000905141

-0.443394
-0.356437
-0.822408
0.400359
0.136948

0.78087
0.624693
0
0.787818
0.0532157

-0.70348
-0.328275
-0.630358
-0.922491
0.57387

-0.125953
-0.7372
-0.663832
-1.17901
0.585956

0.125953
0.7372
0.663832
0.186235
0.0817574

0.695381
0.335356
0.635595
0.660434
0.00937546

-0.695381
-0.335356
-0.635595
-0.86701
0.282905

0.0658073
0.997832
0
0.97017
0.000191793

0.386539
-0.862216
-0.327371
-0.5881
0.175181

-0.386539
0.862216
0.327371
0.705843
0.00601417

-0.24876
-0.430232
0.867767
0.538757
0.0151345

-0.842331
0.106206
-0.528393
-0.831829
0.258468

0.842331
-0.106206
0.528393
0.698933
0.00702477

0.304135
-0.59893
0.7408
0.829771
0.00218938

-0.101748
-0.461038
-0.881528
-0.396315
0.170844

0.101748
0.461038
0.881528
0.361654
0.0383811

0.02149
0.310411
-0.95036
-36.8444
1015.9

-0.02149
-0.310411
0.95036
0.984238
0.000184942

-0.283564
0.107735
0.952882
0.957992
0.000386479

0.730729
0.402014
-0.551743
0.763176
0.00192443

-0.730729
-0.402014
0.551743
0.417812
0.0115904

0.53682
-0.655763
-0.530848
0.420747
0.0326602

-0.53682
0.655763
0.530848
-0.830732
0.325553

-0.871433
-0.179597
0.456454
0.448224
0.00930982

0.871433
0.179597
-0.456454
0.807533
0.00114872

-0.889789
0.262588
0.373259
-0.401707
0.501518

0.889789
-0.262588
-0.373259
-4.06014
6.53464

-0.428642
0.295152
0.853904
-0.0742915
0.129745

0.428642
-0.295152
-0.853904
-0.492218
0.250319

0.0135225
0.288639
-0.957343
-1.02518
0.218739

-0.0135225
-0.288639
0.957343
0.95093
0.000155301

0.921615
-0.388104
0
0.0192552
0.11994

-0.921615
0.388104
0
-0.532414
0.267352

-0.836297
0.151539
0.526919
0.566713
0.0257173

0.836297
-0.151539
-0.526919
-2.58142
1.75595

0.843362
0.0537331
-0.534653
-7.59623
15.5262

-0.843362
-0.0537331
0.534653
0.869785
0.0035851

0.89916
0.243746
-0.363455
-2.15497
1.22539

-0.89916
-0.243746
0.363455
0.591116
0.0206106

-0.186663
-0.609951
0.770141
0.656784
0.00203918

0.186663
0.609951
-0.770141
0.917506
0.000140571

-0.704717
0
-0.709488
-0.147427
0.147642

0.704717
0
0.709488
-0.397106
0.218792

-0.580577
-0.259951
-0.771593
-0.0718739
0.0628307

0.580577
0.259951
0.771593
0.695397
0.00512503

-0.534139
0.633246
0.560084
0.514448
0.0090592

0.534139
-0.633246
-0.560084
0.612262
0.0057775

-0.0863966
-0.928349
0.36153
0.558614
0.00689132

0.0863966
0.928349
-0.36153
0.640918
0.00456628

0.483732
-0.213271
0.848834
0.690414
0.0108302

-0.483732
0.213271
-0.848834
-2.0873
1.06481

-0.277293
-0.788399
-0.549123
-0.780703
0.294045

0.277293
0.788399
0.549123
0.463254
0.0267331

0.991953
-0.0913643
-0.087641
0.949302
0.000249442

-0.991953
0.0913643
0.087641
-3.00883
1.53579

0.196504
-0.714263
0.671725
0.595078
0.00548783

-0.196504
0.714263
-0.671725
0.666616
0.00374885

0.547436
-0.241569
0.801223
0.78366
0.0057649

-0.547436
0.241569
-0.801223
-2.90768
1.85464

0.955313
0.161467
-0.247601
-0.863089
0.423832

-0.955313
-0.161467
0.247601
0.0145588
0.118591

-0.42664
0.406084
-0.80813
-1.07813
0.304946

0.42664
-0.406084
0.80813
0.835262
0.00193147

-0.572712
0.424273
0.701423
-0.831635
0.49822

0.572712
-0.424273
-0.701423
-0.539073
0.351846

0.274088
0.796236
-0.539337
0.517941
0.0104491

-0.274088
-0.796236
0.539337
0.464416
0.0128957

0.654911
-0.301126
-0.693119
-0.441985
0.152213

-0.654911
0.301126
0.693119
0.594481
0.0121237

-0.876352
-0.291539
-0.383421
0.711545
0.0135074

0.876352
0.291539
0.383421
-4.21022
4.39885

-0.776439
-0.228691
0.587233
0.729005
0.00929801

0.0688121
-0.373871
0.924925
0.94036
0.00134906

-0.0688121
0.373871
-0.924925
-17.2647
126.41

-0.400626
0.367687
-0.839229
-0.560283
2.33126

0.400626
-0.367687
0.839229
-30.5955
955.933

-0.889726
-0.339367
-0.305316
-0.926832
0.36873

0.889726
0.339367
0.305316
0.434662
0.0317649

-0.292723
0.286508
0.912265
0.491095
0.0349323

0.292723
-0.286508
-0.912265
-2.25592
1.42765

0.789746
0.613433
0
-1.12393
0.433926

-0.789746
-0.613433
0
0.561171
0.0211818

-0.388845
-0.921303
0
0.851098
0.0023277

0.388845
0.921303
0
-1.10357
0.306628

-0.118303
-0.0622476
0.991025
0.975621
0.000290499

0.945131
0.326692
0
-7.63799
14.8161

-0.945131
-0.326692
0
0.880443
0.00589066

0.0239102
0.29621
0.954823
0.952476
0.00026383

-0.0239102
-0.29621
-0.954823
-4.02787
2.92029

-0.348063
0.179316
-0.920162
0.909406
0.000652174

0.348063
-0.179316
0.920162
-1.84988
0.640379

-0.842311
-0.0135378
0.538821
-0.213588
0.138205

0.842311
0.0135378
-0.538821
0.0776459
0.0798715

0.179858
0.485392
0.855597
0.724165
0.00508993

-0.179858
-0.485392
-0.855597
-0.501767
0.147882

0.11729
0.993098
0
0.692885
0.00805684

-0.11729
-0.993098
0
-1.06429
0.358215

-0.279911
0.392111
-0.876298
0.372929
0.0110167

0.0820802
-0.296445
0.951516
0.950728
0.00177517

0.140274
-0.924694
0.353927
-0.558403
0.14262

-0.00292953
0.588884
0.808212
0.706693
0.00698542

0.00292953
-0.588884
-0.808212
-0.993654
0.321581

0.209682
-0.146939
0.966666
0.965648
0.000256837

-0.994759
-0.102249
0
-0.851741
0.24205

0.994759
0.102249
0
0.779034
0.00388958

-0.240934
-0.377342
-0.894183
-0.551469
0.279865

0.240934
0.377342
0.894183
-0.104506
0.141842

0.871372
-0.365229
-0.327596
0.76205
0.00406336

-0.905843
-0.377989
-0.191242
0.195485
0.101174

0.905843
0.377989
0.191242
-2.21809
1.61861

0.516984
-0.644268
-0.563601
0.0157621
0.152118

-0.0816695
-0.213999
-0.973414
-12.1063
62.3285

0.0816695
0.213999
0.973414
0.582069
0.063392

0.135838
0.408316
0.902677
0.87209
0.000469657

-0.135838
-0.408316
-0.902677
0.374276
0.0111042

0.728384
-0.159072
-0.666448
-0.241801
0.14125

-0.728384
0.159072
0.666448
0.146032
0.0668167

0.682659
-0.120717
0.720697
0.376256
0.0182886

-0.0620578
-0.436088
-0.897762
-20.8829
288.709

0.0620578
0.436088
0.897762
0.31853
0.280316

-0.128313
-0.518596
0.845336
-1.88991
0.644563

0.128313
0.518596
-0.845336
0.924184
0.000444526

-0.58162
-0.420058
-0.696613
0.132481
0.0680229

-0.944566
0.317827
-0.0823451
0.11003
0.028356

0.944566
-0.317827
0.0823451
0.873173
0.000583184

-0.794919
-0.0958777
-0.599091
0.984306
1.77105e-05

0.434354
-0.303868
0.847939
-0.225342
0.157784

-0.434354
0.303868
-0.847939
-0.152207
0.139541

-0.348183
-0.0619105
0.93538
0.967135
0.000188311

0.348183
0.0619105
-0.93538
-7.06664
11.0802

0.033567
-0.910628
0.411862
0.258869
0.0739174

-0.033567
0.910628
-0.411862
-1.66069
0.951962

-0.21732
0.0976044
0.971208
0.953361
0.00109955

0.21732
-0.0976044
-0.971208
-23.6719
300.175

0.558199
0.246363
-0.792287
-1.59959
0.406525

-0.558199
-0.246363
0.792287
0.973811
5.12278e-05

-0.309982
0.464772
-0.829396
-0.435757
0.112604

0.309982
-0.464772
0.829396
0.82928
0.00160792

-0.586362
-0.803699
0.101228
0.47797
0.0104615

0.586362
0.803699
-0.101228
0.643374
0.00488305

-0.640847
0.178227
0.746693
0.861877
0.00524191

0.640847
-0.178227
-0.746693
-10.6062
36.9746

0.323207
-0.622701
0.712587
0.572423
0.0127652

-0.323207
0.622701
-0.712587
-0.289832
0.11596

0.138447
0.776511
-0.614706
-0.397106
0.21876

-0.138447
-0.776511
0.614706
-0.147427
0.147604

-0.0989109
-0.749565
-0.654499
-2.27453
1.25664

0.0989109
0.749565
0.654499
0.684617
0.0117319

-0.0603974
-0.935224
0.348867
0.961409
0.000732419

0.0603974
0.935224
-0.348867
-23.767
300.488

-0.95354
0.266115
-0.141222
-0.849714
0.303466

0.95354
-0.266115
0.141222
0.553654
0.0176745

0.850137
-0.526561
0
-0.930838
0.43799

-0.850137
0.526561
0
0.141846
0.0870953

-0.747406
-0.664367
0
-5.37485
9.50194

0.747406
0.664367
0
0.236148
0.15442

0.729834
0.683624
0
-0.131629
0.218174

-0.729834
-0.683624
0
-1.98823
1.51909

0.68327
0.730165
0
-2.43415
0.852666

-0.68327
-0.730165
0
0.982715
0.000150603

-0.481854
0.570826
-0.664812
-1.26771
0.456875

0.481854
-0.570826
0.664812
0.702306
0.00787398

0.169478
-0.886575
0.430421
0.102015
0.0187517

0.0654758
0.991275
-0.114402
0.232595
0.0243695

-0.0654758
-0.991275
0.114402
0.748442
0.00264061

0.539182
0.821122
-0.187193
0.349447
0.0273104

-0.539182
-0.821122
0.187193
0.183945
0.0429691

-0.856817
-0.460607
0.231745
0.291487
0.0171321

-0.120882
-0.822923
-0.555144
0.435997
0.0199895

0.120882
0.822923
0.555144
0.125927
0.0479195

-0.724494
0.152025
0.672307
0.0192552
0.105309

0.724494
-0.152025
-0.672307
-0.532414
0.256864

-0.0390072
0.512973
0.857518
-7.85109
15.6808

0.0390072
-0.512973
-0.857518
0.927126
0.00106368

-0.138726
-0.528494
-0.837526
0.707448
0.00842898

0.138726
0.528494
0.837526
-1.63297
0.680485

-0.274597
0.961559
0
0.711868
0.226746

0.274597
-0.961559
0
-0.49013
0.487644

-0.26445
-0.61184
0.745465
0.885619
0.000132856

0.171298
0.745046
-0.644642
-0.659094
0.349264

-0.171298
-0.745046
0.644642
-0.232979
0.192977

0.419471
-0.363486
0.831819
0.781165
0.00104264

0.380175
-0.853146
0.357223
0.922164
0.000315859

-0.380175
0.853146
-0.357223
-0.721364
0.151643

-0.00293337
-0.626243
0.779623
0.732523
0.00576845

0.00293337
0.626243
-0.779623
-1.02279
0.324962

0.771134
-0.626367
0.114091
0.201933
0.0205964

0.504987
-0.685399
0.52461
0.806564
0.00621502

-0.369967
-0.183077
-0.910828
-17.1557
126.238

0.369967
0.183077
0.910828
0.92681
0.00206075

0.190451
0.21652
0.957522
0.771158
0.0413335

-0.190451
-0.21652
-0.957522
-34.7562
1005.99

0.179873
0.600388
0.779218
-16.3776
124.671

-0.179873
-0.600388
-0.779218
0.785462
0.0190806

0.238264
0.721027
-0.650654
-0.643669
0.179765

-0.238264
-0.721027
0.650654
0.760122
0.00383465

-0.937724
0.0204583
0.346777
0.321252
0.0141303

-0.0138754
0.555191
0.831607
0.885669
0.00142832

0.297281
0.391848
-0.870677
0.899882
0.000274407

-0.576646
-0.00957919
-0.816938
0.0805521
0.151211

0.576646
0.00957919
0.816938
-2.6778
2.41488

0.452086
-0.221022
0.864157
0.869785
0.00356726

-0.452086
0.221022
-0.864157
-7.59623
15.5304

0.9259
-0.14388
-0.349298
0.661139
0.0125591

-0.9259
0.14388
0.349298
-1.8747
0.901014

0.418726
-0.868729
-0.264535
0.171955
0.144299

-0.418726
0.868729
0.264535
-3.98878
5.23668

0.684788
-0.697796
0.210108
-0.843642
0.385554

-0.684788
0.697796
-0.210108
0.158305
0.0803726

0.0926145
-0.287424
0.953315
0.512943
0.0658102

-0.37961
0.59661
0.707073
-10.2961
36.5932

0.37961
-0.59661
-0.707073
0.780065
0.0139378

-0.144676
-0.455981
-0.878152
-2.73513
1.35125

0.144676
0.455981
0.878152
0.917343
0.000665974

0.387141
0.823421
0.41485
-0.0864122
0.263767

-0.387141
-0.823421
-0.41485
-3.74967
5.0398

-0.308745
-0.486428
-0.817352
0.192051
0.022986

0.308745
0.486428
0.817352
0.85286
0.000774666

-0.687545
0.542454
-0.482727
0.262892
0.0298377

0.687545
-0.542454
0.482727
0.48208
0.0147334

0.893584
-0.0687308
-0.443604
0.960361
0.000275209

0.282157
-0.0888024
-0.95525
-5.37223
6.01164

-0.282157
0.0888024
0.95525
0.933896
0.000656086

0.0758246
-0.087347
0.993288
0.973393
0.000225026

-0.0758246
0.087347
-0.993288
-13.8188
64.8255

0.63836
0.238991
0.731697
0.525591
0.0142692

-0.63836
-0.238991
-0.731697
-0.0205083
0.0659316

0.379962
-0.225401
0.897119
-0.337378
0.393638

-0.379962
0.225401
-0.897119
-3.09573
3.68775

-0.501499
0.245705
0.829535
0.837646
0.00244253

0.90751
0.391774
0.151457
0.0453008
0.0389177

-0.90751
-0.391774
-0.151457
0.811273
0.0015246

-0.50118
0.724184
-0.473683
-0.17328
0.0820604

0.50118
-0.724184
0.473683
0.669349
0.00654995

-0.110521
0.954413
0.277273
-0.177967
0.183986

0.110521
-0.954413
-0.277273
-0.872731
0.464964

0.0836251
-0.444627
0.891804
0.842251
0.000975718

-0.0836251
0.444627
-0.891804
0.0913683
0.0321378

0.148826
-0.59747
0.78796
0.618343
0.02666

-0.148826
0.59747
-0.78796
-4.56402
5.63745

0.516049
-0.420196
-0.74641
0.30929
0.0967637

-0.516049
0.420196
0.74641
-4.1375
5.35053

0.951012
0.164439
0.261794
-4.19044
4.38974

-0.951012
-0.164439
-0.261794
0.701031
0.0145759

0.507919
-0.321296
-0.799242
-0.409926
0.105161

-0.507919
0.321296
0.799242
0.840763
0.00139664

-0.744365
0.0590606
0.665156
0.349315
0.0477591

0.744365
-0.0590606
-0.665156
-1.16979
0.530913

0.103301
0.944174
-0.312833
0.479052
0.0195496

-0.103301
-0.944174
0.312833
-0.192251
0.102373

-0.940522
-0.339732
0
0.678192
0.0187432

0.940522
0.339732
0
-1.89625
0.869496

-0.232777
-0.787874
0.570149
0.555871
0.0399715

0.232777
0.787874
-0.570149
-5.0801
7.47589

0.729342
0.554247
-0.401087
-2.51808
1.73369

-0.729342
-0.554247
0.401087
0.512915
0.0332744

-0.186747
0.762549
0.61939
-1.05339
0.555472

0.186747
-0.762549
-0.61939
-0.0341671
0.140927

-0.343965
-0.400042
-0.849503
-0.696806
0.243281

0.343965
0.400042
0.849503
0.54604
0.01745

0.0367543
0.917398
-0.396269
0.216466
0.184003

-0.0367543
-0.917398
0.396269
-7.45894
21.4378

0.830196
0.557472
0
-0.20418
0.18103

0.381718
0.191977
0.904122
0.700445
0.00308902

0.718405
-0.297859
-0.628629
-0.314543
0.11148

-0.718405
0.297859
0.628629
0.662772
0.00739731

0.749154
0.295556
-0.592802
-0.00739706
0.0623015

-0.610083
-0.741214
0.279999
0.85933
0.000650129

0.610083
0.741214
-0.279999
0.26381
0.0176568

0.761537
0.347513
0.54708
0.660653
0.00707821

-0.761537
-0.347513
-0.54708
-0.200602
0.0880411

-0.729859
0.0827853
-0.678567
-0.475173
0.200885

0.729859
-0.0827853
0.678567
0.299925
0.0453466

0.257479
-0.14143
0.955878
0.968469
0.000717023

-0.257479
0.14143
-0.955878
-36.529
1015.48

-0.0241302
0.313154
0.949396
0.927367
0.00265797

0.0241302
-0.313154
-0.949396
-23.413
299.773

-0.484904
-0.0219665
0.874292
0.472159
0.0164568

0.425575
-0.779504
-0.45963
0.991416
1.09977e-05

-0.425575
0.779504
0.45963
-6.47015
8.11884

-0.535484
0.0529436
0.842884
0.952885
0.00083682

0.000811389
-0.349715
0.936856
0.931738
0.000210646

-0.245803
-0.583448
0.77406
-1.04786
0.461212

0.245803
0.583448
-0.77406
0.33131
0.0493409

0.440786
0.760465
-0.476866
-1.05217
0.203336

-0.440786
-0.760465
0.476866
0.976541
2.98017e-05
