
-0.104305
0.595235
0.796754
0.817229
0.00820478

0.104305
-0.595235
-0.796754
-8.70179
23.0692

-0.768652
-0.624742
0.137378
-0.177479
0.0709107

0.529188
0.67994
0.507584
-0.32809
0.22309

-0.529188
-0.67994
-0.507584
-0.540278
0.300031

-0.0154788
0.0410916
-0.999035
-1.26641
0.349135

0.0154788
-0.0410916
0.999035
0.893223
0.00079049

0.3654
-0.181951
0.912894
-0.743991
0.24876

-0.3654
0.181951
-0.912894
0.604537
0.0127934

0.213179
-0.776984
-0.592327
0.701855
0.00914947

0.857503
0.0694092
-0.509776
0.0525897
0.0674406

-0.857503
-0.0694092
0.509776
0.239685
0.0434358

-0.0438196
-0.616449
0.786174
0.977997
3.91143e-05

0.274071
0.358706
0.892309
0.652448
0.00717929

-0.274071
-0.358706
-0.892309
-0.0984381
0.070555

-0.109963
-0.598705
-0.793385
-0.678421
0.224553

0.109963
0.598705
0.793385
0.606209
0.012477

-0.319871
0.947461
0
0.499215
0.0117767

0.0226055
0.650733
0.75897
0.744471
0.00815

-0.0226055
-0.650733
-0.75897
-2.83695
1.83641

0.388963
-0.579072
-0.716507
0.766707
0.00636071

-0.388963
0.579072
0.716507
-2.6237
1.53418

0.651512
0.0380733
0.757682
0.58902
0.015232

-0.651512
-0.0380733
-0.757682
-0.962449
0.344703

0.735663
-0.180438
0.652872
0.688166
0.00641503

0.505576
-0.756911
-0.4141
0.698166
0.0111163

-0.505576
0.756911
0.4141
-2.51337
1.50518

-0.748057
0.316994
0.583031
0.204946
0.0651298

0.748057
-0.316994
-0.583031
-0.622555
0.270908

-0.0532483
0.0893312
0.994578
0.988919
2.00026e-05

-0.412759
0.367441
-0.833437
-0.816817
0.323475

0.412759
-0.367441
0.833437
0.400429
0.0353998

0.562642
0.194534
0.803487
0.307207
0.0490055

-0.562642
-0.194534
-0.803487
-0.757177
0.314193

0.400244
-0.759276
0.513133
0.865914
0.000814016

-0.400244
0.759276
-0.513133
-0.206779
0.0655463

0.584331
0.290351
0.757795
-0.714727
0.426833

-0.584331
-0.290351
-0.757795
-0.574795
0.360014

-0.369741
-0.406676
-0.835408
0.987234
1.78148e-05

-0.804063
-0.251294
0.538826
0.648249
0.00486362

0.804063
0.251294
-0.538826
0.458706
0.0114655

-0.735209
-0.677841
0
-0.456834
0.153647

0.735209
0.677841
0
0.614052
0.0109629

0.177549
0.284079
-0.942218
-6.50884
14.4856

-0.177549
-0.284079
0.942218
0.387035
0.0968358

-0.231483
-0.137952
0.963008
0.974564
3.77234e-05

0.231483
0.137952
-0.963008
-0.451148
0.0765798

-0.378651
0.127369
-0.916734
-2.28375
0.859233

0.378651
-0.127369
0.916734
0.952714
0.000184168

-0.0786696
0.359897
0.929669
-4.22414
2.94853

0.0786696
-0.359897
-0.929669
0.983617
2.99579e-05

0.254089
-0.877738
0.406221
0.247565
0.0533555

-0.254089
0.877738
-0.406221
-0.447709
0.197381

0.682676
0.121301
-0.720583
-1.49524
0.485738

-0.682676
-0.121301
0.720583
0.858546
0.00160345

-0.929816
0.122118
0.347173
0.0345712
0.460911

0.929816
-0.122118
-0.347173
-14.4467
117.974

-0.264161
-0.498041
0.825938
-0.0199621
0.158015

0.264161
0.498041
-0.825938
-1.64749
1.06419

-0.521757
-0.419824
0.742642
0.954834
0.000620464

0.521757
0.419824
-0.742642
-13.6338
64.7347

0.236592
0.916308
0.323115
0.236788
0.0181512

0.344036
0.151338
0.92668
0.805125
0.00228866

-0.344036
-0.151338
-0.92668
-0.539644
0.141463

-0.704913
-0.365091
0.608117
0.57349
0.0314881

0.704913
0.365091
-0.608117
-3.97891
4.27894

0.586177
-0.305529
-0.750366
0.432968
0.0294817

-0.586177
0.305529
0.750366
-0.685592
0.260234

-0.225324
0.512266
-0.828741
-1.34217
0.388533

0.225324
-0.512266
0.828741
0.885284
0.000977943

0.885014
0.189786
-0.425125
-0.325828
0.112202

-0.885014
-0.189786
0.425125
0.676881
0.00669134

0.725873
-0.6575
-0.201995
-0.837678
0.167741

-0.725873
0.6575
0.201995
0.948478
0.000133106

0.523305
-0.283358
0.803654
0.765549
0.00239075

0.763841
-0.258752
0.591265
0.342181
0.0506907

-0.763841
0.258752
-0.591265
-1.28469
0.610256

0.0357068
0.628122
-0.777295
-0.619983
0.156069

-0.0357068
-0.628122
0.777295
0.8296
0.00174087

-0.999624
-0.0274122
0
0.555232
0.00950806

0.254977
0.379808
0.889231
0.829989
0.0070522

-0.120679
0.545444
-0.829414
-0.59682
0.231082

0.120679
-0.545444
0.829414
0.401445
0.0326262

0.145953
0.226464
0.963022
0.540276
0.0326072

-0.145953
-0.226464
-0.963022
-3.13752
2.6409

-0.812601
0.291609
-0.504623
-2.08399
1.20524

0.812601
-0.291609
0.504623
0.527783
0.0283196

-0.0237304
-0.974984
-0.221005
0.336053
0.0162071

0.0377154
-0.343262
0.938482
0.872691
0.000554244

-0.335382
-0.310623
-0.8894
-0.683301
0.326786

0.335382
0.310623
0.8894
0.0156457
0.111798

-0.360919
0.744847
0.561196
0.789573
0.00321256

0.360919
-0.744847
-0.561196
-0.936167
0.268915

0.29209
0.388561
-0.873901
-0.846262
0.30408

-0.29209
-0.388561
0.873901
0.549416
0.0206952

0.0278636
-0.921294
0.387868
-0.513152
0.318833

-0.0278636
0.921294
-0.387868
-0.641869
0.37537

0.888039
0.459769
0
-2.90859
2.98374

-0.888039
-0.459769
0
-0.0568824
0.218406

0.0535406
-0.707047
0.705137
0.37695
0.0243847

-0.0535406
0.707047
-0.705137
0.194179
0.0407816

0.339564
0.285244
0.896288
0.69205
0.0332278

-0.339564
-0.285244
-0.896288
-12.4143
62.9783

-0.0648471
-0.192289
0.979193
0.976149
0.000120484

0.0648471
0.192289
-0.979193
-8.18614
15.7997

0.189666
-0.855984
-0.480957
0.996403
6.06419e-07

-0.025028
0.845154
0.533936
0.539959
0.00753338

0.467716
-0.688827
0.553859
0.380661
0.0148103

0.689435
-0.359767
0.628687
-0.0192751
0.0527143

-0.689435
0.359767
-0.628687
0.729175
0.00376968

0.623859
0.523461
0.580335
0.102369
0.0959277

-0.623859
-0.523461
-0.580335
-0.909022
0.433436

-0.785176
-0.0953026
-0.611895
0.826002
0.00144696

-0.603001
-0.578328
0.549479
0.955152
0.000139612

0.603001
0.578328
-0.549479
-1.62727
0.451144

-0.307806
0.0484695
0.950214
0.964647
0.000140293

0.307806
-0.0484695
-0.950214
-4.02901
2.82702

0.363594
-0.778602
0.511447
-0.35315
0.0965924

-0.363594
0.778602
-0.511447
0.825629
0.00162832

0.647944
0.655562
-0.387823
0.558663
0.0224254

-0.647944
-0.655562
0.387823
-1.75834
0.874648

0.293809
-0.897148
0.329851
0.00699484
0.051457

-0.293809
0.897148
-0.329851
0.693517
0.00490336

0.510618
-0.0431508
0.858724
-1.10637
0.568479

0.2849
0.267618
0.920442
0.933183
0.000406602

-0.384257
0.00999324
0.923172
0.122987
0.0759911

0.384257
-0.00999324
-0.923172
-0.388069
0.189936

-0.596535
-0.204729
-0.776036
-8.84519
23.198

0.596535
0.204729
0.776036
0.856595
0.0049349

0.484907
0.655844
-0.578562
0.720737
0.00991949

-0.484907
-0.655844
0.578562
-2.79734
1.82429

0.440002
-0.0815254
-0.894288
-0.776279
0.234675

-0.440002
0.0815254
0.894288
0.712091
0.00628349

0.457792
-0.437524
0.77395
0.835531
0.00142367

-0.457792
0.437524
-0.77395
-0.36507
0.0971596

-0.165761
-0.382303
-0.909048
-1.06374
0.279969

0.945818
0.27867
0.166649
0.645263
0.00604674

-0.945818
-0.27867
-0.166649
0.234035
0.0279471

0.463796
-0.446153
-0.765402
-5.15346
5.93781

-0.463796
0.446153
0.765402
0.877619
0.00235036

-0.656247
0.571517
0.492653
0.214358
0.0367911

0.656247
-0.571517
-0.492653
0.425891
0.0196478

-0.930066
0.108344
0.351053
-0.817789
0.350581

0.930066
-0.108344
-0.351053
0.268991
0.0567282

0.198679
0.598114
-0.776393
0.591116
0.0206143

-0.198679
-0.598114
0.776393
-2.15497
1.22537

-0.526011
0.124172
-0.841364
-0.230441
0.0663988

0.526011
-0.124172
0.841364
0.883509
0.000598005

-0.579013
0.277648
-0.766587
0.643229
0.00693159

-0.32307
-0.897506
-0.300182
-4.77555
5.76191

0.32307
0.897506
0.300182
0.731318
0.0124838

0.77851
-0.138428
0.612176
0.613906
0.00499211

-0.77851
0.138428
-0.612176
0.628755
0.00461588

-0.867828
-0.29907
0.396776
0.476889
0.0432852

0.867828
0.29907
-0.396776
-3.05946
2.60601

-0.148579
0.738759
-0.657388
0.877864
0.00105602

-0.890402
-0.253195
0.378255
0.920747
0.000382028

0.890402
0.253195
-0.378255
-1.08491
0.259761

-0.0449923
0.0906991
0.994861
0.909065
0.00420907

-0.133286
0.643727
0.753558
0.587871
0.0231463

0.906087
-0.348149
0.240415
-1.45263
0.646244

-0.906087
0.348149
-0.240415
0.543609
0.0223904

0.803321
-0.595547
0
0.609291
0.0181914

-0.803321
0.595547
0
-0.35878
0.13883

-0.409166
0.463374
-0.786045
-2.20679
1.09098

0.409166
-0.463374
0.786045
0.770354
0.00567557

-0.649132
-0.337631
0.681639
0.908055
0.000756609

-0.569451
0.306615
0.762701
0.46007
0.0315715

-0.110511
0.534667
0.837806
0.560674
0.0601974

0.861831
0.352139
0.365027
0.721571
0.00379318

-0.861831
-0.352139
-0.365027
0.0555574
0.0435257

-0.358418
-0.0410078
0.93266
0.578643
0.00701511

-0.73465
-0.239855
-0.634632
-1.36934
0.517477

0.73465
0.239855
0.634632
0.69598
0.00853634

0.228099
-0.194741
-0.953964
-7.61985
21.7

-0.228099
0.194741
0.953964
0.324205
0.133385

-0.059405
0.115721
0.991504
0.985966
0.000102125

0.059405
-0.115721
-0.991504
-24.1505
300.869

0.877601
-0.338641
0.33932
-2.11645
1.80772

-0.877601
0.338641
-0.33932
-0.325528
0.327085

-0.699178
-0.567732
-0.434546
-0.340079
0.0861443

0.699178
0.567732
0.434546
0.871336
0.000807567

-0.384427
-0.447943
0.807195
0.751261
0.014034

0.384427
0.447943
-0.807195
-7.22397
15.2359

-0.195076
-0.396879
0.896901
0.813949
0.00118328

-0.755975
-0.2483
0.605681
-0.171563
0.133629

0.755975
0.2483
-0.605681
-0.0328503
0.103908

-0.328721
-0.472535
-0.817712
0.642438
0.0719778

0.328721
0.472535
0.817712
-21.8841
294.235

-0.729543
0.649033
0.215691
-0.00609601
0.078748

0.729543
-0.649033
-0.215691
0.234385
0.045603

-0.141302
0.391976
0.909059
0.763644
0.008238

0.141302
-0.391976
-0.909059
-3.86837
3.48299

-0.198006
-0.719927
-0.665206
0.661623
0.00389436

0.198006
0.719927
0.665206
0.580526
0.00595747

0.228249
-0.220911
-0.948209
-15.5501
122.317

-0.228249
0.220911
0.948209
0.540277
0.0943814

0.141987
0.15839
-0.977114
-1.46242
0.437838

-0.141987
-0.15839
0.977114
0.895151
0.000852525

0.583798
-0.325222
0.743916
0.785655
0.000743918

-0.583798
0.325222
-0.743916
0.845927
0.000384959

0.934914
0.354875
0
0.726918
0.00437112

-0.121162
-0.625123
-0.771065
-0.18566
0.0725391

0.121162
0.625123
0.771065
0.784118
0.0024258

-0.366484
-0.893168
0.260653
0.410087
0.0145565

0.366484
0.893168
-0.260653
0.628586
0.00577602

0.733917
-0.238722
0.635908
0.621837
0.00588937

-0.0646853
0.0737557
-0.995176
0.305974
0.0247916

-0.547792
0.242914
0.800573
0.928432
0.000347262

0.547792
-0.242914
-0.800573
-1.26097
0.319433

-0.381213
-0.398274
-0.834299
-1.36782
0.569421

0.381213
0.398274
0.834299
0.585926
0.0175594

0.557578
0.386157
-0.73484
-2.37131
2.242

-0.557578
-0.386157
0.73484
-0.365245
0.367939

0.334911
-0.870122
0.361555
0.0496266
0.05898

-0.334911
0.870122
-0.361555
0.441392
0.020395

0.666997
0.629889
-0.39794
0.630636
0.026827

-0.666997
-0.629889
0.39794
-5.20898
7.57109

-0.379151
0.0187244
0.925145
0.889862
0.00476339

0.379151
-0.0187244
-0.925145
-16.9042
125.838

-0.933862
-0.357634
0
-16.8232
121.315

0.933862
0.357634
0
0.876228
0.00966386

0.778128
-0.0532415
0.625845
0.933457
0.00352107

-0.205438
-0.297503
0.932356
0.917026
0.000355952

0.927317
0.374277
0
0.849612
0.00471186

-0.927317
-0.374277
0
-3.04699
1.82858

-0.189488
0.904619
-0.381782
0.359545
0.0199769

0.189488
-0.904619
0.381782
0.531523
0.0107

0.144563
0.463053
0.874462
0.858882
0.001126

-0.144563
-0.463053
-0.874462
-0.610649
0.145808

0.260251
0.756732
-0.599688
0.963962
0.00025631

-0.260251
-0.756732
0.599688
-8.08212
15.7766

0.128852
-0.635792
0.761029
0.606619
0.00890541

-0.128852
0.635792
-0.761029
0.013815
0.0558369

-0.129699
-0.83919
-0.528147
0.842883
0.000616735

0.129699
0.83919
0.528147
0.545435
0.00515932

-0.288438
-0.347719
0.892129
0.714426
0.00152774

-0.462485
0.506825
0.727485
0.734224
0.00287708

0.230351
-0.310662
0.922186
0.798081
0.01169

-0.230351
0.310662
-0.922186
-10.3579
36.6606

0.239482
0.478879
-0.844585
-3.33202
3.2316

-0.239482
-0.478879
0.844585
0.402359
0.0617309

-0.142355
-0.232416
0.962142
0.971008
0.000608726

-0.871847
0.392496
0.292968
-0.026052
0.104246

0.871847
-0.392496
-0.292968
-0.221088
0.147632

-0.491963
-0.870616
0
0.259812
0.0459517

0.715308
-0.32319
0.619583
0.684943
0.014389

-0.715308
0.32319
-0.619583
-3.34649
2.72552

-0.550478
-0.658557
0.513105
0.585979
0.0180876

0.550478
0.658557
-0.513105
-1.49439
0.654525

-0.38236
-0.664999
0.641543
0.695799
0.00337456

0.587416
-0.100873
0.802974
0.242802
0.0845279

-0.587416
0.100873
-0.802974
-2.02876
1.34883

0.905236
-0.135707
0.402655
0.530697
0.0118934

-0.905236
0.135707
-0.402655
0.224216
0.0324873

0.130998
-0.791879
-0.596463
-0.0431002
0.0857694

-0.546808
-0.105105
0.830635
0.830741
0.000487676

-0.0494672
0.993829
-0.0992861
0.966808
0.00014358

0.395851
0.138331
0.907836
0.979903
0.000156667

-0.395851
-0.138331
-0.907836
-17.6955
126.805

-0.995607
0.0417057
-0.0838294
0.893375
0.000773452

0.995607
-0.0417057
0.0838294
-1.26673
0.349205

0.542977
0.734932
0.406264
0.63431
0.0107521

-0.542977
-0.734932
-0.406264
-0.769943
0.251703

-0.377322
0.287531
-0.880314
-9.14566
23.4078

0.377322
-0.287531
0.880314
0.922322
0.00140871

0.107795
0.436113
0.893413
0.887592
0.00181782

-0.107795
-0.436113
-0.893413
-4.63993
4.57343

-0.504722
-0.798663
-0.327707
-0.276734
0.075177

0.504722
0.798663
0.327707
0.873261
0.00074832

-0.385272
0.747589
0.540996
0.504912
0.0407885

0.385272
-0.747589
-0.540996
-3.45579
3.29749

0.595082
-0.127648
0.793463
0.455715
0.0622055

-0.694128
0.132011
0.707644
0.746358
0.00461151

0.694128
-0.132011
-0.707644
-0.747745
0.215799

0.740674
0.551758
0.38336
0.915962
0.000991221

-0.740674
-0.551758
-0.38336
-4.74152
4.60435

0.429065
-0.693207
-0.579109
0.983946
1.07539e-05

0.929388
0.117486
-0.349908
0.695034
0.00390954

-0.929388
-0.117486
0.349908
0.306983
0.0201723

0.836537
-0.329796
-0.437539
0.496282
0.0147743

-0.836537
0.329796
0.437539
0.163757
0.0406542

0.328229
0.854386
0.402852
0.906564
0.000383918

-0.328229
-0.854386
-0.402852
-0.295372
0.0721344

-0.97627
-0.123306
0.178023
0.721078
0.0126208

0.97627
0.123306
-0.178023
-4.22852
4.40564

0.66904
0.148289
0.728282
0.951468
0.000410266

-0.66904
-0.148289
-0.728282
-1.72564
0.501952

0.240645
0.558473
0.79385
0.870955
0.00459156

-0.240645
-0.558473
-0.79385
-10.6463
36.9972

-0.862531
0.174038
0.475132
0.538389
0.0161095

0.298853
0.715401
0.631576
-0.159791
0.158898

0.0286973
0.201704
-0.979026
-0.0864024
0.264001

0.140578
-0.173505
0.974748
0.975522
2.75514e-05

-0.417457
-0.168648
0.89291
0.892357
0.00116954

0.417457
0.168648
-0.89291
-2.66285
1.33942

-0.373355
-0.200998
-0.905652
0.910842
0.000905132

0.290972
-0.575868
-0.76401
-0.609036
0.202441

-0.290972
0.575868
0.76401
0.597741
0.0127604

-0.617128
-0.369079
0.694934
0.595623
0.00394613

0.617128
0.369079
-0.694934
0.838261
0.000659996

-0.758218
-0.631763
0.161185
-0.96149
0.58521

0.758218
0.631763
-0.161185
-0.501763
0.343043

0.940774
0.339035
0
-4.63597
6.82293

-0.940774
-0.339035
0
0.226886
0.146986

-0.765939
-0.44599
0.463066
0.369519
0.0653448

-0.945307
-0.326183
0
0.913265
0.00116268

0.613746
-0.110823
0.781687
0.700009
0.0158218

-0.848348
0.314827
0.425664
-11.6215
37.634

0.848348
-0.314827
-0.425664
0.995018
6.41616e-06

-0.362034
0.48501
-0.796051
-12.1063
62.3303

0.362034
-0.48501
0.796051
0.582069
0.0633836

-0.0212882
0.720317
0.693318
0.541645
0.00552172

0.0212882
-0.720317
-0.693318
0.936526
0.00036697

0.379639
0.644342
0.663851
0.623693
0.0118383

-0.379639
-0.644342
-0.663851
-0.832763
0.278898

-0.911651
-0.169346
0.374452
0.382733
0.0278086

0.792465
0.425282
0.43719
0.880265
0.0011438

-0.792465
-0.425282
-0.43719
-1.65432
0.555524

0.602471
0.798141
0
-1.26197
0.414879

-0.602471
-0.798141
0
0.77804
0.00512149

-0.172805
0.152796
0.973032
0.795244
0.0140824

0.172805
-0.152796
-0.973032
-12.7677
63.6359

0.0815769
0.216498
0.972869
0.232134
0.0299237

0.145789
-0.864164
-0.481629
-15.5501
122.3

-0.145789
0.864164
0.481629
0.540277
0.0944301

0.434284
0.455058
0.77738
0.826374
0.00220663

-0.434284
-0.455058
-0.77738
-1.06452
0.303666

0.0662521
0.00752074
0.997775
0.865681
0.00718043

0.327473
-0.371137
0.868918
0.976814
8.49257e-05

-0.300478
-0.607171
0.735565
0.684667
0.00421267

0.300478
0.607171
-0.735565
0.337674
0.0183435

-0.558868
-0.643671
0.522832
0.990282
1.23296e-05

-0.842031
-0.455219
-0.289414
0.8296
0.00172845

0.842031
0.455219
0.289414
-0.619983
0.156044

0.43492
0.505515
0.745184
0.89314
0.000787768

-0.43492
-0.505515
-0.745184
-1.18052
0.313621

0.891264
0.453485
0
-0.00609601
0.0850928

-0.891264
-0.453485
0
0.234385
0.0515995

-0.0273724
-0.52728
0.849251
0.937372
0.000208927

0.0273724
0.52728
-0.849251
-0.613009
0.120951

0.100047
-0.385582
-0.917233
0.952814
0.00069833

-0.100047
0.385582
0.917233
-13.6163
64.68

0.873482
0.486856
0
0.0703304
0.163881

-0.873482
-0.486856
0
-3.01021
3.04786

0.363152
0.198239
-0.910397
0.711915
0.00481466

-0.385733
-0.52767
-0.756819
-7.10955
15.1429

0.385733
0.52767
0.756819
0.705777
0.019939

0.326264
0.0671221
0.942893
0.897737
0.0040871

-0.883937
0.119041
-0.4522
-0.558229
0.226025

0.883937
-0.119041
0.4522
0.33724
0.0409367

-0.703317
0.46944
-0.533827
-2.30059
1.26335

0.703317
-0.46944
0.533827
0.702947
0.0102803

0.091207
-0.761909
0.64123
0.370669
0.0264956

-0.091207
0.761909
-0.64123
0.10657
0.0533049

-0.0558603
0.338045
0.939471
0.950007
0.000231995

0.431479
0.198969
0.879908
0.648937
0.0221948

-0.431479
-0.198969
-0.879908
-4.61701
5.67188

0.423065
0.0879947
0.901816
0.902059
0.000405688

-0.0997412
0.37113
0.923209
0.708734
0.0251137

-0.372563
0.923148
-0.0948412
-0.152255
0.13126

0.372563
-0.923148
0.0948412
-0.0873458
0.116889

-0.521418
0.00859668
-0.853258
-1.00586
0.235295

0.521418
-0.00859668
0.853258
0.917136
0.000976034

-0.170321
0.661005
-0.730796
0.701179
0.00769873

0.170321
-0.661005
0.730796
-1.16601
0.404223

-0.102943
0.275782
0.955692
0.965946
0.000566811

0.102943
-0.275782
-0.955692
-23.8252
300.596

0.599392
-0.206854
-0.773266
-0.858344
0.242337

-0.599392
0.206854
0.773266
0.784341
0.0032656

-0.536574
0.766182
0.35363
0.943992
0.0001915

0.536574
-0.766182
-0.35363
-1.30401
0.322294

-0.0450734
-0.767366
-0.639623
-23.5919
300.175

0.0450734
0.767366
0.639623
0.945966
0.00145007

-0.318796
-0.941246
-0.111467
-24.101
300.987

0.318796
0.941246
0.111467
0.983497
0.000130229

0.182776
-0.913896
0.362474
-0.00545549
0.114279

-0.182776
0.913896
-0.362474
-0.594387
0.287285

-0.570553
-0.596114
0.564904
0.471228
0.0399063

0.570553
0.596114
-0.564904
-2.47215
1.71691

-0.914154
0.238715
0.327624
0.991397
5.25488e-05

0.914154
-0.238715
-0.327624
-37.0447
1016.59

0.19763
0.304359
0.931831
0.668769
0.00900357

-0.19763
-0.304359
-0.931831
-0.875134
0.2839

-0.310488
-0.811189
0.49555
0.914404
0.000965977

-0.0975955
0.680637
0.726091
-0.665829
0.23962

0.0975955
-0.680637
-0.726091
0.504382
0.0213232

-0.191503
-0.943595
-0.270103
-0.341058
0.151793

0.191503
0.943595
0.270103
0.35433
0.0352016

-0.954354
0.0404785
0.295924
-2.28245
1.64466

0.954354
-0.0404785
-0.295924
0.273093
0.0806866

0.402547
0.387557
-0.82931
-0.285041
0.0980053

-0.402547
-0.387557
0.82931
0.721055
0.00462167

-0.344591
0.16874
0.923463
0.919548
0.00253264

0.344591
-0.16874
-0.923463
-17.1017
126.097

-0.741807
0.492415
-0.455248
-0.823222
0.38168

0.741807
-0.492415
0.455248
0.120745
0.0888245

0.763434
0.379224
0.522837
0.811681
0.00231303

-0.763434
-0.379224
-0.522837
-0.764047
0.202343

-0.73731
0.197672
0.645988
0.957991
9.21208e-05

0.73731
-0.197672
-0.645988
-0.760513
0.143384

0.623118
-0.311088
0.717599
0.759569
0.00154033

0.121095
0.380181
-0.916951
-0.503292
0.109405

-0.121095
-0.380181
0.916951
0.903711
0.000450144

-0.376132
0.0173585
-0.926404
0.895379
0.000600322

0.376132
-0.0173585
0.926404
-0.530669
0.117535

-0.808885
-0.029508
0.587225
0.707798
0.00945204

0.808885
0.029508
-0.587225
-2.11144
1.07101

-0.321517
0.767456
-0.554651
-0.117219
0.162996

0.321517
-0.767456
0.554651
-0.900754
0.471543

-0.236973
0.727716
0.643641
-0.254224
0.243268

0.236973
-0.727716
-0.643641
-1.34863
0.852513

0.795313
0.563034
-0.224655
-0.632586
0.235453

-0.795313
-0.563034
0.224655
0.45661
0.0260953

-0.270448
0.534491
-0.800735
0.644456
0.0130041

0.270448
-0.534491
0.800735
-1.55712
0.666442

-0.90869
-0.217989
-0.356038
0.501389
0.0150371

0.90869
0.217989
0.356038
0.0954007
0.0494367

-0.96067
0.212831
-0.178372
-2.7391
1.352

0.96067
-0.212831
0.178372
0.918606
0.000641049

-0.193555
-0.56408
0.802714
0.377147
0.0215073

0.193555
0.56408
-0.802714
0.377147
0.0215073

0.777506
-0.555442
0.294905
-1.68352
0.76744

-0.777506
0.555442
-0.294905
0.631609
0.0144928

0.00381083
0.18025
-0.983613
-0.651012
0.122353

-0.00381083
-0.18025
0.983613
0.952571
0.000128273

0.37539
-0.160549
0.912856
0.896062
0.00148436

-0.37539
0.160549
-0.912856
-4.2055
3.59277

0.567512
0.323414
0.757188
0.914953
0.000464969

-0.206722
-0.831742
0.51524
0.697123
0.0391369

-0.678213
0.402215
-0.61502
0.992669
4.6827e-06

0.678213
-0.402215
0.61502
-1.71932
0.4112

0.664122
-0.541245
0.515748
0.565352
0.0306577

-0.29243
0.472575
-0.831359
-4.23196
6.71553

0.29243
-0.472575
0.831359
-0.186384
0.345401

-0.0889402
0.109396
0.990011
-0.315063
0.125061

0.144261
0.320633
0.936153
0.912553
0.00244526

-0.144261
-0.320633
-0.936153
-13.3274
64.3872

-0.818691
0.168048
0.549094
0.845772
0.00318196

0.549774
-0.344207
-0.761098
0.449056
0.0319724

-0.549774
0.344207
0.761098
-1.13381
0.477416

-0.168789
-0.0494663
0.98441
0.875374
0.00164902

0.168789
0.0494663
-0.98441
-2.61917
1.33043

-0.0720693
-0.855224
0.513223
0.39259
0.0208746

0.0720693
0.855224
-0.513223
0.329248
0.025444

0.895913
0.3149
-0.313333
0.322906
0.0265314

-0.895913
-0.3149
0.313333
0.367295
0.0231692

-0.46342
0.152496
0.872918
0.765269
0.00373955

-0.624608
-0.15389
-0.765626
-4.48264
4.51393

0.624608
0.15389
0.765626
0.834173
0.0041871

0.396624
-0.617931
0.67886
0.727244
0.00352977

-0.396624
0.617931
-0.67886
0.112762
0.0367847

-0.29737
0.807892
-0.508804
-10.4931
36.8426

0.29737
-0.807892
0.508804
0.834499
0.00766556

0.881973
-0.0471283
0.468938
0.546504
0.0336638

0.919856
0.181802
-0.347583
0.575497
0.00233784

-0.57382
-0.0253765
0.818588
0.801965
0.00310617

0.416907
0.81346
-0.405551
-2.76138
2.46005

-0.416907
-0.81346
0.405551
0.180852
0.116738

0.46124
-0.126893
0.878155
0.950702
0.000643643

-0.46124
0.126893
-0.878155
-11.0999
37.3778

0.833692
-0.552229
0
0.203141
0.0579658

-0.833692
0.552229
0
-0.0609013
0.0981999

0.237684
0.253769
-0.937607
0.511488
0.0165924

-0.237684
-0.253769
0.937607
-0.173651
0.095716

-0.0540314
0.889437
0.453852
0.393698
0.0372042

0.0540314
-0.889437
-0.453852
-0.897842
0.36402

0.45019
0.0213592
-0.892677
0.87925
0.000317563

-0.45019
-0.0213592
0.892677
0.572641
0.00396895

0.164214
-0.985255
-0.0480201
0.785639
0.00322124

-0.164214
0.985255
0.0480201
-0.859975
0.242483

0.532804
0.521998
-0.666061
-1.81
0.792271

-0.532804
-0.521998
0.666061
0.732004
0.00721369

0.653023
0.757338
0
-1.93579
1.16075

-0.653023
-0.757338
0
0.374626
0.0527088

0.0671641
0.145954
0.987009
0.98143
5.18764e-05

0.584241
0.598447
-0.548201
-1.00751
0.217904

-0.516093
-0.183701
0.836601
-0.316156
0.065728

-0.79563
-0.127737
0.592163
0.484847
0.0076608

0.121349
0.702319
0.701443
-0.131204
0.072223

-0.121349
-0.702319
-0.701443
0.69736
0.00523628

-0.561926
-0.340858
-0.753694
-2.12612
0.949691

0.561926
0.340858
0.753694
0.826927
0.00296781

0.927754
-0.247757
-0.279085
0.136132
0.0297837

0.608454
0.640754
-0.468208
0.988123
9.10716e-06

-0.608454
-0.640754
0.468208
-1.49122
0.330846

-0.361024
-0.191221
-0.912741
0.974698
3.9585e-05

0.361024
0.191221
0.912741
-0.722105
0.124447

-0.159407
0.361938
-0.918472
0.813445
0.00284058

0.159407
-0.361938
0.918472
-1.41775
0.476874

0.363713
-0.696314
0.618757
0.673509
0.00160954

0.326924
-0.140474
-0.934552
0.815209
0.00187885

-0.326924
0.140474
0.934552
-0.378957
0.103432

-0.935572
-0.353135
0
0.586248
0.0267456

0.935572
0.353135
0
-1.25265
0.489926

-0.128466
0.694084
-0.708339
-2.5399
1.74157

0.128466
-0.694084
0.708339
0.531917
0.0304651

0.875778
-0.137045
0.462851
0.193617
0.0502813

-0.398899
-0.197043
0.895575
0.888596
0.00192895

0.398899
0.197043
-0.895575
-5.19078
5.95211

-0.786456
-0.393162
0.476351
0.611274
0.00316818

-0.0186029
-0.757359
-0.652734
0.334335
0.0337203

0.0186029
0.757359
0.652734
-0.0821216
0.0889343

0.950733
0.310011
0
-0.410356
0.298062

-0.950733
-0.310011
0
-0.9988
0.595972

0.151142
-0.709278
0.688536
0.735281
0.00488898

0.0165605
-0.149045
0.988692
0.971363
0.00010754

-0.0328036
0.319415
-0.947047
-2.08398
0.585668

0.0328036
-0.319415
0.947047
0.99417
5.28945e-06

-0.606428
-0.453951
-0.652819
0.0588539
0.055999

0.606428
0.453951
0.652819
0.476192
0.0174071

-0.502389
0.134992
-0.854039
-0.456145
0.283823

0.502389
-0.134992
0.854039
-0.574961
0.331973

-0.596262
-0.432354
0.676418
0.882861
0.0070889

0.596262
0.432354
-0.676418
-23.0656
298.862

-0.288648
-0.0117434
0.957363
0.926472
0.000282173

0.709131
0.360361
-0.606031
0.349315
0.0478446

-0.709131
-0.360361
0.606031
-1.16979
0.530878

-0.436365
-0.551035
0.711299
0.914694
0.000699521

-0.992182
0.124802
0
0.869663
0.00414603

0.352243
-0.552008
-0.755786
-0.951939
0.442228

-0.352243
0.552008
0.755786
0.178726
0.0784535

-0.625262
0.0178181
0.780212
-0.604083
0.338003

0.625262
-0.0178181
-0.780212
-0.375251
0.248519

-0.570446
0.0412204
-0.8203
0.894058
0.000501725

0.570446
-0.0412204
0.8203
-0.163325
0.0557112

0.345028
0.352425
0.869915
0.944276
0.000193192

-0.345028
-0.352425
-0.869915
-1.00607
0.217832

0.834229
-0.33049
-0.441404
0.640227
0.00752084

-0.834229
0.33049
0.441404
-0.0611234
0.0651779

0.464119
0.794985
0.390632
0.382406
0.0165906

-0.464119
-0.794985
-0.390632
0.617952
0.00636242

0.809603
-0.586977
0
-0.919561
0.699941

-0.809603
0.586977
0
-1.39777
1.0911

0.00984947
0.00251243
0.999948
0.424133
0.0458639

-0.00984947
-0.00251243
-0.999948
-2.18817
1.4054

0.383209
0.581118
-0.717951
-1.3143
0.559599

-0.383209
-0.581118
0.717951
0.529312
0.0231771

-0.0300841
0.927406
0.372846
0.658785
0.00527441

0.0300841
-0.927406
-0.372846
0.272349
0.0239785

0.413801
-0.257996
-0.873045
-10.6655
37.0123

-0.413801
0.257996
0.873045
0.875161
0.00429644

0.290661
0.640184
0.711112
0.869147
0.000305237

-0.290661
-0.640184
-0.711112
0.709323
0.00150382

-0.524203
-0.697426
-0.488681
-4.03692
3.52691

0.524203
0.697426
0.488681
0.837705
0.00403419

-0.385141
0.617217
0.686083
-2.6733
1.01147

0.385141
-0.617217
-0.686083
0.99034
9.77331e-06

0.648372
-0.327982
-0.687053
-23.2874
299.406

-0.648372
0.327982
0.687053
0.912566
0.00390545

-0.657446
0.678587
-0.327543
-2.67439
1.78695

0.657446
-0.678587
0.327543
0.638356
0.0173157

0.506565
-0.0833844
0.85816
0.756183
0.00878854

-0.506565
0.0833844
-0.85816
-3.85326
3.47761

-0.622009
-0.768792
-0.148538
-1.13104
0.399444

0.622009
0.768792
0.148538
0.669289
0.00962372

0.0736273
-0.578929
-0.812047
0.898473
0.000534557

0.649324
-0.206859
0.731839
0.869977
0.00135907

-0.649324
0.206859
-0.731839
-1.63296
0.553142

0.0643811
-0.320547
0.945042
0.193468
0.072993

-0.0643811
0.320547
-0.945042
-0.863418
0.389301

-0.960546
-0.278121
0
0.887592
0.00380732

-0.012359
0.500302
0.865763
-13.6744
64.7336

0.012359
-0.500302
-0.865763
0.959351
0.000515336

-0.190633
0.121556
-0.974106
-1.2234
0.596207

0.190633
-0.121556
0.974106
0.254765
0.0672686

0.798872
-0.601501
0
0.83799
0.000611275

-0.3061
-0.951999
0
0.509331
0.00597641

0.955994
-0.293388
0
0.463254
0.0267169

-0.955994
0.293388
0
-0.780703
0.294037

-0.254479
-0.622343
0.740223
-13.6163
64.6965

0.254479
0.622343
-0.740223
0.952814
0.00069005

0.874326
0.0840688
-0.478003
0.217124
0.0315808

-0.874326
-0.0840688
0.478003
0.581926
0.00900734

-0.484193
0.693877
0.533003
0.668561
0.0072404

0.484193
-0.693877
-0.533003
-0.360866
0.121328

-0.553209
-0.61884
0.557671
0.444527
0.0324959

0.553209
0.61884
-0.557671
-1.13027
0.476787

-0.319302
-0.0721669
0.944901
0.736873
0.00398189

0.60506
-0.389406
0.694453
0.70302
0.0113526

-0.60506
0.389406
-0.694453
-2.76913
1.81559

0.283077
-0.800307
0.528561
0.898377
0.0077829

-0.283077
0.800307
-0.528561
-35.6859
1012.01

-0.582256
-0.519635
0.625266
0.667739
0.00603501

0.582256
0.519635
-0.625266
0.000173688
0.0541662

0.811105
0.373558
-0.45007
0.960515
0.000113071

-0.811105
-0.373558
0.45007
-1.8808
0.576177

0.860648
0.471702
-0.19179
0.428613
0.0174212

-0.860648
-0.471702
0.19179
0.372424
0.0209935

0.197654
0.942361
-0.269978
0.497273
0.0142965

-0.197654
-0.942361
0.269978
0.202809
0.0359285

0.257049
-0.773794
-0.578938
0.867327
0.00119149

-0.257049
0.773794
0.578938
-1.05261
0.279094

0.905563
-0.100295
0.412186
0.765958
0.00930456

-0.905563
0.100295
-0.412186
-4.85105
5.80074

-0.205655
0.691688
0.692296
0.976125
3.18281e-05

-0.327523
0.487902
0.809124
0.862643
0.00247147

0.377778
0.33033
0.864966
0.951551
0.000457839

-0.853182
-0.102789
-0.511385
0.748945
0.00605184

0.387793
0.501374
0.77346
-2.43261
4.50919

-0.387793
-0.501374
-0.77346
-4.36346
11.0088

-0.793604
0.197288
-0.575561
0.504912
0.0407973

0.793604
-0.197288
0.575561
-3.45579
3.29736

0.589885
0.218732
0.777298
0.13893
0.0473281

-0.589885
-0.218732
-0.777298
0.406079
0.0225846

-0.147081
0.700066
-0.698767
-0.588806
0.164187

0.147081
-0.700066
0.698767
0.759717
0.00375624

0.550108
-0.172899
0.816999
-1.5352
0.913012

-0.550108
0.172899
-0.816999
0.0769436
0.121459

-0.52092
-0.0137622
0.853494
0.904728
0.000734554

0.52092
0.0137622
-0.853494
-1.70995
0.561128

0.189391
-0.196731
-0.961992
-0.100498
0.0586432

0.824806
-0.00575301
-0.565387
0.948516
0.000465309

-0.824806
0.00575301
0.565387
-6.94208
11.0415

0.141666
-0.792253
-0.59352
0.427093
0.0149799

-0.141666
0.792253
0.59352
0.537249
0.00977799

0.486587
0.226153
-0.843853
-23.6088
300.2

-0.486587
-0.226153
0.843853
0.947579
0.00136473

0.868819
0.398567
0.293766
0.964337
5.70407e-05

-0.868819
-0.398567
-0.293766
-0.685659
0.12331

-0.337815
0.658738
0.672269
0.785462
0.00336657

0.337815
-0.658738
-0.672269
-0.930848
0.268418

0.287087
-0.400082
-0.870353
0.665333
0.00299239

-0.9922
-0.124655
0
0.439433
0.0729045

0.932123
0.362142
0
-0.588139
0.27594

-0.932123
-0.362142
0
0.137743
0.0938789

-0.842496
-0.439045
-0.312154
0.945307
0.000162357

-0.536273
-0.138078
0.832674
0.000100851
0.107355

0.536273
0.138078
-0.832674
-0.456457
0.227703

-0.441098
0.646324
-0.622654
-22.324
259.294

0.441098
-0.646324
0.622654
0.937851
0.00186704

-0.388976
-0.139107
-0.910685
-1.22789
0.49427

0.388976
0.139107
0.910685
0.559921
0.0193058

-0.683414
-0.388304
-0.618195
-0.393955
1.02201

0.709116
0.620234
-0.335357
0.771565
0.00303556

-0.709116
-0.620234
0.335357
-0.37118
0.108899

0.109994
-0.695636
0.709924
-10.2632
36.55

-0.109994
0.695636
-0.709924
0.770138
0.0152923

0.289038
-0.857601
-0.425416
-2.87342
2.51703

-0.289038
0.857601
0.425416
0.302854
0.0815988

-0.676339
-0.736591
0
-1.41612
0.564096

0.676339
0.736591
0
0.632828
0.0218171

0.160775
-0.340052
0.926561
0.610402
0.0142568

-0.160775
0.340052
-0.926561
-1.1699
0.442223

-0.0162689
0.55114
-0.834254
-0.527513
0.149787

0.0162689
-0.55114
0.834254
0.750075
0.00409891

0.638811
0.204949
0.741564
0.736908
0.00875202

-0.988194
-0.153206
0
-5.38296
6.01609

0.988194
0.153206
0
0.93617
0.000604676

-0.267249
0.865357
0.423953
0.960115
7.57752e-05

0.267249
-0.865357
-0.423953
-0.718542
0.132717

0.39836
-0.699964
0.592757
0.635357
0.0104726

-0.39836
0.699964
-0.592757
-0.703308
0.227165

0.461308
0.777125
0.428103
0.343765
0.0331568

-0.461308
-0.777125
-0.428103
-0.122198
0.0968705

-0.0366591
0.158654
0.986653
0.945192
0.000773366

-0.0753789
-0.622089
0.779309
-4.13245
2.93737

0.0753789
0.622089
-0.779309
0.971233
9.27064e-05

-0.540514
0.419098
-0.729521
-1.50927
0.594088

0.540514
-0.419098
0.729521
0.712933
0.0077846

-0.174159
-0.939097
0.296252
0.440795
0.021071

0.174159
0.939097
-0.296252
-0.00547111
0.0681102

-0.0454191
-0.979072
0.198382
0.853671
0.000920706

0.0454191
0.979072
-0.198382
-0.0865293
0.0506542

-0.0638471
0.995445
0.0707982
-0.573731
0.143577

0.0638471
-0.995445
-0.0707982
0.832337
0.00163048

-0.629542
-0.604655
0.487923
0.832263
0.00169048

0.629542
0.604655
-0.487923
-0.623533
0.156315

0.270732
0.295787
0.916086
-0.448125
0.470845

-0.270732
-0.295787
-0.916086
-3.0226
3.6322

-0.0558698
-0.38236
0.922323
-1.1016
0.62495

0.0558698
0.38236
-0.922323
-0.182148
0.198008

0.248515
-0.0728038
0.965888
0.835709
0.00153494

-0.248515
0.0728038
-0.965888
-0.530946
0.132478

-0.584379
0.267361
0.766172
0.795213
0.0104206

0.584379
-0.267361
-0.766172
-8.62915
22.9993

-0.218749
-0.492185
-0.842557
-10.5851
36.9525

0.218749
0.492185
0.842557
0.856974
0.00563601

0.541261
0.57516
0.613373
0.911126
0.000382287

-0.541261
-0.57516
-0.613373
-0.438571
0.0951282

0.927783
0.229274
0.294367
-0.418576
0.150031

-0.927783
-0.229274
-0.294367
0.562166
0.0143081

-0.570355
0.0168025
-0.821227
0.879178
0.000385103

0.570355
-0.0168025
0.821227
0.442041
0.00804781

-0.254391
-0.863504
-0.435484
-0.0384766
0.0898837

0.254391
0.863504
0.435484
0.145741
0.0608272

0.0736423
-0.461534
0.88406
0.447402
0.0247459

-0.0736423
0.461534
-0.88406
-0.393929
0.157204

0.698624
0.237414
0.674951
0.720738
0.00993717

-0.0115913
0.58155
0.813428
0.99216
5.36071e-06

0.0115913
-0.58155
-0.813428
-2.69156
1.0129

0.378801
0.225834
-0.897501
-0.940242
0.214316

-0.378801
-0.225834
0.897501
0.917463
0.000397573

0.995331
-0.0452379
0.0852656
0.750579
0.00736266

-0.995331
0.0452379
-0.0852656
-2.59608
1.527

0.230727
0.275525
-0.933194
-0.331616
0.208572

-0.0434236
0.554167
-0.831272
-5.41433
7.70281

0.0434236
-0.554167
0.831272
0.732848
0.0134701

0.659986
-0.339469
-0.670208
0.981491
2.04398e-05

-0.659986
0.339469
0.670208
-0.955151
0.171789

0.31321
0.0803543
0.946278
0.92236
0.000255998

-0.202118
0.337278
-0.919452
-2.0509
0.739654

0.202118
-0.337278
0.919452
0.930726
0.000381686

0.272856
-0.150143
0.950267
0.324205
0.133629

-0.272856
0.150143
-0.950267
-7.61985
21.6844

-0.77136
0.443566
0.456347
0.907026
0.000648008

0.77136
-0.443566
-0.456347
-0.742841
0.163734

0.890454
0.455073
0
0.900504
0.000897005

0.170559
0.702784
0.690655
-0.118559
0.174264

-0.170559
-0.702784
-0.690655
-1.13312
0.633716

-0.74524
-0.0872033
0.661069
0.505481
0.00650942

-0.954087
0.299529
0
-1.04786
0.461227

0.954087
-0.299529
0
0.33131
0.0492001

0.780863
0.391435
-0.48686
-0.920602
0.288985

-0.780863
-0.391435
0.48686
0.712849
0.00649528

-0.361019
-0.51818
0.775342
-0.370268
0.443675

0.361019
0.51818
-0.775342
-3.52985
4.84482

-0.130805
-0.756147
-0.641196
-0.936802
0.230863

0.130805
0.756147
0.641196
0.882646
0.000875346

-0.240928
0.33222
0.911912
0.543124
0.0234428

0.240928
-0.33222
-0.911912
-1.59
0.747216

-0.940901
0.338682
0
0.984395
8.4196e-06

0.940901
-0.338682
0
-0.458192
0.0723451

0.452456
-0.132935
0.881823
0.482152
0.0750349

0.331038
-0.315949
-0.889151
-0.867356
0.507727

-0.331038
0.315949
0.889151
-0.446078
0.304638

0.443987
-0.352395
0.823829
0.782162
0.00442446

0.424193
-0.107307
0.899191
0.83165
0.00405491

-0.424193
0.107307
-0.899191
-4.02161
3.53611

0.416745
-0.117021
-0.90146
-0.838898
1.20814

-0.416745
0.117021
0.90146
-6.35561
19.3194

0.575665
-0.68647
0.444263
0.188191
0.027314

-0.575665
0.68647
-0.444263
0.768089
0.00223405

-0.940502
-0.339789
0
-1.2016
0.447092

0.940502
0.339789
0
0.642038
0.0118351

0.709173
-0.621599
-0.332697
0.861244
0.00145801

0.613053
0.602906
-0.510559
-0.112649
0.0784189

-0.613053
-0.602906
0.510559
0.580145
0.0112079

-0.254174
0.602158
0.756837
0.915968
0.00116521

0.64111
0.253511
-0.724369
-0.350241
0.16251

-0.64111
-0.253511
0.724369
0.273869
0.0470005

-0.0561664
0.338289
0.939365
-0.732804
0.39571

0.0561664
-0.338289
-0.939365
-0.273083
0.213616

-0.447588
0.810459
0.377917
-0.399636
0.0988539

-0.980576
-0.0734522
-0.181869
0.685846
0.0085951

0.980576
0.0734522
0.181869
-1.1489
0.401903

-0.812115
-0.583497
0
-2.25093
1.59009

0.812115
0.583497
0
0.235783
0.0999393

-0.55631
-0.0149105
-0.830841
-5.39176
7.68871

0.55631
0.0149105
0.830841
0.722579
0.0145963

-0.751872
0.647223
0.125659
0.855773
0.00125973

-0.865155
-0.501504
0
-0.882873
0.337364

0.865155
0.501504
0
0.492378
0.0381231

-0.308662
0.38094
0.871557
0.880052
0.00100793

0.308662
-0.38094
-0.871557
-1.24
0.346907

0.0424468
-0.747266
-0.663168
0.123465
0.0407874

-0.0424468
0.747266
0.663168
0.615283
0.00787181

-0.805459
0.0867454
0.586269
0.701512
0.00481636

0.805459
-0.0867454
-0.586269
-0.0493733
0.0589729

-0.705474
0.708736
0
-0.265414
0.185583

0.705474
-0.708736
0
-0.354186
0.212445

0.250354
-0.936515
0.245484
0.859575
0.00640718

-0.250354
0.936515
-0.245484
-13.0425
64.066

0.338852
-0.124956
0.932505
0.8505
0.000455615

-0.151913
-0.748313
0.645717
0.652308
0.00967773

0.487174
-0.507257
-0.710881
-5.97249
10.4489

-0.487174
0.507257
0.710881
0.628684
0.0296605

-0.358864
-0.475381
-0.803262
-0.362949
0.108382

0.358864
0.475381
0.803262
0.763377
0.00326979

-0.334259
-0.19684
0.921697
0.946477
0.00108024

0.334259
0.19684
-0.921697
-17.3183
126.483

-0.205791
0.606648
0.767873
0.527784
0.0283936

-0.867813
0.378664
-0.321738
0.0975955
0.024426

-0.79336
-0.441865
0.418731
0.585226
0.00545834

0.79336
0.441865
-0.418731
0.691755
0.00301513

-0.418177
-0.533065
0.735507
0.754157
0.00517946

0.418177
0.533065
-0.735507
-1.33216
0.465844

-0.0515767
-0.568412
0.821125
0.141845
0.122827

0.0515767
0.568412
-0.821125
-2.43261
1.96416

-0.890999
0.364798
-0.270265
0.703707
0.00806357

0.890999
-0.364798
0.270265
-1.37857
0.518906

-0.584085
-0.449149
-0.676099
0.844565
0.00253346

0.584085
0.449149
0.676099
-2.54813
1.31878

-0.86164
-0.449324
0.235975
0.433074
0.0220988

0.86164
0.449324
-0.235975
-0.0314426
0.0731415

-0.147346
0.362682
0.920191
0.148617
0.0450069

0.147346
-0.362682
-0.920191
0.435445
0.0198884

-0.772224
-0.635351
0
0.502518
0.117434

0.772224
0.635351
0
-15.4479
120.107

0.408357
-0.326855
-0.852297
-6.42879
10.7767

-0.408357
0.326855
0.852297
0.821126
0.00632573

0.647914
-0.0824443
-0.757239
0.912445
0.000548138

-0.647914
0.0824443
0.757239
-1.50245
0.441711

0.604153
0.788378
0.116012
0.0350716
0.0230265

-0.604153
-0.788378
-0.116012
0.980146
9.90887e-06

-0.339234
-0.678947
-0.651116
-2.24707
1.24964

0.339234
0.678947
0.651116
0.664526
0.013417

-0.58476
-0.450484
0.674626
0.148145
0.016007

0.58476
0.450484
-0.674626
0.981426
8.17309e-06

0.324998
0.901364
-0.286215
-0.209034
0.0982674

-0.324998
-0.901364
0.286215
0.569069
0.0124978

-0.634544
-0.181223
-0.75134
0.448332
0.0400043

0.634544
0.181223
0.75134
-2.00354
1.1812

-0.550653
-0.157828
0.819678
0.34307
0.0344515

0.896681
0.252462
-0.363629
0.760027
0.00618841

-0.896681
-0.252462
0.363629
-2.19001
1.08793

0.324254
0.0464145
0.944831
0.473406
0.041763

-0.324254
-0.0464145
-0.944831
-2.74466
2.09935

-0.804325
0.432744
-0.407178
-0.38885
0.123297

0.804325
-0.432744
0.407178
0.701739
0.00571013

0.424878
0.90525
0
0.929953
0.000392448

-0.424878
-0.90525
0
-0.221837
0.058641

-0.805268
-0.337039
-0.487799
-2.31274
1.65674

0.805268
0.337039
0.487799
0.307712
0.0723725

-0.544753
0.491988
0.679111
0.804117
0.00287987

0.544753
-0.491988
-0.679111
-1.11473
0.335001

-0.808786
0.307417
0.501358
0.406738
0.0111731

0.160756
0.873006
-0.460454
0.553654
0.0176815

-0.160756
-0.873006
0.460454
-0.849714
0.303469

-0.774672
0.573925
-0.265508
-0.184373
0.0869705

0.774672
-0.573925
0.265508
0.638289
0.00812265

0.847601
0.140489
-0.511698
0.974312
5.51178e-05

0.30261
-0.403016
0.863716
0.874181
0.00117529

-0.30261
0.403016
-0.863716
-1.41886
0.433972

0.0459023
0.422399
-0.905247
-0.425858
0.277884

-0.0459023
-0.422399
0.905247
-0.673392
0.382596

-0.0283909
-0.487305
0.87277
0.203317
0.0388287

0.0283909
0.487305
-0.87277
0.402635
0.0218311

-0.464704
0.235244
0.853646
-1.31041
0.937793

0.464704
-0.235244
-0.853646
-0.697442
0.506396

-0.569766
-0.723395
-0.389957
-0.200602
0.087998

0.0988628
-0.548424
0.830336
0.794457
0.00145141

-0.0988628
0.548424
-0.830336
0.36121
0.0139434

0.302947
-0.0603709
-0.951093
-36.1315
1013.77

-0.302947
0.0603709
0.951093
0.940589
0.00262813

-0.212359
-0.723385
0.656976
0.58989
0.0119169

0.212359
0.723385
-0.656976
-0.344769
0.127322

-0.461777
0.244233
-0.852709
-4.51669
6.99754

0.461777
-0.244233
0.852709
0.117329
0.179174

-0.219112
-0.695057
-0.684752
-1.7559
0.979557

0.219112
0.695057
0.684752
0.378204
0.0500039

0.640248
0.669353
0.376893
-0.892157
0.169834

-0.640248
-0.669353
-0.376893
0.966111
5.7374e-05

-0.230085
-0.4056
-0.884618
-2.89413
1.5933

0.230085
0.4056
0.884618
0.891829
0.00123143

-0.427994
0.689705
0.584063
-0.4373
0.2248

0.427994
-0.689705
-0.584063
-0.0456517
0.118995

-0.699607
0.677779
0.226196
0.106425
0.0699815

0.699607
-0.677779
-0.226196
-0.0972235
0.105506

0.521342
0.425571
-0.739657
-4.0319
4.30871

-0.521342
-0.425571
0.739657
0.608117
0.0261637

-0.739346
0.37865
0.556769
0.565352
0.0306464

0.739346
-0.37865
-0.556769
-3.53681
3.3386

-0.0697847
0.860159
-0.505229
0.273342
0.156213

0.0697847
-0.860159
0.505229
-7.542
21.5718

0.724644
0.0943322
-0.682636
0.688346
0.0172227

0.173139
-0.415138
0.893131
-13.8617
64.9075

-0.173139
0.415138
-0.893131
0.976964
0.000156643

-0.479482
0.845964
0.233328
0.793277
0.00238882

0.479482
-0.845964
-0.233328
-0.281445
0.0881894

0.123982
-0.357397
0.925687
0.861181
0.000939445

0.616807
-0.609588
0.497947
-0.27736
0.210427

-0.616807
0.609588
-0.497947
-0.641376
0.346296

-0.420754
-0.0149813
-0.907051
-5.7332
7.88546

0.420754
0.0149813
0.907051
0.854386
0.00369598

-0.575296
-0.0529771
-0.816228
-0.831806
0.223956

0.575296
0.0529771
0.816228
0.815248
0.00337743

-0.487839
0.803727
0.34064
0.844505
0.00206486

0.07896
0.377675
-0.922565
-3.23756
1.9284

-0.07896
-0.377675
0.922565
0.917973
0.000764502

0.867404
0.497605
0
-0.940009
0.159101

-0.867404
-0.497605
0
0.988802
7.13607e-06

-0.726679
0.610271
0.315447
-0.112234
0.152093

0.726679
-0.610271
-0.315447
-0.710177
0.359527

-0.0156833
-0.999877
0
0.393451
0.0144974

-0.282124
0.712079
-0.642923
-2.38146
1.1247

0.282124
-0.712079
0.642923
0.861849
0.0018857

0.838255
0.545278
0
0.447864
0.0545855

-0.838255
-0.545278
0
-2.21153
1.35093

-0.127867
-0.366604
0.921549
0.468238
0.0256832

0.127867
0.366604
-0.921549
-0.709729
0.263533

0.255905
-0.889468
-0.378628
-0.942617
0.231254

-0.255905
0.889468
0.378628
0.885833
0.000808153

-0.763905
0.645329
0
0.702482
0.00289084

0.763905
-0.645329
0
0.558082
0.00634893

-0.547904
0.130279
0.826334
0.54604
0.0174204

-0.348646
-0.571915
0.742536
0.638672
0.021929

0.348646
0.571915
-0.742536
-4.08117
4.33512

0.511024
0.784676
-0.350909
-0.0871594
0.148504

-0.511024
-0.784676
0.350909
-0.813819
0.413346

-0.464364
-0.677854
0.569982
0.707448
0.00487683

0.464364
0.677854
-0.569982
-0.170209
0.0778546

-0.426683
-0.422034
-0.799893
-1.13312
0.633663

0.426683
0.422034
0.799893
-0.118559
0.174448

-0.898139
0.155069
0.41146
0.99205
4.77098e-06

0.898139
-0.155069
-0.41146
-2.06204
0.585718

-0.82258
0.270628
-0.500123
-0.183167
0.0826429

0.82258
-0.270628
0.500123
0.682439
0.00598903

0.137785
0.8734
0.467107
0.56814
0.00552475

-0.137785
-0.8734
-0.467107
0.754915
0.00180441

-0.406293
-0.311652
-0.858953
-1.42325
0.324689

-0.391645
0.64952
-0.651719
-7.04519
15.082

0.391645
-0.64952
0.651719
0.678193
0.0241401

0.862185
0.506594
0
-0.79432
0.488907

-0.862185
-0.506594
0
-0.64169
0.409834

0.510952
-0.0985028
-0.853947
-10.8946
37.2507

-0.510952
0.0985028
0.853947
0.919646
0.00170143

-0.256315
-0.509449
0.821441
0.853616
0.00111773

0.256315
0.509449
-0.821441
-0.426748
0.105858

0.135089
0.576858
-0.805597
-16.4696
124.926

-0.135089
-0.576858
0.805597
0.806432
0.0153565

0.173639
-0.269375
0.947252
-10.5851
36.9506

-0.173639
0.269375
-0.947252
0.856974
0.00564051

-0.0140477
0.979237
-0.202233
-0.0873849
0.1105

0.0140477
-0.979237
0.202233
-0.0294039
0.0990313

0.253851
0.848459
0.464411
0.810284
0.00645576

0.31617
0.141075
0.938155
-0.617062
0.177765

-0.31617
-0.141075
-0.938155
0.735074
0.00489079

0.773539
-0.534361
-0.340729
0.102027
0.0356611

-0.773539
0.534361
0.340729
0.767417
0.00240459

-0.829432
0.558607
0
-2.37131
1.28076

0.829432
-0.558607
0
0.749241
0.00708765

-0.156919
0.71017
-0.68632
-15.2191
121.114

0.156919
-0.71017
0.68632
0.411554
0.159588

-0.520111
0.633406
0.572959
0.751261
0.0139909

0.520111
-0.633406
-0.572959
-7.22397
15.2409

0.423045
0.573443
0.701567
0.662102
0.0167573

0.602206
-0.733929
0.31416
0.849545
0.00168004

-0.602206
0.733929
-0.31416
-1.27541
0.382318

0.160562
-0.203649
0.965788
0.545795
0.0208901

-0.160562
0.203649
-0.965788
-1.21503
0.491912

0.523667
-0.203897
-0.827164
0.818487
0.000980413

-0.523667
0.203897
0.827164
0.5101
0.006793

0.113635
-0.438444
-0.891546
-3.49439
2.3376

-0.113635
0.438444
0.891546
0.904681
0.00105649

-0.288795
-0.81432
0.503468
0.70001
0.0158078

-0.811919
0.437401
-0.38661
0.0361341
0.0597685

0.811919
-0.437401
0.38661
0.469421
0.0181327

-0.831989
-0.412369
0.37114
-0.325528
0.327091

0.831989
0.412369
-0.37114
-2.11645
1.8077

-0.358964
-0.341488
-0.868637
0.0145588
0.11863

0.358964
0.341488
0.868637
-0.863089
0.423842

-0.0191684
0.543966
0.838888
0.847689
0.000887903

0.483706
0.392978
-0.782046
-0.893981
0.211548

-0.483706
-0.392978
0.782046
0.894768
0.000690288

-0.321988
0.612785
0.721677
0.6644
0.0113626

0.321988
-0.612785
-0.721677
-1.5801
0.670983

-0.412816
0.910815
0
0.958796
0.000337948

0.412816
-0.910815
0
-6.17947
8.0254

-0.956444
0.0777633
0.281369
0.538743
0.00657984

0.956444
-0.0777633
-0.281369
0.74455
0.00202362

-0.330724
0.843377
0.423483
-0.760827
0.401861

0.330724
-0.843377
-0.423483
-0.205994
0.18852

0.163444
-0.431657
0.887107
0.779707
0.00245749

-0.163444
0.431657
-0.887107
-0.141754
0.0660006

-0.277353
-0.298302
-0.913286
-2.85967
1.58636

0.277353
0.298302
0.913286
0.878966
0.00157494

-0.182669
0.285432
0.94083
0.959288
0.000218615

0.182669
-0.285432
-0.94083
-4.94422
4.65576

0.0250912
-0.188989
0.981659
0.977533
6.00042e-05

0.802965
0.0373641
-0.594854
-0.841598
0.279919

-0.802965
-0.0373641
0.594854
0.633424
0.0111069

-0.301562
0.63138
0.714436
0.793685
0.00384336

0.301562
-0.63138
-0.714436
-1.62244
0.611353

0.109838
0.278665
-0.954087
0.0192537
0.10545

-0.379509
0.515744
0.768103
0.82884
0.00519125

-0.381648
-0.853158
0.355621
-7.80021
28.0768

0.381648
0.853158
-0.355621
-0.36335
0.675317

-0.771763
0.191926
0.606256
0.780812
0.00811504

-0.130507
-0.408546
-0.903359
0.689131
0.0203788

0.130507
0.408546
0.903359
-6.09627
10.5416

-0.836319
-0.514682
-0.188872
0.489909
0.0153786

0.836319
0.514682
0.188872
0.14573
0.0431205

0.214023
-0.976829
0
0.703268
0.0044035

-0.214023
0.976829
0
0.35103
0.0183633

-0.0461159
-0.197398
0.979238
0.939942
7.97975e-05

-0.483422
0.690641
0.537883
0.887574
0.00070252

0.483422
-0.690641
-0.537883
-0.655928
0.148379

-0.813778
-0.581175
0
0.669828
0.00691182

0.813778
0.581175
0
0.0232207
0.0527534

0.431887
-0.259168
-0.86389
-5.83563
7.93215

-0.431887
0.259168
0.86389
0.884708
0.00226942

-0.221629
0.0468256
0.974006
0.613443
0.0167655

0.221629
-0.0468256
-0.974006
-1.81798
0.888401

-0.695671
-0.432392
-0.573654
0.697587
0.00876739

0.695671
0.432392
0.573654
-1.4902
0.59085

0.450995
0.055952
0.890771
0.970992
0.000162684

-0.544802
0.0551732
0.836748
-0.0568824
0.2183

0.544802
-0.0551732
-0.836748
-2.90859
2.98454

0.895969
-0.147274
0.418988
-1.03653
0.326532

-0.895969
0.147274
-0.418988
0.744168
0.00517694

0.102493
0.148281
0.98362
0.699646
0.00748573

-0.102493
-0.148281
-0.98362
-0.986008
0.320683

-0.65048
-0.0946716
0.7536
0.773953
0.0021233

0.178741
0.0493785
0.982656
0.921934
0.00307754

-0.178741
-0.0493785
-0.982656
-23.3655
299.673

-0.0429575
-0.805412
0.591157
-0.436452
0.119326

0.0429575
0.805412
-0.591157
0.794057
0.00245689

-0.423363
0.430582
0.797097
0.761236
0.00181282

0.584955
-0.309188
0.74982
-0.191
0.0428931

-0.584955
0.309188
-0.74982
0.977423
2.30402e-05

0.264622
-0.521131
-0.811417
-0.749544
0.125088

-0.264622
0.521131
0.811417
0.981212
2.19197e-05

0.040944
0.536507
0.842902
0.97588
0.000110271

0.345123
-0.066615
-0.93619
0.870108
0.000340634

-0.345123
0.066615
0.93619
0.639318
0.0026214

-0.252418
0.654727
0.712472
0.671318
0.00282458

0.367341
-0.620711
0.692661
0.756616
0.00172754

0.790102
0.39631
-0.467629
0.463545
0.023107

-0.790102
-0.39631
0.467629
-0.403789
0.158151

-0.234533
-0.277667
0.931609
0.953269
0.000172762

0.234533
0.277667
-0.931609
-2.12828
0.746777

-0.581558
0.358739
0.730134
0.687342
0.00585771

0.279867
0.886999
0.367298
0.225231
0.0262364

-0.279867
-0.886999
-0.367298
0.713744
0.00358527

-0.309163
0.271901
-0.911311
-2.30201
0.976353

0.309163
-0.271901
0.911311
0.905141
0.000852623

-0.929561
-0.368669
0
-1.22055
0.657365

0.929561
0.368669
0
0.0436859
0.121949

-0.0830928
0.72813
-0.680383
0.999043
9.01119e-07

-0.255623
-0.603513
0.755268
0.206028
0.0726107

0.255623
0.603513
-0.755268
-0.968039
0.445473

0.398562
-0.12106
0.909116
0.893471
0.00126851

-0.398562
0.12106
-0.909116
-3.16132
1.91558

0.949817
0.312806
0
0.9978
4.16464e-06

-0.493345
0.442248
-0.749018
0.779398
0.00110925

0.493345
-0.442248
0.749018
0.709326
0.00191791

0.498789
0.415497
-0.760639
-12.9895
63.9596

-0.498789
-0.415497
0.760639
0.848204
0.00758372

-0.00576252
-0.384818
0.922975
0.897073
0.0006781

-0.816454
0.436317
-0.378194
0.9077
0.00111911

-0.57541
0.154449
-0.803149
-6.93792
14.9757

0.57541
-0.154449
0.803149
0.628906
0.0327452

-0.715987
-0.482083
0.504934
0.393998
0.0342814

0.715987
0.482083
-0.504934
-0.660197
0.256843

-0.140933
0.706116
0.693929
0.660924
0.024408

0.140933
-0.706116
-0.693929
-6.03685
10.502

-0.485924
-0.874001
0
-2.96898
1.85805

0.485924
0.874001
0
0.814454
0.00469738

0.829693
0.479418
-0.28595
0.997812
3.74378e-07

-0.829693
-0.479418
0.28595
-1.89099
0.462223

-0.490958
-0.625521
0.60637
0.19819
0.0544708

0.490958
0.625521
-0.60637
-0.133897
0.108923

-0.74598
-0.464645
0.477094
-1.97139
0.73051

0.74598
0.464645
-0.477094
0.902143
0.000815657

0.768611
0.396791
-0.501791
0.731772
0.00292256

-0.768611
-0.396791
0.501791
0.298108
0.0198372

-0.503059
-0.497547
0.706667
0.944207
0.00070951

0.960989
-0.22648
0.158766
-3.01591
1.38404

-0.960989
0.22648
-0.158766
0.981189
3.0657e-05

-0.776988
-0.625185
-0.0737102
-17.5821
126.774

0.776988
0.625185
0.0737102
0.97161
0.000297439

0.0397263
-0.499945
0.865145
0.808272
0.00166348

0.28619
0.121782
-0.950402
0.0776459
0.080058

-0.28619
-0.121782
0.950402
-0.213588
0.138385

0.733762
-0.390472
0.555991
0.291775
0.0668059

-0.733762
0.390472
-0.555991
-1.68577
0.959327

0.925509
-0.293321
0.239575
0.142403
0.0285496

-0.925509
0.293321
-0.239575
0.824359
0.00119875

0.00766782
-0.166819
0.985958
0.917893
0.000420896

0.332246
-0.254155
-0.908305
-17.1557
126.238

-0.332246
0.254155
0.908305
0.92681
0.0020607

0.200598
-0.808117
0.553813
-1.30963
0.839334

-0.200598
0.808117
-0.553813
-0.334036
0.280123

-0.42443
0.349736
0.835191
0.810605
0.00142436

-0.900844
-0.125322
0.415662
0.38253
0.0299463

0.900844
0.125322
-0.415662
-0.219605
0.116703

0.885713
0.301588
0.352927
0.345628
0.0155346

0.839202
0.253775
0.480976
0.382374
0.0472986

0.468537
0.883444
0
-0.241801
0.141221

-0.468537
-0.883444
0
0.146032
0.0667867

-0.185456
0.135191
0.973309
0.975113
0.000299535

0.185456
-0.135191
-0.973309
-23.9565
300.8

0.677381
-0.402317
0.61587
-4.79253
7.24417

-0.677381
0.402317
-0.61587
0.356384
0.0895679

-0.0867056
-0.175524
0.980649
0.986117
3.62592e-05

0.0867056
0.175524
-0.980649
-8.29499
15.8465

-0.740275
0.235924
0.629549
0.591595
0.0363947

0.740275
-0.235924
-0.629549
-5.90253
10.3895

-0.430881
-0.559623
-0.707929
0.613764
0.0075394

0.430881
0.559623
0.707929
0.200661
0.0322262

-0.400955
0.0821169
0.91241
0.936015
0.00040726

-0.768311
-0.631675
-0.103367
0.29472
0.0754162

-0.045417
-0.946573
0.319277
-0.00270784
0.0868434

0.141912
-0.382343
0.913058
0.912553
0.00240512

-0.141912
0.382343
-0.913058
-13.3274
64.4296

-0.686432
-0.0290196
-0.726614
-1.10638
0.568494

0.686432
0.0290196
0.726614
0.0638323
0.112463

0.519881
0.0122684
-0.854151
-5.81474
7.91737

-0.519881
-0.0122684
0.854151
0.878849
0.00255545

0.953495
-0.120984
0.276062
0.807725
0.00216112

-0.50001
-0.621672
0.602921
0.319253
0.0332075

0.50001
0.621672
-0.602921
0.0492053
0.0646957

-0.231064
-0.280854
0.931521
0.937885
0.000299209

0.120932
-0.248661
0.961011
0.954181
0.000133536

-0.120932
0.248661
-0.961011
-0.971065
0.20027

-0.829256
0.468109
0.305301
-0.423771
0.233748

0.829256
-0.468109
-0.305301
-0.189844
0.163429

-0.367644
0.237374
-0.899161
-3.12111
1.62672

0.367644
-0.237374
0.899161
0.956779
0.000200109

0.335452
-0.0201907
0.941841
0.97896
0.000129999

-0.335452
0.0201907
-0.941841
-13.8871
64.9244

0.472089
-0.0706487
-0.878715
0.610445
0.0153675

0.954374
-0.298615
0
-1.72293
0.372066

-0.954374
0.298615
0
0.950692
0.00675775

-0.29855
-0.667642
0.681998
0.993005
2.13551e-06

-0.378379
0.925651
0
0.809012
0.000738252

0.378379
-0.925651
0
0.731404
0.00145732

0.553925
0.746958
0.367725
-0.0270636
0.104398

-0.553925
-0.746958
-0.367725
-0.217682
0.146712

-0.122468
-0.979295
-0.161194
-2.87342
2.51737

0.122468
0.979295
0.161194
0.302854
0.0815556

0.605576
0.663149
-0.439899
0.23046
0.0440241

-0.605576
-0.663149
0.439899
0.0841842
0.0623304

-0.336809
0.528589
-0.7792
-36.9567
1016.43

0.336809
-0.528589
0.7792
0.98852
9.4051e-05

0.696406
0.0307968
0.716986
0.789857
0.00191074

-0.167088
0.060603
0.984078
0.950007
0.000233562

0.167088
-0.060603
-0.984078
-2.85194
1.36725

0.0185554
0.526929
-0.849707
-0.419497
0.125398

-0.0185554
-0.526929
0.849707
0.735309
0.00437069

0.718278
-0.226674
0.657796
0.670393
0.00256678

-0.148661
0.285948
0.946643
0.94149
0.000550298

-0.66789
-0.104906
-0.73683
-2.38213
1.28321

0.66789
0.104906
0.73683
0.75589
0.00669316

0.0519546
-0.0865271
0.994894
0.887361
0.00342501

-0.832932
-0.396485
-0.386037
-1.63409
0.757085

0.832932
0.396485
0.386037
0.586459
0.0186921

-0.88255
-0.0687862
-0.465161
-3.33202
3.23314

0.88255
0.0687862
0.465161
0.402359
0.0616034

-0.309982
0.464772
-0.829396
-0.435757
0.112604

0.309982
-0.464772
0.829396
0.82928
0.00160792

0.233077
0.0215106
-0.97222
0.18176
0.0534687

-0.233077
-0.0215106
0.97222
0.0143155
0.0774747

0.407682
-0.175609
0.896079
0.833957
0.00369669

0.401361
-0.202219
-0.893318
0.957645
3.00823e-05

0.182414
-0.983222
0
0.383679
0.0312367

-0.182414
0.983222
0
-0.308609
0.139967

0.816605
-0.577197
0
-2.83987
2.04574

-0.816605
0.577197
0
0.553733
0.0380243

0.716367
-0.612551
-0.334066
-0.205167
0.0721901

-0.716367
0.612551
0.334066
0.813709
0.00173568

0.1215
-0.949606
-0.288941
0.226425
0.0663599

-0.1215
0.949606
0.288941
-0.882572
0.392873

0.703008
-0.42282
0.571842
0.961928
5.05625e-05

-0.703008
0.42282
-0.571842
-0.0461361
0.0326286

0.569956
-0.0289128
-0.821167
-10.2961
36.6079

-0.569956
0.0289128
0.821167
0.780065
0.013883

0.0974327
-0.0840916
-0.991683
-4.42958
3.65092

-0.0974327
0.0840916
0.991683
0.951817
0.000287964

-0.632919
0.576802
-0.516442
-3.42667
3.28274

0.632919
-0.576802
0.516442
0.481922
0.0450394

-0.516325
-0.645303
-0.563021
-3.71984
4.12804

0.516325
0.645303
0.563021
0.375888
0.0722056

0.289656
0.27071
-0.91805
-1.01666
0.416972

-0.289656
-0.27071
0.91805
0.429419
0.0335905

0.213259
-0.199666
0.956376
0.857633
0.00437085

-0.409421
-0.531166
0.74178
0.892731
0.00238472

-0.14363
0.111182
0.983366
-8.0106
47.2001

0.14363
-0.111182
-0.983366
-3.59726
12.2866

-0.132638
0.142199
-0.980911
-7.93241
15.7198

0.132638
-0.142199
0.980911
0.941672
0.000672432

-0.918454
0.303543
-0.253582
-0.154368
0.158328

0.918454
-0.303543
0.253582
-0.548614
0.284604

0.380722
-0.172932
-0.908375
0.972721
3.11432e-05

0.769783
0.638306
0
0.885384
0.00266985

-0.769783
-0.638306
0
-1.44153
0.427673

-0.295351
-0.883876
0.362672
0.582662
0.0237014

0.295351
0.883876
-0.362672
-2.6012
1.76257

-0.877681
-0.479245
0
-2.20679
1.04379

0.877681
0.479245
0
0.770354
0.0106322

0.621717
-0.402667
0.671809
0.496493
0.0270001

-0.234739
0.395255
-0.888071
-17.0423
126.077

0.234739
-0.395255
0.888071
0.911149
0.00305843

-0.685258
-0.728301
0
0.895936
0.000744283

0.685258
0.728301
0
0.891247
0.000780954

-0.202717
0.666729
-0.717202
0.929942
0.00154077

-0.31945
-0.83705
-0.444182
0.434051
0.0147828

0.31945
0.83705
0.444182
0.518813
0.0106869

-0.76565
0.128426
0.630307
-0.366656
0.121777

0.76565
-0.128426
-0.630307
0.675632
0.00692016

-0.550012
-0.491811
0.674988
0.35079
0.0401108

0.550012
0.491811
-0.674988
-0.633451
0.253232

0.00507925
-0.29304
-0.956087
0.813009
0.0010368

-0.146169
-0.338628
-0.929498
-0.501772
0.218571

0.146169
0.338628
0.929498
0.233794
0.0569448

-0.732048
-0.415975
-0.539509
-1.44177
0.396907

0.732048
0.415975
0.539509
0.928188
0.000351274

-0.521891
0.246235
0.8167
-1.28379
0.269357

0.521891
-0.246235
-0.8167
0.981126
2.60447e-05

0.0129375
0.893424
0.449029
0.507881
0.0190141

-0.0129375
-0.893424
-0.449029
-0.432088
0.160933

-0.393722
-0.0919197
0.914622
0.910453
0.00217116

-0.629012
0.550928
0.548473
-0.373046
0.288595

0.629012
-0.550928
-0.548473
-1.14537
0.704556

0.407629
0.899222
0.158865
0.722846
0.0226056

-0.407629
-0.899222
-0.158865
-10.117
36.3636

-0.328591
0.873777
0.358528
-0.0800214
0.0344514

0.112034
-0.382487
0.917144
0.88925
0.00117337

0.16606
-0.337247
-0.926654
0.255727
0.0217688

-0.16606
0.337247
0.926654
0.867759
0.00161471

-0.0338961
-0.630954
-0.77508
-2.39041
1.46992

0.0338961
0.630954
0.77508
0.608067
0.0196483

-0.507772
-0.303564
0.806236
0.725518
0.0034232

-0.238043
-0.0479096
-0.970072
-4.91792
5.82836

0.238043
0.0479096
0.970072
0.794292
0.00715666

0.0637293
-0.0117593
-0.997898
0.551913
0.00397335

-0.0637293
0.0117593
0.997898
0.914679
0.000144409

-0.150191
0.886639
0.437395
0.239689
0.0434858

0.563994
0.374461
0.735996
0.870954
0.00454748

-0.188226
-0.83979
0.509238
-0.658325
0.148502

0.188226
0.83979
-0.509238
0.88898
0.000682021

0.422797
0.482021
0.767397
-9.94143
36.0841

-0.422797
-0.482021
-0.767397
0.659261
0.0351144

-0.698743
0.301774
0.648607
0.669991
0.0032474

0.894427
0.447214
0
0.172496
0.158084

0.578869
-0.694859
-0.426709
-1.72668
5.39629

-0.578869
0.694859
0.426709
-16.6005
224.668

0.549861
-0.594714
0.586488
-17.7003
126.854

-0.549861
0.594714
-0.586488
0.980223
0.000146044

-0.663515
0.67682
-0.318846
-0.198486
0.0657015

0.663515
-0.67682
0.318846
0.859361
0.00103008

0.613776
-0.419925
-0.668537
-1.6198
0.753872

-0.613776
0.419925
0.668537
0.572731
0.0201503

0.567564
0.754539
-0.329457
0.484303
0.0134901

-0.567564
-0.754539
0.329457
0.365325
0.0204231

0.280146
-0.0654243
-0.957725
-0.214854
0.123077

-0.280146
0.0654243
0.957725
0.287256
0.0424054

0.946267
-0.112138
-0.303321
0.902186
0.00160452

-0.946267
0.112138
0.303321
-5.90173
7.96134

0.16952
0.726831
0.665568
0.981089
0.000111599

-0.16952
-0.726831
-0.665568
-2.79698
1.16131

0.511227
-0.169361
-0.842593
-0.493024
0.233142

-0.511227
0.169361
0.842593
0.0828083
0.0880231

-0.378662
-0.848273
-0.370199
0.0387576
0.115541

0.378662
0.848273
0.370199
-0.978822
0.489471

0.516464
0.856309
0
0.838429
0.0695682

0.698642
-0.689778
0.190015
-0.315495
0.0624502

-0.698642
0.689778
-0.190015
0.960073
5.83854e-05

-0.529471
0.824152
0.201084
0.487037
0.0175912

-0.908509
-0.166168
-0.383405
0.626015
0.0110392

-0.974052
-0.226324
0
0.183945
0.0429943

0.974052
0.226324
0
0.349447
0.0273333

0.0038018
-0.737026
0.675853
0.385853
0.0321983

-0.0038018
0.737026
-0.675853
-0.409891
0.16918

0.69177
-0.551071
0.466663
-0.574961
0.331868

-0.69177
0.551071
-0.466663
-0.456145
0.283699

-0.939445
-0.342699
0
0.303918
0.0392405

0.939445
0.342699
0
0.460225
0.0270491

0.925568
-0.325171
0.193873
0.571622
0.0134462

-0.925568
0.325171
-0.193873
-0.377272
0.137851

-0.993451
-0.0474377
0.103945
0.0816694
0.0719364

0.993451
0.0474377
-0.103945
-0.0149289
0.0878655

-0.96651
-0.0853947
0.242005
0.886786
0.000699212

0.96651
0.0853947
-0.242005
-0.475094
0.108377

-0.0593688
-0.891388
-0.449336
-0.563501
0.0991703

0.0593688
0.891388
0.449336
0.965387
5.27893e-05

-0.678039
0.400781
-0.616147
0.666329
0.00356686

0.678039
-0.400781
0.616147
0.620356
0.00460528

0.558791
0.724265
-0.403971
0.390615
0.0193331

-0.558791
-0.724265
0.403971
0.434362
0.0166641

0.1039
-0.92747
0.359173
0.421338
0.021157

0.669966
0.742391
0
-0.0102084
0.0601415

-0.669966
-0.742391
0
0.60328
0.00954131

-0.898046
-0.4399
0
0.967255
0.000940308

0.0434067
0.527999
0.848135
0.840294
0.00314679

0.890311
-0.236882
-0.388888
-1.9206
0.811653

-0.890311
0.236882
0.388888
0.80369
0.00368397

0.101159
-0.0365361
0.994199
0.760639
0.00402979

-0.101159
0.0365361
-0.994199
-0.702123
0.197481

0.548238
-0.380423
-0.744791
0.866627
0.000653526

-0.548238
0.380423
0.744791
0.100634
0.0296069

0.99799
0.0633786
0
-0.878662
0.263306

-0.99799
-0.0633786
0
0.742296
0.00499875

-0.121228
0.685461
-0.717947
-0.248376
0.0862091

0.121228
-0.685461
0.717947
0.759657
0.00319664

-0.486569
0.730564
0.479091
0.985909
1.12755e-05

0.464649
0.750816
0.469443
-3.97564
3.52285

-0.464649
-0.750816
-0.469443
0.81268
0.00501739

0.658133
0.752901
0
0.786685
0.00271342

-0.611443
0.438538
0.658651
0.669289
0.00963833

0.611443
-0.438538
-0.658651
-1.13104
0.399437

0.315792
-0.33675
-0.88706
0.116821
0.105753

-0.315792
0.33675
0.88706
-1.40444
0.781832

-0.861168
0.425292
0.278417
0.556268
0.0048578

0.861168
-0.425292
-0.278417
0.841937
0.000617031

0.830394
-0.557176
0
-0.444006
0.124785

-0.830394
0.557176
0
0.800786
0.00452027

-0.119081
-0.279288
0.952795
0.947009
0.00206024

0.119081
0.279288
-0.952795
-36.2125
1014.4

-0.0114314
-0.528055
0.849133
0.524551
0.0506609

0.0114314
0.528055
-0.849133
-5.78539
10.2787

0.568903
-0.539343
-0.620853
0.751158
0.00276075

-0.320666
-0.269934
0.907915
0.900744
0.00202221

0.320666
0.269934
-0.907915
-7.7237
15.6105

0.00778617
0.680845
0.732386
-9.6007
35.5268

-0.00778617
-0.680845
-0.732386
0.513233
0.0749463

-0.141518
0.507599
0.849892
0.795153
0.00285099

0.141518
-0.507599
-0.849892
-0.805414
0.220763

0.0879372
0.410471
-0.907623
0.633424
0.0112417

0.886227
-0.371163
0.277199
-0.0581117
0.0355368

-0.886227
0.371163
-0.277199
0.950389
8.20615e-05

0.763994
0.162716
0.624369
0.377305
0.0338638

-0.763994
-0.162716
-0.624369
-0.460051
0.186123

-0.505618
0.0226116
0.862461
0.955129
0.000772791

-0.910587
0.397421
0.113525
0.0784837
0.0443626

0.910587
-0.397421
-0.113525
0.655118
0.00621543

0.180163
0.42066
0.889149
0.0343369
0.0689402

-0.180163
-0.42066
-0.889149
0.285796
0.0378009
