
-0.347161
0.205906
-0.914922
0.829958
0.000925875

0.347161
-0.205906
0.914922
0.353832
0.0133555

-0.380446
0.813315
0.440204
-0.741187
0.31159

0.380446
-0.813315
-0.440204
0.280434
0.0532652

0.503289
0.0554054
-0.86234
0.808368
0.00241524

-0.503289
-0.0554054
0.86234
-0.759714
0.202021

-0.240054
0.780442
0.577307
0.445665
0.018368

0.240054
-0.780442
-0.577307
0.186332
0.0395655

-0.63698
-0.277129
-0.719344
0.897622
0.00179024

0.63698
0.277129
0.719344
-5.88387
7.94953

-0.39617
-0.4098
0.821653
-10.3276
36.6281

0.39617
0.4098
-0.821653
0.789362
0.0127507

0.537527
-0.843247
0
0.322899
0.0323628

-0.537527
0.843247
0
0.101145
0.0566039

-0.500798
-0.322847
0.803101
0.823006
0.00512468

0.500798
0.322847
-0.803101
-4.99147
5.86933

-0.261594
0.754897
0.601414
0.658385
0.00302

-0.657897
0.340623
0.671674
0.763314
0.00276361

0.657897
-0.340623
-0.671674
-0.0224528
0.0506346

0.240945
-0.709271
0.662481
0.742773
0.00162771

-0.240945
0.709271
-0.662481
0.720416
0.00191642

-0.529
0.52652
0.665534
0.70553
0.00638567

0.529
-0.52652
-0.665534
-0.704987
0.21186

-0.220755
-0.620572
0.752434
0.846369
0.00115795

0.220755
0.620572
-0.752434
-0.211799
0.069149

-0.0693498
-0.76897
-0.635512
0.926079
0.000382717

0.0693498
0.76897
0.635512
-1.43615
0.396412

-0.559479
0.185044
-0.807924
0.706533
0.00530051

0.923476
0.221509
-0.313252
0.808855
0.00134225

-0.962015
0.0683054
-0.264314
0.303184
0.0320363

0.962015
-0.0683054
0.264314
0.201331
0.0420812

-0.345215
0.415211
-0.84168
-13.3887
64.4993

0.345215
-0.415211
0.84168
0.922206
0.00188911

-0.047466
0.960282
-0.274965
-0.200213
0.103002

0.047466
-0.960282
0.274965
0.49291
0.0184001

0.394404
0.553122
-0.733827
0.203949
0.0456569

-0.394404
-0.553122
0.733827
0.169716
0.0496565

-0.318384
0.772427
0.549535
-0.0873458
0.116978

0.318384
-0.772427
-0.549535
-0.152255
0.131348

0.464463
-0.235912
0.853592
0.827148
0.000598649

-0.270287
0.0567413
0.961106
0.934563
0.00027865

0.204486
0.560975
0.80218
-0.653738
0.297393

-0.204486
-0.560975
-0.80218
0.119378
0.0844912

0.891483
0.431843
-0.137004
0.642038
0.0118205

-0.891483
-0.431843
0.137004
-1.2016
0.447103

0.590882
0.236827
0.771214
0.843696
0.00523376

-0.658368
0.0182758
-0.752474
-6.3556
10.7367

0.658368
-0.0182758
0.752474
0.795678
0.00830172

-0.802705
-0.586624
0.107406
0.89845
0.000335321

0.802705
0.586624
-0.107406
0.184443
0.0209708

-0.585101
-0.34307
0.73482
0.863475
0.00172146

0.585101
0.34307
-0.73482
-2.03418
0.82897

-0.484337
0.874881
0
0.480379
0.0477113

0.484337
-0.874881
0
-1.39505
0.612388

-0.0841455
0.996453
0
-0.453805
0.645397

0.0841455
-0.996453
0
-5.56488
13.1539

0.422863
-0.179467
0.888245
0.857572
0.00246445

-0.599396
-0.191989
0.777087
0.566713
0.0258285

-0.0484903
0.501209
-0.863966
0.00188005
0.0678664

0.0484903
-0.501209
0.863966
0.425577
0.0225892

0.920248
0.21354
0.32794
0.760979
0.0128197

0.507151
0.600819
0.617912
-7.19698
15.2165

-0.507151
-0.600819
-0.617912
0.740934
0.0152581

0.546377
0.736597
-0.398619
-0.110946
0.0624354

-0.546377
-0.736597
0.398619
0.77668
0.0028045

0.401477
-0.103178
-0.910039
0.831434
0.00104411

-0.449315
-0.667391
0.59389
0.935556
0.000295716

0.449315
0.667391
-0.59389
-1.56404
0.446637

0.645142
0.292604
-0.705815
0.622665
0.0147172

-0.645142
-0.292604
0.705815
-1.53299
0.662083

0.425727
0.424983
-0.79884
-3.10522
2.23241

-0.425727
-0.424983
0.79884
0.734652
0.00935106

-0.342512
-0.619966
0.705923
0.796229
0.00218057

0.342512
0.619966
-0.705923
-0.250518
0.0820005

0.588361
-0.357594
0.72523
0.219587
0.0609316

-0.588361
0.357594
-0.72523
-0.559893
0.242933

-0.563943
0.699016
-0.439709
-6.85809
14.8915

0.563943
-0.699016
0.439709
0.589456
0.0406925

-0.842496
-0.439045
-0.312154
0.945307
0.000162357

-0.199207
0.657362
-0.726768
-0.546671
0.151036

0.199207
-0.657362
0.726768
0.768241
0.00339833

0.998994
0.0448551
0
0.846758
0.0015205

0.986227
-0.1654
0
-0.149881
0.0998023

-0.986227
0.1654
0
0.400216
0.0276013

-0.483327
-0.0824799
0.871546
-0.270925
0.190525

0.483327
0.0824799
-0.871546
-0.352268
0.215041

-0.722336
-0.069151
0.688076
0.334335
0.0336366

0.722336
0.069151
-0.688076
-0.0821216
0.0888407

0.47052
0.591913
-0.654409
-1.17437
0.484794

-0.47052
-0.591913
0.654409
0.499024
0.0258362

-0.132815
-0.653409
0.745263
0.96361
7.54288e-05

0.132815
0.653409
-0.745263
-0.883574
0.169557

-0.868245
-0.496136
0
-2.27782
2.42366

0.868245
0.496136
0
-1.16389
1.10017

0.0372529
0.30154
0.952725
-0.320761
0.0948491

-0.13544
-0.330414
0.934068
0.965754
0.000451627

0.651543
-0.594972
0.470638
0.239685
0.043495

-0.651543
0.594972
-0.470638
0.0525897
0.0675033

0.67853
0.472851
-0.562147
-0.663712
0.207826

-0.67853
-0.472851
0.562147
0.662043
0.0085789

0.769238
-0.231439
0.595574
0.198218
0.0390248

-0.769238
0.231439
-0.595574
0.417358
0.0206165

0.513675
-0.85301
-0.0922572
-0.9988
0.595968

-0.513675
0.85301
0.0922572
-0.410356
0.296719

0.481278
-0.0146804
0.876445
0.879979
0.001067

-0.165804
-0.885713
-0.433615
-0.167299
0.0859326

0.165804
0.885713
0.433615
0.613601
0.00944578

0.244063
-0.568057
-0.785967
-3.39907
2.31406

-0.244063
0.568057
0.785967
0.872186
0.00200044

-0.621167
0.124417
0.773739
0.89036
0.000649148

-0.494475
-0.00488048
-0.869178
-0.897842
0.36401

0.494475
0.00488048
0.869178
0.393698
0.0371587

0.0812317
0.0417003
0.995823
0.821126
0.00626426

-0.0812317
-0.0417003
-0.995823
-6.42879
10.7843

-0.100377
0.613416
0.783355
0.737746
0.00271598

0.100377
-0.613416
-0.783355
0.342544
0.0166969

-0.950535
0.186966
0.248048
0.899547
0.000876427

-0.61603
-0.34449
0.708402
0.69205
0.0332047

0.61603
0.34449
-0.708402
-12.4143
62.9851

-0.185902
-0.417218
0.88959
0.913359
0.000413526

0.365357
-0.742577
-0.561332
-10.156
36.4172

-0.365357
0.742577
0.561332
0.735953
0.0204135

0.717418
0.0600888
-0.694046
-0.200157
0.0858396

-0.717418
-0.0600888
0.694046
0.704049
0.00628657

0.61657
-0.285704
0.733631
0.724049
0.00916417

0.547137
0.643801
-0.534941
0.958722
0.000201847

-0.547137
-0.643801
0.534941
-4.05969
2.92489

-0.426049
0.9047
0
-0.513289
0.294927

0.426049
-0.9047
0
-0.403274
0.253644

-0.221406
-0.0931361
0.970724
0.871573
0.000986307

0.221406
0.0931361
-0.970724
-0.791873
0.190518

-0.0923044
0.995731
0
-0.544675
0.325538

0.0923044
-0.995731
0
-0.544675
0.325538

0.201821
-0.894573
-0.398758
0.32312
0.0355571

0.776188
0.0896031
-0.624102
0.436589
0.0577635

-0.993509
-0.113754
0
0.346704
0.0594401

0.47132
0.881962
0
0.602121
0.00976144

-0.47132
-0.881962
0
-0.095196
0.0736591

0.0248157
-0.193048
-0.980875
-0.182362
0.162224

-0.0248157
0.193048
0.980875
-0.449301
0.243549

0.307889
-0.614398
-0.726443
-0.578759
0.163443

-0.307889
0.614398
0.726443
0.75026
0.00410688

0.853271
-0.317445
0.413711
0.961223
6.45284e-05

0.293441
-0.225739
-0.928942
-13.294
64.3838

-0.293441
0.225739
0.928942
0.907037
0.00273548

0.554935
0.831894
0
-3.45579
3.21299

-0.554935
-0.831894
0
0.504912
0.0465421

0.121164
0.770593
-0.625705
0.935346
8.64788e-05

-0.121164
-0.770593
0.625705
0.464295
0.0058786

0.270647
0.589773
0.760866
0.749988
0.00384646

-0.270647
-0.589773
-0.760866
-0.433753
0.126349

-0.202998
-0.712804
0.671344
0.606842
0.0110721

0.202998
0.712804
-0.671344
-0.40275
0.139953

-0.909865
-0.30566
-0.280567
0.599395
0.00862345

0.909865
0.30566
0.280567
0.132331
0.0404047

-0.587964
0.575774
0.56814
0.582556
0.00350871

0.587964
-0.575774
-0.56814
0.898926
0.000209485

0.520291
-0.821439
0.233529
0.408569
0.0216203

0.203043
-0.319259
-0.92566
-1.28548
0.747308

-0.203043
0.319259
0.92566
-0.0870364
0.169132

0.852424
0.0905664
0.514947
0.56163
0.0135314

-0.852424
-0.0905664
-0.514947
-0.282622
0.115439

-0.306868
-0.18755
0.93309
0.757176
0.00434787

0.306868
0.18755
-0.93309
-0.825599
0.23941

-0.958262
-0.285893
0
0.912255
0.00905887

0.958262
0.285893
0
-2.24031
0.712854

-0.000478304
0.290965
0.956734
-1.02102
0.352617

0.000478304
-0.290965
-0.956734
0.651286
0.0106596

-0.292081
0.159915
-0.942929
-7.94565
15.726

0.292081
-0.159915
0.942929
0.943876
0.000620901

-0.527779
-0.732043
-0.430769
0.146401
0.096942

0.527779
0.732043
0.430769
-1.35554
0.730581

-0.13299
-0.400167
-0.906741
0.177666
0.0330875

-0.331114
0.576213
0.747223
0.751997
0.00338148

-0.44489
-0.482575
-0.75445
-2.47046
1.49306

0.44489
0.482575
0.75445
0.66844
0.013654

-0.372172
0.397337
-0.838816
-5.3442
7.66262

0.372172
-0.397337
0.838816
0.70018
0.0171445

-0.305782
-0.256917
0.916783
-0.865896
0.262051

0.305782
0.256917
-0.916783
0.730924
0.00556809

-0.137152
-0.100283
0.985461
0.976893
0.000102911

0.137152
0.100283
-0.985461
-7.14762
11.0909

-0.416815
-0.209868
-0.884432
-0.865796
0.225636

0.416815
0.209868
0.884432
0.83919
0.00167698

0.0150323
-0.886334
0.462802
-0.142348
0.0763068

-0.0150323
0.886334
-0.462802
0.671091
0.00633349

-0.687227
-0.701916
-0.187171
0.750342
0.00147765

0.687227
0.701916
0.187171
0.715051
0.00192339

0.626906
0.445249
-0.639329
0.175213
0.0560928

0.54682
-0.454229
0.703324
0.963943
0.000282619

0.24389
-0.838016
0.488105
-0.0420418
0.105875

-0.24389
0.838016
-0.488105
-0.168245
0.133071

-0.12478
0.288366
0.949355
0.353406
0.0326579

0.12478
-0.288366
-0.949355
-0.164669
0.105829

0.475684
0.0447547
0.878477
0.859591
0.0012891

0.616936
0.244354
-0.748118
-0.168551
0.0740233

-0.616936
-0.244354
0.748118
0.743239
0.00358143

-0.412563
-0.524132
0.745035
0.576571
0.0361011

0.412563
0.524132
-0.745035
-5.11434
7.49967

-0.218904
-0.730224
0.647189
0.0998383
0.043572

0.218904
0.730224
-0.647189
0.619682
0.00783419

-0.117751
0.857032
0.501628
0.780813
0.00810114

0.117751
-0.857032
-0.501628
-4.88547
5.81741

-0.368349
0.454719
-0.810894
-1.10759
0.307562

0.368349
-0.454719
0.810894
0.853513
0.00154068

-0.397651
-0.378248
0.835944
0.857248
0.00224913

0.397651
0.378248
-0.835944
-0.962159
0.25135

-0.389077
-0.450426
0.803577
0.884479
0.00167873

-0.886594
-0.462548
0
-8.14965
21.7028

0.886594
0.462548
0
0.612168
0.0475603

-0.34941
-0.774164
0.527809
0.997481
9.3324e-07

0.558967
0.591728
0.580873
-1.29894
0.42095

-0.558967
-0.591728
-0.580873
0.803803
0.00307519

-0.583132
0.293199
0.757622
0.742316
0.00759562

0.583132
-0.293199
-0.757622
-2.36024
1.27737

0.366026
0.906938
-0.208539
0.885987
0.000398773

-0.366026
-0.906938
0.208539
0.260569
0.0166651

0.481624
-0.175555
-0.858615
0.00762177
0.0385419

-0.481624
0.175555
0.858615
0.867512
0.000699922

0.886227
-0.371163
0.277199
-0.0581117
0.0355368

-0.886227
0.371163
-0.277199
0.950389
8.20615e-05

0.154054
0.032465
-0.987529
0.984266
1.49191e-05

-0.154054
-0.032465
0.987529
-1.55774
0.36683

-0.648587
-0.231084
0.725214
0.843934
0.00214912

-0.0998822
-0.558672
-0.823352
-0.202707
0.0599054

0.485101
-0.765492
-0.422728
-1.48967
0.330813

-0.485101
0.765492
0.422728
0.987901
9.13057e-06

-0.105343
-0.520937
0.84707
0.577602
0.00312574

0.514366
0.314623
0.797772
0.740668
0.0047441

-0.514366
-0.314623
-0.797772
-0.680301
0.195577

0.571867
0.793674
0.207483
-0.379169
0.314039

-0.571867
-0.793674
-0.207483
-1.45187
0.992476

0.553925
0.746958
0.367725
-0.0270636
0.104398

-0.553925
-0.746958
-0.367725
-0.217682
0.146712

-0.0129175
-0.63645
-0.77121
-0.355556
0.173957

0.0129175
0.63645
0.77121
0.174244
0.0646698

0.249893
-0.880506
0.402819
0.190884
0.0602777

0.24312
-0.855382
0.4574
0.56885
0.00262763

-0.18208
0.888799
0.420575
-0.183748
0.107374

-0.667601
-0.306793
-0.67837
0.41613
0.0149253

0.667601
0.306793
0.67837
0.590754
0.00736712

-0.551515
0.834165
0
0.805173
0.00663267

0.531277
-0.423888
-0.733529
-5.65068
7.83946

-0.531277
0.423888
0.733529
0.826985
0.00536098

-0.549562
-0.788762
0.275382
0.572781
0.0186838

-0.256246
-0.378203
0.889551
0.859575
0.00377071

0.256246
0.378203
-0.889551
-6.55175
10.8567

-0.236011
0.233264
0.943338
0.922697
0.000162558

0.236011
-0.233264
-0.943338
0.320548
0.0118372

-0.532022
-0.694236
-0.484757
0.871562
0.00857816

0.532022
0.694236
0.484757
-22.9893
298.616

0.440002
-0.0815254
-0.894288
-0.776279
0.234675

-0.440002
0.0815254
0.894288
0.712091
0.00628349

0.674797
0.558095
0.482886
0.616896
0.00961735

0.781617
-0.623759
0
-3.71513
3.29893

-0.781617
0.623759
0
0.681258
0.0207289

-0.458017
0.100041
0.883296
0.841903
0.00116538

0.458017
-0.100041
-0.883296
-0.177565
0.0644263

-0.0795331
0.802976
0.590681
0.84615
0.001566

0.0795331
-0.802976
-0.590681
-0.944457
0.249688

-0.45392
-0.12318
0.882487
0.858547
0.0104493

0.45392
0.12318
-0.882487
-22.9057
298.392

-0.827997
-0.306666
0.469444
0.41736
0.0235788

0.473217
0.0880914
-0.876531
-0.493024
0.233279

-0.473217
-0.0880914
0.876531
0.0828083
0.0882028

-0.424138
-0.432987
-0.79538
-8.27809
22.6038

0.424138
0.432987
0.79538
0.667913
0.029082

-0.763528
0.491468
-0.418908
-0.207358
0.0892001

0.763528
-0.491468
0.418908
0.669657
0.00709591

-0.756514
-0.0899417
0.647763
0.328693
0.0570313

0.756514
0.0899417
-0.647763
-1.55263
0.822768

-0.243529
0.699997
0.67134
0.524747
0.0138812

0.102379
-0.182022
-0.97795
-0.774157
0.143916

-0.102379
0.182022
0.97795
0.962392
8.62302e-05

-0.676935
0.131707
0.724164
0.723986
0.00536271

0.676935
-0.131707
-0.724164
-0.662929
0.193985

-0.933425
-0.167109
-0.317478
-2.36989
1.67895

0.933425
0.167109
0.317478
0.369843
0.0587407

0.174721
-0.0755921
0.981712
0.449903
0.0459816

-0.174721
0.0755921
-0.981712
-2.71866
2.08861

-0.764707
-0.200801
-0.612292
-0.260812
0.162186

0.764707
0.200801
0.612292
-0.0539343
0.113368

0.921203
0.012823
-0.388871
-0.106892
0.0675354

-0.468411
0.718718
0.513844
0.919595
0.000250423

0.468411
-0.718718
-0.513844
-0.177562
0.053424

-0.135652
-0.70275
0.698385
0.967776
0.000318636

0.0150241
0.245381
0.96931
0.840812
0.00186343

-0.0150241
-0.245381
-0.96931
-1.08686
0.3057

-0.127844
0.353274
-0.926744
-0.184127
0.10199

0.127844
-0.353274
0.926744
0.464607
0.0210043

-0.618689
0.492275
-0.612282
0.851463
0.00091395

-0.18763
0.76209
0.619688
0.581785
0.00461018

-0.700703
0.666483
0.254589
-0.171832
0.0612438

0.700703
-0.666483
-0.254589
0.860465
0.000873233

-0.313542
-0.616653
0.722101
0.864933
0.00289576

0.313542
0.616653
-0.722101
-5.11262
5.92127

0.218055
0.968819
-0.11765
0.85568
0.00225155

0.411627
0.0967651
-0.9062
-7.74559
15.6228

-0.411627
-0.0967651
0.9062
0.905596
0.00182329

0.440752
-0.89653
0.0443986
0.0983253
0.0369147

0.364139
0.898502
-0.245149
-0.198066
0.0515213

-0.364139
-0.898502
0.245149
0.943934
0.000114797

-0.22614
-0.447549
0.865194
0.854313
0.00143132

0.22614
0.447549
-0.865194
-1.03056
0.277299

0.707308
0.604119
0.367091
0.238709
0.0286568

-0.707308
-0.604119
-0.367091
0.605882
0.00768423

-0.0799312
0.715225
0.694309
0.295089
0.0573082

0.0799312
-0.715225
-0.694309
-1.13206
0.522988

0.641343
-0.186787
-0.74417
-1.10332
0.363125

-0.641343
0.186787
0.74417
0.727411
0.00610126

0.165554
0.485329
0.858515
0.721452
0.0135003

-0.171359
0.542559
-0.822354
-2.87342
2.51593

0.171359
-0.542559
0.822354
0.302854
0.0817365

-0.903823
0.0972201
-0.416717
0.822673
0.0009784

-0.88597
-0.121507
-0.447541
-0.352132
0.152968

0.742287
-0.300867
0.598739
0.724165
0.00503552

-0.742287
0.300867
-0.598739
-0.501767
0.147797

-0.0088109
-0.953592
-0.300972
-0.449794
0.0954848

0.0088109
0.953592
0.300972
0.917263
0.000315299

0.93957
-0.0567826
0.337616
0.476686
0.00720645

-0.93957
0.0567826
-0.337616
0.857676
0.000540266

0.0967426
0.363627
0.926507
0.641862
0.0114893

-0.0967426
-0.363627
-0.926507
-1.10274
0.395463

-0.544213
0.223487
0.808632
0.724482
0.00568736

0.544213
-0.223487
-0.808632
-0.789282
0.235929

-0.778821
-0.263715
0.569116
0.7003
0.00756418

-0.460671
0.687773
-0.561026
-3.32848
2.7188

0.460671
-0.687773
0.561026
0.673824
0.0154968

0.203324
0.802774
0.560547
0.00982165
0.188704

-0.203324
-0.802774
-0.560547
-2.96071
3.01696

0.49015
-0.797165
0.352535
-0.126582
0.0732574

-0.704562
0.56352
-0.431321
-0.849113
0.180634

0.704562
-0.56352
0.431321
0.930858
0.000260138

-0.162787
-0.482594
-0.860583
-0.880907
0.226796

0.162787
0.482594
0.860583
0.849162
0.00146249

0.0771255
0.940702
0.330352
0.815804
0.00198933

-0.0771255
-0.940702
-0.330352
-0.341759
0.0964196

0.431876
-0.526316
-0.732444
-0.410356
0.296853

-0.431876
0.526316
0.732444
-0.9988
0.595968

0.150804
-0.259962
-0.95377
-5.44488
6.03372

-0.150804
0.259962
0.95377
0.948455
0.000387734

-0.734386
-0.0846007
0.673439
0.678822
0.0127921

0.734386
0.0846007
-0.673439
-2.48516
1.49671

-0.882903
-0.469555
0
0.349885
0.0293237

0.882903
0.469555
0
0.0638311
0.0607944

0.796038
-0.234668
0.557902
-0.895095
0.335108

-0.796038
0.234668
-0.557902
0.508183
0.0225743

-0.0712184
-0.138382
0.987815
0.937757
0.000276754

0.0712184
0.138382
-0.987815
-1.46854
0.398707

-0.450476
0.71448
0.535341
0.681258
0.0156788

0.450476
-0.71448
-0.535341
-3.71513
3.41957

0.487823
0.663198
0.567624
0.920424
0.00145879

-0.487823
-0.663198
-0.567624
-9.13534
23.4125

0.587078
0.211108
-0.78152
-1.3
0.556771

-0.587078
-0.211108
0.78152
0.513323
0.0250724

-0.898317
0.128758
-0.420057
-1.4825
0.803884

0.898317
-0.128758
0.420057
0.23379
0.0766362

0.0249538
-0.468085
0.883331
0.799764
0.00260075

-0.0249538
0.468085
-0.883331
-0.634574
0.167714

0.786385
0.103463
0.609011
0.890777
0.000612871

0.879584
-0.475743
0
0.355747
0.0368732

-0.879584
0.475743
0
-0.0259104
0.0841064

0.947095
-0.253579
-0.196743
0.971654
5.49114e-05

-0.914154
0.238715
0.327624
0.991397
5.25488e-05

0.914154
-0.238715
-0.327624
-37.0447
1016.59

-0.569982
-0.821657
0
0.458362
0.0352085

0.569982
0.821657
0
-0.857481
0.331965

0.826835
-0.140552
-0.544599
0.415154
0.0171646

-0.826835
0.140552
0.544599
0.448565
0.0152601

0.421923
-0.4643
0.77872
0.684539
0.00795642

-0.401508
0.378036
-0.834194
-0.60904
0.232629

0.401508
-0.378036
0.834194
0.420748
0.0303065

-0.803615
-0.559305
0.203422
0.509625
0.030728

0.803615
0.559305
-0.203422
-2.06483
1.1999

-0.365047
-0.0572748
-0.929226
-1.23548
0.225387

0.365047
0.0572748
0.929226
0.995074
3.69382e-06

-0.654541
-0.453741
0.604727
0.66202
0.00528156

0.654541
0.453741
-0.604727
0.255812
0.0254059

-0.273491
0.69818
0.661625
0.964135
0.000119157

0.273491
-0.69818
-0.661625
-2.70063
1.16724

-0.242722
0.38288
0.891341
0.794292
0.00707274

0.242722
-0.38288
-0.891341
-4.91792
5.83363

0.51682
0.856094
0
-2.8173
2.07973

-0.51682
-0.856094
0
0.535483
0.0367173

0.714717
-0.699414
0
0.539386
0.0121312

-0.714717
0.699414
0
0.672982
0.00740337

0.247373
0.336523
-0.908603
-0.126738
0.0719007

-0.247373
-0.336523
0.908603
0.691504
0.00541829

-0.4893
-0.790853
-0.367611
0.452799
0.0478101

0.4893
0.790853
0.367611
-3.03143
2.59292

-0.245066
0.875894
0.415635
-3.48539
1.96731

0.245066
-0.875894
-0.415635
0.973963
6.63354e-05

0.766066
0.132324
-0.628993
-0.315857
0.0999431

-0.766066
-0.132324
0.628993
0.754908
0.00351564

0.576812
0.553645
0.600637
-0.33087
0.090395

-0.576812
-0.553645
-0.600637
0.837347
0.00135371

0.234205
0.609891
-0.757088
-8.05305
22.3197

-0.234205
-0.609891
0.757088
0.566799
0.0512516

0.0881715
0.219697
0.971575
-1.16815
0.312601

-0.0881715
-0.219697
-0.971575
0.886948
0.000911855

-0.889396
0.209896
0.406102
0.356383
0.0518073

0.889396
-0.209896
-0.406102
-1.57445
0.828709

-0.995728
0.0923305
0
0.911157
0.000856374

0.995728
-0.0923305
0
-3.21517
1.92669

-0.793461
-0.40405
-0.455152
0.969352
0.000238224

0.793461
0.40405
0.455152
-11.2593
37.495

0.770241
0.637753
0
-0.237078
0.157495

-0.770241
-0.637753
0
0.0159392
0.103069

0.420115
-0.732041
0.536301
0.44072
0.0217863

-0.420115
0.732041
-0.536301
-0.0665593
0.0792204

-0.112872
0.449557
0.886091
0.880827
0.000626394

0.183525
-0.508615
0.841207
0.514644
0.00459062

0.462571
0.526928
-0.713004
-2.76913
1.81554

-0.462571
-0.526928
0.713004
0.70302
0.0113566

-0.260686
0.695672
-0.66939
0.0387583
0.115636

0.568063
0.161692
0.806945
0.268996
0.056713

-0.794575
0.594119
-0.125189
-13.1667
111.492

0.794575
-0.594119
0.125189
-0.86621
1.93502

0.924529
0.381113
0
0.989091
0.000466134

0.157664
-0.897983
-0.410814
-0.328756
0.194432

-0.157664
0.897983
0.410814
-0.167847
0.150207

-0.0416373
0.913767
0.4041
0.871277
0.00110447

0.0416373
-0.913767
-0.4041
-1.05957
0.279656

-0.87964
0.323848
-0.348363
-6.94405
20.5215

0.87964
-0.323848
0.348363
-0.201414
0.469441

-0.493974
0.76803
-0.407578
-0.281408
0.145543

0.493974
-0.76803
0.407578
0.234864
0.0519227

0.690116
-0.620297
0.372789
0.182471
0.0147735

0.80564
0.32585
-0.494738
-1.97714
1.03906

-0.80564
-0.32585
0.494738
0.602535
0.0185329

-0.224673
-0.22615
0.947828
0.338868
0.0589526

0.224673
0.22615
-0.947828
-1.56057
0.818656

0.243396
-0.238251
0.94021
0.99271
4.04769e-06

0.244165
0.74649
0.61898
0.346709
0.0581617

-0.244165
-0.74649
-0.61898
-1.91159
1.15291

-0.363086
0.849462
0.38286
-1.02536
0.548461

0.363086
-0.849462
-0.38286
-0.0891962
0.158663

-0.27609
-0.295447
0.914596
0.914185
0.00121746

0.54732
-0.494189
-0.675439
-0.941067
0.341703

-0.54732
0.494189
0.675439
0.564472
0.0172264

0.571943
-0.361524
-0.73633
-1.97714
1.03863

-0.571943
0.361524
0.73633
0.602535
0.0186267

-0.644509
0.764597
0
0.7614
0.00432738

0.644509
-0.764597
0
0.427665
0.0157662

0.684224
0.729272
0
0.883314
0.000641153

-0.0571991
-0.696794
0.714987
0.790963
0.000856029

0.0571991
0.696794
-0.714987
0.768379
0.00105012

0.360991
0.172692
0.91644
-2.5275
2.72931

-0.360991
-0.172692
-0.91644
-0.651386
0.598186

0.846332
0.218364
0.485839
0.864787
0.00592405

-0.592575
0.314023
0.741785
0.96056
0.000510444

0.592575
-0.314023
-0.741785
-8.05658
15.5993

-0.85951
-0.305394
0.409849
0.417358
0.0206365

0.85951
0.305394
-0.409849
0.198218
0.0390481

-0.55972
0.177469
0.809456
0.804058
0.00328491

0.55972
-0.177469
-0.809456
-1.51594
0.538598

0.129935
0.393548
0.910075
0.882825
0.000957128

0.418313
0.859027
0.295106
0.949215
0.000411543

0.927636
-0.0465529
0.370573
0.286633
0.0299878

0.200796
0.857357
-0.47394
0.833993
0.00159526

0.470281
0.61766
0.630342
0.667251
0.00747325

-0.470281
-0.61766
-0.630342
-0.403916
0.131933

0.873148
-0.487456
0
0.856608
0.00196184

-0.873148
0.487456
0
-0.140309
0.061225

-0.306286
-0.176278
0.935476
0.881949
0.00107397

0.306286
0.176278
-0.935476
-1.54159
0.490816

0.622163
0.782888
0
-0.965954
0.534037

-0.622163
-0.782888
0
-0.213671
0.212818

-0.328774
0.674166
0.661368
-0.186384
0.34548

0.328774
-0.674166
-0.661368
-4.23196
6.71416

0.146353
0.901925
0.406339
0.112773
0.0506539

-0.146353
-0.901925
-0.406339
0.412763
0.0222107

0.687141
0.494665
0.532113
0.817229
0.00819584

-0.687141
-0.494665
-0.532113
-8.70179
23.0712

-0.0507947
-0.192389
0.980003
0.803851
0.00590676

0.353178
0.935556
0
0.915128
0.000238961

-0.353178
-0.935556
0
0.0569733
0.0294761

-0.271161
-0.782339
-0.560729
0.593041
0.0400058

0.335611
-0.829616
0.44621
0.512915
0.0332831

-0.335611
0.829616
-0.44621
-2.51808
1.73363

0.763263
0.490918
-0.420035
0.921933
0.000111748

-0.763263
-0.490918
0.420035
0.596728
0.00292276

0.707107
0.707107
0
-9.72692
82.3939

-0.707107
-0.707107
0
-5.86522
34.0482

0.311543
-0.931097
0.189734
0.945701
0.000918676

0.251959
0.909255
0.33132
0.65709
0.018314

0.790227
0.278796
0.545723
0.60993
0.00633761

-0.81511
0.178254
-0.551199
0.814358
0.000919357

0.81511
-0.178254
0.551199
0.552626
0.00530981

0.430887
-0.27927
0.858105
0.987819
1.13249e-05

-0.430887
0.27927
-0.858105
-0.783452
0.125798

-0.219963
-0.0733208
0.972749
0.832555
0.0113495

0.277053
-0.492006
0.825332
-9.63323
23.6561

-0.277053
0.492006
-0.825332
0.98494
4.90233e-05

0.480478
-0.180178
-0.858299
-12.6506
63.4266

-0.480478
0.180178
0.858299
0.763667
0.0190376

-0.215472
-0.237952
-0.947075
-1.3386
0.354579

0.215472
0.237952
0.947075
0.92466
0.000408057

0.216068
-0.402335
0.88963
-22.3311
296.19

-0.216068
0.402335
-0.88963
0.750322
0.0340402

-0.741822
0.470361
0.477976
0.61286
0.122759

0.741822
-0.470361
-0.477976
-33.939
999.425

0.288109
-0.0176408
0.957435
0.929645
0.000890426

-0.866983
-0.101336
0.487926
0.734731
0.00115145

0.109885
0.640891
-0.759726
-6.80919
10.9868

-0.109885
-0.640891
0.759726
0.923615
0.00105786

-0.833297
0.552826
0
0.995307
3.57434e-06

0.833297
-0.552826
0
-5.84206
6.1029

-0.507864
0.568862
0.646893
0.667913
0.0290457

0.507864
-0.568862
-0.646893
-8.27809
22.6082

0.440529
0.420925
-0.792942
0.626909
0.00263108

-0.440529
-0.420925
0.792942
0.895634
0.000206367

-0.203354
-0.974552
-0.0943201
0.994923
4.97884e-07

0.696465
0.613968
0.371457
0.0782185
0.0280275

-0.839658
0.543116
0
0.869184
0.00589277

0.839658
-0.543116
0
-5.7815
7.51826

0.296427
0.954223
0.0398664
-0.766692
0.233627

0.102601
-0.94012
-0.325034
0.0305927
0.184816

-0.102601
0.94012
0.325034
-3.13088
3.34178

0.680131
0.176117
-0.711621
-6.24991
10.6597

-0.680131
-0.176117
0.711621
0.755418
0.0122052

0.291495
-0.8474
0.443784
0.806564
0.00620664

-0.900313
0.122107
0.417764
0.371783
0.0556265

0.63346
-0.629803
-0.44953
-0.724725
0.308951

-0.63346
0.629803
0.44953
0.25204
0.0581565

-0.00729434
-0.407292
-0.913269
-0.0113946
0.0834614

0.00729434
0.407292
0.913269
0.164136
0.0570795

0.469148
0.0274958
-0.882692
-6.34103
8.08846

-0.469148
-0.0274958
0.882692
0.980086
6.89962e-05

0.989276
0.106015
-0.100464
0.518856
0.01404

-0.989276
-0.106015
0.100464
0.0625596
0.0532918

0.246911
0.808691
-0.533904
-0.308609
0.139782

-0.246911
-0.808691
0.533904
0.383679
0.031063

0.199934
0.926774
-0.317987
-1.83901
1.00296

-0.199934
-0.926774
0.317987
0.47062
0.0348992

-0.238514
0.0725684
-0.968424
-5.8253
7.92838

0.238514
-0.0725684
0.968424
0.881833
0.00238388

0.782886
0.208827
0.586073
0.841456
0.00607806

-0.498322
-0.726101
-0.473763
-0.634352
0.138061

0.498322
0.726101
0.473763
0.903024
0.000498622

-0.987842
0.0327932
0.15196
-3.51335
2.78679

0.987842
-0.0327932
-0.15196
0.776949
0.00681167

-0.394198
0.566326
-0.723797
-1.26841
0.417233

0.394198
-0.566326
0.723797
0.782676
0.00389266

-0.669172
-0.305888
-0.677231
0.990898
4.67954e-06

-0.787418
-0.0129034
0.616284
0.51221
0.0421008

0.787418
0.0129034
-0.616284
-3.89148
4.23098

0.504136
0.472025
0.723215
-2.21265
0.963822

-0.504136
-0.472025
-0.723215
0.868884
0.00164569

0.110974
0.264743
0.957912
0.893254
0.000747932

-0.110974
-0.264743
-0.957912
-0.95655
0.232216

0.681263
-0.105075
0.724458
0.718157
0.00581167

-0.681263
0.105075
-0.724458
-0.717754
0.213065

-0.167
0.493314
0.85367
-0.273083
0.213794

0.167
-0.493314
-0.85367
-0.732804
0.395799

0.919648
-0.264304
-0.290501
-0.711269
0.227962

-0.919648
0.264304
0.290501
0.644348
0.00986095

0.165396
-0.770702
0.615355
0.650177
0.00662157

-0.165396
0.770702
-0.615355
0.0360302
0.0501815

0.441558
0.781987
-0.439913
0.134394
0.0616376

-0.441558
-0.781987
0.439913
-0.000317335
0.0823142

0.226696
-0.905029
0.359906
0.987094
7.78424e-06

0.0225957
-0.627811
-0.778037
-1.04536
0.301872

-0.0225957
0.627811
0.778037
0.813352
0.00252077

-0.29758
0.52458
-0.79766
0.937619
0.000305171

0.29758
-0.52458
0.79766
-1.57012
0.446751

-0.757468
0.0163983
0.652666
0.434662
0.0318476

-0.536875
0.843662
0
0.30771
0.0781693

-0.814616
0.580001
0
0.495617
0.0118274

0.814616
-0.580001
0
0.452709
0.0139228

0.466333
-0.884609
0
0.898997
0.00133896

-0.466333
0.884609
0
-1.69622
0.554731

-0.19189
0.848574
0.493052
0.311857
0.0681432

0.19189
-0.848574
-0.493052
-2.08591
1.36995

0.911507
0.335948
-0.237263
-2.65974
1.16218

-0.219562
0.393348
0.892788
-6.69379
10.9347

0.219562
-0.393348
-0.892788
0.897568
0.0019392

-0.417697
-0.519469
0.74544
0.707798
0.0095311

0.417697
0.519469
-0.74544
-2.11144
1.07047

-0.51384
0.143145
0.845859
0.83231
0.00120654

0.57701
0.706993
0.408926
0.966739
4.89645e-05

-0.57701
-0.706993
-0.408926
-0.607658
0.106602

0.790358
0.299849
0.534252
-0.409911
0.132358

-0.790358
-0.299849
-0.534252
0.674453
0.00710035

-0.365521
-0.0115178
-0.930732
-24.1725
300.912

0.365521
0.0115178
0.930732
0.986998
8.71786e-05

0.813406
-0.233194
0.532909
0.768958
0.0134559

-0.381678
0.76625
0.516898
0.51161
0.00640184

0.381678
-0.76625
-0.516898
0.834914
0.000749346

-0.140806
0.171491
0.975072
-0.267088
0.0555556

-0.0637311
0.0385596
0.997222
0.996894
6.90877e-06

0.181618
0.218416
0.958806
-0.843642
0.385551

-0.181618
-0.218416
-0.958806
0.158305
0.0803606

0.117287
0.993098
0
-4.22236
3.51884

-0.117287
-0.993098
0
0.901094
0.00221776

-0.441142
0.199424
-0.874999
-4.68964
5.71024

0.441142
-0.199424
0.874999
0.688345
0.0172711

-0.703762
0.59401
0.389707
0.463547
0.0231301

-0.750909
0.108781
0.651385
0.766806
0.00559889

0.873488
0.486847
0
-1.00511
0.380909

-0.873488
-0.486847
0
0.535168
0.0295948

0.496541
0.235682
0.835405
0.521306
0.0103654

-0.496541
-0.235682
-0.835405
0.453485
0.0135092

-0.753595
0.0984721
0.649921
0.613244
0.0174086

0.753595
-0.0984721
-0.649921
-1.66295
0.759554

-0.0116196
0.787191
-0.6166
0.840749
0.00109082

-0.0681066
0.848587
-0.524653
0.414895
0.067287

0.0681066
-0.848587
0.524653
-4.26594
5.44315

0.773544
-0.221487
-0.593778
0.586459
0.018733

-0.773544
0.221487
0.593778
-1.63409
0.756981

0.131835
0.566175
0.813674
-0.0670431
0.0973132

-0.131835
-0.566175
-0.813674
0.126524
0.0652254

-0.836319
-0.514682
-0.188872
0.489909
0.0153786

0.836319
0.514682
0.188872
0.14573
0.0431205

0.978067
-0.0433396
-0.203734
-1.13312
0.633715

-0.978067
0.0433396
0.203734
-0.118559
0.174267

-0.180427
0.27403
0.944645
-2.46623
1.13722

0.180427
-0.27403
-0.944645
0.896586
0.00106708

0.988785
0.149347
0
-7.34518
15.3472

-0.988785
-0.149347
0
0.794659
0.00929247

-0.0945092
-0.967463
0.234697
0.98518
9.95973e-06

-0.270007
0.655572
-0.70521
-3.08644
2.61702

0.270007
-0.655572
0.70521
0.499411
0.0394055

0.00417401
0.320498
0.94724
0.950802
0.000166521

0.295356
-0.0983214
-0.950314
-16.6994
125.367

-0.295356
0.0983214
0.950314
0.853724
0.00864298

0.363969
-0.643189
-0.673673
-5.07938
5.9071

-0.363969
0.643189
0.673673
0.854076
0.00341327

-0.847099
0.187417
0.497291
0.517402
0.00594711

-0.446076
0.817863
-0.363477
0.723427
0.00290006

0.446076
-0.817863
0.363477
0.383232
0.0143609

0.420722
-0.269842
0.866128
0.718254
0.0182875

0.868063
-0.143309
0.475319
0.900982
0.00311645

-0.868063
0.143309
-0.475319
-13.2585
64.3406

-0.17158
-0.0617596
-0.983232
0.814908
0.00224527

0.17158
0.0617596
0.983232
-0.768316
0.202695

0.338296
0.60598
0.719961
0.375888
0.0722189

-0.338296
-0.60598
-0.719961
-3.71984
4.12784

0.792217
0.202875
-0.57553
0.208715
0.0344335

-0.792217
-0.202875
0.57553
0.525168
0.0124378

-0.227262
-0.541381
0.809481
0.67142
0.0122073

0.227262
0.541381
-0.809481
-2.06191
1.05962

0.376416
0.44611
0.811971
0.822545
0.00445782

-0.376416
-0.44611
-0.811971
-3.99919
3.5318

-0.127252
-0.742962
0.657125
-0.0871594
0.148625

0.127252
0.742962
-0.657125
-0.813819
0.413388

-0.558169
-0.445229
0.700156
0.678192
0.0170895

0.558169
0.445229
-0.700156
-4.14892
4.3691

0.899262
0.297818
-0.320364
-2.79567
2.91183

-0.899262
-0.297818
0.320364
-0.212612
0.297241

0.101896
0.784605
-0.611565
0.108611
0.0386263

-0.101896
-0.784605
0.611565
0.733076
0.00415824

-0.238341
0.83543
-0.495227
-2.1389
1.38833

0.238341
-0.83543
0.495227
0.371784
0.0556859

-0.57458
0.393507
-0.717642
0.893801
0.000637078

-0.786722
-0.617307
0
-0.800184
0.178332

-0.60774
-0.784178
-0.125368
0.968711
3.95698e-05

0.60774
0.784178
0.125368
-0.574198
0.0994107

0.326798
0.945094
0
0.759307
0.00335118

0.52571
0.193265
-0.828419
0.471906
0.0164298

0.140886
0.506287
0.850779
0.797923
0.00408771

0.570621
-0.270779
-0.775287
-1.32466
0.464695

-0.570621
0.270779
0.775287
0.748457
0.00552354

-0.0762691
0.600162
-0.796234
0.0156505
0.11193

0.238252
-0.798968
0.552164
0.965559
0.000232744

0.0129256
-0.294922
0.955434
0.986562
2.45044e-05

0.886174
-0.38115
-0.263477
0.189858
0.0696993

-0.886174
0.38115
0.263477
-0.690308
0.303338

0.698902
0.266054
0.663891
0.748542
0.0161118

-0.216532
0.538578
0.814277
0.784624
0.00119573

0.216532
-0.538578
-0.814277
0.628385
0.00353244

0.280386
-0.629224
-0.724887
-1.30943
0.50796

-0.280386
0.629224
0.724887
0.642505
0.0121962

0.125661
-0.856193
0.501141
-0.0364697
0.111417

-0.125661
0.856193
-0.501141
-0.321201
0.180984

0.104427
0.560164
0.821773
0.711031
0.01468

-0.104427
-0.560164
-0.821773
-4.73403
5.73553

-0.570284
0.38739
-0.724365
-0.0411427
0.0586394

0.570284
-0.38739
0.724365
0.690239
0.00526061

-0.334612
-0.180117
-0.924983
-0.714647
0.284731

0.334612
0.180117
0.924983
0.364705
0.0392969

0.465549
0.18079
-0.86636
-0.0197542
0.0690159

-0.465549
-0.18079
0.86636
0.469433
0.01869

-0.12883
0.171773
0.976676
0.952155
0.000860061

-0.0399108
0.249575
-0.967533
-1.32151
0.423361

0.0399108
-0.249575
0.967533
0.818553
0.00268215

0.668662
-0.527611
0.523944
0.251534
0.0465499

-0.668662
0.527611
-0.523944
-0.156874
0.111105

-0.0466215
-0.0250897
-0.998598
0.143173
0.0240204

0.0466215
0.0250897
0.998598
0.897803
0.000355464

0.217702
0.498465
0.839129
0.712387
0.00633698

-0.836226
0.343615
0.427382
-0.0442491
0.0816685

0.759925
0.596576
0.258091
0.820337
0.00171833

-0.759925
-0.596576
-0.258091
-0.346962
0.0962257

-0.266651
-0.603907
-0.751128
-5.57063
7.79602

0.266651
0.603907
0.751128
0.797765
0.00745314

0.540696
0.617784
-0.570956
0.951823
9.43755e-05

0.461349
-0.294398
0.836951
0.914292
0.00152401

0.420233
0.254043
-0.871129
-36.3296
1014.55

-0.420233
-0.254043
0.871129
0.955613
0.00145506

-0.593258
-0.682532
-0.426843
0.205451
0.0474101

0.593258
0.682532
0.426843
0.0934091
0.0617095

0.107351
0.380549
-0.918509
0.556632
0.00812486

-0.107351
-0.380549
0.918509
0.51176
0.00984628

0.642075
-0.152581
-0.751305
-1.44573
0.528731

-0.642075
0.152581
0.751305
0.756104
0.00533401

-0.284566
-0.545613
0.788244
0.973587
0.000141317

-0.51705
-0.855955
0
0.892938
0.000606012

0.51705
0.855955
0
0.0867543
0.029873

-0.438994
0.0450922
-0.897357
-9.31828
23.527

0.438994
-0.0450922
0.897357
0.950437
0.000545543

0.409415
0.113318
0.905284
-17.5283
126.652

-0.409415
-0.113318
-0.905284
0.967152
0.000414529

-0.258186
0.857713
0.444599
0.239686
0.0155161

0.258186
-0.857713
-0.444599
0.930507
0.000130101

0.600708
-0.185066
0.777754
0.789362
0.0127426

-0.600708
0.185066
-0.777754
-10.3276
36.6304

-0.461873
0.083919
0.882967
0.865958
0.00162134

0.461873
-0.083919
-0.882967
-2.0395
0.830175

0.149439
0.682003
-0.715919
0.776807
0.00251098

-0.149439
-0.682003
0.715919
-0.0842626
0.0579454

0.896331
0.443386
0
0.952714
0.00115672

0.875678
-0.482896
0
0.821126
0.0108681

-0.659439
0.703491
-0.26503
0.0868642
0.0831064

0.659439
-0.703491
0.26503
-0.372079
0.187635

0.147439
-0.375403
-0.91506
-0.624923
0.146769

-0.147439
0.375403
0.91506
0.868372
0.00102513

-0.862717
0.0659241
-0.501372
-2.49551
1.72583

0.862717
-0.0659241
0.501372
0.49272
0.0363547

-0.0495054
0.822306
-0.566887
0.683875
0.00517931

0.294605
-0.0516463
0.954223
0.903632
0.000885275

-0.294605
0.0516463
-0.954223
-2.29792
0.975695

-0.318591
0.902792
-0.288905
0.829647
0.00242133

0.318591
-0.902792
0.288905
-1.55795
0.544099

0.415824
0.117796
-0.901784
-0.560879
0.211324

-0.415824
-0.117796
0.901784
0.445261
0.0268706

0.531417
-0.776123
-0.339456
-1.32242
0.618679

-0.531417
0.776123
0.339456
0.392078
0.0424233

-0.357685
0.718606
-0.596378
0.0248272
0.0990345

0.357685
-0.718606
0.596378
-0.404253
0.205225

-0.829296
0.55881
0
0.788326
0.00361365

0.829296
-0.55881
0
0.545485
0.0101867

0.38576
-0.322088
-0.864551
-0.584007
0.127376

-0.38576
0.322088
0.864551
0.900829
0.000526593

-0.64292
-0.163561
0.748266
0.684635
0.00763015

0.64292
0.163561
-0.748266
-0.748775
0.231899

-0.437739
0.85798
-0.268801
-0.504922
0.191191

0.437739
-0.85798
0.268801
0.451392
0.025423

-0.372869
-0.826502
-0.421738
-0.633254
0.21951

0.372869
0.826502
0.421738
0.549105
0.0167656

0.382089
-0.125044
-0.915626
0.770285
0.00431201

-0.382112
-0.804197
-0.455255
0.783355
0.00323742

0.382112
0.804197
0.455255
-0.7907
0.219529

-0.0622866
0.61451
0.786447
0.150762
0.0166858

0.590077
0.623037
0.513453
0.512915
0.033253

-0.590077
-0.623037
-0.513453
-2.51808
1.73385

0.601282
0.0733009
-0.795668
0.588668
0.00767394

0.616595
-0.712736
0.33439
-0.84361
0.458078

-0.616595
0.712736
-0.33439
-0.243957
0.208579

0.165204
0.024772
0.985948
0.985164
3.63791e-05

-0.165204
-0.024772
-0.985948
-7.23205
11.1247

0.264942
0.650297
-0.711983
0.823679
0.00260092

-0.264942
-0.650297
0.711983
-1.43421
0.478587

0.164702
0.577345
-0.799716
-2.24707
1.24996

-0.164702
-0.577345
0.799716
0.664526
0.0133718

-0.982959
0.0725267
0.168911
0.919405
0.000315757

0.982959
-0.0725267
-0.168911
-0.453831
0.0957262

-0.198955
0.424215
0.883436
0.993128
1.04814e-05

0.0976777
0.0374143
0.994515
0.643537
0.0177078

-0.0976777
-0.0374143
-0.994515
-2.9607
2.18346

-0.418551
-0.74095
0.525175
-1.10932
0.334439

0.418551
0.74095
-0.525175
0.8003
0.00300532

0.176207
0.735028
0.65474
0.74601
0.00332463

-0.176207
-0.735028
-0.65474
-0.0578501
0.0567919

-0.174875
0.857955
0.483045
0.759232
0.00335975

0.174875
-0.857955
-0.483045
-0.320003
0.10014

-0.637477
-0.462661
0.616091
-0.247315
0.12618

0.637477
0.462661
-0.616091
0.353392
0.0339817

-0.526179
0.282172
0.802194
0.178364
0.0490295

0.526179
-0.282172
-0.802194
0.178364
0.0490295

-0.229057
0.965511
0.123779
0.254237
0.0470508

0.229057
-0.965511
-0.123779
-0.199557
0.121622

0.0277885
-0.477225
0.878342
0.860689
0.00240867

0.915399
0.128444
-0.381506
0.975213
7.49801e-05

0.488062
-0.807392
0.331532
-2.12307
1.07355

-0.488062
0.807392
-0.331532
0.715942
0.00889858

0.63792
0.770103
0
-3.97891
4.16208

-0.63792
-0.770103
0
0.57349
0.0367757

-0.8197
0.572793
0
0.181411
0.0417611

0.8197
-0.572793
0
0.408571
0.021925

0.368619
-0.494444
0.787175
0.709647
0.00747673

-0.368619
0.494444
-0.787175
-1.27636
0.458082

0.466149
-0.432931
-0.771541
-0.94536
0.315752

-0.466149
0.432931
0.771541
0.660244
0.00964253

-0.637838
0.0706528
-0.766923
-0.184373
0.086969

0.637838
-0.0706528
0.766923
0.638289
0.00812172

0.0113225
-0.223768
-0.974577
-1.32451
0.29595

-0.0113225
0.223768
0.974577
0.973124
3.98781e-05

-0.222385
0.433294
-0.873385
-0.66658
0.16983

0.222385
-0.433294
0.873385
0.824969
0.00187781

-0.411802
0.357944
0.838031
0.77721
0.00440357

0.411802
-0.357944
-0.838031
-1.47543
0.532878

0.385689
0.54025
0.747913
0.876686
0.00147592

-0.0461159
-0.197398
0.979238
0.939942
7.97975e-05

0.359117
0.622555
-0.695314
0.199136
0.0279479

-0.359117
-0.622555
0.695314
0.729704
0.00318463

0.0380368
-0.499979
0.865202
0.846352
0.00660661

0.5522
-0.655876
0.514686
0.516524
0.0187479

-0.5522
0.655876
-0.514686
-0.487859
0.176665

-0.197681
0.972992
-0.119202
0.706916
0.00457377

0.197681
-0.972992
0.119202
-0.0533993
0.0590611

0.174218
-0.00933582
0.984663
0.78361
0.00279936

-0.174218
0.00933582
-0.984663
-0.468714
0.128646

0.330999
-0.59029
0.736205
0.821311
0.00181297

-0.330999
0.59029
-0.736205
-0.426049
0.112164

0.25717
0.120453
-0.95883
0.453903
0.0237623

0.524718
0.278952
-0.804274
0.999801
8.94903e-08

-0.779198
-0.0641718
0.623484
0.538391
0.0161816

0.779198
0.0641718
-0.623484
-0.402158
0.148622

0.0346345
-0.252875
0.966879
0.94165
0.000269247

-0.561847
0.158486
0.811918
0.265355
0.0629465

0.561847
-0.158486
-0.811918
-1.11229
0.518785

-0.101686
0.598794
-0.794422
-6.24067
14.1465

0.101686
-0.598794
0.794422
0.195485
0.174923

-0.552134
-0.120906
0.824942
0.751261
0.0139572

0.552134
0.120906
-0.824942
-7.22397
15.2449

0.22545
-0.453227
0.862414
0.774515
0.00460132

-0.22545
0.453227
-0.862414
-1.59331
0.607254

-0.397682
0.288169
-0.871096
0.586534
0.00916502

-0.686716
0.475636
-0.549719
0.945657
0.00044803

0.686716
-0.475636
0.549719
-5.43012
6.02554

0.220923
0.975291
0
0.70203
0.00191363

-0.220923
-0.975291
0
0.809299
0.000790856

-0.441635
0.833884
-0.331053
0.0916358
0.0208882

0.441635
-0.833884
0.331053
0.970272
2.43018e-05

-0.217087
0.325154
-0.920406
0.117307
0.0246877

0.217087
-0.325154
0.920406
0.917382
0.000255133

0.208292
0
0.978067
0.529398
0.0295667

-0.208292
0
-0.978067
-2.29744
1.44

-0.162241
0.153639
0.974717
0.553043
0.07331

0.162241
-0.153639
-0.974717
-12.0332
62.1216

0.883262
0.276117
-0.378956
-3.01021
3.04827

-0.883262
-0.276117
0.378956
0.0703304
0.16383

-0.743145
-0.178248
0.644952
0.651286
0.0105716

0.743145
0.178248
-0.644952
-1.02102
0.352624

0.205612
-0.0319113
-0.978113
-1.22789
0.494248

-0.205612
0.0319113
0.978113
0.559921
0.0193367

-0.412747
-0.35394
-0.839265
-0.482115
0.132168

0.412747
0.35394
0.839265
0.795641
0.00374537

0.886735
-0.0255022
0.461575
0.825629
0.00162359

-0.886735
0.0255022
-0.461575
-0.35315
0.0965794

-0.659316
0.660222
0.359736
0.688964
0.009296

0.659316
-0.660222
-0.359736
-1.3611
0.515676

-0.519159
0.613249
-0.595315
-0.579783
0.429049

0.519159
-0.613249
0.595315
-1.35992
0.957176

0.282775
-0.211555
0.935566
0.817229
0.0082109

-0.282775
0.211555
-0.935566
-8.70179
23.0678

0.583509
-0.680501
0.443211
0.835646
0.00274126

0.27254
-0.900154
0.339772
0.233663
0.069051

-0.27254
0.900154
-0.339772
-1.09187
0.514454

-0.16619
0.92895
-0.330808
-0.369855
0.175553

0.16619
-0.92895
0.330808
0.204802
0.0591797

-0.670854
-0.219277
0.70843
0.99421
2.63824e-06

0.793146
-0.0596258
0.606106
0.737301
0.0176231

-0.490463
-0.155431
0.857489
0.859839
0.00144994

0.323469
0.0118861
-0.946164
-0.220929
0.0661108

-0.323469
-0.0118861
0.946164
0.876628
0.00069024

0.174631
0.0984596
0.979699
0.987778
5.42968e-05

0.476822
-0.765257
0.432461
0.666502
0.00622954

-0.476822
0.765257
-0.432461
-0.0511842
0.0617247

-0.52103
0.52797
0.670652
0.738823
0.00687576

0.52103
-0.52797
-0.670652
-1.81964
0.793768

-0.44674
0.653111
-0.611448
0.751954
0.0066658

0.44674
-0.653111
0.611448
-2.1772
1.08506

0.328933
0.39361
0.858414
0.880949
0.000368937

-0.208349
0.807751
0.551479
0.903902
0.000599938

-0.579854
0.76059
-0.292015
0.910421
0.000414126

-0.820852
-0.571141
0
0.258848
0.0338463

-0.224101
-0.697916
-0.680214
0.692208
0.00237363

0.224101
0.697916
0.680214
0.739345
0.00170241

-0.0672226
-0.856713
-0.511394
0.749477
0.0012457

-0.798934
0.429487
0.421004
0.460069
0.031474

0.798934
-0.429487
-0.421004
-1.25466
0.548051

-0.444091
0.879421
-0.171469
0.954333
5.19206e-05

0.444091
-0.879421
0.171469
0.222953
0.0148085

-0.111935
-0.390328
-0.913846
0.948481
0.000613607

0.833795
0.445485
0.326082
0.505753
0.0122275

-0.773079
0.138412
-0.619024
0.787052
0.00939266

0.773079
-0.138412
0.619024
-5.95869
9.19094

0.0184045
-0.820973
0.57067
0.996353
1.01524e-06

0.240092
0.0343391
0.970143
0.932936
0.00225487

0.36876
-0.0814267
-0.925951
-2.79567
2.91026

-0.36876
0.0814267
0.925951
-0.212612
0.297462

0.174201
0.775937
-0.606281
0.687943
0.0186517

-0.174201
-0.775937
0.606281
-5.31912
7.64753

0.265358
-0.23997
-0.933809
-1.24575
0.318495

-0.265358
0.23997
0.933809
0.922392
0.000384805

0.775632
0.631185
0
-3.22947
2.62943

-0.775632
-0.631185
0
0.608235
0.026377

-0.306188
-0.62351
0.719364
0.666871
0.00226717

0.334927
-0.173309
-0.926169
0.68334
0.00256733

-0.748823
-0.66277
0
-0.0364697
0.111343

0.748823
0.66277
0
-0.321201
0.180918

-0.281054
-0.534271
-0.797222
-1.9131
0.810468

0.281054
0.534271
0.797222
0.799268
0.00385627

-0.236393
0.690673
-0.683439
0.960685
7.95892e-05

-0.363517
0.573047
0.734488
0.828369
0.0037128

0.363517
-0.573047
-0.734488
-3.29076
2.28647

0.18303
0.45877
-0.8695
0.82004
0.00234088

-0.18303
-0.45877
0.8695
-1.05509
0.302796

0.297524
-0.249484
0.921541
0.911021
0.0014451

-0.226092
-0.796388
-0.560935
-0.0843647
0.104373

0.226092
0.796388
0.560935
0.0721918
0.0764368

0.00726789
-0.391866
0.919994
0.917183
0.000361032

-0.866956
-0.149131
0.475549
0.88899
0.000800599

0.866956
0.149131
-0.475549
-0.331804
0.0823324

-0.710488
0.703709
0
-0.599987
0.176254

0.710488
-0.703709
0
0.718095
0.00552585

0.309926
0.854047
-0.417791
-1.45223
0.396787

0.388404
-0.461057
0.797852
0.782056
0.00413559

-0.388404
0.461057
-0.797852
-1.48251
0.534057

0.734842
0.447884
-0.509321
-0.306591
0.464547

-0.734842
-0.447884
0.509321
-4.82318
9.22401

0.201471
0.414976
0.887246
-3.26338
1.93317

-0.201471
-0.414976
-0.887246
0.925455
0.000626332

0.0650045
0.771392
-0.633031
-4.09041
5.31526

-0.0650045
-0.771392
0.633031
0.267611
0.110066

-0.728397
-0.102133
-0.6775
0.987695
6.96696e-06

0.590361
0.549859
-0.590871
-0.413433
0.159114

-0.590361
-0.549859
0.590871
0.47898
0.0216382

0.202942
0.336976
0.919381
0.835941
0.00384397

-0.202942
-0.336976
-0.919381
-4.03243
3.53958

0.126265
0.668195
0.733193
0.736727
0.00171405

0.639336
0.739763
0.209761
0.426837
0.0309799

-0.639336
-0.739763
-0.209761
-0.755311
0.290461

-0.480925
0.18597
-0.856812
0.970799
0.000112128

-0.177538
-0.199083
0.963767
0.827188
0.00421194

0.177538
0.199083
-0.963767
-4.01053
3.5358

0.119476
0.0391865
-0.992064
-0.971073
0.272136

-0.119476
-0.0391865
0.992064
0.815289
0.00241505

-0.217447
0.139908
-0.965993
-3.4888
2.33661

0.217447
-0.139908
0.965993
0.902924
0.00109434

-0.0259321
0.276991
-0.960523
0.916812
0.000128731

0.0259321
-0.276991
0.960523
0.792605
0.000625137

0.191052
-0.485759
-0.852958
-7.00082
11.0615

-0.191052
0.485759
0.852958
0.957852
0.000309047

0.413152
0.862915
0.291003
0.387033
0.0155297

-0.413152
-0.862915
-0.291003
0.655207
0.00492151

-0.230378
-0.328899
0.915834
0.141846
0.086753

0.230378
0.328899
-0.915834
-0.930838
0.437943

-0.0482651
0.717984
-0.694384
-1.47543
0.533088

0.0482651
-0.717984
0.694384
0.77721
0.00433302

0.383418
0.586686
0.713295
0.802393
0.00233934

0.396013
0.114454
0.911084
0.861423
0.00289083

-0.396013
-0.114454
-0.911084
-4.55849
4.54054

0.463042
-0.0867964
0.882077
0.856974
0.00563493

-0.463042
0.0867964
-0.882077
-10.5851
36.953

-0.0129991
0.851685
-0.523893
0.36346
0.0267065

0.0129991
-0.851685
0.523893
0.133594
0.0494717

-0.496489
0.726199
-0.475535
-1.32
0.509689

0.496489
-0.726199
0.475535
0.65236
0.0114545

-0.102321
-0.575769
-0.811185
0.897707
0.000623545

0.201348
-0.329148
-0.922562
0.773253
0.00430685

-0.201348
0.329148
0.922562
-1.25541
0.415593

-0.353773
-0.913298
-0.201821
-0.0472897
0.0474216

-0.160498
-0.297261
0.94121
0.928427
0.000834029

0.160498
0.297261
-0.94121
-6.0148
8.00584

-0.53545
0.537105
0.651775
0.847565
0.00284336

0.834174
-0.347669
0.428111
0.750106
0.00822051

-0.834174
0.347669
-0.428111
-3.13268
2.24108

0.287871
0.661367
0.692621
-1.77771
0.985723

-0.287871
-0.661367
-0.692621
0.403479
0.045598

-0.802754
-0.373645
0.464732
0.650526
0.0161041

0.0642984
-0.619072
0.782698
0.36179
0.0227496

-0.0642984
0.619072
-0.782698
0.38221
0.0213244

0.336295
0.733312
0.590897
0.0402274
0.0875814

-0.336295
-0.733312
-0.590897
-0.198895
0.136595

-0.382477
-0.233717
0.893917
0.860537
0.00226029

0.382477
0.233717
-0.893917
-0.898937
0.228903

0.403727
0.907402
-0.116729
0.182445
0.0532089

-0.403727
-0.907402
0.116729
0.0119826
0.0776826

-0.273507
-0.878067
0.392673
-0.504554
1.53057

0.273507
0.878067
-0.392673
-19.2279
276.632

0.313309
0.220476
0.923703
0.948602
0.000683064

-0.809868
0.540265
-0.228532
-1.31217
0.322781

0.809868
-0.540265
0.228532
0.946697
0.000173205

-0.81776
0.00100688
-0.575558
-0.900754
0.471545

0.81776
-0.00100688
0.575558
-0.117219
0.163003

-0.108661
-0.994079
0
0.682419
0.00272235

0.108661
0.994079
0
0.706561
0.0023244

0.256997
-0.792362
0.553277
0.441247
0.0225839

0.238779
0.805025
0.543064
0.699089
0.0122905

-0.484169
0.675028
0.556703
0.355747
0.0301315

0.484169
-0.675028
-0.556703
-0.0259104
0.0763931

0.25706
-0.889081
-0.378754
0.965093
0.000267175

-0.25706
0.889081
0.378754
-9.43001
23.5803

-0.845841
0.140427
0.514619
0.0345777
0.079541

0.845841
-0.140427
-0.514619
0.0345777
0.079541

-0.475548
0.511174
0.71593
0.65593
0.0086052

0.475548
-0.511174
-0.71593
-0.542964
0.171365

-0.343673
0.643986
-0.683499
-1.26641
0.381408

0.343673
-0.643986
0.683499
0.844264
0.00181128

-0.0380671
0.430493
-0.901791
0.272524
0.0400836

0.0380671
-0.430493
0.901791
0.00982463
0.0740818

0.148177
0.654341
0.74154
0.731476
0.00190811

-0.734518
0.306526
-0.605413
0.547695
0.0127834

0.734518
-0.306526
0.605413
-0.0328238
0.0666226

-0.785427
-0.523174
0.330747
0.886676
0.000589665

0.785427
0.523174
-0.330747
0.0235931
0.0356947

0.433617
0.543023
0.719099
0.815053
0.00430815

-0.186747
0.762549
0.61939
-1.05339
0.555472

0.186747
-0.762549
-0.61939
-0.0341671
0.140927

-0.342796
0.175622
-0.922848
-5.1436
5.93403

0.342796
-0.175622
0.922848
0.87462
0.00247248

-0.777092
-0.293705
-0.556656
-3.29779
3.2143

0.777092
0.293705
0.556656
0.371688
0.0688003

0.57356
0.00432607
-0.819152
0.946404
0.00019664

-0.302497
-0.698661
-0.648359
-0.225932
0.124075

0.302497
0.698661
0.648359
0.310412
0.0392668

-0.0727475
0.109871
0.99128
0.939428
0.000407547

-0.0762079
-0.312649
-0.946807
0.380582
0.0250743

0.0762079
0.312649
0.946807
0.126521
0.0498575

-0.515277
-0.379804
0.76827
0.728128
0.00380424

0.515277
0.379804
-0.76827
-0.043551
0.0560357

-0.982163
-0.188031
0
-0.143141
0.0509478

-0.673958
-0.2827
0.682541
0.508996
0.0177855

0.673958
0.2827
-0.682541
-0.291177
0.12284

-0.970114
0.0611692
0.234813
0.928479
0.000234303

-0.559266
-0.336047
-0.757822
-2.31755
0.759468

0.559266
0.336047
0.757822
0.988762
9.6992e-06

-0.385272
0.747589
0.540996
0.504912
0.0407885

0.385272
-0.747589
-0.540996
-3.45579
3.29749

-0.431895
0.352735
-0.830087
-10.415
36.7362

0.431895
-0.352735
0.830087
0.813969
0.00983408

0.512557
0.25153
-0.820986
-1.96989
0.651773

-0.512557
-0.25153
0.820986
0.949281
0.000195236

0.338751
0.464903
-0.817994
-4.49427
4.51788

-0.338751
-0.464903
0.817994
0.838536
0.00396606

0.291068
-0.490565
0.821356
0.854794
0.00124655

-0.291068
0.490565
-0.821356
-0.60469
0.145573

0.980355
-0.18742
-0.061462
-4.31295
6.79862

-0.980355
0.18742
0.061462
-0.0935831
0.288073

0.223993
0.420092
0.879403
0.908809
0.000937294

-0.466409
-0.344645
-0.814667
-0.860242
0.157091

0.466409
0.344645
0.814667
0.972261
4.60371e-05

-0.740602
0.303705
-0.599393
0.0553348
0.0861751

0.740602
-0.303705
0.599393
-0.25262
0.151428

0.233557
-0.839878
0.489955
0.485109
0.0186877

-0.233557
0.839878
-0.489955
-0.158507
0.0945937

-0.45841
0.0223224
0.88846
0.911947
0.000649929

0.45841
-0.0223224
-0.88846
-1.85648
0.640558

0.0547499
0.818302
-0.572175
-12.4143
62.9868

-0.0547499
-0.818302
0.572175
0.69205
0.033199

-0.887217
-0.301682
-0.349047
0.997401
8.80627e-07

0.377015
-0.207875
0.902578
0.90848
0.00139285

0.559268
0.332524
-0.759373
0.667499
0.00284713

-0.559268
-0.332524
0.759373
0.746453
0.00165598

0.255508
-0.451999
-0.854642
-0.427153
0.353686

-0.255508
0.451999
0.854642
-1.61231
1.18498

-0.959991
0.00162153
0.280026
0.8173
0.0137293

-0.894253
-0.447561
0
-2.39687
1.68925

0.894253
0.447561
0
0.397791
0.0531224

-0.469949
0.198344
0.86012
-1.79833
0.634193

0.469949
-0.198344
-0.86012
0.888067
0.00106339

-0.0766702
0.565614
-0.821098
-0.781796
0.44331

0.0766702
-0.565614
0.821098
-0.394331
0.271596

0.195854
0.358069
0.912923
0.869411
0.000913959

-0.195854
-0.358069
-0.912923
-0.40982
0.0994732

-0.541218
0.597196
-0.59198
-0.0875666
0.0768753

0.541218
-0.597196
0.59198
0.538358
0.0139082

-0.977945
0.121593
0.169822
0.359298
0.0181946

0.977945
-0.121593
-0.169822
0.617431
0.0064898

-0.696242
-0.206489
0.687466
0.725584
0.00585272

0.696242
0.206489
-0.687466
-0.934613
0.290513

-0.250516
0.291945
0.923044
0.932363
0.000206526

0.0309044
0.936785
0.348538
0.429798
0.0395359

-0.0309044
-0.936785
-0.348538
-1.63574
0.844596

0.227096
-0.807622
0.544219
0.590427
0.0146452

-0.227096
0.807622
-0.544219
-0.88069
0.307567

-0.10094
0.877047
0.469681
0.493745
0.0202702

0.10094
-0.877047
-0.469681
-0.422862
0.160033

-0.160472
-0.410358
0.897694
0.898515
0.000771761

-0.951015
0.102581
-0.291629
-0.800182
0.178092

0.951015
-0.102581
0.291629
0.908211
0.000467556

0.178464
0.892629
-0.413961
-1.8055
1.11858

-0.178464
-0.892629
0.413961
0.213681
0.0879303

-0.434653
-0.553231
-0.710642
0.762338
0.00708017

0.434653
0.553231
0.710642
-2.8683
1.84336

-0.514847
0.400053
0.758215
0.732523
0.00576378

0.514847
-0.400053
-0.758215
-1.02279
0.324962

-0.0847154
0.973796
0.211056
0.233624
0.0600156

0.0847154
-0.973796
-0.211056
-0.63795
0.273322

0.343812
-0.159064
0.925469
0.993497
4.7822e-06

-0.594939
0.0503872
-0.80219
-0.800323
0.347578

0.594939
-0.0503872
0.80219
0.239365
0.0620878

0.21771
-0.388262
0.895464
0.459956
0.013767

-0.21771
0.388262
-0.895464
0.474649
0.0130298

0.65597
0.270608
-0.70461
0.863475
0.00168018

-0.65597
-0.270608
0.70461
-2.03418
0.829479

-0.298883
-0.663479
-0.685904
0.807825
0.00276969

0.298883
0.663479
0.685904
-1.12005
0.335545

-0.868351
-0.45868
-0.188625
-1.7979
0.511891

0.868351
0.45868
0.188625
0.969641
6.09228e-05

-0.340812
-0.122305
-0.932142
0.857903
0.00219566

0.340812
0.122305
0.932142
-2.80759
1.57634

-0.806458
0.492737
0.326857
0.575929
0.0142539

0.806458
-0.492737
-0.326857
-0.591918
0.200576

0.110662
0.414648
0.903228
0.800093
0.00408566

-0.110662
-0.414648
-0.903228
-0.7491
0.202939

-0.933553
-0.358439
0
0.276581
0.0717206

0.933553
0.358439
0
-1.36875
0.689126

0.851458
-0.180878
-0.492243
0.870723
0.0014989

-0.851458
0.180878
0.492243
-2.04988
0.831686

-0.163654
0.023448
0.986239
-3.01775
1.61199

0.163654
-0.023448
-0.986239
0.931294
0.000511632

0.699807
-0.602973
0.383007
0.953358
6.12433e-05

-0.699807
0.602973
-0.383007
0.154843
0.0188084

-0.0679633
-0.640206
0.765191
0.138979
0.0743381

0.0679633
0.640206
-0.765191
-0.455132
0.212229

-0.215584
-0.734704
-0.643222
-0.568082
0.185325

0.215584
0.734704
0.643222
0.619596
0.0109796

0.6888
0.180317
0.702168
0.138811
0.0453916

-0.643555
-0.284856
0.710418
0.675489
0.0222026

0.643555
0.284856
-0.710418
-6.06714
10.5273

-0.334832
-0.662566
-0.669995
0.976998
2.64148e-05

0.0457711
0.0957684
0.994351
0.966068
0.000219749

-0.0457711
-0.0957684
-0.994351
-8.09859
15.7897

0.498059
-0.0527509
-0.865537
0.984466
7.09782e-06

-0.498059
0.0527509
0.865537
-0.077407
0.0303891

0.361459
0.275754
0.890678
0.739954
0.0109027

-0.361459
-0.275754
-0.890678
-4.26594
4.42154

-0.302261
-0.400031
0.865225
0.851561
0.00304909

0.302261
0.400031
-0.865225
-4.07326
3.55683

-0.470853
0.556729
-0.68436
-0.89847
0.196794

0.556081
0.0287606
-0.83063
0.287122
0.0183119

-0.556081
-0.0287606
0.83063
0.802819
0.00141606

-0.755788
0.654816
0
-0.832763
0.278907

0.755788
-0.654816
0
0.623693
0.0118559

-0.169809
0.216473
0.961408
-1.05027
0.302314

0.169809
-0.216473
-0.961408
0.816742
0.00250973

0.441343
-0.516313
-0.73392
0.56163
0.0135887

-0.441343
0.516313
0.73392
-0.282622
0.115516

-0.434158
-0.847091
0.306501
0.313959
0.0234803

0.434158
0.847091
-0.306501
0.543431
0.0104083

0.506262
-0.213287
-0.835588
-0.438358
0.126667

-0.506262
0.213287
0.835588
0.754608
0.00369648

0.457535
-0.43016
0.778219
0.912552
0.00243139

0.687845
0.614483
0.386367
0.356387
0.136592

-0.687845
-0.614483
-0.386367
-9.29783
34.9536

0.486553
0.130232
-0.86389
0.613244
0.0162424

-0.486553
-0.130232
0.86389
-1.66295
0.762854

0.376024
-0.8529
-0.362171
-0.60099
0.136363

-0.376024
0.8529
0.362171
0.883716
0.000728043

-0.426832
-0.303278
0.851961
-0.00963986
0.0273112

0.426832
0.303278
-0.851961
0.974464
1.75628e-05

0.0140743
0.824355
0.565898
0.448331
0.0437463

-0.0140743
-0.824355
-0.565898
-2.44795
1.70847

0.439926
0.0350529
0.89735
0.843021
0.00131593

-0.439926
-0.0350529
-0.89735
-0.412815
0.105197

-0.958154
0.194899
-0.209654
0.247723
0.0509748

0.958154
-0.194899
0.209654
-0.337382
0.161077

-0.27217
-0.0184476
0.962072
0.93617
0.000603079

0.27217
0.0184476
-0.962072
-5.38296
6.01645

-0.249196
-0.430475
0.867521
-6.06885
8.01649

0.249196
0.430475
-0.867521
0.939396
0.000616935

-0.192512
0.404361
-0.894109
-2.40195
0.989673

0.192512
-0.404361
0.894109
0.937875
0.000337509

0.707929
0.0885403
0.700712
0.691504
0.00538653

-0.109708
0.0895386
0.989923
0.884721
0.000446414

0.102372
0.733177
0.672288
0.964531
0.00091969

-0.102372
-0.733177
-0.672288
-36.464
1015.11

-0.722226
-0.637933
0.267267
0.163757
0.0406184

0.722226
0.637933
-0.267267
0.496282
0.0147466

0.620665
0.590199
-0.516179
-1.15882
0.440487

-0.620665
-0.590199
0.516179
0.59891
0.0152082

-0.232857
-0.587036
0.775349
0.811744
0.000609069

0.232857
0.587036
-0.775349
0.838543
0.000456467

0.548484
-0.581351
0.600996
0.713474
0.00340261

-0.548484
0.581351
-0.600996
0.296292
0.0204677

-0.179585
-0.672459
-0.718017
-1.9616
1.03476

0.179585
0.672459
0.718017
0.588952
0.0200448

-0.780918
0.359227
0.511002
0.225399
0.0377158

0.601124
-0.00669265
0.799128
0.678822
0.0127289

-0.0956795
0.326846
0.940222
0.267875
0.0298874

0.0956795
-0.326846
-0.940222
0.470111
0.0157355

-0.895078
-0.0191343
-0.445498
0.960454
5.20935e-05

-0.668798
0.0396245
0.742387
0.332435
0.0365932

0.668798
-0.0396245
-0.742387
-0.23675
0.12524

0.993835
0.00620417
0.110691
-1.1341
0.778112

-0.993835
-0.00620417
-0.110691
-0.746949
0.521406

-0.164922
0.677023
0.717245
0.679322
0.00421991

0.164922
-0.677023
-0.717245
0.363861
0.0165568
