
0.888149
0.377255
0.262431
0.940406
0.000335116

0.807663
-0.496723
-0.317721
-3.36082
2.30647

-0.807663
0.496723
0.317721
0.857572
0.00246251

0.647693
0.48955
-0.58381
-34.6462
1005.47

-0.647693
-0.48955
0.58381
0.752456
0.0485022

-0.701187
0.327725
0.633193
-3.16457
3.7426

1
0
0
-0.442397
0.364971

-1
0
0
-1.54405
1.09998

-0.208347
-0.884034
0.418421
0.538376
0.00644046

0.208347
0.884034
-0.418421
0.757471
0.00178176

0.418976
0.145857
0.896206
0.740934
0.0153163

-0.418976
-0.145857
-0.896206
-7.19698
15.21

0.0706453
0.913911
-0.39972
-0.690241
0.123459

-0.0706453
-0.913911
0.39972
0.96575
5.39761e-05

0.0300247
-0.751302
0.659275
0.83453
0.00119079

-0.0300247
0.751302
-0.659275
-0.0420042
0.0470577

0.430855
-0.902421
0
0.877945
0.00086382

0.0679153
-0.31029
-0.948213
-11.0236
37.3447

-0.0679153
0.31029
0.948213
0.94009
0.000935376

-0.231058
0.136579
-0.963306
-2.02529
2.02878

0.231058
-0.136579
0.963306
-1.05174
0.933165

0.472651
-0.185441
0.861517
0.78364
0.00190622

-0.472651
0.185441
-0.861517
0.236284
0.0228728

0.356051
-0.329551
0.874428
-2.44204
1.29564

-0.356051
0.329551
-0.874428
0.790726
0.00488148

0.678095
-0.473286
0.562306
0.650177
0.00661881

-0.678095
0.473286
-0.562306
0.0360302
0.0501768

0.850041
0.525831
0.0305224
0.651496
0.0111434

-0.850041
-0.525831
-0.0305224
-1.21145
0.448593

0.273058
-0.309908
-0.910712
-3.0574
1.62007

-0.273058
0.309908
0.910712
0.941847
0.000336033

0.531277
-0.423888
-0.733529
-5.65068
7.83946

-0.531277
0.423888
0.733529
0.826985
0.00536098

0.696064
0.553254
-0.457608
0.40989
0.00658682

-0.696064
-0.553254
0.457608
0.96415
2.86295e-05

-0.384536
-0.838878
-0.385248
-0.471123
0.214414

0.384536
0.838878
0.385248
0.172495
0.0678746

0.105251
0.739634
-0.664728
0.00112832
0.0357049

-0.105251
-0.739634
0.664728
0.903682
0.000333461

0.737107
0.578527
-0.349257
0.240455
0.0472197

-0.691819
-0.680793
0.240641
-0.509948
0.179519

0.691819
0.680793
-0.240641
0.543242
0.0164298

-0.315148
-0.181043
0.931614
0.197957
0.0422517

-0.624778
-0.780802
0
-0.182362
0.169881

0.624778
0.780802
0
-0.449301
0.249871

0.358399
-0.72035
0.59384
0.760885
0.0238459

-0.358399
0.72035
-0.59384
-16.276
124.466

0.506308
-0.805552
0.307795
0.490393
0.0334671

-0.506308
0.805552
-0.307795
-2.04506
1.19404

-0.229944
0.968884
0.0915975
-0.301105
0.21841

0.229944
-0.968884
-0.0915975
-0.632109
0.343671

0.576068
-0.817402
0
-0.205753
0.240235

-0.666757
-0.542066
-0.511468
-1.02102
0.352626

0.666757
0.542066
0.511468
0.651286
0.0105443

-0.000932988
0.386909
-0.922117
0.851474
0.00174978

0.000932988
-0.386909
0.922117
-1.37643
0.42938

-0.138926
-0.73316
0.665715
0.951904
0.000137184

0.440929
-0.792821
-0.420734
-1.19128
0.445506

-0.440929
0.792821
0.420734
0.63194
0.012602

-0.366751
0.382471
0.848062
0.87799
0.00132205

0.926459
0.376396
0
0.778246
0.0190817

-0.926459
-0.376396
0
-8.57616
21.7027

0.156481
0.911154
-0.381198
-3.10925
1.62699

-0.156481
-0.911154
0.381198
0.954185
0.000206279

-0.450577
0.834862
0.316205
0.50087
0.0180972

0.0176864
-0.568359
-0.822591
-3.35802
4.68722

-0.0176864
0.568359
0.822591
-0.62753
0.65383

-0.246047
-0.240412
-0.938969
-0.805414
0.220849

0.246047
0.240412
0.938969
0.795153
0.00294124

-0.797682
-0.551646
0.243699
0.190885
0.0426189

0.0134152
-0.588834
0.808143
0.785462
0.0155406

-0.0134152
0.588834
-0.808143
-12.7304
63.5674

-0.0345154
-0.24184
0.969702
0.969321
0.000132639

0.572384
0.219328
0.790109
0.611003
0.0157276

-0.120299
-0.365578
0.922974
0.589456
0.0406545

0.120299
0.365578
-0.922974
-6.85809
14.8942

0.923336
-0.383993
0
0.622789
0.0175298

-0.923336
0.383993
0
-0.909622
0.312789

0.46189
0.158011
0.872749
0.180852
0.116746

-0.46189
-0.158011
-0.872749
-2.76138
2.45999

0.31509
0.594676
-0.739648
-0.816817
0.32346

-0.31509
-0.594676
0.739648
0.400429
0.0353619

0.0493678
-0.416695
-0.907705
-13.7382
64.8255

-0.0493678
0.416695
0.907705
0.965934
0.000346503

0.459601
0.0777991
-0.884711
0.439434
0.0722171

-0.459601
-0.0777991
0.884711
-5.65069
10.1566

0.652627
-0.0760438
-0.753854
-0.742111
0.288649

-0.652627
0.0760438
0.753854
0.407196
0.0335588

0.892656
0.328996
0.308103
-0.245703
0.17071

-0.892656
-0.328996
-0.308103
-0.245703
0.17071

0.790358
0.299849
0.534252
-0.409911
0.132358

-0.790358
-0.299849
-0.534252
0.674453
0.00710035

0.341961
0.265027
0.901567
0.537006
0.0111077

-0.157649
0.406916
0.899759
0.772918
0.00341537

0.157649
-0.406916
-0.899759
-0.603288
0.165435

-0.910409
0.169811
-0.377252
0.0744466
0.0527057

0.910409
-0.169811
0.377252
0.495273
0.0156936

-0.462663
0.0222672
0.886254
0.570922
0.152116

0.462663
-0.0222672
-0.886254
-33.7551
997.682

0.271406
0.784506
0.557574
0.353392
0.0339633

-0.271406
-0.784506
-0.557574
-0.247315
0.12616

0.0445003
-0.870839
0.48955
-0.102496
0.0347303

-0.0445003
0.870839
-0.48955
0.975714
1.69918e-05

-0.832279
-0.237538
0.500887
0.173969
0.0981628

0.832279
0.237538
-0.500887
-1.77638
1.10893

-0.499153
-0.866514
0
-3.29077
1.92191

0.691634
-0.543615
-0.475526
-2.15497
1.22529

-0.691634
0.543615
0.475526
0.591116
0.0206294

-0.619967
0.421152
0.662021
0.587053
0.013412

0.619967
-0.421152
-0.662021
-0.600566
0.201456

0.155052
-0.563804
0.811224
0.784328
0.00108107

-0.103048
-0.691561
0.71493
-17.2787
126.385

0.103048
0.691561
-0.71493
0.941984
0.00129132

0.561426
0.827527
0
0.00154996
0.32901

-0.561426
-0.827527
0
0.658414
0.161913

-0.687293
-0.0554664
-0.72426
0.664526
0.0133545

0.687293
0.0554664
0.72426
-2.24707
1.25009

-0.790485
0.454221
0.410874
0.691859
0.00716851

0.790485
-0.454221
-0.410874
-0.755847
0.232544

0.0500275
0.998748
0
-2.08681
0.662717

-0.0500275
-0.998748
0
0.847225
0.0214615

0.23697
0.418802
0.876613
0.882979
0.00087261

-0.23697
-0.418802
-0.876613
-0.872335
0.21017

-0.22998
-0.444577
-0.865714
0.408828
0.0309889

0.22998
0.444577
0.865714
-0.537905
0.208588

0.0713909
0.526177
0.847373
-1.29862
0.506069

-0.0713909
-0.526177
-0.847373
0.63222
0.0130913

0.448457
-0.461546
0.765416
0.768308
0.00447819

-0.448457
0.461546
-0.765416
-1.24872
0.414818

0.774618
-0.385397
-0.501433
0.954827
4.1137e-05

-0.774618
0.385397
0.501433
0.431615
0.00625925

0.154102
-0.0106832
-0.987997
0.994547
5.6654e-06

-0.154102
0.0106832
0.987997
-3.1405
1.38916

0.0272469
0.806026
-0.591253
0.479052
0.019553

0.619112
0.47901
0.622294
-3.96342
3.51773

-0.619112
-0.47901
-0.622294
0.807434
0.00533884

0.11919
-0.552648
-0.824848
0.818599
0.00376954

-0.176298
-0.984337
0
0.796258
0.00621172

0.556049
-0.652776
-0.514483
0.997175
9.78166e-06

0.0224416
-0.202159
-0.979096
-0.29831
0.0842853

-0.0224416
0.202159
0.979096
0.839135
0.00130315

-0.886017
-0.20818
0.414289
0.892336
0.000880333

-0.600593
0.719902
-0.347894
0.201873
0.0351921

0.600593
-0.719902
0.347894
0.53969
0.0119401

0.0729141
0.612381
0.787193
-0.755319
0.436935

-0.0729141
-0.612381
-0.787193
-0.463314
0.303818

0.72924
0.512823
0.453014
0.595847
0.0325811

-0.72924
-0.512823
-0.453014
-5.14717
7.52646

-0.114197
-0.8621
-0.493704
-5.60117
10.1092

0.114197
0.8621
0.493704
0.405893
0.0819056

0.357507
-0.683361
-0.636558
-1.40449
0.576105

-0.357507
0.683361
0.636558
0.621887
0.0143252

0.774559
0.248444
-0.581665
-0.875134
0.283862

-0.774559
-0.248444
0.581665
0.668769
0.00891386

-0.828154
-0.306703
-0.469143
-0.324713
0.0769958

-0.197337
0.614273
0.76402
0.851364
0.00139268

0.197337
-0.614273
-0.76402
-0.760104
0.188468

-0.317578
0.141349
-0.937638
-7.87408
15.6764

0.317578
-0.141349
0.937638
0.931416
0.000973002

-0.705419
-0.508265
0.494014
0.688346
0.0171575

-0.970029
-0.0572871
-0.236138
0.958601
3.53762e-05

0.155237
0.388034
-0.908478
-18.8036
272.878

-0.155237
-0.388034
0.908478
-0.782314
2.21111

0.616377
0.698561
0.363444
-0.782314
2.21101

-0.616377
-0.698561
-0.363444
-18.8036
272.963

-0.109018
0.378852
-0.919014
0.558434
0.0209762

0.109018
-0.378852
0.919014
-1.46693
0.648855

-0.229957
0.788417
0.570542
0.51608
0.0345783

0.229957
-0.788417
-0.570542
-2.79394
2.12021

0.486557
0.818296
-0.30603
-1.62611
0.841385

-0.486557
-0.818296
0.30603
0.418676
0.0416503

-0.459154
0.803868
-0.37812
0.382557
0.0175951

0.459154
-0.803868
0.37812
0.564843
0.00875079

-0.391496
0.0691626
0.917577
0.782676
0.0039304

0.391496
-0.0691626
-0.917577
-1.26841
0.417174

0.0978572
-0.9952
0
-6.56682
14.5622

-0.0978572
0.9952
0
0.424166
0.0844482

-0.781206
-0.239381
-0.576554
-0.0531859
0.127129

-0.35494
-0.795539
-0.491055
0.961055
4.90418e-05

0.491221
0.638344
-0.592637
-0.303844
0.1171

-0.491221
-0.638344
0.592637
0.59283
0.01148

0.852349
0.181368
-0.490516
-0.881516
0.195877

-0.852349
-0.181368
0.490516
0.919132
0.000373247

0.136748
-0.265303
0.954418
0.944367
0.000340664

-0.136748
0.265303
-0.954418
-3.6408
2.36616

0.567505
0.462232
-0.681381
-1.88403
0.902844

-0.567505
-0.462232
0.681381
0.668594
0.0120049

-0.167947
0.095016
0.981206
-1.64047
4.16585

0.167947
-0.095016
-0.981206
-12.3674
106.766

0.16583
-0.758742
-0.629929
-1.24686
0.347463

-0.16583
0.758742
0.629929
0.883565
0.000959921

-0.549365
-0.337929
0.764201
0.436436
0.0359307

0.549365
0.337929
-0.764201
-1.35788
0.626276

0.538887
0.652077
0.533288
0.459036
0.012727

0.596066
0.799954
-0.0691298
-0.578902
0.10576

-0.221489
0.576409
0.786572
-2.02218
0.930808

0.221489
-0.576409
-0.786572
0.766806
0.00562341

0.206864
0.830815
-0.516676
0.722452
0.00278616

-0.206864
-0.830815
0.516676
0.440546
0.0112274

-0.306152
-0.443751
-0.842233
-13.8911
64.8864

0.306152
0.443751
0.842233
0.979267
0.000134777

-0.796992
-0.60399
0
-0.814581
0.191973

0.796992
0.60399
0
0.884903
0.000788059

-0.157473
-0.6486
0.744661
0.738424
0.00743292

0.157473
0.6486
-0.744661
-2.15631
1.08092

-0.68727
0.435149
-0.58164
0.690641
0.00207134

0.624026
-0.457929
0.633161
0.673744
0.0106776

-0.624026
0.457929
-0.633161
-1.59118
0.673028

0.0202356
-0.492019
-0.870349
-9.15575
23.4327

-0.0202356
0.492019
0.870349
0.924153
0.00130918

-0.151496
0.522249
0.839229
0.83625
0.000740582

0.618536
-0.618805
0.484245
0.967446
6.02831e-05

0.624664
-0.465384
-0.627066
-1.04728
0.278484

0.0948898
-0.43344
-0.896173
-35.4101
1010.61

-0.0948898
0.43344
0.896173
0.866261
0.0136369

-0.576104
0.227651
0.785035
0.574079
0.00778878

0.576104
-0.227651
-0.785035
0.452928
0.0128352

0.324739
-0.326738
-0.887574
-3.97891
4.27704

-0.324739
0.326738
0.887574
0.57349
0.0315741

0.360812
-0.152146
0.920145
0.87575
0.00265623

-0.360812
0.152146
-0.920145
-5.80392
7.91765

-0.446322
0.695804
-0.562719
-3.97891
4.28026

0.446322
-0.695804
0.562719
0.57349
0.0314284

0.0717926
-0.394686
0.916007
0.501846
0.0248236

-0.0717926
0.394686
-0.916007
-1.07312
0.426548

0.245034
0.374158
0.894407
0.880828
0.000628717

-0.245034
-0.374158
-0.894407
-0.226694
0.0662672

-0.669758
0.708804
-0.221408
-1.5628
1.16393

0.669758
-0.708804
0.221408
-0.530276
0.415009

0.370388
0.90245
0.219991
0.288386
0.0480721

-0.370388
-0.90245
-0.219991
-0.530762
0.222391

-0.069836
-0.0751081
-0.994727
-1.49792
0.400853

0.069836
0.0751081
0.994727
0.947365
0.000185791

0.113398
0.581013
0.805955
0.652623
0.0202474

-0.113398
-0.581013
-0.805955
-4.10453
4.34416

0.692556
-0.190103
-0.695864
0.513557
0.00904699

-0.692556
0.190103
0.695864
0.633902
0.00517186

0.773605
0.228315
-0.591107
0.771197
0.00197539

-0.773605
-0.228315
0.591107
0.321359
0.0170928

0.279671
-0.423712
-0.861541
-0.470352
0.136826

-0.279671
0.423712
0.861541
0.741049
0.0043061

0.0132358
0.974769
-0.222823
0.0165536
0.158789

-0.0132358
-0.974769
0.222823
-2.08524
1.56243

-0.972629
0.0697565
-0.221646
-0.166111
0.149941

0.972629
-0.0697565
0.221646
-0.334448
0.196351

-0.378088
0.287436
0.880017
0.932928
0.0033548

0.378088
-0.287436
-0.880017
-36.0406
1013.45

0.971447
0.0813007
0.222894
0.997813
3.21563e-07

-0.503671
-0.678868
0.534279
0.512939
0.0658244

0.503671
0.678868
-0.534279
-7.946
22.1792

0.666938
-0.215089
0.713394
0.390194
0.0239703

0.335289
-0.618776
0.71042
0.770768
0.00769717

-0.335289
0.618776
-0.71042
-3.88306
3.48932

-0.191539
0.183213
-0.964233
-5.86522
10.3572

0.191539
-0.183213
0.964233
0.570924
0.0404722

-0.0218364
-0.963868
0.265484
-17.2922
126.443

0.0218364
0.963868
-0.265484
0.943542
0.00120693

0.772905
0.478492
0.416728
0.543089
0.0181645

-0.772905
-0.478492
-0.416728
-0.765167
0.270564

0.767224
-0.432951
-0.473203
-0.0576181
0.10175

-0.767224
0.432951
0.473203
-0.00268054
0.0914557

-0.467915
-0.172322
0.866811
-2.04871
1.05635

0.467915
0.172322
-0.866811
0.661256
0.0130759

0.792969
-0.0350017
-0.608256
-0.449949
0.162671

-0.792969
0.0350017
0.608256
0.534408
0.0167911

-0.89517
-0.228062
-0.38296
0.69886
0.00311993

0.89517
0.228062
0.38296
0.514551
0.00808099

0.652427
-0.675824
0.342929
-1.12689
0.309275

-0.652427
0.675824
-0.342929
0.864748
0.0012598

-0.0496895
0.310099
0.949405
-0.757177
0.314226

0.0496895
-0.310099
-0.949405
0.307207
0.0490765

-0.584562
0.00582121
-0.811328
0.696039
0.00540311

0.584562
-0.00582121
0.811328
-0.161208
0.0775346

0.903743
-0.33993
0.260185
0.373642
0.0253766

-0.903743
0.33993
-0.260185
0.152423
0.0464549

0.587981
0.551619
0.591604
0.74032
0.00186818

-0.852488
-0.522747
0
0.174313
0.0840279

0.852488
0.522747
0
-0.763756
0.345154

-0.222557
-0.0732763
0.972162
-0.133985
0.12217

0.222557
0.0732763
-0.972162
-0.0147102
0.0978834

0.332967
-0.0960569
-0.938033
-1.03888
0.354953

-0.332967
0.0960569
0.938033
0.668894
0.00951044

0.182908
-0.619207
0.763628
-1.28531
0.553954

-0.182908
0.619207
-0.763628
0.496494
0.0270304

0.0310612
-0.883436
-0.46752
-0.508178
0.158571

-0.0310612
0.883436
0.46752
0.676498
0.00784745

0.23936
-0.571767
-0.784722
-2.56551
1.51821

-0.23936
0.571767
0.784722
0.731936
0.00867507

0.952125
0.305709
0
0.996658
1.12974e-06

-0.624228
0.52506
0.578491
0.453902
0.0235592

0.624228
-0.52506
-0.578491
-0.348523
0.143559

-0.335739
0.33219
0.881436
0.729952
0.0167194

0.335739
-0.33219
-0.881436
-7.16896
15.1856

-0.70348
-0.328275
-0.630358
-0.922491
0.57387

0.263104
-0.964389
-0.027034
-0.221115
0.0847229

-0.263104
0.964389
0.027034
0.729226
0.00416736

-0.985606
-0.169056
0
0.402216
0.0270682

0.985606
0.169056
0
0.0408853
0.0656613

0.319074
0.94773
0
0.907669
0.000130289

-0.314579
-0.490168
0.812881
-2.94214
2.17665

0.314579
0.490168
-0.812881
0.630579
0.0191486

0.00465122
0.875485
-0.483223
-6.22655
10.6482

-0.00465122
-0.875485
0.483223
0.745941
0.0131696

0.201812
-0.702319
0.682657
0.488562
0.0116647

-0.201812
0.702319
-0.682657
0.501759
0.0110706

-0.439323
0.696442
-0.567418
-2.08399
1.20517

0.439323
-0.696442
0.567418
0.527783
0.0283345

0.618494
0.163278
0.768639
0.802487
0.00268846

0.509053
-0.787981
-0.346339
0.97373
0.000149511

-0.509053
0.787981
0.346339
-9.508
23.6139

0.830098
0.0965896
0.549188
0.80322
0.00216462

-0.830098
-0.0965896
-0.549188
-0.365405
0.10272

-0.142504
0.555661
-0.819105
0.114335
0.0305491

0.142504
-0.555661
0.819105
0.836562
0.00109509

-0.480725
-0.746657
-0.459789
0.979882
6.09465e-05

0.670168
-0.473256
-0.571755
-0.825599
0.239357

-0.670168
0.473256
0.571755
0.757176
0.00427682

0.0579321
0.765781
0.640487
-2.8173
2.1292

-0.0579321
-0.765781
-0.640487
0.535483
0.0316313

0.0733495
0.679031
0.730436
0.748949
0.00879362

-0.0733495
-0.679031
-0.730436
-3.4587
2.76761

-0.467253
0.464548
-0.752243
-16.4247
124.828

0.467253
-0.464548
0.752243
0.796351
0.0170587

0.670056
-0.714395
0.201657
-2.07816
2.8139

-0.670056
0.714395
-0.201657
-2.66326
3.98531

0.492602
0.0247701
0.869902
0.178726
0.0785085

-0.492602
-0.0247701
-0.869902
-0.951939
0.442233

0.312944
-0.0117526
0.949699
0.922621
0.000339539

0.0623463
0.143728
0.987651
0.986124
3.42327e-05

0.00271266
0.574615
0.818419
0.975218
6.81404e-05

-0.00271266
-0.574615
-0.818419
-4.15913
2.94106

0.214828
-0.633277
-0.743512
-2.21807
2.9423

-0.214828
0.633277
0.743512
-2.21807
2.9423

0.367343
0.247764
-0.896478
-2.67536
1.54532

-0.367343
-0.247764
0.896478
0.795104
0.00489797

-0.605365
-0.0728506
0.792607
0.956351
0.000104917

0.605365
0.0728506
-0.792607
-0.75564
0.14324

0.411215
-0.854473
0.317457
0.411015
0.0230211

-0.411215
0.854473
-0.317457
0.0636387
0.05815

0.0133282
-0.889551
0.456642
0.751261
0.0139502

-0.0133282
0.889551
-0.456642
-7.22397
15.2457

-0.195394
-0.942614
0.27074
0.406807
0.0431736

0.195394
0.942614
-0.27074
-1.61597
0.839537

0.592775
0.391703
-0.703695
0.864933
0.00292949

-0.592775
-0.391703
0.703695
-5.11262
5.9179

0.463067
-0.137615
-0.875575
-1.85029
0.573521

-0.463067
0.137615
0.875575
0.952545
0.000180892

-0.160517
0
-0.987033
-1.5628
1.16352

0.160517
0
0.987033
-0.530276
0.415212

0.433551
0.180311
-0.882905
-8.80747
23.1683

-0.433551
-0.180311
0.882905
0.846759
0.00565915

-0.741095
-0.314416
-0.59323
0.906949
0.000414756

0.741095
0.314416
0.59323
-0.469157
0.101864

-0.0135216
-0.245568
0.969285
0.837947
0.00133242

-0.927518
0.37378
0
0.634064
0.0225198

0.927518
-0.37378
0
-2.42382
1.43407

-0.505963
0.320191
0.800924
0.768692
0.00983683

0.505963
-0.320191
-0.800924
-5.49744
7.75898

-0.903003
0.111966
0.414787
0.579974
0.00824196

-0.243534
-0.0821446
0.966407
0.91492
0.0013168

-0.872709
0.48824
0
-0.658619
0.183123

0.872709
-0.48824
0
0.773469
0.00492363

-0.166205
0.0411223
0.985233
0.989346
3.43868e-06

0.281665
0.00865324
0.959474
0.861875
0.00106307

-0.281665
-0.00865324
-0.959474
-0.5672
0.13457

0.425629
-0.216347
0.878655
0.819724
0.00187225

0.174149
0.281007
0.943773
0.970007
5.53414e-05

-0.174149
-0.281007
-0.943773
-0.751171
0.133825

-0.34032
0.878731
-0.334684
0.979816
3.07296e-05

-0.190872
-0.919594
-0.343388
-0.866438
0.181457

-0.406701
0.753576
-0.516446
0.693764
0.00433658

0.406701
-0.753576
0.516446
0.189234
0.0303422

0.964457
-0.0222525
0.263303
-5.99475
7.99793

-0.964457
0.0222525
-0.263303
0.924102
0.000944846

0.102703
-0.164325
-0.981045
-12.6078
63.353

-0.102703
0.164325
0.981045
0.751499
0.0211432

0.251196
-0.677442
0.691356
-0.00959182
0.102662

-0.251196
0.677442
-0.691356
-0.277763
0.164345

-0.518578
-0.124357
0.845939
0.726311
0.00442898

0.53974
-0.613326
0.576638
0.172495
0.0679293

-0.53974
0.613326
-0.576638
-0.471123
0.214458

-0.313244
0.593075
0.741714
0.686969
0.00410347

0.313244
-0.593075
-0.741714
0.348319
0.0175471

-0.368275
0.548789
-0.750469
0.976014
8.89366e-06

-0.571273
-0.254832
0.780197
0.797241
0.00150781

-0.656548
0.330731
0.67791
-0.851047
0.296356

0.656548
-0.330731
-0.67791
0.587058
0.0162132

0.643283
-0.734939
0.214597
-0.425858
0.277681

-0.643283
0.734939
-0.214597
-0.673392
0.382461

-0.582793
-0.456197
0.672485
0.346709
0.058072

0.582793
0.456197
-0.672485
-1.91159
1.15318

-0.00783363
0.403587
-0.914908
0.696168
0.00999478

0.00783363
-0.403587
0.914908
-1.9198
0.910136

0.283371
-0.0120467
0.958935
0.944355
0.000184698

-0.267928
0.915968
0.298692
0.0863717
0.0249736

0.267928
-0.915968
-0.298692
0.93742
0.000117967

-0.930042
-0.284937
0.232019
-2.83362
1.17862

0.930042
0.284937
-0.232019
0.986042
1.64361e-05

-0.912128
0.349577
0.214054
-0.0384766
0.0898832

0.912128
-0.349577
-0.214054
0.145741
0.0608267

0.628685
-0.414669
0.657879
0.918986
0.00333983

-0.628685
0.414669
-0.657879
-23.3404
299.544

-0.145882
-0.307161
-0.94041
-3.93386
5.1893

0.145882
0.307161
0.94041
0.116868
0.166653

0.524753
0.715676
0.460914
-1.79466
1.4303

-0.524753
-0.715676
-0.460914
-0.478156
0.40023

-0.462412
0.413765
-0.784203
-0.387534
0.0881714

-0.256246
-0.378203
0.889551
0.859575
0.00377071

0.256246
0.378203
-0.889551
-6.55175
10.8567

0.281802
0.353579
-0.891947
0.503895
0.0073713

0.151206
0.604355
-0.782235
-1.29862
0.506091

-0.151206
-0.604355
0.782235
0.63222
0.0130718

0.1157
-0.669519
-0.733729
0.888453
0.00125665

-0.1157
0.669519
0.733729
-2.65247
1.33778

-0.753048
-0.598327
0.273722
0.633806
0.0137684

-0.105156
-0.774835
0.623356
0.872154
0.00122232

0.105156
0.774835
-0.623356
-1.41489
0.43355

0.347071
0.349804
0.87016
0.944194
0.000953374

0.164386
-0.0103258
-0.986342
-1.839
1.00285

0.383917
-0.190136
-0.90358
-2.73016
1.5595

-0.383917
0.190136
0.90358
0.82281
0.00352227

0.0477119
0.310129
0.949497
0.943542
0.00123486

-0.173377
0.592448
0.786731
-0.263487
0.0870109

0.173377
-0.592448
-0.786731
0.775453
0.00274929

0.253489
-0.531879
0.80799
-1.40445
0.782066

0.840999
0.53765
0.0604333
0.965356
0.000586995

-0.840999
-0.53765
-0.0604333
-23.8174
300.583

0.00514697
-0.371018
0.928611
-4.10059
2.9254

-0.00514697
0.371018
-0.928611
0.966054
0.000161098

-0.184069
0.887121
-0.423244
0.888585
0.00050938

0.184069
-0.887121
0.423244
-0.106177
0.0491282

-0.330435
0.543062
0.771943
0.841774
0.00163142

0.330435
-0.543062
-0.771943
-0.869654
0.225944

0.416173
-0.812463
-0.408293
0.173969
0.0982108

-0.416173
0.812463
0.408293
-1.77638
1.10882

0.418089
0.386197
0.822225
0.806084
0.00504568

-0.269893
0.579578
0.768926
0.897737
0.00412078

-0.666606
-0.134696
-0.733139
-4.22512
5.41269

0.666606
0.134696
0.733139
0.38258
0.0757548

-0.597683
-0.0587688
-0.799576
-0.772143
0.117334

0.805539
-0.0426634
-0.591005
-0.0204391
0.0244257

-0.805539
0.0426634
0.591005
0.990416
2.66214e-06

0.289038
-0.857601
-0.425416
-2.87342
2.51703

-0.289038
0.857601
0.425416
0.302854
0.0815988

-0.336372
0.811519
-0.477799
0.45661
0.0260853

-0.634529
0.653151
-0.41324
0.00883222
0.0560554

0.634529
-0.653151
0.41324
0.614834
0.008471

-0.200956
-0.645697
0.736676
0.877407
0.00134373

-0.414551
-0.061917
0.907917
0.94321
0.000987147

0.780729
-0.411881
-0.469912
0.625111
0.00712256

-0.780729
0.411881
0.469912
0.176466
0.0343378

-0.672077
0.00465096
0.740466
0.898909
0.00171547

-0.369992
0.857405
0.357718
0.650752
0.0322822

0.515193
-0.0067067
-0.857048
-0.851597
0.208787

-0.515193
0.0067067
0.857048
0.870951
0.0010682

-0.887489
-0.299319
0.350388
0.882033
0.000590332

0.887489
0.299319
-0.350388
-0.146609
0.0550191

0.67046
0.476922
-0.568356
0.910306
0.000392882

-0.426511
0.731257
0.532307
0.870365
0.00107165

0.426511
-0.731257
-0.532307
-0.915271
0.229344

0.721764
0.175427
0.669539
0.693517
0.00497269

-0.416789
0.686484
0.595841
0.618397
0.00312935

0.979306
0.202386
0
0.674229
0.0262847

-0.341878
0.553403
-0.759516
-0.863667
0.209584

0.341878
-0.553403
0.759516
0.87804
0.000937813

0.863423
0.397954
0.310054
-0.377639
0.340767

-0.863423
-0.397954
-0.310054
-1.84677
1.45492

-0.31743
0.141585
-0.937652
-2.90859
2.98293

0.31743
-0.141585
0.937652
-0.0568824
0.218515

-0.0753467
-0.877099
-0.474364
-1.3
0.556853

0.0753467
0.877099
0.474364
0.513323
0.0249854

-0.33163
-0.14063
0.932869
0.968295
0.000490989

-0.395614
-0.732718
-0.553726
0.718063
0.00560561

0.395614
0.732718
0.553726
-0.656934
0.193441

-0.352417
0.721841
0.595607
0.613117
0.00462169

-0.320883
-0.473882
-0.820043
-10.6655
37.0154

0.320883
0.473882
0.820043
0.875161
0.00429001

-0.754828
-0.655923
0
-1.33216
0.461395

0.754828
0.655923
0
0.754157
0.0076563

0.82093
0.0935523
-0.563313
-1.4665
0.482569

-0.82093
-0.0935523
0.563313
0.842714
0.00199099

0.220181
-0.293681
0.9302
0.337997
0.0689034

-0.220181
0.293681
-0.9302
-2.60424
2.04191

0.0673979
0.61339
-0.786899
0.989872
8.13067e-06

-0.0673979
-0.61339
0.786899
-0.946977
0.159251

0.119473
0.944244
-0.306805
-0.0173213
0.0412575

-0.119473
-0.944244
0.306805
0.871293
0.000765487

-0.565993
0.122891
-0.815199
-1.18971
0.265515

0.565993
-0.122891
0.815199
0.958433
0.000112276

-0.557803
-0.829974
0
-0.100622
0.0781299

0.557803
0.829974
0
0.765144
0.00987533

0.237814
-0.400247
0.885012
-0.270596
0.312783

-0.237814
0.400247
-0.885012
-2.42929
2.27565

-0.362883
0.728978
-0.580437
0.829727
0.00397325

-0.171229
-0.163822
-0.971516
-0.755181
0.133947

0.622175
-0.137569
-0.770696
-7.16896
15.1972

-0.622175
0.137569
0.770696
0.729952
0.0166117

0.200656
-0.0686924
0.977251
0.905596
0.00182192

0.564112
-0.557432
-0.609136
0.970174
4.59075e-05

-0.564112
0.557432
0.609136
-0.504478
0.0868894

-0.291643
-0.673795
-0.678929
-0.341729
0.0775564

0.291643
0.673795
0.678929
0.915223
0.000315236

-0.0841796
-0.925198
0.37003
0.326731
0.0238746

0.0841796
0.925198
-0.37003
0.477948
0.0143718

0
0.745494
-0.666512
0.958443
0.000344196

0.194923
-0.20254
-0.959678
-0.291177
0.123065

-0.194923
0.20254
0.959678
0.508996
0.0179681

0.0410779
0.844705
0.533653
0.417358
0.0206661

-0.0410779
-0.844705
-0.533653
0.198218
0.0390825

0.286775
0.632338
0.719659
0.756471
0.00828777

-0.286775
-0.632338
-0.719659
-3.473
2.77132

-0.768389
-0.198143
0.608538
0.659205
0.00734676

0.768389
0.198143
-0.608538
-0.23739
0.0955486

0.721211
0.692716
0
0.586821
0.00677193

-0.721211
-0.692716
0
0.659794
0.00479443

-0.522185
-0.539979
0.66011
0.594311
0.00449932

0.685144
0.300154
0.66369
0.625488
0.00917916

-0.685144
-0.300154
-0.66369
-0.24736
0.101041

0.933719
0.110748
0.340447
-5.26613
7.61105

-0.933719
-0.110748
-0.340447
0.661107
0.0222851

0.0615886
0.730993
-0.6796
0.71802
0.00360717

-0.033819
0.424377
0.904854
0.932251
0.0023048

0.033819
-0.424377
-0.904854
-23.4574
299.876

-0.353773
-0.913298
-0.201821
-0.0472897
0.0474216

0.137211
-0.689453
-0.711216
0.471559
0.0274013

-0.137211
0.689453
0.711216
-0.954299
0.373132

0.0949722
-0.498079
-0.861915
-0.651038
0.168873

-0.0949722
0.498079
0.861915
0.813006
0.00224166

-0.296957
-0.23147
-0.926411
-36.3296
1014.77

0.296957
0.23147
0.926411
0.955613
0.00144059

-0.105332
-0.658038
0.745581
0.877623
0.00281447

0.105332
0.658038
-0.745581
-6.61611
10.8945

0.252826
-0.133556
0.958249
0.974917
0.000119764

-0.670204
0.0545505
-0.740169
-0.867931
0.18156

0.670204
-0.0545505
0.740169
0.938569
0.000216302

-0.684754
-0.21531
0.696242
-0.655013
0.23822

0.684754
0.21531
-0.696242
0.489195
0.0227044

0.640794
-0.371394
-0.6719
0.671554
0.00391793

-0.490398
-0.804756
-0.33448
0.579176
0.0229601

-0.463059
0.0912362
-0.881619
0.99245
1.27312e-05

-0.167228
-0.547355
0.820023
0.789573
0.00319564

-0.727846
-0.433378
0.531435
0.528783
0.0150669

0.727846
0.433378
-0.531435
-0.148193
0.089171

0.467505
0.0840158
0.879989
0.718253
0.0182913

-0.910885
-0.41266
0
-0.0258791
0.116859

0.910885
0.41266
0
-0.512639
0.253759

0.240991
-0.581402
0.777107
0.67855
0.0142285

-0.240991
0.581402
-0.777107
-3.01313
2.20063

0.296157
0.728639
-0.617556
0.104732
0.0343298

-0.296157
-0.728639
0.617556
0.787326
0.00197517

0.804182
-0.442831
0.396474
0.495371
0.0135787

-0.804182
0.442831
-0.396474
0.289664
0.0268777

0.333715
-0.725209
0.60225
0.897122
0.000891585

-0.333715
0.725209
-0.60225
-0.5775
0.128171

0.278314
-0.170978
0.94515
0.932251
0.00230258

0.0832008
0.807317
-0.584224
-2.00354
1.1814

-0.0832008
-0.807317
0.584224
0.448332
0.0399497

-0.511611
0.548411
-0.661437
0.815817
0.0180809

0.511611
-0.548411
0.661437
-22.6572
297.49

-0.308974
0.532984
-0.787695
-2.48516
1.49644

0.308974
-0.532984
0.787695
0.678822
0.0128197

-0.00878726
-0.075159
0.997133
0.611982
0.0162633

-0.843452
-0.311362
-0.43777
-2.42723
2.21758

0.843452
0.311362
0.43777
-0.194633
0.269601

-0.733398
0.671411
-0.106465
0.966856
9.81234e-05

0.733398
-0.671411
0.106465
-2.92986
1.37624

0.215708
0.531618
-0.819056
-0.722548
0.19912

-0.215708
-0.531618
0.819056
0.778372
0.00337559

0.0534163
-0.30489
0.950888
-0.816728
0.166931

-0.0534163
0.30489
-0.950888
0.940545
0.000210636

-0.530557
-0.34929
0.772338
0.764701
0.00367247

0.530557
0.34929
-0.772338
-0.648732
0.180164

0.911946
0.254485
0.321858
-0.426728
0.239618

-0.911946
-0.254485
-0.321858
-0.242846
0.181842

0.627475
0.0436596
-0.777411
-0.359624
0.0796029

-0.627475
-0.0436596
0.777411
0.918948
0.000292086

-0.347944
0.574354
0.740981
0.773031
0.000715477

0.452495
0.778701
0.434595
0.417385
0.0252642

-0.452495
-0.778701
-0.434595
-0.158715
0.0997974

0.278155
-0.190456
-0.941465
0.74285
0.000894812

-0.278155
0.190456
0.941465
0.92045
8.57492e-05

0.203965
0.154834
0.966656
0.156954
0.0694438

-0.203965
-0.154834
-0.966656
-0.403608
0.191962

0.428533
-0.66425
-0.61248
-0.0561411
0.0648821

-0.428533
0.66425
0.61248
0.632677
0.00786209

0.93162
-0.058577
0.358681
0.647695
0.00681802

-0.93162
0.058577
-0.358681
0.0133731
0.0534372

0.633863
0.56875
0.524157
0.880812
0.00268028

0.324752
0.295354
0.8985
0.684821
0.0103034

-0.324752
-0.295354
-0.8985
-1.74727
0.78021

0.448201
0.662947
0.599681
0.59847
0.0163436

-0.448201
-0.662947
-0.599681
-1.38036
0.57179

-0.877722
0.141549
-0.457787
-2.35494
1.45917

0.877722
-0.141549
0.457787
0.579174
0.0229637

-0.6666
-0.457155
0.588773
0.937024
0.000390409

0.6666
0.457155
-0.588773
-0.569376
0.113195

-0.355598
-0.19813
-0.913397
0.976082
8.4453e-05

-0.482618
0.308872
-0.81956
-0.88069
0.307593

0.482618
-0.308872
0.81956
0.590427
0.0147201

-0.310055
0.895835
0.318349
0.00982165
0.188615

0.310055
-0.895835
-0.318349
-2.96071
3.01765

-0.452296
-0.180711
0.873368
0.885069
0.00191635

0.452296
0.180711
-0.873368
-4.63163
4.5696

-0.478453
-0.56792
0.669739
0.934511
0.00214794

-0.340618
-0.147874
-0.9285
0.632947
0.0101177

0.340618
0.147874
0.9285
-0.523729
0.16987

0.937297
-0.0557775
-0.344041
0.205167
0.041896

-0.937297
0.0557775
0.344041
0.292602
0.0331911

-0.307151
0.313542
-0.898526
-10.6062
36.9765

0.307151
-0.313542
0.898526
0.861877
0.00523741

-0.516624
-0.241694
0.821391
0.958503
0.000520357

-0.508405
0.556956
0.656752
0.971945
8.0395e-05

0.508405
-0.556956
-0.656752
-3.19989
1.63673

-0.629203
0.672667
0.389388
0.933363
0.000218508

0.629203
-0.672667
-0.389388
-0.648877
0.130152

0.707536
-0.000800788
-0.706677
0.948083
0.000135098

-0.707536
0.000800788
0.706677
-0.836594
0.167695

-0.380049
-0.157257
-0.9115
-0.0199621
0.158217

0.380049
0.157257
0.9115
-1.64749
1.06385

-0.642438
0.0576001
-0.76417
-0.872337
0.262686

0.642438
-0.0576001
0.76417
0.736703
0.00527562

-0.913349
-0.407177
0
0.332435
0.0366017

0.913349
0.407177
0
-0.23675
0.125249

-0.479123
0.276305
0.833124
0.921986
0.00109981

0.479123
-0.276305
-0.833124
-6.80139
10.985

0.83205
0.5547
0
0.973943
0.00240666

0.761032
0.478608
0.43791
0.643958
0.0198967

-0.761032
-0.478608
-0.43791
-3.65383
3.39277

-0.681255
-0.57629
-0.451422
0.500171
0.0563564

0.681255
0.57629
0.451422
-5.74536
10.2452

-0.155164
0.24657
-0.956623
-1.48596
0.484876

0.155164
-0.24657
0.956623
0.853547
0.00168766

0.0833905
0.641654
0.762447
0.597201
0.00530706

-0.671303
0.741183
0
-0.34388
0.546206

0.671303
-0.741183
0
0.973385
0.0288772

0.559008
-0.519876
0.64594
0.886926
0.000883209

-0.559008
0.519876
-0.64594
-1.25355
0.348083

0.756843
0.115553
-0.643301
-0.0904784
0.0410403

-0.589626
-0.126341
0.797734
0.864933
0.00294038

0.589626
0.126341
-0.797734
-5.11262
5.91681

-0.670293
0.672068
-0.314694
0.1633
0.0478375

0.670293
-0.672068
0.314694
0.287072
0.0347376

-0.785356
-0.609543
0.108047
0.746504
0.00288677

0.785356
0.609543
-0.108047
0.136299
0.0332706

-0.581039
-0.777753
-0.239779
0.953863
0.000117475

-0.110972
-0.471278
0.874976
-7.46601
15.4401

0.110972
0.471278
-0.874976
0.833234
0.00599144

0.261827
-0.507149
0.821125
0.763468
0.00341985

-0.0890371
0.900685
0.425252
0.367295
0.0231911

0.0890371
-0.900685
-0.425252
0.322906
0.0265541

0.0419593
0.943729
0.328047
-0.655001
0.542642

-0.0419593
-0.943729
-0.328047
-1.94224
1.715

-0.03368
-0.359438
-0.932561
-4.36896
3.63787

0.03368
0.359438
0.932561
0.939038
0.000471015

-0.341477
0.383019
-0.858306
0.972659
5.73277e-05

-0.343174
-0.67975
0.648207
0.412802
0.0283589

0.343174
0.67975
-0.648207
-0.373517
0.15511

0.992516
-0.122116
0
0.122394
0.0191539

-0.710458
0.314166
0.629721
0.109107
0.0554079

0.710458
-0.314166
-0.629721
0.302833
0.0339322

0.718953
0.0724117
-0.691276
0.883222
0.00134431

0.193041
0.113813
0.974567
-0.774086
0.420188

-0.193041
-0.113813
-0.974567
-0.262032
0.216072

0.781736
-0.536536
0.317835
-2.02111
1.53424

-0.781736
0.536536
-0.317835
-0.0796351
0.196012

0.0174481
-0.149043
0.988677
0.953361
0.00107399

-0.936154
-0.13898
-0.322956
0.685124
0.00421629

0.936154
0.13898
0.322956
0.312522
0.0200468

0.033214
-0.360149
-0.932303
-1.43794
0.64298

-0.033214
0.360149
0.932303
0.528016
0.024302

-0.160995
-0.0242271
0.986658
-1.05217
0.203343

-0.0912971
-0.261195
0.960959
0.0436859
0.121996

0.0912971
0.261195
-0.960959
-1.22055
0.657342

0.651285
-0.500545
-0.570336
0.640467
0.00546922

-0.651285
0.500545
0.570336
0.383139
0.0160779

-0.540209
0.623926
0.564703
0.559787
0.0103297

0.540209
-0.623926
-0.564703
0.210398
0.0331114

-0.625557
-0.606284
0.491018
-3.32848
2.71903

0.625557
0.606284
-0.491018
0.673824
0.0154845

-0.141991
0.347078
0.927025
0.896176
0.000742807

0.141991
-0.347078
-0.927025
-1.2726
0.349652

-0.772412
-0.195726
-0.604211
-7.10955
15.1379

0.772412
0.195726
0.604211
0.705777
0.0199896

-0.647045
0.0502692
0.760793
0.705597
0.00478109

0.852684
0.0389556
-0.520973
-0.749736
0.187689

-0.852684
-0.0389556
0.520973
0.844361
0.0014909

-0.00492245
-0.813915
0.580963
0.537838
0.00905284

0.00492245
0.813915
-0.580963
0.50207
0.0105081

-0.837541
-0.0706157
-0.541791
0.721557
0.00246058

0.837541
0.0706157
0.541791
0.561374
0.00606058

0.174706
0.234855
0.956201
0.928429
0.00102442

-0.174706
-0.234855
-0.956201
-7.85799
15.6845

0.811807
0.525164
0.255289
0.775387
0.0027828

-0.811807
-0.525164
-0.255289
-0.197649
0.0757586

-0.711472
0.14816
0.686918
0.764701
0.00367184

0.711472
-0.14816
-0.686918
-0.648732
0.180163

0.95834
0.281516
0.0482957
0.0327858
0.065655

-0.95834
-0.281516
-0.0482957
0.357845
0.0289406

-0.421078
-0.277216
-0.863623
-13.0918
64.1345

0.421078
0.277216
0.863623
0.869713
0.00548392

-0.185204
-0.863825
-0.468515
0.582069
0.0634244

0.185204
0.863825
0.468515
-12.1063
62.3214

-0.376044
-0.672576
-0.637363
-1.2372
0.291628

0.376044
0.672576
0.637363
0.949156
0.000162989

0.263603
-0.299501
0.916958
0.299925
0.0454526

-0.263603
0.299501
-0.916958
-0.475173
0.200975

0.875043
0.484044
0
0.554421
0.0542305

-0.875043
-0.484044
0
-3.95088
3.8499

0.448221
-0.133253
0.883935
0.794292
0.0071386

-0.448221
0.133253
-0.883935
-4.91792
5.82949

-0.967057
0.127367
-0.220406
-0.522528
0.149277

0.519552
-0.690536
0.503215
0.055263
0.0343436

0.784653
0.619935
0
0.854349
0.00365961

-0.784653
-0.619935
0
-3.35269
2.26356

-0.264161
-0.498041
0.825938
-0.0199621
0.158015

0.264161
0.498041
-0.825938
-1.64749
1.06419

-0.80671
0.382595
0.450377
-0.451759
0.127582

0.80671
-0.382595
-0.450377
0.767718
0.00329038

-0.504722
-0.798663
-0.327707
-0.276734
0.075177

0.504722
0.798663
0.327707
0.873261
0.00074832

-0.592155
-0.301914
0.747128
0.834173
0.00418449

0.592155
0.301914
-0.747128
-4.48264
4.51409

-0.506705
0.623556
0.595339
-2.71316
7.55897

0.506705
-0.623556
-0.595339
-8.50569
49.5381

-0.72742
-0.218948
0.650324
0.429798
0.039634

-0.0387857
0.307896
-0.950629
0.914708
0.000269681

-0.169809
0.216473
0.961408
-1.05027
0.302314

0.169809
-0.216473
-0.961408
0.816742
0.00250973

0.0272311
0.806845
0.590136
-0.152558
0.0732148

0.120772
-0.714473
0.689161
0.00699604
0.0400884

-0.120772
0.714473
-0.689161
0.849823
0.000917931

0.883572
0.145398
0.445152
0.774959
0.0171818

-0.0677799
-0.182372
-0.980891
0.582662
0.0238694

-0.8241
0.188418
0.534189
0.596709
0.00787328

0.8241
-0.188418
-0.534189
0.280738
0.0250304

0.0916193
-0.604227
0.791528
0.34307
0.034619

-0.0916193
0.604227
-0.791528
-0.199657
0.115069

-0.79313
-0.609052
0
0.941271
4.69464e-05

0.79313
0.609052
0
0.936226
5.26393e-05

0.202574
0.957428
0.205659
-1.86481
0.802188

-0.202574
-0.957428
-0.205659
0.769287
0.00520822

0.472826
0.440878
0.76293
-11.2872
99.6038

-0.472826
-0.440878
-0.76293
-3.01215
10.621

-0.400349
0.497964
-0.769255
-0.434843
0.0897695

0.400349
-0.497964
0.769255
0.928423
0.000229555

-0.396633
-0.333273
0.855343
0.50087
0.0182421

0.682538
0.482627
-0.548829
0.969352
0.000682316

-0.516196
0.819942
0.247462
0.04091
0.0651311

0.516196
-0.819942
-0.247462
0.338985
0.03094

0.569215
-0.775747
0.272417
0.885384
0.000654007

-0.569215
0.775747
-0.272417
-0.233096
0.0668283

-0.743737
-0.521562
-0.418124
0.441199
0.0146388

0.743737
0.521562
0.418124
0.499215
0.0117625

0.815517
0.578732
0
-0.92168
0.18391

-0.815517
-0.578732
0
0.957734
0.000119429

0.204574
0.0311727
0.978355
0.901894
0.000281043

-0.0943933
0.150082
-0.984157
0.946894
0.000279503

0.0943933
-0.150082
0.984157
-2.62612
1.15838

-0.551053
-0.488625
-0.676451
-0.365245
0.367917

0.551053
0.488625
0.676451
-2.37131
2.24211

-0.105828
-0.848245
-0.518923
-35.8615
1012.95

0.105828
0.848245
0.518923
0.916414
0.00521192

-0.141299
0.270372
0.952331
0.936038
0.000661875

0.745764
0.639232
0.187665
0.285796
0.0375885

-0.745764
-0.639232
-0.187665
0.0343369
0.0687092

0.0858033
0.905516
-0.415546
-0.0952972
0.0618181

-0.0858033
-0.905516
0.415546
0.759033
0.0033144

-0.178832
-0.199695
-0.963401
-2.11645
1.80685

0.178832
0.199695
0.963401
-0.325528
0.327308

-0.0840883
-0.325376
0.941839
0.789303
0.00538112

0.0840883
0.325376
-0.941839
-2.9185
1.85887

-0.448694
0.318244
-0.835102
-0.423378
0.18189

0.448694
-0.318244
0.835102
0.311182
0.0426137

-0.178694
-0.342538
0.922354
0.934067
0.00032944

0.178694
0.342538
-0.922354
-1.55972
0.446088

0.408704
-0.454656
0.791359
0.692448
0.0219191

0.937344
0.015176
0.348073
0.51608
0.034512

-0.937344
-0.015176
-0.348073
-2.79394
2.12083

0.00862552
-0.949165
0.31466
-0.273083
0.213616

-0.00862552
0.949165
-0.31466
-0.732804
0.39571

-0.10393
0.607037
0.787848
0.802527
0.00771604

0.10393
-0.607037
-0.787848
-6.37475
10.7502

-0.379968
0.69862
0.606263
0.584989
0.00456082

0.379968
-0.69862
-0.606263
0.801368
0.00106808

-0.518706
-0.439802
0.733157
-0.401707
0.50162

0.518706
0.439802
-0.733157
-4.06014
6.53275

0.3353
0.0416361
0.941191
0.891281
0.00144383

-0.3353
-0.0416361
-0.941191
-3.45312
2.3258

-0.6743
-0.260425
0.691012
-0.323076
0.0768851

-0.943822
0.208661
-0.256242
-0.337381
0.39344

0.601337
0.0600542
0.796736
0.729663
0.0047885

-0.753533
-0.380879
-0.535836
-0.521744
0.104892

0.753533
0.380879
0.535836
0.933901
0.000378217

-0.98892
0.0152116
0.147668
-1.70425
1.22329

0.98892
-0.0152116
-0.147668
-0.250453
0.261568

0.5002
0.756337
-0.421609
0.883222
0.00131261

-0.5002
-0.756337
0.421609
-2.43188
1.13321

0.724551
0.0220593
0.688868
0.524551
0.0506062

-0.724551
-0.0220593
-0.688868
-5.78539
10.2812

-0.0583414
-0.840396
-0.538823
-2.02876
1.34917

0.0583414
0.840396
0.538823
0.242802
0.0844257

-0.823
-0.0421316
0.566477
0.0856974
0.0569087

0.823
0.0421316
-0.566477
0.36044
0.0278837

-0.0503483
-0.588139
-0.807191
-1.37484
0.629884

0.0503483
0.588139
0.807191
0.456797
0.0331219

0.613188
-0.103702
-0.783101
-7.9391
15.7124

-0.613188
0.103702
0.783101
0.94279
0.00066493

0.19231
0.449133
-0.872523
0.926509
5.2231e-05

-0.19231
-0.449133
0.872523
0.856087
0.000196268

-0.864897
-0.279706
0.416795
0.890804
0.00380103

0.612938
-0.188504
-0.767316
0.834163
0.00291361

0.254199
-0.954051
0.158651
-1.21145
0.448589

-0.254199
0.954051
-0.158651
0.651496
0.0111486

-0.277381
0.472809
0.836368
0.918596
0.00258682

0.779853
-0.30052
-0.549105
0.140669
0.047466

-0.779853
0.30052
0.549105
0.391502
0.0238109

-0.347337
-0.335524
-0.87566
-1.34008
0.324387

0.347337
0.335524
0.87566
0.955374
0.000118793

0.594325
0.643083
-0.482931
-0.830732
0.325549

-0.594325
-0.643083
0.482931
0.420747
0.032648

0.938328
0.345746
0
-0.13067
0.268182

-0.938328
-0.345746
0
-2.85366
2.84623

-0.0215973
-0.923456
-0.383097
-0.264801
0.135427

0.0215973
0.923456
0.383097
0.298603
0.0416756

0.0844973
0.58467
0.806858
-0.308609
0.139884

-0.0844973
-0.58467
-0.806858
0.383679
0.0311586

-0.306868
-0.18755
0.93309
0.757176
0.00434787

0.306868
0.18755
-0.93309
-0.825599
0.23941

0.351084
-0.823217
-0.446154
0.325738
0.024708

-0.351084
0.823217
0.446154
0.442757
0.0168878

0.0830833
0.893886
-0.440528
-3.65383
3.39276

-0.0830833
-0.893886
0.440528
0.643958
0.0198971

0.0762739
0.762926
0.641971
0.736909
0.00868939

-0.0762739
-0.762926
-0.641971
-2.82409
1.83258

-0.392541
-0.384215
-0.835638
-3.16172
2.64951

0.392541
0.384215
0.835638
0.558845
0.0299404

-0.846666
0.0412677
0.530522
0.295905
0.0192945

-0.70712
0.707094
0
0.68338
0.0403378

0.70712
-0.707094
0
-0.889721
0.298148

-0.110086
0.50357
-0.856912
-6.12429
10.5719

0.110086
-0.50357
0.856912
0.701928
0.018514

-0.344625
0.930846
-0.121486
-1.87967
0.462078

0.344625
-0.930846
0.121486
0.997133
4.8393e-07

0.93052
0.284209
-0.230991
0.38437
0.0225254

-0.93052
-0.284209
0.230991
0.267347
0.0318982

-0.797398
-0.237033
-0.554952
0.868742
0.000685864

0.797398
0.237033
0.554952
0.0259475
0.0365906

0.665033
-0.436298
0.606115
-0.206777
0.155207

-0.665033
0.436298
-0.606115
-0.206777
0.155207

-0.589316
-0.464852
0.660771
0.440037
0.0303057

0.589316
0.464852
-0.660771
-0.844284
0.327615

0.67363
-0.471726
0.568944
0.927626
0.00118965

0.445303
-0.134007
-0.885295
0.256671
0.0270615

-0.445303
0.134007
0.885295
0.602025
0.00775751

0.48356
-0.856525
0.180374
0.561493
0.0157217

-0.48356
0.856525
-0.180374
-0.642685
0.220536

-0.109081
0.863361
0.492654
-0.101938
0.100369

0.196504
-0.714263
0.671725
0.595078
0.00548783

-0.196504
0.714263
-0.671725
0.666616
0.00374885

0.265375
0.710933
-0.651268
0.435511
0.00909989

-0.265375
-0.710933
0.651268
0.847227
0.000695471

-0.270776
0.776145
0.569455
0.811869
0.000848357

-0.0466215
-0.0250897
-0.998598
0.143173
0.0240204

0.0466215
0.0250897
0.998598
0.897803
0.000355464

-0.648992
-0.218496
0.728745
0.921878
0.000463663

0.946284
0.323335
0
0.342181
0.0617914

-0.946284
-0.323335
0
-1.28469
0.602078

0.273513
0.277658
0.920922
0.280434
0.0534498

-0.273513
-0.277658
-0.920922
-0.741187
0.31168

-0.679935
-0.179516
-0.710959
-0.281408
0.145639

0.679935
0.179516
0.710959
0.234864
0.0520209

-0.327263
0.0444659
-0.943886
-5.1436
12.4532

0.327263
-0.0444659
0.943886
-1.00607
1.3278

0.015848
0.409649
0.912106
0.374626
0.0528944

-0.015848
-0.409649
-0.912106
-1.93579
1.16015

-0.262279
-0.49063
0.830959
0.869714
0.00548556

0.325213
-0.835307
0.443281
0.304048
0.0366017

-0.534633
0.424448
0.730761
-3.18575
3.15098

0.534633
-0.424448
-0.730761
0.263903
0.0976456

0.369377
0.819977
0.437263
0.826374
0.00216651

-0.369377
-0.819977
-0.437263
-1.06452
0.303683

-0.0916313
-0.484581
-0.869934
0.431788
0.00593049

0.115002
0.79636
0.593789
0.146032
0.0668891

-0.115002
-0.79636
-0.593789
-0.241801
0.141319

-0.229273
0.560461
0.795812
0.622789
0.0122641

0.229273
-0.560461
-0.795812
-0.909622
0.311304

-0.0858381
0.448407
0.889698
0.75952
0.0168523

0.0858381
-0.448407
-0.889698
-10.229
36.4952

0.0637298
-0.589332
-0.805373
0.840223
0.00153658

-0.661802
-0.0409805
-0.748558
-9.14566
23.4258

0.661802
0.0409805
0.748558
0.922322
0.00137612

-0.7865
-0.483194
0.384632
-2.65692
1.78106

0.7865
0.483194
-0.384632
0.625535
0.0187059

-0.395108
-0.0553618
0.916965
0.871573
0.00104049

0.395108
0.0553618
-0.916965
-0.791873
0.190602

0.794621
-0.430358
-0.428217
0.064536
0.0219605

-0.794621
0.430358
0.428217
0.975193
1.81552e-05

-0.193502
-0.843494
-0.501073
-6.24991
10.6627

0.193502
0.843494
0.501073
0.755418
0.0121717

-0.464709
-0.571097
-0.676678
-5.57063
7.797

0.464709
0.571097
0.676678
0.797765
0.0074413

0.512403
-0.846346
0.145399
0.800448
0.00509159

-0.374507
-0.195214
-0.906441
-36.2618
1014.29

0.374507
0.195214
0.906441
0.950728
0.00179829

-0.66032
-0.624659
0.416868
-4.91792
5.83473

0.66032
0.624659
-0.416868
0.794292
0.00705519

0.371575
-0.768675
0.520645
0.747012
0.00535193

-0.371575
0.768675
-0.520645
-0.884067
0.264121

0.724227
0.270073
0.634472
-0.0161799
0.0333301

0.578202
0.425579
-0.696107
0.856
0.000765608

-0.578202
-0.425579
0.696107
0.12835
0.027907

0.492101
0.296047
-0.818653
-0.191558
0.0651511

-0.492101
-0.296047
0.818653
0.85373
0.00103443

0.816917
0.0277241
-0.576088
0.690414
0.0107168

-0.816917
-0.0277241
0.576088
-2.0873
1.06554

-0.130919
-0.587798
0.798345
0.924724
0.00285839

0.130919
0.587798
-0.798345
-23.3897
299.723

0.282518
-0.0147455
-0.959149
-2.99148
1.60803

-0.282518
0.0147455
0.959149
0.923753
0.000628921

0.730377
-0.209207
0.650217
0.682699
0.0100399

-0.489666
0.600025
-0.632612
-0.900192
0.31009

0.489666
-0.600025
0.632612
0.612446
0.0129746

0.0425401
-0.700419
0.712463
0.647678
0.00370842

0.744277
0.262336
0.614191
-0.510492
0.235755

-0.744277
-0.262336
-0.614191
0.120278
0.0800526

0.440393
0.13394
-0.887758
-9.16561
23.4352

-0.440393
-0.13394
0.887758
0.92592
0.0012534

-0.827777
0.402072
-0.39131
0.992478
5.3497e-06

0.827777
-0.402072
0.39131
-3.11483
1.39017

-0.480111
-0.0719256
-0.874254
0.661255
0.0075662

0.141617
-0.909248
0.391424
0.841919
0.00327573

-0.141617
0.909248
-0.391424
-3.65854
2.83234

-0.0629425
0.930655
-0.360445
-0.152207
0.139336

0.0629425
-0.930655
0.360445
-0.225342
0.157584

0.711435
0.0961974
0.696137
0.710373
0.00409204

0.642379
0.23795
0.728511
0.515033
0.0154852

-0.171256
-0.441874
0.880579
-0.535898
0.194625

0.171256
0.441874
-0.880579
0.498483
0.0207914

0.357909
0.180843
0.916077
0.916617
0.000749731

0.29485
0.417723
-0.859402
-2.07673
0.7415

-0.29485
-0.417723
0.859402
0.938809
0.000320423

0.9225
-0.314941
-0.223171
0.0698373
0.0341869

-0.9225
0.314941
0.223171
0.845668
0.00100482

-0.650521
-0.122412
-0.749558
0.0530746
0.145844

0.650521
0.122412
0.749558
-2.11082
1.5734

0.222217
0.96447
-0.14289
-3.43756
4.76116

-0.222217
-0.96447
0.14289
-0.504308
0.54734

-0.6193
-0.428882
-0.657668
0.796157
0.00215261

0.6193
0.428882
0.657668
-0.218026
0.0764563

-0.0836665
0.846206
-0.526247
0.50835
0.0157614

0.0836665
-0.846206
0.526247
-0.0401868
0.0703544

-0.495082
-0.0319092
-0.86826
-2.20679
1.09081

0.495082
0.0319092
0.86826
0.770354
0.00569251

-0.22255
-0.793731
-0.566094
-3.29779
3.21518

0.22255
0.793731
0.566094
0.371688
0.0687238

-0.816965
-0.576688
0
-7.88802
19.6335

0.816965
0.576688
0
0.482149
0.10599

-0.360429
0.839293
0.407037
0.479381
0.0143961

0.360429
-0.839293
-0.407037
0.311483
0.0251731

0.78256
0.622575
0
0.590427
0.053679

-0.78256
-0.622575
0
-8.10256
21.569

0.11279
-0.609622
-0.784627
0.57555
0.016738

-0.962072
0.151303
0.226989
0.9522
0.000118699

0.962072
-0.151303
-0.226989
-0.965103
0.199993

-0.358964
-0.341488
-0.868637
0.0145588
0.11863

0.358964
0.341488
0.868637
-0.863089
0.423842

-0.36057
0.592985
0.71997
0.618821
0.00246956

0.945261
-0.261175
0.195624
0.221841
0.023024

-0.945261
0.261175
-0.195624
0.802479
0.0014869

0.573755
0.247558
0.780718
0.80057
0.00660297

-0.83499
0.152744
0.528641
0.469549
0.0220545

0.83499
-0.152744
-0.528641
-0.357955
0.144446

0.0283389
0.0204253
0.99939
0.871112
0.00227638

-0.594013
0.486539
-0.640647
0.952894
8.36701e-05

0.594013
-0.486539
0.640647
-0.326249
0.0659624

-0.482285
0.583032
0.653816
0.612168
0.0403584

0.482285
-0.583032
-0.653816
-8.14965
22.4563

0.175516
0.941847
0.286562
-0.0541956
0.163665

-0.175516
-0.941847
-0.286562
-1.45591
0.88809

-0.382568
0.319276
-0.867009
0.583183
0.00970434

0.382568
-0.319276
0.867009
0.0985782
0.0453334

-0.381403
-0.89736
-0.221984
0.884651
0.000603516

0.0205896
-0.408647
0.91246
0.967819
0.000160155

-0.254858
-0.658382
-0.708223
-7.29925
15.3018

0.254858
0.658382
0.708223
0.77878
0.0109383

0.329055
0.769709
0.547057
0.506591
0.00843276

0.947678
-0.144474
-0.284663
-1.14159
0.940014

-0.947678
0.144474
0.284663
-1.50907
1.29027

-0.643464
-0.154213
0.749782
0.412318
0.005313

0.0452186
0.570162
-0.820287
-2.86168
2.1457

-0.0452186
-0.570162
0.820287
0.570922
0.0266475

-0.10459
0.708572
-0.697844
-4.21022
4.39933

0.10459
-0.708572
0.697844
0.711545
0.0134934

0.258036
-0.398114
0.880297
0.856595
0.00498583

-0.506973
0.238114
-0.82842
-0.517089
0.158541

0.506973
-0.238114
0.82842
0.686551
0.00679402

-0.158018
-0.0966603
-0.982694
0.987966
1.53403e-05

0.231309
0.0305454
-0.972401
-1.7559
0.979253

-0.231309
-0.0305454
0.972401
0.378204
0.050129

0.165433
-0.859692
0.483282
0.759717
0.00378549

-0.165433
0.859692
-0.483282
-0.588806
0.164232

0.17237
0.952626
-0.250584
-0.241801
0.141236

-0.17237
-0.952626
0.250584
0.146032
0.0668022

0.0124302
0.144191
0.989472
0.871562
0.00857887

-0.964915
-0.0892443
0.246932
0.718063
0.0056096

0.964915
0.0892443
-0.246932
-0.656934
0.193446

-0.968965
0.0559606
0.240783
0.182365
0.021672

-0.503303
-0.387985
0.77211
-0.00117183
0.314332

0.503303
0.387985
-0.77211
-7.1729
20.9462

-0.240475
0.447136
-0.861534
-0.867356
0.507724

0.240475
-0.447136
0.861534
-0.446078
0.304626

0.0852148
0.897647
0.432398
0.84591
0.001288

-0.0852148
-0.897647
-0.432398
-0.457018
0.113748

-0.469837
0.738814
0.483122
0.107447
0.0771982

0.469837
-0.738814
-0.483122
-0.325755
0.170228

-0.03229
0.378054
-0.92522
0.283318
0.0292704

-0.883777
0.467909
0
0.899913
2.51675

-0.181827
0.237106
0.954316
0.965285
0.000361144

0.438423
0.0558958
0.897029
0.462209
0.0250602

-0.438423
-0.0558958
-0.897029
-0.571959
0.212621

-0.174779
0.873782
0.453824
0.602434
0.0224783

0.174779
-0.873782
-0.453824
-2.90321
2.16231

0.124021
0.403206
-0.906666
-0.863418
0.389348

-0.124021
-0.403206
0.906666
0.193468
0.0731695

-0.547032
-0.354412
0.758385
-0.0531874
0.12728

0.547032
0.354412
-0.758385
-0.573286
0.283756

-0.0642255
0.768729
-0.636342
0.677844
0.00251419

0.0642255
-0.768729
0.636342
0.770433
0.0012785

0.553607
0.446583
0.70291
0.827684
0.00108254

0.524693
0.751051
0.400774
-0.724337
0.124406

-0.524693
-0.751051
-0.400774
0.975269
2.79895e-05

0.434439
0.152248
0.88774
0.567281
0.0147117

-0.434439
-0.152248
-0.88774
-0.527431
0.18144

0.976012
0.217719
0
0.200739
0.041186

-0.976012
-0.217719
0
0.36015
0.0265934

0.0135225
0.288639
-0.957343
-1.02518
0.218739

-0.0135225
-0.288639
0.957343
0.95093
0.000155301

0.896913
0.442208
0
-2.33632
1.08654

-0.896913
-0.442208
0
0.840876
0.00453449

-0.120882
-0.822923
-0.555144
0.435997
0.0199895

0.120882
0.822923
0.555144
0.125927
0.0479195

-0.238664
-0.246133
-0.939392
-0.656934
0.193589

0.238664
0.246133
0.939392
0.718063
0.00573146

-0.745935
-0.451365
-0.489746
0.132414
0.056424

0.745935
0.451365
0.489746
0.16973
0.051675

-0.0568748
0.973768
0.22032
0.0525843
0.0245735

0.422408
-0.317422
0.849008
0.310412
0.0392664

-0.422408
0.317422
-0.849008
-0.225932
0.124074

-0.695261
0.408575
0.591336
0.65231
0.00961967

0.559561
0.653274
0.510024
-0.546487
0.111223

-0.559561
-0.653274
-0.510024
0.926448
0.000262754

-0.10094
0.877047
0.469681
0.493745
0.0202702

0.10094
-0.877047
-0.469681
-0.422862
0.160033

0.411604
-0.0911329
0.906795
0.922165
0.000347686

0.939152
-0.231675
-0.253613
0.765665
0.0022613

-0.939152
0.231675
0.253613
0.20554
0.0259165

-0.404592
0.11328
0.907454
0.886837
0.00160752

-0.832048
-0.554704
0
0.936659
0.00314972

0.848976
0.363958
0.383113
-0.241254
0.133062

-0.848976
-0.363958
-0.383113
0.249114
0.0487212

0.787244
0.616641
0
0.364705
0.0411045

-0.787244
-0.616641
0
-0.714647
0.285751

0.871388
-0.462227
0.164407
-2.30775
1.1116

-0.871388
0.462227
-0.164407
0.826667
0.00305515

0.859842
0.409862
-0.304442
-0.834743
0.353472

-0.859842
-0.409862
0.304442
0.296894
0.0519341

0.804337
-0.142258
-0.576892
0.793178
0.00182363

-0.804337
0.142258
0.576892
0.0998566
0.0343898

0.00315523
-0.239644
-0.970856
-0.403608
0.191964

-0.00315523
0.239644
0.970856
0.156954
0.0694462

-0.552615
0.656108
-0.513945
0.931281
0.000154851

0.159215
0.932009
-0.325593
-0.863089
0.423836

-0.159215
-0.932009
0.325593
0.0145588
0.118605

-0.241346
-0.658332
0.712987
0.681256
0.0157153

0.782698
0.622402
0
-4.21022
4.24121

-0.782698
-0.622402
0
0.711545
0.0181607

0.0271365
0.999632
0
-0.308336
0.191432

-0.0271365
-0.999632
0
-0.22528
0.167899

0.313506
-0.190119
0.93036
0.257989
0.0300307

0.497176
0.423944
-0.757026
0.572731
0.0201762

-0.497176
-0.423944
0.757026
-1.6198
0.753809

0.60436
0.452953
-0.655426
-0.633451
0.253227

-0.60436
-0.452953
0.655426
0.35079
0.0401038

-0.0526165
0.89608
-0.440762
-0.0541956
0.163699

0.0526165
-0.89608
0.440762
-1.45591
0.888051

0.0829484
0.437185
0.895538
0.657544
0.0146605

-0.0829484
-0.437185
-0.895538
-2.45535
1.48867

0.130818
0.819562
0.557858
0.301051
0.128615

-0.130818
-0.819562
-0.557858
-6.38264
14.3356

-0.548618
0.0419598
-0.83502
0.735309
0.00445748

0.290365
-0.713906
-0.637202
0.283292
0.0245562

-0.290365
0.713906
0.637202
0.609549
0.00733223

0.51664
0.0567063
-0.854323
0.989183
1.51146e-05

-0.619098
0.303483
0.724303
0.936995
0.000288688

0.619098
-0.303483
-0.724303
-1.56827
0.446882

0.585085
0.327222
0.742025
0.896059
0.00110757

-0.784487
0.228892
-0.576358
0.160235
0.0271041

-0.676077
0.190466
0.711789
0.732883
0.00226934

-0.422806
-0.464368
-0.778202
0.802975
0.00960714

0.662497
0.154525
0.732953
-2.25592
1.42724

-0.662497
-0.154525
-0.732953
0.491095
0.0350088

0.801216
-0.0283921
-0.597702
0.401893
0.00951391

-0.894013
-0.156007
0.420003
0.513066
0.0142175

0.894013
0.156007
-0.420003
0.0896105
0.0496943

-0.0501237
-0.0501233
0.997485
0.0264668
0.599634

0.0501237
0.0501233
-0.997485
-20.2015
284.123

-0.318167
-0.216442
-0.922997
-1.34087
0.354753

0.318167
0.216442
0.922997
0.925546
0.000396498

-0.225125
-0.382712
0.896019
0.693517
0.0280922

-0.00993853
-0.503108
-0.864167
-1.09475
0.282338

0.00993853
0.503108
0.864167
0.890142
0.00082416

0.669013
-0.0926422
0.737454
0.857633
0.00434081

-0.669013
0.0926422
-0.737454
-7.55088
15.4912

0.64509
0.571916
0.506726
0.931605
0.000373804

-0.64509
-0.571916
-0.506726
-2.05362
0.739877

0.685399
-0.44807
0.573988
-0.32809
0.223109

-0.685399
0.44807
-0.573988
-0.540278
0.300046

-0.77099
0.204225
0.603214
0.662772
0.00739193

0.77099
-0.204225
-0.603214
-0.314543
0.111472

-0.170455
-0.27352
0.946642
0.909066
0.00421884

0.170455
0.27352
-0.946642
-23.2594
299.376

-0.679346
-0.536927
-0.500199
-0.630305
0.16731

0.679346
0.536927
0.500199
0.796232
0.00264103

-0.921074
0.160454
0.354792
0.551355
0.0184067

0.921074
-0.160454
-0.354792
-0.92999
0.340136

0.226307
-0.492729
0.84024
0.856608
0.000907032

-0.226307
0.492729
-0.84024
-0.140309
0.0573409

0.630402
0.709727
-0.314454
0.338985
0.0309626

-0.630402
-0.709727
0.314454
0.04091
0.0651566

-0.298225
0.232588
0.925724
0.811922
0.000720238

0.573145
0.817851
-0.0512318
0.00658095
0.0435179

0.0543774
-0.744262
-0.665671
-5.1787
7.54997

-0.0543774
0.744262
0.665671
0.613831
0.0295167

-0.788111
0.481584
-0.383351
-0.0972235
0.105502

0.788111
-0.481584
0.383351
0.106425
0.0699771

-0.391638
0.0456065
-0.918988
0.886615
0.00352728

0.391638
-0.0456065
0.918988
-10.7195
37.0632

0.118407
0.948028
0.295334
0.0619364
0.177787

-0.118407
-0.948028
-0.295334
-3.40368
3.91781

-0.700775
-0.453082
0.551027
-0.12838
0.0654846

0.700775
0.453082
-0.551027
0.76505
0.00287369

-0.279831
-0.813073
0.510496
0.922394
0.000558824

0.279831
0.813073
-0.510496
-2.56222
1.16909

-0.8949
-0.415891
-0.161828
-0.366656
0.121678

0.8949
0.415891
0.161828
0.675632
0.00685839

-0.30008
0.342632
-0.890256
0.963998
2.66483e-05

0.269553
0.560641
0.782957
0.133596
0.0259165

0.749221
0.267516
-0.60589
-0.445071
0.0953743

-0.749221
-0.267516
0.60589
0.914713
0.000350256

-0.494017
-0.44897
0.744562
0.749705
0.00498575

0.494017
0.44897
-0.744562
-1.04322
0.327273

-0.32851
-0.132982
0.935092
0.948919
0.0019157

0.32851
0.132982
-0.935092
-36.2376
1014.44

-0.9922
-0.124655
0
0.439433
0.0729045

-0.86711
-0.498117
0
0.162643
0.118689

0.86711
0.498117
0
-1.96695
1.28824

0.629942
0.776642
0
0.799289
0.0030684

-0.629942
-0.776642
0
-0.22122
0.0792087

0.793548
-0.250746
-0.554444
0.61263
0.0168566

-0.396782
0.542179
0.74068
-7.88802
22.0925

0.396782
-0.542179
-0.74068
0.482149
0.0751609

-0.205039
0.524302
0.826478
0.828022
0.0048356

0.205039
-0.524302
-0.826478
-5.00502
5.87438

-0.477285
0.822667
0.308897
0.688344
0.0171632

-0.627716
-0.722946
-0.288656
-1.60673
0.549486

0.627716
0.722946
0.288656
0.856628
0.00177437

-0.567683
0.240238
-0.787415
-21.234
290.916

0.567683
-0.240238
0.787415
0.445689
0.180819

-0.417064
0.440673
-0.794899
-5.60404
7.81376

0.417064
-0.440673
0.794899
0.810283
0.00651975

-0.727912
-0.685671
0
-1.01129
0.454085

0.727912
0.685671
0
0.275932
0.0588721

0.477233
0.0441033
-0.877669
0.6701
0.00567091

0.829781
-0.173277
-0.530508
-17.343
126.49

-0.829781
0.173277
0.530508
0.949188
0.000979339

-0.383221
-0.913999
-0.133217
0.546059
0.00933767

0.383221
0.913999
0.133217
0.423683
0.0150492

-0.142463
0.892491
-0.427977
0.997154
1.46572e-06

0.0642043
-0.665279
-0.743829
0.133494
0.0475385

-0.0642043
0.665279
0.743829
0.418743
0.021433

-0.253295
0.94056
-0.226247
-0.574961
0.331834

0.253295
-0.94056
0.226247
-0.456145
0.283658

-0.090808
0.633603
-0.76831
-0.574961
0.331837

0.090808
-0.633603
0.76831
-0.456145
0.283662

-0.91818
0.227945
-0.324016
-0.0607146
0.0456976

0.91818
-0.227945
0.324016
0.871257
0.000680477

-0.581113
0.219839
0.783568
-0.237078
0.149676

0.581113
-0.219839
-0.783568
0.0159392
0.0947869

0.598564
-0.423667
-0.679873
-0.878662
0.263292

-0.598564
0.423667
0.679873
0.742296
0.00497002

0.281106
0.846077
0.452916
0.828176
0.00203939

-0.281106
-0.846077
-0.452916
-0.568295
0.143928

-0.343061
0.181777
0.921556
0.942654
0.000103436

-0.267259
0.950427
-0.158941
0.959208
0.000104799

0.267259
-0.950427
0.158941
-1.53871
0.403504

-0.0566957
-0.678783
0.732147
-0.930837
0.635678

0.0566957
0.678783
-0.732147
-0.930837
0.635678

0.255016
-0.658989
0.707602
0.656723
0.00869138

-0.157727
0.967732
-0.196514
0.885921
0.000496605

0.157727
-0.967732
0.196514
-0.0147417
0.0391032

-0.467235
0.0893924
0.879602
-0.05983
0.114742

-0.736856
0.0666035
-0.67276
0.928032
0.000189125

-0.501374
-0.322722
0.802792
0.832828
0.00459867

-0.12388
0.262832
0.956856
0.961871
0.000114448

0.187676
0.122551
-0.974556
-0.131628
0.0976487

-0.187676
-0.122551
0.974556
0.363456
0.0309374

-0.582873
-0.597012
-0.551213
0.372778
0.0208888

0.582873
0.597012
0.551213
0.428503
0.0173515

-0.122661
0.245623
-0.961573
-0.410356
0.296952

0.122661
-0.245623
0.961573
-0.9988
0.595969

-0.045824
-0.0667799
-0.996715
-1.62936
0.612553

-0.300887
-0.908382
0.290361
0.356073
0.0167305

0.300887
0.908382
-0.290361
0.69403
0.00378569

0.873699
0.486466
0
-0.144989
0.0731687

-0.873699
-0.486466
0
0.783155
0.00514692

-0.25194
-0.540883
-0.802479
-1.44809
0.790888

0.25194
0.540883
0.802479
0.183767
0.0914

0.60862
0.565925
0.556157
0.688691
0.00570143

-0.161052
-0.387668
0.907621
0.89815
0.0013863

-0.220432
-0.113143
-0.968818
0.640963
0.0176302

-0.882755
-0.377798
-0.279306
-4.1252
5.31834

0.882755
0.377798
0.279306
0.308335
0.0969112

0.999502
0.010567
-0.0297218
0.394272
0.0127046

-0.723659
0.333875
-0.604024
-1.26491
0.605789

-0.634926
-0.374927
0.675499
0.632221
0.0361062

0.634926
0.374927
-0.675499
-8.19451
22.5049

0.835603
0.549334
0
0.63667
0.0249587

0.788711
0.12943
-0.600985
0.538931
0.00519682

0.660247
0.179499
-0.729283
-17.0423
126.066

-0.660247
-0.179499
0.729283
0.911149
0.00306451

0.500889
-0.725317
0.472256
-0.802578
0.191236

-0.500889
0.725317
-0.472256
0.877971
0.00090392

0.172351
0.0185587
0.984861
0.98374
3.95245e-05

-0.565588
0.420996
0.709135
0.737388
0.00188486

0.565588
-0.420996
-0.709135
0.663989
0.00305678

0.374493
-0.766623
0.521579
0.258869
0.0739467

-0.374493
0.766623
-0.521579
-1.66069
0.951907

-0.25975
0.688962
0.676655
0.771701
0.00248062

0.25975
-0.688962
-0.676655
0.0165874
0.0451161

0.509881
0.486595
0.709399
-1.20525
0.538123

-0.509881
-0.486595
-0.709399
0.39743
0.0403121

-0.48286
-0.578278
-0.657602
-0.706667
0.244437

0.48286
0.578278
0.657602
0.558748
0.0163613

0.437417
0.037101
-0.898493
0.845423
0.000486226

-0.437417
-0.037101
0.898493
0.691049
0.00191217

0.818108
0.467318
-0.335131
0.585618
0.0101454

-0.818108
-0.467318
0.335131
0.000343084
0.0590371

-0.0169959
0.999856
0
-0.748974
0.156332

0.0169959
-0.999856
0
0.950233
0.00262411

0.534917
0.125947
0.835465
0.777103
0.00688132

-0.534917
-0.125947
-0.835465
-3.51366
2.78461

-0.0361313
-0.719863
-0.693176
0.678193
0.0242118

0.0361313
0.719863
0.693176
-7.04519
15.0755

0.812022
-0.506863
0.289327
0.115952
0.0199035

-0.812022
0.506863
-0.289327
0.965773
3.15218e-05

0.287348
0.249748
0.924693
0.835393
0.00899927

-0.287348
-0.249748
-0.924693
-12.9324
63.8599

-0.181876
-0.898678
0.399124
-1.6198
0.754015

0.181876
0.898678
-0.399124
0.572731
0.0200911

0.613531
-0.24761
-0.749846
0.235367
0.0219559

-0.613531
0.24761
0.749846
0.803005
0.00145835

-0.00261522
-0.906681
-0.42181
-0.369964
0.0827999

-0.631191
-0.286664
0.720709
0.691846
0.00743256

0.631191
0.286664
-0.720709
-0.82462
0.257727

-0.473922
-0.167172
-0.864553
-9.22042
23.472

0.473922
0.167172
0.864553
0.935331
0.000943015

-0.751498
-0.659736
0
-2.02327
0.810248

0.751498
0.659736
0
0.858299
0.00332061

0.38361
0.377023
0.843029
0.853203
0.00464145

-0.38361
-0.377023
-0.843029
-7.53489
15.4774

-0.271685
-0.713713
-0.645602
0.891552
0.000975397

0.271685
0.713713
0.645602
-1.80633
0.635333

-0.990879
0.0134751
-0.13408
-2.70119
1.34608

0.990879
-0.0134751
0.13408
0.906086
0.000867668

0.0473073
0.0250903
-0.998565
-22.473
296.721

-0.0473073
-0.0250903
0.998565
0.780171
0.0261574

0.309944
0.330208
0.89157
0.903725
0.000184738

-0.339773
-0.377651
-0.861356
0.984901
1.82521e-05

-0.478829
-0.566866
-0.670362
0.795069
0.00242097

0.478829
0.566866
0.670362
-0.356505
0.102363

0.955804
-0.0952125
-0.27816
-0.277255
0.109081

-0.955804
0.0952125
0.27816
0.612963
0.0102234

0.21967
-0.0453988
0.974517
0.822677
0.00335807

-0.276951
-0.228626
-0.933289
0.612794
0.00371303

-0.208077
0.10214
-0.972765
0.987617
1.50726e-05

-0.022871
0.960654
0.276804
0.274469
0.0490768

0.022871
-0.960654
-0.276804
-0.461624
0.199106

-0.842031
-0.455219
-0.289414
0.8296
0.00172845

0.842031
0.455219
0.289414
-0.619983
0.156044

-0.778821
-0.263715
0.569116
0.7003
0.00756418

0.313477
-0.437436
-0.842841
-2.91009
1.59621

-0.313477
0.437436
0.842841
0.897504
0.00109953

0.421834
-0.578703
-0.697968
-6.89891
14.9299

-0.421834
0.578703
0.697968
0.609931
0.0365193

-0.177126
-0.0935521
0.979732
-0.0696378
0.050082

0.177126
0.0935521
-0.979732
0.838499
0.00114415

0.847306
0.531105
0
0.356386
0.0368172

-0.847306
-0.531105
0
0.356386
0.0368172

0.17603
-0.87447
0.452012
0.426987
0.0528911

0.294494
0.823996
-0.48405
0.950002
4.51645e-05

-0.294494
-0.823996
0.48405
0.503096
0.00444811

0.159461
0.299179
0.940778
0.959391
0.000279153

-0.159461
-0.299179
-0.940778
-6.18327
8.04979

-0.332242
-0.00473953
0.943182
0.933428
0.000327479

0.332242
0.00473953
-0.943182
-1.45615
0.397731

0.670813
-0.491836
0.555073
0.359765
0.0378776

-0.670813
0.491836
-0.555073
-0.571426
0.227756

0.0378566
-0.254429
-0.96635
0.678305
0.00564199

-0.0378566
0.254429
0.96635
-0.0326668
0.0580862

-0.978219
0.207575
0
0.203141
0.0518184

0.978219
-0.207575
0
-0.0609013
0.0918117

0.126236
0.338416
0.932491
0.967739
0.000226637

-0.383245
-0.923647
0
0.97149
0.000133791

-0.212316
-0.344621
-0.914417
-0.0940089
0.0771914

0.212316
0.344621
0.914417
0.549383
0.0131046

0.769328
-0.271268
0.578401
0.618074
0.0177299

-0.769328
0.271268
-0.578401
-2.18742
1.23435

0.17975
-0.740438
-0.647643
0.302641
0.0542675

-0.17975
0.740438
0.647643
-1.02865
0.457482

-0.929627
0.137712
0.341803
0.247723
0.0509957

0.929627
-0.137712
-0.341803
-0.337382
0.161097

0.655938
0.6254
-0.422635
0.458362
0.0280652

-0.655938
-0.6254
0.422635
-0.857481
0.329571

-0.82688
0.434719
0.356777
0.382493
0.0116103

0.82688
-0.434719
-0.356777
0.841327
0.000782867

0.523667
-0.203897
-0.827164
0.818487
0.000980413

-0.523667
0.203897
0.827164
0.5101
0.006793

0.273062
-0.784461
0.556829
0.249115
0.0429692

-0.273062
0.784461
-0.556829
0.0192562
0.0732459

0.42548
0.0628132
0.902785
-0.133897
0.109156

-0.42548
-0.0628132
-0.902785
0.19819
0.0546986

0.14239
0.664453
-0.73364
-3.11244
2.62955

-0.14239
-0.664453
0.73364
0.520499
0.0357837
