
0.56278
0.439672
-0.699976
-5.04438
7.44755

-0.56278
-0.439672
0.699976
0.533612
0.04447

0.429647
0.902997
0
0.334436
0.0329322

-0.18971
0.0492754
-0.980603
-2.61851
1.15752

0.18971
-0.0492754
0.980603
0.94492
0.000300141

-0.936738
-0.178432
-0.301138
0.970601
8.21282e-05

0.990467
0.137747
0
-0.79336
0.652462

-0.990467
-0.137747
0
-1.87733
1.67892

0.632919
0.574166
0.519372
0.108841
0.276459

-0.212342
0.977196
0
0.884984
0.000209525

-0.47505
0.0879926
0.875548
0.920048
0.00132457

0.47505
-0.0879926
-0.875548
-7.81472
15.648

0.12998
0.408573
0.903423
0.919904
0.000767637

0.463796
-0.446153
-0.765402
-5.15346
5.93781

-0.463796
0.446153
0.765402
0.877619
0.00235036

0.0801652
0.960234
0.26744
0.451223
0.00765096

-0.0801652
-0.960234
-0.26744
0.880819
0.000364946

-0.847782
-0.367628
0.38225
-0.491704
0.10893

0.847782
0.367628
-0.38225
0.896962
0.000528316

0.0905871
-0.620979
0.778575
0.304725
0.0915741

-0.0905871
0.620979
-0.778575
-3.64002
4.07739

0.767001
0.0482272
0.639831
-16.1018
123.972

-0.767001
-0.0482272
-0.639831
0.715268
0.034435

-0.181632
-0.983367
0
0.777103
0.00465618

0.181632
0.983367
0
-1.73049
0.697012

0.134348
0.307668
0.941961
0.49272
0.0363711

-0.134348
-0.307668
-0.941961
-2.49551
1.72572

0.794525
0.607232
0
-14.9505
115.692

-0.794525
-0.607232
0
0.293052
0.25412

-0.214905
-0.525393
0.823273
-0.118841
0.127656

0.214905
0.525393
-0.823273
-0.187674
0.143816

0.308957
0.951076
0
0.504911
0.023577

-0.308957
-0.951076
0
-0.980355
0.377214

-0.697977
0.31051
-0.6453
-2.96071
3.01746

0.697977
-0.31051
0.6453
0.00982165
0.188639

-0.976242
0.0597511
0.208283
0.900116
0.000498512

0.976242
-0.0597511
-0.208283
-0.538796
0.117727

-0.168188
0.865476
-0.471874
-0.155161
0.0553216

0.168188
-0.865476
0.471874
0.888289
0.000531129

0.234222
-0.955423
0.179739
-6.42129
9.4954

-0.234222
0.955423
-0.179739
0.92325
0.00101708

-0.314804
0.330735
-0.88967
-4.28094
3.61613

0.314804
-0.330735
0.88967
0.917485
0.000892688

0.688493
-0.678066
-0.257301
0.827137
0.000947738

-0.688493
0.678066
0.257301
0.37515
0.0123171

-0.283962
-0.890866
-0.354574
0.691924
0.00336294

0.283962
0.890866
0.354574
0.495983
0.00897638

-0.675463
0.607871
-0.417423
-0.639015
0.273384

0.675463
-0.607871
0.417423
0.235577
0.0595102

0.05286
0.669869
-0.740595
-1.25663
0.292644

-0.05286
-0.669869
0.740595
0.955235
0.0001299

-0.726904
0.346701
-0.592798
0.132481
0.0679826

0.726904
-0.346701
0.592798
-0.190442
0.127918

0.0395851
0.523073
0.851368
0.310831
0.0279542

-0.0395851
-0.523073
-0.851368
0.356761
0.0243545

0.384063
-0.515697
-0.765867
-0.925439
0.267909

-0.384063
0.515697
0.765867
0.781229
0.00352833

0.808733
0.588175
0
-3.30992
2.60809

-0.808733
-0.588175
0
0.662102
0.0225637

0.596479
-0.349626
-0.722478
-1.70015
0.770629

-0.596479
0.349626
0.722478
0.646025
0.0133422

0.474847
-0.772121
0.422314
0.731827
0.00647461

-0.474847
0.772121
-0.422314
-1.41355
0.524205

0.28252
0.852153
0.440474
0.801217
0.00282604

-0.28252
-0.852153
-0.440474
-0.951609
0.270355

-0.185166
0.110424
0.976484
0.929013
0.00193136

0.772232
0.340102
-0.536646
-0.603664
0.21614

-0.772232
-0.340102
0.536646
0.50857
0.020312

0.725901
0.439
0.529477
0.625488
0.0091493

-0.725901
-0.439
-0.529477
-0.24736
0.100995

-0.708209
-0.155714
0.688617
0.610402
0.0142787

0.708209
0.155714
-0.688617
-1.1699
0.44221

0.961837
0.17022
0.214232
0.222488
0.0230209

-0.961837
-0.17022
-0.214232
0.801661
0.00150539

-0.0198996
0.670674
-0.741485
-0.372083
0.187671

-0.996272
-0.0862707
0
-0.84361
0.458299

0.996272
0.0862707
0
-0.243957
0.209299

-0.254169
0.791446
0.555888
0.32312
0.0355674

0.254169
-0.791446
-0.555888
-0.112557
0.096055

0.609337
0.568734
-0.552495
-0.0507979
0.0782189

0.520121
-0.186293
0.833528
0.850293
0.00396944

-0.186284
0.693067
-0.696388
-0.602684
0.398833

0.186284
-0.693067
0.696388
-0.922479
0.573849

0.0563744
0.458655
-0.886825
0.873187
0.00107208

-0.0563744
-0.458655
0.886825
-1.06298
0.279925

0.974915
0.222577
0
0.538431
0.00934961

0.953453
-0.282007
0.106772
0.304459
0.0537465

-0.953453
0.282007
-0.106772
-1.02985
0.457729

0.867551
0.0779772
0.491197
-1.45993
0.585799

-0.867551
-0.0779772
-0.491197
0.672134
0.0104483

0.465932
-0.022224
0.884541
-0.232979
0.193083

-0.465932
0.022224
-0.884541
-0.659094
0.349328

-0.015436
0.575314
0.817787
-0.856594
0.944944

0.015436
-0.575314
-0.817787
-3.75284
6.18963

0.65641
0.198699
0.727767
0.838698
0.00199123

-0.65641
-0.198699
-0.727767
-1.25713
0.380389

0.438554
0.141229
-0.887538
-7.06287
20.7448

-0.438554
-0.141229
0.887538
-0.094409
0.38225

0.453873
0.765155
-0.456659
-0.626774
0.121329

-0.453873
-0.765155
0.456659
0.943164
0.000148537

0.531175
-0.332801
-0.779164
0.51221
0.0422165

0.0131872
-0.854521
0.519249
0.65066
0.00387492

-0.47458
-0.504011
-0.721628
0.986194
3.98161e-05

-0.66542
-0.746469
0
-0.348528
0.200664

0.66542
0.746469
0
-0.114485
0.138568

0.619773
0.0543139
-0.7829
-0.989889
0.253221

-0.619773
-0.0543139
0.7829
0.873601
0.00106615

-0.0417744
0.873101
-0.485746
0.806006
0.00252924

0.0417744
-0.873101
0.485746
-0.819448
0.22193

-0.0520909
0.0313481
0.99815
0.924724
0.0028663

0.0520909
-0.0313481
-0.99815
-23.3897
299.694

-0.325428
0.782641
0.530631
0.534433
0.0158078

0.325428
-0.782641
-0.530631
-0.307262
0.124225

-0.151419
0.935205
-0.3201
0.155652
0.0482673

0.151419
-0.935205
0.3201
0.307451
0.03248

-0.827195
-0.256334
0.500042
0.0898361
0.109052

0.827195
0.256334
-0.500042
-1.24754
0.664476

-0.210476
0.890731
0.402863
0.597741
0.0218742

0.210476
-0.890731
-0.402863
-2.62035
1.76896

-0.10538
-0.984684
-0.138895
0.091127
0.0333466

0.10538
0.984684
0.138895
0.823804
0.00125367

-0.55096
-0.451698
0.701721
0.942853
0.00240293

0.55096
0.451698
-0.701721
-36.1595
1014.19

-0.823675
0.567062
0
-0.813819
0.41388

0.823675
-0.567062
0
-0.0871594
0.150071

-0.290446
-0.55799
-0.77736
-2.79734
1.82494

0.290446
0.55799
0.77736
0.720737
0.00987379

0.0689221
0.0200736
0.99742
-1.8085
1.64037

-0.0689221
-0.0200736
-0.99742
-0.950348
0.791435

0.635411
0.718541
0.282755
-0.307262
0.124169

-0.635411
-0.718541
-0.282755
0.534433
0.0157637

-0.30108
-0.315613
-0.899855
-0.0934554
0.0702862

0.30108
0.315613
0.899855
0.645211
0.00751848

0.195035
-0.638189
0.744766
0.950714
0.000202699

-0.572706
-0.734497
0.364036
0.120745
0.088802

0.572706
0.734497
-0.364036
-0.823222
0.381673

-0.774739
0.30453
0.554112
0.575013
0.00435149

0.774739
-0.30453
-0.554112
0.84277
0.000601675

-0.659051
0.432744
0.61513
-0.129148
0.114786

0.659051
-0.432744
-0.61513
0.0853893
0.0753512

0.771294
0.142961
0.620217
0.90465
0.00169026

-0.771294
-0.142961
-0.620217
-6.72338
10.9442

-0.773286
0.528909
-0.349692
0.578698
0.0155584

-0.295478
0.946518
0.129599
-0.177554
0.0536062

0.295478
-0.946518
-0.129599
0.918921
0.000266736

-0.755987
0.00163673
-0.654584
0.613197
0.00726466

-0.880967
-0.334567
-0.334609
-0.0743229
0.07596

0.880967
0.334567
0.334609
0.515034
0.0154971

-0.301262
-0.580642
0.75637
0.907425
0.00198402

0.301262
0.580642
-0.75637
-9.06799
23.3713

0.37989
-0.326223
-0.8656
-9.17525
23.4273

-0.37989
0.326223
0.8656
0.927626
0.0012182

0.761976
0.605195
-0.230502
0.988403
3.90743e-05

0.217523
-0.418687
0.881694
0.875838
0.000606368

-0.404792
-0.914409
0
0.0387589
0.0717477

0.404792
0.914409
0
0.198662
0.0498671

0.684961
0.72858
0
-0.251731
0.113563

-0.684961
-0.72858
0
0.575878
0.0170495

-0.653348
0.716296
0.245066
0.326971
0.0196493

0.653348
-0.716296
-0.245066
0.658077
0.0050777

-0.583831
-0.157589
-0.796434
-0.816817
0.32342

0.583831
0.157589
0.796434
0.400429
0.035262

0.00745807
-0.454931
-0.890495
0.858299
0.00188267

0.570465
0.652203
0.4992
0.803285
0.00169736

-0.570465
-0.652203
-0.4992
0.0320978
0.040948

-0.814762
-0.205278
0.542239
-1.00706
0.23541

0.814762
0.205278
-0.542239
0.917672
0.000410314

-0.346342
0.425319
-0.836152
-6.80919
10.9877

0.346342
-0.425319
0.836152
0.923615
0.00105486

0.31757
-0.784293
0.532948
-0.877209
0.760625

-0.31757
0.784293
-0.532948
-2.10314
2.07814

0.195613
0.942808
0.269904
-0.104506
0.141861

-0.195613
-0.942808
-0.269904
-0.551469
0.279878

-0.267817
0.387796
0.88198
0.742554
0.00572688

0.267817
-0.387796
-0.88198
-1.31701
0.463789

0.536632
-0.156257
-0.829223
-10.8425
37.2007

-0.536632
0.156257
0.829223
0.910454
0.00213633

0.21713
-0.695748
-0.684682
-0.813918
0.238272

-0.21713
0.695748
0.684682
0.746962
0.00469923

0.743962
0.454782
0.489585
0.624776
0.0114227

-0.743962
-0.454782
-0.489585
-0.761476
0.250777

-0.799226
0.0868154
-0.594728
0.733245
0.00308741

0.459296
0.605078
-0.650329
-0.719915
0.185573

-0.459296
-0.605078
0.650329
0.823049
0.00196885

0.0267669
0.600744
0.798993
0.938071
0.000882861

-0.0267669
-0.600744
-0.798993
-9.23718
23.4675

0.00454632
-0.58888
0.808208
0.971066
0.000417581

-0.00454632
0.58888
-0.808208
-23.8959
300.603

0.88145
0.191469
0.431724
0.821218
0.00900091

-0.88145
-0.191469
-0.431724
-10.442
36.7851

0.344925
0.0514869
-0.937217
-2.78265
1.35825

-0.344925
-0.0514869
0.937217
0.931746
0.000444487

-0.283713
-0.430551
0.856816
0.78366
0.00577579

0.283713
0.430551
-0.856816
-2.90768
1.85443

0.445408
0.0895302
0.89084
0.929013
0.00196018

0.587146
0.145286
0.796337
0.915079
0.000224648

-0.587146
-0.145286
-0.796337
0.135206
0.0232834

-0.055052
-0.860984
0.505643
0.204802
0.0592226

0.055052
0.860984
-0.505643
-0.369855
0.175591

0.122194
0.287695
0.949895
0.949693
0.000152924

0.306422
0.666217
0.679897
0.766532
0.00149233

0.88232
0
-0.470649
-0.819809
0.238803

-0.88232
0
0.470649
0.752148
0.00445874

0.802146
0.597128
0
0.144828
0.0509698

-0.802146
-0.597128
0
0.273712
0.0367655

-0.0571306
-0.37238
0.92632
0.968947
0.000484978

0.0955403
-0.666925
-0.738974
-0.643935
0.236947

-0.0955403
0.666925
0.738974
0.473288
0.0244434

-0.787443
0.2876
0.545179
-0.0649352
0.157233

0.787443
-0.2876
-0.545179
-1.16084
0.640789

-0.227771
0.0212948
-0.973482
-6.77701
10.9614

0.227771
-0.0212948
0.973482
0.916774
0.00130313

0.0644352
0.255062
-0.964775
-0.585883
0.144506

-0.0644352
-0.255062
0.964775
0.8414
0.00152665

-0.671609
0.716139
0.189964
0.991714
3.52206e-06

0.671609
-0.716139
-0.189964
-1.43249
0.299575

0.729353
-0.0841548
0.678942
0.339884
0.0651052

-0.729353
0.0841548
-0.678942
-2.34186
1.66818

-0.0545269
-0.887021
-0.458498
-0.205597
0.251636

0.0545269
0.887021
0.458498
-1.94338
1.49935

-0.259738
-0.785744
0.561376
0.783066
0.002705

0.259738
0.785744
-0.561376
-0.383087
0.109596

0.560884
-0.573665
0.596923
0.0192552
0.10528

-0.560884
0.573665
-0.596923
-0.532414
0.256843

-0.717181
0.216372
0.662446
0.727266
0.0012091

0.779928
0.198808
-0.593454
-0.695214
0.183753

-0.779928
-0.198808
0.593454
0.804034
0.00245969

-0.232454
-0.3042
0.923811
-0.573286
0.283813

0.232454
0.3042
-0.923811
-0.0531874
0.127365

0.612938
-0.188504
-0.767316
0.834163
0.00291361

-0.400024
-0.314767
0.860757
0.838643
0.000458666

-0.00814918
0.761008
-0.648691
-1.98823
1.51938

0.00814918
-0.761008
0.648691
-0.131629
0.218077

-0.40341
0.288363
0.868393
0.977024
0.000377738

0.40341
-0.288363
-0.868393
-36.6863
1015.91

-0.756827
0.337255
0.559887
0.722142
0.0066028

0.756827
-0.337255
-0.559887
-1.19039
0.40743

0.164984
-0.708988
-0.68565
0.687844
0.00518385

-0.164984
0.708988
0.68565
0.0109638
0.0514219

0.270261
-0.853103
-0.44629
0.935872
0.000217477

-0.270261
0.853103
0.44629
-0.805146
0.166342

0.228736
0.316883
0.92047
0.311182
0.0428267

-0.228736
-0.316883
-0.92047
-0.423378
0.182084

0.655382
0.632135
0.413376
0.289029
0.040575

-0.655382
-0.632135
-0.413376
-0.134397
0.103226

0.958918
0.202767
-0.198401
0.564856
0.0106937

-0.958918
-0.202767
0.198401
0.108465
0.0448664

-0.829795
-0.545827
-0.116245
0.764035
0.00419699

0.829795
0.545827
0.116245
-0.979749
0.295314

-0.0431326
-0.336765
0.9406
0.498484
0.0567369

0.830426
0.55713
0
-0.0888206
0.0486333

-0.381113
0.541981
-0.749006
-8.76728
23.1327

0.381113
-0.541981
0.749006
0.835873
0.00653417

-0.384122
-0.704168
-0.597158
-0.540278
0.300052

0.384122
0.704168
0.597158
-0.32809
0.223117

0.596625
0.343311
0.72538
0.818599
0.00375396

-0.596625
-0.343311
-0.72538
-2.72152
1.55657

-0.56097
0.182584
0.80745
0.748492
0.010069

0.56097
-0.182584
-0.80745
-4.28341
4.43283

-0.480925
0.18597
-0.856812
0.970799
0.000112128

-0.957462
-0.0246452
0.287504
0.0229769
0.132664

0.957462
0.0246452
-0.287504
-1.34729
0.765567

-0.105264
-0.0258345
-0.994109
-0.488417
0.122573

0.105264
0.0258345
0.994109
0.837411
0.00155026

-0.873377
-0.0487017
-0.484604
0.138979
0.0743646

0.873377
0.0487017
0.484604
-0.455132
0.21225

0.138415
0.512675
0.847352
0.871158
0.000942901

-0.403452
0.180309
0.897059
0.966757
0.000554695

-0.00201143
0.376396
0.926457
0.95712
0.000468736

0.00201143
-0.376396
-0.926457
-11.1505
37.4359

0.549385
0.753423
0.361289
-0.13067
0.253971

-0.549385
-0.753423
-0.361289
-2.85366
2.94951

-0.659058
0.130275
0.740723
0.846759
0.00566834

0.659058
-0.130275
-0.740723
-8.80747
23.1658

0.353362
-0.848141
0.394707
-0.936608
0.402801

-0.353362
0.848141
-0.394707
0.313845
0.0506075

0.100966
-0.529182
0.84248
0.76885
0.00275636

-0.100966
0.529182
-0.84248
-0.13179
0.0656021

0.478651
-0.752052
-0.453112
-3.75715
4.15062

-0.478651
0.752052
0.453112
0.407412
0.064471

0.601956
-0.244475
0.760185
0.664526
0.0133484

0.175915
-0.774004
0.608254
0.605103
0.00876362

-0.175915
0.774004
-0.608254
0.0634654
0.0489995

-0.163499
0.962265
-0.21752
-0.574795
0.360017

0.163499
-0.962265
0.21752
-0.714727
0.426835

-0.684548
-0.420877
0.595195
0.473406
0.041635

0.684548
0.420877
-0.595195
-2.74466
2.10042

-0.165753
0.945348
0.280789
0.579174
0.022975

0.165753
-0.945348
-0.280789
-2.35494
1.45909

0.814938
0.579548
0
0.424133
0.0613424

-0.814938
-0.579548
0
-2.18817
1.33391

0.741366
-0.169662
0.649301
0.582022
0.00880392

-0.724933
-0.196037
-0.660335
-0.337382
0.161184

0.724933
0.196037
0.660335
0.247723
0.0510875

-0.489479
-0.327885
0.808023
0.623395
0.00280234

0.7589
-0.56955
0.315728
-0.0398827
0.0611482

-0.7589
0.56955
-0.315728
0.649885
0.00694582

-0.323991
0.099561
-0.940807
-1.65432
0.555508

0.323991
-0.099561
0.940807
0.880265
0.00114588

0.558228
0.224326
0.798786
0.896904
0.00247633

-0.087182
-0.763462
-0.639941
0.261336
0.0478578

0.087182
0.763462
0.639941
-0.293941
0.146839

-0.999614
-0.0277673
0
-0.968042
0.445474

-0.372605
-0.605616
0.703132
0.608672
0.00573959

0.372605
0.605616
-0.703132
0.545659
0.00772961

0.219946
-0.812917
0.539249
0.596612
0.00543312

-0.278607
-0.586014
-0.760898
-3.444
2.76272

0.278607
0.586014
0.760898
0.741075
0.00938399

-0.0893697
0.697082
-0.711399
-1.41775
0.47686

0.0893697
-0.697082
0.711399
0.813445
0.00284504

0.340833
0.712132
-0.61376
-0.389114
0.140282

-0.340833
-0.712132
0.61376
0.588269
0.013408

0.599486
-0.460527
0.654623
0.623302
0.0102168

-0.599486
0.460527
-0.654623
-0.464044
0.154048

0.438968
-0.416679
-0.796044
0.323027
0.0522386

-0.438968
0.416679
0.796044
-1.15122
0.527039

0.605329
0.695931
-0.386338
-0.142745
0.0934648

-0.605329
-0.695931
0.386338
0.456483
0.0211695

-0.249403
0.9684
0
0.845923
0.000931368

0.249403
-0.9684
0
0.087693
0.0322534

-0.998392
0.0566947
0
0.805119
0.00206059

0.543708
-0.341366
-0.766714
0.0281248
0.0300553

-0.0581624
-0.318452
-0.946153
-3.58925
2.35374

0.0581624
0.318452
0.946153
0.931748
0.000557467

0.148621
0.84335
-0.516403
-2.08591
1.36974

-0.148621
-0.84335
0.516403
0.311857
0.0682001

-0.476632
-0.840505
-0.25763
-0.330339
0.119023

0.476632
0.840505
0.25763
0.629434
0.00924592

-0.803783
-0.277622
0.526174
0.524551
0.0505623

0.803783
0.277622
-0.526174
-5.78539
10.2831

-0.345224
0.602307
0.719754
0.805828
0.00309738

0.304278
0.657809
-0.688986
-3.09092
2.22696

-0.304278
-0.657809
0.688986
0.72638
0.0100367

-0.235259
-0.533115
0.812675
0.886828
0.00243097

-0.113231
0.650781
-0.750775
-1.23497
0.41318

0.113231
-0.650781
0.750775
0.757917
0.00486618

0.717333
-0.173295
-0.674835
-0.647
0.255086

-0.717333
0.173295
0.674835
0.372962
0.0370815

0.196019
0.1957
0.960874
0.954929
0.00032569

-0.196019
-0.1957
-0.960874
-6.15548
8.04932

0.877782
0.384815
0.285334
0.818595
0.00124868

-0.937261
0.348628
0
0.69234
0.00780746

0.937261
-0.348628
0
-0.978207
0.31975

0.763263
0.490918
-0.420035
0.921933
0.000111748

-0.763263
-0.490918
0.420035
0.596728
0.00292276

-0.866504
0.353737
-0.352194
0.938411
0.000270097

0.866504
-0.353737
0.352194
-1.68286
0.503833

0.598629
0.0743088
-0.797573
0.994415
2.83174e-06

-0.190219
0.970608
0.147433
0.128537
0.0172563

0.190219
-0.970608
-0.147433
0.980135
9.22505e-06

0.224401
0.525706
-0.820535
-0.673058
0.258562

-0.224401
-0.525706
0.820535
0.413979
0.0317619

0.702623
-0.0113831
0.711472
-1.28548
0.747249

-0.702623
0.0113831
-0.711472
-0.0870364
0.169221

-0.859629
-0.38521
0.335637
0.921848
0.000204732

0.803598
0.102073
-0.586354
0.883932
0.000628298

-0.803598
-0.102073
0.586354
-0.324258
0.0810615

-0.256291
0.781128
-0.569346
0.419488
0.0369818

-0.232681
-0.945749
-0.226757
-1.89473
1.01792

0.232681
0.945749
0.226757
0.526938
0.0271978

-0.171386
0.617323
-0.767815
-1.84482
0.713961

0.171386
-0.617323
0.767815
0.844173
0.00219535

-0.445334
-0.72208
0.529413
0.930042
0.00363375

0.445334
0.72208
-0.529413
-36.0077
1013.51

-0.0536939
-0.993023
0.104989
0.97285
0.000115407

0.0536939
0.993023
-0.104989
-6.27883
8.08224

-0.470887
-0.327153
-0.81929
-1.62288
0.678447

0.470887
0.327153
0.81929
0.699533
0.0090127

0.277277
0.703781
-0.654071
-0.225932
0.124186

-0.277277
-0.703781
0.654071
0.310412
0.0393723

-0.0546743
-0.659376
0.749823
0.473406
0.0415657

0.0546743
0.659376
-0.749823
-2.74466
2.10101

-0.0330529
-0.475017
0.879356
0.806281
0.0027466

-0.281066
-0.845812
-0.453436
-1.98199
0.821628

0.281066
0.845812
0.453436
0.837646
0.00243763

0.0260445
0.954026
0.29859
0.497273
0.0143003

-0.0260445
-0.954026
-0.29859
0.202809
0.0359333

0.699609
0.17138
-0.693669
-1.34618
0.689909

-0.699609
-0.17138
0.693669
0.244216
0.0716301

0.0105426
0.944996
0.326911
0.993399
3.992e-06

-0.0105426
-0.944996
-0.326911
-3.12573
1.39084

0.920248
0.21354
0.32794
0.760979
0.0128197

0.517173
-0.0749747
-0.852591
-8.60315
22.9762

-0.517173
0.0749747
0.852591
0.786983
0.0113077

-0.412563
-0.524132
0.745035
0.576571
0.0361011

0.412563
0.524132
-0.745035
-5.11434
7.49967

-0.547867
-0.791497
-0.270877
0.839506
0.00454096

0.547867
0.791497
0.270877
-5.68738
7.86228

0.171951
-0.960799
0.217481
0.772613
0.00432263

-0.171951
0.960799
-0.217481
-1.25454
0.415501

0.174201
0.775937
-0.606281
0.687943
0.0186517

-0.174201
-0.775937
0.606281
-5.31912
7.64753

-0.804639
-0.512808
0.299305
0.445261
0.0266929

0.804639
0.512808
-0.299305
-0.560879
0.211172

0.930992
0.0725041
-0.357767
0.989115
1.98672e-05

-0.574937
-0.660801
-0.482482
-0.40398
0.117371

-0.930413
-0.366512
0
0.89735
0.00440259

0.523555
0.593678
0.611094
-0.22593
0.0894984

-0.523555
-0.593678
-0.611094
0.693516
0.00559954

0.921113
-0.262215
0.28774
0.944309
0.000131226

-0.921113
0.262215
-0.28774
-0.469263
0.0908642

-0.317521
-0.129803
0.939325
0.92372
0.00152913

0.317521
0.129803
-0.939325
-10.9188
37.2698

-0.511948
-0.448331
-0.732741
0.525591
0.014242

0.511948
0.448331
0.732741
-0.0205083
0.065894

-0.629298
0.189376
-0.753737
-4.33281
4.45261

0.629298
-0.189376
0.753737
0.771723
0.00823485

-0.540209
0.623926
0.564703
0.559787
0.0103297

0.540209
-0.623926
-0.564703
0.210398
0.0331114

-0.855964
0.319295
0.406664
0.0167005
0.1256

0.372855
-0.28408
-0.883333
-23.4989
299.979

-0.372855
0.28408
0.883333
0.936659
0.00200644

0.206551
-0.537539
-0.81755
0.99129
5.44228e-06

-0.033746
0.755337
0.654467
0.57555
0.0168117

0.033746
-0.755337
-0.654467
-1.04001
0.386309

0.0912878
-0.785053
0.612665
0.363456
0.0309741

-0.0912878
0.785053
-0.612665
-0.131628
0.0976902

-0.645526
-0.527402
-0.552398
-1.73333
0.973196

0.645526
0.527402
0.552398
0.351266
0.054914

0.458383
-0.37293
-0.806727
-1.80079
0.459561

-0.458383
0.37293
0.806727
0.989712
1.0286e-05

-0.712298
-0.394064
-0.580814
0.502382
0.0192079

0.712298
0.394064
0.580814
-0.378458
0.1465

0.587796
0.707811
-0.391789
-0.340863
0.172054

-0.587796
-0.707811
0.391789
0.141846
0.0705028

-0.398529
0.0367143
0.91642
0.883782
0.00108048

-0.0419953
0.17235
0.98414
0.974469
9.08175e-05

-0.89017
-0.455628
0
-3.4587
2.64538

0.89017
0.455628
0
0.748949
0.013689

0.742051
-0.155592
-0.652037
0.414896
0.039023

-0.742051
0.155592
0.652037
-1.34042
0.62254

-0.213801
0.215456
-0.952821
-0.845659
0.224055

0.213801
-0.215456
0.952821
0.825263
0.00201179

0.637655
0.689682
-0.343125
-0.559893
0.242848

-0.637655
-0.689682
0.343125
0.219587
0.0608126

0.126073
0.171834
0.977025
0.972309
0.000145393

-0.91242
0.0366965
0.407606
0.313845
0.0505695

0.91242
-0.0366965
-0.407606
-0.936608
0.402796

0.129153
-0.634813
0.761796
0.518915
0.00395386

-0.864084
-0.342712
0.368656
0.521637
0.0433457

0.864084
0.342712
-0.368656
-4.41222
5.54394

0.650184
0.658199
-0.37952
0.861595
0.00623659

0.00640486
-0.774487
0.632557
0.643448
0.00159108

-0.307832
-0.893264
0.327596
-0.403608
0.19175

0.307832
0.893264
-0.327596
0.156954
0.0691967

-0.424985
-0.277543
0.861602
0.981616
6.42501e-05

-0.147761
0.123276
-0.98131
-11.1572
37.4073

0.147761
-0.123276
0.98131
0.957934
0.000472606

0.777214
-0.00654364
0.629202
0.554205
0.0146552

-0.777214
0.00654364
-0.629202
-0.365243
0.136767

-0.478453
-0.56792
0.669739
0.934511
0.00214794

-0.538481
0.626889
-0.56307
-0.437356
0.112699

0.538481
-0.626889
0.56307
0.83057
0.00158456

0.726329
0.124548
-0.675969
0.861877
0.00527302

-0.726329
-0.124548
0.675969
-10.6062
36.9611

-0.361124
0.509994
0.780702
0.611683
0.00878417

0.279913
-0.318358
-0.905702
0.997274
3.11715e-07

0.411868
0.0678771
0.908712
-0.717754
0.213

-0.411868
-0.0678771
-0.908712
0.718157
0.00574744

-0.136924
-0.990582
0
-0.233969
0.0712628

0.136924
0.990582
0
0.864236
0.00122184

-0.06906
0.855561
-0.513076
-12.7304
63.5624

0.06906
-0.855561
0.513076
0.785462
0.0155523

0.227669
0.825161
-0.516987
-0.337558
0.126698

-0.227669
-0.825161
0.516987
0.579634
0.0125613

-0.128988
0.339445
0.93174
0.906752
0.000699967

-0.329956
-0.268791
0.90492
0.859575
0.00641392

0.918428
-0.227615
0.323545
0.279233
0.0314028

-0.948655
-0.0938837
-0.302059
0.659394
0.00537827

0.948655
0.0938837
0.302059
0.24199
0.0266242

0.160021
0.780824
0.60391
0.705597
0.0047061

-0.160021
-0.780824
-0.60391
-0.0795217
0.0631154

-0.491243
-0.0596769
-0.868976
-0.641874
0.375361

0.089265
0.885528
0.455929
-0.111415
0.086567

-0.089265
-0.885528
-0.455929
0.46329
0.0202227

0.174682
0.186006
0.966896
0.782461
0.00362221

-0.174682
-0.186006
-0.966896
-1.00312
0.297707

-0.766199
0.642604
0
-1.72429
0.750456

0.766199
-0.642604
0
0.666274
0.0187825

0.938496
0.345291
0
0.0248272
0.106094

-0.938496
-0.345291
0
-0.404253
0.211134

0.32777
-0.0261833
0.944395
0.856975
0.00151666

-0.32777
0.0261833
-0.944395
-1.28842
0.383581

-0.166014
-0.540767
-0.824627
-10.9304
37.2802

0.166014
0.540767
0.824627
0.925641
0.00144944

0.465002
0.885309
0
0.918615
0.000826007

0.744946
-0.587304
0.316431
0.0402133
0.0569247

0.76274
0.646706
0
0.958668
0.000165697

-0.738253
-0.52468
-0.423903
0.782779
0.00610051

0.441341
0.588264
-0.677616
-0.858344
0.242345

-0.441341
-0.588264
0.677616
0.784341
0.00327717

0.186966
0.877314
-0.442
-0.480311
0.311843

-0.186966
-0.877314
0.442
-0.748959
0.435263

-0.862844
-0.487828
-0.132376
0.267758
0.0344089

-0.365492
-0.0544751
-0.929219
-0.881672
0.561845

0.0763196
-0.407701
0.90992
0.901409
0.000395046

-0.386523
0.0504812
-0.920897
-0.838894
0.418781

0.386523
-0.0504812
0.920897
-0.0343812
0.132741

0.372911
0.731479
-0.570855
0.262881
0.045831

-0.372911
-0.731479
0.570855
-0.203507
0.122023

-0.691435
-0.324375
0.645522
0.602025
0.00783827

0.260538
-0.257189
-0.930577
0.96879
8.25731e-05

-0.260538
0.257189
0.930577
-1.91637
0.578017

-0.406224
-0.660843
0.631085
0.742672
0.00635131

0.406224
0.660843
-0.631085
-1.68016
0.688737

0.614802
0.584892
0.529075
0.233661
0.0690521

0.0701397
-0.540172
-0.838627
-1.95598
0.817546

-0.0701397
0.540172
0.838627
0.823744
0.00290727

0.58754
0.0809165
0.805139
0.65196
0.00340315

-0.58754
-0.0809165
-0.805139
0.730112
0.00207047

-0.101006
0.177183
0.978981
0.975959
2.48164e-05

-0.0542236
-0.144497
-0.988018
-16.6994
125.423

0.0542236
0.144497
0.988018
0.853724
0.00858826

0.63206
-0.663461
0.400399
0.41697
0.00683173

-0.63206
0.663461
-0.400399
0.952273
5.00824e-05

0.733489
-0.571798
-0.367479
-1.36782
0.56957

-0.733489
0.571798
0.367479
0.585926
0.0174465

0.872643
0.307727
-0.379208
-2.31312
1.26663

-0.872643
-0.307727
0.379208
0.711515
0.0096265

0.092013
0.613681
0.784174
-1.52325
0.402546

-0.092013
-0.613681
-0.784174
0.95492
0.00013034

0.278952
-0.0729519
-0.95753
-3.27126
2.27999

-0.278952
0.0729519
0.95753
0.819659
0.00416151

0.573616
-0.616247
0.539633
0.228967
0.0323719

-0.573616
0.616247
-0.539633
0.520341
0.0125605

0.658536
-0.367098
0.65694
0.625488
0.00910597

-0.658536
0.367098
-0.65694
-0.24736
0.100928

0.800543
0.599276
0
-0.461897
0.150118

-0.800543
-0.599276
0
0.680448
0.0106531

-0.663922
-0.747802
0
0.114605
0.0661869

0.663922
0.747802
0
-0.0268493
0.0889893

-0.345756
0.671836
0.655049
0.865485
0.00145935

0.345756
-0.671836
-0.655049
-1.62396
0.552116

0.302159
-0.788142
0.53622
-0.337378
0.393439

-0.302159
0.788142
-0.53622
-3.09573
3.68968

-0.299731
-0.692481
0.656225
-13.7653
114.714

0.299731
0.692481
-0.656225
-0.397896
1.02822

-0.389627
0.87901
-0.27483
0.585618
0.0101592

0.389627
-0.87901
0.27483
0.000343084
0.0590581

0.177897
-0.831591
0.526127
0.244772
0.03292

0.77239
0.413066
0.482483
0.531917
0.030504

-0.77239
-0.413066
-0.482483
-2.5399
1.74128

-0.702226
0.113182
-0.7029
0.553777
0.00678951

0.702226
-0.113182
0.7029
0.66912
0.00373387

0.447396
0.301457
0.841998
0.657544
0.0147489

-0.447396
-0.301457
-0.841998
-2.45535
1.48789

0.0900072
0.0927279
-0.991615
0.861625
0.00141483

-0.227332
-0.727789
-0.647027
0.792503
0.0010281

0.227332
0.727789
0.647027
0.706629
0.00200006

0.0960293
0.75782
-0.645358
-0.341058
0.151886

-0.0960293
-0.75782
0.645358
0.35433
0.0352936

-0.3971
-0.917775
0
0.537918
0.00751041

0.3971
0.917775
0
0.660511
0.00405565

0.962434
0.11697
0.245028
0.31041
0.411217

-0.962434
-0.11697
-0.245028
-32.7897
987.26

0.136183
-0.749178
-0.648218
-0.611467
0.177217

-0.136183
0.749178
0.648218
0.729591
0.00504797

0.0469403
0.402039
-0.914419
0.407196
0.0334373

-0.0469403
-0.402039
0.914419
-0.742111
0.288584

-0.111632
-0.980473
-0.161899
-0.0479462
0.0539253

0.111632
0.980473
0.161899
0.76455
0.00276968

0.083979
-0.888644
-0.450844
0.151324
0.0229899

-0.083979
0.888644
0.450844
0.902867
0.000301453

-0.0924991
0.75986
0.643472
-0.215219
0.235289

0.0924991
-0.75986
-0.643472
-1.53545
1.02354

0.552373
-0.439127
-0.708556
-1.98172
1.17503

-0.552373
0.439127
0.708556
0.425295
0.0436681

-0.0297343
0.129553
-0.991127
0.0168059
0.0611312

0.0297343
-0.129553
0.991127
0.507588
0.0154814

-0.080907
-0.147374
0.985766
-0.802121
0.377709

0.080907
0.147374
-0.985766
0.0805521
0.0985883

-0.552656
0.833409
0
0.592886
0.0122846

0.552656
-0.833409
0
0.382187
0.0234781

0.0672738
-0.9381
-0.339768
-0.781071
0.165208

-0.0672738
0.9381
0.339768
0.925481
0.000294247

-0.292244
-0.0748605
0.953409
0.974671
0.000192686

0.555122
0.324906
-0.765686
-5.3442
7.65915

-0.555122
-0.324906
0.765686
0.70018
0.0172086

0.177686
0.381721
-0.907037
-35.2763
1009.81

-0.177686
-0.381721
0.907037
0.849005
0.0174998

0.116944
-0.934817
-0.335321
-5.36839
7.67878

-0.116944
0.934817
0.335321
0.711706
0.0157552

0.995488
0.0948879
0
-1.25264
0.73746

-0.995488
-0.0948879
0
-0.149312
0.192043

0.474856
-0.254511
0.842458
0.967963
9.15629e-05

0.285025
-0.323552
0.902261
0.906538
0.00134469

-0.313821
0.0204431
0.949262
0.92609
0.000278315

0.0996129
-0.259112
-0.960697
-4.25757
3.60994

-0.0996129
0.259112
0.960697
0.911147
0.00104338

0.209867
0.0696113
0.975249
0.700055
0.00883238

-0.209867
-0.0696113
-0.975249
-0.639222
0.194651

-0.454049
-0.47391
-0.754485
-1.86918
0.642042

0.454049
0.47391
0.754485
0.916719
0.000569118

-0.607232
0.495246
-0.621289
-0.0742915
0.129854

0.607232
-0.495246
0.621289
-0.492218
0.250402

-0.388235
-0.588205
0.709429
0.372962
0.0370941

0.388235
0.588205
-0.709429
-0.647
0.255094

-0.436542
-0.353391
0.827372
0.195481
0.101215

-0.519105
-0.183525
0.834775
0.801964
0.00868352

-0.0184272
-0.288286
0.957367
0.98719
8.5082e-05

0.0184272
0.288286
-0.957367
-24.1767
300.907

-0.907392
0.301335
-0.292979
0.880835
0.000456726

0.907392
-0.301335
0.292979
0.230186
0.0188394

-0.16586
0.896763
-0.410252
-1.15197
0.793492

0.16586
-0.896763
0.410252
-0.741762
0.519849

0.357365
-0.518062
0.777112
0.951068
0.000187369

0.440158
-0.369087
-0.818557
0.480957
0.00781045

-0.440158
0.369087
0.818557
0.813143
0.00101421

0.778912
0.504825
-0.372084
0.678193
0.00458448

-0.778912
-0.504825
0.372084
0.275934
0.0231322

0.123002
-0.463109
0.877725
0.829589
0.000544119

0.495988
-0.518086
-0.696838
-0.699321
0.244784

-0.495988
0.518086
0.696838
0.549306
0.0188158

-0.342791
-0.518898
0.783096
0.975593
3.23667e-05

0.342791
0.518898
-0.783096
-0.598605
0.100121

-0.78019
-0.0308719
-0.62478
0.896115
0.000658649

-0.0607927
0.942693
-0.328077
-2.30025
1.11008

0.0607927
-0.942693
0.328077
0.822816
0.00321076

-0.544802
0.0551732
0.836748
-0.0568824
0.2183

0.544802
-0.0551732
-0.836748
-2.90859
2.98454

0.911463
-0.176945
-0.371385
-1.13027
0.476802

-0.911463
0.176945
0.371385
0.444527
0.0324534

-0.736839
-0.182754
-0.650898
-0.838903
0.259189

0.736839
0.182754
0.650898
0.705777
0.00663776

0.442869
-0.0238401
0.896269
0.204802
0.0593833

-0.442869
0.0238401
-0.896269
-0.369855
0.175736

0.0300334
0.391927
0.919506
0.939745
0.000643789

-0.14363
0.111182
0.983366
-8.0106
47.2001

0.14363
-0.111182
-0.983366
-3.59726
12.2866

0.692084
-0.205502
0.691946
0.594272
0.0120436

-0.692084
0.205502
-0.691946
-0.154492
0.0873816

0.173236
-0.163647
-0.971189
0.887102
0.000721738

-0.63936
-0.652576
0.40665
0.483386
0.0160864

0.63936
0.652576
-0.40665
0.126923
0.0458833

-0.213599
0.872132
-0.440183
-0.337378
0.393433

0.213599
-0.872132
0.440183
-3.09573
3.68974

-0.135468
-0.754586
-0.642065
-9.13534
23.4102

0.135468
0.754586
0.642065
0.920424
0.00146301

0.355314
-0.139339
0.924304
0.99154
3.48241e-05

-0.523555
0.0498617
0.850532
-9.29783
53.0202

0.523555
-0.0498617
-0.850532
-1.57446
3.31462

-0.300057
-0.593386
0.746899
0.480322
0.015224

0.300057
0.593386
-0.746899
0.228812
0.0335178

0.285176
-0.338487
-0.896717
0.0934091
0.061658

-0.285176
0.338487
0.896717
0.205451
0.0473603

0.792838
0.609432
0
0.940434
0.000280876

-0.458832
0.750871
-0.475043
0.996408
1.02446e-06

0.458832
-0.750871
0.475043
-1.05937
0.173839

0.291669
0.430048
-0.854393
0.787399
0.00316783

-0.747919
-0.164999
-0.642956
0.163757
0.0407203

0.747919
0.164999
0.642956
0.496282
0.0148255

0.691122
-0.311359
-0.652232
-0.581632
0.153564

-0.691122
0.311359
0.652232
0.799059
0.00252435

-0.890755
-0.178519
0.417955
0.805293
0.00481346

0.890755
0.178519
-0.417955
-3.24028
2.27345

-0.263982
0.119753
0.957065
0.980215
2.82339e-05

0.263982
-0.119753
-0.957065
-0.893833
0.158058

-0.105488
0.416096
0.903181
0.912092
0.00177966

0.105488
-0.416096
-0.903181
-9.09154
23.389

0.853281
0.521452
0
0.970016
4.07754e-05

-0.929047
-0.0878247
-0.359386
0.386752
0.0232149

0.929047
0.0878247
0.359386
0.210534
0.0384556

-0.72224
0.570693
0.390742
0.897959
0.00085013

0.72224
-0.570693
-0.390742
-1.27639
0.349526

-0.761664
-0.5216
-0.384448
0.460069
0.0314669

0.761664
0.5216
0.384448
-1.25466
0.548056

0.00882357
0.577644
-0.816241
-2.31312
1.2668

-0.00882357
-0.577644
0.816241
0.711515
0.00960755

-0.893832
-0.422655
-0.149753
0.811109
0.00130113

0.893832
0.422655
0.149753
0.255641
0.0201519

-0.914525
0.373799
0.154653
0.656865
0.00367153

-0.279645
-0.790538
0.544837
0.801482
0.00411991

0.123738
0.686999
-0.716046
0.345933
0.0179894

-0.123738
-0.686999
0.716046
0.669039
0.00460631

0.143664
0.473409
-0.869048
0.356385
0.017214

-0.143664
-0.473409
0.869048
0.671625
0.00448558

0.419293
0.355592
-0.835313
0.985231
1.4808e-05

0.875081
-0.139707
-0.463374
-0.230508
0.105298

0.916917
0.399079
0
0.400216
0.0270349

-0.916917
-0.399079
0
-0.149881
0.099143

0.508606
0.0108686
-0.860931
-6.75106
10.9524

-0.508606
-0.0108686
0.860931
0.911021
0.00148325

0.238422
0.726424
-0.644565
-10.7195
37.091

-0.238422
-0.726424
0.644565
0.886615
0.00347498

0.599468
-0.354573
0.717576
0.764178
0.0103126

-0.409002
0.358882
-0.839
-2.86169
3.50175

0.409002
-0.358882
0.839
-0.716305
0.692114

-0.868292
-0.330562
0.369862
0.483261
0.00383839

0.868292
0.330562
-0.369862
0.983833
5.06942e-06

-0.518959
-0.352236
-0.778853
-0.560879
0.211186

0.518959
0.352236
0.778853
0.445261
0.0267081

0.128323
0.257797
0.95764
0.876228
0.00612659

-0.612269
0.307894
-0.728236
-2.75444
1.81186

0.612269
-0.307894
0.728236
0.693518
0.0120966

-0.228916
0.310641
0.922551
0.88778
0.00133521

0.228916
-0.310641
-0.922551
-2.88304
1.59109

-0.0929683
0.169599
0.981118
0.858547
0.0104483

0.0929683
-0.169599
-0.981118
-22.9057
298.394

0.0837444
0.115798
0.989736
0.727411
0.0062403

-0.0837444
-0.115798
-0.989736
-1.10332
0.363061

0.35185
-0.431362
0.83074
-0.813819
0.413415

-0.35185
0.431362
-0.83074
-0.0871594
0.148704

-0.240924
0.935408
0.25878
0.996637
1.04284e-06

0.240924
-0.935408
-0.25878
-3.1723
1.39289

0.21372
0.175072
0.961079
0.975056
5.39936e-05

-0.572194
-0.0169165
-0.819944
0.290798
0.0181899

0.572194
0.0169165
0.819944
0.797892
0.00147892

-0.785838
-0.618432
0
-0.379169
0.315306

0.785838
0.618432
0
-1.45187
0.990837

0.987917
-0.154984
0
-1.34729
0.765576

-0.987917
0.154984
0
0.0229769
0.132654

0.75666
0.476561
0.447612
-4.04091
5.27752

-0.75666
-0.476561
-0.447612
0.222006
0.125729

-0.985387
-0.170332
0
0.61789
0.0112905

0.985387
0.170332
0
-0.625454
0.204022

-0.333979
0.379388
-0.862857
-12.9324
63.8939

0.333979
-0.379388
0.862857
0.835393
0.00893738

-0.512038
0.0215745
-0.858692
-1.07077
0.509853

0.512038
-0.0215745
0.858692
0.19983
0.0763502

0.657697
-0.0481162
-0.751745
-0.967434
0.29403

-0.657697
0.0481162
0.751745
0.753925
0.0046183

0.444393
0.0984346
0.890408
0.0717077
0.118111

-0.804929
0.123927
-0.580286
-10.3276
36.6391

0.804929
-0.123927
0.580286
0.789362
0.0127116

-0.521215
-0.676536
-0.520224
0.906345
0.000911227

0.521215
0.676536
0.520224
-2.93601
1.60074

-0.374089
-0.45051
0.810616
0.861142
0.000652119

-0.21947
0.112698
0.969088
0.39234
0.0789102

0.21947
-0.112698
-0.969088
-4.83963
7.28641

-0.69078
0.361778
0.62605
0.369005
0.0620462

0.69078
-0.361778
-0.62605
-2.63453
2.05439

0.352468
0.0531275
-0.934315
-0.397814
0.131591

-0.352468
-0.0531275
0.934315
0.659804
0.00793206

0.213752
0.976888
0
-0.253174
0.134226

-0.213752
-0.976888
0
0.274509
0.0449891

0.857827
0.105141
-0.503069
-0.492218
0.250371

-0.857827
-0.105141
0.503069
-0.0742915
0.129813

-0.349892
0.116766
0.929484
0.869745
0.00107344

-0.0805851
-0.305152
-0.948888
-1.21015
0.290017

0.0805851
0.305152
0.948888
0.939949
0.000246321

0.571659
-0.122307
-0.811324
-2.00354
1.18111

-0.571659
0.122307
0.811324
0.448332
0.0400272

-0.128666
-0.273546
-0.953214
0.879689
0.000393825

-0.700198
0.320562
-0.637936
-0.348819
0.0865697

0.0806349
0.521955
0.849153
0.83593
0.000574698

-0.743878
0.467743
0.47735
0.685322
0.00293504

-0.406559
-0.392919
0.824818
0.00982165
0.188616

0.406559
0.392919
-0.824818
-2.96071
3.01764

0.0290414
0.611776
0.790498
0.606209
0.0124762

-0.0290414
-0.611776
-0.790498
-0.678421
0.224552

0.602799
-0.612749
-0.51105
-0.485266
0.289356

-0.602799
0.612749
0.51105
-0.485266
0.289356

0.330497
0.577275
-0.746676
-1.03017
0.30039

-0.330497
-0.577275
0.746676
0.802593
0.00290103

-0.744801
-0.533582
-0.4007
0.61779
0.00746283

0.744801
0.533582
0.4007
0.180492
0.0342166

0.63178
0.364264
0.684226
0.549821
0.0280527

-0.63178
-0.364264
-0.684226
-2.561
1.74823

-0.216914
-0.0873874
-0.972272
-0.707281
0.17263

0.216914
0.0873874
0.972272
0.853922
0.00131342

-0.260433
-0.14302
-0.95484
-23.5379
299.913

0.260433
0.14302
0.95484
0.94065
0.00178758

-0.267274
-0.548706
-0.79214
0.962344
2.74703e-05

0.267274
0.548706
0.79214
0.400419
0.00691063

0.525381
0.561881
0.638955
0.59246
0.0108844

-0.193536
0.0123247
0.981016
0.964228
0.00014995

-0.289363
0.494293
-0.819722
-22.7643
297.825

0.289363
-0.494293
0.819722
0.834971
0.01443

0.226159
-0.454849
0.861374
0.943055
0.000729035

-0.226159
0.454849
-0.861374
-9.26871
23.4974

0.307769
0.657034
-0.688174
0.950428
0.000443131

-0.307769
-0.657034
0.688174
-6.95361
11.0394

-0.519962
0.074827
0.850906
-0.173651
0.0957534

0.519962
-0.074827
-0.850906
0.511488
0.0166209

-0.90799
-0.267431
-0.322545
0.425344
0.069873

0.90799
0.267431
0.322545
-4.88447
7.32325

0.707036
0.533859
0.463783
0.279424
0.0351479

-0.707036
-0.533859
-0.463783
0.188493
0.0445648

0.44417
0.644027
0.62285
0.509218
0.0295777

-0.44417
-0.644027
-0.62285
-1.87673
1.01289

0.92724
-0.374468
0
0.884332
0.00239411

-0.92724
0.374468
0
-2.64174
1.30747

0.960449
0.232745
0.152863
0.903216
0.000881962

-0.960449
-0.232745
-0.152863
-2.48424
1.14129

0.383339
0.923608
0
0.865916
0.000218037

-0.383339
-0.923608
0
0.867754
0.000212197

0.679698
0.733492
0
0.327303
0.0144249

-0.679698
-0.733492
0
0.909488
0.000683825

0.215428
0.886258
0.410046
0.118675
0.0444327

-0.215428
-0.886258
-0.410046
0.545265
0.0118517

-0.265299
0.631281
-0.728767
0.974355
2.79173e-05

-0.769572
0.520997
0.369217
0.875116
0.000930914

0.769572
-0.520997
-0.369217
-0.797759
0.1909

0.577639
-0.131568
-0.805619
-2.47215
1.71716

-0.577639
0.131568
0.805619
0.471228
0.039869

-0.862661
-0.0446374
0.503809
0.94703
0.000120892

0.862661
0.0446374
-0.503809
-0.406083
0.0796004

0.210155
-0.863282
0.45889
0.259122
0.0311372

0.444363
0.84889
0.286231
-13.3274
64.4301

-0.444363
-0.84889
-0.286231
0.912553
0.00240457

0.135582
-0.583449
0.800753
0.808115
0.00185756

-0.711062
0.208426
0.671528
-2.47046
1.49258

0.711062
-0.208426
-0.671528
0.66844
0.0137063

-0.883046
0.37315
-0.284584
0.125403
0.14298

0.253028
0.202057
-0.946123
-8.00094
22.2562

-0.253028
-0.202057
0.946123
0.541058
0.0579215

-0.22614
-0.447549
0.865194
0.854313
0.00143132

0.22614
0.447549
-0.865194
-1.03056
0.277299

-0.300188
-0.95388
0
-5.03389
4.66991

0.300188
0.95388
0
0.973183
9.92442e-05

0.727476
0.686133
0
-2.43981
1.47631

-0.727476
-0.686133
0
0.646098
0.0166774

-0.628837
0.343113
0.697738
0.83232
0.00118368

-0.369449
0.843934
-0.38895
0.412407
0.0114052

-0.567091
-0.444074
0.69369
0.66019
0.00161924

0.567091
0.444074
-0.69369
0.949401
3.90762e-05

0.808705
0.588214
0
0.910102
0.0088497

0.797789
0.299622
-0.52322
0.989385
9.83178e-06

-0.712157
-0.639787
-0.288973
0.971066
0.000407631

0.712157
0.639787
0.288973
-23.8959
300.702

0.0871191
-0.258519
0.96207
0.963282
4.05737e-05

-0.609995
0.0955741
0.786621
0.862865
0.000615024

0.609995
-0.0955741
-0.786621
0.336273
0.0134411

0.0113032
-0.650704
0.759248
0.810457
0.00376022

-0.0113032
0.650704
-0.759248
-2.27684
1.10501

-0.303673
0.740625
0.599381
0.615451
0.0172411

0.303673
-0.740625
-0.599381
-1.99225
1.04279

0.380838
-0.289638
0.878107
0.938667
0.00142791

-0.380838
0.289638
-0.878107
-17.2505
126.393

0.774279
0.308986
0.552285
0.729573
0.00488688

-0.774279
-0.308986
-0.552285
-0.557653
0.161787

-0.0905207
0.646998
0.757099
0.824095
0.00387252

0.0905207
-0.646998
-0.757099
-3.28112
2.28502

0.352048
0.801325
-0.483674
0.890532
0.000584076

-0.352048
-0.801325
0.483674
-0.404085
0.0937119

-0.518392
0.223945
-0.825299
-5.29623
12.7098

0.518392
-0.223945
0.825299
-0.790926
1.02886

-0.716327
0.42066
-0.556705
0.949748
0.000323063

0.716327
-0.42066
0.556705
-4.41921
3.64715

0.61919
0.222158
-0.75316
-0.100374
0.0902563

-0.61919
-0.222158
0.75316
0.373231
0.0293062

0.838227
0.157421
0.522105
0.446799
0.0137317

-0.838227
-0.157421
-0.522105
0.539374
0.0095333

-0.53667
-0.605442
-0.587729
-2.63892
1.77479

0.53667
0.605442
0.587729
0.612015
0.0202492

0.430849
0.038701
0.901594
-1.06875
0.615795

-0.430849
-0.038701
-0.901594
-0.251479
0.2256

0.119071
0.873527
-0.471988
0.786212
0.00161842

-0.119071
-0.873527
0.471988
0.355082
0.0145502

-0.234469
0.612957
0.754525
0.670879
0.0102401

-0.585914
-0.242814
0.77314
0.726951
0.00434338

0.454721
-0.0495427
0.889255
0.872154
0.00127316

-0.454721
0.0495427
-0.889255
-1.41489
0.433337

-0.0364006
0.941867
0.334008
0.130022
0.0804325

0.0364006
-0.941867
-0.334008
-0.584323
0.265307

0.0275269
0.510901
-0.859199
-1.8055
1.11819

-0.0275269
-0.510901
0.859199
0.213681
0.088096

-0.0244791
-0.34845
0.937008
-1.61231
1.18456

0.0244791
0.34845
-0.937008
-0.427153
0.353899

0.195778
-0.854007
-0.48202
0.0996561
0.0248139

-0.0558532
0.94777
-0.314026
0.954724
0.000136826

0.877297
-0.126562
-0.46296
0.84512
0.00107592

-0.877297
0.126562
0.46296
-0.101373
0.0535236

-0.873329
0.151523
-0.462967
-1.5185
0.595526

0.873329
-0.151523
0.462967
0.720168
0.00738476

-0.72407
-0.464081
0.510246
0.876228
0.00606212

0.707826
-0.706387
0
0.455716
0.0730872

-0.403811
-0.910691
0.0870553
0.95881
7.17956e-05

0.403811
0.910691
-0.0870553
-0.506232
0.0919733

0.97031
0.0543944
0.235668
-8.08533
28.7673

-0.97031
-0.0543944
-0.235668
-0.112107
0.431055

0.604709
0.410584
0.682458
0.594009
0.021313

-0.604709
-0.410584
-0.682458
-2.37294
1.46403

0.27588
-0.140359
0.950889
0.940636
0.000166027

-0.27588
0.140359
-0.950889
-0.620668
0.12112

-0.439209
-0.672873
0.595262
0.888233
0.00073026

0.439209
0.672873
-0.595262
-0.762804
0.176009

0.164878
0.986314
0
0.655784
0.00299408

-0.164878
-0.986314
0
0.804858
0.00103297

0.160698
-0.296322
0.941472
0.966189
8.59342e-05

0.115799
-0.752537
-0.64829
0.700482
0.00313409

-0.115799
0.752537
0.64829
0.492003
0.00901475

0.262148
-0.784218
-0.562389
-2.39041
1.46984

-0.262148
0.784218
0.562389
0.608067
0.0196589

-0.859039
-0.511909
0
0.996986
2.27086e-06

0.581687
0.057305
-0.811392
-10.387
36.703

-0.581687
-0.057305
0.811392
0.80627
0.0107005

0.433856
0.795254
-0.423486
-0.200213
0.103033

-0.433856
-0.795254
0.423486
0.49291
0.0184242

0.808726
-0.0588161
-0.585238
-4.34226
5.4958

-0.808726
0.0588161
0.585238
0.472317
0.0537197

0.36435
-0.881009
0.301781
0.0951447
0.0402958

-0.36435
0.881009
-0.301781
0.694929
0.00458321

-0.344652
0.715899
-0.607209
-2.37294
1.46417

0.344652
-0.715899
0.607209
0.594009
0.0212937

0.331592
-0.592074
0.734503
0.747223
0.00101534

-0.361744
-0.528154
0.768241
0.527141
0.0252358

0.361744
0.528154
-0.768241
-1.57446
0.743902

-0.269535
0.338619
0.901492
0.982068
1.20752e-05

0.465238
0.368337
0.804911
-2.45518
0.994726

-0.465238
-0.368337
-0.804911
0.952177
0.000209273

-0.359775
-0.781954
0.509029
-0.383441
0.122888

0.359775
0.781954
-0.509029
0.695519
0.00596205

-0.089724
0.292717
-0.95198
0.119378
0.0843654

0.089724
-0.292717
0.95198
-0.653738
0.29732

-0.542125
0.0631586
0.837921
0.834021
0.00202184

0.542125
-0.0631586
-0.837921
-1.15963
0.339504

-0.284268
0.641563
0.712453
-0.746949
0.521473

0.284268
-0.641563
-0.712453
-1.1341
0.778069

-0.365234
-0.299022
0.881584
0.906106
0.000972409

0.999771
-0.0213944
0
0.943535
0.000165456

0.328034
0.383975
-0.863109
0.792496
0.000837142

0.141422
-0.551022
-0.82242
-0.840648
0.156419

-0.141422
0.551022
0.82242
0.966921
5.2015e-05

-0.734988
0.478543
0.480404
0.729573
0.00490902

0.386539
-0.862216
-0.327371
-0.5881
0.175181

-0.386539
0.862216
0.327371
0.705843
0.00601417

-0.463312
0.475066
0.748101
0.736873
0.00399952

-0.887624
-0.189786
0.419648
0.767526
0.00314663

0.887624
0.189786
-0.419648
-0.367095
0.108636

0.92445
0.327824
-0.194742
0.907037
0.00272583

0.941501
0.226546
-0.249503
-0.340863
0.17203

-0.941501
-0.226546
0.249503
0.141846
0.0704754

0.324165
-0.0498222
0.944688
-0.0673437
0.0290519

0.389914
-0.241417
-0.888642
-1.6002
0.549343

-0.389914
0.241417
0.888642
0.853179
0.00175417

-0.608417
0.0793589
0.789639
0.746962
0.00472018

0.608417
-0.0793589
-0.789639
-0.813918
0.238288

0.420535
0.476939
-0.771803
-0.255352
0.142734

-0.420535
-0.476939
0.771803
0.177337
0.0613229

-0.108812
-0.851184
-0.513465
-0.337558
0.126627

0.108812
0.851184
0.513465
0.579634
0.0125084

0.842072
0.224477
-0.490433
-0.451353
0.120266

-0.842072
-0.224477
0.490433
0.807188
0.00214722

-0.746488
-0.363012
0.557654
0.988741
1.21925e-05

0.819518
0.201012
-0.536642
0.411967
0.0167456

-0.819518
-0.201012
0.536642
0.48976
0.0126085

-0.411227
0.714919
0.565494
0.302854
0.0815707

0.411227
-0.714919
-0.565494
-2.87342
2.51725

-0.0340823
-0.254937
0.966357
0.730971
0.011642

0.0340823
0.254937
-0.966357
-4.24794
4.41618

-0.0167774
0.605366
-0.795771
0.892823
0.000489049

0.0167774
-0.605366
0.795771
-0.215293
0.062744

-0.80737
-0.0630544
0.586666
0.696168
0.00986869

0.405849
-0.0136956
0.913838
0.630334
0.00867084

-0.405849
0.0136956
-0.913838
-0.178779
0.0868476

-0.342325
-0.540618
0.76847
0.756298
0.00349753

0.852893
0.395579
-0.34072
0.509975
0.0294358

-0.411755
-0.744063
0.526145
-0.324183
0.159651

-0.0553324
0.297538
0.953105
0.777104
0.006801

-0.283746
0.405972
0.86872
0.678193
0.0170741

-0.25042
-0.076785
-0.965088
-12.9615
63.9463

0.25042
0.076785
0.965088
0.841993
0.00819288

0.0201061
-0.819735
0.57239
-0.79432
0.488198

-0.0201061
0.819735
-0.57239
-0.64169
0.408703

-0.143525
-0.49516
0.856865
-16.6295
125.235

0.143525
0.49516
-0.856865
0.840096
0.0103743

0.224583
0.379704
0.897434
0.964507
0.000241552

-0.34291
0.689382
0.638095
0.509625
0.0494725

-0.203444
-0.109421
-0.972953
-23.3404
299.459

0.203444
0.109421
0.972953
0.918986
0.00336429

-0.397364
-0.67862
-0.617719
0.916405
0.000220455

-0.217319
0.15024
0.964469
0.938656
0.000150254

-0.455545
-0.110961
0.88327
0.926862
0.00107474

0.526805
0.469988
-0.708228
0.727113
0.00205613

-0.526805
-0.469988
0.708228
0.645305
0.00347228

-0.447872
-0.755727
0.477794
0.735309
0.00439152

0.447872
0.755727
-0.477794
-0.419497
0.125435

-0.407234
-0.576213
-0.708618
0.827263
0.000988776

0.407234
0.576213
0.708618
0.335708
0.0144779

-0.259936
-0.0953704
0.960905
0.189858
0.0699514

0.259936
0.0953704
-0.960905
-0.690308
0.303475

0.114614
0.520945
-0.84586
-3.14588
2.24376

-0.114614
-0.520945
0.84586
0.75733
0.00778747

0.830869
-0.0015477
0.556466
0.363269
0.0320799

0.186353
-0.348164
-0.918724
0.580566
0.0151421

-0.111819
0.28351
0.952428
0.527783
0.0282856

0.111819
-0.28351
-0.952428
-2.08399
1.20539

-0.38362
-0.0435939
0.922461
-0.0609013
0.0917886

0.38362
0.0435939
-0.922461
0.203141
0.0517962

-0.264856
0.932908
0.243996
0.458987
0.090201

0.562535
-0.736144
0.376358
0.714221
0.00508675

-0.562535
0.736144
-0.376358
-0.357499
0.114336

-0.245231
-0.0547161
-0.967919
-2.66326
3.98535

0.245231
0.0547161
0.967919
-2.07816
2.81393

-0.0998074
0.560233
0.8223
-5.30995
9.79868

0.0998074
-0.560233
-0.8223
0.182231
0.164875

0.73702
0.328162
-0.590857
-0.0726912
0.109105

-0.73702
-0.328162
0.590857
-0.0726912
0.109105

0.474618
-0.0860916
0.875972
0.874798
0.000439818

-0.286434
-0.892383
0.348725
0.740155
0.010081

0.659624
-0.751596
0
-1.57446
2.33546

-0.659624
0.751596
0
-4.79253
11.8226

-0.549471
0.240657
0.800103
0.797923
0.00407203

0.549471
-0.240657
-0.800103
-2.07358
0.94096

0.703917
0.710282
0
-0.0422878
0.0974845

-0.703917
-0.710282
0
0.0593312
0.0798513

-0.358512
0.661745
-0.658454
0.638289
0.00818854

0.358512
-0.661745
0.658454
-0.184373
0.0870779

0.144749
-0.380016
0.913584
0.877041
0.00316188

-0.00511795
0.201408
0.979494
0.989357
3.87455e-05

0.477057
0.101653
-0.872974
0.194859
0.0207272

-0.477057
-0.101653
0.872974
0.889556
0.000390457

-0.36841
-0.081438
0.92609
0.648937
0.0221985

0.36841
0.081438
-0.92609
-4.61701
5.67175

0.619154
-0.0605305
0.782933
-5.00707
9.44922

-0.619154
0.0605305
-0.782933
-0.103337
0.319115

0.13759
-0.600952
-0.787353
-7.79607
15.6491

-0.13759
0.600952
0.787353
0.916278
0.00142561

-0.207377
-0.480259
-0.85226
-1.99848
1.33767

0.207377
0.480259
0.85226
0.204256
0.0944694

0.610759
-0.66676
0.427089
0.930249
0.000731254

-0.610759
0.66676
-0.427089
-5.35545
6.00695

0.779387
-0.377126
-0.500333
0.943249
0.000726132

0.177328
-0.354663
-0.918024
0.925849
0.000231848

-0.177328
0.354663
0.918024
-0.329313
0.0732214

-0.770567
-0.396796
0.498777
0.354232
0.0314097

0.770567
0.396796
-0.498777
-0.0913467
0.0895942

0.830982
-0.43492
0.346864
0.659298
0.00724093

0.599461
0.759426
-0.25282
-3.65383
3.39325

-0.599461
-0.759426
0.25282
0.643958
0.0198737

-0.143401
0.291122
-0.945877
-1.27541
0.382335

0.143401
-0.291122
0.945877
0.849545
0.00167216

-0.77862
0.627495
0
-0.659879
0.130671

0.981689
-0.144689
0.123901
0.907511
7.15493e-05

0.340652
0.54824
-0.763799
0.402412
0.0118498

-0.340652
-0.54824
0.763799
0.788021
0.00149411

0.958725
0.284336
0
0.537005
0.0143499

-0.958725
-0.284336
0
0.271658
0.0317058

-0.422272
-0.734356
0.531421
0.970197
0.000640006

0.422272
0.734356
-0.531421
-36.5588
1015.56

-0.31296
0.607643
0.729949
0.890142
0.000778026

0.31296
-0.607643
-0.729949
-1.09475
0.282382

0.806304
0.381541
-0.451996
0.186374
0.038055

-0.806304
-0.381541
0.451996
0.490872
0.014907

-0.543718
-0.63319
-0.550855
0.488573
0.0133552

0.543718
0.63319
0.550855
0.350437
0.0215419

-0.386488
-0.155345
0.909118
0.779995
0.00543885

-0.055827
0.220463
-0.973796
-0.513765
0.205521

0.055827
-0.220463
0.973796
0.368604
0.0357614

-0.0526322
-0.235687
0.970403
0.856974
0.00564091

0.0526322
0.235687
-0.970403
-10.5851
36.9505

-0.16458
0.0864048
0.982572
0.889304
0.001077

-0.271948
0.962312
0
0.907457
0.000421725

0.271948
-0.962312
0
-0.109782
0.0475946

-0.58666
0.0355729
-0.809051
0.99247
1.16863e-06

-0.686334
-0.176874
0.705451
0.850291
0.00164627

0.686334
0.176874
-0.705451
-1.18624
0.342012

0.00535409
0.955423
-0.295191
-0.491695
0.177684

-0.00535409
-0.955423
0.295191
0.517106
0.0186379

-0.651127
0.434953
0.621973
-0.0600746
0.154264

0.651127
-0.434953
-0.621973
-1.16341
0.641959

-0.281777
0.640624
-0.714285
0.448235
0.0133853

0.281777
-0.640624
0.714285
0.561408
0.00848557

-0.254462
0.798916
0.544961
0.868884
0.00161201

0.254462
-0.798916
-0.544961
-2.21265
0.964358

-0.430859
0.815516
-0.386386
-0.517754
0.0821593

0.430859
-0.815516
0.386386
0.982871
1.20136e-05

-0.894182
-0.295647
0.336203
0.715268
0.0343907

0.894182
0.295647
-0.336203
-16.1018
123.996

-0.900285
-0.27056
-0.341006
-0.901728
0.286977

0.900285
0.27056
0.341006
0.695071
0.00767384

0.674153
0.65328
-0.344591
-0.353055
0.0866678

-0.674153
-0.65328
0.344591
0.880409
0.000684979

-0.366394
0.493858
-0.788581
-3.82173
3.46279

0.366394
-0.493858
0.788581
0.740156
0.0101501

-0.803301
-0.464756
0.372438
-0.425858
0.277713

0.803301
0.464756
-0.372438
-0.673392
0.382482

-0.216272
0.0882392
0.972338
0.773674
0.021372

0.216272
-0.0882392
-0.972338
-16.3281
124.521

0.438709
-0.898629
0
0.980995
0.00028837

-0.681507
-0.629734
-0.372805
-3.20765
2.67056

0.681507
0.629734
0.372805
0.59274
0.0250502

-0.307589
0.661555
-0.683911
-1.54058
0.541857

0.307589
-0.661555
0.683911
0.819336
0.0027521

-0.300274
0.325667
-0.896536
-9.00362
23.3276

0.300274
-0.325667
0.896536
0.893993
0.00262098

-0.992104
0.0412547
-0.118437
-0.0162318
0.0926819

0.992104
-0.0412547
0.118437
-0.0162318
0.0926819

-0.36059
-0.417765
0.833934
0.747642
0.00683265

0.36059
0.417765
-0.833934
-1.22175
0.409828

-0.56265
-0.289253
0.77444
0.659261
0.0351163

0.56265
0.289253
-0.77444
-9.94143
36.0838

-0.0826135
0.693566
0.71564
-0.695183
0.226251

0.0826135
-0.693566
-0.71564
0.626015
0.0110156

-0.571712
0.563512
0.596321
0.707448
0.00841575

0.571712
-0.563512
-0.596321
-1.63297
0.680529

-0.963234
-0.268665
0
0.205451
0.0482348

0.963234
0.268665
0
0.0934091
0.0625631

-0.535163
0.298875
0.79011
0.697485
0.00483541

0.535163
-0.298875
-0.79011
-0.0205588
0.0550065

0.874576
-0.409834
-0.259139
-0.006145
0.136861

-0.874576
0.409834
0.259139
-1.19253
0.649877

0.248804
0.403188
0.880645
0.905351
0.00456921

-0.0609486
-0.728867
0.681937
0.900983
0.00110272

0.0609486
0.728867
-0.681937
-3.18352
1.9193

0.619263
-0.226655
-0.751759
-2.52692
1.50893

-0.619263
0.226655
0.751759
0.707186
0.0104026

0.00147049
0.620592
0.784132
0.760122
0.00384844

-0.00147049
-0.620592
-0.784132
-0.643669
0.179784

0.501452
0.51042
-0.698583
-0.86701
0.282906

-0.501452
-0.51042
0.698583
0.660434
0.00937909

-0.53188
0.607611
-0.589841
0.0488478
0.0710964

0.53188
-0.607611
0.589841
0.171436
0.0539738

0.588396
-0.438116
-0.679591
0.00450778
0.0539855

-0.588396
0.438116
0.679591
0.661255
0.00631419

0.133544
0.115999
0.984231
0.840477
0.00841114

0.1093
-0.163676
0.98044
0.982011
0.000155051

-0.693477
-0.662011
0.284309
0.856058
0.00238037

-0.624496
-0.698545
-0.349343
0.504131
0.0117563

0.164283
0.522102
0.836911
0.791331
0.00146607

0.923321
0.36402
-0.122342
-3.05733
3.65938

-0.923321
-0.36402
0.122342
-0.394708
0.432544

-0.840962
-0.00485621
-0.541073
-0.0657268
0.0718489

0.840962
0.00485621
0.541073
0.553797
0.0126065

-0.0920375
0.639286
-0.763441
0.482947
0.0131655

0.0920375
-0.639286
0.763441
0.402897
0.0175494

0.803002
-0.557416
-0.210892
0.955936
4.65914e-05

-0.00980232
0.759673
-0.650231
0.452797
0.0478033

0.665703
-0.044238
-0.744904
0.458009
0.0219267

-0.665703
0.044238
0.744904
-0.219478
0.110485

-0.263735
-0.0235606
0.964307
0.885176
0.000700201

0.263735
0.0235606
-0.964307
-0.603387
0.136463

0.922731
0.385444
0
0.713143
0.00259728

-0.922731
-0.385444
0
0.650723
0.00376004

0.0423768
0.628399
0.776736
0.905151
0.00110823

0.0787372
0.525763
0.846979
0.616306
0.0117956

-0.0787372
-0.525763
-0.846979
-0.686889
0.225477

0.402737
-0.305863
-0.8627
-0.00303149
0.165976

-0.402737
0.305863
0.8627
-2.07182
1.55667

-0.543126
-0.391826
0.742622
0.81734
0.0009735

0.597544
0.380164
-0.705986
-9.6007
35.5297

-0.597544
-0.380164
0.705986
0.513233
0.074923

-0.249968
0.779419
0.574475
0.942977
0.000576026

-0.276845
-0.54623
0.790563
0.881833
0.00238742

0.276845
0.54623
-0.790563
-5.8253
7.92786

0.388221
0.242498
-0.889089
-5.75795
7.89051

-0.388221
-0.242498
0.889089
0.862082
0.00335177

-0.811976
-0.413759
0.411701
0.815781
0.0138537

-0.498148
-0.847284
0.184277
0.439706
0.0174609

-0.429315
-0.903155
0
0.434051
0.0147955

0.429315
0.903155
0
0.518813
0.0106984

0.438914
-0.454813
0.774919
-0.155309
0.0441091

0.119223
-0.638838
0.760047
-1.15696
0.223682

-0.119223
0.638838
-0.760047
0.984397
1.71854e-05

0.795468
0.0691391
0.602038
0.206406
0.0175023

-0.795468
-0.0691391
-0.602038
0.929706
0.000138902

-0.866622
-0.363972
-0.341306
-3.11244
2.6296

0.866622
0.363972
0.341306
0.520499
0.0357797

-0.798548
-0.247655
0.548623
0.911486
0.000406133

0.798548
0.247655
-0.548623
-0.6036
0.128242

0.377336
-0.393058
0.838524
0.789303
0.00545589

-0.377336
0.393058
-0.838524
-2.9185
1.85738

-0.0638266
-0.901344
0.428376
0.654536
0.00746532

0.0638266
0.901344
-0.428376
-0.09989
0.0712951

-0.351954
0.550809
-0.756795
-1.67797
0.558192

0.351954
-0.550809
0.756795
0.891073
0.000925808

0.178322
-0.523374
0.833235
-0.166411
0.0445039

-0.253683
-0.310705
-0.916028
-10.0761
36.2988

0.253683
0.310705
0.916028
0.708734
0.0251376

-0.125466
0.439495
0.88944
0.693518
0.0122013

0.125466
-0.439495
-0.88944
-2.75444
1.81053

0.335418
0.0648136
-0.939837
-0.761796
0.271957

-0.335418
-0.0648136
0.939837
0.538771
0.0216261

0.502777
-0.640827
-0.580134
-0.544002
0.125335

-0.502777
0.640827
0.580134
0.876684
0.000805342

0.0976023
-0.209222
-0.972985
-0.851203
0.356254

-0.0976023
0.209222
0.972985
0.323197
0.0476343

0.228085
0.716759
-0.658965
-4.56402
5.64093

-0.228085
-0.716759
0.658965
0.618343
0.0265517

-0.652988
0.441622
0.615286
0.815955
0.0015859

-0.522024
0.109301
0.845898
-5.1436
5.92856

0.522024
-0.109301
-0.845898
0.87462
0.00252303

0.0734824
-0.578648
-0.81226
0.84127
0.0027517

-0.0734824
0.578648
0.81226
-2.54105
1.31548

0.579942
-0.414013
0.701613
0.98569
1.56971e-05

-0.579942
0.414013
-0.701613
-1.5667
0.366983

0.270732
0.295787
0.916086
-0.448125
0.470845

-0.270732
-0.295787
-0.916086
-3.0226
3.6322

0.89209
-0.325258
-0.313661
-0.832763
0.278866

-0.89209
0.325258
0.313661
0.623693
0.0117742

0.493255
-0.720764
0.48703
-0.233642
0.149638

-0.493255
0.720764
-0.48703
0.0149562
0.0958732

0.454674
0.145219
-0.878739
0.725989
0.00337359

-0.454674
-0.145219
0.878739
0.799983
0.00221185

-0.0831554
-0.830673
0.550516
0.472317
0.0537103

0.0831554
0.830673
-0.550516
-4.34226
5.49602

0.335699
-0.297107
0.893887
-1.88969
0.805923

-0.335699
0.297107
-0.893887
0.785063
0.0045561

-0.372323
-0.701857
0.607267
0.827603
0.00646054

0.372323
0.701857
-0.607267
-7.44745
15.4203

-0.83518
0.506205
-0.215012
-0.191066
0.194709

0.83518
-0.506205
0.215012
-0.976361
0.536036

-0.306286
-0.176278
0.935476
0.881949
0.00107397

0.306286
0.176278
-0.935476
-1.54159
0.490816

0.850806
-0.279503
-0.444979
0.847137
0.00940513

-0.9648
0.0707034
0.253303
0.199069
0.0300157

0.9648
-0.0707034
-0.253303
0.677647
0.00486965

-0.689739
-0.0724016
0.720429
0.669941
0.00707306

0.226142
0.884014
0.409119
0.513066
0.0142537

0.55257
-0.345523
0.758472
0.89011
0.00147179

-0.55257
0.345523
-0.758472
-1.4515
0.433985

0.237424
0.258771
-0.936305
-1.66156
0.762494

-0.237424
-0.258771
0.936305
0.611983
0.0163836

0.862185
0.506594
0
-0.79432
0.488907

-0.862185
-0.506594
0
-0.64169
0.409834

0.583626
0.0284382
0.811524
0.753393
0.00546184

-0.583626
-0.0284382
-0.811524
-1.48722
0.555396

0.793951
0.518396
0.317658
-0.709609
0.463603

-0.793951
-0.518396
-0.317658
-0.883394
0.562453

0.356627
-0.644616
0.67623
-0.232979
0.192989

-0.356627
0.644616
-0.67623
-0.659094
0.349272

-0.975124
-0.221659
0
-1.42663
0.428577

0.975124
0.221659
0
0.878092
0.00246154

-0.0741074
0.775058
0.62753
0.865514
0.00430576

0.0741074
-0.775058
-0.62753
-8.88066
23.2308

-0.0491803
0.199258
-0.978712
-8.42436
22.7865

0.0491803
-0.199258
0.978712
0.725286
0.0193633

-0.557241
0.61827
0.554279
-0.370268
0.443537

0.557241
-0.61827
-0.554279
-3.52985
4.84666

0.61118
-0.570961
-0.548144
-0.579284
0.143978

-0.61118
0.570961
0.548144
0.836519
0.00156977

-0.410576
0.911827
0
0.923535
9.63586e-05

0.621377
0.548367
-0.559629
-2.5399
1.74114

-0.621377
-0.548367
0.559629
0.531917
0.0305216

0.610999
0.213421
-0.76232
-1.54521
0.664221

-0.610999
-0.213421
0.76232
0.633806
0.0138612

-0.427527
0.831091
0.35568
0.273869
0.0470341

0.427527
-0.831091
-0.35568
-0.350241
0.162542

-0.176456
-0.347128
-0.921067
0.742672
0.00646563

-0.419102
0.162722
0.893238
-0.262168
0.118821

0.419102
-0.162722
-0.893238
0.515705
0.019859

0.512522
0.616116
0.598098
-0.495641
0.109089

0.661737
0.495247
-0.562881
0.434184
0.0272635

-0.661737
-0.495247
0.562881
-0.494104
0.189986

0.0700039
0.0242953
-0.997251
-10.5407
36.9031

-0.0700039
-0.0242953
0.997251
0.846351
0.00654699

0.288235
-0.850641
-0.439693
-0.195288
0.174776

-0.0339876
0.150609
-0.988009
-2.05393
0.657325

-0.393234
-0.472967
-0.78846
-1.55554
1.31343

0.393234
0.472967
0.78846
-1.01918
0.820117

-0.82425
-0.259271
0.503378
0.0789322
0.0260287

0.82425
0.259271
-0.503378
0.932609
0.000141761

-0.669399
-0.0821707
-0.738345
0.882646
0.000847746

0.669399
0.0821707
0.738345
-0.936802
0.230848

0.856833
0.515594
0
0.913464
0.00417829

0.401652
0.431121
-0.807967
-1.01666
0.416974

-0.401652
-0.431121
0.807967
0.429419
0.033543

-0.952539
-0.120773
0.279435
0.789362
0.012675

0.952539
0.120773
-0.279435
-10.3276
36.6493

-0.251412
-0.798048
-0.547642
-4.47658
5.58613

0.251412
0.798048
0.547642
0.564323
0.0353709

-0.919315
0.206384
0.335061
-0.985526
1.3131

0.919315
-0.206384
-0.335061
-5.28004
13.1346

-0.453391
-0.858672
0.238994
-0.0364697
0.111357

0.453391
0.858672
-0.238994
-0.321201
0.180931

-0.770606
0.54323
-0.333268
0.996507
3.66625e-06

0.131093
0.940759
-0.312708
-1.43142
0.789707

-0.131093
-0.940759
0.312708
0.158669
0.0945621

-0.0788129
-0.111997
0.990578
0.983379
6.97993e-05

-0.621174
-0.254052
-0.74135
-2.45535
1.48877

0.621174
0.254052
0.74135
0.657544
0.0146495

-0.567676
0.13269
0.812489
-0.103176
0.0642339

-0.464624
-0.885508
0
0.399293
0.0587875

0.464624
0.885508
0
-2.97202
2.56436

0.795631
-0.155076
-0.585596
0.164136
0.056835

-0.444497
0.620007
-0.64654
0.338136
0.00814289

0.444497
-0.620007
0.64654
0.978864
1.35425e-05

0.63012
-0.524822
0.572285
0.0162518
0.0469253

-0.63012
0.524822
-0.572285
0.744324
0.00317919

0.160402
0.15909
-0.974146
-35.0423
1008.31

-0.160402
-0.15909
0.974146
0.81611
0.0262541

0.0309943
0.0376424
0.998811
-1.22155
0.450074

-0.0309943
-0.0376424
-0.998811
0.661018
0.010523

0.534311
-0.582566
0.612478
0.88051
0.00225926

-0.367914
-0.512273
0.776025
0.974589
0.000321315

0.367914
0.512273
-0.776025
-23.9484
300.688

0.296816
0.886818
0.354196
0.940485
0.000108231

-0.296816
-0.886818
-0.354196
0.0961431
0.0239777

-0.112332
0.775957
0.620703
0.905813
0.000449141

-0.0465862
0.610009
-0.791024
-0.377272
0.140356

0.0465862
-0.610009
0.791024
0.571622
0.0154127

-0.692827
0.036189
0.720195
0.44072
0.0219098

0.692827
-0.036189
-0.720195
-0.0665593
0.079373

-0.205183
-0.862334
-0.462905
0.937097
9.52234e-05

0.205183
0.862334
0.462905
0.39832
0.00803603

0.515547
-0.778961
0.356976
-1.33767
0.425341

-0.515547
0.778961
-0.356976
0.828668
0.00230674

-0.685497
0.22449
0.692602
0.796258
0.00598174

-0.927638
-0.276976
0.250544
0.374775
0.0327117

0.927638
0.276976
-0.250544
-0.352136
0.152933

0.275334
-0.683998
0.675528
-3.56188
3.35053

-0.275334
0.683998
-0.675528
0.58304
0.0280024

-0.410949
0.741358
-0.530574
-0.0462916
0.0741989

0.410949
-0.741358
0.530574
0.462614
0.0196184

0.739433
-0.352911
0.573317
0.650753
0.0322739

-0.264654
-0.870411
-0.415143
-0.612736
0.1556

0.264654
0.870411
0.415143
0.82408
0.001868

0.422985
0.390368
-0.817738
-1.31952
0.353235

-0.422985
-0.390368
0.817738
0.916978
0.000485321

0.34367
0.760783
-0.550544
-1.01703
0.382857

-0.34367
-0.760783
0.550544
0.549253
0.0191359

0.83322
0.0569503
0.550001
0.748152
0.0184681

-0.250265
0.224243
-0.941851
-3.58517
2.35587

0.250265
-0.224243
0.941851
0.930686
0.000542488

-0.314172
-0.628195
-0.711806
0.0868642
0.0832581

0.314172
0.628195
0.711806
-0.372079
0.187767

0.190188
-0.339459
0.921193
0.93731
0.000312447

0.220894
-0.678088
-0.701001
-9.94143
36.0981

-0.220894
0.678088
0.701001
0.659261
0.0350337

0.652756
-0.737622
0.172695
-1.22221
0.541614

-0.652756
0.737622
-0.172695
0.419484
0.0369693

0.292611
0.162692
0.94229
-0.874537
0.691682

-0.292611
-0.162692
-0.94229
-1.61367
1.33559

0.12257
0.571044
0.811718
0.508183
0.0227195

-0.12257
-0.571044
-0.811718
-0.895095
0.335147

-0.592017
-0.430748
0.681154
0.0833046
0.0376751

0.169571
-0.665379
-0.726991
0.0600314
0.106605

-0.169571
0.665379
0.726991
-0.886449
0.428762

0.358398
0.12399
0.925298
0.950728
0.0017769

-0.589054
0.301411
0.749778
0.793267
0.00212936

0.589054
-0.301411
-0.749778
-0.0994456
0.0585901

-0.647596
-0.761528
0.0263756
0.88003
0.00132978

0.647596
0.761528
-0.0263756
-2.23837
0.968345

0.253171
-0.717833
-0.648553
0.781119
0.00310799

-0.253171
0.717833
0.648553
-0.61257
0.166048

-0.36762
0.10325
-0.924227
-0.516465
0.220497

0.36762
-0.10325
0.924227
0.261864
0.0522533

-0.298818
0.370345
0.879518
0.839563
0.00112887

-0.656101
-0.672368
-0.342714
0.907392
0.000422171

0.656101
0.672368
0.342714
-0.551759
0.1183

-0.0278491
0.336598
-0.941236
-3.61257
2.358

0.0278491
-0.336598
0.941236
0.937634
0.000464457

-0.384054
-0.380468
0.841277
0.463254
0.0268852

0.384054
0.380468
-0.841277
-0.780703
0.29412

-0.951979
0.306162
0
0.291775
0.0680595

0.951979
-0.306162
0
-1.68577
0.956803

-0.000396547
1
0
-0.088034
0.0762874

-0.193921
-0.543691
0.816575
0.0535111
0.209105

0.193921
0.543691
-0.816575
-4.4518
6.93501

-0.0399297
0.858594
-0.511098
0.590748
0.00778302

-0.306119
0.429225
-0.849739
-1.35496
0.567058

0.306119
-0.429225
0.849739
0.572782
0.0188167

-0.336987
-0.871687
0.35581
0.926181
0.000615789

0.336987
0.871687
-0.35581
-3.56821
2.35288

0.275432
-0.672488
0.686948
0.731318
0.0125382

-0.275432
0.672488
-0.686948
-4.77555
5.75936

-0.372994
0.46144
-0.804953
-3.75285
3.43429

0.372994
-0.46144
0.804953
0.702946
0.0135258

0.00914722
0.237284
0.971397
0.879721
0.000878124

-0.00914722
-0.237284
-0.971397
-0.866592
0.209743

-0.126182
0.364243
0.922716
0.465047
0.0119224

0.126182
-0.364243
-0.922716
0.590427
0.00700121

-0.174159
-0.939097
0.296252
0.440795
0.021071

0.174159
0.939097
-0.296252
-0.00547111
0.0681102

-0.0232341
-0.297829
0.954337
0.977024
0.000379016

0.0232341
0.297829
-0.954337
-36.6863
1015.87

0.199293
-0.958471
-0.204
0.957984
0.000146604

-0.199293
0.958471
0.204
-2.47933
0.998057

-0.812859
0.334619
-0.47675
-0.25262
0.151391

0.812859
-0.334619
0.47675
0.0553348
0.0861349

0.0416402
0.274855
0.960584
0.966309
3.09083e-05

0.356726
-0.134793
0.924433
0.947703
6.30849e-05

-0.990553
-0.137129
0
-1.62044
1.34595

0.990553
0.137129
0
-0.858258
0.676892

0.164731
-0.587909
-0.791977
-0.776279
0.234597

-0.164731
0.587909
0.791977
0.712091
0.00618643

0.119393
-0.465251
0.87709
0.91094
0.000411764

-0.119393
0.465251
-0.87709
-0.476296
0.102308
