
0.827801
0.210291
0.520119
0.554969
0.0109565

-0.827801
-0.210291
-0.520119
0.155727
0.0394012

0.0742795
-0.00835158
0.997203
0.216466
0.184248

-0.0742795
0.00835158
-0.997203
-7.45894
21.4238

-0.769572
0.520997
0.369217
0.875116
0.000930914

0.769572
-0.520997
-0.369217
-0.797759
0.1909

0.627759
0.478316
-0.614111
-2.43261
4.50865

-0.627759
-0.478316
0.614111
-4.36346
11.0068

-0.663945
-0.747782
0
0.500272
0.0280152

0.663945
0.747782
0
-0.732707
0.270014

-0.0529783
0.905781
0.420421
0.765272
0.00428914

0.0529783
-0.905781
-0.420421
-1.06255
0.329429

-0.0251923
0.0251092
0.999367
0.99636
9.45963e-06

0.495665
0.363119
-0.788962
-1.59
0.747313

-0.495665
-0.363119
0.788962
0.543124
0.0233977

-0.671469
-0.741033
0
-0.453805
0.645536

0.671469
0.741033
0
-5.56488
13.1486

0.355027
-0.821877
0.445504
0.756207
0.00320959

-0.355027
0.821877
-0.445504
-0.179963
0.074636

0.451845
0.192908
-0.870989
-0.549171
0.12821

-0.451845
-0.192908
0.870989
0.87999
0.00160366

-0.224481
-0.0955235
0.969785
0.982309
5.68822e-05

0.224481
0.0955235
-0.969785
-6.36247
8.09063

-0.707105
-0.707108
0
-2.67919
-0.833933

0.707105
0.707108
0
0.591199
0.306245

0.255232
0.0323729
0.966338
-1.30401
0.322101

-0.255232
-0.0323729
-0.966338
0.943992
0.000221594

-0.708398
-0.138504
-0.69209
-0.653448
0.158245

0.708398
0.138504
0.69209
0.853639
0.00127907

0.322968
0.889806
-0.322392
0.992804
3.3348e-06

0.435781
-0.520754
-0.734105
-0.135094
0.0690529

-0.435781
0.520754
0.734105
0.739381
0.0037065

-0.93226
-0.36179
0
0.473406
0.0349548

0.93226
0.36179
0
-0.462762
0.187151

-0.0699081
-0.099751
-0.992554
-37.053
1016.24

0.0699081
0.099751
0.992554
0.991648
5.39923e-05

-0.404128
-0.556582
0.725877
0.721445
0.00336545

0.404128
0.556582
-0.725877
0.250227
0.0239732

0.642658
-0.538103
-0.545377
-0.0360775
0.0266185

-0.634056
-0.707601
-0.311888
0.983857
2.98257e-05

0.634056
0.707601
0.311888
-4.22624
2.94837

0.36558
0.514471
0.775674
0.938906
0.000186071

-0.36558
-0.514471
-0.775674
-0.70931
0.141406

0.0427036
0.562651
0.825591
0.729723
0.00512555

-0.949745
0.313024
0
-0.410517
0.183409

0.949745
-0.313024
0
0.286728
0.0494837

-0.258411
-0.506183
-0.822802
-13.2208
64.2969

0.258411
0.506183
0.822802
0.894316
0.00356194

0.414088
-0.04605
0.909071
0.849321
0.00295021

-0.414088
0.04605
-0.909071
-3.6772
2.83819

-0.668003
-0.385944
0.636254
-4.21022
4.39753

0.668003
0.385944
-0.636254
0.711545
0.0135464

0.165236
-0.182633
0.969197
-0.361494
0.265111

-0.165236
0.182633
-0.969197
-0.901589
0.516731

0.816518
0.414239
0.402124
-3.05731
3.07652

-0.816518
-0.414239
-0.402124
0.125403
0.143023

0.103393
-0.951634
0.289313
-0.64533
0.490246

-0.103393
0.951634
-0.289313
-1.51069
1.14148

0.768878
0.532815
0.353462
0.463268
0.010524

-0.768878
-0.532815
-0.353462
0.694186
0.00343432

0.635164
-0.435514
0.637883
0.173969
0.0982821

-0.635164
0.435514
-0.637883
-1.77638
1.10866

-0.652884
0.038282
0.75649
-7.01363
11.0668

0.652884
-0.038282
-0.75649
0.959755
0.00027933

-0.690368
-0.123779
0.712791
0.931416
0.000939626

0.10504
-0.492267
0.864083
0.871939
0.000377361

-0.285599
-0.185608
0.940204
0.962109
0.000332716

-0.55466
-0.725655
0.407157
0.441392
0.0204037

0.828541
0.456399
-0.324377
-0.33078
0.0953996

-0.828541
-0.456399
0.324377
0.805991
0.00203825

0.461521
-0.157211
-0.873088
-22.8609
298.238

-0.461521
0.157211
0.873088
0.851284
0.011593

-0.0563914
-0.575037
0.816182
0.760923
0.00586277

0.0563914
0.575037
-0.816182
-2.01295
0.929548

0.0429285
-0.069198
0.996679
0.981463
2.9694e-05

0.453617
0.0558496
0.889445
-4.30982
6.79532

-0.453617
-0.0558496
-0.889445
-0.0970721
0.290129

-0.319224
0.306649
-0.896695
0.699197
0.00728263

0.319224
-0.306649
0.896695
-0.90604
0.287397

-0.37645
0.292603
0.879016
0.805643
0.000704082

0.270038
0.56385
0.780482
0.735614
0.00506438

-0.270038
-0.56385
-0.780482
-0.736065
0.214759

0.624453
0.461838
0.629893
0.423629
0.0170081

-0.624453
-0.461838
-0.629893
0.423629
0.0170081

0.81131
-0.0560459
0.581923
-1.5067
0.810544

-0.81131
0.0560459
-0.581923
0.267576
0.0692255

0.0407374
-0.884909
0.46398
0.453393
0.00636063

-0.687728
-0.309162
0.656848
-0.118878
0.120406

0.687728
0.309162
-0.656848
-0.0575836
0.107591

-0.0532532
0.230553
0.971602
0.863491
0.00353909

-0.965505
0.000781052
-0.260385
0.0402274
0.0874953

0.165975
-0.152196
-0.974315
0.171436
0.0539017

-0.165975
0.152196
0.974315
0.0488478
0.0710223

0.214773
-0.11389
0.970001
0.1329
0.13249

-0.214773
0.11389
-0.970001
-2.72056
2.43883

-0.858621
-0.101014
0.502559
0.194115
0.0337234

0.187596
0.0929256
0.977841
0.981327
3.05902e-05

0.63775
-0.770243
0
0.595844
0.00933119

0.124516
-0.915382
0.382847
0.86776
0.00141003

-0.124516
0.915382
-0.382847
-1.6285
0.552622

0.201133
-0.800074
-0.565178
-2.72379
1.80252

-0.201133
0.800074
0.565178
0.673086
0.013907

0.0851211
0.601143
0.794595
0.837347
0.00135075

0.137805
-0.135984
0.98108
0.737485
0.0053354

0.194917
-0.811527
-0.550846
0.377305
0.0339321

0.832444
0.295894
-0.468491
-0.715869
0.159602

-0.832444
-0.295894
0.468491
0.898656
0.000579444

-0.43932
-0.731554
0.52137
0.921934
0.0030888

0.43932
0.731554
-0.52137
-23.3655
299.632

0.106436
0.641967
-0.759309
-16.5123
124.99

-0.106436
-0.641967
0.759309
0.815781
0.0138954

0.696192
0.407057
0.591288
0.695987
0.00330296

-0.696192
-0.407057
-0.591288
0.478662
0.00970419

0.805482
-0.451244
-0.38416
-0.877209
0.760615

-0.805482
0.451244
0.38416
-2.10314
2.07828

-0.300571
-0.351904
0.886465
0.479904
0.0863506

0.300571
0.351904
-0.886465
-9.53186
35.4047

0.659546
-0.72084
-0.213046
-0.760827
0.401861

-0.659546
0.72084
0.213046
-0.205994
0.18852

-0.407104
-0.413519
0.814413
0.0255315
0.0890418

0.407104
0.413519
-0.814413
-0.148681
0.123642

0.561154
-0.418612
0.714052
0.632828
0.0133654

0.518422
0.779819
0.350886
0.762722
0.00277859

-0.442937
0.852908
-0.276324
0.962279
0.000100139

0.134096
-0.125274
0.983018
0.962425
0.000137137

0.496083
0.81815
-0.290743
0.985047
2.48223e-05

0.162033
0.22624
0.9605
0.954533
0.000527438

0.564835
0.283636
-0.774927
-8.86319
23.2152

-0.564835
-0.283636
0.774927
0.861161
0.00460559

0.639336
0.739763
0.209761
0.426837
0.0309799

-0.639336
-0.739763
-0.209761
-0.755311
0.290461

0.736683
-0.617165
0.276415
0.484635
0.0237649

-0.736683
0.617165
-0.276415
-0.721359
0.264935

0.897513
0.323631
0.299554
-1.02985
0.457728

-0.897513
-0.323631
-0.299554
0.304459
0.0537683

0.528052
-0.167344
0.832561
0.789856
0.00515616

0.632555
0.547477
0.547853
0.596527
0.0098731

-0.632555
-0.547477
-0.547853
-0.0617847
0.0682953

-0.597704
-0.801717
0
-1.13206
0.520201

0.597704
0.801717
0
0.295089
0.0663434

-0.677702
-0.00229775
-0.735334
0.879557
0.000849436

0.677702
0.00229775
0.735334
-0.693723
0.160652

0.459686
-0.302962
0.834807
0.131121
0.110198

-0.459686
0.302962
-0.834807
-1.74609
1.09821

0.819134
0.113034
-0.562355
-4.19044
4.38848

-0.819134
-0.113034
0.562355
0.701031
0.0146145

-0.196227
-0.917442
0.346115
0.882072
0.00187193

0.0868928
0.510154
-0.855682
-0.159794
0.158786

0.373251
-0.138292
0.917365
0.912092
0.00181832

-0.373251
0.138292
-0.917365
-9.09154
23.3702

-0.492688
-0.193729
0.848367
0.801481
0.000476625

0.646396
0.50788
-0.569412
-1.01703
0.382857

-0.646396
-0.50788
0.569412
0.549253
0.019137

0.581459
-0.347231
0.735756
0.851561
0.00309072

-0.581459
0.347231
-0.735756
-4.07326
3.55447

-0.559358
0.181445
0.808824
0.707798
0.00947115

-0.128093
-0.535233
-0.834936
-0.367385
0.114973

0.128093
0.535233
0.834936
0.725222
0.00465322

0.615757
-0.69702
-0.367432
-0.671732
0.454671

-0.615757
0.69702
0.367432
-1.02278
0.665638

-0.162241
0.153639
0.974717
0.553043
0.07331

0.162241
-0.153639
-0.974717
-12.0332
62.1216

0.455594
-0.443715
0.77172
0.769978
0.000892098

-0.455594
0.443715
-0.77172
0.850867
0.000379773

-0.68459
-0.556977
-0.470226
0.94499
0.000539384

-0.0237622
-0.550514
0.834488
-5.48861
6.03932

0.0237622
0.550514
-0.834488
0.956275
0.000292769

-0.447626
0.752093
0.483723
-1.08208
0.239575

0.447626
-0.752093
-0.483723
0.947228
0.000161279

-0.17742
-0.639216
-0.748281
0.560372
0.0111083

0.17742
0.639216
0.748281
0.0883888
0.0477264

0.13538
0.252737
0.958017
0.485106
0.0989005

-0.124354
-0.111474
0.985956
0.966202
0.000133683

0.648867
0.0381871
-0.759943
0.927491
0.00137755

-0.648867
-0.0381871
0.759943
-10.9418
37.2881

0.621799
0.0879874
0.778219
0.822816
0.00320385

-0.621799
-0.0879874
-0.778219
-2.30025
1.11017

0.302802
0.685667
-0.661946
0.0367693
0.0523144

-0.302802
-0.685667
0.661946
0.60993
0.00858168

-0.29156
-0.341453
0.893534
0.883035
0.000354488

-0.0790015
-0.0044205
-0.996865
-1.89988
1.30112

0.0790015
0.0044205
0.996865
0.0688088
0.134188

-0.881364
-0.36347
0.301808
0.836893
0.00136368

0.881364
0.36347
-0.301808
-0.330318
0.0903739

-0.280317
-0.923808
0.260769
0.323198
0.0476365

0.124613
-0.504691
-0.854259
-5.05583
5.8966

-0.124613
0.504691
0.854259
0.846092
0.00382544

-0.948919
0.0201089
-0.314878
0.430505
0.0264686

0.948919
-0.0201089
0.314878
-0.383841
0.156167

0.791311
-0.10108
-0.603
-0.317107
0.0867235

-0.791311
0.10108
0.603
0.854207
0.00153086

-0.13068
-0.8831
0.450619
0.690414
0.0107228

0.13068
0.8831
-0.450619
-2.0873
1.0655

0.479211
0.439946
-0.759476
0.987481
9.35024e-06

-0.398376
-0.917222
0
0.689131
0.0220188

0.649516
0.760348
0
0.591594
0.0477696

-0.0776591
-0.84366
-0.531231
-0.442352
0.172602

0.0776591
0.84366
0.531231
0.440827
0.0260007

0.0966931
0.520646
0.84828
0.532936
0.0213385

-0.0966931
-0.520646
-0.84828
-1.09917
0.430901

0.345564
0.0658532
0.936082
0.948345
0.000813217

-0.345564
-0.0658532
-0.936082
-13.579
64.6923

0.231247
0.0972859
-0.968019
-0.196723
0.159206

-0.231247
-0.0972859
0.968019
-0.318382
0.193144

-0.527481
0.517871
-0.673479
0.744046
0.00161645

0.527481
-0.517871
0.673479
0.735025
0.00172781

0.1991
-0.806831
0.556222
0.297874
0.0306525

-0.1991
0.806831
-0.556222
0.297874
0.0306525

0.596034
0.786073
-0.163804
0.302854
0.0815559

-0.596034
-0.786073
0.163804
-2.87342
2.51737

0.211689
-0.890826
0.402016
0.430505
0.026454

-0.211689
0.890826
-0.402016
-0.383841
0.156152

0.535422
-0.800972
-0.267895
-0.0795217
0.0631095

-0.535422
0.800972
0.267895
0.705597
0.00470312

-0.286074
-0.957462
-0.0377916
-1.59872
0.608094

0.286074
0.957462
0.0377916
0.778158
0.00443425

0.0315077
0.609369
0.79226
-1.14159
0.939077

-0.0315077
-0.609369
-0.79226
-1.50907
1.28632

-0.674707
-0.537989
-0.50531
0.718103
0.00293882

0.674707
0.537989
0.50531
0.434014
0.011689

-0.242057
-0.301249
-0.922311
-0.0341671
0.140914

0.242057
0.301249
0.922311
-1.05339
0.555474

0.731285
0.140066
0.667535
0.945478
0.000361762

-0.731285
-0.140066
-0.667535
-3.99485
2.91267

-0.334801
-0.748261
0.572725
0.844566
0.00253815

-0.060256
0.666465
-0.743097
-1.77771
0.985676

0.060256
-0.666465
0.743097
0.403479
0.0456166

-0.310732
0.950498
0
-0.763756
0.341179

0.310732
-0.950498
0
0.174313
0.0747779

-0.774608
-0.632442
0
-1.98125
0.652748

0.774608
0.632442
0
0.952389
0.000170194

-0.380692
-0.579107
-0.720908
-0.700348
0.282513

0.380692
0.579107
0.720908
0.341689
0.0423509

0.00942405
-0.0104365
0.999901
0.742554
0.0123901

-0.315584
-0.948898
0
0.155748
0.0769004

0.315584
0.948898
0
-0.672305
0.300558

0.151206
0.604355
-0.782235
-1.29862
0.506091

-0.151206
-0.604355
0.782235
0.63222
0.0130718

0.811018
0.253826
0.527088
-0.849714
0.303471

-0.811018
-0.253826
-0.527088
0.553654
0.017685

0.182679
0.0587135
-0.981418
-0.962449
0.344711

-0.182679
-0.0587135
0.981418
0.58902
0.0153099

0.614388
-0.288676
0.734298
-2.38196
0.987441

-0.614388
0.288676
-0.734298
0.931955
0.00040523

-0.180985
-0.0493583
0.982247
0.97053
0.000261917

-0.174578
-0.533892
-0.827334
0.335098
0.0133032

0.174578
0.533892
0.827334
0.864171
0.000557999

-0.0859969
0.771571
0.630304
0.435409
0.0069

0.188173
-0.499346
0.845722
0.217938
0.0256057

-0.188173
0.499346
-0.845722
0.748073
0.00267578

-0.110482
-0.993461
0.0287862
-0.418951
0.381846

0.110482
0.993461
-0.0287862
-2.06386
1.78026

-0.70348
-0.328275
-0.630358
-0.922491
0.57387

0.825182
-0.313696
-0.469754
-4.0319
4.30831

-0.825182
0.313696
0.469754
0.608117
0.0261799

-0.736601
0.050834
0.674414
0.51777
0.0229193

0.736601
-0.050834
-0.674414
-1.08631
0.428779

0.533231
-0.154637
-0.831717
-0.275271
0.114986

-0.533231
0.154637
0.831717
0.550416
0.0144143

-0.407815
0.830302
-0.379849
0.693517
0.00256517

0.129444
-0.241625
0.961697
0.866532
0.00494623

-0.129444
0.241625
-0.961697
-10.6266
36.9666

-0.314484
0.65875
0.683482
0.440037
0.0302107

0.314484
-0.65875
-0.683482
-0.844284
0.327581

0.0681709
-0.810746
0.581415
0.595676
0.00892969

0.263615
-0.0556155
0.963023
0.306877
0.0591881

-0.263615
0.0556155
-0.963023
-1.39056
0.700743

-0.827195
-0.256334
0.500042
0.0898361
0.109052

0.827195
0.256334
-0.500042
-1.24754
0.664476

0.0901478
-0.71932
0.688805
-1.29461
0.351292

-0.0901478
0.71932
-0.688805
0.90628
0.000632251

0.560551
0.333317
0.758078
0.809799
0.00431841

0.499545
0.569618
0.65268
-0.674387
0.149321

-0.499545
-0.569618
-0.65268
0.898123
0.000559031

-0.13298
0.827732
0.545139
0.0530746
0.145824

0.13298
-0.827732
-0.545139
-2.11082
1.57347

0.386778
0.846365
-0.366154
-0.703678
0.389257

-0.386778
-0.846365
0.366154
-0.346129
0.243039

-0.205283
-0.146423
-0.967687
-0.602684
0.398992

0.205283
0.146423
0.967687
-0.922479
0.573886

0.678711
-0.367453
-0.635869
-0.454338
0.135666

-0.678711
0.367453
0.635869
0.724432
0.00492609

-0.787396
0.0824919
-0.610903
0.754286
0.00166113

0.787396
-0.0824919
0.610903
0.649748
0.00331497

0.372657
-0.127821
-0.919124
-6.88573
11.0204

-0.372657
0.127821
0.919124
0.938606
0.000668629

0.232087
0.52054
0.82169
0.323027
0.0523803

-0.232087
-0.52054
-0.82169
-1.15122
0.526988

0.356399
-0.852241
0.382968
-0.029788
0.14952

-0.356399
0.852241
-0.382968
-1.317
0.75667

0.257312
-0.949904
-0.177405
0.939782
0.000172358

-0.00840001
0.815072
0.579298
0.58768
0.00739901

-0.617729
0.478327
0.624191
0.712427
0.0213499

0.617729
-0.478327
-0.624191
-8.39013
22.7461

0.733996
0.339091
0.588444
-0.551569
0.259877

-0.733996
-0.339091
-0.588444
0.0613947
0.0951813

0.0267183
-0.273766
-0.961425
-1.81799
0.888571

0.564369
-0.281719
0.775965
0.68384
0.0261209

-0.564369
0.281719
-0.775965
-8.3171
22.6603

0.531052
-0.16132
0.831841
0.851284
0.0116004

-0.531052
0.16132
-0.831841
-22.8609
298.223

-0.803969
0.495508
-0.328793
-2.97202
2.56515

0.803969
-0.495508
0.328793
0.399293
0.0587035

0.319925
0.940936
-0.110852
0.705187
0.00543234

-0.319925
-0.940936
0.110852
-0.349579
0.113774

-0.520658
-0.701998
-0.485915
-2.5399
1.74157

0.520658
0.701998
0.485915
0.531917
0.0304658

0.0274066
0.269964
0.96248
-1.2184
0.7271

-0.0274066
-0.269964
-0.96248
-0.217246
0.218925

-0.757489
-0.649289
0.0680674
0.177596
0.0557105

0.757489
0.649289
-0.0680674
-0.0507569
0.0909301

0.804375
-0.355444
0.476068
0.555824
0.0129412

-0.804375
0.355444
-0.476068
-0.130331
0.0835637

-0.337692
-0.603899
0.721991
-1.89473
1.01786

0.337692
0.603899
-0.721991
0.526938
0.0272153

0.130772
-0.991412
0
0.582917
0.0165968

-0.130772
0.991412
0
-1.14377
0.438102

-0.271814
0.465374
-0.842344
-1.08629
0.239761

0.271814
-0.465374
0.842344
0.948665
0.000166925

0.300217
0.322101
0.897842
-0.315857
0.100056

-0.300217
-0.322101
-0.897842
0.754908
0.00356971

-0.410565
-0.367056
0.83469
0.848204
0.00759387

0.410565
0.367056
-0.83469
-12.9895
63.9536

-0.0787904
0.882619
0.463439
-0.265414
0.185208

0.0787904
-0.882619
-0.463439
-0.354186
0.212093

-0.540386
0.0737985
0.838175
0.882158
0.00294084

0.540386
-0.0737985
-0.838175
-7.79326
16.3377

-0.464221
0.0462984
0.884509
0.895385
0.00128266

-0.333385
0.772994
0.539754
0.526752
0.0261967

0.333385
-0.772994
-0.539754
-1.72588
0.866811

-0.466905
0.257533
0.845977
0.801964
0.00861605

-0.197058
0
-0.980392
-11.3574
60.369

0.197058
0
0.980392
0.227667
0.23624

-0.0562905
0.373486
-0.925927
0.890728
0.00380622

0.0562905
-0.373486
0.925927
-13.201
64.2806

-0.315866
0.534459
0.783953
0.79451
0.00189399

0.315866
-0.534459
-0.783953
0.0187787
0.0430976

-0.16355
-0.325051
-0.931447
0.738443
0.00553035

-0.748394
-0.501569
-0.433977
-3.18575
3.15195

0.748394
0.501569
0.433977
0.263903
0.0975471

-0.916306
0.242676
0.318577
0.396641
0.0107868

0.916306
-0.242676
-0.318577
0.845546
0.000714015

-0.0926548
0.793458
0.601532
0.348027
0.043786

0.647693
0.48955
-0.58381
-34.6462
1005.47

-0.647693
-0.48955
0.58381
0.752456
0.0485022

0.85555
0.517721
0
-0.57344
0.191393

-0.537232
0.754343
0.377291
0.271671
0.0275548

0.487382
0.485649
-0.725675
0.935969
0.000356741

-0.487382
-0.485649
0.725675
-2.22348
0.8528

-0.656146
-0.383677
-0.649818
-2.60128
1.52835

0.656146
0.383677
0.649818
0.753663
0.00716589

0.235339
-0.393625
-0.888637
0.997514
5.87323e-07

-0.10055
-0.613812
-0.783023
0.240379
0.0782461

-0.391286
-0.76331
-0.514056
-1.03452
0.606157

0.391286
0.76331
0.514056
-0.327261
0.258047

0.485073
-0.641857
-0.593906
-0.367179
0.145386

-0.485073
0.641857
0.593906
0.484519
0.0207373

0.780912
0.624641
0
-0.132461
0.0809383

0.000839615
-0.966052
0.258348
0.0681602
0.0430264

-0.000839615
0.966052
-0.258348
0.703764
0.00435665

-0.946786
0.307105
-0.096345
0.769472
0.00564736

0.946786
-0.307105
0.096345
-2.20534
1.09139

0.625609
-0.691181
-0.361776
-0.315837
0.0510747

0.406324
-0.177811
-0.896261
0.909178
0.00108586

-0.0745475
0.938375
-0.337484
0.222328
0.0527648

-0.916654
-0.399682
0
0.444852
0.0221738

0.916654
0.399682
0
0.278086
0.0348551

0.150564
0.171241
-0.973657
-36.8366
1016.16

-0.150564
-0.171241
0.973657
0.983915
0.000185988

0.0459023
0.422399
-0.905247
-0.425858
0.277884

-0.0459023
-0.422399
0.905247
-0.673392
0.382596

-0.0267399
-0.499797
-0.86573
-1.22069
0.411281

0.0267399
0.499797
0.86573
0.746806
0.00544947

0.310089
0.538064
0.783793
-3.45579
3.29796

-0.310089
-0.538064
-0.783793
0.504912
0.0407568

-0.0884925
0.945882
-0.312211
-1.86416
1.28727

0.0884925
-0.945882
0.312211
0.0157597
0.152051

-0.710119
0.685894
-0.158997
0.574027
0.0089638

0.710119
-0.685894
0.158997
0.285542
0.0252088

-0.776026
-0.542631
-0.321459
-0.305886
0.131468

0.776026
0.542631
0.321459
0.460324
0.0224732

-0.54029
-0.400912
0.739835
0.926414
0.000351742

0.54029
0.400912
-0.739835
-1.34311
0.355114

-0.0977549
0.330231
0.938825
0.936812
0.000505443

-0.171067
0.440666
0.881221
0.752956
0.00273875

0.171067
-0.440666
-0.881221
0.113106
0.0352675

-0.777818
-0.0783383
0.623589
-0.89055
0.308831

0.777818
0.0783383
-0.623589
0.601668
0.0137287

-0.183808
0.674677
-0.714861
-0.690308
0.303409

0.183808
-0.674677
0.714861
0.189858
0.0698297

-0.408128
0.748507
0.522655
0.807164
0.00258459

0.408128
-0.748507
-0.522655
-0.888018
0.244981

-0.361121
-0.200672
0.910671
0.975076
0.000186213

0.361121
0.200672
-0.910671
-13.8386
64.8838

-0.383295
-0.225066
0.895785
0.0248272
0.0991712

0.383295
0.225066
-0.895785
-0.404253
0.205339

-0.261746
-0.757436
-0.598147
0.392391
0.0293997

0.261746
0.757436
0.598147
-0.267725
0.127969

-0.620218
-0.0977755
0.778312
0.276581
0.0650497

0.620218
0.0977755
-0.778312
-1.36875
0.695436

-0.606134
-0.184125
-0.773757
-0.16652
0.0670986

0.606134
0.184125
0.773757
0.805154
0.00187441

-0.935127
0.157409
0.317428
0.619596
0.0109205

0.935127
-0.157409
-0.317428
-0.568082
0.18526

0.102076
0.206841
0.973035
0.874075
0.00230854

-0.837352
0.405193
-0.36696
0.662494
0.00684213

0.710761
-0.172852
0.681866
0.93799
0.000378699

0.125806
-0.273165
-0.953705
-1.29862
1.53564

-0.125806
0.273165
0.953705
-3.5053
5.89689

-0.02959
-0.753777
0.656464
0.520499
0.0358499

0.02959
0.753777
-0.656464
-3.11244
2.62876

0.756599
-0.081503
0.64878
0.96013
0.000349538

-0.756599
0.081503
-0.64878
-9.38979
23.5627

-0.857531
-0.399874
0.323637
-0.25262
0.151355

0.857531
0.399874
-0.323637
0.0553348
0.0860974

-0.979739
0.130434
0.151983
0.151488
0.055186

0.979739
-0.130434
-0.151983
0.112482
0.0603757

0.6386
-0.0959194
0.763537
0.0560331
0.1929

-0.6386
0.0959194
-0.763537
-3.87587
5.14584

-0.188838
-0.963122
-0.191667
0.94036
0.00134915

0.188838
0.963122
0.191667
-17.2647
126.409

0.0175511
0.990414
0.137012
0.982439
9.26301e-06

-0.0175511
-0.990414
-0.137012
-0.209254
0.04298

0.611032
-0.0134559
-0.791492
-0.622555
0.270962

-0.611032
0.0134559
0.791492
0.204946
0.0652139

-0.0122457
0.40777
-0.913003
0.160503
0.0524947

0.0122457
-0.40777
0.913003
0.160503
0.0524947

-0.711062
0.208426
0.671528
-2.47046
1.49258

0.711062
-0.208426
-0.671528
0.66844
0.0137063

0.74624
0.386567
0.541933
0.996509
3.89499e-07

0.789276
0.51383
0.336188
0.489853
0.0173887

-0.789276
-0.51383
-0.336188
-0.0605738
0.0750759

0.11011
0.64518
-0.756055
0.561171
0.0186865

-0.11011
-0.64518
0.756055
-1.12393
0.434885

-0.653541
0.208882
-0.727497
0.895151
0.000802477

0.653541
-0.208882
0.727497
-1.46242
0.438125

-0.563444
0.0103782
0.826089
0.867765
0.00199882

-0.288221
-0.0360626
-0.956884
-0.79366
0.177727

0.288221
0.0360626
0.956884
0.904897
0.000501048

-0.706821
0.0208326
-0.707085
-0.993654
0.321582

0.706821
-0.0208326
0.707085
0.706693
0.00703703

-0.529875
-0.815953
-0.231202
-0.0984381
0.0703298

0.529875
0.815953
0.231202
0.652448
0.00704866

-0.426767
-0.836336
0.344111
0.451298
0.022878

0.426767
0.836336
-0.344111
-0.256931
0.119934

-0.889142
-0.457631
0
-0.614811
0.290813

0.889142
0.457631
0
0.0390306
0.103085

0.31962
-0.741789
-0.58957
0.467501
0.028675

0.246174
-0.110291
-0.96293
-6.72338
14.7446

-0.246174
0.110291
0.96293
0.51729
0.0576603

0.844723
0.535204
0
0.44991
0.00866546

-0.395099
0.756139
0.521681
0.0969937
0.0562803

0.0701397
-0.540172
-0.838627
-1.95598
0.817546

-0.0701397
0.540172
0.838627
0.823744
0.00290727

0.557767
-0.242851
0.793675
0.963763
0.000439234

0.400292
-0.586648
0.703996
0.815781
0.013849

-0.400292
0.586648
-0.703996
-16.5123
125.027

0.191052
-0.485759
-0.852958
-7.00082
11.0615

-0.191052
0.485759
0.852958
0.957852
0.000309047

-0.133007
0.369676
0.919592
-4.34226
5.49305

0.133007
-0.369676
-0.919592
0.472317
0.0538394

0.996818
0.0513937
-0.0609336
0.295854
0.0232767

-0.996818
-0.0513937
0.0609336
0.613343
0.00702496

-0.333105
0.908332
0.252929
0.261675
0.018813

0.333105
-0.908332
-0.252929
0.834582
0.000949368

0.183564
-0.575078
-0.797239
0.282726
0.0222094

-0.183564
0.575078
0.797239
0.690798
0.00414427

-0.0775417
-0.484402
0.871403
0.722579
0.0146064

0.0775417
0.484402
-0.871403
-5.39176
7.68811

0.531811
0.248736
0.80951
0.300536
0.0264606

-0.531811
-0.248736
-0.80951
0.468747
0.0152708

0.099911
-0.246252
-0.964042
0.929273
0.00116982

0.157984
0.124088
-0.979614
-17.2787
126.422

-0.157984
-0.124088
0.979614
0.941984
0.00127736

0.0585053
0.587878
-0.806831
0.247722
0.191504

-0.0585053
-0.587878
0.806831
-9.11393
34.5646

0.121455
-0.855709
-0.503002
0.644456
0.0128943

-0.121455
0.855709
0.503002
-1.55712
0.66671

-0.339672
-0.781629
0.523143
0.543431
0.0103905

-0.786013
0.529399
-0.31925
0.0985782
0.0453158

0.786013
-0.529399
0.31925
0.583183
0.00969261

0.328676
0.784769
-0.525461
-3.92176
4.24748

-0.328676
-0.784769
0.525461
0.534035
0.0381425

0.197317
-0.0576913
0.978641
0.485108
0.0267439

-0.197317
0.0576913
-0.978641
-1.05957
0.424277

-0.746317
-0.624257
0.2309
-0.886203
0.182356

0.746317
0.624257
-0.2309
0.945551
0.000153687

-0.541666
-0.411345
0.733071
-8.62915
22.9905

0.541666
0.411345
-0.733071
0.795213
0.0104646

0.631622
-0.152774
-0.760075
-0.0350298
0.0811024

-0.631622
0.152774
0.760075
0.304048
0.0367486

-0.70936
-0.318607
-0.628727
-1.76903
0.567009

0.70936
0.318607
0.628727
0.927184
0.000409263

0.555722
-0.708594
-0.43482
-1.28411
0.294089

-0.270045
-0.752686
-0.60045
-0.746313
0.200989

0.270045
0.752686
0.60045
0.797882
0.00273187

-0.303488
0.745292
-0.593663
0.836446
0.00132551

-0.740932
-0.67158
0
0.419244
0.0207534

0.740932
0.67158
0
0.583303
0.0124039

-0.724035
-0.0835568
-0.684683
0.971455
1.03881e-05

0.724035
0.0835568
0.684683
0.716802
0.000841098

-0.244957
0.258272
0.934501
0.302683
0.0472749

0.244957
-0.258272
-0.934501
-0.605237
0.249406

-0.709814
0.464575
-0.529465
0.930686
0.000378509

0.578299
0.815825
0
0.72375
0.00840067

-0.578299
-0.815825
0
-2.13442
1.07588

-0.0251217
0.101909
0.994476
0.98705
1.7754e-05

0.0251217
-0.101909
-0.994476
-1.78077
0.45863

-0.572351
0.0393559
-0.819064
0.934509
0.000291239

0.572351
-0.0393559
0.819064
-1.27706
0.320481

-0.0538332
0.625687
0.778214
0.623862
0.0152556

0.0538332
-0.625687
-0.778214
-1.67476
0.765382

0.457411
-0.777055
0.432388
0.782676
0.00383605

-0.457411
0.777055
-0.432388
-1.26841
0.417322

0.352487
-0.197646
0.914707
0.51341
0.00890724

0.328742
-0.151402
-0.932205
-17.0212
125.966

-0.328742
0.151402
0.932205
0.908055
0.00332769

0.986193
0.165601
0
0.612446
0.0149765

0.172144
0.44069
0.880999
0.67549
0.0189046

-0.172144
-0.44069
-0.880999
-4.65351
5.65972

-0.261261
-0.529326
-0.807191
-0.529187
0.159635

0.261261
0.529326
0.807191
0.699846
0.00624656

0.176411
0.71505
0.676449
0.910428
0.000301789

-0.0875591
-0.932915
0.349289
0.920703
0.000580155

0.159078
0.585726
-0.794745
-10.9304
37.2582

-0.159078
-0.585726
0.794745
0.925641
0.00147594

0.808314
-0.377337
-0.451935
0.508104
0.0104256

-0.808314
0.377337
0.451935
0.520325
0.00991556

0.398272
-0.437841
0.806024
0.845423
0.00047399

-0.398272
0.437841
-0.806024
0.691049
0.00188976

0.188663
-0.765723
-0.614878
-1.10638
0.283222

-0.367085
-0.280648
-0.88684
-9.41055
23.5729

0.367085
0.280648
0.88684
0.962735
0.000304026

-0.0259454
-0.45868
0.888223
0.922927
0.000232016

0.0259454
0.45868
-0.888223
-0.209117
0.056863

0.662972
0.488318
-0.567462
-22.8138
298.094

-0.662972
-0.488318
0.567462
0.843445
0.0128853

0.489312
-0.19235
-0.850633
-1.39843
0.431896

-0.489312
0.19235
0.850633
0.863535
0.00140175

-0.185605
-0.0493146
-0.981386
-1.21936
0.316615

-0.381164
-0.591558
-0.710474
-1.60199
0.674781

0.381164
0.591558
0.710474
0.682699
0.0101205

0.874119
0.393704
-0.284451
-0.130399
0.136195

-0.874119
-0.393704
0.284451
-0.285806
0.176202

-0.242291
-0.389156
-0.888737
0.829415
0.00214255

-0.966172
-0.107813
-0.234281
0.944338
4.35778e-05

0.966172
0.107813
0.234281
0.687925
0.00132149

0.53696
0.122029
0.834735
0.656038
0.0045584

-0.53696
-0.122029
-0.834735
0.466493
0.0109257

-0.511829
-0.604021
0.610893
0.517974
0.0113593

0.511829
0.604021
-0.610893
0.377548
0.0189005

0.948482
-0.316831
0
0.625778
0.00994525

-0.948482
0.316831
0
0.701282
0.00748609

-0.741047
0.362225
-0.565369
-0.900192
0.310071

0.741047
-0.362225
0.565369
0.612446
0.0129133

0.0552332
-0.267725
-0.961911
-1.33951
0.466834

-0.0552332
0.267725
0.961911
0.759666
0.00492846

0.348771
0.0597564
0.935301
0.914732
0.00042869

0.474632
-0.316422
-0.821341
-16.794
125.575

-0.474632
0.316422
0.821341
0.871116
0.00664083

-0.0300068
0.280235
0.959462
0.86708
0.00179899

0.0300068
-0.280235
-0.959462
-2.39335
1.12554

0.97031
0.0543944
0.235668
-8.08533
28.7673

-0.97031
-0.0543944
-0.235668
-0.112107
0.431055

0.290892
-0.505234
0.812478
0.789362
0.0126918

-0.115978
0.0124766
-0.993173
-2.46992
1.98137

0.115978
-0.0124766
0.993173
0.187585
0.108707

0.125685
0.138848
-0.982306
-1.82104
0.710293

-0.125685
-0.138848
0.982306
0.831434
0.00262971

-0.6207
0.358822
0.697122
0.784077
0.00678002

0.795535
-0.031446
0.605092
0.822677
0.00335886

-0.795535
0.031446
-0.605092
-2.50267
1.30965

0.797921
0.207738
0.565834
0.930927
0.000339944

-0.797921
-0.207738
-0.565834
-1.55078
0.445626

0.279967
0.258222
-0.924629
-16.9293
125.884

-0.279967
-0.258222
0.924629
0.893909
0.00440796

-0.173588
-0.215523
0.960946
-2.97841
1.87441

0.173588
0.215523
-0.960946
0.81894
0.00388623

0.700158
-0.670675
-0.244895
-9.45872
35.2678

-0.700158
0.670675
0.244895
0.443024
0.100041

-0.200657
-0.927191
-0.316314
-6.2943
10.6957

0.200657
0.927191
0.316314
0.772842
0.0103863

-0.71104
0.155084
-0.685836
-0.747745
0.215795

0.71104
-0.155084
0.685836
0.746358
0.00460739

-0.238664
-0.246133
-0.939392
-0.656934
0.193589

0.238664
0.246133
0.939392
0.718063
0.00573146

-0.790272
-0.612756
0
0.219587
0.0636735

0.790272
0.612756
0
-0.559893
0.244911

0.617275
0.154905
0.771347
-5.03988
5.89093

-0.617275
-0.154905
-0.771347
0.840542
0.0041077

0.459005
0.41459
-0.785766
-1.03017
0.300389

-0.459005
-0.41459
0.785766
0.802593
0.00290756

-0.390214
-0.399504
-0.829536
0.0590608
0.0296424

0.390214
0.399504
0.829536
0.91368
0.000282513

0.342867
0.162717
-0.925184
-0.170213
0.170961

-0.208541
0.259216
0.943036
0.709238
0.00529767

0.208541
-0.259216
-0.943036
-0.312975
0.10551

0.135511
-0.904667
-0.403999
0.993149
2.68528e-06

-0.506785
-0.526855
-0.682343
0.249117
0.0274487

0.506785
0.526855
0.682343
0.616895
0.00719866

-0.919818
-0.392346
0
-1.29304
0.4147

0.919818
0.392346
0
0.799833
0.00619187

-0.0700994
-0.903406
-0.423017
0.101292
0.049152

0.0700994
0.903406
0.423017
0.489277
0.0158977

0.559572
-0.828781
0
0.873804
0.000177326

-0.559572
0.828781
0
0.875432
0.000172794

-0.207377
-0.480259
-0.85226
-1.99848
1.33767

0.207377
0.480259
0.85226
0.204256
0.0944694

0.549236
0.653983
0.520237
-1.77771
0.985862

-0.549236
-0.653983
-0.520237
0.403479
0.0455444

-0.373212
-0.927746
0
0.680968
0.00986066

0.373212
0.927746
0
-1.47025
0.587505

-0.710399
-0.554148
-0.433881
0.997355
2.74652e-06

-0.648912
-0.361323
0.669596
-0.594387
0.287348

0.648912
0.361323
-0.669596
-0.00545549
0.114376

-0.0904379
0.0499811
0.994647
-23.0283
298.611

0.0904379
-0.0499811
-0.994647
0.877407
0.00784689

0.455689
-0.280206
0.844886
0.707186
0.0104052

0.698469
0.186148
0.691006
0.666617
0.00333039

-0.698469
-0.186148
-0.691006
0.656882
0.00352735

0.387388
-0.392357
-0.834258
0.321349
0.0131808

-0.387388
0.392357
0.834258
0.888685
0.00036453

0.843486
-0.398355
0.360341
-16.5531
125.119

-0.843486
0.398355
-0.360341
0.824468
0.0125257

-0.704562
0.56352
-0.431321
-0.849113
0.180634

0.704562
-0.56352
0.431321
0.930858
0.000260138

0.125681
0.0834188
0.988557
0.994524
2.10595e-05

0.446775
-0.176297
0.877104
0.909304
0.000934785

-0.744397
0.354241
0.566027
0.914468
0.000363772

0.744397
-0.354241
-0.566027
-0.522848
0.110293

0.179835
0.113759
0.977097
0.975788
8.72687e-06

-0.179835
-0.113759
-0.977097
0.548872
0.00284369

-0.172428
-0.449694
-0.876381
-2.66365
2.06609

0.172428
0.449694
0.876381
0.397865
0.0560463

-0.451025
-0.655135
0.606114
-1.02494
0.299881

0.451025
0.655135
-0.606114
0.798798
0.00300146

-0.558197
0.148958
-0.816227
-4.86405
4.63713

0.558197
-0.148958
0.816227
0.944185
0.000422607

0.779525
0.149769
0.608202
-0.182362
0.162049

-0.779525
-0.149769
-0.608202
-0.449301
0.243405

0.850716
0.426131
0.307726
0.281717
0.0427086

-0.850716
-0.426131
-0.307726
-0.170484
0.112718

-0.584676
0.415213
0.696959
0.696168
0.00993934

-0.936544
0.350551
0
0.568346
0.0133581

0.936544
-0.350551
0
0.369108
0.0244837

0.54973
0.0549739
-0.833531
0.516699
0.0158946

-0.54973
-0.0549739
0.833531
-0.14112
0.0885986

-0.248972
-0.968511
0
0.291665
0.0502243

-0.101748
-0.461038
-0.881528
-0.396315
0.170844

0.101748
0.461038
0.881528
0.361654
0.0383811

-0.44226
0.165215
0.881538
0.872971
0.00165148

0.44226
-0.165215
-0.881538
-2.61328
1.33095

-0.768387
0.0550734
-0.637611
0.718157
0.0057376

-0.266355
-0.944691
-0.191347
-7.61985
21.6996

0.266355
0.944691
0.191347
0.324205
0.133391

-0.26096
0.93996
-0.219944
0.70018
0.0171179

0.26096
-0.93996
0.219944
-5.3442
7.66406

0.703049
-0.630208
-0.329483
-0.263117
0.0971523

0.419728
-0.281809
-0.862793
-10.5632
36.905

-0.419728
0.281809
0.862793
0.851806
0.0061283

0.197458
-0.742296
0.640318
0.302683
0.0471461

-0.197458
0.742296
-0.640318
-0.605237
0.249316

0.705204
0.264451
0.657839
0.944414
0.000275715

-0.37212
-0.174111
-0.911709
0.673025
0.00189452

0.37212
0.174111
0.911709
0.892002
0.000208983

0.54878
-0.577938
-0.604009
-3.42667
3.28241

-0.54878
0.577938
0.604009
0.481922
0.0450625

0.745483
0.132532
-0.653216
0.127864
0.040698

-0.745483
-0.132532
0.653216
0.607461
0.00830102

0.603126
-0.411891
0.68307
0.732848
0.0134383

0.292998
0.339453
-0.893826
-0.746313
0.200967

-0.292998
-0.339453
0.893826
0.797882
0.00271397

-0.959204
-0.282713
0
0.393077
0.0229765

0.959204
0.282713
0
0.187737
0.0411277

0.520592
-0.358384
0.774948
0.646697
0.00245003

0.279307
-0.761529
-0.584861
0.0989383
0.0741227

-0.279307
0.761529
0.584861
-0.176893
0.12643

-0.251705
-0.120347
-0.960292
-1.27473
0.417919

0.251705
0.120347
0.960292
0.787168
0.00376749

0.49178
0.181852
0.851517
0.935781
0.00107184

0.605329
0.695931
-0.386338
-0.142745
0.0934648

-0.605329
-0.695931
0.386338
0.456483
0.0211695

-0.0395223
-0.315616
0.948064
0.975621
0.000287708

0.283473
-0.944991
-0.163203
0.0323188
0.0549869

-0.283473
0.944991
0.163203
0.574923
0.0106734

0.376779
0.0472949
0.925095
0.495599
0.0153886

-0.376779
-0.0472949
-0.925095
0.121134
0.046377

-0.32226
0.374686
0.869344
0.851796
0.001234

0.32226
-0.374686
-0.869344
-0.552751
0.133753

-0.144988
-0.541709
0.827968
-1.68762
0.767982

0.144988
0.541709
-0.827968
0.635198
0.0142815

-0.802059
0.323673
-0.501933
-0.756969
0.478067

-0.0663608
-0.196623
-0.978231
-2.08399
1.20452

0.0663608
0.196623
0.978231
0.527783
0.0284748

0.937432
-0.0433974
-0.345454
0.0853893
0.0752725

-0.937432
0.0433974
0.345454
-0.129148
0.114708

-0.11763
-0.260798
0.9582
0.861625
0.00146787

0.11763
0.260798
-0.9582
-1.29677
0.38425

0.147431
-0.370285
-0.917144
0.654647
0.0122377

-0.147431
0.370285
0.917144
-1.56875
0.668526

-0.125279
-0.780039
-0.613061
0.403479
0.0455714

0.125279
0.780039
0.613061
-1.77771
0.985792

0.200424
0.733853
-0.649068
-2.28773
1.25997

-0.200424
-0.733853
0.649068
0.693989
0.0109871

-0.115323
-0.264611
-0.957435
-17.2051
126.246

0.115323
0.264611
0.957435
0.933131
0.00174068

-0.0493562
-0.330294
-0.942587
-1.14064
0.242239

0.0493562
0.330294
0.942587
0.965207
8.26212e-05

-0.121509
-0.693843
0.709801
0.763644
0.00822771

0.154057
-0.594729
-0.789027
-0.568082
0.185369

-0.154057
0.594729
0.789027
0.619596
0.011019

-0.232519
-0.564239
-0.792193
0.989048
1.5387e-05

0.232519
0.564239
0.792193
-3.60261
1.97583

-0.765805
0.250233
0.59239
-0.133897
0.109017

0.765805
-0.250233
-0.59239
0.19819
0.0545621

0.993835
0.00620417
0.110691
-1.1341
0.778112

-0.993835
-0.00620417
-0.110691
-0.746949
0.521406

0.728032
0.117172
0.675456
0.664848
0.0042332

-0.728032
-0.117172
-0.675456
0.468539
0.0106422

0.897676
0.107378
0.427373
0.509628
0.049503

-0.897676
-0.107378
-0.427373
-5.00707
7.421

0.220816
0.603034
-0.766544
-1.07242
0.359275

-0.220816
-0.603034
0.766544
0.700301
0.00752376

-0.978135
0.144701
-0.149375
-8.5143
33.211

0.978135
-0.144701
0.149375
-0.185168
0.515347

-0.755229
-0.0574587
-0.652938
-7.69298
21.8062

0.755229
0.0574587
0.652938
0.369887
0.114725

0.806237
-0.0130563
0.591448
0.633782
0.00593552

-0.806237
0.0130563
-0.591448
0.339193
0.0193127

0.510301
0.0431601
-0.858912
-0.203507
0.122144

-0.510301
-0.0431601
0.858912
0.262881
0.0459484

0.4281
-0.00576091
0.903713
0.900264
0.000242533

0.2417
0.179887
0.953531
0.948245
5.59366e-05

-0.621831
0.335114
0.707832
0.720408
0.00240804

0.621831
-0.335114
-0.707832
0.578571
0.00545457

0.156892
-0.729405
0.665847
0.748464
0.00654234

0.79209
-0.565543
0.229685
0.363957
0.0333094

-0.79209
0.565543
-0.229685
-0.298044
0.138687

0.689795
0.291145
0.662886
0.871116
0.00659191

-0.689795
-0.291145
-0.662886
-16.794
125.632

-0.343337
0.454358
-0.821996
-15.968
123.613

0.343337
-0.454358
0.821996
0.677184
0.0447745

0.436435
0.267855
-0.85894
-0.216566
0.0691776

-0.436435
-0.267855
0.85894
0.850334
0.00104791

0.263654
0.0604708
0.96272
0.861867
0.00405136

-0.472212
-0.468863
0.746447
0.765485
0.00284846

0.48604
0.138348
-0.862916
0.95217
0.000113872

0.885361
0.464905
0
0.695097
0.00566072

-0.885361
-0.464905
0
0.572806
0.00933463

0.29498
-0.830398
0.47268
0.413018
0.0129635

-0.29498
0.830398
-0.47268
0.705099
0.00327271

-0.388758
-0.503881
0.771344
0.793347
0.00282608

0.388758
0.503881
-0.771344
-0.682014
0.182847

-0.995122
0.0740724
-0.065159
-1.78717
0.613404

0.851811
0.35667
-0.383672
0.635249
0.00512481

-0.851811
-0.35667
0.383672
0.489599
0.0100164

-0.625081
-0.0103904
0.780491
0.783203
0.00475332

0.399775
-0.346471
0.84861
0.842071
0.00206552

-0.399775
0.346471
-0.84861
-1.57977
0.546786

0.578067
-0.642368
-0.503192
0.310414
0.0290277

-0.578067
0.642368
0.503192
0.310414
0.0290277

0.932909
0.180296
0.311728
0.0318956
0.089726

-0.932909
-0.180296
-0.311728
-0.19569
0.1366

0.249153
0.387471
0.887575
-3.50531
3.98558

-0.249153
-0.387471
-0.887575
0.172497
0.134782

0.463271
-0.800453
0.380336
0.960843
0.000186875

0.167636
0.0926613
0.981485
0.973943
0.000487273

0.365055
-0.198081
-0.90967
-0.485266
0.289362

-0.365055
0.198081
0.90967
-0.485266
0.289362

0.939499
0.332055
-0.0841497
0.978124
1.44627e-05

0.137224
0.256416
0.956776
0.371688
0.0687253

-0.137224
-0.256416
-0.956776
-3.29779
3.21516

0.582252
-0.579866
0.569858
-3.29075
15.3459

-0.582252
0.579866
-0.569858
-16.1631
245.527

-0.857055
-0.261213
-0.444099
-0.303195
0.17856

0.857055
0.261213
0.444099
-0.0833738
0.123424

-0.987842
0.0327932
0.15196
-3.51335
2.78679

0.987842
-0.0327932
-0.15196
0.776949
0.00681167

0.44113
-0.738946
0.509278
0.93284
0.000900039

0.460757
-0.669251
0.582929
0.427486
0.0286511

0.0747924
-0.587632
-0.805664
0.339981
0.0258567

0.517315
0.168642
0.839014
0.394246
0.0304696

0.654851
-0.755758
0
-0.328756
0.203074

-0.654851
0.755758
0
-0.167847
0.159624

-0.480044
-0.532377
0.697232
0.829415
0.00207867

0.480044
0.532377
-0.697232
-1.06913
0.304116

-0.14859
-0.230468
-0.961668
-0.410356
0.296952

0.14859
0.230468
0.961668
-0.9988
0.595969

0.8562
-0.516644
0
0.172497
0.150393

-0.8562
0.516644
0
-3.50531
3.80398

0.646602
0.762828
0
0.184575
0.0343647

-0.833977
0.0933187
-0.543852
0.421564
0.0139523

0.833977
-0.0933187
0.543852
0.625766
0.00586405

0.602694
-0.144593
-0.784763
0.424272
0.0103825

-0.602694
0.144593
0.784763
0.807504
0.00117275

-0.885471
-0.464694
0
0.984902
0.000795219

0.995533
0.0944185
0
-0.115599
0.114389

-0.995533
-0.0944185
0
0.0494317
0.0833531

-0.881647
-0.285052
-0.37609
-1.16424
0.339955

0.881647
0.285052
0.37609
0.836912
0.0019435

0.423203
-0.490618
0.761704
0.784276
0.00101818

-0.423203
0.490618
-0.761704
0.717754
0.00174273

0.430491
-0.800903
-0.41621
-0.660197
0.256829

-0.430491
0.800903
0.41621
0.393998
0.0342603

0.0351489
-0.472122
-0.880832
-2.15311
0.954779

-0.0351489
0.472122
0.880832
0.840771
0.00244281

0.410367
0.529411
-0.742511
0.460294
0.00701571

-0.453981
-0.557617
-0.694957
-1.75834
0.782188

0.453981
0.557617
0.694957
0.693516
0.00973733

0.514729
-0.857353
0
0.771805
0.00403084

0.467833
0.812104
0.348739
0.0923396
0.0785136

-0.467833
-0.812104
-0.348739
-0.267728
0.153124

-0.778999
0.405602
0.478171
0.980413
8.28038e-05

0.829008
-0.547064
0.116046
0.669309
0.00469768

0.067363
0.812707
0.578766
0.580566
0.0149783

0.642361
0.0556769
0.764377
0.702853
0.0034615

-0.642361
-0.0556769
-0.764377
0.373476
0.0153816

-0.976279
0.0535941
-0.209778
0.739301
0.00738122

0.976279
-0.0535941
0.209778
-2.15764
1.08119

-0.534779
0.146367
-0.832219
-1.24754
0.664489

0.534779
-0.146367
0.832219
0.0898361
0.109029

0.349134
-0.407133
-0.844007
0.369005
0.0619897

-0.986052
-0.0653761
-0.153061
-2.75444
1.81208

0.986052
0.0653761
0.153061
0.693518
0.0120793

-0.337965
0.607832
0.718554
0.606032
0.00654275

0.337965
-0.607832
-0.718554
0.430126
0.0136866

-0.343049
0.918602
-0.196183
-0.0181929
0.0484134

0.343049
-0.918602
0.196183
0.78574
0.00220848

0.830711
-0.252828
0.495981
0.0576732
0.064104

-0.830711
0.252828
-0.495981
0.298599
0.0355422

-0.921983
-0.387231
0
0.100834
0.132134

0.921983
0.387231
0
-1.55056
0.892794

0.0581639
-0.436798
-0.897677
-22.6572
297.527

-0.0581639
0.436798
0.897677
0.815817
0.0180567

0.0712608
-0.997458
0
0.34425
0.124952

-0.209168
0.908561
-0.361616
-12.7677
63.6324

0.209168
-0.908561
0.361616
0.795244
0.0140904

0.439781
-0.637765
0.632335
0.735309
0.00441565

-0.439781
0.637765
-0.632335
-0.419497
0.125478

0.13804
0.913603
-0.382458
0.554981
0.0107114

-0.13804
-0.913603
0.382458
0.194475
0.0349917

-0.703236
-0.428389
0.567399
0.527008
0.00702021

-0.28983
-0.0519525
0.955667
0.950088
0.000132684

0.28983
0.0519525
-0.955667
-0.958899
0.199718

0.0770838
-0.462065
0.88349
0.947129
0.000858021

-0.0770838
0.462065
-0.88349
-13.5691
64.6744

0.531957
-0.599289
0.598226
-0.505536
0.271898

-0.531957
0.599289
-0.598226
-0.219482
0.178442

-0.21607
0.280595
0.93519
0.906678
0.00060027

0.678258
-0.100587
-0.727906
-0.0595145
0.0714913

-0.678258
0.100587
0.727906
0.543058
0.0133183

0.5723
-0.497764
-0.651693
-1.46693
0.649116

-0.5723
0.497764
0.651693
0.558434
0.0208205

-0.569291
-0.343678
0.746856
0.540276
0.0326074

0.569291
0.343678
-0.746856
-3.13752
2.6409

0.437045
-0.567431
0.697864
0.75307
0.00203458

-0.298759
0.108527
-0.948138
0.129508
0.0322523

-0.910409
0.169811
-0.377252
0.0744466
0.0527057

0.910409
-0.169811
0.377252
0.495273
0.0156936

0.763024
0.120002
-0.635132
-0.0532789
0.0824061

-0.206965
-0.0681149
-0.975974
-4.81448
5.78301

-0.872951
0.454537
0.177069
0.19404
0.0572908

0.997748
-0.067075
0
0.911591
0.000385048

-0.997748
0.067075
0
-0.559527
0.118652

0.830513
0.153922
-0.53531
-7.76182
21.913

-0.830513
-0.153922
0.53531
0.411069
0.0990978

0.241048
-0.0689138
0.968063
0.933891
0.000992745

0.128446
-0.109226
0.985683
0.960373
5.26982e-05

-0.128446
0.109226
-0.985683
-0.0424601
0.0325457

0.636767
0.695733
0.33239
0.425102
0.0130898

-0.636767
-0.695733
-0.33239
0.661196
0.0045556

0.387793
0.501374
0.77346
-2.43261
4.50919

-0.387793
-0.501374
-0.77346
-4.36346
11.0088

0.401458
0.220878
0.888844
0.683769
0.00834658

0.965822
0.165862
0.199191
0.324315
0.0130925

-0.965822
-0.165862
-0.199191
0.88577
0.000374767

-0.918827
0.388918
-0.0670783
0.904782
0.000365503

0.918827
-0.388918
0.0670783
-0.179291
0.0559994

-0.66032
-0.624659
0.416868
-4.91792
5.83473

0.66032
0.624659
-0.416868
0.794292
0.00705519

-0.505539
-0.607205
0.61297
0.612015
0.0201911

0.505539
0.607205
-0.61297
-2.63892
1.77534

-0.215431
0.315405
0.92418
0.875161
0.0042571

0.327767
0.305022
0.894165
0.735074
0.00479503

-0.327767
-0.305022
-0.894165
-0.617062
0.177636

-0.996607
-0.0504512
0.0650399
0.340873
0.0340815

0.996607
0.0504512
-0.0650399
-0.158589
0.105266

0.397233
-0.114389
0.910561
0.889396
0.000698463

-0.397233
0.114389
-0.910561
-0.610421
0.136983

-0.950912
-0.30946
0
-0.934426
0.525733

0.950912
0.30946
0
-0.284315
0.235136

-0.568372
0.616812
-0.544514
-0.588139
0.265596

0.568372
-0.616812
0.544514
0.137743
0.0783636

-0.485362
0.836419
-0.254613
0.957402
3.95154e-05

0.485362
-0.836419
0.254613
0.329504
0.00969199

0.392911
0.131752
0.910089
0.918872
0.000670377

-0.82833
-0.0810662
0.554345
0.132814
0.0456343

0.82833
0.0810662
-0.554345
0.470712
0.0170389

-0.865034
-0.501713
0
0.433052
0.0143763

0.865034
0.501713
0
0.599095
0.0074089

0.301738
0.766884
0.566431
0.966753
4.23008e-05

-0.301738
-0.766884
-0.566431
-0.204164
0.0471556

0.340462
0.704644
-0.622545
-1.45743
0.796868

-0.340462
-0.704644
0.622545
0.197571
0.0850929

0.117449
0.27786
-0.953415
0.50087
0.0181264

-0.101334
-0.728528
0.67748
0.364016
0.0427265

0.101334
0.728528
-0.67748
-0.970019
0.408802

-0.605157
-0.10411
0.789269
0.757902
0.0027294

0.242228
0.7086
-0.662731
-0.026052
0.104354

-0.242228
-0.7086
0.662731
-0.221088
0.147735

0.897563
0.440886
0
-0.13067
0.277104

-0.897563
-0.440886
0
-2.85366
2.78139

0.883476
-0.468476
0
0.705577
0.00827678

-0.946349
-0.323147
0
0.480156
0.0346063

0.946349
0.323147
0
-0.792923
0.30044

0.0282689
0.697867
-0.715669
0.870334
0.00148305

-0.0282689
-0.697867
0.715669
-1.89766
0.721222

0.984485
0.175467
0
-0.927743
0.477794

-0.984485
-0.175467
0
-0.061152
0.144812

0.336854
0.00305999
0.941552
-2.17209
0.95794

-0.336854
-0.00305999
-0.941552
0.850089
0.00214436

0.476961
0.0954171
-0.87373
-0.275587
0.0764486

-0.476961
-0.0954171
0.87373
0.864331
0.00087227

-0.280595
0.428087
0.859074
0.861877
0.00524348

-0.969931
-0.0421578
-0.239703
0.311182
0.0426082

0.969931
0.0421578
0.239703
-0.423378
0.181885

-0.593146
-0.741687
-0.313173
-0.0507979
0.0781557

0.593146
0.741687
0.313173
0.408926
0.0247445

-0.949012
0.274379
-0.155214
-0.755314
0.201655

0.949012
-0.274379
0.155214
0.804965
0.00249212

-0.55967
0.68701
0.463452
0.0493618
0.0475685

0.55967
-0.68701
-0.463452
0.665683
0.00591159

-0.35224
0.435692
0.828311
-7.29925
15.2989

0.35224
-0.435692
-0.828311
0.77878
0.0109605

0.715337
-0.556847
-0.422154
0.752993
0.00334121

0.0965143
0.533449
0.840308
0.865687
0.00102852

-0.239877
-0.439358
0.865692
0.591354
0.0287732

-0.443486
-0.869363
-0.218011
-0.627686
0.129252

0.443486
0.869363
0.218011
0.923589
0.000286963

-0.566117
-0.52245
-0.637619
0.969096
3.73557e-05

0.566117
0.52245
0.637619
-0.165215
0.0424545

-0.355141
-0.649591
0.67224
0.840771
0.00243669

0.177802
0.946733
0.268482
0.138746
0.0642659

-0.177802
-0.946733
-0.268482
-0.109759
0.106689

0.00417535
0.0751607
0.997163
0.656374
0.0125864

-0.00417535
-0.0751607
-0.997163
-1.71237
0.772816

0.236166
-0.514228
0.824497
0.910362
0.000459977

-0.236166
0.514228
-0.824497
-0.862941
0.19484

0.392092
0.727025
0.563648
0.975553
8.75595e-05

-0.0633874
0.547626
-0.834319
0.836839
0.00214051

0.708554
-0.0749464
0.701665
0.711949
0.00603544

-0.00580123
0.156856
-0.987604
-0.324005
0.0950815

0.00580123
-0.156856
0.987604
0.799764
0.00220009

-0.339105
-0.708256
-0.619178
-1.05219
0.25744

0.339105
0.708256
0.619178
0.905998
0.000881714

0.815772
-0.578374
0
-0.144208
0.179781

-0.815772
0.578374
0
-0.787812
0.41268

-0.757294
-0.0221917
0.652698
-0.17996
0.119785

0.757294
0.0221917
-0.652698
0.210108
0.0537468

-0.783058
0.607011
-0.13549
-2.11888
0.66221

0.783058
-0.607011
0.13549
0.981668
2.29294e-05

0.00233756
-0.46042
0.887698
0.873178
0.000574325

-0.00233756
0.46042
-0.887698
0.126128
0.0269928

-0.0816165
0.410699
0.908111
0.922897
0.00037357

-0.328735
-0.944422
0
0.332435
0.0365465

0.328735
0.944422
0
-0.23675
0.125191

-0.825066
0.340104
0.451216
-13.0918
64.1249

0.825066
-0.340104
-0.451216
0.869713
0.00549757

-0.238529
0.895031
-0.376861
0.517108
0.0030194

-0.160099
0.31659
-0.934954
-5.26613
7.61155

0.160099
-0.31659
0.934954
0.661107
0.0222746

0.730608
0.174171
0.66021
0.72752
0.00144929

0.393129
0.294041
-0.8712
-1.33032
0.511182

-0.393129
-0.294041
0.8712
0.661811
0.0109006

0.326593
0.589727
-0.73862
-4.1271
4.35849

-0.326593
-0.589727
0.73862
0.665776
0.0185328

0.114732
0.26463
0.957501
0.651723
0.0112862

-0.114732
-0.26463
-0.957501
-1.21169
0.448499

0.537175
0.224691
0.812993
0.831044
0.00192896

-0.537175
-0.224691
-0.812993
-0.853889
0.224759

-0.20699
-0.167907
0.963827
0.468238
0.0255049

0.20699
0.167907
-0.963827
-0.709729
0.263419

0.0638422
0.89829
-0.434741
-0.274414
0.121447

-0.0638422
-0.89829
0.434741
0.48137
0.0201487

-0.596379
0.224093
0.770788
0.59274
0.025025

0.596379
-0.224093
-0.770788
-3.20765
2.67092

-0.104573
-0.681995
-0.723842
-4.1375
5.35057

0.104573
0.681995
0.723842
0.30929
0.0967614

0.431226
-0.760322
0.485752
0.469866
0.0175817

-0.431226
0.760322
-0.485752
0.0867621
0.052079

0.367765
0.59354
-0.715863
-2.25196
1.10024

-0.367765
-0.59354
0.715863
0.796754
0.00435757

0.49729
0.335106
0.800254
0.905254
0.00239524

-0.49729
-0.335106
-0.800254
-10.8143
37.1792

-0.763445
0.625381
0.161401
-2.34425
1.11826

0.763445
-0.625381
-0.161401
0.84469
0.00241598

-0.0136858
0.98148
-0.191075
0.74473
0.00214344

0.0136858
-0.98148
0.191075
0.484943
0.00871443

0.919944
0.275283
0.279146
0.0600314
0.106467

-0.919944
-0.275283
-0.279146
-0.886449
0.428733

0.253576
0.467954
0.846592
0.805795
0.00101092

0.0913222
-0.321851
0.942376
-0.109759
0.106684

-0.0913222
0.321851
-0.942376
0.138746
0.064261

-0.261344
0.645006
0.7181
0.611983
0.0163145

0.261344
-0.645006
-0.7181
-1.66156
0.762689

0.841414
0.167782
0.513684
0.729006
0.00925799

-0.841414
-0.167782
-0.513684
-2.8109
1.82883

0.0175286
0.425882
-0.904609
-2.97202
2.56535

-0.0175286
-0.425882
0.904609
0.399293
0.0586816

0.159232
-0.20613
0.965482
0.553043
0.0733062

-0.159232
0.20613
-0.965482
-12.0332
62.1224

0.570378
0.821382
0
-33.0736
986.16

-0.570378
-0.821382
0
0.394244
0.316488

-0.65908
0.526363
0.537174
0.302752
0.0864911

0.65908
-0.526363
-0.537174
-3.22475
3.17446

-0.770664
0.334597
-0.54233
0.897098
0.000692521

-0.169711
-0.593183
-0.786976
0.35639
0.193221

0.169711
0.593183
0.786976
-15.0904
120.618

0.0159242
0.228278
0.973466
0.914089
0.0028542

-0.0159242
-0.228278
-0.973466
-17.0628
126.11

-0.179742
-0.53458
0.825782
0.957629
0.000558421

0.179742
0.53458
-0.825782
-13.6587
64.7247

-0.690624
0.314907
-0.651055
-0.452674
0.173646

0.690624
-0.314907
0.651055
0.45749
0.0242405

-0.649335
0.288725
0.703564
0.20848
0.0307735

-0.463616
0.606255
0.646154
0.888146
0.000647613

0.463616
-0.606255
-0.646154
-0.47726
0.108349

-0.703217
0.429407
0.566653
0.933496
0.000207188

0.703217
-0.429407
-0.566653
-0.482174
0.0967075

0.603551
0.486792
0.631474
-0.136016
0.0798032

-0.0854353
0.936901
-0.338995
0.943016
0.000229306

0.0854353
-0.936901
0.338995
-1.6973
0.504973

0.664768
-0.0187636
0.746815
0.770768
0.00775953

-0.664768
0.0187636
-0.746815
-3.88306
3.48715

0.686476
0.680538
-0.256162
0.100811
0.0861849

-0.686476
-0.680538
0.256162
-0.570133
0.262739

0.120393
0.398905
-0.909055
-16.9042
125.822

-0.120393
-0.398905
0.909055
0.889862
0.00477505

0.906317
0.316568
-0.279954
0.942557
7.44274e-05

-0.906317
-0.316568
0.279954
0.361103
0.0091661

0.343405
-0.272835
0.898685
0.919013
0.000460531

-0.671776
-0.740754
0
-1.3913
0.633464

0.671776
0.740754
0
0.476059
0.0304908

0.944316
-0.2867
-0.161462
0.0773445
0.0724036

0.80562
0.592433
0
-1.42167
0.857609

-0.80562
-0.592433
0
-0.115074
0.204595

-0.344625
0.930846
-0.121486
-1.87967
0.462078

0.344625
-0.930846
0.121486
0.997133
4.8393e-07

-0.491624
0.432777
0.755652
0.906985
0.0012238

-0.278707
0.659995
-0.69766
-10.117
36.3493

0.278707
-0.659995
0.69766
0.722846
0.0226731

0.980942
0.1943
0
0.865659
0.00184579

-0.980942
-0.1943
0
-1.88778
0.71738

0.670516
0.416492
-0.613956
-0.66511
0.130834

-0.670516
-0.416492
0.613956
0.940318
0.000181365

0.145725
-0.388602
0.909809
0.448331
0.0439401

-0.145725
0.388602
-0.909809
-2.44795
1.70726

-0.814169
-0.239862
-0.528767
0.641803
0.0046708

0.814169
0.239862
0.528767
0.538699
0.00772394

0.623353
-0.471526
-0.623774
0.335268
0.0113161

0.137006
-0.305063
-0.942426
-0.967434
0.294044

-0.137006
0.305063
0.942426
0.753925
0.00471702

-0.788176
0.314049
0.529293
0.707798
0.009489

0.882968
0.345884
-0.317382
-2.63332
2.80002

-0.882968
-0.345884
0.317382
-0.465787
0.456593

-0.107977
0.157402
0.981614
0.994315
3.5057e-06

-0.397833
-0.460655
-0.793427
-1.44573
0.48025

0.397833
0.460655
0.793427
0.830628
0.00230383

-0.838353
-0.219499
-0.498983
-0.340752
0.0540003

0.179962
-0.0285265
0.98326
0.984712
8.59698e-05

-0.828811
0.169133
0.533353
0.993519
2.30886e-06

-0.930813
0.365497
0
0.870565
0.00269689

-0.291937
0.746314
0.598155
0.299562
0.0164748

0.20518
0.825535
-0.525731
-0.418754
0.0757146

-0.20518
-0.825535
0.525731
0.96447
5.33484e-05

0.173891
-0.218022
0.960327
0.811428
0.00265665

-0.173891
0.218022
-0.960327
-1.12528
0.336082

0.805974
0.591952
0
0.31685
0.0642387

-0.805974
-0.591952
0
-1.88651
1.14496

-0.0461851
-0.813802
-0.579304
0.512817
0.019438

0.0461851
0.813802
0.579304
-0.545759
0.195655

0.380175
-0.853146
0.357223
0.922164
0.000315859

-0.380175
0.853146
-0.357223
-0.721364
0.151643

0.682533
-0.020465
-0.730568
-5.14717
7.5276

-0.682533
0.020465
0.730568
0.595847
0.0325522

-0.915929
0.116491
0.384062
0.510452
0.00831105

0.915929
-0.116491
-0.384062
0.69231
0.00328575

0.458823
-0.182087
-0.86967
-4.77034
4.61261

-0.458823
0.182087
0.86967
0.923176
0.000821495

-0.896492
-0.443059
0
0.546404
0.0230667

0.896492
0.443059
0
-0.315063
0.135346

-0.33993
-0.656874
-0.673026
-2.58585
2.36512

0.33993
0.656874
0.673026
-0.0396876
0.199031

-0.157461
0.467873
-0.869656
0.372962
0.0371608

0.157461
-0.467873
0.869656
-0.647
0.25514

0.10133
-0.128337
0.98654
0.910102
0.00169542

-0.10133
0.128337
-0.98654
-7.76648
15.618

0.0244023
0.290825
0.956465
-1.09823
0.333223

-0.0244023
-0.290825
-0.956465
0.792323
0.00336929

-0.270586
0.239094
0.932533
0.358224
0.0107285

-0.109678
0.356317
-0.927906
-3.98878
5.23306

0.109678
-0.356317
0.927906
0.171955
0.144534

0.516729
-0.261793
0.815142
0.860084
0.000932387

0.155763
0.190255
0.969299
0.979766
8.7332e-05

-0.155763
-0.190255
-0.969299
-9.57092
23.6389

0.403631
-0.0633665
0.912725
0.47235
0.0150162

-0.403631
0.0633665
-0.912725
0.299092
0.0264941

-0.0198689
-0.35982
0.93281
0.645355
0.0270083

0.0198689
0.35982
-0.93281
-6.00533
10.4682

-0.103851
0.985848
-0.131597
-2.11144
1.07104

0.103851
-0.985848
0.131597
0.707798
0.00944883

-0.559523
-0.285655
-0.778033
-2.12612
0.84137

0.559523
0.285655
0.778033
0.902646
0.00085095

0.00437587
0.949885
0.31257
0.327436
0.0173999

-0.00437587
-0.949885
-0.31257
0.743637
0.00253756

-0.704196
0.683571
-0.191933
-0.108444
0.054345

0.270818
0.246463
-0.930545
-0.790926
1.02878

-0.270818
-0.246463
0.930545
-5.29623
12.7154

0.34016
-0.933097
-0.116707
-1.51069
1.14151

-0.34016
0.933097
0.116707
-0.64533
0.490231

0.683935
-0.572388
-0.452333
-2.2721
0.973021

-0.683935
0.572388
0.452333
0.893771
0.00103843

-0.816654
-0.215263
0.53548
0.517106
0.0186827

-0.19785
-0.293692
-0.935201
-16.9535
125.919

0.19785
0.293692
0.935201
0.897738
0.00409137

-0.307111
0.0143449
0.951566
0.858547
0.0104505

0.307111
-0.0143449
-0.951566
-22.9057
298.39

-0.363718
-0.000619079
0.931509
0.935789
0.000318018

0.363718
0.000619079
-0.931509
-1.33788
0.343712

-0.601467
-0.278788
0.748675
-1.25264
0.7374

0.601467
0.278788
-0.748675
-0.149312
0.192146

-0.497924
0.821598
0.277577
0.481925
0.0074777

0.497924
-0.821598
-0.277577
0.832122
0.000794664

0.387494
-0.700232
-0.599603
0.546478
0.0125314

-0.387494
0.700232
0.599603
0.0225369
0.0579623

0.501726
0.262056
0.824377
0.811846
0.00154043

-0.501726
-0.262056
-0.824377
0.0836185
0.0350638

0.0960917
-0.450947
0.887363
-0.73285
0.174156

-0.0960917
0.450947
-0.887363
0.870438
0.00097381

-0.433526
-0.210015
0.876327
-22.1702
295.621

0.433526
0.210015
-0.876327
0.713948
0.0450724

0.305117
0.039445
0.951498
0.90413
0.000361032

-0.305117
-0.039445
-0.951498
0.000502586
0.0358891

0.521391
-0.181556
0.83378
0.768958
0.01343

-0.521391
0.181556
-0.83378
-8.54814
22.9186

-0.0983254
0.548561
0.830309
0.640602
0.00712822

-0.314941
0.47488
-0.821767
-0.972218
0.233236

0.314941
-0.47488
0.821767
0.90124
0.000623663

-0.94426
-0.329201
0
-0.570134
0.271597

0.184853
-0.305132
0.934197
0.513323
0.0251315

-0.184853
0.305132
-0.934197
-1.3
0.556716

0.678881
0.580775
-0.449245
-2.05541
1.60331

-0.678881
-0.580775
0.449245
-0.120358
0.215727

-0.115973
0.0198497
-0.993054
0.26092
0.0500249

0.341925
-0.496242
0.798017
0.711706
0.0157623

-0.341925
0.496242
-0.798017
-5.36839
7.67838

-0.173682
-0.621882
-0.763608
-1.28159
0.35031

0.173682
0.621882
0.763608
0.90038
0.000701859

-0.480792
-0.0862439
0.872583
0.989351
2.00992e-05

0.480792
0.0862439
-0.872583
-5.75309
6.08827

-0.077558
0.256962
-0.963304
-7.9941
15.7306

0.077558
-0.256962
0.963304
0.951551
0.000483845

0.487527
-0.406653
0.772626
0.811395
0.00282111

-0.487527
0.406653
-0.772626
-1.31042
0.422288

0.178245
-0.262124
0.94843
0.810303
0.00894967

-0.178245
0.262124
-0.94843
-8.67842
23.0301

-0.79512
-0.200006
0.572522
0.902982
0.000848864

0.79512
0.200006
-0.572522
-0.909952
0.212786

0.7605
-0.21088
0.614141
-1.73973
1.40419

-0.7605
0.21088
-0.614141
-0.590392
0.473188

-0.454753
-0.423979
0.783225
0.748457
0.0055252

0.97774
0.0979138
0.185575
0.308115
0.0221584

-0.97774
-0.0979138
-0.185575
0.616825
0.0067998

0.22816
0.843374
0.486481
0.460069
0.0314884

-0.22816
-0.843374
-0.486481
-1.25466
0.54804

-0.107162
-0.0236046
-0.993961
0.989997
3.47087e-05

0.358561
-0.502686
0.786601
0.653972
0.0424978

-0.358561
0.502686
-0.786601
-12.3014
62.7493

-0.923059
-0.38466
0
-0.245706
0.178198

0.0221839
0.469786
0.882501
0.508314
0.00482698

-0.835435
0.332963
-0.437246
-0.270925
0.0645286

0.835435
-0.332963
0.437246
0.926675
0.000222884

-0.360353
-0.0109365
-0.932752
-1.34729
0.765564

0.360353
0.0109365
0.932752
0.0229769
0.132669

0.0562454
0.280105
-0.95832
-0.809766
0.256091

-0.439858
-0.898067
0
-0.510492
0.236955

0.439858
0.898067
0
0.120278
0.0816525

-0.16631
0.0741154
0.983284
-3.22947
2.67726

0.16631
-0.0741154
-0.983284
0.608235
0.023181

0.428958
-0.828916
0.359017
0.745891
0.00446923

-0.428958
0.828916
-0.359017
-0.685895
0.195973

-0.930495
-0.13483
0.340587
0.563679
0.00744399

0.930495
0.13483
-0.340587
0.553591
0.00779144

-0.0179427
0.69977
-0.714142
0.632221
0.0484164

0.0719991
-0.624583
0.777633
0.312718
0.0103831

0.495456
-0.800554
-0.337102
-1.97714
1.03901

-0.495456
0.800554
0.337102
0.602535
0.0185431

0.560452
-0.0298937
0.827647
0.834173
0.00414845

-0.560452
0.0298937
-0.827647
-4.48264
4.51635

0.623897
-0.772099
-0.120894
0.546302
0.0135339

-0.623897
0.772099
0.120894
-0.124595
0.083127

-0.102601
0.037462
0.994017
0.989357
3.26244e-05

0.291821
0.809532
-0.509409
-0.181002
0.0962388

-0.291821
-0.809532
0.509409
0.523909
0.0156426

-0.865114
0.156753
0.476452
0.515729
0.0088701

0.865114
-0.156753
-0.476452
0.628137
0.0052422

-0.727941
-0.255894
-0.636097
0.968569
0.000146572

-0.391024
-0.437435
0.809784
0.793124
0.00212095

0.162845
0.228306
0.959874
0.963286
0.000164498

0.0108896
-0.140945
0.989958
-36.1865
1013.95

-0.0108896
0.140945
-0.989958
0.94499
0.00225182

-0.948201
0.18369
0.259177
0.834054
0.00107286

0.948201
-0.18369
-0.259177
0.236596
0.020871

0.576048
-0.634481
-0.515367
0.308823
0.0261499

-0.576048
0.634481
0.515367
0.447661
0.016704

-0.849175
-0.382213
0.364438
-0.0830066
0.0505309

0.80477
0.316089
-0.502428
0.471732
0.0101214

0.60912
0.656371
0.445141
0.458556
0.00473007

-0.365673
-0.500704
0.784588
0.541058
0.0578784

0.365673
0.500704
-0.784588
-8.00094
22.2601

-0.92801
0.105514
0.357301
0.947284
0.000150449

0.92801
-0.105514
-0.357301
-1.01454
0.218247

0.322055
-0.403951
0.856215
0.857633
0.00435614

-0.322055
0.403951
-0.856215
-7.55088
15.488

0.557456
0.488897
0.670986
0.62528
0.0099475

-0.557456
-0.488897
-0.670986
-0.416761
0.141112

0.703997
0.436405
0.560302
0.491095
0.034957

-0.703997
-0.436405
-0.560302
-2.25592
1.42752

-0.757974
0.403245
-0.512707
-0.681276
0.170864

0.757974
-0.403245
0.512707
0.835812
0.00165335

0.143075
-0.168832
-0.975205
-0.867356
0.507739

-0.143075
0.168832
0.975205
-0.446078
0.304678

0.828049
-0.0376889
0.559388
0.540775
0.0274748

-0.828049
0.0376889
-0.559388
-2.23988
1.36379

-0.0262954
0.820624
0.570864
0.778246
0.0123456

0.0262954
-0.820624
-0.570864
-8.57616
22.942

0.696691
-0.191099
-0.691449
-2.21807
1.24255

-0.696691
0.191099
0.691449
0.642436
0.0153459

0.881194
0.375504
0.287217
-1.8055
1.11864

-0.881194
-0.375504
-0.287217
0.213681
0.0879043

0.659495
-0.30437
0.687332
0.857836
0.00325948

-0.659495
0.30437
-0.687332
-5.09073
5.9091

0.0432341
0.138091
0.989476
-0.508178
0.157838

-0.0432341
-0.138091
-0.989476
0.676498
0.00731174

0.0645797
-0.829448
0.554838
0.352945
0.0281545

-0.548785
0.104199
-0.829444
0.789573
0.00325559

0.548785
-0.104199
0.829444
-0.936167
0.268929

0.584181
0.124924
0.801951
0.784077
0.00684156

-0.584181
-0.124924
-0.801951
-3.91127
3.49747

-0.623858
-0.0287732
0.781008
-2.71656
1.3484

0.623858
0.0287732
-0.781008
0.911286
0.000772555

-0.0762521
-0.419961
0.904333
0.768505
0.00281507

0.0762521
0.419961
-0.904333
-0.160647
0.0701796

-0.617065
-0.331657
0.713607
-0.287222
0.414507

0.617065
0.331657
-0.713607
-4.14892
6.62737

0.0482017
0.189013
-0.980791
-8.22751
15.8307

-0.0482017
-0.189013
0.980791
0.980268
7.27107e-05

-0.870004
0.0120454
-0.492898
-0.262525
0.0916449

0.870004
-0.0120454
0.492898
0.736873
0.00398844

0.632038
0.675869
0.379117
0.867835
0.000495683

0.089345
0.391224
0.915948
0.851284
0.0116035

-0.089345
-0.391224
-0.915948
-22.8609
298.218

0.642992
0.357397
-0.677369
-0.101685
0.112067

-0.910906
0.313939
-0.267753
0.495471
0.0188882

0.910906
-0.313939
0.267753
-0.282882
0.122112

-0.315495
0.186995
0.93032
0.94036
0.00137852

-0.963353
-0.0832822
-0.254979
0.0805531
0.260852

0.963353
0.0832822
0.254979
-7.27506
21.1265

-0.320095
-0.319343
-0.891941
-2.58585
2.36556

0.320095
0.319343
0.891941
-0.0396876
0.198954

0.888962
-0.155423
0.430802
0.542674
0.00683849

0.0663606
0.892133
-0.446874
0.513733
0.0134489

-0.0663606
-0.892133
0.446874
0.175824
0.0385647

0.713087
0.00380337
0.701065
0.709648
0.00223631

-0.713087
-0.00380337
-0.701065
0.709648
0.00223631

0.0369812
0.0301685
0.99886
0.690952
0.0128258

-0.0369812
-0.0301685
-0.99886
-1.91288
0.89619

-0.463525
0.475002
0.74801
0.777738
0.00142509

0.463525
-0.475002
-0.74801
0.545497
0.00595265

0.380194
0.0892166
0.920594
-3.93386
5.18947

-0.380194
-0.0892166
-0.920594
0.116868
0.166641

0.345739
-0.13607
0.928412
0.914383
0.000575209

-0.390203
-0.305517
0.868562
0.677729
0.00921156

0.390203
0.305517
-0.868562
-1.14006
0.400625

0.892793
-0.191607
0.407685
0.865485
0.00146388

-0.892793
0.191607
-0.407685
-1.62396
0.552086

-0.986025
0.166596
0
0.805255
0.00238439

0.986025
-0.166596
0
0.142517
0.0319765

0.512864
0.0323306
-0.857861
-10.6266
36.9967

-0.512864
-0.0323306
0.857861
0.866532
0.00487918

0.165489
-0.837702
0.52045
0.593219
0.00842385

-0.165489
0.837702
-0.52045
0.232805
0.0297645

0.49228
-0.0586425
-0.868459
0.468238
0.0254914

0.413498
0.876007
-0.248256
-1.56544
1.03428

-0.413498
-0.876007
0.248256
-0.160327
0.21197

-0.542856
0.755529
-0.366719
-0.229034
0.131819

0.542856
-0.755529
0.366719
0.222328
0.0528002

0.439635
0.528924
0.72592
0.840591
0.0070767

-0.612275
-0.753021
-0.240995
0.582662
0.0236777

0.612275
0.753021
0.240995
-2.6012
1.76278

-0.224223
0.563309
-0.79524
-0.0702975
0.029122

0.883572
0.145398
0.445152
0.774959
0.0171818

0.691192
-0.244029
0.680223
0.681258
0.0157077

-0.691192
0.244029
-0.680223
-3.71513
3.41888

0.379507
-0.556885
-0.738819
0.677072
0.0312517

-0.379507
0.556885
0.738819
-9.98854
36.1726

-0.251563
-0.943974
0.213607
0.862932
0.00209103

0.251563
0.943974
-0.213607
-2.81959
1.57724

-0.408073
-0.611473
0.677921
0.539675
0.0172077

0.408073
0.611473
-0.677921
-0.564831
0.197794

-0.00972823
-0.616745
-0.787103
0.515021
0.0176682

0.00972823
0.616745
0.787103
-0.339413
0.134472

0.0983734
0.676526
0.729818
0.646529
0.029504

-0.0983734
-0.676526
-0.729818
-6.97523
15.0134

0.215469
0.405476
0.888348
0.324041
0.0419653

-0.215469
-0.405476
-0.888348
-0.488372
0.202592

0.735115
0.147049
0.661802
0.715022
0.00364758

-0.735115
-0.147049
-0.661802
0.192484
0.0291883

-0.502839
0.650594
0.569105
-0.198895
0.136587

0.502839
-0.650594
-0.569105
0.0402274
0.0875736

0.997946
0.0640564
0
0.0192562
0.0731762

-0.997946
-0.0640564
0
0.249115
0.0429038

0.241088
0.625063
0.74241
0.56071
0.00656971

-0.241088
-0.625063
-0.74241
0.667218
0.00377699

0.436206
0.745976
-0.503233
0.949188
0.000978484

0.71205
-0.104663
-0.694284
-0.122338
0.0543268

-0.0589436
0.499471
-0.864323
-2.08369
0.835679

0.0589436
-0.499471
0.864323
0.885539
0.0012018

0.54682
-0.454229
0.703324
0.963943
0.000282619

0.259254
0.654037
-0.71065
-0.653448
0.15825

-0.259254
-0.654037
0.71065
0.853639
0.00128123

-0.510289
-0.503307
0.697343
-1.18119
0.79477

0.510289
0.503307
-0.697343
-0.626876
0.442266

-0.680729
-0.48374
-0.550095
0.930108
0.000426133

-0.701641
-0.0712502
0.708959
0.621875
0.00735852

0.738148
-0.543067
-0.40027
0.764831
0.00591461

-0.81344
0.517291
-0.265942
-0.802124
0.25526

0.81344
-0.517291
0.265942
0.668998
0.00862312

-0.489655
0.715062
-0.498923
0.222299
0.0246587

0.489655
-0.715062
0.498923
0.763268
0.00230997

-0.0320987
-0.43521
-0.899757
-37.0404
1016.62

0.0320987
0.43521
0.899757
0.991267
5.37512e-05

-0.0953082
0.68741
0.719989
0.515395
0.0240163

0.0953082
-0.68741
-0.719989
-1.18828
0.487266

0.289054
0.758892
0.58355
-1.1713
0.312919

-0.289054
-0.758892
-0.58355
0.888546
0.000846544

0.146258
-0.710597
0.68823
-0.90178
0.147124

-0.146258
0.710597
-0.68823
0.99102
5.87335e-06

0.955148
-0.208998
-0.209792
0.990003
9.04018e-06

0.290951
-0.317988
-0.902348
-5.53516
7.77374

-0.290951
0.317988
0.902348
0.783961
0.00859954

-0.186456
0.134486
-0.973215
-0.711485
0.161609

0.186456
-0.134486
0.973215
0.889998
0.000682539

-0.386584
0.137244
-0.911985
0.818709
0.00069619

0.386584
-0.137244
0.911985
0.692289
0.00200432

-0.497506
-0.640377
-0.585154
-0.989358
0.273768

0.497506
0.640377
0.585154
0.827911
0.00208161

0.734483
-0.195076
0.649984
0.999306
2.74976e-07

-0.110631
0.824276
0.555274
-2.18057
0.750924

0.110631
-0.824276
-0.555274
0.965749
9.34839e-05

-0.856409
-0.124603
-0.501036
-1.30149
0.716496

0.856409
0.124603
0.501036
0.0584831
0.119937

-0.249653
0.294822
-0.922363
-0.517985
0.161667

0.249653
-0.294822
0.922363
0.687549
0.00894621

-0.949655
0.150641
0.274704
-0.31789
0.0657708

0.949655
-0.150641
-0.274704
0.949372
9.93144e-05

0.294318
0.200849
-0.934364
-1.26326
1.7436

-0.294318
-0.200849
0.934364
-4.97642
12.1579

0.160587
0.778113
0.607249
0.668594
0.0119333

-0.283001
-0.119199
-0.951684
-2.76177
1.35492

0.283001
0.119199
0.951684
0.92561
0.000539978

0.409956
0.225136
-0.883884
-2.51327
1.14428

-0.409956
-0.225136
0.883884
0.913374
0.000736096

-0.58777
0.215516
0.779794
0.735903
0.0143796

0.58777
-0.215516
-0.779794
-6.20236
10.6242

-0.845926
0.0169896
0.53303
0.614857
0.0121128

0.160882
-0.567624
0.807416
-1.55733
0.543553

-0.160882
0.567624
-0.807416
0.829283
0.00253486

0.306694
0.039219
0.951
0.259121
0.0553494

-0.306694
-0.039219
-0.951
-0.627316
0.265122

0.0649905
-0.675563
-0.734432
0.624673
0.00401288

-0.0649905
0.675563
0.734432
0.726366
0.00213446

0.57915
-0.460932
0.672404
0.729591
0.00505254

-0.57915
0.460932
-0.672404
-0.611467
0.177223

-0.700645
0.0286599
0.712934
0.767017
0.00482435

0.700645
-0.0286599
-0.712934
-1.46087
0.530906

-0.10728
-0.837973
0.535063
0.633826
0.00619859

-0.691295
-0.571346
-0.442351
0.705777
0.0199636

0.691295
0.571346
0.442351
-7.10955
15.1405

0.886393
-0.376579
-0.26925
-0.746313
0.20095

-0.886393
0.376579
0.26925
0.797882
0.00269981
