
0.821485
0.508107
-0.258823
0.452299
0.0147359

-0.821485
-0.508107
0.258823
0.436309
0.0156082

0.29903
-0.216991
0.929245
0.893363
0.00138589

0.0672216
0.515216
-0.85442
0.886837
0.00270471

-0.899276
-0.433025
0.0615849
-9.29864
31.037

0.899276
0.433025
-0.0615849
0.624938
0.0411784

0.34367
0.760783
-0.550544
-1.01703
0.382857

-0.34367
-0.760783
0.550544
0.549253
0.0191359

0.0185698
0.508136
-0.861077
-1.69219
0.62134

-0.0185698
-0.508136
0.861077
0.835338
0.00233216

0.0285409
-0.307032
0.951271
-13.6338
64.7422

-0.0285409
0.307032
-0.951271
0.954834
0.00061688

0.0311361
-0.67523
-0.73695
-1.48958
0.724607

-0.0311361
0.67523
0.73695
0.432898
0.0377443

-0.289599
0.0923253
-0.952685
-2.81694
1.36299

0.289599
-0.0923253
0.952685
0.94118
0.000324334

0.194945
0.122254
0.973165
0.909865
0.000237527

0.958251
0.180201
-0.221998
-1.61177
1.05149

-0.958251
-0.180201
0.221998
-0.0793519
0.179601

-0.549038
0.130036
0.825619
-0.403368
0.235885

0.549038
-0.130036
-0.825619
-0.308256
0.205032

-0.000230406
-0.391042
-0.920373
-0.32271
0.125651

0.000230406
0.391042
0.920373
0.557914
0.0141889

-0.424081
-0.366309
0.828235
0.855893
0.00193495

0.0800205
-0.0494306
0.995567
0.699846
0.00629962

-0.0800205
0.0494306
-0.995567
-0.529187
0.15971

-0.0404962
0.936194
-0.349142
0.90774
0.000275627

0.129057
-0.68002
-0.721746
-0.687221
0.149981

-0.260942
-0.290289
-0.920674
-1.42278
0.434299

0.260942
0.290289
0.920674
0.876159
0.00114997

-0.253427
0.0935378
0.962822
0.958237
0.000880157

-0.514698
0.790231
0.332598
0.190877
0.0282008

0.514698
-0.790231
-0.332598
0.741877
0.002873

-0.512895
-0.730957
0.450156
0.734653
0.00933165

0.183474
0.464398
0.866413
0.430815
0.055475

0.900204
-0.420527
0.11309
0.183709
0.0294341

0.187832
0.394769
-0.899376
-1.06375
0.279466

-0.187832
-0.394769
0.899376
0.873617
0.00200128

0.760023
0.0948177
0.642943
0.713667
0.00239836

0.954856
0.0946798
-0.281578
-1.70728
5.52212

-0.954856
-0.0946798
0.281578
-17.6407
261.787

-0.66119
0.190764
0.725559
0.690561
0.00950291

-0.754741
0.218232
-0.618661
0.00550282
0.0644649

0.754741
-0.218232
0.618661
0.476105
0.0179479

-0.0300025
-0.555406
0.831038
0.258848
0.0279482

0.927768
-0.373157
0
-1.46693
0.648097

-0.927768
0.373157
0
0.558434
0.0214292

-0.316139
0.126001
-0.940308
-0.574054
0.198697

0.855574
0.517681
0
0.131121
0.119292

-0.855574
-0.517681
0
-1.74609
1.07925

-0.390892
0.522014
0.758093
0.718095
0.0055545

0.390892
-0.522014
-0.758093
-0.599987
0.176292

0.700126
0.0889996
-0.708451
0.682699
0.0101201

-0.700126
-0.0889996
0.708451
-1.60199
0.674782

0.425716
-0.886541
0.181136
0.881226
0.000849759

-0.803898
-0.594767
0
0.383891
0.0233575

0.803898
0.594767
0
0.468762
0.0180795

-0.881924
0.29477
0.367861
0.0847905
0.123659

0.881924
-0.29477
-0.367861
-1.71457
1.08778

0.256267
-0.279026
0.925458
0.962381
0.00017429

-0.971448
-0.237255
0
0.372164
0.0273899

0.971448
0.237255
0
0.391937
0.0259534

-0.237185
0.121819
-0.963796
-0.930838
0.43791

0.237185
-0.121819
0.963796
0.141846
0.0865069

0.744763
0.483012
-0.460464
0.785462
0.00506375

0.749943
0.555677
0.358899
0.365969
0.0285636

-0.749943
-0.555677
-0.358899
9.05991e-05
0.0710367

-0.968295
0.196402
-0.154371
-0.0936401
0.0447668

0.968295
-0.196402
0.154371
0.911782
0.000310487

-0.478507
0.23764
0.845316
0.834499
0.0076581

0.478507
-0.23764
-0.845316
-10.4931
36.8452

0.266705
0.150543
0.951948
0.870498
0.00172163

0.692207
-0.098791
-0.714905
-0.293216
0.271049

-0.692207
0.098791
0.714905
-1.49463
1.00855

0.793596
-0.389698
0.467269
0.522022
0.0100911

0.912682
-0.0598268
0.404267
0.878789
0.000844978

-0.912682
0.0598268
-0.404267
-0.253482
0.0713572

-0.158454
-0.91982
0.358919
0.302854
0.0815843

0.158454
0.91982
-0.358919
-2.87342
2.51714

0.471045
-0.0947496
-0.877006
-0.0364697
0.111342

-0.471045
0.0947496
0.877006
-0.321201
0.180917

-0.254164
0.888129
-0.382921
-20.2015
284.242

0.254164
-0.888129
0.382921
0.0264668
0.59934

0.580002
0.106504
0.807623
0.984233
5.20622e-05

-0.230668
0.582555
0.779373
0.858297
0.00162589

0.211889
0.926035
0.312348
0.306983
0.0201908

0.900855
0.43412
0
0.34307
0.054617

-0.371007
-0.674049
-0.638758
-0.281408
0.145611

0.371007
0.674049
0.638758
0.234864
0.0519927

-0.397776
-0.775423
-0.490401
-2.34186
1.66792

0.397776
0.775423
0.490401
0.339884
0.0651564

0.970614
0.240644
0
0.753925
0.00492133

-0.970614
-0.240644
0
-0.967434
0.294074

-0.635525
-0.433438
-0.638936
-0.849467
0.168254

0.635525
0.433438
0.638936
0.952654
0.000121804

-0.641896
-0.611751
-0.46231
0.98251
5.68483e-05

0.621638
0.783304
0
0.667144
0.00344208

-0.621638
-0.783304
0
0.678239
0.00322571

0.165811
-0.928286
-0.332853
-2.87342
2.51718

-0.165811
0.928286
0.332853
0.302854
0.0815792

-0.565465
0.0456908
-0.823506
-7.10955
15.1431

0.565465
-0.0456908
0.823506
0.705777
0.0199364

-0.38376
0.781232
-0.492347
0.850196
0.00190141

0.38376
-0.781232
0.492347
-1.7197
0.624986

-0.251127
0.0364539
0.967268
0.885579
0.00515419

0.238905
-0.709035
0.663471
-0.882215
0.226902

0.45164
0.786252
0.421699
0.959405
0.000120346

-0.45164
-0.786252
-0.421699
-2.00852
0.654982

-0.103455
0.149732
0.983299
0.965946
0.000585464

0.103455
-0.149732
-0.983299
-23.8252
300.438

-0.361309
0.63792
0.680084
0.71114
0.00768575

0.361309
-0.63792
-0.680084
-1.3876
0.520175

-0.0992751
-0.628871
0.771146
0.988862
3.38948e-05

0.0992751
0.628871
-0.771146
-11.4992
37.5835

0.917981
-0.0194559
-0.396147
0.966277
0.000110175

-0.917981
0.0194559
0.396147
-3.16823
1.63408

-0.542619
0.359275
-0.759266
-5.24111
9.7228

0.542619
-0.359275
0.759266
0.122347
0.192537

0.905644
-0.168205
-0.389252
-4.83744
4.63

-0.905644
0.168205
0.389252
0.938594
0.000517984

-0.143849
-0.608088
-0.780728
-1.01666
0.416975

0.143849
0.608088
0.780728
0.429419
0.0335322

-0.625511
-0.376001
0.683637
0.799268
0.00390016

0.517173
-0.0749747
-0.852591
-8.60315
22.9762

-0.517173
0.0749747
0.852591
0.786983
0.0113077

-0.360456
0.754084
-0.549025
-0.786363
0.253528

0.360456
-0.754084
0.549025
0.652309
0.00961019

-0.715004
0.332819
0.614818
-1.542
0.736867

0.715004
-0.332819
-0.614818
0.492519
0.0293786

0.29879
0.155132
0.941626
0.925358
0.000165907

-0.29879
-0.155132
-0.941626
0.413081
0.00807026

-0.148839
0.615221
0.774177
0.781084
0.00132702

0.148839
-0.615221
-0.774177
0.570923
0.00509723

-0.139473
-0.401209
-0.905306
-2.53988
2.01323

-0.692911
-0.183923
0.697171
-11.7835
61.5366

0.692911
0.183923
-0.697171
0.445162
0.11608

-0.717787
0.0128589
0.696144
0.900616
0.000496182

0.717787
-0.0128589
-0.696144
-0.53967
0.117778

-0.897723
-0.440561
0
-1.86416
1.28724

0.897723
0.440561
0
0.0157597
0.152064

-0.407969
-0.448012
0.795517
0.842784
0.00280787

0.407969
0.448012
-0.795517
-1.36125
0.425306

-0.152628
-0.217972
-0.963946
-2.09711
0.83729

-0.105914
-0.338304
0.935058
0.94009
0.00092862

0.105914
0.338304
-0.935058
-11.0236
37.3517

-0.34282
0.633346
0.693792
0.33724
0.0408958

0.935349
0.353726
0
0.613831
0.00744977

-0.935349
-0.353726
0
0.613831
0.00744977

-0.769706
0.463098
0.439424
0.51608
0.0345486

0.769706
-0.463098
-0.439424
-2.79394
2.12049

-0.553141
0.651397
-0.519344
-0.393929
0.157155

0.553141
-0.651397
0.519344
0.447402
0.0246994

0.844294
0.362037
-0.395091
-0.264718
0.0877937

-0.844294
-0.362037
0.395091
0.776707
0.00302177

-0.559436
0.61304
-0.557864
-1.96695
1.32634

0.559436
-0.61304
0.557864
0.162643
0.105761

-0.458861
-0.572154
0.67977
0.6309
0.0594206

0.458861
0.572154
-0.67977
-15.817
123.14

0.30827
0.177035
-0.934681
-8.57616
22.9444

-0.30827
-0.177035
0.934681
0.778246
0.0123326

-0.412833
0.495977
0.763921
-0.568246
0.119132

0.412833
-0.495977
-0.763921
0.916162
0.000368833

0.761911
0.0759953
-0.643207
-0.65636
0.207172

-0.761911
-0.0759953
0.643207
0.653854
0.00911713

-0.796411
-0.604756
0
-0.627966
0.185206

-0.869302
-0.494281
0
-0.367385
0.133641

0.869302
0.494281
0
0.725222
0.0148834

0.50284
-0.839416
0.206232
0.356384
0.0365042

-0.50284
0.839416
-0.206232
-0.448132
0.184754

0.459183
-0.110727
0.881414
0.781981
0.00142293

-0.439678
0.270622
0.856415
-0.238678
0.118335

0.439678
-0.270622
-0.856415
0.418468
0.0260908

0.165091
-0.445973
0.879689
0.49291
0.0183898

-0.165091
0.445973
-0.879689
-0.200213
0.102989

-0.607224
-0.758645
-0.236087
-1.57445
0.828703

0.607224
0.758645
0.236087
0.356383
0.0518112

-0.503307
-0.584036
-0.636855
-0.203642
0.129209

0.503307
0.584036
0.636855
0.164138
0.0623273

0.0527202
0.371453
-0.926953
0.852591
0.0003188

-0.654826
0.75578
0
-1.36782
0.561216

0.654826
-0.75578
0
0.585926
0.0237461

0.176569
0.387733
0.904703
0.925903
0.000793991

0.93615
-0.349407
-0.0392115
0.870025
0.000915764

-0.0721076
-0.601411
0.795679
0.432898
0.0377667

0.0721076
0.601411
-0.795679
-1.48958
0.724573

-0.0610805
0.329839
-0.942059
0.718157
0.00586545

0.0610805
-0.329839
0.942059
-0.717754
0.213119

-0.471256
0.267477
-0.84046
-6.31256
8.08349

0.471256
-0.267477
0.84046
0.97692
9.04759e-05

-0.250029
0.0773955
0.96514
0.954173
0.000105712

0.857675
-0.514192
0
0.778957
0.00560085

0.493171
-0.812482
-0.310894
-0.461624
0.199111

-0.493171
0.812482
0.310894
0.274469
0.0490825

0.661713
-0.251157
0.706439
-4.74302
7.20065

-0.661713
0.251157
-0.706439
0.317119
0.101992

0.133505
0.328368
0.935067
0.921756
0.000849851

-0.133505
-0.328368
-0.935067
-4.76455
4.61152

-0.804063
-0.251294
0.538826
0.648249
0.00486362

0.804063
0.251294
-0.538826
0.458706
0.0114655

0.421697
-0.407831
0.809843
-2.45303
0.995475

-0.421697
0.407831
-0.809843
0.95164
0.000195791

-0.833544
0.0407135
-0.550951
0.97433
4.12989e-05

-0.491174
-0.710003
0.504622
0.781351
0.00223735

0.172283
0.614283
0.770049
0.723533
0.00669468

-0.172283
-0.614283
-0.770049
-1.29312
0.460479

0.914782
0.230002
0.332073
-0.294223
0.166297

-0.914782
-0.230002
-0.332073
0.0319293
0.0930586

-0.258495
-0.0965956
-0.961171
-0.502296
0.139143

0.258495
0.0965956
0.961171
0.772117
0.00331104

0.492959
0.681868
-0.540414
0.848599
0.000767841

-0.492959
-0.681868
0.540414
0.261654
0.0182293

-0.881239
-0.354437
0.312717
-0.170212
0.170974

0.881239
0.354437
-0.312717
-0.685098
0.354484

-0.160273
0.659573
0.734354
0.250275
0.0326254

0.461967
-0.847796
-0.260438
-1.51887
0.443141

-0.461967
0.847796
0.260438
0.919013
0.000461357

0.463372
0.236065
-0.854143
0.690569
0.00449132

-0.81169
0.386667
0.437775
-0.980676
0.23377

0.81169
-0.386667
-0.437775
0.905394
0.000536778

-0.241582
-0.228171
-0.943173
-5.07938
5.90121

0.241582
0.228171
0.943173
0.854076
0.00347758

-0.156903
0.247428
0.956118
-0.504922
0.191176

0.156903
-0.247428
-0.956118
0.451392
0.0254072

-0.0772337
-0.430227
-0.899411
-2.13004
0.842501

0.0772337
0.430227
0.899411
0.904142
0.000791119

0.897153
-0.114346
0.426664
0.82819
0.00195318

-0.897153
0.114346
-0.426664
-0.849804
0.224397

0.50859
0.494589
-0.704782
0.986046
6.82828e-06

0.46814
0.506761
-0.723905
-1.77388
0.878056

-0.46814
-0.506761
0.723905
0.57341
0.0208826

0.232538
0.775573
-0.586866
0.914597
0.000326071

-0.367834
-0.54196
0.75563
0.719649
0.0011547

0.829037
0.287822
-0.479434
-1.25265
0.498494

-0.829037
-0.287822
0.479434
0.586248
0.0168648

-0.345203
0.242571
-0.906639
-2.17367
0.6639

0.345203
-0.242571
0.906639
0.989294
1.29268e-05

-0.745685
0.136311
-0.652207
-3.97891
4.27869

0.745685
-0.136311
0.652207
0.57349
0.0314996

0.490676
-0.324997
-0.808464
-1.03135
0.419511

-0.490676
0.324997
0.808464
0.448959
0.0309105

-0.676887
-0.606928
0.416488
0.59274
0.0250571

0.676887
0.606928
-0.416488
-3.20765
2.67047

0.557631
-0.793415
-0.24401
-0.131971
0.0929039

-0.557631
0.793415
0.24401
0.436207
0.0232138

-0.993258
-0.115929
0
-1.88124
0.643618

0.993258
0.115929
0
0.921113
0.000487968

-0.540911
-0.309874
-0.781917
-4.29203
3.61671

0.540911
0.309874
0.781917
0.920403
0.000847571

-0.480792
-0.0862439
0.872583
0.989351
2.00992e-05

0.480792
0.0862439
-0.872583
-5.75309
6.08827

0.95287
0.30338
0
0.708571
0.00649072

-0.95287
-0.30338
0
0.125623
0.0410733

-0.803356
0.595499
0
0.648446
0.00756222

0.803356
-0.595499
0
0.0826293
0.0460229

-0.167971
0.627946
-0.759915
-0.242846
0.181979

0.167971
-0.627946
0.759915
-0.426728
0.239736

-0.917197
-0.0917094
-0.387737
-0.560879
0.211185

0.917197
0.0917094
0.387737
0.445261
0.0267078

0.578067
-0.642368
-0.503192
0.310414
0.0290277

-0.578067
0.642368
0.503192
0.310414
0.0290277

-0.465242
0.838787
0.28282
0.939368
0.000543567

0.465242
-0.838787
-0.28282
-5.3984
6.02059

-0.092323
0.394206
0.914373
0.63222
0.0129617

0.092323
-0.394206
-0.914373
-1.29862
0.506217

0.373539
-0.826512
-0.421126
0.800379
0.00145589

-0.373539
0.826512
0.421126
0.288951
0.0182741

-0.578461
-0.207153
-0.788968
-0.414594
0.1252

0.578461
0.207153
0.788968
0.730125
0.00464013

-0.358187
-0.0162881
0.933508
0.951498
0.000207241

-0.881024
-0.228519
-0.414218
-0.757732
0.368956

0.881024
0.228519
0.414218
-0.0088017
0.12154

0.385909
-0.706451
0.593296
-36.1865
1014.34

-0.385909
0.706451
-0.593296
0.94499
0.00222017

-0.967559
0.252645
0
-1.08459
0.760221

0.967559
-0.252645
0
-0.881323
0.619444

-0.232696
0.536639
0.811093
0.723767
0.00116928

0.530133
0.707467
0.467385
0.561494
0.00947183

-0.530133
-0.707467
-0.467385
0.305963
0.0237213

0.0822645
-0.83639
-0.541927
0.862627
0.00196691

0.0784742
-0.257928
0.962972
0.955374
0.000120728

-0.445305
0.12802
0.886179
-4.5167
14.8217

0.445305
-0.12802
-0.886179
-4.5167
14.8217

0.659763
0.612528
-0.435343
0.826743
0.00586409

-0.659763
-0.612528
0.435343
-6.44574
10.7939

0.622913
-0.0975089
0.77619
-23.5564
300.004

-0.622913
0.0975089
-0.77619
0.942506
0.0016657

-0.513617
-0.166886
-0.841633
0.602129
0.0119203

0.513617
0.166886
0.841633
-0.499247
0.167457

0.232458
0.827257
0.511477
-13.8188
64.8812

-0.232458
-0.827257
-0.511477
0.973393
0.000209629

0.226909
0.963946
-0.139
7.62939e-06
0.0678526

-0.226909
-0.963946
0.139
0.429485
0.0221325

0.467876
0.507029
0.723888
0.795153
0.00290096

-0.467876
-0.507029
-0.723888
-0.805414
0.220811

0.227169
0.349101
-0.909133
-2.46155
1.13661

-0.227169
-0.349101
0.909133
0.894822
0.00110097

-0.108661
-0.994079
0
0.528017
0.0243495

-0.0343341
0.124573
0.991616
0.981035
7.09529e-05

-0.458294
-0.666005
-0.588561
-0.254529
0.162894

0.458294
0.666005
0.588561
-0.0707903
0.119213

0.917023
0.116836
-0.381338
0.676472
0.00582332

-0.917023
-0.116836
0.381338
-0.0581677
0.0620814

0.674735
-0.710134
-0.201102
0.975444
1.98334e-05

0.512418
0.265249
0.816744
0.846758
0.0045134

-0.512418
-0.265249
-0.816744
-6.50884
10.8343

0.173445
0.239983
0.955157
0.929873
0.00247902

-0.173445
-0.239983
-0.955157
-23.4356
299.804

-0.730939
-0.0910512
0.676342
0.58902
0.0152087

0.730939
0.0910512
-0.676342
-0.962449
0.3447

0.458668
-0.536001
0.70875
0.524551
0.0506124

-0.458668
0.536001
-0.70875
-5.78539
10.2809

0.0713184
-0.125041
-0.989585
-3.04322
1.38611

-0.0713184
0.125041
0.989585
0.984844
1.96606e-05

-0.526229
-0.805843
0.271479
-0.704406
0.330597

0.526229
0.805843
-0.271479
0.0594509
0.100693

0.34128
-0.896629
-0.282108
0.586248
0.0168226

-0.268314
-0.72189
-0.637874
-4.44506
5.56389

0.268314
0.72189
0.637874
0.543734
0.0391712

-0.647142
0.3314
0.686572
0.547695
0.0128

0.647142
-0.3314
-0.686572
-0.0328238
0.0666462

-0.241527
0.798455
-0.551484
0.0226833
0.0846242

-0.326004
-0.886055
0.329588
0.810611
0.00246819

0.326004
0.886055
-0.329588
-0.892695
0.245376

-0.311329
-0.55962
0.768049
-3.22947
2.67835

0.311329
0.55962
-0.768049
0.608235
0.0231083

0.851148
-0.0909256
0.516991
0.804373
0.0128013

-0.851148
0.0909256
-0.516991
-12.8035
63.695

0.163149
-0.954823
0.248386
0.226891
0.133779

0.874576
-0.409834
-0.259139
-0.006145
0.136861

-0.874576
0.409834
0.259139
-1.19253
0.649877

-0.52995
-0.0742867
0.844769
0.912092
0.00178418

0.52995
0.0742867
-0.844769
-9.09154
23.3868

-0.704858
0.583554
-0.403286
0.207422
0.0401586

0.704858
-0.583554
0.403286
0.342638
0.0276363

-0.426068
0.328916
0.842781
0.940597
0.000127186

-0.0112296
0.889775
0.456262
0.480168
0.010208

0.0112296
-0.889775
-0.456262
0.657352
0.00445007

-0.732048
-0.415975
-0.539509
-1.44177
0.396907

0.732048
0.415975
0.539509
0.928188
0.000351274

0.100883
0.918471
-0.382405
0.9868
6.36959e-05

-0.116481
-0.963987
-0.239083
0.975582
1.44045e-05

0.116481
0.963987
0.239083
0.117049
0.0185629

-0.217555
-0.721439
-0.657416
-0.741016
0.163189

0.217555
0.721439
0.657416
0.906082
0.000480755

0.946091
0.0209489
0.323222
0.913126
0.000475076

-0.946091
-0.0209489
-0.323222
-1.14299
0.28584

0.39223
-0.00494406
-0.919854
-1.27563
0.3499

-0.39223
0.00494406
0.919854
0.897607
0.000721075

-0.875941
-0.465265
0.127501
-0.19502
0.131117

0.875941
0.465265
-0.127501
0.10395
0.0737539

0.172735
0.326419
0.929308
-3.39172
2.31148

-0.172735
-0.326419
-0.929308
0.869449
0.00210959

-0.0138942
0.869222
0.494227
0.924896
0.000855148

0.800777
-0.072206
-0.594594
-5.65069
10.1577

-0.800777
0.072206
0.594594
0.439434
0.0721906

0.423485
-0.672473
0.606994
0.508301
0.00947688

-0.423485
0.672473
-0.606994
0.608358
0.00603035

0.637948
-0.747177
-0.186414
-0.890896
0.285645

-0.637948
0.747177
0.186414
0.684539
0.00795591

-0.93017
0.359761
0.0731774
0.979023
4.92671e-05

0.206551
-0.537539
-0.81755
0.99129
5.44228e-06

-0.213779
-0.624582
0.75113
0.715232
0.00594512

0.0969071
0.390946
0.915298
0.918423
0.000215721

-0.271947
-0.185092
-0.944344
-1.15021
0.338507

0.271947
0.185092
0.944344
0.828
0.00225245

0.24509
-0.598718
0.76254
-0.474246
0.366047

-0.24509
0.598718
-0.76254
-1.40701
0.975243

0.285007
0.613961
0.736086
0.866672
0.00168168

-0.285007
-0.613961
-0.736086
-0.67308
0.160826

-0.739171
0.52817
-0.417927
-1.39056
0.700958

0.739171
-0.52817
0.417927
0.306877
0.0589793

0.173808
0.720135
0.671712
-0.534959
0.170716

-0.173808
-0.720135
-0.671712
0.646493
0.0091878

-0.382231
-0.624561
-0.681046
-0.831829
0.258442

0.382231
0.624561
0.681046
0.698933
0.00698131

-0.0767696
0.413339
-0.907335
0.744884
0.00105827

0.233887
-0.502747
-0.832191
0.828767
0.00259568

-0.357419
-0.258007
-0.897599
-0.86621
1.93511

0.357419
0.258007
0.897599
-13.1667
111.43

0.216125
0.491595
-0.843578
0.0168059
0.0608392

-0.216125
-0.491595
0.843578
0.507588
0.0152646

0.322027
0.847031
-0.422892
0.637024
0.00578065

-0.322027
-0.847031
0.422892
0.349957
0.0184835

-0.218911
-0.200918
-0.954835
-36.0406
1013.75

0.218911
0.200918
0.954835
0.932928
0.00332462

0.561451
-0.713302
0.419491
0.941634
0.000227505

0.493531
-0.657709
-0.569075
-1.01071
0.275621

-0.493531
0.657709
0.569075
0.84194
0.00173206

-0.102527
0.815008
-0.570307
0.919636
0.000583264

0.287151
-0.418405
-0.861674
-2.82657
1.17678

-0.287151
0.418405
0.861674
0.98515
2.44488e-05

-0.166698
-0.547312
-0.820159
-0.540377
0.0876575

0.166698
0.547312
0.820159
0.979906
2.30868e-05

-0.577143
0.52785
-0.623121
0.204689
0.0291474

0.577143
-0.52785
0.623121
0.691119
0.00447602

0.881663
-0.0927342
-0.462678
0.513733
0.013416

-0.881663
0.0927342
0.462678
0.175824
0.0385213

-0.707107
-0.707107
0
0.579178
0.308114

0.707107
0.707107
0
-1.48201
0.128346

0.611271
0.0411345
-0.790352
-2.9185
1.85884

-0.611271
-0.0411345
0.790352
0.789303
0.00538273

-0.386748
-0.167204
0.906901
0.741071
0.00478336

0.386748
0.167204
-0.906901
-0.741956
0.215237

0.978491
0.115809
0.170715
-0.205597
0.251583

-0.978491
-0.115809
-0.170715
-1.94338
1.4995

-0.175688
0.648661
0.740522
-3.75715
4.14924

0.175688
-0.648661
-0.740522
0.407412
0.0645586

-0.121475
-0.81804
0.562187
0.502325
0.00863627

0.660291
0.0951696
0.744955
0.771667
0.00645836

-0.660291
-0.0951696
-0.744955
-2.88525
1.84877

0.0288312
0.288546
-0.957032
-35.4714
1010.62

-0.0288312
-0.288546
0.957032
0.8738
0.012171

-0.107839
0.417554
0.90223
0.708771
0.0295126

0.107839
-0.417554
-0.90223
-12.4664
63.0892

0.249566
0.147155
-0.957111
-1.1319
0.366501

-0.249566
-0.147155
0.957111
0.750978
0.00512395

-0.764847
-0.619552
-0.176533
0.181509
0.0582122

0.764847
0.619552
0.176533
-0.16774
0.11848

0.783899
-0.268509
0.559826
-0.561082
0.105192

-0.0885748
-0.118714
-0.98897
0.996284
2.67035e-06

-0.466411
0.690375
0.55303
0.436438
0.0358614

0.730067
-0.182043
0.658682
0.696168
0.00993115

-0.730067
0.182043
-0.658682
-1.9198
0.910467

0.951199
-0.187446
0.245123
-13.5049
64.6208

-0.951199
0.187446
-0.245123
0.938839
0.00115117

0.839389
-0.312163
-0.444949
0.274469
0.0491112

-0.657675
-0.744507
0.11477
0.956986
0.000270889

0.540501
-0.27025
0.796758
0.89391
0.00441735

-0.515306
-0.119187
0.848678
0.644456
0.0129215

0.515306
0.119187
-0.848678
-1.55712
0.666644

-0.215364
0.504266
0.836262
-0.62753
0.653807

0.215364
-0.504266
-0.836262
-3.35802
4.68762

-0.72534
-0.588091
-0.357814
0.919784
0.000664498

-0.416347
0.342123
-0.842382
-13.964
64.9264

0.416347
-0.342123
0.842382
0.984429
7.70647e-05

0.670723
0.261571
-0.694054
0.26985
0.0306739

0.847521
-0.0266372
-0.530092
-8.57616
22.9477

-0.847521
0.0266372
0.530092
0.778246
0.0123147

0.79574
-0.605639
0
0.979069
0.000581569

0.848376
0.498986
0.176837
-1.056
0.357186

-0.848376
-0.498986
-0.176837
0.685189
0.00837942

0.902053
0.431625
0
0.578697
0.0222129

-0.902053
-0.431625
0
-0.870601
0.308659

0.595933
-0.360562
-0.717537
0.485903
0.0128227

0.563868
-0.377302
-0.73464
0.283607
0.020806

-0.563868
0.377302
0.73464
0.734223
0.00287746

-0.390467
0.388945
0.83442
0.865704
0.00316379

0.390467
-0.388945
-0.83442
-5.76987
7.89706

-0.878764
0.344216
-0.330588
-3.68623
2.84088

0.878764
-0.344216
0.330588
0.852828
0.00280431

0.507855
0.34756
0.788217
0.898943
0.00160425

-0.507855
-0.34756
-0.788217
-2.68087
1.32372

-0.597361
-0.475508
-0.645796
-0.274284
0.0876896

0.597361
0.475508
0.645796
0.78629
0.00251185

0.24066
0.191268
0.951577
0.933896
0.000656018

-0.24066
-0.191268
-0.951577
-5.37223
6.01165

-0.0335986
0.101918
-0.994225
0.425577
0.022464

0.0335986
-0.101918
0.994225
0.00188005
0.0677135

-0.0180721
0.704566
-0.709408
-0.827818
0.300571

0.0180721
-0.704566
0.709408
0.526276
0.0202979

-0.756003
-0.245342
0.60685
0.337453
0.0729557

0.756003
0.245342
-0.60685
-2.90766
2.53349

0.169083
-0.81003
-0.561483
0.636935
0.00593214

-0.385389
0.906638
0.171705
-0.131628
0.0975861

0.385389
-0.906638
-0.171705
0.363456
0.0308821

-0.222033
0.638181
0.737174
0.92804
7.57108e-05

0.222033
-0.638181
-0.737174
0.700395
0.00129269

-0.766931
-0.140346
-0.626194
-2.88525
1.84914

0.766931
0.140346
0.626194
0.771667
0.00643818

-0.733166
-0.181157
-0.655477
-0.258983
0.197145

0.733166
0.181157
0.655477
-0.566282
0.305031

-0.432483
-0.195355
0.880224
0.911149
0.00306207

-0.476716
-0.645121
-0.597127
0.29439
0.0241875

0.476716
0.645121
0.597127
0.586593
0.00834006

0.253751
0.92248
0.290932
-0.142745
0.0934454

-0.253751
-0.92248
-0.290932
0.456483
0.0211539

-0.606461
0.793495
0.0507011
0.996344
2.79334e-06

0.362047
-0.736764
0.571052
0.677982
0.00541192

-0.362047
0.736764
-0.571052
0.0412507
0.0478788

0.0586677
0.847804
-0.527055
-0.330339
0.119024

-0.0586677
-0.847804
0.527055
0.629434
0.00924649

-0.781985
0.212303
0.586026
-0.0501065
0.127951

0.781985
-0.212303
-0.586026
-0.574624
0.28501

0.224564
0.445166
-0.866832
-23.3897
299.704

-0.224564
-0.445166
0.866832
0.924724
0.00286359

-0.216427
-0.096664
0.971502
-0.757732
0.369073

0.216427
0.096664
-0.971502
-0.0088017
0.121816

0.628742
0.374278
0.681615
0.553654
0.0176812

-0.100759
0.0349743
0.994296
0.502518
0.111587

0.100759
-0.0349743
-0.994296
-15.4479
121.966

0.778557
-0.0157627
-0.627375
-8.14965
22.4494

-0.778557
0.0157627
0.627375
0.612168
0.0404246

-0.687193
0.203708
-0.69733
-3.92259
2.89805

0.687193
-0.203708
0.69733
0.928298
0.000635919

0.22896
-0.811428
0.537739
-0.0408998
0.27002

0.303655
0.275035
0.912222
0.491213
0.0308749

-0.303655
-0.275035
-0.912222
-1.69147
0.858112

0.139163
0.990269
0
-0.352268
0.212396

-0.139163
-0.990269
0
-0.270925
0.187727

-0.663875
0.698368
-0.267493
-17.9893
127.061

0.663875
-0.698368
0.267493
0.994636
1.03728e-05

0.0610504
-0.27708
0.958905
0.820833
0.00426974

-0.0610504
0.27708
-0.958905
-3.60807
2.81726

0.675724
0.737155
0
0.395078
0.0195015

0.821334
-0.0351584
-0.569363
-0.491695
0.177739

-0.821334
0.0351584
0.569363
0.517106
0.0186911

-0.0636699
0.62961
0.774298
0.851806
0.00607134

0.269933
0.0962852
-0.958053
-1.3876
0.520046

-0.269933
-0.0962852
0.958053
0.71114
0.00775468

0.0396644
-0.330891
0.942835
0.934385
0.000588624

-0.0396644
0.330891
-0.942835
-4.81828
4.62607

0.237978
0.174064
0.955546
0.729723
0.00523189

-0.237978
-0.174064
-0.955546
-0.668821
0.194633

-0.377964
0.89178
0.24874
0.057705
0.0254336

0.377964
-0.89178
-0.24874
0.953
6.49665e-05

0.560071
0.241879
0.792348
0.725256
0.0155738

-0.630013
0.52875
-0.568778
0.551292
0.009069

0.630013
-0.52875
0.568778
0.432105
0.0144969

0.866006
-0.18387
0.465001
-0.22528
0.167911

-0.866006
0.18387
-0.465001
-0.308336
0.191443

-0.467284
-0.0752507
0.880899
0.466829
0.0115344

-0.481642
0.876368
0
0.44993
0.0153103

0.481642
-0.876368
0
0.581646
0.00947003

0.0707052
-0.339218
-0.938047
-0.633254
0.219639

-0.0707052
0.339218
0.938047
0.549105
0.0169158

0.621964
0.404942
0.670211
0.623524
0.00535016

-0.621964
-0.404942
-0.670211
0.532004
0.00823625

-0.319358
-0.878814
-0.354536
0.599528
0.0174101

0.319358
0.878814
0.354536
-1.64801
0.760051

0.755841
0.439214
0.485588
0.784077
0.00679351

-0.761904
0.485495
-0.428715
0.086539
0.0310659

0.761904
-0.485495
0.428715
0.863844
0.000691655

-0.861616
0.491199
-0.127836
-2.65692
1.78132

0.861616
-0.491199
0.127836
0.625535
0.018679

-0.286943
0.297426
-0.910605
-0.3994
0.124206

0.286943
-0.297426
0.910605
0.713614
0.00531762

-0.494981
0.555234
-0.668363
-0.91147
0.158474

0.494981
-0.555234
0.668363
0.983807
1.57655e-05

0.162024
-0.169319
-0.972152
-2.10678
1.19589

-0.162024
0.169319
0.972152
0.548786
0.0288457

0.058411
-0.590247
-0.805107
0.965296
8.7811e-05

-0.295351
-0.883876
0.362672
0.582662
0.0237014

0.295351
0.883876
-0.362672
-2.6012
1.76257

-0.204392
-0.147894
-0.967652
-0.780753
0.203729

0.204392
0.147894
0.967652
0.824105
0.00207862

-0.431308
-0.236188
0.87074
0.922509
9.85555e-05

0.645159
0.411835
0.643554
0.346904
0.0386345

-0.645159
-0.411835
-0.643554
-0.501231
0.204011

0.101378
0.221219
0.969941
0.954695
0.000163982

0.682822
-0.557535
0.472132
0.952315
0.000115597

-0.682822
0.557535
-0.472132
-0.794848
0.154793

0.400137
-0.727749
0.557021
-0.00409555
0.0543399

-0.400137
0.727749
-0.557021
0.674035
0.00576862

0.313393
-0.630444
-0.710159
-0.849714
0.303469

-0.313393
0.630444
0.710159
0.553654
0.0176821

0.149847
-0.602938
0.783589
0.76437
0.0112328

0.159693
-0.987167
0
0.995623
2.56323e-06

0.104815
0.665297
0.739185
0.43921
0.0109525

-0.104815
-0.665297
-0.739185
0.738979
0.00237723

0.738774
-0.580277
0.342771
0.930135
0.000185821

-0.738774
0.580277
-0.342771
-0.171188
0.0508901

0.189432
-0.5462
0.815954
0.840893
0.000705264

-0.226001
-0.00528018
0.974113
0.906146
0.000725788

0.643659
0.543075
-0.539233
-0.632109
0.343723

-0.643659
-0.543075
0.539233
-0.301105
0.218489

-0.710677
0.18072
-0.679911
-0.373045
0.137452

0.710677
-0.18072
0.679911
0.56556
0.0138448

-0.16335
0.68479
0.710197
-0.780301
0.373384

0.16335
-0.68479
-0.710197
0.0374625
0.109179

-0.645406
-0.242088
-0.724462
-1.08038
0.36028

0.645406
0.242088
0.724462
0.707448
0.00712541

0.57244
0.0616295
-0.817627
-1.22221
0.541517

-0.57244
-0.0616295
0.817627
0.419484
0.0371305

0.244653
0.342986
0.906921
0.949122
0.00128794

-0.244653
-0.342986
-0.906921
-23.6253
300.212

-0.569002
0.603495
-0.558597
-4.21022
4.39801

0.569002
-0.603495
0.558597
0.711545
0.0135324

-0.0466383
-0.983967
-0.172144
-0.0422878
0.0950504

0.0466383
0.983967
0.172144
0.0593312
0.0774215

-0.367462
0.101619
0.92447
0.928424
0.000356492

0.947759
0.318986
0
-3.50531
3.89916

-0.947759
-0.318986
0
0.172497
0.142212

-0.378488
-0.389938
0.839462
0.00322485
0.112668

0.378488
0.389938
-0.839462
-0.525306
0.258166

-0.0728579
-0.407807
0.910157
0.870722
0.000848646

0.0728579
0.407807
-0.910157
-0.305491
0.0805148

0.0912878
-0.785053
0.612665
0.363456
0.0309741

-0.0912878
0.785053
-0.612665
-0.131628
0.0976902

0.305952
-0.476349
-0.824309
-0.453805
0.64545

-0.305952
0.476349
0.824309
-5.56488
13.1518

0.887852
-0.0955585
0.450098
0.672301
0.00539132

-0.887852
0.0955585
-0.450098
0.109841
0.0397341

-0.710276
-0.391138
-0.585252
0.552269
0.0161476

-0.660492
-0.467563
0.587482
0.657605
0.00570179

0.660492
0.467563
-0.587482
0.193783
0.0313817

0.31931
-0.0475598
-0.946456
-1.34672
0.467575

-0.31931
0.0475598
0.946456
0.76499
0.00480529

-0.417517
-0.65956
-0.625028
-1.02866
0.384611

0.417517
0.65956
0.625028
0.562702
0.0179535

-0.431504
0.184448
0.883054
0.865697
0.00232246

0.209586
0.716914
-0.664912
0.816903
0.00172434

-0.209586
-0.716914
0.664912
-0.272603
0.0830724

-0.18883
-0.396474
0.898416
0.845119
0.00106158

0.392016
-0.630866
-0.669576
0.213585
0.027538

-0.392016
0.630866
0.669576
0.707375
0.00382548

-0.0901898
-0.856959
0.507432
0.00449061
0.0615472

0.0901898
0.856959
-0.507432
0.530742
0.0136852

-0.0707262
0.616178
0.784425
0.827194
0.00110281

0.0707262
-0.616178
-0.784425
0.203094
0.0233758

-0.545636
-0.439135
0.713751
0.526513
0.00985475

0.545636
0.439135
-0.713751
0.488899
0.01147

-0.400637
0.0929152
0.911514
0.717557
0.0025392

0.809723
-0.323858
-0.489351
-2.49551
1.72578

-0.809723
0.323858
0.489351
0.49272
0.0363621

0.903462
0.390952
0.175822
-2.18742
1.23439

-0.903462
-0.390952
-0.175822
0.618074
0.0177243

0.0622379
0.196677
0.978491
0.973123
4.60359e-05

-0.0507672
-0.956578
-0.287022
-0.491695
0.177682

0.0507672
0.956578
0.287022
0.517106
0.0186368

-0.0667141
0.19662
-0.978207
-0.133642
0.137349

0.0667141
-0.19662
0.978207
-0.28463
0.176272

0.243764
0.296117
0.923523
-1.6584
0.555622

-0.243764
-0.296117
-0.923523
0.882176
0.00115028

0.974915
0.222577
0
0.538431
0.00934961

-0.261698
-0.509667
0.819606
0.938839
0.00115051

-0.398252
-0.566411
0.721508
0.676864
0.00400117

0.398252
0.566411
-0.721508
0.43653
0.0121579

-0.141302
0.391976
0.909059
0.763644
0.008238

0.141302
-0.391976
-0.909059
-3.86837
3.48299

0.328033
-0.868204
-0.37231
0.850252
0.00141135

-0.328033
0.868204
0.37231
-0.818569
0.206426

0.0159645
0.846975
-0.531394
0.400135
0.0143863

-0.0159645
-0.846975
0.531394
0.671543
0.00432158

0.00623839
0.331562
-0.943413
-0.743991
0.24888

-0.00623839
-0.331562
0.943413
0.604537
0.0129638

-0.314375
-0.378853
0.870424
0.91926
0.000250142

-0.649876
-0.147711
0.745548
0.70302
0.011364

0.649876
0.147711
-0.745548
-2.76913
1.81544

0.129845
-0.307854
-0.942532
-7.02589
11.0577

-0.129845
0.307854
0.942532
0.961533
0.000274848

0.339721
0.186024
-0.921946
-0.597786
0.188063

-0.339721
-0.186024
0.921946
0.654833
0.00878218

0.543269
-0.289818
-0.78795
0.137743
0.0782861

-0.543269
0.289818
0.78795
-0.588139
0.265544

-0.448542
0.0346741
0.893089
0.420747
0.0327902

0.448542
-0.0346741
-0.893089
-0.830732
0.325602

0.168683
0.403034
-0.899505
-0.0098089
0.037427

-0.168683
-0.403034
0.899505
0.897446
0.000387293

0.965205
0.261494
0
0.741192
0.00535091

-0.965205
-0.261494
0
0.121774
0.0400299

0.661631
0.591124
-0.46132
0.951362
0.000156936

-0.245826
0.391314
0.886816
0.894619
0.000264227

0.245826
-0.391314
-0.886816
0.469861
0.00667617

0.971298
-0.134875
0.19593
0.279451
0.01635

-0.238151
-0.896944
0.372526
-0.276149
0.136554

0.238151
0.896944
-0.372526
0.321489
0.0386295

-0.235994
0.268471
0.933933
0.610806
0.0329584

0.235994
-0.268471
-0.933933
-5.93826
10.4121

-0.129606
0.481618
0.866745
-2.38146
1.12458

0.129606
-0.481618
-0.866745
0.861849
0.00189236

0.384804
-0.0537425
0.921432
0.931118
0.00181355

-0.384804
0.0537425
-0.921432
-17.1891
126.302

0.835351
0.549717
0
0.948763
0.00149713

-0.41466
0.783518
0.462771
0.498853
0.0193906

0.41466
-0.783518
-0.462771
-0.376206
0.146148

-0.0140916
0.794012
0.607739
0.727131
0.00697219

0.0140916
-0.794012
-0.607739
-1.52753
0.597028

0.522213
0.79996
0.295563
-0.256931
0.119906

-0.522213
-0.79996
-0.295563
0.451298
0.0228545

0.325985
-0.575566
0.749972
0.0805531
0.261003

-0.325985
0.575566
-0.749972
-7.27506
21.1186

0.840453
-0.541885
0
0.572781
0.0298722

-0.686558
-0.0855157
-0.722028
-1.17703
0.371812

0.686558
0.0855157
0.722028
0.785418
0.00362771

-0.231953
-0.413039
-0.88068
-2.10448
0.946446

0.231953
0.413039
0.88068
0.815318
0.00335856

0.00828866
0.370747
0.928697
0.878979
0.00130683

-0.00828866
-0.370747
-0.928697
-1.91652
0.723382

-0.802473
0.298828
0.516467
-0.006145
0.136937

0.802473
-0.298828
-0.516467
-1.19253
0.649845

-0.291853
0.903659
-0.313404
-0.542762
0.11824

0.291853
-0.903659
0.313404
0.902378
0.000562654

-0.06636
-0.997796
0
0.459903
0.133012

0.06636
0.997796
0
-15.3379
121.537

-0.685492
0.192708
0.702114
0.173138
0.0233463

0.685492
-0.192708
-0.702114
0.871565
0.000564584

-0.279434
0.893777
-0.350827
-1.08631
0.428775

0.279434
-0.893777
0.350827
0.51777
0.0229355

-0.820853
-0.502266
0.271899
-3.3533
1.94989

0.820853
0.502266
-0.271899
0.948427
0.000275969

0.393766
0.396001
0.829537
0.860756
0.00157655

-0.393766
-0.396001
-0.829537
-1.61468
0.550998

0.497235
0.0391981
-0.86673
0.912234
0.00160273

0.0994479
-0.139677
0.985191
0.966678
0.000189375

-0.336535
0.56362
-0.754372
-2.64508
1.53846

0.336535
-0.56362
0.754372
0.778737
0.00574124

0.734941
-0.67813
0
0.353406
0.0357792

-0.734941
0.67813
0
-0.164669
0.109299

-0.0334028
-0.851273
-0.523659
0.998107
6.0065e-07

0.771724
-0.384647
-0.506447
-0.682014
0.182791

-0.771724
0.384647
0.506447
0.793347
0.00278766

-0.858833
0.323384
0.397277
0.441364
0.0164239

0.858833
-0.323384
-0.397277
0.368172
0.0210016

0.328676
0.784769
-0.525461
-3.92176
4.24748

-0.328676
-0.784769
0.525461
0.534035
0.0381425

0.902024
0.236343
-0.361241
0.625281
0.00928458

-0.46742
-0.833825
-0.293691
-0.685098
0.354482

0.46742
0.833825
0.293691
-0.170212
0.17097

-0.439739
-0.898126
0
0.687623
0.00633581

0.439739
0.898126
0
0.079106
0.0452808

0.131663
0.695899
0.705968
0.875429
0.00102574

-0.131663
-0.695899
-0.705968
-0.993125
0.253461

-0.428071
0.0685193
0.901144
0.229717
0.0964695

0.428071
-0.0685193
-0.901144
-2.50564
1.99811

-0.904334
0.426825
0
-0.240422
0.0841034

0.904334
-0.426825
0
0.786271
0.00347741

0.260115
-0.170388
0.950425
0.911984
0.000755885

-0.126487
0.691983
-0.710747
0.195485
0.174885

0.126487
-0.691983
0.710747
-6.24067
14.1479

0.51734
-0.716711
0.467636
0.46286
0.0183845

-0.51734
0.716711
-0.467636
0.0652952
0.055578

-0.619152
-0.510051
0.597075
0.78984
0.00245914

0.619152
0.510051
-0.597075
-0.313497
0.0945537

-0.380145
0.9111
0.159332
0.211963
0.0240464

0.380145
-0.9111
-0.159332
0.796786
0.0016014

-0.0446929
-0.690112
0.722321
0.720168
0.00737239

0.0446929
0.690112
-0.722321
-1.5185
0.595559

0.353381
0.00994474
-0.935427
0.770137
0.00449748

0.855767
0.0230832
0.516846
0.58304
0.0280461

-0.855767
-0.0230832
-0.516846
-3.56188
3.34975

-0.117009
-0.1789
0.976885
0.806916
0.00369101

-0.885993
0.0750664
-0.457582
-0.690308
0.30336

0.885993
-0.0750664
0.457582
0.189858
0.0697407

0.554819
-0.168947
-0.814637
-2.45226
1.11993

-0.554819
0.168947
0.814637
0.891267
0.00180513

0.662012
0.336776
0.669569
0.684023
0.00364907

-0.662307
-0.0413506
0.748091
0.818566
0.00143543

-0.789945
0.274057
0.548525
0.606842
0.0110431

0.789945
-0.274057
-0.548525
-0.40275
0.139915

0.463398
0.814321
-0.34949
0.554247
0.00743561

-0.253866
0.648299
0.717817
0.467501
0.0285944

0.253866
-0.648299
-0.717817
-1.04565
0.421956

-0.514793
-0.520219
-0.681439
-0.754602
0.269264

0.514793
0.520219
0.681439
0.529459
0.0194629

-0.882294
-0.00521371
-0.470669
-0.38157
0.131053

0.882294
0.00521371
0.470669
0.639397
0.00951449

0.570927
-0.249831
0.782066
0.748945
0.00609892

-0.529329
0.117703
0.840212
0.861047
0.00107208

0.103108
-0.614236
-0.782358
0.596527
0.00987171

-0.103108
0.614236
0.782358
-0.0617847
0.0682932

-0.996272
-0.0862707
0
-0.84361
0.458299

0.996272
0.0862707
0
-0.243957
0.209299

0.117603
0.818721
0.562019
-0.533544
0.0824626

-0.397218
-0.101487
-0.912096
-1.16979
0.530825

0.397218
0.101487
0.912096
0.349315
0.0479696

0.542977
0.449149
-0.709536
0.183104
0.024783

0.788518
0.495044
-0.364926
-0.00342596
0.0233609

-0.788518
-0.495044
0.364926
0.990051
2.49733e-06

-0.642738
-0.46112
0.611765
0.793178
0.0018567

-0.451072
-0.757885
0.471321
-1.08459
0.76033

0.451072
0.757885
-0.471321
-0.881323
0.619305

0.13653
-0.229501
-0.963685
-13.8188
64.8808

-0.13653
0.229501
0.963685
0.973393
0.000209759

-0.549141
0.0794834
0.831941
0.682066
0.0067975

0.549141
-0.0794834
-0.831941
0.123608
0.0410674

-0.128938
-0.253751
0.958637
0.931446
0.000195976

0.128938
0.253751
-0.958637
-0.0418026
0.0369337

-0.00813887
0.873981
0.485891
0.323197
0.0476342

0.00813887
-0.873981
-0.485891
-0.851203
0.356254

-0.677311
-0.212369
-0.704378
-0.112649
0.0783776

0.677311
0.212369
0.704378
0.580145
0.0111802

0.848534
-0.485643
0.210099
0.954497
0.000132246

-0.848534
0.485643
-0.210099
-1.52177
0.402464

-0.0335196
-0.184422
-0.982275
0.980874
1.52288e-05

0.856151
0.168095
-0.48862
0.413316
0.0162353

-0.856151
-0.168095
0.48862
0.516413
0.0110338

-0.273825
-0.239441
0.931497
0.959337
0.000832777

0.381113
-0.787651
-0.484106
0.366833
0.0257038

-0.381113
0.787651
0.484106
0.177136
0.0433774

-0.251035
0.235873
0.9388
0.917167
0.000825414

0.979482
-0.0151475
0.200963
0.665776
0.0185293

-0.979482
0.0151475
-0.200963
-4.1271
4.35859

-0.0808104
-0.66619
0.741391
-0.0778241
0.072571

0.0808104
0.66619
-0.741391
0.574149
0.0113384

-0.19896
-0.783644
0.588487
-1.00061
0.209886

-0.137122
0.38816
-0.911334
-0.91914
0.399655

0.137122
-0.38816
0.911334
0.286456
0.0554755

-0.0798694
-0.410752
0.908242
0.933943
0.00137848

-0.318517
-0.259599
0.911677
0.917429
0.000126307

0.425122
-0.69965
0.574248
0.494474
0.00989479

-0.372765
-0.529096
-0.762301
-1.0619
0.389542

0.372765
0.529096
0.762301
0.599585
0.0148054

0.351212
-0.525626
0.774834
-1.06233
0.258293

-0.351212
0.525626
-0.774834
0.910729
0.000515377

-0.804616
-0.348066
-0.481086
-0.578148
0.135169

0.804616
0.348066
0.481086
0.869212
0.00094537

-0.250269
-0.331503
0.909654
0.503545
0.00722042

0.250269
0.331503
-0.909654
0.798184
0.00120837

-0.47953
-0.821523
0.308466
0.546406
0.014867

0.0801978
0.5421
0.836478
0.540409
0.0143299

-0.0801978
-0.5421
-0.836478
-0.155132
0.0897745

0.620101
-0.784522
0
0.0717084
0.130246

-0.620101
0.784522
0
-1.37641
0.76312

-0.851433
-0.354236
0.386754
0.459532
0.00937823

0.851433
0.354236
-0.386754
0.776858
0.00161986

0.688815
-0.718842
0.0938095
0.940509
0.000396176

-0.688815
0.718842
-0.0938095
-3.62441
2.36285

-0.0679402
0.602693
0.795076
0.0938907
0.0709761

0.329861
0.772298
0.542907
0.580339
0.007357

-0.329861
-0.772298
-0.542907
0.477908
0.0113637

0.27767
-0.532178
0.799804
0.98505
0.00010676

-0.854752
0.519036
0
0.448332
0.0204618

0.854752
-0.519036
0
0.0192511
0.0639752

0.66814
0.551782
-0.499125
0.734683
0.00233346

-0.66814
-0.551782
0.499125
0.504447
0.00807488

-0.307998
-0.0384762
0.950609
0.935657
0.000208784

0.307998
0.0384762
-0.950609
-0.414614
0.0844882

-0.21136
-0.365139
0.906642
0.904728
0.000739753

0.21136
0.365139
-0.906642
-1.70995
0.561072

0.26374
-0.118983
-0.957227
0.580566
0.0151567

-0.26374
0.118983
0.957227
-0.795439
0.274423

0.904943
0.0349043
0.4241
-0.183797
0.109504

-0.904943
-0.0349043
-0.4241
0.374936
0.0310568

0.617908
0.777249
0.118631
-1.27639
0.349998

-0.617908
-0.777249
-0.118631
0.897959
0.000704756

0.776037
0.248832
0.579525
0.470719
0.00865285

0.57114
-0.484422
-0.662672
-1.17431
0.405288

-0.57114
0.484422
0.662672
0.708425
0.00735611

-0.216581
0.0733781
0.973503
0.424345
0.0353561

0.216581
-0.0733781
-0.973503
-1.11473
0.473861

-0.35726
-0.314637
0.879414
0.904477
0.000195653

-0.916617
0
0.399767
0.864841
0.00107939

0.916617
0
-0.399767
-0.723965
0.173624

-0.206819
-0.548938
-0.809872
0.307387
0.0302676

0.698833
-0.406602
-0.58848
-34.9535
1007.7

-0.698833
0.406602
0.58848
0.802722
0.0303499

0.66495
0.357356
-0.65585
-2.8966
1.85214

-0.66495
-0.357356
0.65585
0.777786
0.00607866

0.195779
-0.220181
0.95561
0.945586
0.000268968

-0.347035
0.231993
0.908706
0.965582
0.000873286

0.347035
-0.231993
-0.908706
-36.481
1015.01

-0.999866
-0.0163912
0
0.68412
0.00374102

-0.706449
-0.707764
0
0.469648
0.0130581

0.706449
0.707764
0
0.69805
0.00522031

0.345994
-0.773608
-0.530866
-0.696798
0.196922

-0.825332
-0.190922
0.53139
0.859575
0.00376053

0.825332
0.190922
-0.53139
-6.55175
10.8584

-0.2133
-0.21682
0.952624
-8.0106
47.2002

0.2133
0.21682
-0.952624
-3.59726
12.2867

-0.879883
-0.3454
-0.326349
0.640602
0.0071455

0.879883
0.3454
0.326349
0.0179087
0.0532452

-0.0474945
0.323108
0.945169
0.580566
0.0151521

0.0474945
-0.323108
-0.945169
-0.795439
0.27442

-0.0189688
0.868133
0.49597
0.585346
0.00772951

0.254992
0.478393
0.840309
0.372302
0.0105502

-0.254992
-0.478393
-0.840309
0.892267
0.000311571

0.722328
-0.490218
-0.487779
-0.962122
0.317804

-0.722328
0.490218
0.487779
0.676894
0.00862766

-0.264317
0.244218
-0.933003
0.426273
0.0120186

-0.207244
-0.840274
-0.500988
0.364961
0.0356481

0.207244
0.840274
0.500988
-0.394842
0.167822

-0.112669
-0.136015
-0.984279
-1.08675
0.332057

0.112669
0.136015
0.984279
0.783853
0.00356981

-0.05135
0.211505
0.976027
0.942409
0.000456576

-0.642455
-0.0192478
0.766081
0.709234
0.00326983

-0.623049
-0.147416
0.768166
0.502382
0.0191579

0.623049
0.147416
-0.768166
-0.378458
0.146443

-0.737804
-0.671345
-0.070293
0.481805
0.0234394

0.737804
0.671345
0.070293
-0.649835
0.237578

0.574534
0.0997904
0.812375
0.739954
0.0108842

-0.574534
-0.0997904
-0.812375
-4.26594
4.42224

0.445216
-0.664051
-0.600682
0.457553
0.0180378

0.164283
0.522102
0.836911
0.791331
0.00146607

0.716597
-0.0373839
-0.696485
0.918303
0.00015156

0.794675
0.607035
0
-0.130675
0.269748

-0.0526165
0.89608
-0.440762
-0.0541956
0.163699

0.0526165
-0.89608
0.440762
-1.45591
0.888051

0.551136
0.624919
0.552924
0.965754
0.000434034

0.151734
0.658534
-0.737095
0.995063
2.26673e-06

-0.114816
-0.745071
0.657029
0.711545
0.0135505

0.114816
0.745071
-0.657029
-4.21022
4.3974

0.57071
0.394484
0.72019
0.749987
0.00394049

-0.16874
-0.979768
0.10762
-0.162626
0.0483995

0.16874
0.979768
-0.10762
0.938394
0.000136631

-0.0815696
-0.90974
0.407086
-5.39176
7.69321

0.0815696
0.90974
-0.407086
0.722579
0.0145195

0.136988
0.376326
-0.916304
-0.375251
0.248579

-0.136988
-0.376326
0.916304
-0.604083
0.338048

-0.0139518
0.560541
-0.828009
-1.43209
0.710921

0.0139518
-0.560541
0.828009
0.361954
0.0491268

-0.912778
0.105735
0.394533
0.430817
0.0552917

0.912778
-0.105735
-0.394533
-3.36486
3.25129

-0.574834
0.337183
0.745569
0.77635
0.00402157

0.574834
-0.337183
-0.745569
-1.16472
0.370361

-0.345128
0.905739
-0.246015
-0.513653
0.139921

0.345128
-0.905739
0.246015
0.782522
0.00300039

-0.027833
-0.124597
0.991817
0.397865
0.0559117

0.027833
0.124597
-0.991817
-2.66365
2.06706

0.510133
0.1081
0.853275
0.873441
0.000849024

-0.510133
-0.1081
-0.853275
-0.539016
0.125071

0.237324
0.887808
-0.394303
0.992677
2.74093e-05

-0.608051
0.542478
-0.579648
0.108846
0.276475

0.608051
-0.542478
0.579648
-8.90176
34.1125

-0.591625
0.434923
-0.678839
0.302687
0.0470634

0.117287
0.993098
0
-4.22236
3.51884

-0.117287
-0.993098
0
0.901094
0.00221776

0.272856
-0.150143
0.950267
0.324205
0.133629

-0.272856
0.150143
-0.950267
-7.61985
21.6844

0.299641
-0.0419079
-0.953131
0.948602
0.000704387

-0.299641
0.0419079
0.953131
-11.0842
37.3621

-0.746021
-0.16227
0.64585
0.65593
0.00858855

0.746021
0.16227
-0.64585
-0.542964
0.171344

-0.624132
-0.781319
0
0.937989
0.000313975

0.624132
0.781319
0
0.205702
0.0186389

-0.253465
-0.16959
0.952363
0.977417
8.57247e-05

-0.0395572
-0.325688
0.94465
0.861867
0.00403507

-0.831884
-0.217981
-0.510346
-0.651052
0.148111

0.831884
0.217981
0.510346
0.884679
0.000739681

-0.183214
-0.00823314
0.983039
0.967039
5.10847e-05

0.183214
0.00823314
-0.983039
-0.789591
0.144315

-0.884436
0.458591
-0.0864181
0.954765
0.000149775

0.884436
-0.458591
0.0864181
-1.99022
0.653584

-0.825115
0.503554
-0.256161
-0.919661
0.229694

0.825115
-0.503554
0.256161
0.872931
0.00108376

0.111237
-0.373991
-0.920737
-3.29076
6.97526

-0.111237
0.373991
0.920737
-3.29076
6.97526

0.915371
0.402612
0
-0.857481
0.334761

-0.915371
-0.402612
0
0.458362
0.0435506

-0.547213
-0.199508
0.812868
0.451034
0.0274142

0.547213
0.199508
-0.812868
-0.697811
0.26186

0.3539
-0.17571
-0.91863
-23.4785
299.797

-0.3539
0.17571
0.91863
0.934511
0.0021796

0.375593
0.805659
-0.458086
-1.08631
0.42877

-0.375593
-0.805659
0.458086
0.51777
0.022955

-0.245063
0.920572
-0.304124
-0.571959
0.212474

0.245063
-0.920572
0.304124
0.462209
0.0248887

0.658197
-0.0060624
-0.752821
-1.00405
0.297781

-0.658197
0.0060624
0.752821
0.78318
0.00457408

-0.916102
-0.400945
0
-0.748959
0.435286

0.916102
0.400945
0
-0.480311
0.311882

-0.60183
0.703048
0.378846
0.374447
0.00930265

0.471575
0.881826
0
-0.420969
0.170264

-0.471575
-0.881826
0
0.405062
0.0298544

0.681531
-0.599679
-0.419404
-16.5123
125.023

-0.681531
0.599679
0.419404
0.815781
0.0138544

0.445115
0.163773
0.88037
0.167308
0.027882

-0.445115
-0.163773
-0.88037
0.795145
0.00168843

-0.611471
0.00901495
-0.791216
0.602707
0.00450497

0.611471
-0.00901495
0.791216
0.745732
0.00185402

0.202107
0.912291
0.356198
-0.148681
0.123481

-0.202107
-0.912291
-0.356198
0.0255315
0.0888777

-0.738092
0.148811
0.658085
0.478377
0.0233143

0.738092
-0.148811
-0.658085
-0.582775
0.213804

-0.61883
0.317467
-0.718515
-0.276321
0.103016

0.61883
-0.317467
0.718515
0.664347
0.00720289

-0.0943273
0.90444
-0.416042
-2.31274
1.65659

0.0943273
-0.90444
0.416042
0.307712
0.072404

0.0410751
0.112925
-0.992754
-13.7866
64.8467

-0.0410751
-0.112925
0.992754
0.97053
0.000262009

0.351789
0.0895706
-0.931784
-5.41311
6.025

-0.351789
-0.0895706
0.931784
0.942332
0.000489086

-0.885264
0.385692
0.259901
0.369005
0.0179439

0.885264
-0.385692
-0.259901
0.596164
0.00735584

0.132028
0.264056
0.955428
0.628908
0.0327343

0.960784
-0.254129
-0.110957
0.407196
0.0334168

-0.960784
0.254129
0.110957
-0.742111
0.288573

-0.0759321
-0.619103
-0.78163
0.223579
0.0820057

0.0759321
0.619103
0.78163
-1.63469
0.944229

0.698827
0.426366
-0.574327
0.0751563
0.062898

-0.698827
-0.426366
0.574327
0.254273
0.0409013

0.174649
-0.158475
-0.971794
-35.0423
1008.32

-0.174649
0.158475
0.971794
0.81611
0.0262519

0.716726
-0.205421
-0.666412
-12.7677
63.6168

-0.716726
0.205421
0.666412
0.795244
0.0141257

-0.823618
-0.111761
0.556025
-14.0104
64.9892

0.823618
0.111761
-0.556025
0.987315
4.66761e-05

-0.0141955
-0.807537
-0.589645
-0.680118
0.159786

0.0141955
0.807537
0.589645
0.871158
0.000946005

0.33369
-0.660105
0.672987
-0.083982
0.0407881

-0.33369
0.660105
-0.672987
0.932251
0.000161287

0.926303
0.37678
0
-1.8055
1.07979

-0.926303
-0.37678
0
0.213681
0.104312

0.650488
-0.542383
0.531683
0.262881
0.0458187

-0.650488
0.542383
-0.531683
-0.203507
0.12201

-0.125945
0.189607
-0.973749
-4.85105
5.80165

0.125945
-0.189607
0.973749
0.765958
0.00928785

-0.0576883
0.673179
-0.737226
-0.757648
0.175731

0.918428
-0.227615
0.323545
0.279233
0.0314028

0.445822
0.23554
0.863576
0.875288
0.000909188

-0.150616
0.329014
0.932236
0.994553
1.10298e-05

0.150616
-0.329014
-0.932236
-17.9869
127.05

-0.462477
0.348264
-0.815369
-0.558229
0.226122

0.462477
-0.348264
0.815369
0.33724
0.0410616

0.755242
0.372526
-0.53929
0.552626
0.00530912

-0.755242
-0.372526
0.53929
0.814358
0.000919022

0.448581
0.207496
0.869322
0.853513
0.00154884

-0.848353
-0.0997898
-0.519942
0.701739
0.00569486

0.848353
0.0997898
0.519942
-0.38885
0.123271

-0.615501
0.776495
-0.134958
0.882847
0.00042162

0.615501
-0.776495
0.134958
0.263881
0.0166025

0.302837
0.879715
-0.366595
-0.656934
0.193436

-0.302837
-0.879715
0.366595
0.718063
0.00560135

-0.306294
0.0985873
0.946818
0.711545
0.0136208

0.306294
-0.0985873
-0.946818
-4.21022
4.39501

-0.00313537
0.548274
-0.836293
-2.14549
1.07786

0.00313537
-0.548274
0.836293
0.731238
0.00797428

-0.901193
-0.312817
0.299993
-0.245703
0.170729

0.901193
0.312817
-0.299993
-0.245703
0.170729

0.304516
0.335912
-0.89131
-0.724826
0.334376

-0.304516
-0.335912
0.89131
0.100324
0.0911832

0.623118
-0.447811
0.641241
0.964439
8.44141e-05

-0.623118
0.447811
-0.641241
-1.46243
0.362439

-0.220468
0.461492
0.859313
0.855117
0.00289351

-0.619611
0.641654
-0.452064
0.172495
0.0678913

0.619611
-0.641654
0.452064
-0.471123
0.214428

0.0410494
-0.527499
-0.848563
-10.6655
37.0138

-0.0410494
0.527499
0.848563
0.875161
0.00429342

0.400765
0.817514
-0.413591
-1.48079
0.408827

-0.400765
-0.817514
0.413591
0.933926
0.000292208

-0.494506
0.474419
0.728279
0.987859
6.20087e-06

0.494506
-0.474419
-0.728279
-0.577897
0.0882044

0.0450148
-0.707908
-0.704869
-3.36395
2.73181

-0.0450148
0.707908
0.704869
0.695502
0.0133864

-0.753125
0.313697
0.57827
0.639675
0.00470902

0.753125
-0.313697
-0.57827
0.546212
0.00744461

-0.237568
0.493872
-0.836452
-2.57564
1.32405

0.237568
-0.493872
0.836452
0.856975
0.00212216

0.710898
-0.586073
0.388771
-1.34768
0.426497

-0.710898
0.586073
-0.388771
0.834754
0.00211657

-0.560045
-0.828462
0
0.91123
0.000597998

0.560045
0.828462
0
-1.72613
0.563172

-0.030823
0.0751256
0.996698
-10.5632
36.8966

0.030823
-0.0751256
-0.996698
0.851806
0.00614923

0.0584277
0.23698
0.969756
0.963287
0.00018444

-0.0584277
-0.23698
-0.969756
-4.49203
3.65731

-0.660785
0.0920155
-0.744914
-0.148413
0.073141

0.660785
-0.0920155
0.744914
0.719173
0.00444574

0.112622
0.311101
0.94368
0.445501
0.0287473

-0.112622
-0.311101
-0.94368
-0.768169
0.292277

-0.675299
0.684312
0.275114
0.20066
0.0322117

0.30843
-0.696903
0.647454
0.48137
0.0202028

-0.30843
0.696903
-0.647454
-0.274414
0.121512

0.743962
0.454782
0.489585
0.624776
0.0114227

-0.743962
-0.454782
-0.489585
-0.761476
0.250777

0.778478
0.627671
0
0.391973
0.0264227

-0.778478
-0.627671
0
-0.0426726
0.0776164

0.0826595
0.757492
0.64759
0.730112
0.00197851

0.589606
0.386748
0.709077
0.902482
0.00256723

-0.589606
-0.386748
-0.709077
-10.7996
37.1506

0.363695
-0.651954
0.665344
0.419928
0.01819

0.457734
-0.228746
0.859159
0.976665
3.31367e-05

0.907156
0.0105694
0.420661
0.698643
0.0235941

-0.907156
-0.0105694
-0.420661
-8.35441
22.7034

0.287319
-0.172469
0.942179
-24.0425
300.916

-0.287319
0.172469
-0.942179
0.980314
0.000186166

0.356975
-0.858029
-0.369261
-0.417527
0.22179

-0.356975
0.858029
0.369261
-0.094712
0.13228

-0.134269
-0.990945
0
-1.02102
0.352629

0.134269
0.990945
0
0.651286
0.0105059

-0.563804
-0.738323
0.370141
0.30514
0.0281986

-0.256995
0.0846571
0.962698
0.901404
0.00498074

0.256995
-0.0846571
-0.962698
-23.2
299.218

-0.510783
0.263549
0.818317
-0.315838
0.237407

0.510783
-0.263549
-0.818317
-0.813319
0.450837

-0.320432
0.86199
0.392807
0.423589
0.00855072

0.320432
-0.86199
-0.392807
0.888021
0.000331236

0.517813
-0.650908
0.555147
-0.0895061
0.0733399

0.544314
-0.666184
0.509825
0.423897
0.0174199

-0.544314
0.666184
-0.509825
0.387329
0.0197011

-0.293728
0.513845
0.806032
0.624776
0.0114992

0.293728
-0.513845
-0.806032
-0.761476
0.250829

-0.40036
-0.529193
0.748109
0.892357
0.00119202

-0.29898
0.136445
0.944454
0.866987
0.0014335

0.0341945
0.458284
0.888148
0.911149
0.00306785

-0.0341945
-0.458284
-0.888148
-17.0423
126.061

0.18063
-0.0321082
0.983027
0.854887
0.00237564

-0.18063
0.0321082
-0.983027
-2.80052
1.57285

0.449169
0.396838
0.80048
0.700179
0.0172172

-0.0244888
0.748827
-0.662313
0.948228
0.000164704

0.0244888
-0.748827
0.662313
-1.3169
0.323047

0.0174584
0.725486
-0.688015
-1.79005
0.78825

-0.0174584
-0.725486
0.688015
0.717535
0.00815281

0.603795
0.398841
-0.690187
-4.64208
5.68748

-0.603795
-0.398841
0.690187
0.662868
0.0203171

0.371573
-0.138394
-0.918031
-0.397896
1.02844

-0.371573
0.138394
0.918031
-13.7653
114.666

0.944121
-0.257473
0.205777
-0.271001
0.0921226

-0.944121
0.257473
-0.205777
0.746259
0.00367686

-0.108036
0.860327
-0.498163
-12.6506
63.4235

0.108036
-0.860327
0.498163
0.763667
0.0190458

-0.269032
0.270919
-0.924243
-5.95868
7.98404

0.269032
-0.270919
0.924243
0.915968
0.00116911

-0.162754
-0.0344224
-0.986066
-24.193
301.083

0.162754
0.0344224
0.986066
0.98792
6.93753e-05

0.131482
-0.713156
-0.688565
-1.70893
0.862593

-0.131482
0.713156
0.688565
0.50947
0.0284006

0.823949
0.25984
-0.503579
-0.231404
0.0633391

-0.823949
-0.25984
0.503579
0.903458
0.000403137

0.0460902
0.973664
0.223281
-0.305182
0.104788

-0.0460902
-0.973664
-0.223281
0.700077
0.00554582

0.0323808
0.254194
-0.966611
-1.02866
0.384602

-0.0323808
-0.254194
0.966611
0.562702
0.0180673

-0.390659
-0.855342
-0.340258
0.981229
1.20816e-05

-0.773534
-0.604557
-0.190145
0.0708486
0.0577048

0.773534
0.604557
0.190145
0.394864
0.0244809

0.713578
0.271354
0.645889
0.924806
0.000344927

-0.713578
-0.271354
-0.645889
-1.02348
0.236382

-0.642017
0.243536
-0.726983
-0.564831
0.197711

0.642017
-0.243536
0.726983
0.539675
0.0171207

-0.864637
0.213197
0.454917
0.68113
0.0114325

0.864637
-0.213197
-0.454917
-2.07477
1.06263

0.303059
0.783952
-0.541825
0.671554
0.00385437

-0.303059
-0.783952
0.541825
0.512431
0.00848312

-0.956135
-0.0568944
0.287347
-0.0313704
0.124395

0.956135
0.0568944
-0.287347
-0.661485
0.322772

0.637748
-0.394187
-0.661736
-9.45703
23.5931

-0.637748
0.394187
0.661736
0.968232
0.000219875

-0.150101
0.847039
-0.509896
-1.6077
0.935902

0.150101
-0.847039
0.509896
0.185658
0.0913594

0.989858
0.142059
0
-2.66948
2.82766

-0.989858
-0.142059
0
-0.406214
0.415272

0.699609
0.17138
-0.693669
-1.34618
0.689909

-0.699609
-0.17138
0.693669
0.244216
0.0716301

-0.241575
0.149336
0.958822
0.65236
0.0116063

0.241575
-0.149336
-0.958822
-1.32
0.509493

-0.161052
-0.387668
0.907621
0.89815
0.0013863

-0.927318
-0.374273
0
-0.923511
0.249088

0.927318
0.374273
0
0.832335
0.0042039

-0.0872057
-0.810371
-0.57939
-0.0926069
0.0944981

0.0872057
0.810371
0.57939
0.278706
0.0412336

-0.727829
-0.685759
0
0.788508
0.00132881

0.727829
0.685759
0
0.688695
0.00264001

-0.985814
0.018308
-0.16684
-3.83263
3.46788

0.985814
-0.018308
0.16684
0.745765
0.00966428

-0.517688
-0.690494
0.50519
0.788465
0.00894763

0.517688
0.690494
-0.50519
-6.33582
10.7221

-0.219516
0.0245045
-0.975301
0.914292
0.00153662

-0.365928
0.855392
0.366608
0.559298
0.00576453

0.144132
0.841712
0.520334
0.60248
0.010824

-0.144132
-0.841712
-0.520334
-0.310653
0.11754

-0.808259
-0.229295
-0.542348
-0.11028
0.0538263

0.808259
0.229295
0.542348
0.852917
0.000959367

0.189666
-0.855984
-0.480957
0.996403
6.06419e-07

-0.61352
0.442479
0.654069
0.74096
0.00568121

0.221467
-0.107547
0.969219
0.868881
0.00124023

-0.221467
0.107547
-0.969219
-1.13423
0.309828

0.707205
-0.637501
0.305703
0.963327
0.000659747

-0.707205
0.637501
-0.305703
-23.7911
300.534

-0.573576
-0.482231
0.662166
-3.06112
2.21726

0.573576
0.482231
-0.662166
0.708626
0.0114864

0.6435
0.644165
-0.413473
-0.736129
0.163305

-0.830056
-0.429296
-0.355967
0.80322
0.00213529

0.830056
0.429296
0.355967
-0.365405
0.102649

-0.156978
0.317231
0.935266
0.930108
0.00034417

-0.492564
0.240309
0.83644
0.869745
0.000350818

0.492564
-0.240309
-0.83644
0.646643
0.00251696

0.453308
0.393446
-0.79982
-0.674029
0.170358

-0.453308
-0.393446
0.79982
0.830521
0.00176101

0.0361219
0.0735955
-0.996634
-1.86493
0.704984

-0.0361219
-0.0735955
0.996634
0.854472
0.00318186

0.136377
-0.256557
-0.956859
0.0402274
0.0877545

-0.136377
0.256557
0.956859
-0.198895
0.136761

-0.58418
0.202091
-0.786061
0.960036
0.000809665

-0.935572
-0.353135
0
0.586248
0.0267456

0.935572
0.353135
0
-1.25265
0.489926

0.0125565
0.637243
0.770561
-3.04662
1.61608

-0.0125565
-0.637243
-0.770561
0.939075
0.000404953

0.120772
0.782574
0.61073
0.846759
0.00566453

-0.120772
-0.782574
-0.61073
-8.80747
23.1668

0.345555
-0.179355
0.921099
0.934187
0.000433424

-0.062427
0.343714
0.936997
0.534035
0.0382742

0.062427
-0.343714
-0.936997
-3.92176
4.24483

0.100798
0.265031
0.958957
0.362434
0.0220842

0.11518
0.944164
-0.308689
-0.456403
0.0723361

-0.11518
-0.944164
0.308689
0.984003
9.65024e-06

0.305713
0.781336
0.544108
0.188486
0.0665404

-0.305713
-0.781336
-0.544108
-0.543904
0.24059

0.308179
-0.129714
-0.942444
-2.30775
1.11162

-0.308179
0.129714
0.942444
0.826667
0.00305312

-0.733204
-0.025609
0.679526
0.931593
0.000234542

0.733204
0.025609
-0.679526
-0.692228
0.140687

0.148281
-0.585533
0.796972
0.7001
0.00489361

0.510326
-0.736436
0.444105
0.211901
0.0432397

-0.510326
0.736436
-0.444105
0.211901
0.0432397

-0.69292
-0.721015
0
0.43754
0.0308343

-0.0174993
0.516304
-0.856226
-0.495409
0.132053

0.0174993
-0.516304
0.856226
0.798749
0.00241123

0.164999
0.0491242
0.98507
0.96847
0.000717322

0.198679
0.598114
-0.776393
0.591116
0.0206143

-0.198679
-0.598114
0.776393
-2.15497
1.22537

-0.34568
-0.622961
0.70173
0.720991
0.00649156

0.34568
0.622961
-0.70173
-1.09583
0.362173

0.462556
0.756102
0.462981
-2.6778
2.41575

0.583366
-0.718088
0.379518
0.885283
0.000750662

-0.583366
0.718088
-0.379518
-0.757643
0.175664

-0.739229
0.573121
0.353656
0.904399
0.000953628

0.44175
-0.430209
0.787259
0.786983
0.0113099

-0.44175
0.430209
-0.787259
-8.60315
22.9758

-0.832759
0.226378
0.505238
0.928207
0.000935074

0.839995
-0.16511
-0.516863
-2.52692
1.5089

-0.839995
0.16511
0.516863
0.707186
0.0104054

-0.297498
0.582114
0.756729
0.662043
0.00867401

0.297498
-0.582114
-0.756729
-0.663712
0.207921

0.352317
0.750882
0.558614
-0.225342
0.157666

-0.352317
-0.750882
-0.558614
-0.152207
0.13942

-0.186048
-0.735973
0.650945
0.705536
0.0123943

0.186048
0.735973
-0.650945
-3.38091
2.73942

0.67831
-0.734776
0
0.278312
0.0383681

-0.374104
-0.713073
-0.592936
-1.08253
0.305338

0.374104
0.713073
0.592936
0.838073
0.00187819

0.015796
-0.129112
0.991504
-1.542
0.736859

-0.015796
0.129112
-0.991504
0.492519
0.0293832

0.313184
-0.23504
-0.920148
-3.15874
2.24964

-0.128906
-0.254615
0.958413
0.935845
0.000176549

0.128906
0.254615
-0.958413
-0.0904789
0.0411936

-0.362151
0.322829
0.87443
0.936233
0.000204314

0.362151
-0.322829
-0.87443
-0.753056
0.15306

-0.945511
-0.32559
0
0.975343
0.0268564

0.945511
0.32559
0
0.348115
0.492303

-0.336593
0.275946
0.900311
0.84194
0.00177546

0.336593
-0.275946
-0.900311
-1.01071
0.275618

-0.217304
-0.438272
-0.87218
-3.77085
3.44139

0.217304
0.438272
0.87218
0.712968
0.0125824

0.924502
-0.164213
-0.343992
0.608067
0.0196446

-0.924502
0.164213
0.343992
-2.39041
1.46995

0.531968
0.544779
-0.648248
-0.0679229
0.0547338

-0.531968
-0.544779
0.648248
0.787164
0.00221789

-0.311045
-0.247048
0.917725
0.922071
0.000733401

-0.0164085
0.285782
0.958154
0.317377
0.0462273

0.0164085
-0.285782
-0.958154
-0.685654
0.280493

0.0336036
-0.293632
0.955328
0.97053
0.000258276

0.56071
-0.540853
0.626962
0.818774
0.00645379

-0.683254
-0.47355
0.555801
0.798871
0.00276451

0.683254
0.47355
-0.555801
-0.810165
0.221185
