
0.119065
0.63373
0.764336
0.850213
0.00120781

-0.0101046
-0.915506
0.402177
0.595847
0.0325724

-0.584778
-0.540284
0.605086
0.530967
0.0222316

0.584778
0.540284
-0.605086
-1.20183
0.489726

-0.754582
0.34152
0.56033
0.909304
0.000910639

0.754582
-0.34152
-0.56033
-3.20926
1.9247

0.517173
-0.0749747
-0.852591
-8.60315
22.9762

-0.517173
0.0749747
0.852591
0.786983
0.0113077

-0.468882
0.542746
-0.696833
0.792948
0.00171323

0.468882
-0.542746
0.696833
0.184884
0.0264729

0.228603
-0.585976
0.777414
0.848562
0.00490473

-0.228603
0.585976
-0.777414
-7.51843
15.4754

0.633118
-0.682229
-0.365685
0.502869
0.0149162

-0.633118
0.682229
0.365685
0.0946723
0.0494485

-0.288723
-0.452165
0.843911
0.79187
0.00670541

-0.903168
-0.429288
0
-1.19819
0.404047

0.903168
0.429288
0
0.728638
0.0110112

-0.246971
0.0647794
0.966855
0.98854
3.09127e-05

-0.060552
-0.3703
0.926937
0.768959
0.0134246

0.337559
0.917958
-0.208342
0.778893
0.00261748

-0.337559
-0.917958
0.208342
-0.233148
0.0811505

0.430187
0.0859474
0.898639
-4.46093
7.80148

-0.430187
-0.0859474
-0.898639
-0.349877
0.484836

-0.322102
0.41572
0.850545
-1.71443
0.506232

0.322102
-0.41572
-0.850545
0.948216
0.00018987

0.621044
-0.0777006
0.779914
-1.6549
0.849457

-0.621044
0.0777006
-0.779914
0.451463
0.036267

0.228984
0.14379
0.962752
0.969012
0.000101963

-0.324714
0.364177
-0.872889
-0.84361
0.458076

0.324714
-0.364177
0.872889
-0.243957
0.208571

-0.615529
0.0395514
-0.787121
-0.170209
0.141694

0.615529
-0.0395514
0.787121
-0.170209
0.141694

-0.328438
-0.719099
-0.612393
0.93639
9.7707e-05

0.328438
0.719099
0.612393
0.35399
0.00973783

0.26695
0.625951
0.73275
0.875161
0.00425139

0.949471
0.313854
0
-3.09768
1.38956

-0.949471
-0.313854
0
0.990902
7.0523e-06

-0.402982
-0.852131
0.333884
0.312502
0.0206878

0.402982
0.852131
-0.333884
0.661075
0.00503953

0.674866
0.584022
0.45108
0.56645
0.0166013

-0.674866
-0.584022
-0.45108
-0.860278
0.304884

0.0176293
0.328247
-0.944427
-1.5095
0.537791

-0.0176293
-0.328247
0.944427
0.799934
0.0034209

0.439253
0.418657
-0.794848
-0.108114
0.0589643

-0.439253
-0.418657
0.794848
0.802275
0.00194021

0.873491
-0.263303
-0.409493
0.594951
0.00505456

0.251191
0.899141
0.358397
-16.5531
125.12

-0.251191
-0.899141
-0.358397
0.824468
0.0125256

0.2641
0.954624
0.137643
0.613617
0.00363685

0.619646
-0.708669
-0.337381
0.775715
0.00264667

-0.619646
0.708669
0.337381
-0.197961
0.0754665

-0.417387
0.0150826
-0.908603
-1.43246
0.360655

0.417387
-0.0150826
0.908603
0.956341
0.000137863

0.193723
0.815437
-0.545467
-8.88066
23.2296

-0.193723
-0.815437
0.545467
0.865514
0.00430958

-0.277924
0.843393
0.459834
-0.152207
0.13939

0.277924
-0.843393
-0.459834
-0.225342
0.157636

-0.745406
-0.115468
0.656534
0.72985
0.00467289

0.745406
0.115468
-0.656534
-0.459484
0.135964

-0.448894
0.822863
0.348412
0.506173
0.00544114

-0.4164
-0.205809
0.885581
-0.0313704
0.124609

0.4164
0.205809
-0.885581
-0.661485
0.322893

-0.907072
-0.271086
0.322075
0.220889
0.0282551

0.243505
-0.191127
0.950882
0.373836
0.014125

-0.243505
0.191127
-0.950882
0.757006
0.00212819

0.590922
0.730698
-0.341895
0.172495
0.0678653

-0.590922
-0.730698
0.341895
-0.471123
0.214407

-0.159708
0.0240525
-0.986871
0.977755
2.30975e-05

0.159708
-0.0240525
0.986871
-0.937765
0.171291

-0.0205613
-0.905771
-0.423268
-0.696656
0.304823

0.0205613
0.905771
0.423268
0.201623
0.0682479

0.639147
0.263261
0.722624
0.956148
8.69884e-05

0.284428
-0.0953466
0.953944
0.919818
0.000450224

-0.980862
-0.194704
0
0.740916
0.00193969

0.980862
0.194704
0
0.754114
0.00177173

0.900885
0.0855349
0.425548
0.619493
0.00928904

-0.900885
-0.0855349
-0.425548
-0.206263
0.0930627

0.063924
0.000516459
0.997955
0.99731
3.42253e-06

0.659778
0.344089
0.668054
0.653854
0.00912284

-0.659778
-0.344089
-0.668054
-0.65636
0.207177

-0.301212
0.296062
0.906432
-0.813319
0.450854

0.301212
-0.296062
-0.906432
-0.315838
0.237452

0.746798
0.497183
0.441705
0.382257
0.0288284

-0.746798
-0.497183
-0.441705
-0.140855
0.0983208

0.943548
-0.331236
0
0.797923
0.00413461

0.0136103
0.930281
0.366595
0.973722
5.96902e-05

-0.46486
0.464125
0.753985
-0.28463
0.176163

0.46486
-0.464125
-0.753985
-0.133642
0.137232

-0.905721
-0.423874
0
-0.623612
0.224312

0.905721
0.423874
0
0.536178
0.0247235

-0.25457
0.294226
-0.921209
0.697535
0.00401786

0.25457
-0.294226
0.921209
0.250268
0.0246454

0.184416
-0.405001
-0.895525
-0.152255
0.131318

-0.184416
0.405001
0.895525
-0.0873458
0.116947

0.108831
0.390462
-0.914164
0.438901
0.0123085

-0.108831
-0.390462
0.914164
0.671882
0.00427881

0.748475
0.47513
-0.462641
-0.863089
0.423844

-0.748475
-0.47513
0.462641
0.0145588
0.118638

-0.11634
0.0498461
-0.991958
-6.08508
8.02891

0.11634
-0.0498461
0.991958
0.942496
0.000532709

-0.329521
0.108977
-0.937838
0.0666864
0.0400178

-0.724373
-0.689408
0
0.888671
0.00111395

0.0455355
-0.352295
-0.93478
-4.82318
4.6259

-0.0455355
0.352295
0.93478
0.935477
0.000576474

0.850928
0.525282
0
0.976011
0.000307906

-0.711162
0.104798
0.695174
0.699412
0.00638105

0.711162
-0.104798
-0.695174
-0.581999
0.174754

0.432363
0.36547
-0.824314
-1.42188
0.328178

-0.432363
-0.36547
0.824314
0.975947
4.22797e-05

-0.0447949
-0.148242
0.987936
0.488943
0.0651856

0.0447949
0.148242
-0.987936
-6.67387
14.6903

0.0948219
-0.721222
0.686184
0.756617
0.00942615

0.435501
0.781584
0.446616
0.351067
0.0237914

-0.435501
-0.781584
-0.446616
0.372168
0.0222718

0.770414
0.338141
0.540485
0.493745
0.0203251

-0.770414
-0.338141
-0.540485
-0.422862
0.160093

0.933261
-0.141092
0.33033
0.403022
0.0381315

-0.933261
0.141092
-0.33033
-1.09874
0.470931

-0.378634
-0.27122
-0.884916
0.976006
4.53079e-05

-0.784493
-0.243587
0.570294
0.254795
0.0443717

0.784493
0.243587
-0.570294
-0.0822846
0.0935675

-0.674615
0.380985
-0.632254
0.0387576
0.115506

0.674615
-0.380985
0.632254
-0.978822
0.489469

-0.367644
0.237374
-0.899161
-3.12111
1.62672

0.367644
-0.237374
0.899161
0.956779
0.000200109

-0.337959
-0.732885
0.590477
0.419484
0.0370498

0.337959
0.732885
-0.590477
-1.22221
0.541565

0.103156
0.707171
0.699477
0.599665
0.0257164

-0.103156
-0.707171
-0.699477
-3.58608
3.36042

-0.810787
-0.580633
0.0740934
-2.80689
1.50409

0.810787
0.580633
-0.0740934
0.888072
0.00130614

-0.228578
-0.713489
-0.662334
-1.07247
0.39111

0.228578
0.713489
0.662334
0.610839
0.013792

-0.0922366
0.688655
-0.719198
-1.28548
0.747247

0.0922366
-0.688655
0.719198
-0.0870364
0.169224

0.378692
0.0121119
-0.925444
0.832642
0.00145732

-0.378692
-0.0121119
0.925444
-0.325196
0.0901717

0.724684
-0.0517933
-0.687132
-6.89891
14.9301

-0.724684
0.0517933
0.687132
0.609931
0.0365164

0.304315
0.624359
-0.719422
-1.27473
0.418071

-0.304315
-0.624359
0.719422
0.787168
0.00367514

-0.453285
-0.333979
0.826432
-0.704406
0.330691

0.453285
0.333979
-0.826432
0.0594509
0.100878

0.275142
0.514261
0.812301
0.798566
0.00323635

-0.275142
-0.514261
-0.812301
-0.189498
0.0746141

0.776222
0.0785839
0.625543
-0.265476
0.173515

-0.776222
-0.0785839
-0.625543
-0.187623
0.152839

-0.445262
0.213379
0.869604
0.882047
0.00175876

0.315126
-0.563734
-0.763479
-15.4479
121.958

-0.315126
0.563734
0.763479
0.502518
0.111612

-0.111997
0.979556
0.167113
-4.55849
4.5454

0.111997
-0.979556
-0.167113
0.861423
0.00282746

0.337279
0.551243
0.763134
0.890266
0.00139745

-0.337279
-0.551243
-0.763134
-1.17472
0.312132

-0.371689
-0.586498
-0.71963
-0.714727
0.426906

0.371689
0.586498
0.71963
-0.574795
0.360113

-0.498883
0.691434
0.522527
0.914294
0.00169768

-0.73976
-0.0291164
0.672241
0.645987
0.00774715

0.73976
0.0291164
-0.672241
-0.189873
0.0873249

0.959489
-0.236947
0.152438
0.842662
0.00077018

-0.959489
0.236947
-0.152438
0.35351
0.0129975

0.234968
-0.0238474
0.971711
0.610794
0.00975834

-0.234968
0.0238474
-0.971711
-0.200268
0.0926446

0.0183763
-0.227595
-0.973583
-24.1505
301.039

-0.0183763
0.227595
0.973583
0.985966
9.39585e-05

0.386544
-0.669977
0.63381
-1.19524
0.224674

-0.386544
0.669977
-0.63381
0.990399
6.64938e-06

-0.455255
0.569181
0.684672
0.570924
0.040471

0.455255
-0.569181
-0.684672
-5.86522
10.3573

0.221918
0.163825
0.961204
0.921722
0.00165301

-0.221918
-0.163825
-0.961204
-10.9069
37.2285

0.743119
0.300452
0.597915
0.406804
0.0432606

-0.455584
-0.181724
-0.871447
-4.79785
4.62063

0.455584
0.181724
0.871447
0.929729
0.00067927

-0.513749
0.736802
0.439528
0.719688
0.00598067

0.513749
-0.736802
-0.439528
-0.853633
0.260735

-0.132009
-0.406258
-0.904173
0.52064
0.0102966

0.132009
0.406258
0.904173
0.482049
0.0120003

0.873482
0.486856
0
0.0703304
0.163881

-0.873482
-0.486856
0
-3.01021
3.04786

-0.856195
0.394275
-0.333882
-0.393929
0.157183

0.856195
-0.394275
0.333882
0.447402
0.0247253

-0.0459615
-0.848286
-0.527541
-4.88447
7.32203

0.0459615
0.848286
0.527541
0.425344
0.0699167

0.22572
0.67185
-0.705456
0.693517
0.00498054

-0.22572
-0.67185
0.705456
0.00699484
0.0516057

-0.950062
-0.180799
0.254349
0.431517
0.018281

0.15806
0.00347883
0.987423
-0.198025
0.223621

-0.15806
-0.00347883
-0.987423
-1.37732
0.857889

0.0530413
-0.603793
0.795374
-0.590392
0.473211

-0.0530413
0.603793
-0.795374
-1.73973
1.40411

-0.477859
-0.43756
0.761703
0.802819
0.00139857

0.918324
0.173421
0.355817
0.205451
0.0473938

-0.918324
-0.173421
-0.355817
0.0934091
0.0616927

-0.287524
0.438982
-0.851249
-23.3144
299.522

0.287524
-0.438982
0.851249
0.915867
0.00359547

0.0746423
0.716616
0.693463
0.625661
0.00257948

-0.0746423
-0.716616
-0.693463
0.912193
0.000161723

-0.188833
-0.36628
-0.911143
-4.72102
9.08909

0.188833
0.36628
0.911143
-0.430254
0.568614

0.259784
-0.611096
-0.747712
0.846025
0.00419814

-0.259784
0.611096
0.747712
-5.70714
7.86806

-0.298278
-0.734747
0.609243
0.676892
0.00822415

0.868869
0.384253
-0.312115
0.27832
0.0338601

-0.868869
-0.384253
0.312115
0.250293
0.0365394

0.858439
0.0527821
-0.510193
-0.615555
0.314287

-0.858439
-0.0527821
0.510193
-0.136429
0.155567

-0.813382
-0.429499
-0.392353
0.923146
0.000129335

0.813382
0.429499
0.392353
0.494899
0.00532116

-0.315695
-0.153234
-0.936406
0.700581
0.00124764

0.315695
0.153234
0.936406
0.935089
6.03429e-05

-0.413206
-0.0145579
0.910521
0.759075
0.0146639

0.413206
0.0145579
-0.910521
-8.51901
22.8896

-0.473128
0.0590479
-0.879013
0.73328
0.00406656

0.473128
-0.0590479
0.879013
-0.191564
0.0792062

0.330828
-0.204202
0.921333
0.832489
0.00355573

0.4278
0.183456
-0.88506
-16.6652
125.356

-0.4278
-0.183456
0.88506
0.847137
0.00940482

-0.601841
-0.757216
-0.253793
0.0345757
0.139517

0.601841
0.757216
0.253793
-1.68173
1.07632

-0.858922
-0.512107
0
-0.0343812
0.13702

0.858922
0.512107
0
-0.838894
0.42005

-0.233024
0.929477
0.285959
0.48373
0.0553324

0.233024
-0.929477
-0.285959
-4.96806
7.39105

0.893894
-0.0779058
0.441456
-1.57445
0.82864

-0.893894
0.0779058
-0.441456
0.356383
0.0518484

0.944121
-0.257473
0.205777
-0.271001
0.0921226

-0.944121
0.257473
-0.205777
0.746259
0.00367686

0.541483
-0.652562
0.530055
-1.1275
0.241744

-0.541483
0.652562
-0.530055
0.961539
8.06292e-05

0.695276
-0.630079
-0.345821
0.976515
7.32839e-05

-0.795606
0.597117
-0.102286
0.0356971
0.0755382

0.795606
-0.597117
0.102286
0.123317
0.0624352

0.0696602
0.48259
-0.873072
-1.45263
0.646004

-0.0696602
-0.48259
0.873072
0.543609
0.0225423

0.501264
-0.413825
-0.759923
-0.0294352
0.0939234

0.239005
-0.208861
0.94829
-1.87328
0.803016

-0.239005
0.208861
-0.94829
0.774735
0.00505015

-0.947495
-0.117123
0.29755
0.722846
0.0226148

0.947495
0.117123
-0.29755
-10.117
36.3616

0.74731
-0.0810384
0.659516
0.996756
1.34432e-06

0.663845
-0.35208
0.65981
0.703565
0.00246584

0.131311
-0.408501
-0.903263
0.298603
0.0418622

-0.131311
0.408501
0.903263
-0.264801
0.135618

-0.533344
0.348569
-0.770742
-6.15127
10.5863

0.533344
-0.348569
0.770742
0.713948
0.0170382

-0.601466
-0.0600663
0.796637
0.785462
0.00716888

-0.169563
-0.836189
-0.521571
-1.35788
0.626357

0.169563
0.836189
0.521571
0.436436
0.0358534

0.786194
0.499278
-0.36417
-1.98823
1.51964

-0.786194
-0.499278
0.36417
-0.131629
0.21799

-0.106341
-0.99433
0
0.681217
0.00273197

0.106341
0.99433
0
0.709964
0.00226165

0.426988
0.614046
-0.663798
-2.02464
1.18764

-0.426988
-0.614046
0.663798
0.469994
0.0365851

0.0937588
0.439876
-0.893151
0.914929
0.000240908

-0.0937588
-0.439876
0.893151
0.105626
0.025588

-0.983577
-0.180492
0
0.516418
0.00809655

0.983577
0.180492
0
0.738046
0.00257467

0.135423
-0.32088
0.937388
0.954069
0.00154419

0.60099
0.0761795
0.795618
0.661257
0.0131526

-0.136582
0.646158
0.750883
0.403478
0.0454841

-0.8216
0.151859
0.549465
0.915909
4.75456e-05

0.336374
0.687441
-0.643643
-2.13802
1.22081

-0.336374
-0.687441
0.643643
0.576545
0.0222364

-0.436531
0.780335
0.447793
0.0157597
0.152083

0.436531
-0.780335
-0.447793
-1.86416
1.2872

0.281345
-0.0641497
-0.95746
-3.11913
2.23727

-0.281345
0.0641497
0.95746
0.742555
0.00874013

0.350811
-0.184535
0.918084
0.7945
0.00774117

-0.97113
-0.126795
-0.202065
0.745383
0.0064517

0.97113
0.126795
0.202065
-1.82907
0.795784

-0.524527
-0.148166
0.838402
-0.46923
0.114231

-0.179278
-0.765573
0.617866
-0.121979
0.107813

0.179278
0.765573
-0.617866
0.169289
0.0591054

0.469277
-0.27099
0.840443
0.311181
0.042598

0.362311
0.431076
0.826381
0.90848
0.00139392

-0.354879
-0.495289
-0.792938
0.415689
0.0114703

0.354879
0.495289
0.792938
0.781192
0.00166118

0.632557
0.774514
0
-0.9988
0.595996

-0.632557
-0.774514
0
-0.410356
0.306397

-0.150474
0.194815
-0.969229
-0.884875
0.263971

0.150474
-0.194815
0.969229
0.747712
0.00485487

-0.852316
0.193016
0.486109
0.712672
0.00873979

0.852316
-0.193016
-0.486109
-1.94223
0.915439

0.136874
0.588149
-0.797086
0.789745
0.00347376

-0.136874
-0.588149
0.797086
-1.18303
0.372485

0.166131
0.672376
0.721326
0.712084
0.0106234

-0.166131
-0.672376
-0.721326
-2.78343
1.81979

-0.409512
-0.409626
-0.815173
0.016701
0.125791

0.409512
0.409626
0.815173
-1.08037
0.562124

0.144952
0.00248616
-0.989435
-0.310636
0.158306

-0.144952
-0.00248616
0.989435
0.190886
0.0605182

0.629096
0.628581
0.457301
0.580766
0.00562933

-0.629096
-0.628581
-0.457301
0.689308
0.00309239

-0.452366
0.100541
-0.886147
0.529826
0.00669934

-0.303585
-0.405872
-0.862035
-0.270413
0.0875059

0.303585
0.405872
0.862035
0.782447
0.00261877

-0.207424
0.0905508
-0.974051
0.791413
0.00273927

0.207424
-0.0905508
0.974051
-0.523651
0.140578

0.409656
-0.0851652
0.908256
0.998473
1.48644e-07

-0.230407
-0.817721
-0.52749
-2.43793
0.870942

0.230407
0.817721
0.52749
0.983266
2.34729e-05

-0.213599
0.872132
-0.440183
-0.337378
0.393433

0.213599
-0.872132
0.440183
-3.09573
3.68974

-0.174578
-0.533892
-0.827334
0.335098
0.0133032

0.174578
0.533892
0.827334
0.864171
0.000557999

-0.0440499
0.307173
-0.950634
0.7846
0.00398644

0.0440499
-0.307173
0.950634
-1.37422
0.471154

0.140068
-0.274846
0.951231
0.961072
0.00110449

-0.140068
0.274846
-0.951231
-36.41
1015.03

0.627281
0.285013
0.724766
0.538391
0.0162113

-0.627281
-0.285013
-0.724766
-0.402158
0.148657

0.955313
0.161467
-0.247601
-0.863089
0.423832

-0.955313
-0.161467
0.247601
0.0145588
0.118591

0.294911
0.150159
0.943652
0.951551
0.000457689

0.27674
-0.940321
-0.19802
-2.97105
1.60683

-0.27674
0.940321
0.19802
0.917578
0.000694156

0.140212
0.734858
0.663569
0.821126
0.00625502

-0.140212
-0.734858
-0.663569
-6.42879
10.7855

-0.243528
-0.24146
-0.939357
-0.691066
0.160428

0.270976
0.506485
-0.818563
0.664618
0.0051833

-0.855104
0.518456
0
0.554421
0.0502529

0.855104
-0.518456
0
-3.95088
3.9338

-0.0648471
-0.192289
0.979193
0.976149
0.000120484

0.0648471
0.192289
-0.979193
-8.18614
15.7997

0.622524
0.0685556
0.779592
0.890957
0.00278788

-0.622524
-0.0685556
-0.779592
-8.9897
23.314

-0.407774
0.890545
-0.201619
-0.403608
0.191733

0.407774
-0.890545
0.201619
0.156954
0.0691768

-0.194424
0.316098
0.928591
0.535483
0.0315535

0.194424
-0.316098
-0.928591
-2.8173
2.12996

0.0882379
-0.142143
0.985905
0.934241
0.00116157

-0.0882379
0.142143
-0.985905
-10.9845
37.2882

-0.0742497
-0.0973863
0.992473
-1.73008
0.626211

0.0742497
0.0973863
-0.992473
0.855579
0.00177301

-0.427786
-0.104551
-0.897813
-0.380692
0.138193

0.427786
0.104551
0.897813
0.576479
0.0131479

-0.918526
0.149417
0.36604
-0.648215
0.13871

0.918526
-0.149417
-0.36604
0.91042
0.000416684

-0.0669947
-0.255321
0.964532
0.399293
0.0586824

0.0669947
0.255321
-0.964532
-2.97202
2.56534

0.675153
0.137432
-0.724763
0.888552
0.000614504

-0.359859
-0.468484
0.806861
0.62474
0.00877771

0.359859
0.468484
-0.806861
-0.14161
0.0803071

-0.221368
0.627361
0.746602
0.684945
0.014417

0.791511
0.368911
0.487252
0.936048
0.000166221

-0.791511
-0.368911
-0.487252
-0.260726
0.0611664

-0.879961
-0.462911
-0.106687
-2.92873
2.54418

0.879961
0.462911
0.106687
0.358153
0.0679664

-0.351641
0.532143
-0.770176
-6.66208
10.9187

0.351641
-0.532143
0.770176
0.889666
0.00226519

0.52378
-0.512743
0.680256
0.809431
0.00247547

-0.1646
-0.293831
-0.941578
-17.5283
126.708

0.1646
0.293831
0.941578
0.967152
0.000402697

0.135917
-0.499301
0.855701
0.864502
0.00185804

-0.135917
0.499301
-0.855701
-2.38745
1.12482

0.440028
-0.233668
0.867049
-0.102622
0.0675011

-0.440028
0.233668
-0.867049
0.698714
0.00514064

-0.838032
0.145347
0.525906
0.630334
0.00856776

0.838032
-0.145347
-0.525906
-0.178779
0.0866821

0.0727912
0.429662
0.900051
0.731936
0.0087027

-0.0727912
-0.429662
-0.900051
-2.56551
1.51788

0.840998
0.162113
0.51618
0.84595
0.000953794

-0.840998
-0.162113
-0.51618
0.069549
0.0340299

0.591771
-0.054609
0.804255
0.952488
7.92447e-05

-0.357645
0.053237
0.932339
0.911947
0.000654048

0.710761
-0.172852
0.681866
0.93799
0.000378699

0.0974171
-0.330241
0.938856
-0.772714
0.316668

-0.823905
-0.566727
0
-0.519094
0.386951

0.823905
0.566727
0
-1.22604
0.804044

0.508604
0.53565
-0.674093
0.23365
0.0544777

-0.0538719
0.818031
-0.572645
0.779886
0.00175682

0.0538719
-0.818031
0.572645
0.348814
0.0151198

-0.163689
0.846675
-0.506308
0.322906
0.026522

0.163689
-0.846675
0.506308
0.367295
0.0231602

-0.501587
-0.372216
0.780939
-0.0313704
0.124556

0.501587
0.372216
-0.780939
-0.661485
0.322863

0.038542
-0.769029
0.638051
-1.98605
0.602885

-0.038542
0.769029
-0.638051
0.972923
0.000158072

-0.379509
0.515744
0.768103
0.82884
0.00519125

0.605464
-0.340521
0.719346
0.759075
0.0147301

-0.605464
0.340521
-0.719346
-8.51901
22.8784

-0.591247
-0.767318
0.248293
0.0483894
0.0914156

-0.302099
0.595995
0.743994
0.994369
3.10149e-06

-0.892364
-0.2145
-0.397085
-3.63201
3.38297

0.892364
0.2145
0.397085
0.630052
0.0216122

0.384183
0.251248
-0.888413
0.991717
3.02894e-06

-0.702717
0.189527
-0.685761
-2.98763
1.87652

0.702717
-0.189527
0.685761
0.823264
0.0036983

0.0869248
-0.273112
-0.958047
-1.74727
0.780301

-0.0869248
0.273112
0.958047
0.684821
0.0102799

0.430026
0.902817
0
0.789027
0.00128434

-0.430026
-0.902817
0
0.797864
0.0012002

0.506262
-0.213287
-0.835588
-0.438358
0.126667

-0.506262
0.213287
0.835588
0.754608
0.00369648

-0.685364
-0.728201
0
-0.320235
0.527922

0.685364
0.728201
0
-5.68369
13.095

0.0649415
-0.765121
-0.640603
-7.34518
15.3406

-0.0649415
0.765121
0.640603
0.794659
0.00933833

0.200018
-0.3844
-0.901238
-1.89765
0.807267

-0.200018
0.3844
0.901238
0.789963
0.00433839

-0.130749
-0.00349212
0.991409
0.850052
0.00287353

0.130749
0.00349212
-0.991409
-1.02361
0.276485

-0.0241302
0.313154
0.949396
0.927367
0.00265797

0.0241302
-0.313154
-0.949396
-23.413
299.773

-0.053731
-0.926869
0.37152
0.371784
0.0556303

0.053731
0.926869
-0.37152
-2.1389
1.38856

0.904454
0.175251
-0.388908
0.265545
0.0332069

-0.904454
-0.175251
0.388908
0.340822
0.026755

0.791022
-0.611787
0
0.800476
0.00237019

-0.396301
-0.879747
-0.26266
0.730404
0.0026842

0.396301
0.879747
0.26266
0.399367
0.0132679

0.698402
0.0519162
-0.71382
-0.222278
0.0991824

-0.698402
-0.0519162
0.71382
0.589237
0.011205

-0.0421193
0.0501422
0.997854
0.311543
0.0376506

0.0650399
-0.391964
0.917679
0.8861
0.000621982

0.728561
0.541122
-0.419983
-0.640353
0.107434

-0.728561
-0.541122
0.419983
0.975969
2.56162e-05

0.749692
0.132529
0.648381
0.481764
0.0140164

-0.749692
-0.132529
-0.648381
0.339398
0.0227285

0.298779
-0.82153
0.485613
0.285776
0.0609438

-0.298779
0.82153
-0.485613
-1.2445
0.601171

-0.197278
-0.371153
0.907374
0.918456
0.00152311

0.0567972
0.83233
0.551363
-0.965954
0.533374

-0.0567972
-0.83233
-0.551363
-0.213671
0.203363

0.357131
-0.799869
-0.482357
0.222328
0.0528288

-0.357131
0.799869
0.482357
-0.229034
0.131847

0.226427
-0.817635
-0.529342
0.599528
0.0174404

-0.226427
0.817635
0.529342
-1.64801
0.75997

-0.0218659
-0.708496
0.705375
0.723996
0.00517397

0.0218659
0.708496
-0.705375
-0.552153
0.161442

-0.545636
-0.439135
0.713751
0.526513
0.00985475

0.545636
0.439135
-0.713751
0.488899
0.01147

-0.695347
0.172333
0.697706
0.943076
0.000738701

0.798057
0.559679
0.223302
0.793081
0.00229905

-0.798057
-0.559679
-0.223302
-0.281242
0.0879441

-0.566654
0.422215
-0.707557
0.543445
0.065424

0.566654
-0.422215
0.707557
-9.6656
35.6313

-0.380441
-0.238774
0.893449
0.773569
0.00867513

0.380441
0.238774
-0.893449
-4.86852
5.80934

0.463123
-0.450121
0.763484
0.929854
0.00036284

-0.463123
0.450121
-0.763484
-1.77673
0.567959

-0.592637
-0.561175
-0.577809
0.411015
0.0230166

0.592637
0.561175
0.577809
0.0636387
0.0581447

0.081056
-0.871352
0.483916
0.602434
0.0224838

-0.458559
-0.441604
0.771174
0.610445
0.0152223

0.458559
0.441604
-0.771174
-1.39258
0.57409

0.953578
0.301147
0
-0.217246
0.218921

-0.953578
-0.301147
0
-1.2184
0.727102

-0.0772202
0.188587
0.979016
0.983045
0.000104938

-0.734527
0.166514
-0.657832
0.146032
0.0669131

0.734527
-0.166514
0.657832
-0.241801
0.141342

0.713968
0.350328
0.606235
0.797733
0.00338848

0.159827
-0.352855
0.921926
0.846026
0.00422343

0.0587366
-0.588429
0.806412
0.844964
0.00202639

-0.0587366
0.588429
-0.806412
-1.585
0.547212

0.935495
0.353339
0
-3.16172
2.59089

-0.935495
-0.353339
0
0.558845
0.0344214

-0.666164
-0.672484
0.322476
0.859329
0.00145417

0.0679273
-0.622517
-0.779653
-3.71513
3.42043

-0.0679273
0.622517
0.779653
0.681258
0.0156428

-0.371657
-0.609749
0.700056
0.671381
0.0067943

0.371657
0.609749
-0.700056
-0.281822
0.103251

-0.513808
0.793439
-0.326276
-0.670922
0.208546

0.513808
-0.793439
0.326276
0.669941
0.00815441

-0.515314
0.103533
0.850725
0.848727
0.00099215

0.515314
-0.103533
-0.850725
-0.0809009
0.0504712

0.884833
-0.3683
0.285353
0.305305
0.0313906

-0.884833
0.3683
-0.285353
0.221171
0.0394496

0.52668
0.609456
0.592597
0.476505
0.0184252

-0.52668
-0.609456
-0.592597
-0.0535011
0.0745947

0.820131
0.572176
0
0.0467745
0.0808873

-0.820131
-0.572176
0
0.0916307
0.0739861

-0.256942
0.233169
0.937877
0.906907
0.00106481

-0.787689
0.143279
-0.59918
0.758886
0.00291011

0.787689
-0.143279
0.59918
-0.0431567
0.0537075

0.293893
-0.194805
0.935777
0.871116
0.0066557

-0.234872
-0.599609
0.765052
0.77247
0.00332834

0.234872
0.599609
-0.765052
-0.551276
0.151478

0.418102
0.83976
0.346401
0.775341
0.00261079

-0.418102
-0.83976
-0.346401
-0.00912619
0.0484764

-0.412415
-0.564175
-0.715277
0.819724
0.001882

0.412415
0.564175
0.715277
-0.510614
0.131272

-0.156004
-0.157139
-0.975177
-3.85274
2.78787

0.156004
0.157139
0.975177
0.926327
0.000717351

0.267581
-0.896313
-0.353587
0.642038
0.0118421

-0.267581
0.896313
0.353587
-1.2016
0.447087

0.264408
-0.024223
0.964107
0.902483
0.00259147

-0.650787
0.354312
-0.67152
-2.35494
1.45857

0.650787
-0.354312
0.67152
0.579174
0.0230507

0.699008
0.0679851
0.711875
0.923079
0.000654999

-0.699008
-0.0679851
-0.711875
-3.25503
1.93253

-0.981932
-0.189232
0
-0.714494
0.466442

0.981932
0.189232
0
-0.88166
0.561831

-0.433377
-0.111814
0.89425
0.992582
1.92903e-05

-0.896619
-0.238544
-0.373056
0.546588
0.0105867

0.471848
-0.0682319
0.879036
0.58304
0.0280095

-0.471848
0.0682319
-0.879036
-3.56188
3.3504

-0.51578
0.556394
0.651457
-1.82111
0.512704

0.51578
-0.556394
-0.651457
0.974494
5.35369e-05

0.0921251
-0.488191
-0.867861
-7.37017
21.2912

-0.0921251
0.488191
0.867861
0.152607
0.218233

-0.448454
-0.116293
0.886208
0.965525
7.14013e-05

0.448454
0.116293
-0.886208
-0.835825
0.156324

-0.880371
-0.220501
-0.419912
-2.02464
1.18789

0.880371
0.220501
0.419912
0.469994
0.0365221

0.642075
-0.152581
-0.751305
-1.44573
0.528731

-0.642075
0.152581
0.751305
0.756104
0.00533401

-0.012116
-0.955234
0.295604
0.32187
0.037073

0.012116
0.955234
-0.295604
-0.189334
0.113987

-0.628082
0.28711
0.723243
0.735
0.00739393

0.608421
0.51741
-0.601756
-0.96149
0.585217

-0.608421
-0.51741
0.601756
-0.501763
0.34312

0.219609
-0.388384
-0.894947
0.861866
0.00409624

-0.219609
0.388384
0.894947
-7.56642
15.4974

-0.757546
-0.241024
0.606655
0.919006
0.000447028

0.757546
0.241024
-0.606655
-1.32445
0.353672

-0.75972
-0.0326337
0.64943
0.893254
0.000717244

0.75972
0.0326337
-0.64943
-0.95655
0.232203

-0.993258
-0.115929
0
-1.88124
0.643618

0.993258
0.115929
0
0.921113
0.000487968

0.0919847
0.837957
-0.537928
-0.655007
0.275819

-0.0919847
-0.837957
0.537928
0.264441
0.0545552

0.943041
0.0140928
0.332379
0.272936
0.0232105

-0.943041
-0.0140928
-0.332379
0.683488
0.00441073

0.164658
0.033774
0.985772
0.727842
0.00239967

0.973553
0.226475
-0.0300523
-2.6819
1.16619

-0.973553
-0.226475
0.0300523
0.96015
0.000136966

0.859811
-0.0828596
0.503844
0.65236
0.0114557

-0.859811
0.0828596
-0.503844
-1.32
0.509687

0.814629
-0.531938
-0.231133
0.0358826
0.0834787

-0.814629
0.531938
0.231133
-0.0711672
0.103042

0.724551
0.0220593
0.688868
0.524551
0.0506062

-0.724551
-0.0220593
-0.688868
-5.78539
10.2812

-0.497657
0.857601
0.129843
0.192325
0.0524934

0.497657
-0.857601
-0.129843
-0.0222114
0.084081

0.326089
0.769879
0.548591
-0.184127
0.101825

-0.326089
-0.769879
-0.548591
0.464607
0.0208703

0.54494
0.826893
0.138886
0.508587
0.0135565

-0.54494
-0.826893
-0.138886
0.197662
0.0361323

-0.398084
-0.747732
-0.531437
0.083851
0.0362215

0.0598731
0.269146
0.961236
-0.182362
0.162213

-0.0598731
-0.269146
-0.961236
-0.449301
0.24354

0.458783
0.888548
0
0.0467745
0.0759204

-0.458783
-0.888548
0
0.0916307
0.0690502

-0.726434
0.687236
0
0.466829
0.0221895

0.726434
-0.687236
0
0.608281
0.0148111

-0.235012
0.0178465
-0.971829
-0.517572
0.13167

0.235012
-0.0178465
0.971829
0.825304
0.00174841

0.217463
-0.682035
-0.69824
0.133843
0.0345646

-0.217463
0.682035
0.69824
0.724131
0.00350697

0.438476
0.809245
0.390974
0.0718555
0.0551472

-0.438476
-0.809245
-0.390974
0.449
0.0194363

-0.314031
-0.801671
-0.508634
-1.55056
0.91822

0.314031
0.801671
0.508634
0.100834
0.114211

-0.874263
0.460771
0.152825
0.608348
0.0552205

0.874263
-0.460771
-0.152825
-12.1752
62.484

-0.878376
-0.177307
0.443867
0.4227
0.0279245

0.878376
0.177307
-0.443867
-0.428033
0.170418

0.683154
-0.0229239
0.729914
0.871562
0.00857066

-0.683154
0.0229239
-0.729914
-22.9893
298.633

-0.218608
0.37691
0.900083
0.1329
0.132533

0.218608
-0.37691
-0.900083
-2.72056
2.43855

0.00111917
0.719902
-0.694075
0.134048
0.0298231

-0.00111917
-0.719902
0.694075
0.815071
0.00136183

-0.213594
0.348137
-0.912786
-2.47537
1.13869

0.213594
-0.348137
0.912786
0.899984
0.000992642

-0.00185986
-0.054543
0.99851
0.554862
0.00744634

0.403705
-0.207654
0.891012
0.894521
0.00142774

-0.403705
0.207654
-0.891012
-0.831998
0.194229

-0.00750373
0.912787
-0.408367
-0.724826
0.334262

0.00750373
-0.912787
0.408367
0.100324
0.0909455

-0.72247
-0.405358
-0.560109
0.208715
0.0344284

0.72247
0.405358
0.560109
0.525168
0.0124339

-0.430368
0.355397
0.829745
0.717713
0.0107653

0.430368
-0.355397
-0.829745
-3.07622
2.22161

0.440785
-0.684677
0.580454
0.279693
0.0245664

-0.81365
0.448151
0.370315
-1.39843
0.431899

0.81365
-0.448151
-0.370315
0.863535
0.0014009

0.448537
-0.84461
-0.292316
-7.45894
21.439

-0.448537
0.84461
0.292316
0.216466
0.183983

-0.961016
0.172426
0.21614
-3.95961
2.40425

0.961016
-0.172426
-0.21614
0.992775
5.30884e-06

-0.35353
-0.933826
0.0546385
-0.468784
0.193571

0.35353
0.933826
-0.0546385
0.340749
0.0390073

-0.0871971
-0.163576
-0.98267
-22.621
259.657

0.0871971
0.163576
0.98267
0.965169
0.000600984

-0.438667
-0.553686
-0.707816
0.75733
0.00775946

-0.251638
0.751847
-0.60943
-0.246868
0.0878572

0.251638
-0.751847
0.60943
0.758039
0.00402782

0.953576
0.281322
-0.107476
0.826461
0.00320676

0.804419
-0.101056
0.585405
0.49272
0.0364277

-0.804419
0.101056
-0.585405
-2.49551
1.72533

0.711956
-0.0644196
0.699263
-4.57846
3.67381

-0.711956
0.0644196
-0.699263
0.976431
7.26077e-05

-0.957861
0.287232
0
0.50947
0.0341484

0.957861
-0.287232
0
-1.70893
0.847685

-0.820589
-0.452079
-0.349655
0.55816
0.0121194

-0.728995
0.649467
0.216239
0.324941
0.00811477

0.322885
0.289488
0.901078
0.900175
0.00132904

-0.322885
-0.289488
-0.901078
-4.21925
3.59981

-0.333788
-0.884068
0.327124
0.403872
0.0127989

0.195055
0.422528
0.885112
0.30965
0.0151156

-0.195055
-0.422528
-0.885112
0.858372
0.000690206

-0.386356
0.114967
-0.915157
-6.02757
8.00148

0.386356
-0.114967
0.915157
0.931109
0.000803922

0.356034
-0.549496
0.75584
0.61789
0.011276

-0.356034
0.549496
-0.75584
-0.625454
0.204008

0.386035
0.159789
0.90854
0.866468
0.00050746

-0.0887638
-0.920109
-0.381471
0.460411
0.0145354

0.739211
-0.211895
0.639272
0.732524
0.00320538

-0.739211
0.211895
-0.639272
0.180855
0.0296399

0.830426
0.55713
0
-0.0888206
0.0486333

0.609894
-0.269501
-0.745251
-0.409611
0.124842

-0.609894
0.269501
0.745251
0.724786
0.00483421

-0.313452
-0.606537
0.730658
0.789362
0.0127344

0.313452
0.606537
-0.730658
-10.3276
36.6327

-0.885471
-0.464694
0
0.984902
0.000795219

0.819823
-0.531522
0.213012
-1.58566
0.606118

-0.819823
0.531522
-0.213012
0.769302
0.00483089

-0.887979
-0.0729339
0.454064
0.410455
0.0100888

0.887979
0.0729339
-0.454064
0.849167
0.000674564

0.418334
0.24541
0.874512
0.0688088
0.134402

-0.418334
-0.24541
-0.874512
-1.89988
1.30056

-0.146088
-0.194945
-0.969874
-1.14747
0.438674

0.146088
0.194945
0.969874
0.586897
0.0162812

-0.446507
0.0374363
0.893997
-1.17431
0.405245

-0.922746
-0.010546
0.385264
0.637059
0.0145839

0.922746
0.010546
-0.385264
-1.84544
0.894632

0.265502
0.770932
0.578941
0.925701
0.000266414

-0.946349
-0.323147
0
0.480156
0.0346063

0.946349
0.323147
0
-0.792923
0.30044

-0.227355
0.356556
-0.906188
-0.378957
0.103388

0.227355
-0.356556
0.906188
0.815209
0.00186169

-0.929726
0.27235
-0.247861
-0.203642
0.129197

0.929726
-0.27235
0.247861
0.164138
0.0623153

-0.453483
-0.755553
0.47275
-0.212154
0.0934037

0.453483
0.755553
-0.47275
0.627898
0.00880573

-0.33593
-0.664487
0.667539
0.916278
0.00143989

-0.71966
-0.214883
-0.660239
-1.23497
0.413132

0.71966
0.214883
0.660239
0.757917
0.00490463

-0.121597
-0.927013
0.35477
-0.602684
0.398834

0.121597
0.927013
-0.35477
-0.922479
0.573849

0.830621
-0.0163153
-0.5566
0.985147
4.12653e-05

-0.180399
-0.588267
0.788288
0.797005
0.00272201

0.180399
0.588267
-0.788288
-0.686481
0.183189

-0.419187
-0.423675
-0.802983
-10.387
36.7035

0.419187
0.423675
0.802983
0.80627
0.010699

0.285439
-0.803802
-0.521945
0.911408
0.000414144

-0.539798
-0.334731
-0.772382
-0.464044
0.154166

0.539798
0.334731
0.772382
0.623302
0.0103085

-0.664942
-0.59724
-0.448505
-0.636059
0.121698

0.664942
0.59724
0.448505
0.946885
0.000134599

-0.0841455
0.996453
0
-0.453805
0.645397

0.0841455
-0.996453
0
-5.56488
13.1539

0.827619
-0.316481
0.463559
0.829702
0.00172311

-0.827619
0.316481
-0.463559
-0.192608
0.0692261

-0.302635
0.142076
0.942458
-3.58617
2.80754

0.302635
-0.142076
-0.942458
0.811197
0.00485668

0.59733
-0.801996
0
0.915661
0.00364211

-0.238013
-0.34563
-0.907684
-3.34442
1.9485

0.238013
0.34563
0.907684
0.946366
0.000299946

0.132805
-0.0112462
-0.991078
-36.4975
1015

-0.132805
0.0112462
0.991078
0.966587
0.000825997

-0.307806
0.0484695
0.950214
0.964647
0.000140293

0.307806
-0.0484695
-0.950214
-4.02901
2.82702

-0.168944
0.049465
0.984384
0.959974
0.000273296

0.614767
0.733499
-0.289899
-1.6051
0.549905

-0.614767
-0.733499
0.289899
0.855772
0.00169254

-0.179257
-0.098376
-0.978871
0.832555
0.0114341

0.179257
0.098376
0.978871
-16.5921
125.135

-0.805191
-0.133506
0.577791
0.845632
0.00160371

0.805191
0.133506
-0.577791
-0.94365
0.249634

-0.204803
0.384469
0.900133
0.147915
0.10176

0.204803
-0.384469
-0.900133
-1.59967
0.944563

-0.529489
-0.104598
-0.841844
0.954497
0.000150346

0.529489
0.104598
0.841844
-1.52177
0.402196

-0.790978
0.42078
-0.444183
-3.00306
1.61199

0.790978
-0.42078
0.444183
0.92713
0.000536333

0.0343094
-0.442737
0.895995
0.726398
0.0059851

-0.0343094
0.442737
-0.895995
-1.01571
0.324155

-0.503681
-0.43224
0.74798
-0.527443
0.238266

0.503681
0.43224
-0.74798
0.155439
0.0729736

0.19891
0.750241
0.630534
-1.55056
0.91816

-0.19891
-0.750241
-0.630534
0.100834
0.114253

-0.760497
-0.649342
0
-2.14549
1.07475

0.760497
0.649342
0
0.731238
0.00837613

0.178672
-0.186393
0.966092
0.959115
5.17364e-05

0.805263
0.592917
0
-0.986135
0.216826

-0.805263
-0.592917
0
0.936803
0.000223847

-0.885879
-0.038603
-0.462308
-1.07486
0.330769

0.0823298
-0.788359
-0.609682
0.50621
0.0173911

-0.0823298
0.788359
0.609682
-0.208014
0.103687

-0.341734
0.502332
0.79428
0.896961
0.000521932

-0.803356
0.595499
0
0.648446
0.00756222

0.803356
-0.595499
0
0.0826293
0.0460229

0.734857
-0.245745
-0.632134
0.624139
0.00623477

-0.347195
-0.0333585
0.937199
0.945879
0.000322819

0.347195
0.0333585
-0.937199
-3.6474
2.36715

-0.546968
-0.277175
-0.789936
0.903717
0.00148129

-0.156772
0.550411
-0.820043
-3.92176
4.24858

0.156772
-0.550411
0.820043
0.534035
0.0380879

0.00591533
0.11929
0.992842
0.990113
6.94578e-05

-0.11584
-0.835643
0.536919
0.369521
0.0653066

-0.631482
-0.158901
0.758934
0.943651
0.000147557

0.631482
0.158901
-0.758934
-0.627967
0.121382

0.848055
0.0269311
-0.529223
0.76968
0.00595706

-0.578881
0.652028
0.489649
-0.459907
0.113912

0.578881
-0.652028
-0.489649
0.848085
0.00125344

-0.566726
0.823906
0
0.467598
0.0151604

0.566726
-0.823906
0
0.31616
0.0250067

-0.393421
-0.842462
0.368074
0.829209
0.00217156

0.393421
0.842462
-0.368074
-0.918925
0.247701

0.529462
0.82786
0.18525
0.418226
0.0227106

-0.529462
-0.82786
-0.18525
0.0335343
0.0626615

-0.299287
-0.248028
0.921363
-15.734
122.916

0.299287
0.248028
-0.921363
0.603929
0.0688622

0.312336
-0.145408
-0.938777
0.813006
0.00216595

0.647046
-0.567435
0.509264
0.177337
0.0613556

-0.647046
0.567435
-0.509264
-0.255352
0.142765

-0.333374
-0.606446
0.721863
0.221673
0.110478

0.333374
0.606446
-0.721863
-3.14492
3.12745

-0.650433
0.720033
0.241845
0.102839
0.0610379

0.650433
-0.720033
-0.241845
0.179159
0.0510973

0.955233
0.0331788
0.293989
-1.82743
1.22261

-0.955233
-0.0331788
-0.293989
0.0577548
0.136318

0.707074
0.548119
0.44678
0.95032
0.000335563

0.133109
0.981297
-0.139063
0.894768
0.000654123

-0.133109
-0.981297
0.139063
-0.893981
0.211512

-0.761751
0.0965753
0.640632
0.72638
0.00998286

0.761751
-0.0965753
-0.640632
-3.09092
2.22793

-0.876632
-0.46323
0.13013
0.281956
0.0393255

0.876632
0.46323
-0.13013
-0.0256001
0.0802238

-0.31285
-0.501559
-0.806575
-1.33951
0.466679

0.31285
0.501559
0.806575
0.759666
0.00501085

0.594489
0.263147
0.759827
0.674013
0.0055667

-0.594489
-0.263147
-0.759827
0.0664037
0.0450426

-0.417679
-0.873963
-0.248461
0.589447
0.0129423

0.417679
0.873963
0.248461
-0.544194
0.182934

-0.424338
0.174164
0.888597
0.93354
0.000223897

-0.497724
-0.840613
0.213636
-1.05413
0.203407

0.497724
0.840613
-0.213636
0.976981
2.57519e-05

-0.311562
0.329262
-0.891356
-0.216716
0.110246

0.311562
-0.329262
0.891356
0.453081
0.0223697

0.851648
-0.173494
0.494567
0.802367
0.00225707

-0.851648
0.173494
-0.494567
-0.445806
0.119916

0.00217782
0.140954
0.990014
0.721452
0.0136171

0.540762
0.841175
0
-2.42929
2.24537

-0.540762
-0.841175
0
-0.270596
0.318509

-0.78943
-0.613841
0
-1.01918
0.819682

0.78943
0.613841
0
-1.55554
1.29748

-0.57458
0.393507
-0.717642
0.893801
0.000637078

0.409567
0.550702
0.727312
0.805718
0.00200976

-0.409567
-0.550702
-0.727312
-0.294616
0.0886465

0.201479
-0.925482
0.320763
-0.397896
1.02825

-0.201479
0.925482
-0.320763
-13.7653
114.709

-0.808534
-0.0894006
-0.581619
0.978296
2.4778e-05

0.808534
0.0894006
0.581619
-1.26947
0.26898

-0.769661
-0.218538
-0.599886
0.0936207
0.0475658

0.769661
0.218538
0.599886
0.550496
0.0117487

-0.691322
-0.337178
-0.63905
-1.81924
0.997325

0.691322
0.337178
0.63905
0.449573
0.0381274

-0.311779
0.697905
0.644766
0.747873
0.00270794

0.311779
-0.697905
-0.644766
0.240972
0.0238547

-0.241757
-0.280102
-0.92903
0.893251
0.000372408

0.241757
0.280102
0.92903
0.326298
0.0129414

-0.164323
0.170862
0.971496
0.988902
5.87245e-05

0.111728
-0.275845
0.954687
0.979589
0.000300015

-0.347835
0.526812
-0.775551
-0.780703
0.294107

0.347835
-0.526812
0.775551
0.463254
0.0268596

-0.771205
0.562148
0.298719
-0.00821257
0.044004

0.771205
-0.562148
-0.298719
0.823331
0.00135166

-0.786538
-0.617542
0
0.81611
0.00319159

0.786538
0.617542
0
-1.94223
0.815279

0.211543
-0.768586
-0.60376
-5.60117
10.1064

-0.211543
0.768586
0.60376
0.405893
0.0819832

-0.217695
-0.96346
-0.156055
-1.37732
0.862124

0.217695
0.96346
0.156055
-0.198025
0.219085

-0.146774
-0.21617
-0.965261
-11.3835
37.5543

0.146774
0.21617
0.965261
0.980704
9.3928e-05

0.0180568
-0.895747
-0.444198
-0.560879
0.211195

-0.0180568
0.895747
0.444198
0.445261
0.0267194

0.752529
0.572489
0.325509
0.112482
0.0604008

-0.752529
-0.572489
-0.325509
0.151488
0.0552108

0.0481264
0.052906
0.997439
0.195685
0.0221161

0.544258
-0.286068
0.788637
0.729591
0.00507687

-0.544258
0.286068
-0.788637
-0.611467
0.177255

0.459843
-0.0488106
-0.886658
-2.18271
0.847989

-0.459843
0.0488106
0.886658
0.922986
0.000532705

-0.486888
-0.413296
0.769498
0.377941
0.0388212

0.486888
0.413296
-0.769498
-0.650093
0.257125

0.437249
-0.45958
0.773045
0.818863
0.00159488

-0.442593
-0.146094
0.884742
-3.01021
3.04638

0.442593
0.146094
-0.884742
0.0703304
0.164064

0.240729
-0.185193
0.952761
0.94009
0.000928273

-0.240729
0.185193
-0.952761
-11.0236
37.3521

-0.0697079
-0.210502
-0.975105
-1.98172
1.17423

0.0697079
0.210502
0.975105
0.425295
0.0438926

0.12574
0.0960405
0.987404
0.992926
6.13202e-06

-0.442521
0.0171502
-0.896594
-0.168032
0.129358

0.94304
0.33268
0
-0.284058
0.202386

-0.94304
-0.33268
0
-0.481341
0.268674

0.988786
0.149338
0
0.98736
1.86448e-05

-0.7483
0.639113
0.177713
0.971663
2.83953e-05

0.7483
-0.639113
-0.177713
-0.349146
0.063148

-0.00779977
-0.481542
-0.876388
-1.50758
0.728923

0.00779977
0.481542
0.876388
0.453901
0.0346214

0.224965
0.871227
0.436295
0.528066
0.00709898

0.212942
-0.850838
-0.480343
-10.4931
36.8493

-0.212942
0.850838
0.480343
0.834499
0.00764685

-0.723245
0.17662
-0.667624
0.69187
0.00510785

0.218218
-0.0122579
0.975823
0.974491
8.09034e-05

-0.102737
0.287138
0.952364
0.844505
0.00213433

0.102737
-0.287138
-0.952364
-1.70897
0.623087

0.70222
-0.459123
0.544145
0.946682
0.000175973

-0.70222
0.459123
-0.544145
-1.22967
0.291227

0.61099
0.0515094
-0.789961
-0.520982
0.1319

-0.61099
-0.0515094
0.789961
0.827997
0.0017014

0.481066
-0.16988
-0.860067
0.889315
0.000155438

-0.481066
0.16988
0.860067
0.81856
0.000417418

-0.8911
0.453807
0
0.745196
0.00721193

0.8911
-0.453807
0
-0.522528
0.154222

-0.804332
0.075012
-0.589427
-5.14717
7.52738

0.804332
-0.075012
0.589427
0.595847
0.0325577

0.539086
-0.807388
0.239812
0.637967
0.0073667

-0.539086
0.807388
-0.239812
-0.00564933
0.056779

0.262245
-0.78069
0.567231
0.480156
0.0249375

-0.262245
0.78069
-0.567231
-0.792923
0.295774

-0.478251
-0.858782
0.183765
0.48137
0.0201122

0.478251
0.858782
-0.183765
-0.274414
0.121403

-0.174741
-0.280992
0.943668
-0.890486
0.16977

0.174741
0.280992
-0.943668
0.965632
5.72579e-05

-0.855648
-0.297805
-0.423295
0.792014
0.0013271

0.855648
0.297805
0.423295
0.472938
0.00849345

-0.320069
-0.402765
0.857518
0.840812
0.00179561

0.320069
0.402765
-0.857518
-1.08686
0.305742

-0.541529
-0.154908
-0.826287
-0.566282
0.305084

0.541529
0.154908
0.826287
-0.258983
0.197218

-0.500269
0.235876
0.833123
-3.61863
2.82079

0.500269
-0.235876
-0.833123
0.825376
0.00403516

0.228566
0.0418959
-0.972626
-17.4868
126.597

-0.228566
-0.0418959
0.972626
0.963483
0.000515078

-0.201271
0.127258
-0.971234
-0.555811
0.15168

-0.651786
0.176076
0.73768
0.940852
0.000623132

0.224638
0.550496
-0.804047
-5.12319
5.92592

-0.224638
-0.550496
0.804047
0.868284
0.00274287

-0.164103
0.875312
-0.454861
0.968632
8.40394e-05

0.735146
-0.645745
-0.206335
0.878861
0.000405908

0.162607
-0.147084
0.975667
0.904796
0.00357807

-0.162607
0.147084
-0.975667
-16.9994
125.923

-0.142355
-0.232416
0.962142
0.971008
0.000608726

0.951668
-0.0363052
-0.304974
0.78366
0.00569179

-0.951668
0.0363052
0.304974
-2.90768
1.85605

0.0584683
0.870799
-0.48815
-9.47374
23.6016

-0.0584683
-0.870799
0.48815
0.970094
0.000193507

0.130103
0.389456
0.91181
0.559787
0.0104375

0.62429
0.77722
-0.0786806
-1.89628
1.47797

-0.62429
-0.77722
0.0786806
-0.287221
0.29194

0.847888
-0.116933
0.517119
0.388796
0.00989162

-0.182174
-0.638654
0.747619
0.851219
0.00424329

0.182174
0.638654
-0.747619
-6.52353
10.8426

0.452499
0.176051
0.874214
0.87108
0.00242696

-0.779313
-0.129034
0.613206
0.693516
0.0279797

0.774467
0.632614
0
-1.53545
1.01551

-0.774467
-0.632614
0
-0.215219
0.240934

-0.390629
0.352532
-0.850371
0.924544
0.000185954

-0.737956
-0.395317
0.546943
0.410484
0.0154548

0.737956
0.395317
-0.546943
0.578832
0.00791032

-0.623577
-0.30517
0.719738
-0.0376376
0.0511343

0.477899
0.613652
0.628525
0.992787
6.51674e-06

-0.477899
-0.613652
-0.628525
-3.64411
1.97943

-0.326236
0.457931
-0.826964
-4.26594
4.42211

0.326236
-0.457931
0.826964
0.739954
0.0108875

0.342317
0.0705438
0.936932
0.777935
0.00498951

-0.342317
-0.0705438
-0.936932
-2.04004
0.934774

0.16627
0.158874
0.973197
0.973391
0.000190846

-0.817764
0.360639
-0.448556
-0.590283
0.127613

0.817764
-0.360639
0.448556
0.904323
0.000472998

0.091442
0.200681
-0.97538
-3.14089
1.63104

-0.091442
-0.200681
0.97538
0.960923
0.000147754

-0.404584
0.804975
0.433966
0.709056
0.0048255

0.404584
-0.804975
-0.433966
-0.00416088
0.052877

-0.0703565
-0.474952
0.877195
0.884411
0.00109089

-0.877882
0.172348
-0.446788
-0.582775
0.213757

0.877882
-0.172348
0.446788
0.478377
0.0232592

0.176992
0.0739751
-0.981428
-0.853111
0.241943

-0.176992
-0.0739751
0.981428
0.780142
0.00351991

-0.591639
-0.736189
0.328617
0.955922
7.64035e-05

0.591639
0.736189
-0.328617
-0.363852
0.0704464

-0.880595
-0.226044
0.41648
0.614859
0.0120916

0.880595
0.226044
-0.41648
-0.752827
0.249789

0.151542
0.682251
-0.71524
-1.33458
0.323965

-0.151542
-0.682251
0.71524
0.953733
0.00014145

-0.67184
0.290942
0.681163
0.302855
0.0815804

-0.932604
-0.186363
0.30906
-0.204628
0.145675

0.932604
0.186363
-0.30906
-0.0708857
0.115131

-0.826706
-0.187502
-0.530471
-1.9122
1.02248

0.826706
0.187502
0.530471
0.543706
0.0251183

-0.734572
0.0323545
-0.677759
0.3972
0.0315654

0.734572
-0.0323545
0.677759
-0.471679
0.187548

0.0908274
0.568413
0.817714
0.0483892
0.0916011

-0.0908274
-0.568413
-0.817714
-0.355617
0.185654

0.108594
0.567513
0.816172
-1.11229
0.51883

-0.108594
-0.567513
-0.816172
0.265355
0.0627707

-0.883677
-0.379219
-0.274423
0.700445
0.00412718

-0.246356
0.301984
0.920931
0.504382
0.0213965

0.246356
-0.301984
-0.920931
-0.665829
0.239675

-0.020273
-0.43429
0.900545
-0.354095
0.22765

0.020273
0.43429
-0.900545
-0.456266
0.263246

-0.449587
0.0819425
0.88947
0.909675
0.000943528

0.449587
-0.0819425
-0.88947
-3.51062
2.34106

0.598861
0.383189
0.703229
0.741071
0.00482325

0.622201
0.380598
-0.684113
-7.3881
15.3735

-0.622201
-0.380598
0.684113
0.808887
0.00803398

-0.675051
-0.563803
0.475849
0.699412
0.00634087

0.675051
0.563803
-0.475849
-0.581999
0.174702

-0.403321
-0.888632
0.218324
0.14221
0.0330356

0.403321
0.888632
-0.218324
0.738267
0.00308096

0.0829537
0.187175
-0.978818
-2.58585
2.36424

-0.0829537
-0.187175
0.978818
-0.0396876
0.199186

0.548344
-0.488833
0.6785
-0.225932
0.124095

-0.548344
0.488833
-0.6785
0.310412
0.0392857

-0.0453874
-0.828387
-0.558314
-0.430254
0.142121

0.0453874
0.828387
0.558314
0.642436
0.00889537

0.731638
0.32379
0.599888
0.530097
0.0164886

-0.731638
-0.32379
-0.599888
-0.349158
0.135366

-0.260506
0.00808526
0.965439
0.889138
0.00144819

0.260506
-0.00808526
-0.965439
-3.44679
2.32724

0.933024
0.293263
0.20848
-1.93825
0.649127

-0.933024
-0.293263
-0.20848
0.940036
0.000271919

0.671049
0.088599
-0.7361
-3.92176
4.24631

-0.671049
-0.088599
0.7361
0.534035
0.0382007

0.379855
-0.861126
0.337893
0.793267
0.00206877

-0.379855
0.861126
-0.337893
-0.0994456
0.0584283

-0.231111
0.0951679
-0.968262
0.881943
0.000996941

0.231111
-0.0951679
0.968262
-1.15844
0.311823

0.627156
0.221157
-0.746837
0.93654
0.000337983

-0.627156
-0.221157
0.746837
-2.06929
0.740957

0.359063
-0.300619
0.883573
0.842132
0.00138617

-0.359063
0.300619
-0.883573
-0.494605
0.122732

0.168977
-0.196648
-0.965803
-4.89605
4.64508

-0.168977
0.196648
0.965803
0.950526
0.000327636

-0.587964
0.575774
0.56814
0.582556
0.00350871

0.587964
-0.575774
-0.56814
0.898926
0.000209485

-0.141349
-0.78455
0.60374
0.619328
0.00766698

0.166526
0.946713
-0.275686
0.591928
0.0124736

-0.166526
-0.946713
0.275686
-0.491446
0.166576

-0.307864
0.209844
-0.928001
-4.00589
4.29138

0.307864
-0.209844
0.928001
0.591357
0.0287951

0.440092
0.454783
0.774268
-10.8462
37.1722

-0.440092
-0.454783
-0.774268
0.911131
0.00214929

0.940895
0.00567201
0.338649
0.0805521
0.0983275

-0.940895
-0.00567201
-0.338649
-0.802121
0.377615

-0.602513
0.0898704
-0.793033
-0.0531887
0.0710877

0.602513
-0.0898704
0.793033
0.531916
0.0140531

-0.0969891
0.238549
-0.966275
-2.18817
1.40437

0.0969891
-0.238549
0.966275
0.424133
0.0460883

-0.106591
0.335937
0.935834
0.810283
0.00646353

0.106591
-0.335937
-0.935834
-5.60404
7.81874

0.0503153
0.930954
0.361652
0.800119
0.00508615

0.238233
0.480835
0.843826
0.68244
0.00595274

-0.364205
-0.835286
0.411888
-1.63503
0.49987

0.364205
0.835286
-0.411888
0.92167
0.000442597

-0.423957
0.707278
-0.565701
-0.978207
0.319745

0.423957
-0.707278
0.565701
0.69234
0.00774671

-0.643088
-0.561261
0.520983
0.36788
0.0463402

0.643088
0.561261
-0.520983
-1.30385
0.614544

0.30166
0.0239469
0.953115
0.976113
0.000288371

0.184895
0.835527
-0.517406
-0.537905
0.208483

-0.184895
-0.835527
0.517406
0.408828
0.030866

0.136748
-0.265303
0.954418
0.944367
0.000340664

-0.136748
0.265303
-0.954418
-3.6408
2.36616

0.527599
0.659566
-0.535362
0.383511
0.0241819

-0.527599
-0.659566
0.535362
0.170453
0.0437343

-0.794575
0.594119
-0.125189
-13.1667
111.492

0.794575
-0.594119
0.125189
-0.86621
1.93502

0.832082
-0.554653
0
0.74815
0.028973

0.8159
0.0145224
0.578011
0.995049
2.99395e-06

0.0225957
-0.627811
-0.778037
-1.04536
0.301872

-0.0225957
0.627811
0.778037
0.813352
0.00252077

-0.235093
0.914427
0.329477
0.190816
0.0219522

0.672533
-0.145837
0.725555
0.526752
0.0261395

-0.672533
0.145837
-0.725555
-1.72588
0.866968

-0.0548085
-0.23949
0.969351
0.879165
0.00397073

-0.0442699
-0.967499
0.24897
-5.37485
9.87465

0.0442699
0.967499
-0.24897
0.236148
0.141801

-0.741848
0.587359
-0.32353
0.52602
0.0120312

0.63775
-0.770243
0
0.595844
0.00933119

-0.138809
0.861849
0.487799
0.992225
3.91139e-06

0.07197
-0.362962
0.92902
0.802975
0.00959656

-0.54409
-0.105518
-0.832366
-0.882873
0.333331

0.54409
0.105518
0.832366
0.492378
0.0242671

0.801032
0.108115
0.588778
0.586534
0.00919655

-0.801032
-0.108115
-0.588778
0.159316
0.0378355

0.820295
0.216867
0.52923
0.36788
0.0462869

-0.820295
-0.216867
-0.52923
-1.30385
0.614587

0.228455
0.487109
0.842931
0.854502
0.000980123

0.550434
0.75838
-0.349116
-0.34898
0.120418

-0.550434
-0.75838
0.349116
0.653701
0.00795489

-0.116504
0.657359
-0.744517
-2.76913
1.81657

0.116504
-0.657359
0.744517
0.70302
0.0112785

0.548995
0.462419
0.696257
0.402359
0.0615528

-0.548995
-0.462419
-0.696257
-3.33202
3.23375

0.601287
-0.704322
-0.377338
-1.03005
0.353818

-0.601287
0.704322
0.377338
0.660262
0.00991577

0.165889
-0.856536
0.488699
-1.04753
0.35609

-0.165889
0.856536
-0.488699
0.677197
0.0088904

-0.302305
-0.60911
0.733209
0.647761
0.00898386

0.302305
0.60911
-0.733209
-0.536026
0.170649

0.451821
0.19676
-0.87014
-0.451763
0.931829

-0.451821
-0.19676
0.87014
-10.3818
57.2393

0.537301
-0.590274
0.602398
0.662927
0.0111237

-0.00291004
-0.90563
0.424059
0.695502
0.0133363

0.00291004
0.90563
-0.424059
-3.36395
2.73281

0.722481
-0.501439
-0.476005
0.340757
0.0109451

0.0902596
-0.727649
0.679986
0.610258
0.0147547

-0.0902596
0.727649
-0.679986
-1.27619
0.502482

-0.488549
0.546984
0.6798
0.729308
0.0016795

-0.0293758
-0.739887
0.67209
0.745282
0.00139817

0.881008
0.393574
-0.262536
-0.550369
0.285156

0.154357
0.456771
0.87609
0.856595
0.00493827

-0.154357
-0.456771
-0.87609
-8.84519
23.197

0.20817
-0.741937
-0.637334
-0.291539
0.250859

-0.20817
0.741937
0.637334
-1.18268
0.71609

-0.67883
0.0551906
0.732218
0.927412
0.000502573

0.67883
-0.0551906
-0.732218
-2.55683
1.15062

0.310372
-0.643298
0.699883
0.392078
0.0425205

0.598869
-0.157814
0.785144
0.679583
0.00966482

-0.470832
0.0659649
-0.879753
-3.15874
2.24916

0.470832
-0.0659649
0.879753
0.764243
0.00725449

0.792626
0.609708
0
-4.85104
20.352

-0.792626
-0.609708
0
-7.4255
41.8676

-0.0136858
0.98148
-0.191075
0.74473
0.00214344

0.0136858
-0.98148
0.191075
0.484943
0.00871443

0.580565
0.749773
-0.317465
0.0343369
0.0687292

-0.580565
-0.749773
0.317465
0.285796
0.0376069

0.186332
-0.962441
0.197454
0.90473
0.000750969

-0.186332
0.962441
-0.197454
-1.97798
0.731606

0.0912878
-0.785053
0.612665
0.363456
0.0309741

-0.0912878
0.785053
-0.612665
-0.131628
0.0976902

0.369072
0.657557
0.656814
0.598907
0.0100806

0.787131
-0.133155
-0.602242
-3.68084
4.1024

-0.787131
0.133155
0.602242
0.341758
0.0812518

0.69864
0.0845531
0.71046
0.706142
0.00687456

-0.69864
-0.0845531
-0.71046
-0.913391
0.288199

-0.730623
0.185639
0.657061
-0.559803
0.204119

0.730623
-0.185639
-0.657061
0.48875
0.0219372

0.254845
0.0985197
0.96195
0.942535
0.000185213

-0.254845
-0.0985197
-0.96195
-1.06876
0.2389

-0.901866
-0.1813
0.392133
0.687637
0.00797615

0.901866
0.1813
-0.392133
-0.820392
0.257474

-0.127252
-0.742962
0.657125
-0.0871594
0.148625

0.127252
0.742962
-0.657125
-0.813819
0.413388

-0.864253
0.183343
-0.468458
0.27187
0.0329431

0.864253
-0.183343
0.468458
0.322952
0.0284894

0.72356
0.36715
-0.584518
-0.583225
0.186754

-0.72356
-0.36715
0.584518
0.637864
0.00982921

0.658604
0.213892
0.721451
0.826743
0.00589617

-0.658604
-0.213892
-0.721451
-6.44574
10.7898

0.146799
-0.951091
0.271801
0.402359
0.0218585

-0.146799
0.951091
-0.271801
0.204321
0.0387331

-0.0260105
0.322982
0.946047
0.932279
0.000459007

0.0260105
-0.322982
-0.946047
-3.0213
1.61489

-0.274086
0.469113
-0.83953
-3.05073
4.38764

0.274086
-0.469113
0.83953
-1.17839
1.26894

0.138684
-0.00185645
0.990335
-0.586026
0.135744

-0.138684
0.00185645
-0.990335
0.874336
0.000921674

0.458629
-0.524138
-0.717592
0.460069
0.0315555

0.328626
0.0262538
0.944095
0.292732
0.195211

-0.328626
-0.0262538
-0.944095
-11.4762
60.7409

-0.0864066
0.968157
-0.234961
-0.276149
0.13653

0.0864066
-0.968157
0.234961
0.321489
0.0386065

-0.503194
-0.188927
0.843269
0.677071
0.031245

-0.030823
0.0751256
0.996698
-10.5632
36.8966

0.030823
-0.0751256
-0.996698
0.851806
0.00614923

0.780112
-0.0816229
0.620293
-1.65247
0.68379

-0.780112
0.0816229
-0.620293
0.722363
0.00755021

-0.331801
0.129132
-0.93447
-3.22947
2.67942

0.331801
-0.129132
0.93447
0.608235
0.0230366

0.210529
0.62115
0.754884
-0.0585761
0.135899

-0.210529
-0.62115
-0.754884
-0.734371
0.364415

-0.157249
0.932205
-0.325985
0.222231
0.0330555

0.157249
-0.932205
0.325985
0.53497
0.0120143

-0.838931
-0.513523
0.180245
-2.33823
0.760517

0.838931
0.513523
-0.180245
0.991097
5.58624e-06

0.406691
0.805562
0.430897
0.342638
0.0276425

-0.406691
-0.805562
-0.430897
0.207422
0.0401654

0.195718
0.833308
0.517003
0.562702
0.0178857

-0.195718
-0.833308
-0.517003
-1.02866
0.384617

0.660823
-0.172513
0.730447
0.481922
0.0451021

-0.660823
0.172513
-0.730447
-3.42667
3.28186

0.990036
-0.140811
0
0.897279
0.000445636

-0.990036
0.140811
0
-0.221913
0.062961

-0.298281
0.180537
0.937249
0.912143
0.000540688

-0.240156
-0.185185
0.952907
0.329969
0.0195677

0.240156
0.185185
-0.952907
0.652241
0.00527699

0.23179
0.138849
0.962805
0.970539
0.000319526

0.503431
0.864036
0
0.602129
0.0117831

-0.503431
-0.864036
0
-0.499247
0.167296

0.457414
-0.342306
0.820731
-0.32809
0.223027

-0.457414
0.342306
-0.820731
-0.540278
0.299981

-0.239367
-0.531001
0.81286
0.218768
0.0354136

0.239367
0.531001
-0.81286
0.460811
0.0169367

-0.571962
-0.53279
-0.623694
-4.0319
4.30889

0.571962
0.53279
0.623694
0.608117
0.0261561

-0.786586
-0.200809
-0.583916
-1.24754
0.664461

0.786586
0.200809
0.583916
0.0898361
0.10908

0.608242
-0.702714
-0.3691
-4.48264
4.51715

-0.608242
0.702714
0.3691
0.834173
0.00413567

0.222475
-0.302702
-0.926756
-5.8929
7.95828

-0.222475
0.302702
0.926756
0.899943
0.00167898

-0.577976
0.210236
0.788508
0.771866
0.00496244

0.577976
-0.210236
-0.788508
-1.72253
0.695405

-0.304653
0.789919
-0.532179
0.411552
0.0158027

0.304653
-0.789919
0.532179
0.54947
0.00926377

0.729449
-0.484761
0.482608
-0.00830626
0.0545113

-0.547625
0.291902
0.784156
0.760923
0.00586204

0.547625
-0.291902
-0.784156
-2.01295
0.929553

-0.619341
-0.686683
-0.380635
-0.161941
0.0900436

0.619341
0.686683
0.380635
0.551602
0.0134156

-0.496386
0.13642
-0.857316
-1.06532
0.464563

0.496386
-0.13642
0.857316
0.356608
0.0452831

-0.136948
0.332221
-0.933206
-0.822428
0.179356

0.136948
-0.332221
0.933206
0.918984
0.000395749

0.155646
-0.639553
-0.752825
-0.84011
0.167889

-0.155646
0.639553
0.752825
0.949356
0.00014427

0.0169753
0.554968
0.831698
0.89926
0.00118281

-0.0169753
-0.554968
-0.831698
-3.47732
2.33412

-0.0312453
0.667495
-0.743958
-23.8569
300.561

0.0312453
-0.667495
0.743958
0.968295
0.00049972

0.743659
0.556207
-0.370953
-0.769943
0.251715

-0.743659
-0.556207
0.370953
0.63431
0.0107697

0.121194
-0.740397
-0.661154
0.856214
0.00266764

-0.121194
0.740397
0.661154
-3.69506
2.84348

-0.871838
0.138498
-0.469804
-1.91917
0.647225

0.871838
-0.138498
0.469804
0.934032
0.000339236

-0.132165
-0.991228
0
0.84559
0.00582981

-0.0959093
-0.410169
-0.906952
-0.863423
0.38935

0.505195
0.82299
-0.25974
0.977959
1.8272e-05

-0.505195
-0.82299
0.25974
-0.463658
0.0766169

0.701339
-0.395055
0.593343
-3.11856
1.90626

-0.701339
0.395055
-0.593343
0.878097
0.00169553

-0.256846
-0.460573
-0.849649
0.261675
0.0187957

0.256846
0.460573
0.849649
0.834582
0.000943721

-0.235682
0.248636
-0.939486
-0.425858
0.2779

0.235682
-0.248636
0.939486
-0.673392
0.382607

0.410712
0.880026
0.238474
0.236545
0.0371923

0.500432
-0.517353
-0.6942
0.967179
0.000330503

-0.500432
0.517353
0.6942
-13.751
64.8077

-0.11823
0.207387
0.971088
0.924102
0.000952292

0.13719
0.479191
0.866922
0.933896
0.000648332

-0.13719
-0.479191
-0.866922
-5.37223
6.01333

-0.49549
-0.62762
0.600485
0.0517097
0.0205171

-0.550792
0.0285803
-0.834153
0.364823
0.0373064

0.550792
-0.0285803
0.834153
-0.57444
0.228224

-0.502554
-0.379249
0.776923
0.853724
0.00856901

0.502554
0.379249
-0.776923
-16.6994
125.443

0.760361
-0.164447
-0.628338
-0.100374
0.0902148

-0.760361
0.164447
0.628338
0.373231
0.0292701

-0.877384
-0.0105887
0.479671
0.72375
0.00839302

0.877384
0.0105887
-0.479671
-2.13442
1.07594

-0.0198369
0.199385
0.97972
0.987574
7.33591e-05

-0.729171
-0.609559
0.311041
-0.187623
0.152752

0.729171
0.609559
-0.311041
-0.265476
0.173431

0.863717
0.29049
0.411836
0.896566
0.000495891

-0.863717
-0.29049
-0.411836
-0.377807
0.0876421

0.18606
0.59081
0.785064
0.796008
0.00128099

-0.18606
-0.59081
-0.785064
0.470501
0.00855099

-0.709355
0.541233
0.451533
0.706196
0.00712184

-0.855921
-0.280891
0.434165
0.543706
0.0251133

0.855921
0.280891
-0.434165
-1.9122
1.0225

0.262514
0.841883
0.471508
-3.88055
3.4869

-0.262514
-0.841883
-0.471508
0.769559
0.00782647

0.286123
-0.806342
0.517635
0.941807
0.00103964

-0.842056
-0.419095
-0.33956
0.945112
0.000167763

0.842056
0.419095
0.33956
-1.07599
0.239276

-0.392262
0.846972
-0.358844
0.691846
0.00737019

0.392262
-0.846972
0.358844
-0.82462
0.257688

0.174374
-0.764311
0.620824
0.460811
0.0168005

-0.174374
0.764311
-0.620824
0.218768
0.035249

0.951083
-0.308935
0
-0.00959182
0.102531

-0.951083
0.308935
0
-0.277763
0.164224

0.630778
-0.415004
0.65566
0.658559
0.0127504

-0.630778
0.415004
-0.65566
-1.8715
0.9004

-0.050772
0.267296
-0.962276
0.712091
0.00630254

0.050772
-0.267296
0.962276
-0.776279
0.23469

-0.774076
-0.139633
0.617502
0.646366
0.0244175

0.774076
0.139633
-0.617502
-5.23811
7.59196

0.649261
0.404545
-0.644052
-1.53636
0.598305

-0.649261
-0.404545
0.644052
0.733837
0.00664915

-0.805194
0.538416
-0.248538
0.843993
0.0029921

-0.0399379
0.184161
0.982084
0.984779
4.87457e-05

0.0965142
-0.526879
-0.844442
0.70553
0.00634496

-0.0965142
0.526879
0.844442
-0.704987
0.211819

-0.355774
0.216976
-0.909036
-16.794
125.562

0.355774
-0.216976
0.909036
0.871116
0.00665204

-0.700014
-0.104552
-0.706434
-0.615555
0.314332

0.700014
0.104552
0.706434
-0.136429
0.155639

-0.0802988
0.120926
-0.989408
-4.93346
5.84172

0.0802988
-0.120926
0.989408
0.800571
0.00661222

0.539313
0.51145
-0.668999
-2.72379
1.80179

-0.539313
-0.51145
0.668999
0.673086
0.0139686

-0.0392748
-0.385356
0.921932
-0.271774
0.068028

-0.285216
0.211393
0.934861
0.958476
0.00125355

-0.255237
-0.656398
0.709927
0.242802
0.0844873

0.255237
0.656398
-0.709927
-2.02876
1.34897

0.887115
-0.296864
-0.353409
-0.046737
0.03129

-0.887115
0.296864
0.353409
0.969322
2.91547e-05

0.350574
0.478037
0.805344
-0.0972235
0.105495

0.362461
0.155865
-0.918873
-10.415
36.7311

-0.362461
-0.155865
0.918873
0.813969
0.00985012

0.0262542
0.0751339
-0.996828
-0.505536
0.272043

-0.0262542
-0.0751339
0.996828
-0.219482
0.178628

0.195504
-0.329371
0.923739
0.969352
0.000677735

-0.195504
0.329371
-0.923739
-36.5441
1015.51

-0.449196
-0.454895
0.768956
0.740296
0.00632808

-0.338006
-0.390504
-0.856305
0.999365
4.85553e-08

-0.163329
-0.243786
0.955977
0.0833955
0.103918

0.163329
0.243786
-0.955977
-1.00302
0.494918

0.0295268
0.933042
0.358554
0.195484
0.101202

-0.210103
-0.477372
-0.853213
0.771805
0.00288736

-0.530131
0.247494
0.810992
0.880931
0.000589607

-0.963878
-0.130887
-0.231964
-1.72225
0.775367

0.963878
0.130887
0.231964
0.664594
0.0117767

0.821106
-0.570776
0
0.840759
0.00106568

0.484075
-0.127677
-0.865661
-0.537629
0.135491

-0.484075
0.127677
0.865661
0.840754
0.0025158

-0.936391
0.245947
-0.250363
-0.408024
0.0938311

-0.542431
-0.343512
0.76666
0.612015
0.0202956

0.542431
0.343512
-0.76666
-2.63892
1.77435

-0.219504
0.0975569
0.970722
0.867877
0.0010584

0.219504
-0.0975569
-0.970722
-0.785839
0.19014

-0.278844
0.903435
0.325655
0.00838435
0.0704796

0.278844
-0.903435
-0.325655
0.347278
0.0305411

0.447429
0.44207
-0.77742
-4.47073
4.51186

-0.447429
-0.44207
0.77742
0.829632
0.00439094

0.717022
-0.652788
0.244434
0.500012
0.00910852

-0.027833
-0.124597
0.991817
0.397865
0.0559117

0.027833
0.124597
-0.991817
-2.66365
2.06706

0.645543
-0.217981
0.731955
0.638672
0.021947

-0.645543
0.217981
-0.731955
-4.08117
4.33464

0.237412
0
0.971409
0.942853
0.00243083

-0.237412
0
-0.971409
-36.1595
1013.86

0.9014
-0.309104
-0.303203
0.432968
0.0294696

-0.9014
0.309104
0.303203
-0.685592
0.260226

0.240441
-0.480914
-0.843154
-6.41132
10.7659

-0.240441
0.480914
0.843154
0.81523
0.00676991

0.544664
-0.16394
0.822475
-2.28245
1.64391

-0.544664
0.16394
-0.822475
0.273093
0.0808535

-0.250365
0.725979
0.640525
0.942652
0.000281077

0.250365
-0.725979
-0.640525
-2.24632
0.85532

0.189776
-0.305368
0.933132
0.979061
3.38848e-05

-0.337273
-0.113822
0.934501
0.930345
0.00150296

0.337273
0.113822
-0.934501
-13.4437
64.5604

-0.184946
0.933525
0.307126
-1.53458
0.541086

0.184946
-0.933525
-0.307126
0.815689
0.00287111

0.741921
-0.171841
-0.648092
-0.877208
0.226542

-0.741921
0.171841
0.648092
0.846758
0.00154586

-0.206303
0.593299
0.778097
0.841919
0.00331606

0.206303
-0.593299
-0.778097
-3.65854
2.83063

-0.778033
0.150285
0.609982
0.70553
0.00637477

0.778033
-0.150285
-0.609982
-0.704987
0.211849

-0.138121
0.765126
-0.628892
0.974538
4.50289e-05

0.134171
0.725938
-0.674546
-0.82845
0.222664

-0.134171
-0.725938
0.674546
0.812767
0.00233611

-0.445165
-0.344136
0.826679
-0.196723
0.162192

0.445165
0.344136
-0.826679
-0.318382
0.195936

-0.506177
-0.012395
0.86234
0.845161
0.00123328

0.506177
0.012395
-0.86234
-0.272437
0.0791029

-0.0383192
0.0250986
0.99895
0.916886
0.00266574

-0.282343
0.51026
0.812353
-10.156
56.4227

0.282343
-0.51026
-0.812353
-0.650295
1.23527

-0.0475687
-0.196836
0.979282
0.991441
2.62321e-05

-0.448079
-0.893994
0
0.163666
0.0846133

0.448079
0.893994
0
-1.04895
0.505069

-0.179402
-0.952538
0.245941
0.901995
0.000110334

-0.531435
-0.658386
-0.533015
-0.618607
0.189989

0.531435
0.658386
0.533015
0.678111
0.00751658

0.00849881
-0.673673
0.738981
0.843883
0.000396289

0.128196
0.665068
0.735697
-0.205839
0.0884329

0.365253
0.570822
-0.735359
-22.3311
296.302

-0.365253
-0.570822
0.735359
0.750322
0.0339423

0.839265
-0.297358
0.455207
0.392336
0.0789553
