
-0.106168
0.585961
0.803354
0.828541
0.00094852

0.0165311
0.749693
-0.661579
0.893373
0.000517874

0.705126
0.239264
-0.667496
-1.35788
0.626312

-0.705126
-0.239264
0.667496
0.436436
0.0358964

-0.536255
0.170278
-0.826702
-0.249696
0.204984

0.536255
-0.170278
0.826702
-0.742429
0.397984

-0.908997
-0.0293512
-0.415768
0.418124
0.0752357

0.908997
0.0293512
0.415768
-5.26647
8.72171

0.0419516
-0.315351
0.948047
0.938071
0.000867655

-0.0419516
0.315351
-0.948047
-9.23718
23.4782

0.221657
-0.668696
-0.709728
-0.732367
0.162733

-0.221657
0.668696
0.709728
0.901533
0.000532911

0.263687
0.381047
0.886156
-0.167299
0.0861104

-0.263687
-0.381047
-0.886156
0.613601
0.00955982

-0.0210304
0.546779
0.837013
0.531917
0.0306068

-0.45392
-0.12318
0.882487
0.858547
0.0104493

0.45392
0.12318
-0.882487
-22.9057
298.392

-0.139646
0.990201
0
0.711706
0.0160239

0.139646
-0.990201
0
-5.36839
7.66363

0.631021
0.775766
0
0.295089
0.0645771

-0.631021
-0.775766
0
-1.13206
0.520746

-0.040503
-0.310228
0.949799
0.931118
0.00182057

0.040503
0.310228
-0.949799
-17.1891
126.286

0.803546
0.595243
0
0.660511
0.02096

-0.803546
-0.595243
0
-1.12181
0.393223

0.566953
-0.102676
0.817326
0.710499
0.00116838

-0.566953
0.102676
-0.817326
0.930375
6.89324e-05

-0.272868
0.578632
0.768589
0.32511
0.034251

0.272868
-0.578632
-0.768589
-0.0442548
0.0817943

0.673775
0.738937
0
-3.64002
3.87484

-0.673775
-0.738937
0
0.304725
0.106574

-0.261243
0.602314
0.754301
0.756456
0.00417342

0.794503
-0.419346
-0.43922
-0.398544
0.167846

-0.794503
0.419346
0.43922
0.365678
0.0345389

0.430568
-0.0357996
0.901848
0.884337
0.000269449

0.366924
0.6614
0.654154
0.966982
0.000192508

-0.366924
-0.6614
-0.654154
-6.67267
9.5717

-0.0560789
0.30408
-0.950994
-1.05027
0.302336

0.0560789
-0.30408
0.950994
0.816742
0.00243854

0.436676
0.387561
-0.811856
-0.394158
0.217751

-0.606336
-0.684479
0.404777
0.995809
2.36066e-06

0.606336
0.684479
-0.404777
-4.78535
3.69742

0.146275
0.848365
-0.508803
-0.243957
0.208621

-0.146275
-0.848365
0.508803
-0.84361
0.458091

-0.943714
0.330763
0
-0.287221
0.291948

0.943714
-0.330763
0
-1.89628
1.47795

-0.429382
0.010351
0.903064
0.513313
0.00704786

-0.191415
0.201142
0.960678
0.942672
0.00044415

0.191415
-0.201142
-0.960678
-4.38542
3.63663

0.713251
0.387776
-0.583869
-0.438783
0.155294

-0.713251
-0.387776
0.583869
0.565097
0.0142095

0.407967
-0.426499
-0.807256
-0.830249
0.192972

-0.407967
0.426499
0.807256
0.893579
0.000692432

0.186161
0.609083
0.770949
0.783203
0.00473638

-0.136379
0.582453
-0.801343
0.487176
0.0192354

0.136379
-0.582453
0.801343
-0.236239
0.111705

-0.454769
0.777378
-0.434591
-1.48958
0.724805

0.454769
-0.777378
0.434591
0.432898
0.0376121

-0.457107
-0.234233
0.858014
0.865048
0.00250277

0.0689159
-0.430605
0.899906
0.928425
0.000467761

-0.0689159
0.430605
-0.899906
-2.56015
1.15188

0.415908
0.18547
-0.890293
0.13077
0.0346723

0.0931801
0.611806
-0.7855
0.87093
0.000329181

-0.0236384
-0.657803
-0.752819
-1.31041
0.937828

-0.259904
0.935152
-0.240709
-0.320234
0.111771

0.259904
-0.935152
0.240709
0.669941
0.00698785

-0.601265
0.697589
-0.389679
-0.760832
0.401877

-0.535954
0.659428
0.52717
0.842193
0.00346183

0.68638
0.564308
0.458736
-0.533419
0.239091

0.258443
-0.33517
-0.906018
-0.726716
0.22968

-0.258443
0.33517
0.906018
0.66135
0.00897138

0.512327
0.0935397
0.853681
0.914025
0.00103522

-0.512327
-0.0935397
-0.853681
-4.73403
4.60272

0.386148
0.0231689
0.922146
0.879165
0.00402259

-0.132782
-0.734028
-0.666012
0.542549
0.00569208

-0.461344
-0.887221
0
-0.0819368
0.140911

0.461344
0.887221
0
-0.638916
0.319822

0.0659201
0.273325
-0.95966
-17.5283
126.727

-0.0659201
-0.273325
0.95966
0.967152
0.000398683

-0.463786
0.30239
0.832744
0.274469
0.0492515

0.0509323
-0.124483
0.990914
-0.863089
0.423904

-0.0509323
0.124483
-0.990914
0.0145588
0.118873

-0.487606
-0.360951
0.794956
0.980043
3.38522e-05

-0.687872
0.461993
0.559817
0.738443
0.00545317

-0.354125
-0.00694316
0.935173
-0.219482
0.178593

0.354125
0.00694316
-0.935173
-0.505536
0.272016

-0.0611138
-0.6889
0.722275
0.33086
0.0314705

0.0611138
0.6889
-0.722275
0.0717911
0.0604418

0.696064
0.553254
-0.457608
0.40989
0.00658682

-0.696064
-0.553254
0.457608
0.96415
2.86295e-05

0.33584
-0.788045
-0.515943
-2.97871
2.18947

-0.33584
0.788045
0.515943
0.655821
0.0164355

-0.0784551
-0.926719
0.367472
0.751499
0.021147

0.0784551
0.926719
-0.367472
-12.6078
63.3516

0.334466
-0.515402
-0.788982
-10.5851
36.9517

-0.334466
0.515402
0.788982
0.856974
0.00563802

-0.394589
0.359026
0.845813
0.786271
0.00250302

0.394589
-0.359026
-0.845813
-0.240422
0.0816987

-0.602835
-0.797866
0
-6.16281
13.7311

0.602835
0.797866
0
0.133419
0.214052

0.956428
-0.163734
0.241735
-0.409926
0.104999

-0.956428
0.163734
-0.241735
0.840763
0.00133962

0.455064
-0.821292
-0.344087
0.547516
0.010317

-0.455064
0.821292
0.344087
0.297623
0.0248312

-0.435779
-0.892224
-0.118459
0.0255023
0.0693093

0.435779
0.892224
0.118459
0.307248
0.0350274

0.161045
-0.866333
0.472792
0.424807
0.00531663

0.1719
0.587089
-0.791061
0.572318
0.0110732

-0.1719
-0.587089
0.791061
-0.0188764
0.0628346

0.175942
0.339665
0.923944
0.53126
0.015568

-0.175942
-0.339665
-0.923944
-0.223157
0.104978

-0.100299
0.49063
-0.865576
-13.0918
64.0965

0.100299
-0.49063
0.865576
0.869713
0.00553827

0.308915
-0.560091
0.76868
0.23046
0.0441393

-0.308915
0.560091
-0.76868
0.0841842
0.0624513

0.490704
0.753884
0.436886
0.214021
0.0265578

-0.847987
-0.515599
-0.12278
0.903688
0.00114465

0.847987
0.515599
0.12278
-3.83434
2.88004

-0.924114
0.160154
0.346935
0.529398
0.0293824

0.924114
-0.160154
-0.346935
-2.29744
1.4411

-0.422723
-0.336504
-0.841469
-1.43794
0.643033

0.422723
0.336504
0.841469
0.528016
0.0242664

0.552123
0.191891
-0.81138
-1.06452
0.30369

-0.552123
-0.191891
0.81138
0.826374
0.0021505

0.81095
-0.272821
-0.517618
-0.247903
0.119127

-0.81095
0.272821
0.517618
0.435247
0.0244017

-0.426116
0.503553
0.751571
0.705624
0.00617203

-0.0415434
0.539633
-0.840875
-0.595566
0.113095

0.0415434
-0.539633
0.840875
0.947949
0.000142166

-0.454631
0.546182
-0.703559
0.927815
0.000352425

0.454631
-0.546182
0.703559
-1.44077
0.396853

0.0273469
0.836549
-0.547209
0.863853
0.00132999

0.618613
0.785696
0
-0.46546
0.121046

-0.724485
0.0583796
-0.686814
-2.03099
1.53833

0.724485
-0.0583796
0.686814
-0.0643773
0.189902

-0.626533
0.160042
0.762786
0.572731
0.0200882

0.626533
-0.160042
-0.762786
-1.6198
0.754021

0.933543
0.00900368
0.358352
-0.551569
0.259831

-0.933543
-0.00900368
-0.358352
0.0613947
0.0951148

0.121026
-0.363099
0.923857
0.453902
0.0237464

-0.121026
0.363099
-0.923857
-0.348523
0.143766

0.560452
-0.0298937
0.827647
0.834173
0.00414845

-0.560452
0.0298937
-0.827647
-4.48264
4.51635

0.967854
0.251514
0
0.459032
0.0190781

-0.648298
0.541973
-0.534767
-0.955061
0.250541

0.648298
-0.541973
0.534767
0.852861
0.00144294

0.141552
-0.973467
-0.179791
-0.714494
0.466441

-0.141552
0.973467
0.179791
-0.88166
0.561831

-0.387589
0.651826
0.651842
0.553643
0.00610246

-0.409127
0.15642
-0.89897
-23.2594
299.379

0.409127
-0.15642
0.89897
0.909066
0.00421767

-0.216468
0
-0.97629
-22.8138
298.06

0.216468
0
0.97629
0.843445
0.0129046

0.0586232
-0.480595
-0.874981
-16.7638
125.508

-0.0586232
0.480595
0.874981
0.865681
0.00723844

-0.0920375
0.639286
-0.763441
0.482947
0.0131655

0.0920375
-0.639286
0.763441
0.402897
0.0175494

-0.354418
0.730579
0.583646
0.611983
0.016281

0.354418
-0.730579
-0.583646
-1.66156
0.762783

0.537299
-0.358121
-0.763583
-5.3442
7.66355

-0.537299
0.358121
0.763583
0.70018
0.0171272

-0.799727
-0.0707334
-0.596183
-0.697442
0.506295

0.799727
0.0707334
0.596183
-1.31041
0.937933

-0.420965
-0.0273362
0.906665
-0.884877
0.263922

-0.340019
-0.068515
-0.937919
0.994613
5.53464e-06

-0.0882182
-0.899619
0.427672
0.87258
0.00140533

0.0281639
0.823363
0.566815
-0.258528
0.0479302

0.904754
0.402701
-0.138749
0.704396
0.00928981

-0.904754
-0.402701
0.138749
-1.93088
0.913134

0.747509
-0.243798
-0.617894
-1.81157
0.570924

-0.747509
0.243798
0.617894
0.941229
0.000252823

-0.320047
0.547006
0.773534
0.84181
0.00276198

0.320047
-0.547006
-0.773534
-2.77081
1.56852

-0.840548
-0.469264
-0.270684
0.508996
0.0177757

0.840548
0.469264
0.270684
-0.291177
0.122827

-0.347949
0.145003
0.926232
0.226425
0.0663407

0.347949
-0.145003
-0.926232
-0.882572
0.392868

0.142678
0.0572549
0.988112
0.977417
8.5322e-05

-0.142678
-0.0572549
-0.988112
-7.15244
11.1069

-0.560888
-0.823583
-0.0843514
-0.0311637
0.0487387

0.560888
0.823583
0.0843514
0.800023
0.00184447

-0.0696425
0.368672
0.926947
0.922206
0.00188797

0.0696425
-0.368672
-0.926947
-13.3887
64.5007

-0.681245
-0.692269
0.238052
0.347958
0.0114497

0.681245
0.692269
-0.238052
0.899027
0.000277531

0.97767
0.210144
0
0.941792
0.000167501

-0.97767
-0.210144
0
-0.539542
0.104591

-0.601683
-0.265037
0.75348
0.587133
0.0244815

0.601683
0.265037
-0.75348
-2.88279
2.15389

-0.936193
0.162707
0.311558
0.124941
0.0932938

0.936193
-0.162707
-0.311558
-1.02638
0.50013

-0.231228
0.184023
-0.955337
-4.61101
8.94395

0.231228
-0.184023
0.955337
-0.572627
0.703219

0.796595
-0.109538
0.594507
0.54617
0.00981802

-0.796595
0.109538
-0.594507
0.366136
0.0191466

-0.05989
-0.227897
0.971842
0.793685
0.00389255

0.05989
0.227897
-0.971842
-1.62244
0.611136

-0.655105
-0.671177
0.346929
0.676894
0.00863776

0.655105
0.671177
-0.346929
-0.962122
0.317806

-0.371994
-0.76899
-0.51988
-0.318931
0.140712

0.371994
0.76899
0.51988
0.402478
0.0288859

-0.523215
0.326358
0.787234
0.792734
0.00185184

-0.890006
0.14141
0.433465
0.943542
0.00120614

0.890006
-0.14141
-0.433465
-17.2922
126.445

-0.264592
-0.73631
0.622766
-24.0612
300.941

0.264592
0.73631
-0.622766
0.98136
0.000166561

-0.0582704
0.424786
0.903416
0.152423
0.0466787

0.0582704
-0.424786
-0.903416
0.373642
0.0255738

-0.454049
-0.47391
-0.754485
-1.86918
0.642042

0.454049
0.47391
0.754485
0.916719
0.000569118

-0.552803
0.221985
-0.803201
0.709648
0.0075512

0.220197
-0.045472
-0.974395
-6.94323
11.041

-0.220197
0.045472
0.974395
0.948708
0.000463663

-0.132597
0.23553
-0.962779
-0.662677
0.151271

0.61692
0.011863
0.786936
0.82919
0.000762493

-0.054657
-0.917972
-0.392862
0.938628
0.000107822

0.054657
0.917972
0.392862
0.192792
0.0177252

-0.753112
0.550982
-0.359502
-16.4696
124.929

0.753112
-0.550982
0.359502
0.806432
0.015353

0.282975
0.625879
-0.726774
0.731604
0.00226263

-0.282975
-0.625879
0.726774
0.544956
0.00649246

-0.397791
0.106842
-0.911234
-10.9946
37.3281

0.397791
-0.106842
0.911234
0.935781
0.00107362

-0.353572
-0.452345
0.818762
0.437091
0.0140652

-0.743478
-0.668761
0
0.707206
0.00340221

0.743478
0.668761
0
0.627933
0.00513258

-0.275686
-0.181816
0.943896
0.40348
0.0457032

0.627133
0.376438
0.681908
0.766441
0.00520021

-0.627133
-0.376438
-0.681908
-1.7144
0.694177

0.49197
-0.488753
-0.720476
-0.865796
0.225675

-0.49197
0.488753
0.720476
0.83919
0.00172312

0.131403
0.632737
-0.763137
-2.0003
0.823923

-0.131403
-0.632737
0.763137
0.847019
0.00219386

-0.0399237
0.0813205
0.995888
0.981054
3.91525e-05

-0.282698
0.833481
-0.474753
-0.653503
0.148237

0.282698
-0.833481
0.474753
0.88614
0.000717524

-0.53898
0.255138
-0.802748
-0.0873508
0.1169

0.604807
0.678283
-0.417302
0.204802
0.0591987

-0.604807
-0.678283
0.417302
-0.369855
0.17557

-0.185486
-0.867505
-0.461551
-0.697811
0.261842

0.185486
0.867505
0.461551
0.451034
0.0273869

0.119214
-0.413414
0.902706
0.675834
0.00469978

-0.119214
0.413414
-0.902706
0.262887
0.0242709

0.663886
0.147366
-0.73317
0.992214
1.1347e-05

0.0939284
0.886061
-0.453952
0.458362
0.0280345

-0.0939284
-0.886061
0.453952
-0.857481
0.329561

-0.484495
-0.603387
-0.633394
-0.14931
0.0847577

0.484495
0.603387
0.633394
0.586247
0.011001

0.545242
-0.76551
-0.341623
0.28163
0.0253396

-0.545242
0.76551
0.341623
0.582335
0.00856877

-0.676313
0.00229035
0.736611
0.280934
0.0112402

0.676313
-0.00229035
-0.736611
0.965022
2.72871e-05

-0.310395
0.532372
0.78755
0.87358
0.000780151

-0.130919
-0.587798
0.798345
0.924724
0.00285839

0.130919
0.587798
-0.798345
-23.3897
299.723

0.368102
-0.199752
0.908075
0.356963
0.0437285

-0.368102
0.199752
-0.908075
-0.709794
0.285927

0.329537
0.575498
0.74847
0.678193
0.0241381

-0.329537
-0.575498
-0.74847
-7.04519
15.0822

-0.361803
-0.622586
-0.693892
0.97479
6.28943e-05

-0.44177
-0.897129
0
0.911843
0.0013491

0.163201
0.155041
0.974334
0.959857
0.000280204

0.440648
0.148296
0.885346
-0.174399
0.22701

-0.440648
-0.148296
-0.885346
-1.74702
1.24027

-0.489036
-0.742963
-0.457001
0.546938
0.0270462

0.489036
0.742963
0.457001
-2.31722
1.44722

-0.920026
0.216817
0.326409
0.498482
0.0566927

0.920026
-0.216817
-0.326409
-5.74263
10.246

-0.817987
-0.552226
-0.161069
0.41019
0.032196

0.817987
0.552226
0.161069
-0.670594
0.25821

-0.232248
0.312275
-0.921165
0.590587
0.00319463

0.232248
-0.312275
0.921165
0.912475
0.000154945

0.602206
-0.733929
0.31416
0.849545
0.00168004

-0.602206
0.733929
-0.31416
-1.27541
0.382318

0.80228
-0.3375
0.492383
0.841518
0.0018758

-0.470521
0.839573
-0.271526
-0.00283337
0.0318208

0.470521
-0.839573
0.271526
0.941179
0.000111975

0.278328
-0.525285
-0.80412
0.76205
0.0041326

0.921203
0.012823
-0.388871
-0.106892
0.0675354

0.408395
0.632805
0.657853
0.751711
0.00771257

-0.620898
-0.672502
-0.402775
0.858882
0.0011322

0.288449
-0.579815
-0.761979
-0.754602
0.269279

-0.288449
0.579815
0.761979
0.529459
0.0194885

-0.478296
0.809985
0.339349
0.115443
0.0464001

0.196592
-0.701818
-0.684692
-1.20183
0.489668

-0.196592
0.701818
0.684692
0.530967
0.0223257

-0.363967
0.060715
0.929431
0.916555
0.000312244

0.322413
0.841363
0.433773
0.993586
4.50009e-06

-0.168766
-0.83139
0.529442
0.493816
0.0217001

0.168766
0.83139
-0.529442
-0.59334
0.214946

-0.327367
0.887478
-0.324368
0.343655
0.0229673

0.327367
-0.887478
0.324368
0.44876
0.0162106

0.654851
-0.755758
0
-0.328756
0.203074

-0.654851
0.755758
0
-0.167847
0.159624

-0.941929
-0.335813
0
-3.08615
1.62197

0.941929
0.335813
0
0.948887
0.000281556

0.601534
0.063259
0.796338
0.666016
0.00763799

-0.601534
-0.063259
-0.796338
-0.449583
0.143676

-0.294277
-0.65947
0.691737
-0.239045
0.331309

0.294277
0.65947
-0.691737
-3.16457
3.7425

-0.21625
-0.0154426
0.976216
0.943979
0.00081561

0.340826
0.45425
0.823101
-2.70235
1.16695

-0.340826
-0.45425
-0.823101
0.964488
0.000121957

-0.560676
-0.746038
-0.359264
0.978296
2.62973e-05

0.560676
0.746038
0.359264
-1.26947
0.268959

0.33528
-0.140437
0.931593
0.896656
0.000773495

-0.33528
0.140437
-0.931593
-1.46574
0.43846

0.598434
-0.215618
-0.771613
-4.83305
5.79245

-0.598434
0.215618
0.771613
0.757957
0.009979

-0.115292
0.577276
0.808369
0.861625
0.00144699

0.598587
0.267151
0.755198
0.492378
0.0243593

-0.598587
-0.267151
-0.755198
-0.882873
0.333357

-0.169407
0.743183
0.647287
0.837434
0.00428697

0.169407
-0.743183
-0.647287
-5.03108
5.88644

-0.289303
0.591593
0.752543
0.952885
0.000833588

0.289303
-0.591593
-0.752543
-17.3779
126.553

-0.521861
-0.348256
-0.778703
-1.14747
0.438695

0.521861
0.348256
0.778703
0.586897
0.0162389

0.551251
0.62097
0.557242
0.204048
0.0621468

-0.551251
-0.62097
-0.557242
-0.486661
0.216559

0.798859
0.601518
0
-6.5653
10.3141

-0.798859
-0.601518
0
0.863491
0.00687843

0.20262
0.979257
0
0.400818
0.0302991

-0.20262
-0.979257
0
-0.0817021
0.0897673

0.63851
0.0193306
-0.769371
0.608001
0.0101093

-0.63851
-0.0193306
0.769371
-0.235045
0.100109

0.315506
0.612124
-0.725093
0.6701
0.00562964

-0.315506
-0.612124
0.725093
0.0905178
0.0422718

-0.198245
0.00547694
0.980137
-0.200604
0.0882359

0.447078
-0.549413
-0.70588
0.364396
0.029833

-0.447078
0.549413
0.70588
-0.0621171
0.0830872

-0.38324
-0.757298
0.528798
0.673086
0.0139404

0.38324
0.757298
-0.528798
-2.72379
1.80212

0.119612
-0.427712
0.895966
0.861855
0.00263073

-0.083756
-0.750931
-0.655048
-1.2726
0.349611

0.083756
0.750931
0.655048
0.896176
0.000755724

0.824857
-0.441164
0.353532
0.854561
0.00155477

-0.407675
0.0201411
0.912905
0.382558
0.0176121

0.314322
0.571408
0.758086
0.811198
0.00482383

0.208089
-0.12719
0.969805
0.227667
0.235972

-0.208089
0.12719
-0.969805
-11.3574
60.4052

0.0128961
0.725797
-0.687788
0.016701
0.125733

-0.0128961
-0.725797
0.687788
-1.08037
0.562134

-0.846102
-0.0798739
-0.527002
0.5707
0.00271783

0.0399083
-0.649007
-0.759735
-1.44573
0.528898

-0.0399083
0.649007
0.759735
0.756104
0.00526839

-0.965255
0.0921535
0.24452
0.44565
0.0100208

-0.102786
-0.0322642
-0.99418
-3.01051
1.61313

0.102786
0.0322642
0.99418
0.929258
0.000504545

0.239727
-0.864234
0.442301
0.54604
0.0174533

-0.239727
0.864234
-0.442301
-0.696806
0.243284

-0.343886
0.774646
-0.530722
-1.86122
1.23576

0.343886
-0.774646
0.530722
0.107026
0.120556

0.855338
0.51807
0
0.816021
0.00214399

-0.855338
-0.51807
0
-0.121881
0.0609423

0.291002
0.19022
0.937621
0.959043
0.000104834

-0.291002
-0.19022
-0.937621
-0.925827
0.184058

-0.679101
0.278026
0.679355
0.783399
0.00644616

0.679101
-0.278026
-0.679355
-3.52652
2.78974

-0.414023
-0.463714
0.783297
0.879557
0.000854486

0.414023
0.463714
-0.783297
-0.693723
0.160663

0.970734
0.240158
0
-1.16007
0.482262

-0.970734
-0.240158
0
0.481798
0.0277621

-0.89843
-0.133378
-0.41837
0.808224
0.00400501

0.233082
-0.150746
0.960702
0.891648
0.000760427

-0.233082
0.150746
-0.960702
-1.09771
0.282598

0.27896
-0.321097
-0.905029
0.00421917
0.0342727

-0.27896
0.321097
0.905029
0.914698
0.000255846

0.529496
0.290381
0.797065
-1.00315
0.21769

-0.529496
-0.290381
-0.797065
0.943216
0.000180299

-0.786146
0.310612
0.534317
0.547516
0.0103528

0.786146
-0.310612
-0.534317
0.297623
0.0248778

0.63584
-0.591165
-0.496217
-0.551569
0.259817

-0.63584
0.591165
0.496217
0.0613947
0.0950944

0.576607
-0.0366643
0.816199
0.876775
0.00205862

-0.576607
0.0366643
-0.816199
-4.14483
3.57905

-0.333914
-0.580138
-0.742927
-6.77047
14.7991

0.333914
0.580138
0.742927
0.543333
0.0511302

0.398277
-0.282813
0.872578
-0.15979
0.159006

-0.398277
0.282813
-0.872578
-0.5289
0.276093

-0.271959
0.602977
-0.749971
-1.03975
0.256785

0.271959
-0.602977
0.749971
0.89999
0.00065008

-0.502148
0.670567
0.546065
0.586985
0.01233

0.502148
-0.670567
-0.546065
-0.388188
0.138694

-0.380267
-0.496619
0.780235
0.827604
0.0064837

0.571365
-0.820696
0
-1.11228
0.518819

-0.823915
0.566713
0
-1.9122
0.985291

0.823915
-0.566713
0
0.543706
0.0349801

-0.682619
-0.0575293
0.728506
0.705322
0.00514331

0.682619
0.0575293
-0.728506
-0.235508
0.0900938

0.547664
-0.524264
-0.652082
0.669394
0.00844286

0.709237
-0.122113
-0.694314
-0.136429
0.155634

-0.709237
0.122113
0.694314
-0.615555
0.314329

-0.747395
0.499977
0.437521
0.374679
0.0163128

0.747395
-0.499977
-0.437521
0.657959
0.00489882

0.515483
0.23632
0.823669
0.851806
0.00612275

-0.515483
-0.23632
-0.823669
-10.5632
36.9072

0.785092
0.619379
0
0.636327
0.0056025

-0.785092
-0.619379
0
0.589944
0.00693129

0.18851
0.578328
0.793726
0.489022
0.016498

-0.732015
-0.29773
0.612789
0.845145
0.00175855

0.732015
0.29773
-0.612789
-1.17764
0.341215

-0.482345
0.156983
-0.8618
0.614325
0.00994013

-0.0318434
0.432429
0.901105
0.857633
0.00436253

0.0318434
-0.432429
-0.901105
-7.55088
15.4866

-0.370684
0.679196
-0.633471
0.203141
0.0517979

0.370684
-0.679196
0.633471
-0.0609013
0.0917904

0.434993
-0.636695
0.636711
0.469994
0.0365767

-0.434993
0.636695
-0.636711
-2.02464
1.18768

-0.319768
0.094746
0.942747
0.938667
0.00143556

-0.49315
0.717298
0.492227
-19.9175
282.128

0.49315
-0.717298
-0.492227
-0.113947
0.800278

-0.324229
0.45889
0.827221
0.729952
0.0167062

0.324229
-0.45889
-0.827221
-7.16896
15.187

-0.890904
0.454191
0
0.913178
0.00185852

0.535362
0.483305
0.692678
0.551356
0.00947947

-0.535362
-0.483305
-0.692678
0.376256
0.0183049

0.434598
0.132311
0.890853
-0.0133677
0.0460616

-0.434598
-0.132311
-0.890853
0.805577
0.00169707

0.976856
-0.2139
0
0.812105
0.00333755

-0.976856
0.2139
0
-1.93516
0.814173

0.891551
-0.177905
0.416518
0.192484
0.0292072

-0.891551
0.177905
-0.416518
0.715022
0.00365716

0.303207
-0.0177005
0.95276
0.969284
0.000161164

-0.303207
0.0177005
-0.95276
-7.08325
11.0875

-0.156957
-0.187622
0.96962
0.967799
0.000277564

0.156957
0.187622
-0.96962
-11.2444
37.4587

0.468248
-0.138854
-0.872619
0.445162
0.116148

-0.468248
0.138854
0.872619
-11.7835
61.525

-0.238871
0.214172
-0.947138
-0.917553
0.170716

0.238871
-0.214172
0.947138
0.972931
4.86817e-05

-0.0498192
-0.28832
0.956237
0.504486
0.0257117

0.0498192
0.28832
-0.956237
-0.811036
0.29979

-0.313821
0.0204431
0.949262
0.92609
0.000278315

0.518331
0.406447
0.752418
0.614052
0.010793

-0.518331
-0.406447
-0.752418
-0.456834
0.153431

0.24389
-0.838016
0.488105
-0.0420418
0.105875

-0.24389
0.838016
-0.488105
-0.168245
0.133071

0.161994
-0.964847
0.206949
0.691146
0.00367705

0.373268
-0.147577
-0.91591
0.223922
0.0204112

-0.373268
0.147577
0.91591
0.861998
0.000703701

0.500283
-0.322958
0.803377
0.793942
0.00337998

-0.500283
0.322958
-0.803377
-1.18892
0.373084

-0.903271
-0.429071
0
-0.303948
0.370359

0.903271
0.429071
0
-2.73438
2.72684

0.0911824
0.0366096
0.995161
0.391973
0.0266313

-0.0911824
-0.0366096
-0.995161
-0.0426726
0.0778625

0.643544
0.696031
-0.318421
-0.165379
0.0610187

-0.643544
-0.696031
0.318421
0.855179
0.000950181

-0.79313
-0.609052
0
0.941271
4.69464e-05

0.79313
0.609052
0
0.936226
5.26393e-05

0.595106
0.289666
-0.749628
-6.17728
10.611

-0.595106
-0.289666
0.749628
0.725256
0.0155714

0.470428
-0.526603
0.708086
0.708771
0.0295107

-0.470428
0.526603
-0.708086
-12.4664
63.0898

0.538165
-0.730086
0.421132
0.852925
0.00183758

-0.538165
0.730086
-0.421132
-1.72493
0.625592

0.238763
0.608472
0.756806
0.648937
0.022262

-0.238763
-0.608472
-0.756806
-4.61701
5.66952

0.275685
-0.244034
-0.929755
-4.80823
4.62341

-0.275685
0.244034
0.929755
0.932117
0.000631968

-0.429315
-0.903155
0
0.434051
0.0147955

0.429315
0.903155
0
0.518813
0.0106984

-0.426641
0.600429
0.676359
0.601077
0.0070159

-0.719684
-0.113558
-0.684952
-0.370763
0.122046

0.719684
0.113558
0.684952
0.680581
0.00667227

-0.154624
0.416168
-0.896044
-1.64188
0.451822

0.154624
-0.416168
0.896044
0.959115
0.000128007

-0.73339
0.605193
-0.309647
0.992999
1.89917e-06

0.73339
-0.605193
0.309647
-0.41486
0.0608511

-0.66836
-0.743838
0
-0.59682
0.235129

0.66836
0.743838
0
0.401445
0.0378983

-0.475317
-0.554573
-0.683024
-7.19698
15.2152

0.475317
0.554573
0.683024
0.740934
0.0152698

0.0826983
-0.961028
-0.263792
-0.474246
0.365926

-0.0826983
0.961028
0.263792
-1.40701
0.975396

-0.295739
-0.768128
-0.567906
0.339331
0.0209431

-0.460703
-0.887554
0
-1.13312
0.632379

0.460703
0.887554
0
-0.118559
0.178907

0.772492
0.0149455
0.634848
0.502505
0.0141351

-0.772492
-0.0149455
-0.634848
0.181056
0.0382883

-0.0706875
0.21821
0.973338
0.984693
9.32142e-05

0.757616
-0.32727
-0.564723
0.860368
0.00125915

-0.757616
0.32727
0.564723
-0.898662
0.22814

-0.559473
-0.828849
0
0.451034
0.0285155

0.559473
0.828849
0
-0.697811
0.262569

-0.111648
-0.645463
0.755587
0.730103
0.00643129

0.622025
0.448362
-0.641916
0.362434
0.021844

-0.622025
-0.448362
0.641916
0.419928
0.0180824

0.183774
-0.840472
0.50974
-2.02876
1.3492

-0.183774
0.840472
-0.50974
0.242802
0.0844169

-0.469313
0.215173
0.856415
0.995264
4.60838e-06

-0.335996
-0.683939
-0.64756
-0.494104
0.189978

0.335996
0.683939
0.64756
0.434184
0.0272554

-0.065827
0.436074
0.8975
0.802527
0.00771203

0.065827
-0.436074
-0.8975
-6.37475
10.7507

-0.490269
-0.342349
0.801519
0.570925
0.0154795

0.490269
0.342349
-0.801519
-0.71631
0.245649

-0.312462
0.421293
0.851398
0.642778
0.0106021

0.312462
-0.421293
-0.851398
-0.850246
0.280996

-0.26481
-0.371706
0.889781
0.946004
0.00015274

0.26481
0.371706
-0.889781
-0.549631
0.104986

0.187862
-0.551395
0.812817
0.942834
0.000227631

-0.187862
0.551395
-0.812817
-1.38881
0.358055

-0.774473
0.187245
-0.60426
-1.08276
0.259615

0.774473
-0.187245
0.60426
0.919823
0.000401969

-0.381923
-0.924194
0
0.400911
0.0279472

0.361561
0.932348
0
-2.21807
0.852833

-0.361561
-0.932348
0
0.934325
0.00035592

0.480478
-0.180178
-0.858299
-12.6506
63.4266

-0.480478
0.180178
0.858299
0.763667
0.0190376

0.340373
-0.278316
0.898157
0.943894
0.000371639

-0.340373
0.278316
-0.898157
-3.9877
2.91294

0.780863
0.391435
-0.48686
-0.920602
0.288985

-0.780863
-0.391435
0.48686
0.712849
0.00649528

0.661631
0.591124
-0.46132
0.951362
0.000156936

0.713804
-0.308131
-0.628919
-0.775489
0.271852

-0.713804
0.308131
0.628919
0.556128
0.0170109

0.560022
0.356912
0.747655
-0.622555
0.270949

-0.560022
-0.356912
-0.747655
0.204946
0.0651941

-0.665866
0.00216398
-0.746068
0.434662
0.03188

0.665866
-0.00216398
0.746068
-0.926832
0.36875

0.224486
0.46434
-0.856735
-0.456266
0.263228

-0.224486
-0.46434
0.856735
-0.354095
0.22763

0.743353
-0.115866
-0.658788
0.363456
0.0309896

-0.743353
0.115866
0.658788
-0.131628
0.0977078

0.133057
0
-0.991108
-1.81798
0.887875

-0.133057
0
0.991108
0.613443
0.0169078

0.243852
-0.253016
0.936226
0.936946
0.000108649

0.222675
0.0274085
0.974508
0.949481
7.43215e-05

0.653764
0.756698
0
-0.215219
0.240575

-0.653764
-0.756698
0
-1.53545
1.01602

0.73067
-0.558942
-0.392052
0.705094
0.00406495

-0.73067
0.558942
0.392052
0.164703
0.0323564

0.235181
0.453572
-0.859629
-13.1806
64.2155

-0.235181
-0.453572
0.859629
0.886953
0.00413176

-0.910587
0.397421
0.113525
0.0784837
0.0443626

0.910587
-0.397421
-0.113525
0.655118
0.00621543

0.702843
-0.367332
-0.609162
-0.73703
0.200249

-0.702843
0.367332
0.609162
0.790402
0.00295752

0.168729
-0.918634
0.357269
0.350593
0.0066876

-0.140125
0.0496927
-0.988886
-1.66069
0.951523

-0.8216
0.151859
0.549465
0.915909
4.75456e-05

-0.0414729
0.227145
0.972978
0.821126
0.00625917

0.0414729
-0.227145
-0.972978
-6.42879
10.785

0.852251
-0.173586
-0.493493
-0.145525
0.110056

-0.852251
0.173586
0.493493
0.225568
0.0503378

-0.844885
-0.300314
0.442696
0.204256
0.0943138

0.844885
0.300314
-0.442696
-1.99848
1.33816

0.203959
0.48506
0.850363
0.437537
0.0251899

-0.790408
-0.612581
0
0.996099
4.99602e-05

0.790408
0.612581
0
-37.2304
1009.86

-0.0221933
-0.205584
0.978388
0.961533
0.000256777

-0.325733
0.0710625
-0.942788
-3.09573
3.68929

0.325733
-0.0710625
0.942788
-0.337378
0.39348

-0.380478
-0.620355
-0.685854
-23.1014
298.907

0.380478
0.620355
0.685854
0.887959
0.00649176

0.92522
0.150096
-0.348482
-2.48423
2.30839

-0.92522
-0.150096
0.348482
-0.185602
0.267342

0.735858
0.677136
0
-1.80368
0.877982

-0.735858
-0.677136
0
0.600756
0.0200293

-0.564447
0.446388
-0.694362
0.0923396
0.078623

0.564447
-0.446388
0.694362
-0.267728
0.153227

0.349379
-0.839884
-0.415365
-0.317047
0.0946927

-0.349379
0.839884
0.415365
0.793229
0.00235238

-0.403293
-0.11406
0.907935
0.400913
0.0281202

0.403293
0.11406
-0.907935
-0.229248
0.117738

0.692619
-0.334083
0.639271
0.50728
0.0148252

-0.692619
0.334083
-0.639271
0.0684515
0.052984

0.851148
-0.0909256
0.516991
0.804373
0.0128013

-0.851148
0.0909256
-0.516991
-12.8035
63.695

-0.691322
-0.00803781
0.722502
0.74895
0.00878343

0.857336
-0.43318
0.278082
-2.99371
1.38208

-0.857336
0.43318
-0.278082
0.977905
4.33427e-05

0.251928
-0.0835721
0.964131
0.96754
0.000513299

-0.34134
0.93994
0
0.863293
0.00148454

0.34134
-0.93994
0
-1.50425
0.486761

0.527018
-0.425217
0.735828
0.587053
0.0135183

-0.527018
0.425217
-0.735828
-0.600566
0.20156

-0.0561728
0.722102
-0.689502
-2.23447
1.09723

0.0561728
-0.722102
0.689502
0.786771
0.00478301

-0.113499
-0.656096
0.746093
0.8249
0.00469324

0.113499
0.656096
-0.746093
-4.45851
4.50473

-0.105488
0.416096
0.903181
0.912092
0.00177966

0.105488
-0.416096
-0.903181
-9.09154
23.389

-0.885471
-0.464694
0
0.984902
0.000795219

-0.177226
0.559795
-0.809457
0.508169
0.00696121

0.177226
-0.559795
0.809457
0.801205
0.00113824

0.916923
0.399065
0
0.881192
0.0010525

0.483781
0.425654
-0.764705
0.942077
8.89693e-05

-0.483781
-0.425654
0.764705
0.437821
0.00662782

-0.54548
-0.76789
0.335853
0.955404
7.10611e-05

0.54548
0.76789
-0.335853
-0.199016
0.0492235

0.537101
-0.547884
0.641362
-1.59741
0.496247

-0.537101
0.547884
-0.641362
0.906831
0.000661133

0.18768
0.381573
-0.905085
-17.6063
126.728

-0.18768
-0.381573
0.905085
0.973505
0.000270249

-0.15517
-0.0347274
0.987277
0.989621
7.61233e-05

0.15517
0.0347274
-0.987277
-36.9889
1016.53

0.0312746
0.557118
0.829844
0.746962
0.0046416

0.0642984
-0.619072
0.782698
0.36179
0.0227496

-0.0642984
0.619072
-0.782698
0.38221
0.0213244

-0.640931
-0.767598
0
-0.547305
0.14201

0.640931
0.767598
0
0.811476
0.00215495

-0.420976
-0.0254559
-0.906714
-0.760827
0.401961

0.420976
0.0254559
0.906714
-0.205994
0.188748

-0.450329
-0.022426
-0.892581
-0.307991
0.105165

0.450329
0.022426
0.892581
0.703403
0.0055194

0.367809
-0.236745
-0.89926
-0.341058
0.151992

-0.367809
0.236745
0.89926
0.35433
0.0353987

-0.25413
-0.388162
0.88586
0.912342
0.00111794

0.25413
0.388162
-0.88586
-4.72758
4.59575

0.512273
0.853169
0.0983786
0.689075
0.0131461

-0.489655
0.715062
-0.498923
0.222299
0.0246587

0.489655
-0.715062
0.498923
0.763268
0.00230997

-0.690103
-0.715782
-0.106834
-0.0352941
0.0510597

0.690103
0.715782
0.106834
0.778294
0.00236131

0.595065
0.7227
-0.351571
0.084323
0.0459924

-0.991575
0.129537
0
-1.4475
0.39737

0.991575
-0.129537
0
0.930303
0.000325697

-0.128029
0.479784
0.867995
0.908055
0.00332148

0.128029
-0.479784
-0.867995
-17.0212
125.977

-0.230448
-0.56926
-0.7892
0.262411
0.0252748

0.230448
0.56926
0.7892
0.649964
0.00576241

0.166959
-0.949873
0.264322
0.817223
0.00175154

-0.166959
0.949873
-0.264322
-0.307313
0.0892617

0.313724
0.0685477
0.947037
0.944564
0.000940746

-0.240254
-0.646137
0.72442
0.804373
0.0128083

-0.347044
-0.122206
-0.929853
-4.67146
4.57819

0.347044
0.122206
0.929853
0.896896
0.00156667

-0.893718
-0.238626
-0.379902
0.317406
0.0267278

0.893718
0.238626
0.379902
0.382896
0.0218465

-0.889669
-0.196565
0.41213
0.475913
0.00658977

0.889669
0.196565
-0.41213
0.889541
0.000294997

-0.558656
-0.3724
-0.741095
-0.433412
0.19567

0.558656
0.3724
0.741095
0.219098
0.0581925

-0.800399
0.599468
0
0.686755
0.0149579

0.800399
-0.599468
0
-1.24985
0.447746

-0.09037
-0.714585
0.693687
0.681258
0.0157107

0.09037
0.714585
-0.693687
-3.71513
3.41881

-0.219174
0.281647
0.934151
0.945737
0.000218043

0.232599
0.409364
-0.882224
-0.367057
0.0922601

-0.232599
-0.409364
0.882224
0.865326
0.000953254

0.278693
0.442571
0.852327
0.89169
0.00156915

0.757623
-0.652692
0
0.180852
0.116863

-0.757623
0.652692
0
-2.76138
2.45919

0.187962
-0.397112
-0.898317
-0.528952
0.170046

-0.187962
0.397112
0.898317
0.639293
0.00949838

-0.338929
-0.940812
0
-1.38594
0.865026

0.338929
0.940812
0
-0.181519
0.212232

-0.0455683
-0.4639
0.884715
0.718254
0.0182054

0.0455683
0.4639
-0.884715
-7.13984
15.1683

0.320265
-0.412881
0.852619
0.0805531
0.261053

-0.320265
0.412881
-0.852619
-7.27506
21.116

0.697267
-0.306341
-0.648054
0.0192552
0.105174

-0.697267
0.306341
0.648054
-0.532414
0.256767

-0.439163
0.702847
-0.559591
0.883878
0.00252231

0.439163
-0.702847
0.559591
-6.63965
10.9068

-0.382958
-0.543498
-0.746962
-5.43615
7.71744

0.382958
0.543498
0.746962
0.742554
0.0124324

-0.0957504
0.98717
0.127779
-0.778062
0.272165

0.0957504
-0.98717
-0.127779
0.559335
0.0167228

-0.329804
0.289027
-0.898717
-5.13351
5.93006

0.329804
-0.289027
0.898717
0.871511
0.00260303

0.877228
-0.255697
-0.406312
0.981078
1.05925e-05

0.378838
0.415533
0.826931
0.786522
0.00237132

-0.378838
-0.415533
-0.826931
-0.148183
0.0664913

0.655406
-0.0764555
0.751397
0.637864
0.00986971

-0.655406
0.0764555
-0.751397
-0.583225
0.186799

0.0752466
0.240823
-0.967648
0.725256
0.015687

-0.0752466
-0.240823
0.967648
-6.17728
10.602

-0.0951457
0.297875
-0.949851
-0.470352
0.140201

0.0951457
-0.297875
0.949851
0.741049
0.00626044

0.227589
-0.302335
-0.925633
-0.0926069
0.0946563

-0.227589
0.302335
0.925633
0.278706
0.0413807

0.538468
0.0830333
-0.838545
-7.75615
15.6283

-0.538468
-0.0830333
0.838545
0.907891
0.00173375

-0.342796
0.175622
-0.922848
-5.1436
5.93403

0.342796
-0.175622
0.922848
0.87462
0.00247248

0.667107
0.111048
0.736638
0.875977
0.000836675

-0.667107
-0.111048
-0.736638
-0.588591
0.135711

-0.0816695
-0.213999
-0.973414
-12.1063
62.3285

0.0816695
0.213999
0.973414
0.582069
0.063392

0.403064
0.700709
-0.588683
-12.563
63.2711

-0.403064
-0.700709
0.588683
0.738368
0.0235574

0.178464
0.892629
-0.413961
-1.8055
1.11858

-0.178464
-0.892629
0.413961
0.213681
0.0879303

-0.28995
-0.957042
0
0.670299
0.00530029

-0.157255
-0.494115
-0.855056
0.555814
0.0116805

-0.0338272
0.328614
-0.943858
-0.96149
0.585209

0.0338272
-0.328614
0.943858
-0.501763
0.343042

-0.339144
0.840135
-0.423268
-0.256931
0.119951

0.339144
-0.840135
0.423268
0.451298
0.0228928

0.292121
0.0340199
-0.955776
-2.19715
1.08943

-0.292121
-0.0340199
0.955776
0.764456
0.00594369

-0.028336
0.299513
0.953671
0.370812
0.0121044

0.028336
-0.299513
-0.953671
0.844605
0.000754637

0.489329
0.697358
0.523687
0.504416
0.0063481

-0.489329
-0.697358
-0.523687
0.853872
0.000569226

0.639185
0.4832
-0.598298
-1.02866
0.384612

-0.639185
-0.4832
0.598298
0.562702
0.0179467

0.742063
0.489557
-0.457905
-6.77047
14.7971

-0.742063
-0.489557
0.457905
0.543333
0.0511622

0.375816
-0.458598
-0.805264
0.115443
0.0464003

0.660193
0.23897
0.712067
0.95054
0.000112512

-0.660193
-0.23897
-0.712067
-0.414494
0.0799

0.201339
0.403448
0.892576
0.599769
0.011204

-0.201339
-0.403448
-0.892576
-0.351842
0.127778

-0.558871
0.212388
0.801595
0.762277
0.00639499

0.558871
-0.212388
-0.801595
-2.3927
1.2848

-0.251422
-0.779116
0.574252
0.0143155
0.0772862

0.251422
0.779116
-0.574252
0.18176
0.0532865

0.600923
-0.588587
0.540793
0.327721
0.0327624

-0.600923
0.588587
-0.540793
0.0168538
0.0699854

0.280891
0.277043
-0.918884
-3.16074
4.49493

-0.280891
-0.277043
0.918884
-0.966613
1.00474

0.390207
0.656715
0.64534
-0.0832442
0.0695079

-0.390207
-0.656715
-0.64534
0.630028
0.00812364

-0.300078
0.0467651
0.952768
0.979903
0.000146932

0.300078
-0.0467651
-0.952768
-17.6955
126.881

-0.315383
-0.636573
0.703781
0.743807
0.00196977

0.347581
-0.929771
0.121296
0.188486
0.066454

-0.347581
0.929771
-0.121296
-0.543904
0.240527

0.387378
0.49037
0.780689
0.417385
0.025255

-0.387378
-0.49037
-0.780689
-0.158715
0.0997865

-0.492276
0.114196
-0.862916
0.286798
0.0213778

-0.774672
0.573925
-0.265508
-0.184373
0.0869705

0.774672
-0.573925
0.265508
0.638289
0.00812265

0.161184
0.521165
0.838097
0.810457
0.00370425

0.383035
-0.129647
-0.914591
0.852394
0.00163333

-0.315029
0.0155867
0.948954
0.732821
0.0100668

0.315029
-0.0155867
-0.948954
-3.4289
2.75667

-0.562658
0.261646
-0.784192
-1.77673
0.567559

0.562658
-0.261646
0.784192
0.929854
0.000387957

0.334058
0.606956
-0.721117
0.369523
0.0653216

0.456048
0.889955
0
0.859575
0.00475825

-0.456048
-0.889955
0
-6.55175
10.6982

0.156095
0.438857
-0.884895
0.306251
0.0178617

-0.156095
-0.438857
0.884895
0.77618
0.0018637

-0.0598366
0.953428
-0.295627
-0.826166
0.416127

0.0598366
-0.953428
0.295627
-0.0609038
0.140828

-0.241311
0.970448
0
0.574656
0.0215945

0.241311
-0.970448
0
-1.94561
1.03077

0.000463215
0.528933
-0.848663
0.472305
0.00741273

-0.000463215
-0.528933
0.848663
0.854781
0.000566541

-0.24896
-0.632199
0.733719
-0.0548214
0.0963335

0.24896
0.632199
-0.733719
0.0938895
0.0711278

-0.964008
0.211127
0.161597
0.0492046
0.0645927

-0.315114
-0.672521
-0.669641
-3.39638
3.2679

0.315114
0.672521
0.669641
0.457275
0.0498029

-0.829563
-0.163608
-0.533908
-2.02218
0.931376

0.829563
0.163608
0.533908
0.766806
0.0055476

0.63584
0.771821
0
0.104536
0.140424

-0.63584
-0.771821
0
-2.14813
1.54623

-0.155089
-0.938729
-0.307792
-0.277255
0.109161

-0.68886
-0.327587
0.646652
0.560263
0.00820743

0.68886
0.327587
-0.646652
0.476676
0.0116231

0.682752
0.362583
-0.634337
0.39743
0.0402083

-0.682752
-0.362583
0.634337
-1.20525
0.538179

-0.329355
-0.351815
-0.876214
-6.21525
8.06851

0.329355
0.351815
0.876214
0.964217
0.000198545

-0.974775
0.22319
0
0.863982
0.0030725

0.974775
-0.22319
0
0.293714
0.0245994

-0.0902539
0.829782
0.550742
-2.76974
2.11063

0.0902539
-0.829782
-0.550742
0.495423
0.0378946

0.92445
0.327824
-0.194742
0.907037
0.00272583

-0.355745
-0.225449
-0.906983
-8.65423
23.0251

0.355745
0.225449
0.906983
0.802976
0.00960054

0.0406965
0.685203
0.727215
0.0576732
0.0641903

-0.0406965
-0.685203
-0.727215
0.298599
0.0356211

-0.209575
-0.300683
0.930413
-1.01154
0.201905

0.209575
0.300683
-0.930413
0.966382
5.67523e-05

0.561966
-0.399649
0.724206
-0.604077
0.337908

0.0296477
0.764762
0.643631
0.81611
0.00319551

-0.560433
-0.825762
0.0634936
-0.576697
0.174203

0.560433
0.825762
-0.0634936
0.693746
0.00657346

-0.832893
-0.553433
0
0.981054
0.000658728

-0.787076
-0.616856
0
0.705777
0.00579403

0.787076
0.616856
0
0.774733
0.00419989

-0.25042
-0.076785
-0.965088
-12.9615
63.9463

0.25042
0.076785
0.965088
0.841993
0.00819288

-0.939369
-0.218868
0.263976
0.219073
0.0485739

0.939369
0.218868
-0.263976
-0.0327779
0.0849423

0.319926
0.0119012
0.947368
0.897022
0.00084446

-0.319926
-0.0119012
-0.947368
-1.57446
0.493822

-0.818143
-0.356329
-0.451299
-0.270349
0.074953

0.818143
0.356329
0.451299
0.868548
0.00081726

0.601245
0.619358
-0.504877
0.652101
0.00822537

0.511341
-0.0706109
0.856472
0.911721
0.000381668

-0.511341
0.0706109
-0.856472
-0.517717
0.110051

-0.790298
0.506653
0.344574
0.540276
0.0326298

0.790298
-0.506653
-0.344574
-3.13752
2.64062

-0.490788
0.0109445
-0.87121
-0.460051
0.186118

0.490788
-0.0109445
0.87121
0.377305
0.033858

-0.898871
-0.270905
-0.344444
-0.442894
0.126978

0.898871
0.270905
0.344444
0.7591
0.00355402

-0.741126
-0.346682
0.574929
0.712968
0.0125176

0.741126
0.346682
-0.574929
-3.77085
3.44314

0.360797
0.157066
0.919323
0.857836
0.003224

-0.183162
-0.732651
0.655496
0.600028
0.00584531

0.183162
0.732651
-0.655496
0.573517
0.00664503

-0.52294
-0.834915
-0.171611
0.936901
0.00151417

0.52294
0.834915
0.171611
-17.2358
126.371

-0.906961
-0.245093
-0.342566
0.555871
0.0399275

0.906961
0.245093
0.342566
-5.0801
7.47747

0.235123
0.937297
-0.257278
0.324016
0.0255858

0.957832
0.208557
-0.19764
0.793117
0.00290858

-0.957832
-0.208557
0.19764
-0.802836
0.220541

0.568299
0.56023
-0.602642
-0.756693
0.188206

-0.568299
-0.56023
0.602642
0.849084
0.00141973

0.359662
-0.401974
0.842057
-9.90358
55.4667

-0.359662
0.401974
-0.842057
-0.892986
1.6725

0.422863
-0.179467
0.888245
0.857572
0.00246445

0.397759
-0.1808
0.8995
0.851284
0.011654

-0.397759
0.1808
-0.8995
-22.8609
298.122

0.949448
-0.0328397
0.312202
0.430824
0.0140553

-0.632516
-0.624497
-0.458179
-0.743991
0.248787

0.632516
0.624497
0.458179
0.604537
0.0128316

0.772405
-0.499662
0.392084
-0.0426778
0.0775724

0.299894
-0.254126
0.919502
0.848085
0.00130552

0.374607
-0.455735
-0.80745
-1.10332
0.363082

-0.374607
0.455735
0.80745
0.727411
0.00619306

0.854027
0.261596
-0.449673
0.911631
0.000461137

-0.854027
-0.261596
0.449673
-0.993804
0.234597

0.157559
0.581531
-0.798121
-2.11645
1.80716

-0.157559
-0.581531
0.798121
-0.325528
0.327228

-0.520584
0.377202
0.76597
0.748945
0.00601985

0.214302
-0.305187
-0.927866
-0.525986
0.207184

-0.214302
0.305187
0.927866
0.389223
0.0333841

-0.637484
-0.129929
-0.759429
-1.67346
0.853803

0.637484
0.129929
0.759429
0.471903
0.0334644

-0.40767
-0.426114
0.807608
-21.7741
293.704

0.40767
0.426114
-0.807608
0.612538
0.0851652

-0.73289
0.0680321
0.676937
0.946477
0.00108347

-0.165775
-0.21136
0.963247
0.789362
0.012677

-0.0239432
-0.713048
-0.700707
-2.57564
1.32328

0.0239432
0.713048
0.700707
0.856975
0.00215854

-0.301698
0.829274
-0.470408
0.838796
0.00134389

0.309439
-0.0819483
-0.947381
-36.3507
1014.57

-0.309439
0.0819483
0.947381
0.95708
0.00136324

-0.321855
0.590011
0.74047
0.289663
0.0268721

0.439385
-0.50748
-0.741219
0.264441
0.0545119

-0.439385
0.50748
0.741219
-0.655007
0.275793

0.332497
-0.221679
0.916681
0.453901
0.0345779

-0.332497
0.221679
-0.916681
-1.50758
0.728993

-0.472679
-0.481947
0.737768
0.804966
0.00461188

-0.768477
-0.451787
0.453135
0.952714
0.000184033

0.768477
0.451787
-0.453135
-2.28375
0.859239

0.180538
-0.792718
0.582241
-2.96895
1.87067

-0.180538
0.792718
-0.582241
0.814439
0.00415403

0.807142
0.0224727
-0.58993
0.280667
0.0263388

-0.807142
-0.0224727
0.58993
0.551661
0.0102677

0.616954
-0.474299
-0.628019
-0.673392
0.382475

-0.616954
0.474299
0.628019
-0.425858
0.277703

0.303655
0.275035
0.912222
0.491213
0.0308749

-0.303655
-0.275035
-0.912222
-1.69147
0.858112

-0.819047
-0.0966212
0.565532
0.692333
0.00679833

0.680944
-0.599849
-0.420115
0.724165
0.00251867

-0.680944
0.599849
0.420115
0.509627
0.00794992

-0.0867515
0.138852
0.986506
0.125403
0.143267

0.0867515
-0.138852
-0.986506
-3.05731
3.07444

0.0376396
0.499986
0.865215
0.813969
0.0097677

-0.0376396
-0.499986
-0.865215
-10.415
36.7573

0.960988
0.110054
-0.253752
-1.23155
0.291214

-0.960988
-0.110054
0.253752
0.947305
0.00019529

0.832532
-0.327604
0.446729
0.137393
0.0319772

-0.0714492
-0.128403
0.989145
0.870955
0.00454697

0.0714492
0.128403
-0.989145
-10.6463
37.018

-0.403073
-0.369935
-0.837067
-0.742111
0.288571

0.403073
0.369935
0.837067
0.407196
0.0334149

0.388639
0.0554592
-0.91972
0.0560331
0.192945

-0.388639
-0.0554592
0.91972
-3.87587
5.14521

0.5156
-0.0987757
0.851117
0.839728
0.00186631

-0.411251
-0.758334
-0.505769
0.285058
0.0270728

-0.456931
-0.613321
-0.644245
-0.421718
0.207679

0.456931
0.613321
0.644245
0.0653431
0.0898387

0.791833
-0.572069
0.213862
0.465606
0.00901231

0.104124
-0.172274
-0.979531
0.922416
0.000448429

0.120023
-0.320403
-0.939647
-0.264801
0.13539

-0.120023
0.320403
0.939647
0.298603
0.0416397

0.365946
-0.0350484
0.929976
0.943543
0.00120638

-0.0549345
-0.197361
-0.978791
-6.24066
8.0744

0.0549345
0.197361
0.978791
0.967819
0.000160669

-0.4738
-0.0149679
-0.880505
-0.373517
0.155302

0.4738
0.0149679
0.880505
0.412802
0.028544

-0.516666
0.313597
0.796689
0.841537
0.00214637

0.913518
0.00437995
0.406774
0.491095
0.0349225

-0.913518
-0.00437995
-0.406774
-2.25592
1.4277

0.657274
0.294967
-0.693531
-4.50687
5.60561

-0.657274
-0.294967
0.693531
0.583543
0.0320663

-0.56385
-0.0924556
-0.820686
0.804122
0.000726428

-0.789029
0.614356
0
-0.277763
0.17862

0.789029
-0.614356
0
-0.00959182
0.118129

0.524548
0.133239
-0.840891
0.996891
1.63761e-06

0.730821
0.0305994
0.681883
0.735613
0.00499514

0.876539
0.117289
-0.466822
-0.441114
0.161851

-0.876539
-0.117289
0.466822
0.521424
0.0178919

0.646802
0.668274
0.367501
-5.48491
6.04341

0.945519
0.325566
0
0.643537
0.00460176

-0.945519
-0.325566
0
0.581651
0.00627306

0.400273
0.284525
-0.871107
0.357682
0.0220512

0.429261
0.903181
0
0.748151
0.0236681

0.649509
0.604933
0.460645
0.96993
4.56007e-05

-0.649509
-0.604933
-0.460645
-1.02483
0.202399

0.0494916
0.972178
0.228956
0.301025
0.018532

-0.927142
0.374711
0
-0.492218
0.257294

0.927142
-0.374711
0
-0.0742915
0.1389

-0.101659
-0.397211
-0.91208
-22.9485
298.515

0.101659
0.397211
0.91208
0.86529
0.0094527

0.458859
-0.698958
-0.548549
0.586107
0.00875287

-0.458859
0.698958
0.548549
0.232133
0.0300054

-0.819874
-0.140054
-0.55515
0.947039
4.99286e-05

0.819874
0.140054
0.55515
0.554835
0.00337201

0.623897
-0.772099
-0.120894
0.546302
0.0135339

-0.623897
0.772099
0.120894
-0.124595
0.083127

0.180316
0.485406
-0.855492
-1.06875
0.615798

-0.180316
-0.485406
0.855492
-0.251479
0.225577

0.39621
-0.14307
-0.906945
-2.85967
1.58501

-0.39621
0.14307
0.906945
0.878966
0.0016177

-0.78224
0.0492338
-0.621029
-1.80956
0.704935

0.78224
-0.0492338
0.621029
0.825065
0.00336133

0.820277
0.0542342
0.56939
0.554248
0.00747846

-0.820277
-0.0542342
-0.56939
0.600407
0.00601804

-0.611805
0.495305
-0.616739
-4.91792
5.83234

0.611805
-0.495305
0.616739
0.794292
0.00709328

0.351705
0.692136
0.630279
0.882788
0.000391107

0.0432453
0.72535
0.68702
0.85678
0.000555828

-0.0432453
-0.72535
-0.68702
0.457186
0.00793563

0.62576
0.0443113
-0.778756
-0.23675
0.125256

-0.62576
-0.0443113
0.778756
0.332435
0.0366082

0.766874
-0.526212
-0.367431
-4.68964
5.71429

-0.766874
0.526212
0.367431
0.688345
0.0171695

-0.269863
-0.321931
0.907488
-0.192457
0.0410823

-0.455773
-0.380405
0.804713
0.167085
0.0299628

0.570946
-0.179515
-0.801121
-0.835367
0.179942

0.887326
0.0669003
-0.456265
-0.308876
0.0847909

-0.887326
-0.0669003
0.456265
0.847727
0.00116478

-0.676466
0.391732
0.62365
0.696168
0.00992406

-0.65136
0.42557
-0.628188
0.909156
0.000612113

0.65136
-0.42557
0.628188
-1.60306
0.496912

0.588686
0.789
0.175863
-1.38366
0.464074

-0.588686
-0.789
-0.175863
0.804678
0.00317111

0.0425074
0.971239
-0.234281
-7.82673
22.0139

-0.0425074
-0.971239
0.234281
0.448332
0.0859956

-0.153308
0.950284
-0.27103
-0.962449
0.344691

0.153308
-0.950284
0.27103
0.58902
0.0151319

0.687665
0.0856166
0.720962
0.583324
0.00434289

0.428568
0.506773
0.748005
0.817767
0.0054556

-0.428568
-0.506773
-0.748005
-4.97756
5.8627

-0.207577
-0.592951
0.778024
-1.25466
0.547975

0.207577
0.592951
-0.778024
0.460069
0.0315774

-0.346316
-0.270804
0.898182
-2.66365
2.06601

0.346316
0.270804
-0.898182
0.397865
0.0560563

-0.237919
0.499117
0.833233
0.833234
0.00605616

0.237919
-0.499117
-0.833233
-7.46601
15.4285

0.0770883
0.960172
-0.268565
0.89314
0.000757833

-0.0770883
-0.960172
0.268565
-1.18052
0.313679

-0.536273
-0.138078
0.832674
0.000100851
0.107355

0.536273
0.138078
-0.832674
-0.456457
0.227703

-0.850578
-0.468703
-0.2384
0.9748
5.36413e-05

0.850578
0.468703
0.2384
-2.75724
1.17309

-0.117859
0.275314
0.954103
0.925641
0.00145268

0.117859
-0.275314
-0.954103
-10.9304
37.2775

-0.36437
0.90227
0.230529
-1.02536
0.548463

0.36437
-0.90227
-0.230529
-0.0891962
0.158635

0.460849
0.592277
0.660928
0.605406
0.00500224

-0.721146
0.546275
-0.426066
0.811298
0.00194049

0.721146
-0.546275
0.426066
-0.336669
0.0957651

0.866328
0.0681468
0.494804
0.836839
0.00214701

0.738419
-0.164321
-0.654016
-0.823222
0.381702

-0.738419
0.164321
0.654016
0.120745
0.088891

0.80206
-0.527741
-0.279623
0.814908
0.00222242

-0.80206
0.527741
0.279623
-0.768316
0.202667

0.364055
0.931378
0
-0.604083
0.33791

-0.364055
-0.931378
0
-0.375251
0.248393

-0.724445
0.252017
-0.641613
-2.12307
1.07355

0.724445
-0.252017
0.641613
0.715942
0.00889754

0.244774
0.750543
0.613816
0.605883
0.00768581

-0.793799
-0.582181
-0.175921
0.342854
0.0614877

0.793799
0.582181
0.175921
-2.1129
1.37951

0.481523
0.863016
-0.152771
0.0492053
0.0645918

-0.481523
-0.863016
0.152771
0.319253
0.033114

0.971026
0.0322185
-0.236792
0.64163
0.0115064

-0.971026
-0.0322185
0.236792
-1.1025
0.395429

-0.898308
-0.310679
-0.310679
-0.0314426
0.0731668

0.898308
0.310679
0.310679
0.433074
0.0221194

-0.511168
0.780024
0.36093
-0.435757
0.112594

0.511168
-0.780024
-0.36093
0.82928
0.00160393

-0.576267
0.81667
0.0310882
0.304437
0.011324

0.576267
-0.81667
-0.0310882
0.946901
6.60447e-05

-0.417442
0.720699
0.553476
-1.99654
0.926398

0.417442
-0.720699
-0.553476
0.750226
0.00643961

0.441425
0.348693
0.826775
0.846195
0.00186898

-0.668279
0.604159
-0.434045
0.855856
0.000522799

0.668279
-0.604159
0.434045
0.514657
0.00592173

-0.349556
-0.17303
-0.920799
-0.32074
0.12015

0.349556
0.17303
0.920799
0.60393
0.01106

0.237077
-0.197115
0.951284
0.941931
0.000200636

0.806045
0.591854
0
0.786771
0.00511181

-0.806045
-0.591854
0
-2.23447
1.09378

-0.386314
0.256443
-0.886001
-0.348832
0.31019

0.386314
-0.256443
0.886001
-1.59042
1.12547

0.376238
0.460537
0.803959
0.727386
0.0100052

-0.376238
-0.460537
-0.803959
-2.33698
1.2583

-0.379463
-0.321424
-0.86758
-2.07908
0.835626

0.379463
0.321424
0.86758
0.883584
0.00120744

-0.221274
-0.760633
-0.610307
-2.61262
1.53125

0.221274
0.760633
0.610307
0.760318
0.00675296

0.677659
-0.146591
0.720617
0.689075
0.013228

-0.677659
0.146591
-0.720617
-3.02959
2.20647

-0.111656
-0.591014
0.798897
-0.00195074
0.206097

0.111656
0.591014
-0.798897
-3.34875
3.87679

-0.330203
0.813668
-0.478445
0.87433
0.000478524

-0.722469
-0.470369
0.506747
0.456717
0.00897969

0.722469
0.470369
-0.506747
0.806164
0.00116269

-0.33463
0.473281
-0.814879
-1.01882
0.276307

0.33463
-0.473281
0.814879
0.847072
0.00164299

0.668143
-0.295399
0.682879
0.853805
0.00146308

-0.668143
0.295399
-0.682879
-1.02973
0.277225

0.819317
-0.0675017
-0.569353
-3.65383
3.39227

-0.819317
0.0675017
0.569353
0.643958
0.0199204

0.2593
0.765285
0.589154
0.898157
0.0016171

0.082461
-0.102477
-0.991312
0.719395
0.00250619

0.60494
0.412803
-0.680912
-3.67493
3.40121

-0.60494
-0.412803
0.680912
0.65709
0.0183899

0.693588
0.254047
-0.674089
-0.813819
0.41339

-0.693588
-0.254047
0.674089
-0.0871594
0.148632

-0.607914
-0.389729
-0.691774
-0.471123
0.214493

0.607914
0.389729
0.691774
0.172495
0.0679727

-0.384799
-0.0922967
-0.918374
-0.308254
0.205076

0.350041
0.0474305
-0.935533
-7.98263
15.7268

-0.350041
-0.0474305
0.935533
0.949787
0.000518197

0.257421
0.465414
-0.846832
0.685189
0.00840347

-0.257421
-0.465414
0.846832
-1.056
0.357181

-0.429176
0.0139987
0.903113
0.908055
0.00328374

0.429176
-0.0139987
-0.903113
-17.0212
126.039

-0.507115
-0.117926
-0.853773
-1.35556
0.386869

0.507115
0.117926
0.853773
0.891754
0.00156462

-0.875902
-0.0542055
-0.479434
0.798081
0.011621

0.875902
0.0542055
0.479434
-10.3579
36.6808

0.558683
-0.568036
0.604325
-0.325528
0.327154

-0.558683
0.568036
-0.604325
-2.11645
1.80745

-0.934464
0.356058
0
0.632219
0.0105894

0.934464
-0.356058
0
-0.471116
0.155831

-0.100902
0.496452
0.86218
0.413389
0.0113635

0.100902
-0.496452
-0.86218
0.784845
0.00153309

-0.902476
-0.43074
0
-1.03247
0.741389

0.902476
0.43074
0
-1.03247
0.741389

-0.432472
-0.601731
0.671481
0.540276
0.0188869

0.432472
0.601731
-0.671481
-0.838897
0.302021

-0.396658
0.405214
0.823689
0.825263
0.00207451

0.396658
-0.405214
-0.823689
-0.845659
0.224111

0.42618
-0.433514
0.794
0.863658
0.00202256

0.720208
0.230203
0.654452
-23.4785
299.867

-0.720208
-0.230203
-0.654452
0.934511
0.00216347

0.483705
0.652479
-0.583353
0.0295733
0.0601267

-0.483705
-0.652479
0.583353
0.482633
0.0171025

-0.820194
-0.0490963
0.569975
-1.03135
0.419508

0.820194
0.0490963
-0.569975
0.448959
0.03095

-0.631348
-0.680874
0.371228
0.298314
0.0295024

-0.392586
-0.494808
0.775268
0.765648
0.00318327

-0.775844
-0.630925
0
-0.0944549
0.0466822

0.775844
0.630925
0
0.89697
0.000420651

-0.522484
0.109478
-0.845592
-0.959365
0.374203

0.522484
-0.109478
0.845592
0.478167
0.0292615

0.764709
-0.390308
-0.512718
0.714803
0.00273594

0.917191
0.248977
0.31108
0.909105
0.000418944

-0.917191
-0.248977
-0.31108
-0.212672
0.0601845

-0.91818
0.227945
-0.324016
-0.0607146
0.0456976

0.91818
-0.227945
0.324016
0.871257
0.000680477

-0.466804
-0.118532
-0.876381
-1.36782
0.569402

0.466804
0.118532
0.876381
0.585926
0.0175738

-0.992128
-0.0384541
0.119178
-1.40508
0.881729

0.992128
0.0384541
-0.119178
-0.177598
0.211468

-0.441134
-0.274294
-0.854496
-2.73016
1.55812

0.441134
0.274294
0.854496
0.82281
0.00359126

0.489763
0.667853
-0.56045
0.97281
5.30764e-05

0.639699
0.623765
-0.449113
0.174851
0.0400937

-0.639699
-0.623765
0.449113
0.471906
0.0164249

0.265986
0.0909569
-0.959676
-4.50716
3.66003

-0.265986
-0.0909569
0.959676
0.965814
0.000160196

0.393686
-0.519781
0.758182
0.265355
0.0627997

-0.393686
0.519781
-0.758182
-1.11229
0.518822

0.76361
-0.157336
-0.626215
-6.89891
14.9354

-0.76361
0.157336
0.626215
0.609931
0.0364445

-0.238792
-0.84849
-0.472274
0.494022
0.0381472

0.238792
0.84849
0.472274
-2.76812
2.1098

0.0541402
-0.0716899
0.995956
0.247846
0.0730316

-0.0541402
0.0716899
-0.995956
-1.21878
0.592891

-0.308849
0.913339
-0.265375
-0.217682
0.146649

0.308849
-0.913339
0.265375
-0.0270636
0.104331

-0.597762
0.710729
-0.370872
-1.16979
0.530904

0.597762
-0.710729
0.370872
0.349315
0.0477829

-0.276252
0.771094
-0.573672
0.982764
1.32633e-05

0.276252
-0.771094
0.573672
-0.389897
0.0639373

-0.338639
0.0644071
0.938709
0.950428
0.000455202

0.390058
0.874318
-0.28883
-0.357499
0.114321

-0.390058
-0.874318
0.28883
0.714221
0.00507802

-0.565919
0.585094
-0.580862
-4.44506
5.56429

0.565919
-0.585094
0.580862
0.543734
0.0391563

0.575946
-0.0455041
0.816221
0.582662
0.0238095

-0.575946
0.0455041
-0.816221
-2.6012
1.76163

0.741251
-0.652513
0.157398
0.126524
0.065183

-0.741251
0.652513
-0.157398
-0.0670431
0.0972703

-0.464527
0.244873
-0.85103
0.186235
0.081939

0.464527
-0.244873
0.85103
-1.17901
0.585883

-0.225794
0.460217
-0.858614
0.985511
3.26215e-05

-0.241858
0.150525
0.958565
0.900355
0.00152847

0.241858
-0.150525
-0.958565
-5.23315
5.96736

0.202555
0.822675
-0.531203
-3.02959
2.20706

-0.202555
-0.822675
0.531203
0.689075
0.0131899

-0.276965
0.140554
-0.950545
-5.7332
7.88537

0.276965
-0.140554
0.950545
0.854386
0.00369673

0.0295539
0.43784
0.898567
-0.00195074
0.205911

-0.0295539
-0.43784
-0.898567
-3.34875
3.87869

0.882385
0.162877
-0.441438
-0.542571
0.133814

-0.882385
-0.162877
0.441438
0.844419
0.00163197

-0.0966535
-0.0183977
0.995148
0.811916
0.00251175

0.0966535
0.0183977
-0.995148
-0.966322
0.271706

-0.454674
0.831189
0.319996
0.496494
0.0269195

0.454674
-0.831189
-0.319996
-1.28531
0.55405

-0.527147
-0.718075
0.454406
0.400429
0.0352743

0.527147
0.718075
-0.454406
-0.816817
0.323425

0.217523
-0.418687
0.881694
0.875838
0.000606368

-0.600201
0.657724
-0.455146
-0.521263
0.49633

0.600201
-0.657724
0.455146
-2.60065
2.78043

-0.24585
0.551001
-0.797469
-1.57786
0.604933

0.24585
-0.551001
0.797469
0.763906
0.00507933

0.405675
-0.572718
0.712335
0.896562
0.00289946

-0.889567
-0.456804
0
0.23365
0.0581744

0.889567
0.456804
0
-0.38377
0.180644

-0.241117
0.272717
-0.931391
-0.482462
0.118321

0.241117
-0.272717
0.931391
0.864383
0.0020518

0.494726
-0.727824
0.474887
-0.575728
0.186018

-0.494726
0.727824
-0.474887
0.6289
0.0103567

-0.524808
-0.58112
-0.621994
-0.329021
0.141781

0.524808
0.58112
0.621994
0.420416
0.0270417

0.00726789
-0.391866
0.919994
0.917183
0.000361032

0.497554
0.0435336
-0.86634
0.364705
0.0390738

-0.744774
0.143639
-0.651675
-2.27453
1.25716

0.744774
-0.143639
0.651675
0.684617
0.0116665

-0.416844
0.539801
0.731338
0.813445
0.00289463

0.416844
-0.539801
-0.731338
-1.41775
0.476712

-0.366915
0.110039
0.923723
-0.265765
0.1209

0.366915
-0.110039
-0.923723
0.466658
0.0216262

-0.783428
-0.107651
0.612088
0.638356
0.0173278

0.783428
0.107651
-0.612088
-2.67439
1.78682

0.0933662
0.634977
-0.766868
0.854579
0.000659349

0.507756
0.421575
-0.751304
-0.638913
0.3186

-0.77957
0.332607
0.530701
0.97798
3.57691e-05

0.77957
-0.332607
-0.530701
-2.24338
0.755547

0.550835
0.203376
-0.809456
-8.91407
23.2429

-0.550835
-0.203376
0.809456
0.873624
0.0038268

-0.478448
-0.606386
0.635125
0.0581235
0.0739098

0.478448
0.606386
-0.635125
0.0581235
0.0739098

-0.58975
-0.486098
-0.644906
0.0707165
0.0466906

0.58975
0.486098
0.644906
0.631601
0.00739452

0.187321
0.982299
0
-2.13442
1.07616

-0.187321
-0.982299
0
0.72375
0.00836362

-0.98837
0.000229956
0.15207
0.936708
0.00014396

0.98837
-0.000229956
-0.15207
-0.0129277
0.0333817

-0.747983
0.0597405
-0.661024
-3.48382
3.31108

0.747983
-0.0597405
0.661024
0.526396
0.0370539

-0.793539
-0.608519
0
-0.291539
0.250805

0.793539
0.608519
0
-1.18268
0.716114

0.43595
0.899971
0
0.937209
0.000180377

-0.43595
-0.899971
0
-0.569795
0.112053

0.698786
0.550654
-0.456595
-0.695356
0.131928

-0.698786
-0.550654
0.456595
0.952091
0.000111296

0.055249
-0.625637
-0.778155
-23.0283
298.673

-0.055249
0.625637
0.778155
0.877407
0.00781983

-0.524849
-0.560668
-0.640457
0.591928
0.0124902

-0.694663
0.107229
-0.711298
0.97519
3.17168e-05

0.276956
0.258869
-0.925355
-8.35441
22.7051

-0.276956
-0.258869
0.925355
0.698643
0.0235813

-0.524812
-0.559861
0.641193
0.373691
0.019024

0.524812
0.559861
-0.641193
0.527666
0.0108491

0.0425368
0.954189
0.296166
-0.386251
0.202622

-0.0425368
-0.954189
-0.296166
-0.0184641
0.109383

0.621054
-0.767132
-0.160626
-0.880796
0.182112

-0.621054
0.767132
0.160626
0.943536
0.000165002

-0.59242
-0.52524
-0.610869
0.916569
0.000182633

0.59242
0.52524
0.610869
0.318925
0.012126

-0.0759759
-0.754271
-0.652152
-2.75444
1.81191

0.0759759
0.754271
0.652152
0.693518
0.0120924

-0.129083
-0.766975
-0.628559
-0.324185
0.159684

0.129083
0.766975
0.628559
0.2201
0.0554687

0.655184
0.390111
0.646952
-0.239045
0.331415

-0.655184
-0.390111
-0.646952
-3.16457
3.74149

-0.419308
0.767508
0.484885
0.0839199
0.0500513

0.419308
-0.767508
-0.484885
0.524327
0.0135277

-0.00746022
-0.83296
0.553283
0.60037
0.0050619

-0.311741
-0.914345
0.258438
0.10054
0.0370912

0.311741
0.914345
-0.258438
0.744153
0.00300851

0.422089
0.568041
0.706519
0.698933
0.00698224

0.694793
0.442314
-0.567116
0.396612
0.00821159

0.950628
-0.138832
-0.277546
0.547695
0.0127912

-0.950628
0.138832
0.277546
-0.0328238
0.0666337

0.922551
0.0600168
0.38118
-0.49908
0.0972372

-0.922551
-0.0600168
-0.38118
0.941137
0.000154957

-0.356716
0.673606
-0.647309
-0.842137
0.208113

0.356716
-0.673606
0.647309
0.865219
0.00114613

0.116108
-0.115908
-0.98645
-17.6368
126.832

-0.116108
0.115908
0.98645
0.975798
0.000214108

0.727257
-0.394546
-0.561633
-0.598566
0.136273

-0.727257
0.394546
0.561633
0.882228
0.00076074

-0.121668
-0.082838
-0.989108
-36.2852
1014.66

0.121668
0.082838
0.989108
0.952442
0.00165395

-0.272609
-0.676914
0.683719
0.56645
0.016561

0.272609
0.676914
-0.683719
-0.860278
0.304868

-0.22304
-0.803054
-0.552592
0.830729
0.0015025

-0.521894
0.343336
-0.780863
-22.9893
298.648

0.521894
-0.343336
0.780863
0.871562
0.00856366

0.0891379
-0.946771
-0.30932
0.925583
0.00027657

-0.0891379
0.946771
0.30932
-0.63187
0.129452

-0.0244613
-0.286987
0.957622
0.956399
0.000129934

0.0244613
0.286987
-0.957622
-1.63179
0.451475

-0.0174643
-0.927838
-0.372575
0.498785
0.0207505

-0.635526
0.0552308
0.770101
0.670861
0.00389821

0.597387
0.284467
-0.749805
-12.7304
63.5751

-0.597387
-0.284467
0.749805
0.785462
0.0155221

-0.859124
-0.302266
-0.412966
0.562166
0.0143257

0.859124
0.302266
0.412966
-0.418576
0.150052

-0.264988
0.157816
0.951249
0.950437
0.000543225

0.718521
-0.255033
0.64706
0.417175
0.0378239

-0.718521
0.255033
-0.64706
-1.1093
0.47244

0.327221
0.38975
-0.860826
-0.732367
0.16282

-0.327221
-0.38975
0.860826
0.901533
0.000568181

0.765506
-0.100537
-0.635526
-0.161408
0.085504

-0.765506
0.100537
0.635526
0.604798
0.00990126

0.64646
-0.419487
-0.637275
0.603929
0.0689379

-0.64646
0.419487
0.637275
-15.734
122.886

0.857026
-0.316445
0.406657
-2.19001
1.08786

-0.857026
0.316445
-0.406657
0.760027
0.006196

-0.558394
0.829576
0
-0.0820755
0.033791

0.558394
-0.829576
0
0.975256
5.42326e-05

0.0660556
-0.915504
-0.396848
-15.817
123.164

-0.0660556
0.915504
0.396848
0.6309
0.0593644

0.859327
-0.269883
0.43442
0.825309
0.00240168

-0.859327
0.269883
-0.43442
-1.33224
0.424743

0.458452
-0.337697
-0.82206
0.268619
0.0417824

0.612051
-0.554999
0.563356
-0.133642
0.137067

-0.612051
0.554999
-0.563356
-0.28463
0.176008

0.806686
-0.525418
0.270541
0.313863
0.0161937

-0.806686
0.525418
-0.270541
0.813664
0.0012004

-0.574142
-0.161343
0.802702
0.820833
0.00432391

0.574142
0.161343
-0.802702
-3.60807
2.81526

0.653634
-0.543026
0.527148
0.59274
0.0250778

-0.653634
0.543026
-0.527148
-3.20765
2.67017

-0.402527
-0.529394
0.746802
0.646366
0.0244254

0.402527
0.529394
-0.746802
-5.23811
7.5916

0.847306
0.531105
0
0.356386
0.0368172

-0.847306
-0.531105
0
0.356386
0.0368172

-0.427572
-0.879067
0.210769
0.496494
0.0269061

0.427572
0.879067
-0.210769
-1.28531
0.554061

0.491013
0.871152
0
-0.199676
0.0818615

0.922731
0.385444
0
0.713143
0.00259728

-0.922731
-0.385444
0
0.650723
0.00376004

-0.241559
0.464512
0.851984
0.883706
0.00282512

0.241559
-0.464512
-0.851984
-7.65119
15.5635

0.977146
-0.0582286
-0.204438
0.641546
0.00706233

-0.977146
0.0582286
0.204438
0.0504198
0.0489116

-0.0496895
0.310099
0.949405
-0.757177
0.314226

0.0496895
-0.310099
-0.949405
0.307207
0.0490765

-0.0409904
-0.728298
0.684034
-0.146558
0.0631995

-0.444594
0.514016
0.733569
0.816742
0.00242158

-0.133631
0.496315
0.857796
0.791963
0.00100906

-0.778683
0.377652
-0.501031
-0.258983
0.197094

0.778683
-0.377652
0.501031
-0.566282
0.304994

0.198636
0.0420933
0.979169
0.661358
0.0125179

-0.198636
-0.0420933
-0.979169
-1.03116
0.353664

0.0831122
0.809136
-0.581714
-3.04487
1.61763

-0.0831122
-0.809136
0.581714
0.938617
0.000385061

-0.056441
0.677305
0.733535
0.369888
0.114621

0.8455
0.533976
0
0.725286
0.0266461

-0.8455
-0.533976
0
-8.42436
21.7113

-0.145551
0.694893
0.704229
0.513323
0.0249626

0.145551
-0.694893
-0.704229
-1.3
0.556874

-0.444476
-0.731066
-0.517671
-0.108829
0.0741043

0.444476
0.731066
0.517671
0.626935
0.00840173

-0.123719
0.707755
0.69554
0.653008
0.00934187

-0.420163
0.0909088
0.902884
0.902646
0.000828172

0.420163
-0.0909088
-0.902884
-2.12612
0.841803

0.104719
-0.96994
-0.219658
-7.79607
15.6518

-0.104719
0.96994
0.219658
0.916278
0.00141859

0.312325
0.443186
0.840262
0.886975
0.000914752

-0.312325
-0.443186
-0.840262
-1.34563
0.38897

0.515711
0.839176
-0.172704
-0.890201
0.211302

-0.229913
-0.0627234
0.971188
0.973989
0.000249311

0.229913
0.0627234
-0.971188
-17.6126
126.801

0.00050192
-0.0502759
0.998735
0.531669
0.0205474
