
0.603683
0.0615754
0.794843
0.589447
0.0129615

-0.603683
-0.0615754
-0.794843
-0.544194
0.182954

-0.077967
-0.37423
0.924053
0.873843
0.000176494

0.241346
0.179705
0.953655
0.892399
0.00216258

-0.241346
-0.179705
-0.953655
-6.6729
10.9214

-0.45286
-0.175694
0.874099
0.784404
0.00538667

0.45286
0.175694
-0.874099
-2.65541
1.54168

0.928976
-0.17907
0.323939
0.145613
0.0468262

-0.928976
0.17907
-0.323939
0.390194
0.0238654

-0.249833
0.274288
-0.928628
-0.672305
0.300399

0.249833
-0.274288
0.928628
0.155748
0.0766169

-0.648587
-0.231084
0.725214
0.843934
0.00214912

-0.642438
0.0576001
-0.76417
-0.872337
0.262686

0.642438
-0.0576001
0.76417
0.736703
0.00527562

-0.62336
0.500748
0.600561
-1.03653
0.326527

0.62336
-0.500748
-0.600561
0.744168
0.00520224

0.52012
-0.354883
0.776874
0.97583
4.71332e-05

-0.0558603
0.338045
0.939471
0.950007
0.000231995

0.786667
-0.418423
0.453957
0.520315
0.00800319

-0.786667
0.418423
-0.453957
0.685984
0.00344338

0.0940553
0.231133
0.968365
0.937662
0.000325144

-0.0940553
-0.231133
-0.968365
-2.22913
0.853813

0.651508
0.148925
0.743881
0.743637
0.0025326

-0.651508
-0.148925
-0.743881
0.327436
0.01739

0.787175
-0.0768721
0.611921
0.616896
0.0207664

0.621498
0.237581
0.746522
0.132328
0.040549

0.85273
-0.295558
0.430694
0.969608
4.41946e-05

-0.85273
0.295558
-0.430694
-0.904778
0.170259

0.038792
-0.200222
-0.978982
-0.513152
0.318808

-0.038792
0.200222
0.978982
-0.641869
0.37535

0.676188
-0.736729
0
-0.321201
0.18115

-0.676188
0.736729
0
-0.0364697
0.111602

-0.0106261
-0.997904
0.0638361
0.336913
0.0118931

0.0106261
0.997904
-0.0638361
0.900885
0.0002661

0.553341
-0.730033
0.401081
-2.06483
1.19978

-0.553341
0.730033
-0.401081
0.509625
0.030755

-0.0901786
0.907429
-0.410416
0.967643
6.09382e-05

0.0901786
-0.907429
0.410416
-1.38541
0.326728

0.367643
-0.4653
0.805192
0.775453
0.00282727

0.396261
-0.155744
0.904832
0.911146
0.000176933

-0.314786
-0.155275
0.936376
0.952885
0.000832802

0.653216
0.727403
0.210222
0.934511
0.000277912

-0.653216
-0.727403
-0.210222
-1.1189
0.26177

0.884673
-0.411925
0.218336
-0.882873
0.333322

-0.884673
0.411925
-0.218336
0.492378
0.024238

0.499095
0.712517
-0.493177
-2.02876
1.34922

-0.499095
-0.712517
0.493177
0.242802
0.0844121

-0.575169
0.199336
-0.793376
0.849084
0.00144248

-0.523615
-0.751776
-0.400825
-0.149312
0.19199

0.523615
0.751776
0.400825
-1.25264
0.73749

-0.00872289
0.81521
0.5791
0.630334
0.0085786

0.00872289
-0.81521
-0.5791
-0.178779
0.0866995

0.680838
-0.118251
-0.722825
0.986112
4.713e-06

0.825247
-0.564772
0
0.946695
0.000162889

0.214833
0.281925
-0.935075
-3.36486
3.24858

-0.214833
-0.281925
0.935075
0.430817
0.0555054

-0.0336794
0.163848
0.985911
0.94333
0.000261163

0.0336794
-0.163848
-0.985911
-2.24872
0.856048

0.424419
-0.134973
0.89535
0.348026
0.0439775

-0.424419
0.134973
-0.89535
-0.867193
0.358993

-0.370513
-0.592116
0.715625
-0.829927
0.179658

0.370513
0.592116
-0.715625
0.922434
0.000322982

-0.464843
0.0148279
0.885269
0.63222
0.0119564

0.464843
-0.0148279
-0.885269
-1.00236
0.350141

0.670035
0.308032
-0.675403
0.238171
0.0276881

-0.670035
-0.308032
0.675403
0.637655
0.00626691

0.0322223
0.975602
0.21717
-0.179963
0.0745911

-0.0322223
-0.975602
-0.21717
0.756207
0.00318975

-0.624838
-0.780754
0
0.687682
0.289269

-0.388308
-0.858487
-0.334987
-1.86416
1.28726

0.388308
0.858487
0.334987
0.0157597
0.152056

-0.308034
0.945268
-0.107623
-4.14755
2.93866

0.308034
-0.945268
0.107623
0.973528
8.07461e-05

-0.648692
0.709412
0.275561
0.197382
0.0311601

0.648692
-0.709412
-0.275561
0.651341
0.00588235

0.636512
0.5669
-0.52295
-0.814952
0.179333

-0.636512
-0.5669
0.52295
0.915454
0.000608113

0.532104
-0.401884
0.745221
0.824095
0.00386185

-0.532104
0.401884
-0.745221
-3.28112
2.28534

-0.60053
0.243319
-0.761682
-16.5123
124.989

0.60053
-0.243319
0.761682
0.815781
0.0138958

0.37811
-0.483081
0.789725
0.33131
0.0491964

-0.37811
0.483081
-0.789725
-1.04786
0.461228

0.276495
0.801746
0.529861
0.595988
0.0503634

-0.276495
-0.801746
-0.529861
-9.78489
35.8411

-0.249955
0.155648
-0.955665
-0.849663
0.208643

0.249955
-0.155648
0.955665
0.869793
0.00107738

-0.740335
-0.452309
0.497314
0.768414
0.00596886

-0.383904
0.53689
0.751243
0.942726
0.000850106

0.383904
-0.53689
-0.751243
-11.0418
37.361

0.048721
0.0626139
-0.996848
-3.63201
3.38263

-0.048721
-0.0626139
0.996848
0.630052
0.021629

-0.459204
-0.888331
0
0.783294
0.00622998

0.459204
0.888331
0
-3.19541
2.2561

0.533294
0.754059
-0.383396
0.294822
0.0371307

-0.533294
-0.754059
0.383396
0.0006001
0.074541

0.334004
0.205127
0.919981
-8.23727
22.5661

-0.334004
-0.205127
-0.919981
0.650752
0.0322689

-0.34377
0.189025
-0.919832
-0.258983
0.197083

0.34377
-0.189025
0.919832
-0.566282
0.304986

0.860467
0.209952
0.464239
-35.9378
1013.3

-0.860467
-0.209952
-0.464239
0.923682
0.00432817

-0.702456
0.012809
-0.711612
-4.68964
5.71503

0.702456
-0.012809
0.711612
0.688345
0.017151

-0.927709
-0.373305
0
0.80385
0.0118868

0.927709
0.373305
0
-4.40637
4.17567

0.497687
0.553608
0.667702
-1.79464
1.43012

0.503475
-0.44616
0.739901
0.456796
0.0330967

-0.134125
0.171651
-0.975985
-23.6568
300.267

0.134125
-0.171651
0.975985
0.952009
0.00114449

0.253224
0.631217
0.733105
0.695071
0.00875494

-0.253224
-0.631217
-0.733105
-0.901728
0.287368

-0.843245
0.190077
0.5028
0.552765
0.00603713

0.124021
-0.471608
-0.873043
-0.0875666
0.0768267

-0.124021
0.471608
0.873043
0.538358
0.0138734

-0.726187
-0.512436
-0.458325
0.943101
7.12756e-05

0.726187
0.512436
0.458325
0.397113
0.00781591

0.135166
-0.407226
-0.90327
-2.79732
1.82493

-0.685491
0.0547235
-0.726021
-4.79253
7.24318

0.685491
-0.0547235
0.726021
0.356384
0.0896074

0.535367
-0.515507
-0.669055
-1.22604
0.810561

-0.535367
0.515507
0.669055
-0.519094
0.377491

-0.111953
0.528247
0.841678
0.937268
0.00104603

0.111953
-0.528247
-0.841678
-11.0045
37.3128

0.00183402
-0.869433
-0.494048
0.0140618
0.0241817

-0.147043
0.367346
0.918387
0.90765
0.000261718

0.893533
0.448997
0
-0.421718
0.209038

-0.893533
-0.448997
0
0.0653431
0.0914848

-0.463161
0.0399362
-0.885374
0.504912
0.0407665

0.463161
-0.0399362
0.885374
-3.45579
3.29781

-0.825006
0.374705
0.423037
0.101933
0.0639681

0.825006
-0.374705
-0.423037
0.101933
0.0639681

0.00446354
0.16444
0.986377
0.981344
0.000248242

0.364478
0.556402
-0.746708
-0.00774181
0.0651399

-0.364478
-0.556402
0.746708
0.50179
0.0159225

0.700994
-0.230089
0.675031
0.742363
0.00398479

-0.700994
0.230089
-0.675031
-0.342689
0.107215

0.161141
0.26626
0.950336
0.941715
0.000148253

0.724337
0.351556
0.593081
0.718143
0.00378099

0.126468
-0.876232
0.464999
0.476059
0.0304659

-0.126468
0.876232
-0.464999
-1.3913
0.633494

0.877316
-0.19312
0.439342
0.519141
0.0173102

-0.877316
0.19312
-0.439342
-0.255477
0.114123

-0.165958
-0.857337
-0.487269
-4.30036
4.4412

0.165958
0.857337
0.487269
0.756617
0.00936795

0.288711
0.884755
-0.36586
0.972818
5.84485e-05

-0.375929
-0.845383
0.37948
-14.4467
117.973

0.375929
0.845383
-0.37948
0.0345712
0.460919

-0.191357
0.698923
0.689122
-0.662213
0.495589

0.191357
-0.698923
-0.689122
-1.44407
1.07087

-0.558868
-0.643671
0.522832
0.990282
1.23296e-05

-0.171229
-0.163822
-0.971516
-0.755181
0.133947

-0.192863
-0.814398
0.547321
0.448959
0.0309438

0.192863
0.814398
-0.547321
-1.03135
0.419508

0.271998
-0.183694
0.944602
-1.73514
0.626458

-0.271998
0.183694
-0.944602
0.858163
0.00175816

-0.653199
0.148464
-0.742489
0.885284
0.000968971

-0.499547
0.253879
0.82825
-0.0113946
0.0832585

0.499547
-0.253879
-0.82825
0.164136
0.056882

-0.563217
0.260643
-0.784125
-0.875154
0.210343

0.563217
-0.260643
0.784125
0.884559
0.000838015

-0.761095
-0.0971077
0.64133
0.787168
0.00366105

0.714031
0.288495
0.637911
0.551064
0.00413888

-0.416282
0.909236
0
0.343251
0.0370901

0.416282
-0.909236
0
-0.287228
0.13893

-0.0689988
-0.35846
-0.930992
-0.484012
0.137875

0.0271089
0.350947
0.936003
0.968735
7.38972e-05

-0.412287
-0.115588
-0.903692
-1.29894
0.420925

0.412287
0.115588
0.903692
0.803803
0.00308818

0.423247
0.0766869
0.902763
0.796259
0.00597634

-0.233299
-0.44095
0.86668
0.88759
0.000617916

0.43272
0.420702
0.797348
0.865704
0.00315915

-0.43272
-0.420702
-0.797348
-5.76987
7.89766

-0.052088
-0.0786125
0.995544
0.98251
5.68119e-05

0.052088
0.0786125
-0.995544
-8.25196
15.8375

0.31423
0.924851
0.214268
0.423113
0.0316115

-0.31423
-0.924851
-0.214268
-0.752782
0.290194

0.39998
0.748173
0.529389
0.586108
0.00874871

-0.861147
-0.505222
0.0563577
0.913042
0.000293025

0.861147
0.505222
-0.0563577
-0.142098
0.0501098

0.0791464
0.0645668
-0.99477
0.970992
0.000176538

0.0281548
-0.93581
-0.351379
-0.325755
0.170198

-0.0281548
0.93581
0.351379
0.107447
0.0771649

0.137934
0.229407
-0.963507
-0.468131
0.124788

-0.137934
-0.229407
0.963507
0.82129
0.0032963

-0.487986
-0.319964
-0.812092
-7.22397
15.2357

0.487986
0.319964
0.812092
0.751261
0.0140351

-0.441931
-0.278518
0.852716
0.954209
0.000130903

-0.790349
0.612657
0
0.922411
0.000451233

-0.286221
0.944131
0.16338
0.944185
0.000421034

-0.0267814
-0.372856
0.927503
0.908055
0.00634023

0.0267814
0.372856
-0.927503
-35.7779
1012.49

-0.353642
-0.80866
-0.470113
-0.952298
0.171706

0.353642
0.80866
0.470113
0.980904
1.8988e-05

-0.119604
0.777258
0.617709
0.66347
0.00605871

0.119604
-0.777258
-0.617709
0.0274271
0.0505552

-0.134334
0.823648
-0.550962
-0.142348
0.0763135

0.134334
-0.823648
0.550962
0.671091
0.00633725

-0.932604
-0.186363
0.30906
-0.204628
0.145675

0.932604
0.186363
-0.30906
-0.0708857
0.115131

-0.15141
0.590734
0.792533
0.084323
0.0459761

0.15141
-0.590734
-0.792533
0.608536
0.00841253

0.511067
0.859541
0
0.239365
0.0666504

-0.511067
-0.859541
0
-0.800323
0.349317

-0.345723
0.149541
0.926344
0.913924
0.00113336

-0.725821
0.296344
0.620778
0.267611
0.110147

0.725821
-0.296344
-0.620778
-4.09041
5.31388

-0.67171
0.30089
0.676957
0.204729
0.0310313

0.67171
-0.30089
-0.676957
0.638279
0.00647508

0.543501
0.412216
-0.731221
-0.590098
0.52026

-0.543501
-0.412216
0.731221
-2.24512
2.1666

0.0442503
-0.326952
-0.944004
-6.49373
10.8252

-0.0442503
0.326952
0.944004
0.842094
0.00480896

-0.260818
-0.314667
0.912665
0.899569
0.000524268

0.100622
-0.568646
0.816405
0.953618
0.00056632

-0.100622
0.568646
-0.816405
-11.1224
37.3965

-0.263769
-0.105989
0.958745
-8.0106
47.2001

0.263769
0.105989
-0.958745
-3.59726
12.2866

0.539182
0.821122
-0.187193
0.349447
0.0273104

-0.539182
-0.821122
0.187193
0.183945
0.0429691

-0.669248
0.486686
0.561467
0.349885
0.0293136

0.669248
-0.486686
-0.561467
0.0638311
0.060783

-0.617392
-0.484192
-0.619988
-4.0319
4.3089

0.617392
0.484192
0.619988
0.608117
0.0261559

0.93633
0.351121
0
-0.877209
0.764052

-0.93633
-0.351121
0
-2.10314
2.02725

0.663826
0.123102
-0.737686
-4.40637
4.48387

-0.663826
-0.123102
0.737686
0.80385
0.00596525

-0.288029
0.288556
0.913113
0.678549
0.0141306

-0.0470191
-0.770558
-0.635633
0.153622
0.0364296

0.0470191
0.770558
0.635633
0.635773
0.00676309

-0.390666
-0.0328875
0.919945
0.608117
0.0263007

0.390666
0.0328875
-0.919945
-4.0319
4.30539

0.216205
-0.416782
0.88292
0.858882
0.0011818

-0.216205
0.416782
-0.88292
-0.610649
0.145941

0.296291
-0.906604
0.300467
0.795069
0.00249631

-0.296291
0.906604
-0.300467
-0.356505
0.102541

-0.305475
-0.339488
-0.889625
-16.7322
125.503

0.305475
0.339488
0.889625
0.859893
0.00784263

-0.606588
-0.533186
0.589715
0.495273
0.0156629

0.606588
0.533186
-0.589715
0.0744466
0.0526653

-0.0601897
-0.238651
0.969238
0.938071
0.000860777

0.126799
0.874247
0.46863
0.48281
0.00967395

0.399578
-0.60712
-0.686836
-0.0653548
0.0522963

-0.399578
0.60712
0.686836
0.810738
0.00169544

0.0910739
0.235604
0.967572
0.799764
0.00261795

-0.0910739
-0.235604
-0.967572
-0.634574
0.167743

-0.785803
-0.566399
-0.248407
-2.53988
2.01347

0.785803
0.566399
0.248407
0.268619
0.0859738

-0.732535
-0.0472052
-0.679091
-4.36346
4.4664

0.732535
0.0472052
0.679091
0.785462
0.00720437

-0.612426
-0.19496
0.76611
0.800775
0.000866686

-0.732472
-0.624459
-0.271175
0.887636
0.00182374

0.732472
0.624459
0.271175
-4.64007
4.57276

0.176333
-0.451721
0.87456
0.877723
0.00069828

-0.841965
0.316866
0.436681
-0.697811
0.261864

0.841965
-0.316866
-0.436681
0.451034
0.0274205

-0.827063
-0.562109
0
0.113922
0.0527622

0.827063
0.562109
0
0.352943
0.0281375

0.0637741
0.246444
-0.967057
-7.03377
11.0731

-0.0637741
-0.246444
0.967057
0.962653
0.000239735

-0.0435674
-0.99905
0
0.801965
0.00562942

-0.366331
-0.916405
0.161255
-35.0423
1008.33

0.366331
0.916405
-0.161255
0.81611
0.0262507

0.551236
0.634021
-0.542362
-2.33637
1.45308

-0.551236
-0.634021
0.542362
0.563505
0.0249396

-0.245691
0.0462218
0.968245
0.921934
0.00311939

0.225668
-0.783147
0.579443
0.65532
0.0101345

-0.225668
0.783147
-0.579443
-0.721177
0.229786

0.502777
-0.640827
-0.580134
-0.544002
0.125335

-0.502777
0.640827
0.580134
0.876684
0.000805342

0.710056
0.409732
-0.572661
-2.00354
1.18141

-0.710056
-0.409732
0.572661
0.448332
0.0399464

-0.330406
0.201377
0.922106
0.306877
0.0591667

0.330406
-0.201377
-0.922106
-1.39056
0.700765

-0.50047
-0.58747
-0.635932
0.828369
0.00137825

0.407365
0.621809
0.668885
0.969352
0.000685017

-0.305154
0.355883
0.883305
0.959351
0.000501809

0.157922
0.894459
0.418335
0.766706
0.00638106

0.683291
-0.0629499
0.727427
0.310959
0.033669

-0.413415
-0.0282588
0.910104
-0.596638
0.113032

0.413415
0.0282588
-0.910104
0.94837
0.000124531

0.532892
-0.709581
-0.461
-0.627499
0.137709

-0.532892
0.709581
0.461
0.899234
0.000535789

0.0739595
-0.338726
0.937974
0.933024
0.000185812

-0.558162
-0.295415
0.775361
-0.155954
0.0441211

0.558162
0.295415
-0.775361
0.956896
6.30471e-05

-0.18489
0.219293
-0.95798
-2.00583
0.733978

0.18489
-0.219293
0.95798
0.915225
0.00063014

0.0868928
0.510154
-0.855682
-0.159794
0.158786

0.307656
-0.102986
0.945908
0.930794
0.000343841

-0.307656
0.102986
-0.945908
-1.66027
0.501998

-0.901157
-0.374109
-0.218993
0.947586
0.000269357

0.901157
0.374109
0.218993
-3.08068
1.62344

0.0537267
0.966333
-0.251621
0.608554
0.00971092

-0.0537267
-0.966333
0.251621
-0.163909
0.085695

0.735146
-0.645745
-0.206335
0.878861
0.000405908

-0.824137
-0.201897
-0.529184
0.125388
0.0336491

-0.559543
0.483322
0.673284
0.833391
0.00277188

0.559543
-0.483322
-0.673284
-1.24846
0.37833

-0.0649982
0.997885
0
0.722063
0.00343018

0.0649982
-0.997885
0
0.647291
0.00501325

-0.802679
0.490606
0.339134
0.359545
0.0199415

0.802679
-0.490606
-0.339134
0.531523
0.0106708

-0.220086
0.664171
-0.71445
-0.219482
0.178487

0.220086
-0.664171
0.71445
-0.505536
0.271933

0.342059
-0.906338
-0.248087
-0.263379
0.0826346

-0.342059
0.906338
0.248087
0.80845
0.00190571

0.312494
0.737412
-0.598808
0.80164
0.0011531

-0.312494
-0.737412
0.598808
0.494896
0.00745785

0.645371
0.559795
0.519736
-0.217945
0.0938534

-0.701048
-0.280108
0.655798
-0.0093019
0.129235

-0.186597
0.970218
-0.154463
-1.83901
1.00301

0.186597
-0.970218
0.154463
0.47062
0.0348808

-0.314422
0.264472
-0.911698
-9.00362
23.3259

0.314422
-0.264472
0.911698
0.893993
0.00262528

-0.536668
-0.274852
0.797774
0.707148
0.00559581

0.536668
0.274852
-0.797774
-0.438378
0.134446

-0.395225
0.329836
0.857325
0.444527
0.0326001

0.395225
-0.329836
-0.857325
-1.13027
0.476751

0.795631
-0.155076
-0.585596
0.164136
0.056835

0.18237
-0.954436
-0.236207
-2.25093
1.632

-0.18237
0.954436
0.236207
0.235783
0.0902058

-0.0737085
-0.495122
-0.865691
-13.311
64.4053

0.0737085
0.495122
0.865691
0.909858
0.00256558

-0.0689498
0.629878
0.773628
0.751698
0.00618309

0.0689498
-0.629878
-0.773628
-1.8383
0.797052

-0.274654
0.768879
0.577399
0.890532
0.000590379

0.274654
-0.768879
-0.577399
-0.404085
0.0937373

0.538174
0.205379
-0.817428
-0.747745
0.215822

-0.538174
-0.205379
0.817428
0.746358
0.00463422

0.804984
-0.495941
-0.325642
-0.203642
0.12921

-0.804984
0.495941
0.325642
0.164138
0.0623286

-0.235661
0.28321
0.929654
0.765958
0.0296623

0.235661
-0.28321
-0.929654
-22.4042
296.603

0.133522
0.837849
-0.529321
-1.56875
0.668777

-0.133522
-0.837849
0.529321
0.654647
0.0121396

0.0726016
-0.61142
0.787969
0.63194
0.012598

-0.0726016
0.61142
-0.787969
-1.19128
0.445509

0.269043
-0.662933
-0.698667
-0.878962
0.307872

-0.269043
0.662933
0.698667
0.588435
0.0163294

0.512497
0.0780418
-0.855135
0.777103
0.00182694

-0.315301
0.492277
-0.811325
0.983771
1.36494e-05

0.315301
-0.492277
0.811325
-1.02538
0.187317

0.589046
-0.279167
-0.758347
-2.10255
1.21022

-0.589046
0.279167
0.758347
0.54494
0.0261722

0.844156
0.536098
0
-1.57445
0.827676

-0.844156
-0.536098
0
0.356383
0.0524173

-0.173421
-0.799378
-0.575256
-0.23675
0.125105

0.173421
0.799378
0.575256
0.332435
0.0364656

-0.350492
-0.936566
0
0.157369
0.0599756

0.350492
0.936566
0
-0.0789615
0.0983311

0.56813
-0.162166
0.806803
-4.18236
5.38111

-0.56813
0.162166
-0.806803
0.34749
0.0855357

0.471624
0.765773
-0.437221
0.276522
0.0263869

-0.471624
-0.765773
0.437221
0.560714
0.00972949

0.91228
0.402836
0.0739488
-1.93341
1.0412

-0.91228
-0.402836
-0.0739488
0.545552
0.0250103

0.024482
0.775847
0.630446
0.702306
0.00788026

-0.024482
-0.775847
-0.630446
-1.26771
0.456867

-0.377472
-0.748524
-0.545184
-0.337382
0.161086

0.377472
0.748524
0.545184
0.247723
0.0509835

0.509908
-0.195503
0.837718
0.872096
0.0012706

-0.509908
0.195503
-0.837718
-1.52145
0.488718

-0.459122
0.368753
0.808225
0.680276
0.00513009

0.459122
-0.368753
-0.808225
0.124747
0.0378366

0.283118
0.0120469
0.95901
0.30524
0.161132

-0.283118
-0.0120469
-0.95901
-9.20904
34.7725

-0.29185
-0.660489
-0.691793
0.855644
0.0010596

0.29185
0.660489
0.691793
-0.318965
0.0853128

0.682769
-0.409896
0.604823
0.577115
0.00777521

-0.682769
0.409896
-0.604823
0.442046
0.0134952

-0.687957
-0.134394
0.7132
0.189858
0.0697164

0.687957
0.134394
-0.7132
-0.690308
0.303347

0.715067
0.212594
-0.665945
-0.473784
0.145672

-0.715067
-0.212594
0.665945
0.693956
0.00634759

-0.882238
-0.34206
-0.323499
0.471906
0.0164445

0.882238
0.34206
0.323499
0.174851
0.0401181

-0.707107
-0.707107
0
-0.187966
0.505098

0.707107
0.707107
0
0.667041
0.248427

-0.698581
-0.39314
0.597851
0.464607
0.0208839

-0.68982
0.317585
-0.650605
0.199833
0.0762572

-0.921217
0.240086
-0.306135
-0.106261
0.0430911

0.557993
0.292654
-0.776529
0.989149
8.69772e-05

0.896437
0.215002
0.387523
0.937552
0.000325034

-0.896437
-0.215002
-0.387523
-2.22876
0.853816

0.248343
0.563955
-0.787579
0.182231
0.164858

-0.248343
-0.563955
0.787579
-5.30995
9.79914

0.21739
-0.696185
-0.684154
-0.548545
0.104792

-0.21739
0.696185
0.684154
0.945559
0.000131191

0.424086
0.359476
0.831221
0.494278
0.008843

0.0092971
-0.942854
-0.333076
-16.3776
124.712

-0.0092971
0.942854
0.333076
0.785462
0.0190223

0.593162
-0.531647
-0.604574
-1.49463
1.00843

-0.593162
0.531647
0.604574
-0.293216
0.271142

0.574263
-0.497218
0.650382
0.632221
0.0361001

-0.574263
0.497218
-0.650382
-8.19451
22.5056

0.704036
0.588377
-0.397676
0.218768
0.0352324

-0.704036
-0.588377
0.397676
0.460811
0.0167868

0.18383
0.351399
0.918001
-0.147427
0.147743

-0.18383
-0.351399
-0.918001
-0.397106
0.21888

0.764032
-0.613201
-0.200597
0.84651
0.000820024

-0.764032
0.613201
0.200597
0.225464
0.0208038

-0.646492
-0.762921
0
-1.50425
0.486922

0.646492
0.762921
0
0.863293
0.00145202

-0.164614
-0.189247
0.968033
0.975472
0.000177498

-0.477483
0.473992
0.739825
0.778753
0.00765289

0.00746884
0.83883
-0.544342
0.696582
0.00318136

-0.00746884
-0.83883
0.544342
0.508512
0.00834134

0.0429474
0.30443
-0.951566
-10.0761
36.3021

-0.0429474
-0.30443
0.951566
0.708734
0.0251209

0.582023
0.0495218
0.811663
0.622665
0.0148174

-0.582023
-0.0495218
-0.811663
-1.53299
0.661862

-0.769572
0.319498
0.552883
0.570924
0.0405233

0.769572
-0.319498
-0.552883
-5.86522
10.3547

0.19231
0.449133
-0.872523
0.926509
5.2231e-05

-0.19231
-0.449133
0.872523
0.856087
0.000196268

-0.428804
-0.480518
0.765003
0.735953
0.0204846

0.428804
0.480518
-0.765003
-10.156
36.4014

0.817595
0.488954
-0.304076
0.884657
0.00157915

-0.0760838
-0.952482
0.294941
0.102369
0.095852

0.0760838
0.952482
-0.294941
-0.909022
0.433423

-0.458944
-0.484033
-0.745039
0.994933
5.07352e-06

0.458944
0.484033
0.745039
-5.83515
6.09915

0.229499
0.411567
-0.882011
-4.94857
5.84406

-0.229499
-0.411567
0.882011
0.806564
0.00626883

0.265887
-0.174678
0.948046
0.96609
0.000179691

-0.265887
0.174678
-0.948046
-6.22828
8.0708

-0.852062
0.261648
0.453354
0.870955
0.00456016

0.852062
-0.261648
-0.453354
-10.6463
37.0119

-0.481459
0.680318
0.552599
0.828369
0.00976219

0.481459
-0.680318
-0.552599
-12.9021
63.8411

0.841553
-0.493058
-0.220641
-1.10638
0.283244

-0.841553
0.493058
0.220641
0.895981
0.000693679

0.540758
-0.67324
0.504309
0.0553348
0.0861431

-0.540758
0.67324
-0.504309
-0.25262
0.151398

0.0182317
-0.203588
0.978887
0.335282
0.0539091

-0.0182317
0.203588
-0.978887
-1.41167
0.705894

0.159681
-0.412682
-0.896769
-23.0283
298.641

-0.159681
0.412682
0.896769
0.877407
0.00783384

-0.407774
0.890545
-0.201619
-0.403608
0.191733

0.407774
-0.890545
0.201619
0.156954
0.0691768

0.337218
-0.215846
0.916348
0.738535
0.00181378

-0.337218
0.215846
-0.916348
0.659905
0.00306544

0.90816
0.0603946
0.414243
0.268526
0.0298921

0.744555
0.667561
0
0.177337
0.06129

-0.744555
-0.667561
0
-0.255352
0.142702

0.474722
-0.0303878
0.879611
0.448332
0.0859952

-0.474722
0.0303878
-0.879611
-7.82673
22.014

0.350328
-0.907196
-0.23295
0.721452
0.0134812

0.367118
0.0643761
-0.927944
-7.99969
15.749

-0.367118
-0.0643761
0.927944
0.952398
0.000443373

-0.0475185
0.471883
-0.880379
-13.0165
63.9889

0.0475185
-0.471883
0.880379
0.854056
0.00700601

-0.285111
-0.087645
0.954479
0.960393
0.000771646

-0.320623
0.0605622
0.945269
0.982531
0.000112693

0.349273
0.883454
0.312277
-0.716293
0.563648

-0.349273
-0.883454
-0.312277
-1.68175
1.37611

-0.930413
-0.366512
0
0.89735
0.00440259

0.392085
-0.702026
0.594499
0.742554
0.0124043

-0.392085
0.702026
-0.594499
-5.43615
7.71923

-0.776038
0.461181
0.430206
0.151477
0.0528619

0.776038
-0.461181
-0.430206
0.187199
0.0485087

0.588499
-0.763096
0.26712
0.975276
2.19718e-05

-0.588499
0.763096
-0.26712
-0.361221
0.0633852

-0.827975
0.521824
-0.205322
-0.456457
0.227671

0.827975
-0.521824
0.205322
0.000100851
0.107314

-0.543354
-0.0175732
-0.83932
-1.07772
0.22103

0.543354
0.0175732
0.83932
0.966785
5.68779e-05

0.363877
-0.211936
-0.907015
-0.252619
0.15134

-0.313749
-0.344567
0.88478
0.869713
0.00549698

0.313749
0.344567
-0.88478
-13.0918
64.1254

0.227753
0.708202
-0.668265
0.37501
0.0104031

-0.189055
-0.929585
-0.316435
-0.596699
0.188275

0.189055
0.929585
0.316435
0.653586
0.00913188

-0.515165
-0.547056
-0.659799
-8.48873
22.8479

0.515165
0.547056
0.659799
0.748541
0.0161111

-0.252823
0.0838572
0.963872
0.956089
0.000110078

0.252823
-0.0838572
-0.963872
-0.660796
0.12267

0.641622
0.0443274
0.765739
0.927494
0.00103683

0.940179
0.340681
0
-0.0358294
0.04315

-0.940179
-0.340681
0
0.901668
0.00101525

-0.390867
-0.144646
0.909011
0.872186
0.00195685

0.390867
0.144646
-0.909011
-3.39907
2.31598

0.260422
-0.307454
0.915234
0.856302
0.00204997

-0.260422
0.307454
-0.915234
-2.36914
1.12259

-0.351427
0.00490343
0.936202
0.387034
0.0449715

0.351427
-0.00490343
-0.936202
-1.45186
0.715595

0.0416672
0.943401
0.329026
0.727977
0.00359194

-0.0416672
-0.943401
-0.329026
0.0508775
0.0436892

0.139942
0.699711
-0.700586
-22.9485
298.45

-0.139942
-0.699711
0.700586
0.86529
0.00948336

0.823486
-0.310277
0.474972
0.361954
0.0490044

-0.823486
0.310277
-0.474972
-1.43209
0.711069

-0.437901
-0.525242
0.729633
0.436594
0.0576806

0.437901
0.525242
-0.729633
-3.79288
4.17296

-0.312397
-0.126489
0.941493
0.933585
0.000292536

0.312397
0.126489
-0.941493
-1.11649
0.261618

0.648603
-0.421619
0.63368
0.510292
0.027224

-0.648603
0.421619
-0.63368
-1.55846
0.740423

0.716253
-0.419031
-0.558028
0.923324
0.000161149

-0.716253
0.419031
0.558028
0.249681
0.0153811

-0.634529
0.653151
-0.41324
0.00883222
0.0560554

0.634529
-0.653151
0.41324
0.614834
0.008471

-0.724494
0.152025
0.672307
0.0192552
0.105309

0.724494
-0.152025
-0.672307
-0.532414
0.256864

0.590806
0.717629
-0.368724
-0.549771
0.171886

-0.425578
0.779208
-0.460127
0.420766
0.016021

0.425578
-0.779208
0.460127
0.496396
0.012111

0.123147
-0.684615
0.718426
0.787179
0.00162291

0.536226
-0.141202
-0.83218
-0.676894
0.149507

-0.536226
0.141202
0.83218
0.899507
0.000562648

0.263582
0.477904
0.837933
0.740934
0.0152296

-0.263582
-0.477904
-0.837933
-7.19698
15.2198

-0.259627
-0.790465
0.55476
-0.421718
0.207652

0.259627
0.790465
-0.55476
0.0653431
0.089806

-0.340342
-0.527876
-0.778148
0.153324
0.0577585

0.407167
-0.613803
0.676358
0.810303
0.00890318

-0.407167
0.613803
-0.676358
-8.67842
23.0402

0.579187
-0.391375
0.715101
0.70891
0.00129217

-0.288481
-0.288351
0.913034
0.925587
0.000907854

0.524104
-0.4909
0.69594
0.627397
0.0107474

-0.548505
0.51584
0.658065
0.530097
0.0165047

0.548505
-0.51584
-0.658065
-0.349158
0.135386

0.501981
0.660017
-0.558922
-1.57446
1.03787

-0.501981
-0.660017
0.558922
-0.144209
0.205136

0.132893
-0.300573
0.944455
0.987743
7.20272e-05

0.357301
-0.693048
0.626116
0.463444
0.00549183

0.614524
0.052248
-0.787166
-0.94547
0.231449

-0.614524
-0.052248
0.787166
0.887378
0.000785687

0.0622369
-0.482827
0.873501
0.740934
0.0153108

-0.0622369
0.482827
-0.873501
-7.19698
15.2106

0.428049
0.177125
0.886229
0.988651
5.14822e-05

-0.343304
-0.828729
0.441984
0.821529
0.00231665

0.343304
0.828729
-0.441984
-0.717878
0.185888

0.023081
0.156433
0.987419
0.969703
0.000338095

0.598269
0.49238
0.632168
0.594009
0.0212999

-0.0628974
-0.00847059
-0.997984
-37.0651
1016.25

0.0628974
0.00847059
0.997984
0.992005
4.97108e-05

-0.599068
-0.0998038
-0.794454
0.706669
0.00332881

0.888426
0.45902
0
0.641946
0.0178082

-0.888426
-0.45902
0
-1.01179
0.351135

-0.701851
0.0863513
-0.70707
-1.43209
0.711102

0.701851
-0.0863513
0.70707
0.361954
0.0489776

-0.276684
0.374889
0.884819
0.905641
0.000248561

0.441558
0.781987
-0.439913
0.134394
0.0616376

-0.441558
-0.781987
0.439913
-0.000317335
0.0823142

0.853512
0.521073
0
-0.0133677
0.0631456

-0.853512
-0.521073
0
0.805577
0.00769542

0.348408
-0.855677
-0.382661
-1.09874
0.470928

-0.348408
0.855677
0.382661
0.403022
0.0381411

0.126919
0.303681
0.944282
0.963943
0.000283095

-0.126919
-0.303681
-0.944282
-9.42044
23.5789

-0.267117
-0.263725
0.926875
-0.387475
0.233449

0.267117
0.263725
-0.926875
-0.354463
0.222503

0.473976
0.0409013
0.879587
0.815781
0.0139156

-0.473976
-0.0409013
-0.879587
-16.5123
124.973

-0.192305
0.0981307
-0.976416
0.52837
0.0115324

0.192305
-0.0981307
0.976416
0.305989
0.0247808

0.751908
-0.644422
0.13912
0.701928
0.0185099

-0.751908
0.644422
-0.13912
-6.12429
10.5722

0.587775
0.66624
-0.458961
0.642436
0.00891924

-0.587775
-0.66624
0.458961
-0.430254
0.142154

0.565603
0.181888
-0.80437
-6.37475
10.7502

-0.565603
-0.181888
0.80437
0.802527
0.00771636

-0.641651
-0.348941
0.683026
0.689929
0.0157636

0.641651
0.348941
-0.683026
-4.17002
4.37988

-0.429765
0.637203
0.639746
0.660511
0.0102635

0.429765
-0.637203
-0.639746
-1.12181
0.398127

-0.675472
0.494642
0.546869
0.778993
0.00225841

0.675472
-0.494642
-0.546869
0.032223
0.0427062

-0.605988
-0.468092
-0.643171
0.954811
0.000396304

0.825645
0.263281
0.498992
-0.532413
0.455113

-0.825645
-0.263281
-0.498992
-2.00354
1.74793

0.512667
-0.858587
0
0.679962
0.00568536

-0.924718
0.380653
0
0.764244
0.0109041

-0.756985
-0.0327934
0.652609
0.663427
0.00366962

0.98334
0.181776
0
-0.435911
0.186435

-0.98334
-0.181776
0
0.334371
0.042799

-0.47554
-0.549357
-0.687072
0.0192552
0.105315

0.47554
0.549357
0.687072
-0.532414
0.256869

0.201883
0.0660289
0.977181
0.933266
0.000609928

0.0231001
0.164339
-0.986133
-0.404876
0.0839547

0.376416
0.44611
0.811971
0.822545
0.00445782

-0.376416
-0.44611
-0.811971
-3.99919
3.5318

0.360486
0.324134
0.874635
0.8606
0.000522968

-0.00717192
-0.317077
0.948373
0.939335
0.000735167

0.00717192
0.317077
-0.948373
-7.91867
15.7103

-0.575239
-0.161586
-0.801866
-0.34898
0.120558

0.575239
0.161586
0.801866
0.653701
0.00804628

0.368477
-0.528418
-0.764852
0.648938
0.0222641

-0.553039
-0.833155
0
0.941409
0.00030387

-0.408944
0.397332
0.821518
0.840591
0.00706864

0.200774
-0.0246055
0.979328
0.935638
0.00309258

-0.200774
0.0246055
-0.979328
-36.0721
1013.51

-0.827422
-0.330708
-0.453877
-1.03017
0.300397

0.827422
0.330708
0.453877
0.802593
0.00286272

0.0729763
0.871897
0.48422
0.0868642
0.083112

-0.0729763
-0.871897
-0.48422
-0.372079
0.18764

-0.0869354
0.443163
0.892215
0.385073
0.0135416

0.0869354
-0.443163
-0.892215
0.755046
0.00215676

0.810097
0.52432
0.262358
0.816634
0.00170133

-0.810097
-0.52432
-0.262358
-0.239556
0.0774461

0.222505
0.379338
0.898106
0.693657
0.00825442

-0.222505
-0.379338
-0.898106
-1.15755
0.402999

0.386102
0.609156
-0.692715
-0.275613
0.0975582

-0.386102
-0.609156
0.692715
0.710073
0.00510552

0.326004
0.476845
-0.816297
0.722552
0.00442246

-0.326004
-0.476845
0.816297
-0.215429
0.0844518

0.242611
-0.56752
-0.786804
-23.1684
299.145

-0.242611
0.56752
0.786804
0.897205
0.00542137

-0.951565
-0.116447
-0.284541
-2.52627
1.14522

0.951565
0.116447
0.284541
0.917712
0.000688265

0.0643811
-0.320547
0.945042
0.193468
0.072993

-0.0643811
0.320547
-0.945042
-0.863418
0.389301

-0.32307
-0.897506
-0.300182
-4.77555
5.76191

0.32307
0.897506
0.300182
0.731318
0.0124838

0.185067
-0.796973
0.574965
0.749987
0.00396741

-0.185067
0.796973
-0.574965
-0.479261
0.137418

-0.686357
-0.241322
0.68606
0.31685
0.0642762

-0.757269
-0.633964
-0.15695
0.243105
0.012579

-0.167358
-0.763173
0.624146
-0.493295
0.138325

0.167358
0.763173
-0.624146
0.763636
0.00347083

0.391867
-0.477367
-0.786486
-0.0743229
0.0761143

-0.391867
0.477367
0.786486
0.515034
0.0156111

0.591831
0.0739453
-0.802664
-0.336737
0.106786

0.735044
-0.084512
-0.672732
0.0805521
0.0984304

-0.735044
0.084512
0.672732
-0.802121
0.377652

-0.239257
0.104794
0.965285
0.935872
0.00024533

0.239257
-0.104794
-0.965285
-0.805146
0.166421

-0.671373
-0.517739
0.530287
0.972637
7.11369e-05

0.703748
0.453459
0.546913
0.816903
0.00174981

-0.703748
-0.453459
-0.546913
-0.272603
0.0831432

-0.0238615
0.597667
0.80139
0.75171
0.00774051

0.30839
-0.446493
0.839964
0.876967
0.00220071

-0.30839
0.446493
-0.839964
-4.60568
4.56179

0.937904
0.346896
0
0.49272
0.0473999

-0.937904
-0.346896
0
-2.49551
1.64958

0.0858794
0.486633
-0.869375
0.559363
0.00423972

-0.0858794
-0.486633
0.869375
0.884934
0.000293488

0.095717
0.312831
-0.944974
0.717122
0.00167722

-0.095717
-0.312831
0.944974
0.803994
0.000805756

-0.806705
0.377189
0.454924
0.32587
0.0216708

0.806705
-0.377189
-0.454924
0.579143
0.00846616

0.331654
-0.346178
0.877591
0.951362
0.000156345

-0.331654
0.346178
-0.877591
-1.51104
0.401727

-0.121134
0.373082
0.919857
0.748621
0.00482718

-0.879883
-0.3454
-0.326349
0.640602
0.0071455

0.879883
0.3454
0.326349
0.0179087
0.0532452

-0.399343
-0.643327
0.653189
0.544369
0.0509594

-0.732515
0.103542
-0.672831
-0.962122
0.317803

0.732515
-0.103542
0.672831
0.676894
0.00861896

-0.474468
0.456927
-0.752395
-1.7955
0.707172

0.474468
-0.456927
0.752395
0.817061
0.00303215

0.698827
0.426366
-0.574327
0.0751563
0.062898

-0.698827
-0.426366
0.574327
0.254273
0.0409013

0.0228803
-0.560452
-0.827871
-2.25592
1.42781

-0.0228803
0.560452
0.827871
0.491095
0.0349017

0.270451
0.877186
0.396737
0.85009
0.00215301

0.290687
-0.453661
-0.842433
0.918606
0.000649154

0.645719
-0.494803
-0.581565
0.685334
0.00331211

-0.645719
0.494803
0.581565
0.553285
0.00666552

0.299057
0.0459525
-0.953128
-4.34226
5.49643

-0.299057
-0.0459525
0.953128
0.472317
0.0536922

-0.381639
0.646972
0.660135
-0.691495
0.351413

0.381639
-0.646972
-0.660135
-0.116908
0.154861

0.939235
0.343276
0
-0.409891
0.180954

-0.939235
-0.343276
0
0.385853
0.0442435

-0.725589
0.612721
0.313199
0.716449
0.0047048

0.725589
-0.612721
-0.313199
-0.244791
0.0906082

0.85034
-0.0407672
0.524652
0.94009
0.000428976

-0.85034
0.0407672
-0.524652
-3.97098
2.90931

0.041202
0.999151
0
0.840543
0.00235722

-0.041202
-0.999151
0
-1.83201
0.708434

0.404112
-0.61627
0.675947
-0.604964
0.12051

-0.404112
0.61627
-0.675947
0.933832
0.000205939

0.200907
-0.324088
0.924447
0.891483
0.000682144

-0.999517
0.0310724
0
-0.0420425
0.172974

0.999517
-0.0310724
0
-1.82685
1.27264

-0.190818
0.0297607
0.981174
0.840812
0.00180071

0.190818
-0.0297607
-0.981174
-1.08686
0.305738

-0.351527
-0.864428
0.359434
0.353589
0.0261981

0.351527
0.864428
-0.359434
0.2233
0.0378202

-0.455746
0.39686
-0.796742
-3.7595
2.86111

0.455746
-0.39686
0.796742
0.879537
0.00183463

0.167569
0.0465659
-0.98476
-0.388073
0.189968

0.484221
0.146294
0.862628
0.697856
0.00574747

-0.407495
0.772241
-0.487434
0.834298
0.00151289

0.407495
-0.772241
0.487434
-0.442024
0.112961

-0.268369
-0.663222
0.698652
0.648601
0.00614735

0.268369
0.663222
-0.698652
0.181368
0.0330375

-0.547275
-0.822587
-0.154404
-0.113442
0.0396544

0.547275
0.822587
0.154404
0.95725
5.9057e-05

-0.4695
0.809797
0.35185
-3.24263
1.64177

0.4695
-0.809797
-0.35185
0.978713
4.29358e-05

-0.245267
0.335209
0.909659
0.140805
0.0490912

0.245267
-0.335209
-0.909659
0.345592
0.0284873

0.0492278
-0.764567
-0.642662
0.61683
0.00865

-0.0492278
0.764567
0.642662
-0.04593
0.0643378

-0.0750068
-0.451693
0.889015
0.953298
0.00029266

0.243034
-0.0496908
0.968744
0.918476
0.000623872

-0.243034
0.0496908
-0.968744
-2.5286
1.14732

-0.907174
0.420755
0
-0.965954
0.533377

0.907174
-0.420755
0
-0.213671
0.20341

-0.418335
-0.691856
0.5885
0.000399828
0.0962273

0.418335
0.691856
-0.5885
-0.183785
0.134909

0.252626
0.967564
0
0.339885
0.0651014

0.543698
0.839281
0
-0.0507408
0.0377814

0.00940707
0.43691
0.899456
0.959397
0.000116973

-0.687506
0.514764
-0.512204
0.54494
0.0261049

0.687506
-0.514764
0.512204
-2.10255
1.21055

-0.543419
0.0527807
0.837801
0.834576
0.000833698

0.543419
-0.0527807
-0.837801
0.466582
0.00815837

0.473779
0.195513
-0.858667
0.926116
0.000160979

-0.222065
0.529359
0.81882
0.518892
0.0198713

0.403083
-0.7013
-0.587965
-0.660695
0.148598

-0.403083
0.7013
0.587965
0.89036
0.000653113

0.453074
-0.141531
0.880166
0.707186
0.0104056

-0.453074
0.141531
-0.880166
-2.52692
1.5089

0.205444
-0.327614
0.922205
0.0530746
0.146061

-0.205444
0.327614
-0.922205
-2.11082
1.57265

-0.423178
0.539514
-0.727905
-1.26492
0.60584

0.423178
-0.539514
0.727905
0.314862
0.0554768

-0.773131
0.102226
0.625954
0.58304
0.0280119

0.773131
-0.102226
-0.625954
-3.56188
3.35036

0.0843413
0.328534
-0.940719
-0.492368
0.130176

-0.0843413
-0.328534
0.940719
0.804536
0.00225613

0.52699
0.758988
0.382386
0.298603
0.0416754

-0.52699
-0.758988
-0.382386
-0.264801
0.135427

0.153708
-0.130814
-0.979419
-0.287231
0.188418

-0.153708
0.130814
0.979419
-0.287231
0.188418

-0.861168
0.425292
0.278417
0.556268
0.0048578

0.861168
-0.425292
-0.278417
0.841937
0.000617031

-0.179478
0.921239
-0.345117
0.894879
0.000342239

0.179478
-0.921239
0.345117
0.214638
0.0190915

0.741596
0.360242
0.565917
0.703227
0.00200407

0.588035
-0.0708537
-0.805726
-0.851203
0.356263

-0.588035
0.0708537
0.805726
0.323197
0.0476625

-0.401292
-0.243999
0.882853
0.634064
0.0169403

0.401292
0.243999
-0.882853
-2.42382
1.47956

0.373564
0.49216
0.786275
0.827437
0.00163556

-0.373564
-0.49216
-0.786275
-0.393396
0.104244

0.355186
0.400985
-0.844425
-0.481341
0.267696

-0.355186
-0.400985
0.844425
-0.284058
0.201216

0.755131
0.0384482
-0.654445
0.267873
0.029758

-0.549948
0.00876919
-0.835153
-0.315857
0.099837

0.549948
-0.00876919
0.835153
0.754908
0.00346496

-0.587879
0.39333
-0.706887
0.965356
0.000604201

0.587879
-0.39333
0.706887
-23.8174
300.44

0.331741
-0.0570874
-0.941642
-6.31688
8.08225

-0.331741
0.0570874
0.941642
0.977417
8.92182e-05

0.86451
-0.443541
-0.23642
0.9457
0.000149187

-0.86451
0.443541
0.23642
-0.830142
0.167425

0.612126
-0.589758
-0.52677
-6.33582
10.7219

-0.612126
0.589758
0.52677
0.788465
0.00895021

0.69177
-0.551071
0.466663
-0.574961
0.331868

-0.69177
0.551071
-0.466663
-0.456145
0.283699

0.290601
-0.211038
-0.933281
-2.07182
1.5558

-0.290601
0.211038
0.933281
-0.00303149
0.16624

0.769077
0.251058
-0.587785
0.770354
0.0056094

-0.769077
-0.251058
0.587785
-2.20679
1.09161

-0.717397
-0.17375
0.67465
0.814381
0.00301607

0.526789
-0.491978
-0.693146
0.99773
1.15518e-06

-0.902909
-0.0159736
0.429536
-1.05957
0.424311

0.902909
0.0159736
-0.429536
0.485108
0.0265304

-0.415626
-0.282395
0.864586
0.921756
0.000850569

-0.28745
-0.126089
0.94946
0.953192
0.000164309

0.565014
-0.0414078
-0.824041
-0.40398
0.117486

-0.565014
0.0414078
0.824041
0.763384
0.00341878

-0.409512
-0.409626
-0.815173
0.016701
0.125791

0.409512
0.409626
0.815173
-1.08037
0.562124

0.233253
-0.394976
-0.888587
-0.672873
0.182181

-0.233253
0.394976
0.888587
0.785725
0.00307933

-0.111418
-0.882234
0.457437
0.00982165
0.188615

0.111418
0.882234
-0.457437
-2.96071
3.01765

-0.828444
0.122492
0.546512
0.346709
0.0580674

0.828444
-0.122492
-0.546512
-1.91159
1.1532

-0.873126
-0.487495
0
-7.44745
14.7287

0.873126
0.487495
0
0.827603
0.0104612

-0.679759
-0.0281985
0.732893
0.684421
0.00483708

-0.161456
0.893752
0.418497
-2.24331
1.09894

0.161456
-0.893752
-0.418497
0.791853
0.00454713

0.0365167
0.556724
0.829894
0.824867
0.00232059

-0.140021
0.876526
0.46054
0.943872
0.000441509

0.587462
-0.0203259
0.808996
0.550518
0.0152996

-0.587462
0.0203259
-0.808996
-0.410452
0.149442

0.426305
-0.806701
-0.409264
0.47235
0.015052

-0.426305
0.806701
0.409264
0.299092
0.0265361

0.913549
-0.193738
0.357623
0.961208
5.3555e-05

-0.913549
0.193738
-0.357623
-0.213307
0.0495133

0.783185
0.621789
0
-0.882574
0.395459

0.543573
0.0908485
0.834431
0.767584
0.00321237

0.387697
-0.430155
0.815266
0.757706
0.00152055

-0.387697
0.430155
-0.815266
0.652057
0.00313181

0.186106
0.335305
-0.923545
-3.521
2.34055

-0.186106
-0.335305
0.923545
0.912789
0.000915625

-0.6389
-0.503724
-0.581438
0.679262
0.00587781

-0.00162985
-0.483765
0.875196
0.952442
0.00167264

0.00162985
0.483765
-0.875196
-36.2852
1014.39

-0.67604
-0.368684
-0.637999
-8.42436
22.778

0.67604
0.368684
0.637999
0.725286
0.0194206

0.838198
0.342965
0.424027
0.506345
0.0133103

-0.0220642
-0.96715
0.253246
0.637802
0.00878425

0.0220642
0.96715
-0.253246
-0.336664
0.119494

-0.300141
-0.298909
0.905853
0.912789
0.000913971

0.300141
0.298909
-0.905853
-3.521
2.34067

-0.530539
0.56501
0.631896
-0.204179
0.165093

0.530539
-0.56501
-0.631896
-0.376006
0.215521

0.489195
-0.618256
0.615181
0.27412
0.116482

0.50859
0.494589
-0.704782
0.986046
6.82828e-06

0.492959
0.681868
-0.540414
0.848599
0.000767841

-0.492959
-0.681868
0.540414
0.261654
0.0182293

-0.129309
0.53642
0.833986
0.327392
0.0433397

0.129309
-0.53642
-0.833986
-0.619533
0.251231

-0.0621233
0.0139712
0.997971
0.986668
2.84978e-05

-0.0114103
0.124637
0.992137
0.49272
0.0365765

0.0114103
-0.124637
-0.992137
-2.49551
1.7243

0.431471
-0.812437
0.392146
-0.0515854
0.0435583

-0.263116
-0.484492
-0.834289
-0.884556
0.227115

0.263116
0.484492
0.834289
0.851509
0.00146834

0.36232
0.747811
0.556329
0.284079
0.0153419

0.125725
0.941351
0.313132
0.480974
0.00800816

-0.125725
-0.941351
-0.313132
0.802125
0.00117131

-0.0759173
-0.00343877
0.997108
0.99412
1.57711e-05

-0.612265
-0.414295
0.673418
0.649119
0.00870921

0.833834
-0.552016
0
-0.333673
0.245257

-0.833834
0.552016
0
-0.806019
0.449222

0.498721
0.180266
0.84781
-0.232383
0.0855482

-0.498721
-0.180266
-0.84781
0.742114
0.00383583

0.9051
0.102529
-0.412652
0.453781
0.0155929

-0.9051
-0.102529
0.412652
0.363637
0.0211533

-0.313293
0.926412
-0.208827
0.69057
0.0043814

0.313293
-0.926412
0.208827
0.20786
0.0286809

0.52488
-0.106096
-0.844538
-1.14537
0.704489

-0.52488
0.106096
0.844538
-0.373046
0.288778

0.245461
-0.815731
-0.523767
-0.297665
0.0664644

-0.245461
0.815731
0.523767
0.940216
0.000296469

0.731843
0.182231
0.656656
0.492519
0.0294689

-0.731843
-0.182231
-0.656656
-1.542
0.736703

-0.0883246
-0.0419238
-0.995209
0.415684
0.00788943

0.737899
0.443121
0.509067
0.486953
0.00980181

-0.737899
-0.443121
-0.509067
0.660286
0.00430208

-0.306233
0.172834
-0.936135
-10.5173
36.8495

0.306233
-0.172834
0.936135
0.84059
0.00714362

-0.532505
-0.0546181
-0.844663
-12.9324
63.8994

0.532505
0.0546181
0.844663
0.835393
0.00892749

0.0637475
-0.047462
0.996837
0.617106
0.00476041

-0.0637475
0.047462
-0.996837
0.675177
0.00345593

0.576604
-0.271105
0.770733
-6.28204
8.07809

-0.576604
0.271105
-0.770733
0.973253
0.000118681

-0.150101
0.847039
-0.509896
-1.6077
0.935902

0.150101
-0.847039
0.509896
0.185658
0.0913594

0.0777294
-0.653613
-0.752827
0.695501
0.0133975

0.670168
-0.473256
-0.571755
-0.825599
0.239357

-0.670168
0.473256
0.571755
0.757176
0.00427682

-0.660042
0.720866
-0.211416
0.298019
0.0224611

0.660042
-0.720866
0.211416
0.637001
0.00601089

0.484459
-0.784646
-0.386821
0.332584
0.0236167

-0.809638
-0.58693
0
0.280434
0.055181

0.809638
0.58693
0
-0.741187
0.312527

0.3566
0.387136
-0.850272
-0.0732977
0.0316191

-0.3566
-0.387136
0.850272
0.978293
1.39793e-05

0.797019
0.480306
0.366153
-0.564831
0.197701

-0.797019
-0.480306
-0.366153
0.539675
0.0171112

0.279711
-0.830304
-0.482034
-0.0672847
0.068601

-0.279711
0.830304
0.482034
0.605323
0.00938992

-0.749526
0.0320683
0.661198
0.503939
0.0186463

0.749526
-0.0320683
-0.661198
-0.332395
0.133919

-0.763648
-0.391184
-0.513631
0.0149574
0.0960051

-0.626827
0.722006
-0.29291
0.789129
0.00397171

0.342344
-0.12414
0.931338
0.924281
0.000615773

-0.342344
0.12414
-0.931338
-3.25924
1.93448

-0.520994
-0.231212
0.821648
0.799268
0.00386713

-0.947009
0.126169
0.295391
0.652352
0.00600704

0.552341
0.344217
-0.759232
-0.757177
0.314184

-0.552341
-0.344217
0.759232
0.307207
0.0489863

-0.374119
-0.289427
0.88106
0.883354
0.000847091

0.73949
0.673168
0
0.380476
0.0414303

-0.73949
-0.673168
0
-1.08228
0.467823

0.328855
-0.421198
0.845249
0.965093
0.000279171

0.27328
0.162771
0.948063
-2.07477
1.06175

-0.27328
-0.162771
-0.948063
0.68113
0.0115762

0.46987
0.360007
-0.805988
0.176699
0.0307344

-0.46987
-0.360007
0.805988
0.71341
0.0037251

0.726388
-0.225091
-0.64938
-0.531762
0.140995

-0.726388
0.225091
0.64938
0.798445
0.00248644

-0.273893
0.223675
-0.935389
-2.2438
0.968086

0.273893
-0.223675
0.935389
0.88231
0.00133512

-0.88479
-0.465991
0
0.630513
0.013486

-0.727816
-0.0543894
0.683612
-0.575785
0.174219

0.727816
0.0543894
-0.683612
0.692764
0.00669367

0.626084
0.418517
-0.657922
-1.11473
0.473928

-0.626084
-0.418517
0.657922
0.424345
0.0351302

0.706814
-0.518907
0.48078
0.0452769
0.0476879

-0.706814
0.518907
-0.48078
0.671921
0.00563472

-0.375573
-0.00465704
0.926781
0.957934
0.000449183

0.375573
0.00465704
-0.926781
-11.1572
37.4424

0.0403174
0.958705
0.281529
-0.293941
0.146835

-0.0403174
-0.958705
-0.281529
0.261336
0.047853

0.257615
-0.70109
0.664912
0.952385
6.09147e-05

-0.430348
-0.112513
0.895623
0.951699
0.000898357

-0.0920003
-0.804714
-0.58649
-0.825334
0.796242

0.0920003
0.804714
0.58649
-2.80183
3.45266

-0.283698
-0.290803
0.913755
0.925641
0.00145231

-0.0678824
-0.506303
-0.85968
-4.14483
3.5785

0.0678824
0.506303
0.85968
0.876775
0.00206647

-0.695452
-0.287704
-0.658462
-1.54825
0.662037

0.695452
0.287704
0.658462
0.636544
0.01481

-0.814486
-0.270971
0.513018
0.836958
0.00189162

0.814486
0.270971
-0.513018
-0.532587
0.133487

-0.541375
0.840781
0
-1.64749
1.06397

0.541375
-0.840781
0
-0.0199621
0.158144

0.231991
0.653439
0.720554
0.778246
0.0123102

-0.231991
-0.653439
-0.720554
-8.57616
22.9485

0.836351
-0.548195
0
0.195485
0.111328

-0.836351
0.548195
0
-2.21809
1.57722

-0.458821
0.458822
0.760898
0.783962
0.00857168

-0.812635
0.234566
0.533483
0.621618
0.0130112

0.213565
-0.911832
0.350646
0.023236
0.172909

-0.213565
0.911832
-0.350646
-2.63294
2.39178

0.776239
-0.433543
-0.457705
0.889863
0.00477525

-0.603076
-0.0482978
0.79622
0.821559
0.0035738

0.844723
0.535204
0
0.44991
0.00866546

-0.277219
0.283967
0.917885
0.820317
0.00322426

0.277219
-0.283967
-0.917885
-0.511347
0.134378

0.960406
-0.0268299
-0.277311
-0.115244
0.0679327

-0.960406
0.0268299
0.277311
0.715027
0.00444553

0.914096
0.024745
0.404743
0.844538
0.00165745

-0.914096
-0.024745
-0.404743
-1.0148
0.275971

-0.57368
0.271788
0.772672
0.239365
0.0622138

0.57368
-0.271788
-0.772672
-0.800323
0.347626

-0.881121
-0.0329626
-0.47174
-0.176023
0.0613929

0.881121
0.0329626
0.47174
0.863829
0.000827206

0.207185
0.639769
-0.740115
0.973469
8.02962e-05

-0.263526
0.0964615
0.959817
0.912553
0.00240562

0.263526
-0.0964615
-0.959817
-13.3274
64.429

0.0609927
0.616752
0.784791
0.824867
0.00225695

0.755344
-0.536083
-0.376923
-1.26531
0.24647

-0.755344
0.536083
0.376923
0.990299
5.36043e-06

-0.657376
-0.712224
-0.246157
0.829583
0.0019119

0.657376
0.712224
0.246157
-0.851792
0.224548

0.713846
-0.53058
0.457066
0.716346
0.0032063

-0.713846
0.53058
-0.457066
0.343675
0.0170555

-0.672826
-0.101269
0.732837
0.836922
0.00469699

0.672826
0.101269
-0.732837
-5.67967
7.85829

-0.741712
-0.553277
0.37914
0.413018
0.0130264

0.741712
0.553277
-0.37914
0.705099
0.00331085

-0.436438
-0.474933
-0.764173
-0.330339
0.119015

0.436438
0.474933
0.764173
0.629434
0.0092404

-0.302395
-0.671439
0.676555
0.636547
0.0101035

-0.00725279
-0.11429
0.993421
0.991397
5.71635e-05

-0.144794
-0.284319
0.947733
0.960881
7.03908e-05

-0.00648865
-0.601902
0.798544
0.834173
0.0041919

0.00648865
0.601902
-0.798544
-4.48264
4.51362

-0.508359
0.624771
-0.592649
-0.251479
0.225468

0.508359
-0.624771
0.592649
-1.06875
0.615815

-0.0973946
-0.852269
0.513957
0.0390306
0.103042

0.0973946
0.852269
-0.513957
-0.614811
0.290786

0.010829
0.0383171
0.999207
-0.476529
0.114951

-0.010829
-0.0383171
-0.999207
0.86021
0.00110773

0.370416
0.924692
0.087956
0.466658
0.0214237

-0.370416
-0.924692
-0.087956
-0.265765
0.120659

0.276335
-0.578476
-0.767466
-0.287231
0.188392

-0.276335
0.578476
0.767466
-0.287231
0.188392

0.137941
0.704776
-0.69589
-0.260812
0.162081

-0.137941
-0.704776
0.69589
-0.0539343
0.113256

-0.800089
-0.13324
0.584897
-2.1389
1.38823

0.800089
0.13324
-0.584897
0.371784
0.0557115

-0.239498
0.934061
-0.264898
-3.51335
2.78298

0.239498
-0.934061
0.264898
0.776949
0.00694484

-0.583284
0.294765
-0.756898
-1.43209
0.710957

0.583284
-0.294765
0.756898
0.361954
0.0490968

-0.0391032
0.0809955
0.995947
0.33131
0.0494479

0.0391032
-0.0809955
-0.995947
-1.04786
0.4612

0.321471
-0.900046
0.294233
0.871112
0.00226435

0.511039
-0.0580805
-0.857593
-1.00155
0.414353

-0.511039
0.0580805
0.857593
0.408805
0.0361961

0.523555
0.593678
0.611094
-0.22593
0.0894984

-0.523555
-0.593678
-0.611094
0.693516
0.00559954

-0.722253
0.424215
0.546253
0.476505
0.0184203

0.750496
0.242066
0.614947
0.593059
0.0105233

-0.750496
-0.242066
-0.614947
0.0703847
0.0504308

0.195055
0.422528
0.885112
0.30965
0.0151156

-0.195055
-0.422528
-0.885112
0.858372
0.000690206

-0.229232
0.500295
-0.83496
0.930029
0.000308389

0.229232
-0.500295
0.83496
-1.26512
0.319812

0.836074
0.497882
-0.230421
-4.38295
6.86845

-0.836074
-0.497882
0.230421
-0.0175772
0.245471

-0.326775
-0.71579
0.61714
0.692535
0.00203314

-0.564285
0.154495
0.810995
0.705777
0.00666043

0.564285
-0.154495
-0.810995
-0.838903
0.259203

-0.216788
0.485272
-0.847062
0.924812
0.000337637

0.216788
-0.485272
0.847062
-0.677336
0.140231

-0.919334
-0.231714
0.318015
0.681943
0.00511829

0.586413
0.627766
0.511888
0.433813
0.0236886

-0.586413
-0.627766
-0.511888
-0.167365
0.100502

0.47533
-0.466129
0.74618
0.797023
0.00394421

-0.47533
0.466129
-0.74618
-0.945981
0.270116

0.183471
0.525986
0.830468
-0.820508
0.179239

-0.183471
-0.525986
-0.830468
0.918086
0.000395926

-0.690042
0.330167
0.644075
0.63272
0.0115229

0.690042
-0.330167
-0.644075
-0.918849
0.31246

-0.960973
0.197272
-0.193946
0.520341
0.0125039

0.960973
-0.197272
0.193946
0.228967
0.0322983

0.171918
-0.805831
0.566639
0.516049
0.00518825

-0.171918
0.805831
-0.566639
0.901643
0.000229717

-0.217264
-0.749799
0.624979
0.719558
0.0035056

0.0309267
-0.86194
0.506067
0.61531
0.0235429

-0.0309267
0.86194
-0.506067
-3.60944
3.37219

-0.850432
-0.365754
-0.378138
0.907032
0.000748247

0.489581
-0.391509
0.779122
0.82819
0.00195026

-0.489581
0.391509
-0.779122
-0.849804
0.224394

0.558322
-0.14071
-0.817605
0.989022
1.82015e-05

-0.191213
0.757362
0.624371
0.768414
0.00601432

0.191213
-0.757362
-0.624371
-2.40302
1.28752

-0.222518
0.59639
-0.771236
-0.204627
0.145666

0.334842
-0.862545
0.379338
0.950467
0.000922521

-0.334842
0.862545
-0.379338
-17.355
126.528

0.789712
-0.40301
-0.462534
-0.967496
0.375202

-0.789712
0.40301
0.462534
0.488648
0.0253496

-0.0431326
-0.336765
0.9406
0.498484
0.0567369

-0.0130876
0.93732
0.348225
-0.257085
0.0502539

0.0130876
-0.93732
-0.348225
0.976145
1.82899e-05

0.867485
-0.497464
0
-5.29312
7.1123

-0.867485
0.497464
0
0.674941
0.0307964

-0.81541
-0.294321
-0.498479
-0.324005
0.0950317

0.81541
0.294321
0.498479
0.799764
0.00218003

-0.484446
0.327274
0.811297
-6.22828
8.0711

0.484446
-0.327274
-0.811297
0.96609
0.000179145

0.221104
0.192181
0.956127
0.952041
0.000369785

0.185612
0.970868
-0.151535
-0.331793
0.447164

0.725004
0.314864
0.612561
0.717713
0.0107188

-0.725004
-0.314864
-0.612561
-3.07622
2.22242

0.277494
-0.936951
0.212417
0.141472
0.0400064

-0.277494
0.936951
-0.212417
0.582477
0.00946788

0.149181
0.582036
-0.799362
-5.58758
7.80915

-0.149181
-0.582036
0.799362
0.804174
0.00691929

0.904643
0.42617
0
-0.331617
0.217227

-0.904643
-0.42617
0
-0.331617
0.217227

-0.518431
-0.211125
0.828647
0.779795
0.00290519

0.518431
0.211125
-0.828647
-0.464569
0.128372

-0.834084
0.105431
-0.541469
-3.06994
1.89567

0.834084
-0.105431
0.541469
0.859127
0.00229555

-0.070008
-0.768444
-0.636076
0.905381
0.000732179

0.070008
0.768444
0.636076
-1.83965
0.63905

-0.698356
-0.463721
-0.545217
-0.0647154
0.0570489

0.698356
0.463721
0.545217
0.754288
0.00307273

0.733992
-0.573496
0.363811
0.216475
0.0432688

0.0768275
-0.853809
-0.514886
-0.818569
0.206439

-0.0768275
0.853809
0.514886
0.850252
0.00142208

-0.0779486
-0.747316
0.659881
0.275932
0.0589733

0.0779486
0.747316
-0.659881
-1.01129
0.454083

-0.0831339
0.0188479
-0.99636
-13.9548
64.9616

0.0831339
-0.0188479
0.99636
0.983818
7.63358e-05

-0.596535
-0.204729
-0.776036
-8.84519
23.198

0.596535
0.204729
0.776036
0.856595
0.0049349

0.945131
0.326692
0
-7.63799
14.8161

-0.945131
-0.326692
0
0.880443
0.00589066

-0.818566
0.133359
-0.558717
-1.30885
0.385587

0.818566
-0.133359
0.558717
0.868185
0.00126272

0.0849357
-0.0040796
-0.996378
0.0594509
0.100674

-0.0849357
0.0040796
0.996378
-0.704406
0.330587

-0.0247678
0.285818
0.957964
0.704334
0.00525984

0.0247678
-0.285818
-0.957964
-0.270787
0.0971296

-0.248185
-0.0539223
0.967211
0.910416
0.000544702

0.248185
0.0539223
-0.967211
-1.30403
0.352153

-0.853182
-0.102789
-0.511385
0.748945
0.00605184

0.155144
-0.394444
-0.905728
0.234864
0.0518812

-0.155144
0.394444
0.905728
-0.281408
0.145503

0.0290662
-0.512779
-0.858028
0.993283
3.93592e-06

0.748978
-0.258101
0.610259
0.552117
0.00501201

-0.701301
0.307106
0.643322
0.84059
0.00710207

0.701301
-0.307106
-0.643322
-10.5173
36.865

-0.619711
-0.638102
-0.45693
-0.251479
0.225427

0.619711
0.638102
0.45693
-1.06875
0.615821

-0.586668
0.318097
-0.744739
-6.55175
10.8522

0.586668
-0.318097
0.744739
0.859575
0.00379924

-0.0515278
0.867272
-0.49516
0.958729
7.12229e-05

0.0515278
-0.867272
0.49516
-0.402668
0.0753196

-0.025282
0.501638
0.864708
0.447402
0.0248812

0.025282
-0.501638
-0.864708
-0.393929
0.157347

0.164368
-0.381628
0.909584
0.30524
0.161125

-0.164368
0.381628
-0.909584
-9.20904
34.7731

0.197155
0.0959389
0.975667
0.981344
9.20668e-05

0.77664
0.00716363
-0.629904
0.639713
0.00445765

-0.77664
-0.00716363
0.629904
0.594246
0.0056413

0.289054
0.758892
0.58355
-1.1713
0.312919

-0.289054
-0.758892
-0.58355
0.888546
0.000846544

0.647784
-0.364244
0.669105
-1.20158
0.591269

-0.647784
0.364244
-0.669105
0.221647
0.0739196

0.555607
-0.786924
-0.268424
-0.0906907
0.0607849

-0.555607
0.786924
0.268424
0.753657
0.00310921

-0.1947
0.590396
0.783278
0.767495
0.00191471

-0.278511
-0.414497
0.866386
0.572781
0.0186854

-0.158984
0.740027
-0.653517
0.738227
0.00619827

0.158984
-0.740027
0.653517
-1.42184
0.525305

-0.461367
-0.79027
0.403253
0.928043
0.000437552

-0.382496
0.426754
-0.819499
-3.71984
4.12769

0.382496
-0.426754
0.819499
0.375888
0.072229

0.886393
-0.376579
-0.26925
-0.746313
0.20095

-0.886393
0.376579
0.26925
0.797882
0.00269981

-0.0194589
0.673232
0.739176
-2.35278
1.9257

0.0194589
-0.673232
-0.739176
0.037787
0.158836

0.37974
0.36274
0.851009
0.849962
0.00211748

0.891212
-0.3962
-0.220832
-8.43467
29.509

-0.891212
0.3962
0.220832
0.151528
0.238681

0.660193
0.23897
0.712067
0.95054
0.000112512

-0.660193
-0.23897
-0.712067
-0.414494
0.0799

-0.562368
0.292525
0.773415
-0.866592
0.20978

0.562368
-0.292525
-0.773415
0.879721
0.000912282

-0.0264168
-0.169153
0.985236
0.991641
3.30499e-05

0.828626
0.556471
0.060982
-0.745918
0.318134

-0.828626
-0.556471
-0.060982
0.255982
0.0577893

-0.858385
-0.193135
0.475263
0.338645
0.0157385

0.858385
0.193135
-0.475263
0.778957
0.00177849

-0.156106
-0.966863
0.202005
0.851243
0.0017396

0.156106
0.966863
-0.202005
-1.37602
0.429388

0.437447
0.745655
0.502632
0.999296
2.46071e-07

-0.537372
-0.753351
0.379068
-0.094409
0.382267

0.537372
0.753351
-0.379068
-7.06287
20.744

-0.142712
-0.533569
0.833629
0.470148
0.0381764

0.142712
0.533569
-0.833629
-2.23411
1.42055

0.754247
0.256392
-0.604462
0.212283
0.0306416

-0.754247
-0.256392
0.604462
0.62445
0.00696966

0.192338
0.280025
0.940528
0.898377
0.00777946

-0.192338
-0.280025
-0.940528
-35.6859
1012.03

-0.776104
-0.227403
0.588175
-0.258983
0.197034

0.776104
0.227403
-0.588175
-0.566282
0.30495

-0.0916715
0.804466
-0.586883
-0.467066
0.164365

0.0916715
-0.804466
0.586883
0.558813
0.0149298

-0.315097
0.00433097
-0.94905
-7.61985
21.6845

0.315097
-0.00433097
0.94905
0.324205
0.133628

-0.00661213
0.469067
-0.883138
-0.832849
0.223094

0.00661213
-0.469067
0.883138
0.816014
0.00232711

0.387627
-0.397309
0.8318
0.822089
0.00194545

-0.387627
0.397309
-0.8318
-0.662777
0.169567

-0.618979
0.645117
0.447983
-0.289647
0.0982799

0.618979
-0.645117
-0.447983
0.726311
0.00442791

0.447609
0.203439
-0.870781
-9.01178
34.3615

-0.447609
-0.203439
0.870781
0.182713
0.229003

0.0477554
-0.859944
-0.508149
0.680024
0.00374384

-0.0477554
0.859944
0.508149
0.478117
0.00995349

-0.483785
-0.0830951
-0.871233
-1.93412
1.31361

0.483785
0.0830951
0.871233
0.117626
0.119086

0.648064
0.258178
0.716489
-2.42929
2.27605

-0.648064
-0.258178
-0.716489
-0.270596
0.312707

0.600536
-0.358652
0.714651
0.935755
0.000325444

-0.600536
0.358652
-0.714651
-2.06675
0.741263

-0.271948
0.962312
0
0.907457
0.000421725

0.271948
-0.962312
0
-0.109782
0.0475946

-0.0207454
-0.183898
0.982726
0.168116
0.0269089

0.0207454
0.183898
-0.982726
0.813345
0.00135815

0.407792
-0.102581
-0.907294
-1.52505
0.733012

-0.407792
0.102581
0.907294
0.473748
0.0318447

0.10065
0.852489
0.512964
0.777786
0.00605846

0.942745
-0.081269
0.32346
0.797005
0.00266428

-0.942745
0.081269
-0.32346
-0.686481
0.183106

0.466691
0.884421
0
-2.26872
1.10415

-0.466691
-0.884421
0
0.806048
0.00388981

-0.602588
-0.55854
0.570018
0.771562
0.00294819

-0.0663914
0.676317
0.733612
0.393698
0.0372902

0.0663914
-0.676317
-0.733612
-0.897842
0.36404

0.238114
0.0502885
0.969935
0.853646
0.00263363

-0.238114
-0.0502885
-0.969935
-0.887908
0.22831

-0.578881
0.652028
0.489649
-0.459907
0.113912

0.578881
-0.652028
-0.489649
0.848085
0.00125344

0.0590558
0.458194
0.886888
0.324202
0.133385

-0.429294
-0.0396729
-0.902293
-5.90253
10.39

0.429294
0.0396729
0.902293
0.591595
0.0363851

-0.786013
0.529399
-0.31925
0.0985782
0.0453158

0.786013
-0.529399
0.31925
0.583183
0.00969261

0.145111
-0.0813996
0.986061
0.943543
0.00123724

-0.15728
0.987554
0
0.787819
0.000905156

0.15728
-0.987554
0
0.787819
0.000905156

0.458285
0.236767
-0.856689
0.234864
0.0519277

0.402093
0.038307
-0.914797
0.791196
0.00199735

-0.286434
-0.892383
0.348725
0.740155
0.010081

-0.341972
0.354805
0.870154
0.733609
0.00590573

0.341972
-0.354805
-0.870154
-1.11067
0.36397

0.0140274
-0.744047
0.66798
0.780813
0.00807698

-0.0140274
0.744047
-0.66798
-4.88547
5.81882

0.584934
0.670211
0.456804
0.870438
0.000977454

0.510967
-0.339139
-0.789872
0.994998
1.78433e-06

-0.510967
0.339139
0.789872
-2.54463
0.876311

0.430521
0.349597
0.832126
-2.99925
1.60981

-0.430521
-0.349597
-0.832126
0.926029
0.000581518

0.594229
0.147841
0.790592
-0.239045
0.331475

-0.594229
-0.147841
-0.790592
-3.16457
3.74092

0.673453
-0.188567
0.714775
0.630636
0.026892

-0.673453
0.188567
-0.714775
-5.20898
7.56827

-0.7223
0.367852
-0.585635
0.801843
0.00327385

-0.356447
-0.800397
-0.481985
-0.373633
0.0976034

0.356447
0.800397
0.481985
0.84241
0.00130448

-0.647962
-0.0615321
0.759183
0.689929
0.0157784

0.647962
0.0615321
-0.759183
-4.17002
4.37942

-0.0306216
0.908238
0.417331
0.676696
0.00426391

0.0306216
-0.908238
-0.417331
0.376342
0.0158046

0.863858
-0.166012
0.475593
0.439874
0.018613

-0.863858
0.166012
-0.475593
0.208569
0.0371143

0.318483
0.442353
0.838387
0.338577
0.0771505

-0.318483
-0.442353
-0.838387
-3.26206
3.19348

-0.981626
0.179629
-0.0643789
-4.31158
4.44598

0.981626
-0.179629
0.0643789
0.761905
0.00894287

-0.390694
-0.811808
-0.433965
-1.05339
0.555469

0.390694
0.811808
0.433965
-0.0341671
0.140955

-0.791278
0.546803
0.273651
0.137743
0.078297

0.791278
-0.546803
-0.273651
-0.588139
0.265551

0.848071
0.414434
-0.330182
0.898882
0.000930203

-0.848071
-0.414434
0.330182
-2.2853
0.975003

-0.916338
-0.234137
0.324816
0.87382
0.000787573

0.916338
0.234137
-0.324816
-0.110873
0.0519586

-0.752446
0.161242
-0.638613
0.945255
0.00023653

0.752446
-0.161242
0.638613
-1.95574
0.650359

0.419752
-0.834054
-0.357998
-0.427153
0.353711

-0.419752
0.834054
0.357998
-1.61231
1.18493

-0.710461
0.0176752
0.703515
0.837212
0.00517068

0.710461
-0.0176752
-0.703515
-6.47819
10.8099

-0.145157
-0.661758
0.735531
0.754608
0.00368911

0.145157
0.661758
-0.735531
-0.438358
0.126653

-0.252306
-0.7831
0.568416
0.889666
0.00228477

-0.248317
-0.461708
0.851566
0.475493
0.0212145

0.248317
0.461708
-0.851566
-0.314911
0.132448

-0.444325
0.633609
0.633336
0.867245
0.00334445

-0.668349
0.340165
0.661511
0.646448
0.00525188

-0.977259
-0.212047
0
0.83263
0.00180506

0.977259
0.212047
0
-0.792661
0.204541

0.271561
-0.962421
0
-1.52753
0.595671

-0.271561
0.962421
0
0.727131
0.00745184

0.497297
-0.269368
0.824704
0.785462
0.00723012

-0.428303
-0.484823
0.762564
0.664127
0.00335232

0.137805
-0.135984
0.98108
0.737485
0.0053354

0.734857
-0.245745
-0.632134
0.624139
0.00623477

-0.349993
-0.675176
0.64934
0.756183
0.0088331

0.349993
0.675176
-0.64934
-3.85326
3.47617

0.464251
0.575284
-0.673438
0.944276
0.00155835

-0.254711
0.907729
-0.333391
-0.119062
0.0870805

0.254711
-0.907729
0.333391
0.477463
0.0190056

-0.608509
-0.397044
-0.687076
0.847137
0.00942877

-0.0747495
-0.444757
0.892526
0.4888
0.0467999

-0.439742
-0.823329
-0.358827
-0.392459
0.0984832

0.439742
0.823329
0.358827
0.856867
0.00105071

-0.390467
0.388945
0.83442
0.865704
0.00316379

0.390467
-0.388945
-0.83442
-5.76987
7.89706

0.0195886
0.352594
0.935571
0.869785
0.00357102

-0.440574
0.175321
0.88043
0.953415
8.04438e-05

0.440574
-0.175321
-0.88043
-0.298707
0.0620612

-0.575916
-0.180306
0.797377
-0.00555313
0.0479393

0.575916
0.180306
-0.797377
0.771146
0.00255196

-0.529489
-0.104598
-0.841844
0.954497
0.000150346

0.529489
0.104598
0.841844
-1.52177
0.402196

0.37063
-0.400123
0.838174
0.870603
0.000540595

-0.37063
0.400123
-0.838174
0.348478
0.0125738

-0.0283563
-0.243577
0.969467
0.302751
0.0867326

-0.868928
0.139221
-0.474954
0.924588
0.000408662

0.377555
0.0841384
-0.922157
0.524882
0.0090837

-0.377555
-0.0841384
0.922157
0.563482
0.00766788

-0.448894
0.822863
0.348412
0.506173
0.00544114

-0.335966
-0.859813
-0.38451
-1.04001
0.386316

0.335966
0.859813
0.38451
0.57555
0.0167542

0.0747245
-0.454262
-0.887729
0.752409
0.00188728

-0.94494
-0.327244
0
0.498853
0.0291343

0.94494
0.327244
0
-0.376206
0.157284

0.0798777
-0.863454
0.498063
0.691374
0.00487461

0.247788
0.432303
-0.867015
-36.6005
1015.61

-0.247788
-0.432303
0.867015
0.972534
0.000545068

0.662127
0.723532
-0.195163
-0.006145
0.136858

-0.662127
-0.723532
0.195163
-1.19253
0.649878

0.804764
-0.593595
0
0.197571
0.0968403

-0.804764
0.593595
0
-1.45743
0.783127

0.0508449
0.487328
0.871737
0.715052
0.00793895

0.332941
0.172565
0.927023
0.928205
0.000554208

-0.690746
-0.381218
-0.614446
-0.282622
0.115391

0.690746
0.381218
0.614446
0.56163
0.0134956

-0.20334
0.345293
-0.916202
-0.287232
0.137847

-0.147956
0.265218
0.952769
0.66308
0.0114825

0.147956
-0.265218
-0.952769
-0.796473
0.256284

0.0761955
-0.151258
0.985553
0.952198
0.000189259

0.819561
0.407611
0.402708
0.504912
0.0407587

-0.819561
-0.407611
-0.402708
-3.45579
3.29793

-0.176891
0.663573
-0.726898
0.922226
0.000583055

0.176891
-0.663573
0.726898
-2.75067
1.35371

-0.167622
-0.444886
0.879761
0.876516
0.000606442

0.169171
0.897833
0.406544
-1.48381
0.300624

-0.169171
-0.897833
-0.406544
0.996692
5.42649e-07

-0.262234
0.677308
-0.687377
0.981714
1.45213e-05

-0.219516
0.0245045
-0.975301
0.914292
0.00153662

-0.0898665
0.472461
0.876758
0.855579
0.00181588

0.0898665
-0.472461
-0.876758
-1.73008
0.625892

0.165286
0.111025
-0.979976
-16.9768
125.963

-0.165286
-0.111025
0.979976
0.901362
0.00379595

-0.982244
-0.107476
-0.153772
0.682637
0.00555751

-0.583872
-0.782996
0.214502
-0.296866
0.110142

0.583872
0.782996
-0.214502
0.639784
0.00850476

0.963947
0.258744
0.0621049
-0.496269
0.0865457

-0.963947
-0.258744
-0.0621049
0.967641
4.05518e-05

-0.0838837
-0.678466
0.729827
0.842283
0.000877741

0.283694
0.468627
-0.836604
-4.25147
3.60588

-0.283694
-0.468627
0.836604
0.909448
0.00111028

-0.459574
-0.374354
-0.805389
0.745325
0.00702773

-0.107922
-0.139553
0.984316
0.960954
0.000262382

-0.193632
-0.207893
0.958795
0.912566
0.00388202

0.193632
0.207893
-0.958795
-23.2874
299.482

0.770414
0.338141
0.540485
0.493745
0.0203251

-0.770414
-0.338141
-0.540485
-0.422862
0.160093

-0.125413
-0.735752
0.665538
-0.0145624
0.290923

0.125413
0.735752
-0.665538
-5.99099
13.8021

0.383196
-0.783895
-0.488537
0.652417
0.00435193

-0.383196
0.783895
0.488537
0.534464
0.00778367

0.118786
0.445821
-0.887206
-4.63993
4.57229

-0.118786
-0.445821
0.887206
0.887592
0.00182955

-0.557837
0.308809
-0.77036
-1.38036
0.571725

0.557837
-0.308809
0.77036
0.59847
0.0163895

0.961226
-0.171519
-0.215928
0.974695
2.30651e-05

0.480242
-0.549608
0.683592
0.262881
0.0458713

-0.480242
0.549608
-0.683592
-0.203507
0.122064

-0.408869
0.80759
-0.424999
0.174313
0.0747845

0.0240369
-0.374991
0.926717
0.410643
0.0409968

-0.0240369
0.374991
-0.926717
-1.47102
0.720424

0.528267
0.281742
-0.800971
0.591597
0.0363889

-0.117691
-0.99305
0
-0.197047
0.19431

-0.45437
0.30659
-0.836392
-8.72436
23.0899

0.45437
-0.30659
0.836392
0.823782
0.00760086

-0.527012
-0.822555
0.213683
-0.0205083
0.0659046

0.527012
0.822555
-0.213683
0.525591
0.0142497

-0.535691
-0.132698
-0.833922
-0.64684
0.114683

0.535691
0.132698
0.833922
0.965918
6.3336e-05

-0.997939
-0.0641766
0
0.850414
0.00236385

-0.743247
-0.602638
-0.290538
-0.264801
0.135409

0.743247
0.602638
0.290538
0.298603
0.0416582

-0.267223
-0.283946
0.920851
0.813444
0.00283996

0.328933
0.39361
0.858414
0.880949
0.000368937

-0.242291
-0.389156
-0.888737
0.829415
0.00214255

-0.487896
-0.39583
0.777995
0.600756
0.0179817

0.487896
0.39583
-0.777995
-1.80368
0.885202

0.0896828
0.37812
-0.921402
-23.6866
300.348

-0.0896828
-0.37812
0.921402
0.954657
0.00101586

0.888173
0.196977
0.415148
0.419848
0.0165644

-0.888173
-0.196977
-0.415148
0.46784
0.0139419

-0.886665
-0.462413
0
-1.38594
0.848689

0.886665
0.462413
0
-0.181519
0.229388

0.213942
0.704428
0.676764
0.696069
0.00161476

-0.213942
-0.704428
-0.676764
0.894835
0.000212625

0.391422
-0.442251
0.806972
0.787714
0.00755808

-0.391422
0.442251
-0.806972
-4.90193
5.82612

-0.447754
-0.495693
0.744181
0.74815
0.0184659

0.447754
0.495693
-0.744181
-10.1933
36.4711

-0.345317
0.228687
-0.910197
0.903282
0.000819901

0.119035
-0.702575
0.701584
0.722686
0.00279957

-0.0133005
-0.883247
0.468718
0.75112
0.0034822

-0.00701497
-0.74529
-0.666703
0.77484
0.00219678

-0.579052
-0.162868
0.798857
0.724166
0.010842

0.579052
0.162868
-0.798857
-3.41336
2.74968

0.691277
-0.582794
-0.427185
0.956613
8.30787e-05

-0.691277
0.582794
0.427185
-0.537827
0.0984502

0.704427
0.689519
-0.168365
0.433074
0.0221024

0.470426
0.882439
0
0.892646
0.000645214

-0.470426
-0.882439
0
-0.0235014
0.0403665
