
0.0143772
-0.824448
0.565756
0.72638
0.0100143

-0.0143772
0.824448
-0.565756
-3.09092
2.22736

-0.145623
-0.709872
0.689112
0.616896
0.0207855

0.427543
0.773503
0.467868
0.171067
0.0148872

-0.427543
-0.773503
-0.467868
0.98128
1.0046e-05

-0.0341832
-0.0999387
0.994406
-0.485266
0.289572

0.0341832
0.0999387
-0.994406
-0.485266
0.289572

-0.969931
-0.0421578
-0.239703
0.311182
0.0426082

0.969931
0.0421578
0.239703
-0.423378
0.181885

-0.450671
-0.549634
0.703419
0.757779
0.00579918

-0.111819
0.28351
0.952428
0.527783
0.0282856

0.111819
-0.28351
-0.952428
-2.08399
1.20539

-0.0552175
-0.0843594
0.994904
0.805293
0.00176456

-0.0559532
-0.510294
0.858178
0.174313
0.0749896

0.0559532
0.510294
-0.858178
-0.763756
0.34127

-0.31806
-0.474358
0.820867
0.296894
0.0519199

-0.429802
0.634678
0.642226
0.276557
0.0511483

0.429802
-0.634678
-0.642226
-0.590543
0.247184

0.784832
0.274528
-0.555584
-3.52985
4.84681

-0.784832
-0.274528
0.555584
-0.370268
0.443525

0.902443
-0.406809
0.141785
0.815209
0.00185849

-0.902443
0.406809
-0.141785
-0.378957
0.10338

0.238772
0.342998
0.908483
0.899573
0.00101089

-0.238772
-0.342998
-0.908483
-2.68262
1.34271

0.0146624
-0.45824
0.888708
-0.000317335
0.0825524

-0.0146624
0.45824
-0.888708
0.134394
0.0618715

0.0374237
-0.543405
-0.838636
0.425577
0.0225784

-0.0374237
0.543405
0.838636
0.00188005
0.0678532

0.935867
0.192054
-0.295411
-1.23867
0.544898

-0.935867
-0.192054
0.295411
0.440337
0.0340781

-0.354091
-0.625421
0.695318
0.786696
0.00230641

0.354091
0.625421
-0.695318
-0.120217
0.0622022

-0.780931
-0.312521
0.540811
-10.9528
37.2884

0.780931
0.312521
-0.540811
0.929273
0.00131817

-0.269853
-0.861062
-0.430989
-0.726716
0.229588

0.269853
0.861062
0.430989
0.66135
0.00886195

0.268746
0.833404
0.482922
0.573391
0.0180479

-0.268746
-0.833404
-0.482922
-1.24042
0.496407

0.336555
-0.303655
0.891361
0.459032
0.0174033

-0.336555
0.303655
-0.891361
0.180542
0.0398825

0.616973
0.284015
0.733948
0.360879
0.0252654

-0.616973
-0.284015
-0.733948
0.249673
0.0347463

0.387494
-0.700232
-0.599603
0.546478
0.0125314

-0.387494
0.700232
0.599603
0.0225369
0.0579623

-0.301504
0.150799
0.941464
-0.0541956
0.163911

0.301504
-0.150799
-0.941464
-1.45591
0.887814

0.830787
0.380066
0.406623
-0.0314426
0.0731878

-0.830787
-0.380066
-0.406623
0.433074
0.0221365

-0.708704
-0.38584
0.590648
0.44072
0.0218679

0.708704
0.38584
-0.590648
-0.0665593
0.0793212

0.0287314
-0.538802
-0.841943
-1.05108
0.387946

-0.0287314
0.538802
0.841943
0.587833
0.0158087

-0.603463
-0.330289
-0.725769
-0.407423
0.0991839

0.603463
0.330289
0.725769
0.867723
0.000885776

-0.610528
0.66223
-0.434406
-2.5399
1.74159

0.610528
-0.66223
0.434406
0.531917
0.0304632

-0.567034
0.417235
0.710202
-0.582775
0.213819

0.567034
-0.417235
-0.710202
0.478377
0.0233312

0.937911
0.135228
0.319433
0.961319
0.000208664

-0.713942
-0.475502
-0.513988
-0.835623
0.207646

0.713942
0.475502
0.513988
0.861181
0.00120832

0.262712
-0.124701
0.956782
0.922322
0.00137792

-0.0292205
0.262437
0.964507
0.931416
0.00094153

0.0292205
-0.262437
-0.964507
-7.87408
15.6909

-0.362653
-0.0616796
-0.929881
-9.41055
23.5695

0.362653
0.0616796
0.929881
0.962735
0.00030691

0.826465
0.562988
0
-2.58585
2.26875

-0.826465
-0.562988
0
-0.0396876
0.215951

-0.393116
0.884865
-0.249949
0.588087
0.00957884

0.393116
-0.884865
0.249949
0.0731952
0.0484486

0.31211
0.64212
0.700192
0.886953
0.00409149

-0.31211
-0.64212
-0.700192
-13.1806
64.2481

0.00845022
0.739887
0.672678
0.565352
0.0307381

-0.00845022
-0.739887
-0.672678
-3.53681
3.33704

0.937383
-0.160361
0.309189
0.901404
0.00496804

-0.258782
-0.899856
-0.351129
-0.135793
0.129425

0.258782
0.899856
0.351129
-0.135793
0.129425

-0.282588
0.430699
0.857113
0.893538
0.00175323

-0.56158
0.255477
-0.786994
0.924986
0.000662847

0.56158
-0.255477
0.786994
-3.56381
2.34992

0.181913
-0.305302
0.934718
0.732004
0.00723774

-0.181913
0.305302
-0.934718
-1.81
0.792153

0.287108
-0.957898
0
0.394691
0.0953663

-0.287108
0.957898
0
-6.65817
15.2448

-0.334407
0.117469
0.935079
-0.661485
0.322909

0.334407
-0.117469
-0.935079
-0.0313704
0.124637

0.516486
-0.515417
-0.683804
-2.26516
1.88295

-0.516486
0.515417
0.683804
-0.0867815
0.208807

0.429701
0.5865
-0.686567
0.195748
0.0301419

-0.429701
-0.5865
0.686567
0.68316
0.00469192

-0.344674
-0.270977
-0.898761
-0.0422878
0.0952883

0.344674
0.270977
0.898761
0.0593312
0.0776589

0.457623
0.0419317
0.888157
0.996825
1.94278e-06

-0.457623
-0.0419317
-0.888157
-1.06442
0.173878

0.211941
0.024547
-0.976974
-1.98523
0.73227

-0.211941
-0.024547
0.976974
0.90753
0.000715715

0.522757
-0.807944
-0.27194
0.780861
0.00168306

-0.522757
0.807944
0.27194
0.368861
0.0138656

0.460159
0.449021
0.76592
0.368607
0.0357713

0.168181
0.600988
-0.781363
-1.76431
0.869747

-0.168181
-0.600988
0.781363
0.564368
0.0238258

-0.538461
-0.36198
0.760941
0.856214
0.00271424

-0.726731
0.633082
0.266589
0.378086
0.0102123

0.674888
-0.6569
-0.336166
-0.396498
0.124263

-0.674888
0.6569
0.336166
0.710381
0.0056023

-0.131352
0.286164
0.949135
0.543609
0.0223995

0.131352
-0.286164
-0.949135
-1.45263
0.646229

-0.533973
-0.600174
0.595537
0.645312
0.00223605

-0.256363
-0.366238
-0.89451
0.625079
0.00465537

0.256363
0.366238
0.89451
0.625079
0.00465537

-0.229789
-0.0122257
0.973164
0.986998
0.000121409

0.229789
0.0122257
-0.973164
-36.9147
1016.31

-0.70884
-0.1948
-0.677937
0.900791
0.000174075

0.70884
0.1948
0.677937
0.674817
0.00181809

-0.229502
-0.931892
0.280902
-0.238906
0.0700489

0.229502
0.931892
-0.280902
0.86802
0.000795311

-0.873488
-0.477358
0.0956409
-1.70271
0.505446

0.873488
0.477358
-0.0956409
0.94469
0.000212219

0.100781
-0.829081
0.549971
0.0784837
0.0444508

0.443784
-0.0344977
-0.89547
-23.6866
300.227

-0.443784
0.0344977
0.89547
0.954657
0.00103507

-0.915273
0.243936
0.320578
0.180996
0.044937

0.915273
-0.243936
-0.320578
0.299953
0.0328375

0.319776
0.0516914
0.946082
0.916032
0.000667179

-0.319776
-0.0516914
-0.946082
-2.33268
0.980301

-0.120008
-0.0672479
0.990493
0.968626
9.11064e-05

0.473148
-0.167852
0.864845
0.497264
0.00851773

-0.473148
0.167852
-0.864845
0.720398
0.00263624

-0.537122
-0.324521
0.778579
-5.16797
9.64279

0.537122
0.324521
-0.778579
0.0555615
0.226156

-0.918475
0.242284
-0.312574
0.414896
0.0213927

0.918475
-0.242284
0.312574
0.15745
0.0443378

-0.395319
-0.0518437
0.91708
0.963431
0.000972837

0.395319
0.0518437
-0.91708
-36.4466
1015.15

-0.131954
-0.699033
0.70281
0.821672
0.00570904

0.131954
0.699033
-0.70281
-5.63558
7.83195

0.321296
0.27529
-0.906082
-0.0743229
0.0759359

-0.321296
-0.27529
0.906082
0.515034
0.0154793

0.0513762
0.718915
0.693197
0.820413
0.00223608

-0.0513762
-0.718915
-0.693197
-0.906303
0.246561

-0.00169151
-0.739382
0.673284
0.242807
0.0843736

-0.901713
-0.432336
0
0.920768
0.000335583

0.901713
0.432336
0
-0.351731
0.0782529

-0.030139
-0.49465
-0.868569
-5.83563
7.9264

0.030139
0.49465
0.868569
0.884708
0.00230721

0.151792
0.64646
-0.747695
0.809431
0.00248562

0.852475
0.127387
0.50701
0.434662
0.0318056

-0.852475
-0.127387
-0.50701
-0.926832
0.368737

-0.974775
0.22319
0
0.863982
0.0030725

0.974775
-0.22319
0
0.293714
0.0245994

0.73282
0.261537
0.628151
0.662091
0.0149984

-0.73282
-0.261537
-0.628151
-2.7078
1.7969

-0.227904
-0.7998
-0.55532
0.493816
0.0217643

0.227904
0.7998
0.55532
-0.59334
0.215001

0.808699
0.0637928
-0.584753
-2.08399
1.20541

-0.808699
-0.0637928
0.584753
0.527783
0.0282822

0.491221
0.638344
-0.592637
-0.303844
0.1171

-0.491221
-0.638344
0.592637
0.59283
0.01148

0.887339
-0.461118
0
0.233663
0.0759258

-0.887339
0.461118
0
-1.09187
0.513057

0.141223
-0.334392
0.931793
0.940453
0.000131075

-0.141223
0.334392
-0.931793
-0.21616
0.0544181

0.775083
0.600936
-0.195248
0.960393
0.000770146

0.35847
0.894015
0.268769
0.0192511
0.0635419

-0.35847
-0.894015
-0.268769
0.448332
0.0201155

-0.202084
0.157852
0.966563
0.970409
0.000429322

0.202084
-0.157852
-0.966563
-23.8865
300.662

-0.0243398
0.226947
0.973603
0.904081
0.00295889

0.0243398
-0.226947
-0.973603
-13.2765
64.3236

-0.241559
0.464512
0.851984
0.883706
0.00282512

0.241559
-0.464512
-0.851984
-7.65119
15.5635

0.100987
0.308896
0.945719
0.929013
0.00192795

0.310108
0.41828
0.853742
0.601514
0.0291482

0.961436
0.27503
0
0.777103
0.00464817

0.93871
0.344709
0
-1.33647
1.06316

-0.93871
-0.344709
0
-1.08409
0.84664

0.210325
-0.924714
-0.31728
0.000399828
0.0961521

-0.210325
0.924714
0.31728
-0.183785
0.134837

-0.268835
-0.0483392
-0.961972
-24.0788
300.922

0.268835
0.0483392
0.961972
0.982324
0.000151997

0.332934
0.41487
0.846781
0.760819
0.00543755

-0.332934
-0.41487
-0.846781
-1.70611
0.692983

-0.272868
0.578632
0.768589
0.32511
0.034251

0.272868
-0.578632
-0.768589
-0.0442548
0.0817943

-0.675723
-0.737156
0
0.341689
0.0488148

0.675723
0.737156
0
-0.700348
0.286242

0.198166
-0.839025
0.506722
0.763891
0.00356569

-0.198166
0.839025
-0.506722
-0.541993
0.150743

0.367515
-0.111832
0.923269
0.584528
0.00341631

-0.606483
-0.278508
0.744722
0.693518
0.0121637

0.606483
0.278508
-0.744722
-2.75444
1.811

-0.312637
-0.731971
0.605373
-3.48382
3.31132

0.312637
0.731971
-0.605373
0.526396
0.0370383

-0.649177
-0.455939
0.608842
0.586985
0.0123446

0.649177
0.455939
-0.608842
-0.388188
0.138713

0.430378
-0.158592
-0.888608
0.761732
0.0011047

0.557852
-0.30956
0.770048
0.670623
0.00800763

0.642459
-0.737682
-0.207538
0.819261
0.00133044

-0.642459
0.737682
0.207538
0.0953172
0.0332382

-0.0122535
-0.8748
-0.484328
-0.35878
0.128387

0.0122535
0.8748
0.484328
0.609291
0.0106552

0.204813
0.613311
-0.762824
-0.123291
0.0622318

-0.0695281
0.625225
0.777341
0.903902
0.000591362

0.0695281
-0.625225
-0.777341
-1.1228
0.284425

-0.403011
-0.157216
0.90159
0.594595
0.00981322

0.403011
0.157216
-0.90159
-0.00497568
0.0595639

-0.224405
0.0663066
-0.972237
-0.403368
0.235953

0.224405
-0.0663066
0.972237
-0.308256
0.205105

-0.420066
-0.907493
0
0.748982
0.0375315

0.420066
0.907493
0
0.262316
0.0961347

0.229131
0.307101
0.923682
0.981429
5.25702e-05

0.256482
-0.224399
-0.940139
-1.6417
0.554093

-0.256482
0.224399
0.940139
0.874246
0.00127184

-0.102696
-0.458674
0.88265
0.872979
0.000396792

0.102696
0.458674
-0.88265
0.501734
0.00606223

-0.0627755
-0.987822
0.142364
0.812902
0.0116574

-0.351591
0.798372
-0.488862
-4.18236
5.38319

0.351591
-0.798372
0.488862
0.34749
0.0854247

-0.338966
0.450058
0.826166
0.724914
0.00772809

0.338966
-0.450058
-0.826166
-1.80014
0.789999

-0.343679
-0.503067
0.792974
0.689132
0.0202728

0.348993
-0.937125
0
-0.0873458
0.117281

-0.348993
0.937125
0
-0.152255
0.131646

-0.197429
-0.155636
0.967884
0.944581
7.9611e-05

-0.145519
0.40393
0.903142
-1.46143
0.481811

0.145519
-0.40393
-0.903142
0.839817
0.0021153

-0.811057
-0.564498
-0.153387
0.742064
0.00510634

0.125238
-0.26551
0.955939
0.930581
0.000575804

-0.301688
0.34865
0.887371
0.947859
0.00102448

0.301688
-0.34865
-0.887371
-17.3308
126.498

-0.197824
0.935879
-0.29154
-1.01748
0.236034

0.197824
-0.935879
0.29154
0.922243
0.000354507

-0.831722
-0.01054
-0.555092
0.719803
0.00489344

0.831722
0.01054
0.555092
-0.362481
0.114711

-0.766703
0.0800225
-0.636995
0.969684
6.94407e-05

0.596953
-0.0242037
0.801911
0.989271
2.48831e-05

0.0637767
-0.196863
0.978355
0.103399
0.027483

-0.0637767
0.196863
-0.978355
0.892696
0.000397103

0.420324
0.499441
0.757553
0.558845
0.0298236

-0.420324
-0.499441
-0.757553
-3.16172
2.65104

-0.314081
-0.425003
-0.848955
-10.1933
36.4659

0.314081
0.425003
0.848955
0.74815
0.0184881

0.521904
0.0194005
0.852784
0.863824
0.00125662

-0.521904
-0.0194005
-0.852784
-0.973059
0.251951

0.181644
0.83686
-0.516401
-5.1787
7.54874

-0.181644
-0.83686
0.516401
0.613831
0.0295465

-0.0545434
0.274461
-0.96005
-1.17635
0.288035

0.0545434
-0.274461
0.96005
0.927175
0.00033245

-0.545655
-0.76864
-0.333847
-0.476035
0.188361

0.300791
-0.470469
0.829568
0.549821
0.0280997

-0.300791
0.470469
-0.829568
-2.561
1.74786

-0.229602
-0.609854
0.758526
0.750187
0.00293108

0.560585
0.205427
-0.802212
-0.901138
0.396346

-0.560585
-0.205427
0.802212
0.257367
0.0606561

0.384873
0.481434
0.787461
0.63945
0.0149545

0.29012
-0.305312
-0.906981
0.0834
0.10389

0.249041
0.430501
-0.867552
0.100811
0.0863932

-0.249041
-0.430501
0.867552
-0.570133
0.262881

0.499673
0.237547
-0.833005
-2.43261
4.50915

-0.499673
-0.237547
0.833005
-4.36346
11.0086

-0.658887
0.552054
0.510983
0.570923
0.015401

0.901897
0.421753
0.0933084
0.0248257
0.0661717

-0.901897
-0.421753
-0.0933084
0.375888
0.0271051

0.377811
0.136239
0.915805
0.917249
0.0018089

-0.268959
-0.00329881
-0.963146
-0.121886
0.0593955

0.568399
-0.795234
-0.211008
-0.403274
0.253487

-0.568399
0.795234
0.211008
-0.513289
0.294789

-0.794686
-0.543476
0.270386
0.794659
0.00930027

0.794686
0.543476
-0.270386
-7.34518
15.3461

-0.721319
-0.692603
0
0.878418
0.00247047

0.721319
0.692603
0
-1.15175
0.309263

-0.0798088
0.909455
-0.408072
0.0179087
0.0532635

0.0798088
-0.909455
0.408072
0.640602
0.00715633

-0.16078
0.263696
0.951112
-0.0299703
0.0635094

0.16078
-0.263696
-0.951112
0.591026
0.0100475

-0.203731
0.310361
-0.928531
0.842309
0.00153448

-0.26445
-0.61184
0.745465
0.885619
0.000132856

0.143167
-0.767928
-0.624331
-0.250453
0.26159

-0.143167
0.767928
0.624331
-1.70425
1.22325

-0.96949
-0.147548
0.195752
0.390194
0.0238406

0.96949
0.147548
-0.195752
0.145613
0.0467976

0.482659
-0.216779
0.848556
0.827779
0.0018775

-0.482659
0.216779
-0.848556
-0.670331
0.1702

-0.758695
-0.487588
-0.432019
0.897336
0.000471137

0.758695
0.487588
0.432019
-0.280672
0.0716338

-0.433174
-0.710543
-0.554516
-2.06191
1.05934

0.433174
0.710543
0.554516
0.67142
0.0122546

-0.304734
0.907796
-0.288173
0.921113
0.0004864

0.304734
-0.907796
0.288173
-1.88124
0.643644

-0.739438
-0.597724
-0.30977
-0.690042
0.119751

0.334712
-0.0499668
0.940995
0.840294
0.00314278

-0.334712
0.0499668
-0.940995
-3.31845
2.29544

-0.144751
-0.38115
0.913111
0.349617
0.0134378

-0.842285
0.348476
-0.411242
0.502505
0.0141636

0.842285
-0.348476
0.411242
0.181056
0.0383251

0.559572
-0.828781
0
0.873804
0.000177326

-0.559572
0.828781
0
0.875432
0.000172794

-0.0198689
-0.35982
0.93281
0.645355
0.0270083

0.0198689
0.35982
-0.93281
-6.00533
10.4682

0.403284
0.0471966
-0.913857
0.81147
0.00122527

-0.403284
-0.0471966
0.913857
0.315526
0.0161428

-0.229273
0.560461
0.795812
0.622789
0.0122641

0.229273
-0.560461
-0.795812
-0.909622
0.311304

0.34219
-0.276287
-0.898093
-0.322705
0.10594

-0.34219
0.276287
0.898093
0.720395
0.00476116

0.766198
0.268848
0.583662
0.834499
0.00767316

-0.766198
-0.268848
-0.583662
-10.4931
36.8398

0.0867812
0.136364
0.98685
0.949668
0.000655301

0.764075
-0.186227
-0.617665
-5.78539
10.2821

-0.764075
0.186227
0.617665
0.524551
0.0505856

-0.401152
-0.31163
0.861373
0.920305
0.00114892

0.401152
0.31163
-0.861373
-6.79343
10.9817

-0.240649
-0.417904
-0.876039
-3.22842
1.92698

0.240649
0.417904
0.876039
0.915227
0.000813576

0.583219
-0.271075
0.76575
0.842094
0.00481981

-0.583219
0.271075
-0.76575
-6.49373
10.8236

0.286775
0.632338
0.719659
0.756471
0.00828777

-0.286775
-0.632338
-0.719659
-3.473
2.77132

0.683963
-0.134363
-0.717036
-0.0102084
0.0597465

-0.683963
0.134363
0.717036
0.60328
0.00929008

-0.0355088
0.748579
-0.662094
-1.49463
1.00852

0.0355088
-0.748579
0.662094
-0.293216
0.271071

-0.0866469
0.666806
-0.740177
-0.229229
0.0946643

0.0866469
-0.666806
0.740177
0.651487
0.00769332

0.445486
0.60561
0.659377
0.774317
0.00564769

-0.445486
-0.60561
-0.659377
-2.41311
1.2903

-0.206167
0.509924
-0.835148
0.408924
0.0247394

-0.180087
-0.983651
0
0.909657
0.000405909

0.180087
0.983651
0
-0.555923
0.118506

-0.260741
0.225528
-0.938697
-22.6572
297.524

0.260741
-0.225528
0.938697
0.815817
0.0180587

0.334547
0.167544
-0.927366
-1.59555
0.83421

-0.334547
-0.167544
0.927366
0.382374
0.047263

0.8258
0.563963
0
0.800687
0.00777669

-0.8258
-0.563963
0
-2.46029
1.25204

0.354127
-0.919626
0.169946
-1.19253
0.649876

-0.354127
0.919626
-0.169946
-0.006145
0.136864

-0.567129
-0.70393
0.427606
0.335254
0.00892914

0.567129
0.70393
-0.427606
0.966941
2.2963e-05

0.422765
-0.0568112
0.904457
0.882979
0.00117418

-0.735522
-0.0194713
-0.677221
-4.66628
5.69891

0.735522
0.0194713
0.677221
0.675984
0.0187208

0.422408
-0.317422
0.849008
0.310412
0.0392664

-0.422408
0.317422
-0.849008
-0.225932
0.124074

0.260522
-0.371682
-0.891056
-0.590576
0.187538

-0.260522
0.371682
0.891056
0.646502
0.00939673

-0.109167
-0.050304
0.99275
0.992187
4.28711e-05

-0.435705
0.883991
-0.169472
0.141847
0.0384471

0.435705
-0.883991
0.169472
0.618598
0.00759544

0.00623839
0.331562
-0.943413
-0.743991
0.24888

-0.00623839
-0.331562
0.943413
0.604537
0.0129638

0.203965
0.154834
0.966656
0.156954
0.0694438

-0.203965
-0.154834
-0.966656
-0.403608
0.191962

-0.936071
-0.35181
0
-0.427153
0.365951

0.936071
0.35181
0
-1.61231
1.16098

-0.551555
-0.136217
-0.822941
-2.79394
2.11948

0.551555
0.136217
0.822941
0.51608
0.0346574

-0.137579
-0.147648
0.979424
0.512915
0.0332922

0.137579
0.147648
-0.979424
-2.51808
1.73356

0.31069
-0.688369
-0.655453
-2.15763
1.08125

-0.893117
-0.049151
-0.447131
0.937616
0.000392976

0.571365
-0.820696
0
-1.11228
0.518819

0.155782
-0.407698
0.89973
0.94952
0.000777401

-0.155782
0.407698
-0.89973
-13.5886
64.698

-0.795012
-0.540453
-0.275439
-0.0786331
0.0605945

0.795012
0.540453
0.275439
0.739179
0.00369201

0.196837
0.543401
-0.81607
-4.30982
6.79221

-0.196837
-0.543401
0.81607
-0.0970721
0.290305

-0.552245
-0.302531
-0.776853
-3.26206
3.19511

0.552245
0.302531
0.776853
0.338577
0.0770009

0.95834
0.281516
0.0482957
0.0327858
0.065655

-0.95834
-0.281516
-0.0482957
0.357845
0.0289406

-0.12003
-0.453414
0.883181
0.893397
0.00306635

0.246625
-0.779935
-0.575219
-0.843642
0.385579

-0.246625
0.779935
0.575219
0.158305
0.0804582

-0.369085
0.0948542
0.924543
0.893993
0.00262545

-0.484449
0.322576
0.813175
-2.20596
0.665291

0.484449
-0.322576
-0.813175
0.99279
6.27831e-06

0.294915
-0.854271
-0.428072
0.921997
0.000498448

-0.109043
0.140113
0.984113
0.423367
0.0278177

0.109043
-0.140113
-0.984113
-0.431785
0.171426

-0.848348
0.314827
0.425664
-11.6215
37.634

0.848348
-0.314827
-0.425664
0.995018
6.41616e-06

-0.639013
-0.580249
-0.504949
0.31756
0.0297747

0.639013
0.580249
0.504949
0.236545
0.0372495

0.530166
-0.822539
0.2058
0.217342
0.0116876

-0.530166
0.822539
-0.2058
0.988469
2.83163e-06

0.545334
-0.170106
-0.820777
-5.11434
7.49876

-0.545334
0.170106
0.820777
0.576571
0.0361253

-0.332276
0.501967
0.798512
0.397635
0.0145814

0.332276
-0.501967
-0.798512
0.676645
0.00426033

0.739233
0.673449
0
-0.237716
0.282182

-0.739233
-0.673449
0
-2.16857
1.82605

0.208822
-0.393626
-0.895238
-7.55088
15.5004

-0.208822
0.393626
0.895238
0.857633
0.00429741

0.505641
-0.540596
-0.672372
0.587606
0.00709846

0.397067
-0.372618
0.838745
0.879761
0.00210588

-0.397067
0.372618
-0.838745
-4.61452
4.56397

0.677083
-0.109698
0.727684
0.42457
0.0160468

-0.148747
0.348749
0.925337
0.963811
0.000658781

-0.411225
-0.661639
-0.626999
0.754908
0.00351531

0.411225
0.661639
0.626999
-0.315857
0.0999424

0.734287
0.328671
0.593968
-0.583173
0.24626

0.505509
0.333098
0.795931
0.903339
0.000365613

-0.211617
-0.324306
-0.921978
0.844703
0.000488583

-0.182699
-0.619922
-0.763098
0.091127
0.0333647

0.182699
0.619922
0.763098
0.823804
0.00125956

-0.433239
-0.681713
0.589552
0.997551
8.45129e-07

0.148429
0.771648
0.618488
0.408926
0.024817

-0.148429
-0.771648
-0.618488
-0.0507979
0.0782425

-0.456487
-0.256834
-0.851854
-2.23447
1.09649

0.456487
0.256834
0.851854
0.786771
0.00485381

0.402075
0.332885
0.85295
0.835873
0.00653956

-0.0472993
0.641349
0.76579
0.786706
0.00260446

-0.483496
-0.0529444
0.873744
0.905254
0.00239299

0.483496
0.0529444
-0.873744
-10.8143
37.1806

-0.913557
0.0897023
0.396694
0.0226595
0.0804866

0.913557
-0.0897023
-0.396694
0.0697514
0.0729215

-0.227149
-0.0208724
0.973636
0.951084
0.000104036

0.227149
0.0208724
-0.973636
-0.449986
0.0853836

0.61206
-0.790811
0
0.943578
2.92679e-05

0.111895
-0.14813
-0.982617
0.296848
0.0177863

0.447214
0.894427
0
0.566258
0.144456

-0.447214
-0.894427
0
-2.64774
0.798802

-0.337654
-0.5028
-0.795727
-10.5632
36.9278

0.337654
0.5028
0.795727
0.851806
0.00607165

0.772499
-0.518809
-0.366174
-0.167299
0.0859166

-0.772499
0.518809
0.366174
0.613601
0.00943548

0.0672216
0.515216
-0.85442
0.886837
0.00270471

-0.159116
-0.327593
0.931324
0.119846
0.154552

-0.23991
0.886214
-0.396317
-0.232383
0.0853855

0.23991
-0.886214
0.396317
0.742114
0.00375855

0.457343
0.580649
-0.673561
-0.334271
0.142258

-0.457343
-0.580649
0.673561
0.429583
0.0260583

0.970604
-0.0832207
-0.225836
0.380476
0.0414252

-0.970604
0.0832207
0.225836
-1.08228
0.467824

0.911435
0.298151
0.283535
0.926746
0.000485447

-0.911435
-0.298151
-0.283535
-2.03882
0.737144

0.565908
-0.122342
0.815341
0.861843
0.00110633

-0.565908
0.122342
-0.815341
-0.66567
0.158937

-0.973687
0.0361198
-0.22501
0.922401
0.000168897

0.973687
-0.0361198
0.22501
0.239837
0.0160005

0.830203
-0.557461
0
-4.17002
4.37968

-0.830203
0.557461
0
0.689929
0.01577

0.589938
0.398419
-0.702307
-16.276
124.427

-0.589938
-0.398419
0.702307
0.760885
0.0239077

-0.353471
0.801176
0.482883
0.444472
0.0240307

0.353471
-0.801176
-0.482883
-0.296659
0.130673

0.651677
0.347311
0.674309
0.471906
0.0164466

-0.651677
-0.347311
-0.674309
0.174851
0.0401208

-0.441976
-0.275327
0.853729
0.877041
0.00321219

0.441976
0.275327
-0.853729
-7.62444
15.5369

-0.512518
0.599
0.615243
0.7846
0.00388284

0.784865
0.513221
-0.347263
-10.4214
36.7021

-0.784865
-0.513221
0.347263
0.81569
0.00977488

-0.860796
-0.13854
-0.489732
-0.233419
0.223093

0.860796
0.13854
0.489732
-1.14643
0.671828

-0.522605
0.538453
-0.661024
-0.782321
0.344483

0.522605
-0.538453
0.661024
0.207861
0.0681633

0.0596021
-0.309931
0.948889
0.940521
0.00070152

-0.278844
0.903435
0.325655
0.00838435
0.0704796

0.278844
-0.903435
-0.325655
0.347278
0.0305411

0.71142
-0.0347357
-0.701909
0.640321
0.00603382

0.854879
-0.0898697
-0.510985
0.451463
0.0363266

-0.854879
0.0898697
0.510985
-1.6549
0.849327

0.95089
0.212337
0.225215
0.888248
0.00124807

-0.340337
0.766443
0.544735
0.444527
0.0324924

-0.207027
0.42147
0.882894
0.233794
0.057108

0.207027
-0.42147
-0.882894
-0.501772
0.2187

0.0440205
-0.521628
0.852037
0.763644
0.00821533

-0.0440205
0.521628
-0.852037
-3.86837
3.48375

0.267387
0.918838
0.290243
-0.287232
1.54449

-0.267387
-0.918838
-0.290243
-31.1806
965.254

0.145421
-0.873506
-0.464586
-3.97891
4.28038

-0.145421
0.873506
0.464586
0.57349
0.0314232

0.586343
0.2011
-0.784704
-6.77047
14.7996

-0.586343
-0.2011
0.784704
0.543333
0.0511223

0.363594
-0.778602
0.511447
-0.35315
0.0965924

-0.363594
0.778602
-0.511447
0.825629
0.00162832

0.37597
0.561769
-0.736928
-0.37118
0.108905

-0.37597
-0.561769
0.736928
0.771565
0.00303845

-0.65755
-0.0869612
-0.748375
-8.14965
22.4545

0.65755
0.0869612
0.748375
0.612168
0.0403761

-0.306252
-0.95195
0
0.871572
0.000633524

-0.729528
0.602289
-0.324093
-1.25264
0.737479

0.729528
-0.602289
0.324093
-0.149312
0.19201

-0.366429
0.197966
-0.909142
0.220517
0.117875

0.366429
-0.197966
0.909142
-3.5524
4.01988

-0.0786914
0.00567004
0.996883
0.99606
7.83219e-06

-0.203396
-0.979097
0
0.786729
0.00337285

0.203396
0.979097
0
-1.00871
0.298272

-0.800953
0.211148
0.560259
0.800571
0.00660889

0.371933
0.327361
-0.86862
0.989053
4.40736e-05

-0.371933
-0.327361
0.86862
-17.8542
126.979

-0.565271
-0.370382
-0.737079
-3.20765
2.67057

0.565271
0.370382
0.737079
0.59274
0.0250496

0.380261
-0.924879
0
0.701031
0.0151567

-0.380261
0.924879
0
-4.19044
4.37083

-0.0133565
-0.708804
0.705279
0.210509
0.0149691

0.845093
-0.25913
-0.46762
0.917167
0.000783732

-0.749317
0.272877
0.603376
0.546503
0.0336948

0.749317
-0.272877
-0.603376
-3.5108
3.32467

-0.858783
-0.170327
-0.483199
0.478979
0.0132885

0.858783
0.170327
0.483199
0.415879
0.0166919

0.747281
-0.664509
0
-2.32351
0.857342

-0.747281
0.664509
0
0.962234
0.000208022

0.00464185
0.736533
-0.676386
-2.04473
0.830565

-0.00464185
-0.736533
0.676386
0.868373
0.00158756

0.605281
0.364761
-0.70752
0.597527
0.00422622

-0.641178
-0.162983
0.749885
0.918195
0.00135301

0.881951
-0.126182
-0.454137
-2.8173
2.12963

-0.881951
0.126182
0.454137
0.535483
0.0315868

-0.120755
0.955099
-0.270562
-0.111415
0.0865097

0.120755
-0.955099
0.270562
0.46329
0.0201771

-0.920359
0.112159
-0.374645
-0.173651
0.0957414

0.920359
-0.112159
0.374645
0.511488
0.0166117

-0.695491
-0.301117
0.652396
0.72375
0.00837499

0.695491
0.301117
-0.652396
-2.13442
1.07607

0.394919
-0.428722
0.812549
0.823744
0.0029717

-0.394919
0.428722
-0.812549
-1.95598
0.81698

-0.394963
0
-0.918697
-10.2961
36.6063

0.394963
0
0.918697
0.780065
0.0138891

0.574495
0.613105
0.542271
-0.032537
0.442592

0.107117
-0.164843
0.980486
-0.213671
0.203555

-0.107117
0.164843
-0.980486
-0.965954
0.533388

0.820511
0.0852107
-0.565245
0.048382
0.0617632

-0.820511
-0.0852107
0.565245
0.385518
0.0257634

-0.471489
0.170588
0.865215
0.625379
0.00487066

0.471489
-0.170588
-0.865215
0.593845
0.00572122

-0.426116
0.503553
0.751571
0.705624
0.00617203

-0.85253
-0.522677
0
0.318869
0.0272115

0.85253
0.522677
0
0.42114
0.0199344

0.252562
-0.140312
-0.957353
-0.838894
0.418787

-0.252562
0.140312
0.957353
-0.0343812
0.132762

-0.242049
0.389473
-0.888663
-0.810348
0.126196

-0.683258
-0.00301278
-0.730171
0.950949
0.000140597

0.683258
0.00301278
0.730171
-0.96141
0.199841

0.236459
-0.382888
0.89302
-0.0145624
0.290792

-0.236459
0.382888
-0.89302
-5.99099
13.8067

0.848489
-0.330283
-0.413496
0.985521
1.502e-05

0.322149
0.167765
0.931705
0.810283
0.00654458

0.259795
-0.340551
0.903621
0.852861
0.00142664

0.716478
-0.13747
0.683931
0.535357
0.00792151

0.871123
-0.366884
0.326405
-0.204179
0.165007

-0.871123
0.366884
-0.326405
-0.376006
0.215444

-0.352163
0.935939
0
-4.44506
5.50994

0.352163
-0.935939
0
0.543734
0.0411972

0.469297
-0.640383
-0.608006
-1.39355
0.473759

-0.469297
0.640383
0.608006
0.797733
0.0034251

-0.319302
-0.0721669
0.944901
0.736873
0.00398189

-0.648942
-0.0948349
0.754905
0.832064
0.00498799

-0.0759534
0.606578
0.791387
0.731318
0.0124933

0.0759534
-0.606578
-0.791387
-4.77555
5.76147

0.568935
-0.732563
0.373718
0.324542
0.0185615

0.692011
-0.200383
-0.693519
-5.74573
7.88772

-0.692011
0.200383
0.693519
0.858312
0.00352068

0.382908
0.69853
0.604514
0.677982
0.00540515

-0.382908
-0.69853
-0.604514
0.0412507
0.0478663

0.482889
0.317777
0.815988
-22.4042
296.599

-0.482889
-0.317777
-0.815988
0.765958
0.0296658

-0.475395
-0.309928
-0.823373
0.529459
0.0193979

0.475395
0.309928
0.823373
-0.754602
0.269225

0.0485844
-0.761178
-0.646721
0.805863
0.000872235

-0.0485844
0.761178
0.646721
0.665326
0.00257665

-0.369134
-0.929376
0
-0.39732
0.178864

0.369134
0.929376
0
0.26092
0.0500903

-0.149004
-0.194858
0.969447
0.961654
0.000303986

-0.953921
-0.300056
0
0.258869
0.084057

0.953921
0.300056
0
-1.66069
0.932857

-0.251763
0.937479
0.240309
0.153319
0.0575825

0.251763
-0.937479
-0.240309
0.0248803
0.0763764

-0.530606
0.818033
0.22199
0.902612
0.000600484

-0.854243
0.0946213
0.51119
0.601636
0.00904877

0.854243
-0.0946213
-0.51119
0.0416727
0.0521513

-0.29351
-0.144671
-0.944945
0.979767
9.75641e-05

0.256794
-0.966466
0
0.82876
0.00176372

-0.256794
0.966466
0
-0.569054
0.143409

-0.291631
-0.110949
-0.950074
-0.119914
0.131992

0.291631
0.110949
0.950074
-0.184329
0.147002

-0.351139
0.0235177
-0.936028
0.47114
0.0105351

-0.0646853
0.0737557
-0.995176
0.305974
0.0247916

-0.274911
0.546679
-0.790927
0.343097
0.0175683

0.274911
-0.546679
0.790927
0.696596
0.00376339

0.647325
0.673936
-0.356062
-0.413433
0.159124

-0.647325
-0.673936
0.356062
0.47898
0.0216475

0.63536
0.0484094
0.770698
-23.5564
300.104

-0.63536
-0.0484094
-0.770698
0.942506
0.00164566

0.615048
-0.652734
0.442329
0.634012
0.00939218

-0.615048
0.652734
-0.442329
-0.423572
0.141606

0.363518
-0.592429
-0.718946
0.063347
0.0812063

-0.363518
0.592429
0.718946
-0.162978
0.125103

-0.700134
0.0854596
0.708878
0.836893
0.00210603

0.700134
-0.0854596
-0.708878
-0.330318
0.0925813

0.682191
-0.60534
0.410096
0.890727
0.00380864

0.310055
-0.62782
-0.713939
-5.70714
7.86854

-0.310055
0.62782
0.713939
0.846025
0.00419384

0.887696
0.424672
0.177902
0.978292
3.04428e-05

-0.110606
0.830355
0.546147
0.988591
5.38673e-06

0.110606
-0.830355
-0.546147
-0.0950063
0.0306217

-0.559473
-0.828849
0
0.451034
0.0285155

0.559473
0.828849
0
-0.697811
0.262569

0.721958
-0.484275
-0.494221
0.950049
0.000207194

-0.721958
0.484275
0.494221
-2.27343
0.858209

-0.0694399
0.991777
0.107505
-1.15882
0.440488

0.0694399
-0.991777
-0.107505
0.59891
0.0152072

-0.747952
-0.590441
-0.303228
-0.367385
0.114977

0.747952
0.590441
0.303228
0.725222
0.00465532

0.907354
0.406815
-0.10588
-2.24145
0.855314

-0.907354
-0.406815
0.10588
0.941261
0.000281266

0.431694
-0.843736
0.318983
0.168698
0.0260179

-0.431694
0.843736
-0.318983
0.830408
0.00109773

-0.494696
0.189745
-0.848099
-0.202542
0.110294

0.494696
-0.189745
0.848099
0.411203
0.0264843

-0.846181
-0.0827185
-0.526437
0.815416
0.0010939

0.846181
0.0827185
0.526437
0.383762
0.0121652

0.102606
0.765726
-0.63493
0.426219
0.0248159

-0.426092
0.392916
-0.814901
0.897607
0.00134002

0.426092
-0.392916
0.814901
-3.81457
2.87256

-0.941567
0.336826
0
0.715942
0.0145448

-0.345847
0.270029
-0.898596
-8.86319
23.1976

0.345847
-0.270029
0.898596
0.861161
0.00466421

-0.228445
0
0.973557
0.641254
0.00619744

0.228445
0
-0.973557
0.219951
0.0292957

0.567579
0.560569
-0.603006
0.235783
0.0902949

-0.567579
-0.560569
0.603006
-2.25093
1.63162

-0.565204
-0.382892
-0.730711
0.591357
0.0287299

0.565204
0.382892
0.730711
-4.00589
4.29289

0.463372
0.236065
-0.854143
0.690569
0.00449132

0.649324
-0.206859
0.731839
0.869977
0.00135907

-0.649324
0.206859
-0.731839
-1.63296
0.553142

0.422585
-0.0132527
0.906227
0.782676
0.00392794

-0.422585
0.0132527
-0.906227
-1.26841
0.417178

0.460679
-0.541329
-0.703376
-0.734269
0.222568

-0.460679
0.541329
0.703376
0.7023
0.00669048

0.266189
0.116025
-0.956913
0.419484
0.0371929

-0.266189
-0.116025
0.956913
-1.22221
0.54148

-0.476059
0
0.879413
0.508183
0.0227456

0.476059
0
-0.879413
-0.895095
0.335154

-0.609263
0.0518027
0.791274
0.793075
0.001076

0.674495
0.73828
0
-1.42663
0.431366

-0.674495
-0.73828
0
0.878092
0.00184466

0.3596
0.435437
-0.825277
0.323444
0.023968

-0.3596
-0.435437
0.825277
0.48623
0.0138346

0.33016
0.862022
-0.384595
0.121415
0.0393078

-0.33016
-0.862022
0.384595
0.653603
0.00612927

-0.0614451
0.333902
-0.940603
-3.02261
1.88315

0.0614451
-0.333902
0.940603
0.839097
0.0030967

-0.389032
-0.396868
0.831354
0.273338
0.156192

0.174649
-0.158475
-0.971794
-35.0423
1008.32

-0.174649
0.158475
0.971794
0.81611
0.0262519

0.619504
-0.499205
0.605813
0.625295
0.00233767

-0.619504
0.499205
-0.605813
0.933426
8.61003e-05

-0.107165
0.711278
0.694693
0.550518
0.0151857

0.107165
-0.711278
-0.694693
-0.410452
0.149307

-0.0203626
-0.249995
-0.968033
0.96017
8.3616e-05

0.0203626
0.249995
0.968033
-1.05437
0.220063

0.37798
0.756275
0.534022
0.82281
0.00354725

-0.37798
-0.756275
-0.534022
-2.73016
1.559

0.375866
-0.157846
-0.913131
-1.03135
0.419498

-0.375866
0.157846
0.913131
0.448959
0.0310744

-0.14128
-0.0702958
-0.987471
0.745382
0.00645445

-0.668933
-0.0926513
0.737526
-2.75226
1.1717

0.668933
0.0926513
-0.737526
0.973943
6.5126e-05

-0.767632
0.163644
0.619646
0.733277
0.00282041

-0.105708
0.0664756
0.992173
-0.291539
0.250776

0.105708
-0.0664756
-0.992173
-1.18268
0.716127

-0.453075
0.738298
-0.499638
0.788847
0.00151453

0.453075
-0.738298
0.499638
0.410834
0.0115058

-0.723889
-0.65021
-0.230678
-0.646065
0.147803

0.723889
0.65021
0.230678
0.881671
0.000767365

0.937474
0.348055
0
0.251534
0.0489829

-0.937474
-0.348055
0
-0.156874
0.113638

0.461793
-0.373869
-0.804344
0.708734
0.0252042

-0.461793
0.373869
0.804344
-10.0761
36.2853

0.382089
-0.125044
-0.915626
0.770285
0.00431201

0.289187
0.00601271
-0.957254
-0.481341
0.267582

-0.289187
-0.00601271
0.957254
-0.284058
0.20108

0.141783
0.301996
-0.942707
-1.96695
1.32583

-0.141783
-0.301996
0.942707
0.162643
0.105933

0.803658
-0.200826
-0.560182
-3.5053
9.261

-0.803658
0.200826
0.560182
-4.88448
15.7985

0.341507
-0.611339
0.713889
0.507881
0.0191184

-0.341507
0.611339
-0.713889
-0.432088
0.161048

0.206949
-0.591997
-0.778917
-0.348528
0.197393

-0.206949
0.591997
0.778917
-0.114485
0.134894

0.0717926
-0.394686
0.916007
0.501846
0.0248236

-0.0717926
0.394686
-0.916007
-1.07312
0.426548

-0.0333917
-0.71712
-0.696149
0.957164
6.70897e-05

-0.794554
0.161749
-0.585253
-0.426728
0.239677

0.794554
-0.161749
0.585253
-0.242846
0.181911

-0.535367
-0.350317
0.768544
0.113645
0.0396143

0.535367
0.350317
-0.768544
0.666243
0.00563573

-0.364565
-0.897715
-0.247385
0.687485
0.0129274

-0.63936
-0.652576
0.40665
0.483386
0.0160864

0.63936
0.652576
-0.40665
0.126923
0.0458833

0.867794
0.271257
-0.416358
0.825901
0.000931127

-0.867794
-0.271257
0.416358
0.419767
0.0101987

-0.272993
0.0663407
0.959726
0.995403
4.29369e-06

-0.0699402
-0.0625354
-0.995589
-0.695183
0.226404

0.0699402
0.0625354
0.995589
0.626015
0.0111964

0.138111
0.894046
0.426154
-0.0531877
0.0865542

-0.138111
-0.894046
-0.426154
0.268619
0.0417473

0.904385
0.426717
0
-0.26424
0.390689

-0.904385
-0.426717
0
-3.6077
4.65146

0.432422
-0.317984
-0.84374
-13.3589
64.4608

-0.432422
0.317984
0.84374
0.917591
0.00213219

-0.00383012
0.969485
-0.245122
-0.208014
0.103596

0.00383012
-0.969485
0.245122
0.50621
0.0173202

0.607317
-0.0418599
0.793356
0.235577
0.0596419

-0.607317
0.0418599
-0.793356
-0.639015
0.273466

0.342202
0.414418
-0.8433
-4.81448
5.78299

-0.342202
-0.414418
0.8433
0.749537
0.0107326

0.0488393
-0.563555
0.824634
0.764372
0.0112997

-0.0488393
0.563555
-0.824634
-6.27248
10.6736

-0.600825
0.292226
0.744052
0.837434
0.00429005

0.600825
-0.292226
-0.744052
-5.03108
5.88619

-0.647836
0.723359
0.238872
-0.219478
0.11034

0.647836
-0.723359
-0.238872
0.458009
0.0218062

0.86367
0.0597322
0.500505
0.46982
0.0091583

0.321018
-0.0980608
0.941983
0.94384
0.000114587

-0.321018
0.0980608
-0.941983
0.462745
0.00605962

-0.0738046
0.444009
0.892977
0.146401
0.0964631

0.0738046
-0.444009
-0.892977
-1.35554
0.730991

0.554791
-0.83199
0
0.947516
0.000289167

-0.0497573
-0.699016
-0.713373
0.993486
3.1711e-05

-0.667535
0.0928081
0.738771
0.684943
0.0144153

0.667535
-0.0928081
-0.738771
-3.34649
2.72501

0.441427
0.0988268
0.891838
-13.403
64.4756

-0.441427
-0.0988268
-0.891838
0.92437
0.00181444

-0.449199
-0.683813
-0.574996
-8.65423
23.0264

0.449199
0.683813
0.574996
0.802976
0.00959459

-0.494015
0.477355
-0.726692
0.552268
0.0123976

0.494015
-0.477355
0.726692
-0.00739563
0.0623554

0.663394
0.520364
-0.537708
-1.48085
0.651833

-0.663394
-0.520364
0.537708
0.572544
0.0194144

-0.293378
0.356577
0.887007
0.698643
0.0236897

0.293378
-0.356577
-0.887007
-8.35441
22.6905

0.471046
-0.662522
0.582392
-0.992721
0.348842

-0.471046
0.662522
-0.582392
0.62209
0.0126099

-0.417365
0.668004
-0.616098
0.957368
4.63223e-05

0.138805
-0.304799
-0.942248
-9.38087
35.1147

-0.138805
0.304799
0.942248
0.402061
0.116579

0.709335
0.704871
0
-1.33647
1.06446

-0.709335
-0.704871
0
-1.08409
0.846931

-0.320763
-0.801948
-0.503975
-0.395025
0.0985785

0.320763
0.801948
0.503975
0.858768
0.00101258

0.232068
-0.0532563
0.97124
0.969875
1.86162e-05

-0.232068
0.0532563
-0.97124
0.313354
0.00956473

-0.638387
-0.503618
0.582092
0.638672
0.0219842

0.638387
0.503618
-0.582092
-4.08117
4.33366

-0.734085
-0.679058
0
-0.623533
0.156296

0.734085
0.679058
0
0.832263
0.00168112

-0.682999
0.620259
0.385734
-0.551464
0.279892

-0.760051
-0.534478
0.36967
-1.61462
0.450382

0.760051
0.534478
-0.36967
0.951551
0.000158626

0.612126
-0.589758
-0.52677
-6.33582
10.7219

-0.612126
0.589758
0.52677
0.788465
0.00895021

0.855466
0.0241912
-0.517294
-0.282421
0.154797

-0.855466
-0.0241912
0.517294
0.127153
0.0717116

0.842183
0.509693
0.1759
0.987098
4.65178e-06

-0.842183
-0.509693
-0.1759
-0.125217
0.0335422

0.705276
-0.547989
0.449771
-0.418576
0.150015

-0.705276
0.547989
-0.449771
0.562166
0.0142947

-0.86859
-0.274666
0.412445
0.408817
0.0202474

0.86859
0.274666
-0.412445
0.27535
0.0304196

-0.740663
0.671877
0
0.768415
0.00704454

-0.457275
-0.676072
0.577777
0.701031
0.0145782

-0.42503
-0.544841
0.72284
0.995091
8.37422e-06

0.489509
-0.593131
0.6392
0.622062
0.00852282

-0.489509
0.593131
-0.6392
-0.0780127
0.0692161

0.551164
-0.502549
0.66608
0.849612
0.00264925

-0.551164
0.502549
-0.66608
-3.04699
1.89

-0.465479
0.131931
-0.87517
-2.76913
1.81501

0.465479
-0.131931
0.87517
0.70302
0.0113965

0.532366
0.651637
-0.540329
-0.80252
0.321236

-0.532366
-0.651637
0.540329
0.379004
0.0382006

0.880303
-0.103643
-0.462952
0.983294
0.000102954

-0.880303
0.103643
0.462952
-17.7488
126.905

-0.186569
0.247441
0.950771
-13.8424
64.8049

0.186569
-0.247441
-0.950771
0.975395
0.000202165

-0.219849
-0.790307
0.57191
-6.50884
14.4927

0.219849
0.790307
-0.57191
0.387035
0.0966898

-0.710339
-0.70386
0
-2.97202
2.44774

0.710339
0.70386
0
0.399293
0.0713024

0.745629
-0.24561
0.619446
0.972416
3.69759e-05

-0.745629
0.24561
-0.619446
-0.915519
0.170612

-0.581847
0.271011
0.766816
0.785064
0.00446303

-0.0895738
0.524744
-0.846534
0.355082
0.0145385

0.0895738
-0.524744
0.846534
0.786212
0.00161332

0.435933
0.713779
0.548162
0.621142
0.00720638

-0.435933
-0.713779
-0.548162
0.196692
0.0323574

-0.141885
-0.617608
0.773582
0.832064
0.00504102

0.141885
0.617608
-0.773582
-5.66537
7.84652

0.867404
0.497605
0
-0.940009
0.159101

-0.867404
-0.497605
0
0.988802
7.13607e-06

0.0201119
-0.883658
0.467701
0.965344
0.000124323

-0.0201119
0.883658
-0.467701
-3.43508
1.96066

0.697046
0.401157
-0.594306
0.00317287
0.0403057

-0.697046
-0.401157
0.594306
0.853347
0.000899448

0.628321
0.644274
0.436031
-0.772716
0.316584

-0.628321
-0.644274
-0.436031
0.332487
0.0449364

-0.684488
0.651064
-0.328012
-2.97202
2.56515

0.684488
-0.651064
0.328012
0.399293
0.0587034

0.470426
0.882439
0
0.892646
0.000645214

-0.470426
-0.882439
0
-0.0235014
0.0403665

0.639384
-0.768888
0
0.900504
0.00395405

0.28084
0.702693
-0.653722
0.939604
0.000174334

-0.28084
-0.702693
0.653722
-0.663395
0.130713

-0.154035
-0.194707
-0.968691
-1.48085
0.651596

0.154035
0.194707
0.968691
0.572544
0.0195481

0.143196
-0.449189
0.881887
0.469547
0.0222237

0.032103
0.173128
-0.984376
-0.70405
0.161306

-0.408005
-0.542504
0.734317
0.981815
2.24981e-05

0.305466
0.416635
-0.856216
-5.09073
5.90711

-0.305466
-0.416635
0.856216
0.857836
0.00328056

0.92632
-0.270344
0.262385
0.506307
0.0128907

0.0419374
-0.921514
-0.386075
-0.423378
0.181908

-0.0419374
0.921514
0.386075
0.311182
0.0426335

-0.416816
0.302099
-0.857322
-0.743547
0.10935

0.416816
-0.302099
0.857322
0.994786
3.31854e-06

-0.0428319
0.366256
-0.929528
0.781084
0.00181203

0.0428319
-0.366256
0.929528
0.290709
0.0188118

-0.650069
0.224253
-0.72603
-0.64169
0.408739

0.650069
-0.224253
0.72603
-0.79432
0.488221

0.396769
-0.822374
-0.407769
-16.8232
125.675

-0.396769
0.822374
0.407769
0.876228
0.00607324

0.326395
-0.411553
0.850935
0.815451
0.00749114

-0.326395
0.411553
-0.850935
-7.40852
15.385

0.583625
0.501258
0.638845
0.646566
0.00475866

-0.583625
-0.501258
-0.638845
0.484831
0.0100957

0.674638
-0.265316
0.688819
-3.40628
2.31626

-0.674638
0.265316
-0.688819
0.874837
0.00190427

0.457036
0.141819
-0.878069
0.996217
3.48883e-06

0.872647
0.488351
0
0.715942
0.00980478

-0.872647
-0.488351
0
-2.12307
1.06703

-0.798486
0.327091
0.505403
0.587133
0.0243804

0.798486
-0.327091
-0.505403
-2.88279
2.15501

-0.94426
-0.329201
0
-0.570134
0.271597

0.0555121
0.738452
-0.672017
-1.17954
0.312733

-0.0555121
-0.738452
0.672017
0.892657
0.00121636

0.531525
0.519965
0.668669
0.640227
0.00756643

-0.531525
-0.519965
-0.668669
-0.0611234
0.0652548

-0.262017
-0.48286
-0.835579
-6.52353
10.8342

0.262017
0.48286
0.835579
0.851219
0.00429923

-0.448542
0.0346741
0.893089
0.420747
0.0327902

0.448542
-0.0346741
-0.893089
-0.830732
0.325602

0.667026
0.164322
0.726687
0.882979
0.00438904

0.60982
-0.553987
-0.566761
-1.32
0.509629

-0.60982
0.553987
0.566761
0.65236
0.0115011

0.220016
0.43852
-0.871374
0.54992
0.00988816

0.60367
0.424049
-0.675104
-0.714494
0.466508

-0.60367
-0.424049
0.675104
-0.88166
0.561861

-0.630547
-0.059106
0.773898
0.141846
0.0559872

0.630547
0.059106
-0.773898
0.141846
0.0559872

-0.370693
-0.105436
0.922751
0.890152
0.00209336

0.370693
0.105436
-0.922751
-5.85558
7.93409

-0.797456
0.45434
-0.397038
-0.379169
0.314069

0.797456
-0.45434
0.397038
-1.45187
0.992437

0.185174
0.00617245
0.982686
0.7373
0.0176189

0.0359918
-0.938124
0.344424
0.844618
0.00222033

-0.0359918
0.938124
-0.344424
-1.70918
0.622516

0.0693741
0.327134
0.942428
0.947747
0.000108924

0.735044
-0.084512
-0.672732
0.0805521
0.0984304

-0.735044
0.084512
0.672732
-0.802121
0.377652

-0.0772908
-0.200366
0.976667
0.408736
0.0256724

0.0772908
0.200366
-0.976667
-0.117857
0.0916196

0.325985
-0.575566
0.749972
0.0805531
0.261003

-0.325985
0.575566
-0.749972
-7.27506
21.1186

-0.309577
-0.523125
0.794042
0.7846
0.00389861

0.553993
0.164056
-0.816197
0.456419
0.0187234

-0.0373074
0.855744
0.516052
0.684503
0.00775364

0.0373074
-0.855744
-0.516052
-0.817268
0.256896

-0.22059
-0.702018
-0.677134
-0.583824
0.163898

0.22059
0.702018
0.677134
0.755058
0.00397815

0.495928
0.132516
0.858193
0.917591
0.00213249

0.709719
-0.668351
-0.222723
-0.0389396
0.0736463

-0.709719
0.668351
0.222723
0.448146
0.0207866

0.158179
0.670689
-0.724677
0.576023
0.00656235

0.662366
0.517349
0.541868
0.558748
0.0164004

-0.662366
-0.517349
-0.541868
-0.706667
0.244465

0.257673
-0.48996
0.832793
0.779996
0.00534893

0.373539
-0.826512
-0.421126
0.800379
0.00145589

-0.373539
0.826512
0.421126
0.288951
0.0182741

0.133959
0.408355
0.90294
0.944276
0.00154631

0.381925
0.749544
-0.540663
-1.12181
0.398157

-0.381925
-0.749544
0.540663
0.660511
0.0101985

0.14634
-0.103903
0.983763
0.796259
0.00597704

0.340008
-0.622267
0.705109
0.566713
0.0258063

-0.340008
0.622267
-0.705109
-2.58142
1.75521

0.702464
-0.649189
0.291717
0.160341
0.0534542

-0.702464
0.649189
-0.291717
0.135621
0.0566266

-0.396909
0.825046
0.402197
0.20786
0.0680406

-0.128171
0.0844127
-0.988153
-9.58174
23.6432

0.128171
-0.0844127
0.988153
0.980722
7.89335e-05

0.181158
-0.975846
-0.122095
0.237306
0.0234595

-0.181158
0.975846
0.122095
0.762598
0.00229714

0.188588
-0.488582
-0.851893
-8.89761
23.241

-0.188588
0.488582
0.851893
0.869663
0.00404448

-0.536808
-0.0235723
-0.843375
-1.93412
1.31409

0.536808
0.0235723
0.843375
0.117626
0.118911

0.124215
-0.422287
0.897911
0.964787
9.92027e-05

-0.124215
0.422287
-0.897911
-1.77666
0.510085

-0.233178
-0.363177
-0.90207
-3.80813
2.87362

0.233178
0.363177
0.90207
0.89558
0.00135675

-0.262952
0.123415
0.956883
-3.93386
5.18917

0.262952
-0.123415
-0.956883
0.116868
0.166662

0.253322
-0.0611253
-0.965449
-0.860278
0.304942

-0.253322
0.0611253
0.965449
0.56645
0.0167528

0.339259
0.661794
-0.66853
0.73154
0.0107979

-0.339259
-0.661794
0.66853
-3.80527
3.45863

0.945481
0.0962725
-0.311122
-0.330207
0.126036

-0.945481
-0.0962725
0.311122
0.568982
0.013237

0.289835
-0.295979
-0.910161
0.766383
0.00234783

0.282966
-0.0137691
-0.959031
-1.16601
0.404225

-0.282966
0.0137691
0.959031
0.701179
0.00769646

-0.473934
0.187044
-0.860466
-7.42829
15.4089

0.473934
-0.187044
0.860466
0.821682
0.00691715

-0.912332
-0.315191
-0.261352
0.947995
6.78998e-05

0.429892
0.450273
-0.78259
-1.25238
0.379967

-0.429892
-0.450273
0.78259
0.835803
0.00203355

0.920866
-0.349065
0.173664
-0.489422
0.102652

0.837434
-0.546538
0
-1.63574
0.821808

-0.837434
0.546538
0
0.429798
0.0506233

-0.335614
0.815981
0.470679
0.448331
0.0398722

-0.300305
-0.811447
0.501368
0.426987
0.0529412

0.300305
0.811447
-0.501368
-3.00231
2.57909

-0.358225
0.117718
-0.926184
0.660244
0.00977929

0.358225
-0.117718
0.926184
-0.94536
0.315778

0.112992
0.53227
-0.839
-16.8512
125.681

-0.112992
-0.53227
0.839
0.881042
0.00563209

-0.624892
-0.168876
-0.762228
0.32511
0.0341289

0.624892
0.168876
0.762228
-0.0442548
0.0816581

0.598539
-0.13656
-0.789369
0.578478
0.00867731

-0.873351
0.274447
-0.402415
0.770865
0.00682014

0.873351
-0.274447
0.402415
-3.17127
2.25309

0.778445
0.062769
-0.624567
0.669207
0.0043208

-0.778445
-0.062769
0.624567
0.430861
0.0126925

0.392869
0.919595
0
-3.72222
4.12927

-0.392869
-0.919595
0
0.377929
0.0717041

-0.15261
-0.441767
0.884054
0.768414
0.00598993

0.15261
0.441767
-0.884054
-2.40302
1.28781

-0.174506
-0.981409
-0.0798988
-1.54688
1.35268

0.174506
0.981409
0.0798988
-1.18444
0.995091

-0.394601
0.88427
0.249715
0.653701
0.00793624

0.394601
-0.88427
-0.249715
-0.34898
0.12039

-0.0276831
-0.638025
-0.769518
-35.9005
1013.09

0.0276831
0.638025
0.769518
0.920172
0.00474854

-0.0767696
0.413339
-0.907335
0.744884
0.00105827

-0.90817
0.418602
0
-2.14879
0.820553

0.90817
-0.418602
0
0.911128
0.00181407

-0.366607
-0.582968
-0.725085
-4.24794
4.41671

0.366607
0.582968
0.725085
0.730971
0.0116275

-0.786108
-0.492831
0.373031
0.481798
0.0277636

0.786108
0.492831
-0.373031
-1.16007
0.482262

0.0191156
-0.622509
0.782379
0.795061
0.002249

-0.0229682
0.993743
0.109307
0.971286
2.7398e-05

0.0229682
-0.993743
-0.109307
-0.266539
0.0529075

0.00778617
0.680845
0.732386
-9.6007
35.5268

-0.00778617
-0.680845
-0.732386
0.513233
0.0749463

-0.188307
-0.05575
0.980527
0.747873
0.00224843

-0.294655
-0.104578
-0.949864
-7.80551
15.657

0.294655
0.104578
0.949864
0.918195
0.00135186

-0.173339
0.254017
0.95154
0.915225
0.000585211

0.173339
-0.254017
-0.95154
-2.00583
0.734814

-0.527398
0.0989764
0.843834
0.797687
0.000654694

0.527398
-0.0989764
-0.843834
0.839794
0.000410938

-0.10393
0.607037
0.787848
0.802527
0.00771604

0.10393
-0.607037
-0.787848
-6.37475
10.7502

0.44384
0.758975
-0.476406
-1.48248
0.438655

-0.44384
-0.758975
0.476406
0.90405
0.000863238

0.199616
0.979874
0
0.218768
0.0352342

-0.199616
-0.979874
0
0.460811
0.0167883

0.371467
-0.0740853
-0.925486
0.415134
0.00997916

-0.371467
0.0740853
0.925486
0.843152
0.000720104

0.156808
-0.568264
0.807767
0.286429
0.0443927

-0.156808
0.568264
-0.807767
-0.306163
0.148308

-0.439073
0.378701
-0.814739
-0.136768
0.0499983

0.439073
-0.378701
0.814739
0.909654
0.000324266

-0.80804
-0.254809
0.531172
0.854305
0.00189111

0.80804
0.254809
-0.531172
-1.19308
0.342122

-0.522175
0.279895
0.8056
0.924986
0.000642633

0.746237
-0.166844
0.644433
0.718125
0.00203932

-0.746237
0.166844
-0.644433
0.718125
0.00203932

0.197411
-0.878027
-0.436002
0.104732
0.0342718

-0.197411
0.878027
0.436002
0.787326
0.0019529

0.8431
-0.181785
0.5061
0.523248
0.00962612

-0.8431
0.181785
-0.5061
0.523248
0.00962612

-0.543248
0.277199
-0.792491
-4.43311
4.49761

0.543248
-0.277199
0.792491
0.814824
0.0052289

0.0627155
0.109225
0.992037
0.28357
0.0684788

-0.115022
-0.294694
-0.948644
-0.00668907
0.0297494

0.198393
-0.749042
-0.63212
-0.094712
0.132278

-0.198393
0.749042
0.63212
-0.417527
0.221787

-0.335563
-0.910859
-0.240279
-0.285697
0.0931994

0.335563
0.910859
0.240279
0.761974
0.00330561

0.464808
-0.432909
-0.772362
0.903753
0.000158493

-0.464808
0.432909
0.772362
0.774283
0.000760755

0.74301
0.515205
0.427201
0.615451
0.0172327

0.125685
0.138848
-0.982306
-1.82104
0.710293

-0.125685
-0.138848
0.982306
0.831434
0.00262971

0.801185
-0.34185
-0.491163
0.985245
1.96797e-05

0.363152
0.198239
-0.910397
0.711915
0.00481466

0.464061
-0.885803
0
0.795782
0.0796145

-0.464061
0.885803
0
-2.45124
0.273597

-0.0368319
-0.882724
0.468446
0.967447
0.000109497

0.67794
-0.405628
0.613078
0.591165
0.00562764

-0.127867
-0.366604
0.921549
0.468238
0.0256832

0.127867
0.366604
-0.921549
-0.709729
0.263533

0.0226585
0.341286
-0.939687
0.989926
3.05673e-05

-0.442298
-0.671801
-0.594186
-1.46574
0.438355

0.442298
0.671801
0.594186
0.896656
0.000791432

-0.279389
-0.355597
0.891904
0.748949
0.00877866

0.279389
0.355597
-0.891904
-3.4587
2.76798

-0.448969
0.416977
-0.79029
0.0833948
0.103688

-0.271002
-0.852481
0.447027
0.298649
0.0434261

0.271002
0.852481
-0.447027
-0.362777
0.163917

0.238362
0.207715
0.948704
0.977055
0.000253935

-0.396633
-0.333273
0.855343
0.50087
0.0182421

-0.530075
0.409904
0.742293
0.748744
0.00102209

0.530075
-0.409904
-0.742293
0.892983
0.000206158

-0.0395572
-0.325688
0.94465
0.861867
0.00403507

-0.533953
0.0212354
-0.845247
0.828051
0.00834682

0.533953
-0.0212354
0.845247
-10.468
36.7983

-0.810317
-0.585992
0
0.797495
0.00233101

0.810317
0.585992
0
0.843613
0.00171981

-0.508163
0.614262
0.603698
0.599667
0.0256916

-0.947395
-0.320066
0
0.144848
0.114076

0.947395
0.320066
0
-1.57968
0.908824

-0.256683
-0.966496
0
-0.133642
0.13708

0.256683
0.966496
0
-0.28463
0.17602

-0.810512
0.480204
-0.335373
-1.79466
1.43037

0.810512
-0.480204
0.335373
-0.478156
0.400207

0.925118
-0.379679
0
-0.00117826
0.0458208

-0.925118
0.379679
0
0.81611
0.00216233

0.0770958
0.717331
0.692454
-0.471117
0.246999

-0.0770958
-0.717331
-0.692454
-0.126326
0.144864

-0.366484
-0.893168
0.260653
0.410087
0.0145565

0.366484
0.893168
-0.260653
0.628586
0.00577602

-0.0581905
0.177753
0.982353
0.987068
1.422e-05

0.0581905
-0.177753
-0.982353
-3.06158
1.38738

-0.873093
0.258796
0.413198
-0.308336
0.191475

0.873093
-0.258796
-0.413198
-0.22528
0.167945

0.490385
-0.305857
0.816073
0.843972
0.00233777

-0.808728
-0.496642
-0.315128
-0.336737
0.112927

0.808728
0.496642
0.315128
0.690111
0.0060835

0.0529648
-0.83632
0.545678
0.643958
0.0199157

-0.0529648
0.83632
-0.545678
-3.65383
3.39237

0.54682
-0.454229
0.703324
0.963943
0.000282619

-0.0374432
-0.957321
0.286592
-5.37389
7.68257

0.0374432
0.957321
-0.286592
0.714285
0.0154507

-0.860757
0.0634464
0.505046
0.558843
0.029807

-0.585603
-0.348911
0.731662
0.782496
0.00322507

0.585603
0.348911
-0.731662
-0.727452
0.199499

-0.435117
0.558146
0.706503
0.974508
4.95986e-05

-0.552461
-0.783565
0.284275
0.136202
0.040225

-0.0822387
0.443554
0.892467
0.879163
0.000783853

0.414869
0.144045
0.898407
0.889843
0.00251739

-0.414869
-0.144045
-0.898407
-7.67658
15.5809

-0.981298
-0.192494
0
0.520882
0.0848046

-0.575196
0.459226
0.67695
-12.6506
63.4133

0.575196
-0.459226
-0.67695
0.763667
0.0190726

-0.448894
0.822863
0.348412
0.506173
0.00544114

0.156893
0.981542
0.109363
0.903743
0.000425698

-0.616051
0.571764
0.541818
0.652652
0.00645686

0.616051
-0.571764
-0.541818
0.0577141
0.0472277

-0.570459
0.034363
0.820607
0.863491
0.00354398

0.570459
-0.034363
-0.820607
-6.5653
10.866

-0.197276
-0.610265
-0.767241
0.929216
0.000237775

0.809808
0.586694
0
-1.83189
0.891602

-0.809808
-0.586694
0
0.625532
0.0156202

-0.218521
-0.664415
0.714703
0.699089
0.0123242

-0.960958
0.151323
0.231647
0.204946
0.0650458

0.960958
-0.151323
-0.231647
-0.622555
0.270854

-0.723783
-0.565652
0.395191
-0.958072
0.215318

-0.353833
0.799311
0.4857
-0.256931
0.119917

0.353833
-0.799311
-0.4857
0.451298
0.0228635

-0.706524
0.564256
0.427129
0.811113
0.00181364

0.706524
-0.564256
-0.427129
-0.233598
0.0771655

0.548236
-0.340219
0.763995
0.802477
0.00112963

-0.548236
0.340219
-0.763995
0.500971
0.00720752

-0.654603
-0.755973
0
-4.9183
9.34441

0.654603
0.755973
0
-0.198448
0.383228

-0.57198
-0.586568
0.57339
-2.75175
4.93868

0.57198
0.586568
-0.57339
-3.20438
6.20203

-0.344585
-0.134222
-0.92911
-2.18817
1.40445

0.344585
0.134222
0.92911
0.424133
0.0460706

0.695888
-0.212565
-0.68597
-2.18817
1.40539

-0.695888
0.212565
0.68597
0.424133
0.045867

0.337729
0.767207
-0.545282
0.289664
0.026917

-0.337729
-0.767207
0.545282
0.495371
0.0136111

0.286595
-0.264079
-0.920937
-13.579
64.6467

-0.286595
0.264079
0.920937
0.948345
0.000838277

0.0405312
-0.299874
0.953117
0.206903
0.0565978

-0.0405312
0.299874
-0.953117
-0.268549
0.144375

0.0702383
0.273187
-0.959393
-8.78293
33.8507

-0.0702383
-0.273187
0.959393
0.0244112
0.336644

0.646565
-0.284538
-0.707808
0.632936
0.0150146

0.0900009
0.592836
0.800278
-0.164915
0.0557507

-0.0900009
-0.592836
-0.800278
0.895158
0.000489

0.0217078
0.124616
-0.991967
-1.7372
0.457389

-0.0217078
-0.124616
0.991967
0.980109
2.54759e-05

0.275071
-0.947067
-0.165532
0.813001
0.00120739

-0.275071
0.947067
0.165532
0.314367
0.016177

0.414439
0.812755
-0.409474
-0.619449
0.137314

-0.414439
-0.812755
0.409474
0.894667
0.000591021

0.902581
-0.233545
0.36167
0.066507
0.0431418

-0.902581
0.233545
-0.36167
0.706146
0.00430357

-0.629298
0.189376
-0.753737
-4.33281
4.45261

0.629298
-0.189376
0.753737
0.771723
0.00823485

0.100765
0.99491
0
0.19983
0.0761978

-0.100765
-0.99491
0
-1.07077
0.509876

-0.146342
-0.876335
0.458934
-0.147427
0.147554

0.146342
0.876335
-0.458934
-0.397106
0.218717

0.550907
-0.588904
-0.59135
-1.48874
0.898592

-0.550907
0.588904
0.59135
0.00173903
0.144702

0.189496
-0.0222094
0.98163
0.989271
2.40842e-05

0.625241
0.39726
0.671757
0.220271
0.0157653

-0.757306
-0.65306
0
-0.965954
0.533428

0.757306
0.65306
0
-0.213671
0.204129

0.122171
-0.717943
0.685297
0.783203
0.00479088

-0.122171
0.717943
-0.685297
-2.04869
0.935949

0.63408
0.444551
-0.632706
0.956501
4.66892e-05

-0.63408
-0.444551
0.632706
0.218906
0.0148512

0.552492
0.120081
0.824823
0.54686
0.0157797

-0.552492
-0.120081
-0.824823
-0.458598
0.163479

0.0706583
0.220005
0.972936
0.439434
0.0724026

-0.0706583
-0.220005
-0.972936
-5.65069
10.1495

0.010829
0.0383171
0.999207
-0.476529
0.114951

-0.010829
-0.0383171
-0.999207
0.86021
0.00110773

0.683438
-0.000957805
-0.730008
-8.39013
22.7453

-0.683438
0.000957805
0.730008
0.712427
0.0213553

-0.395092
-0.879277
0.266033
0.875034
0.000905132

0.395092
0.879277
-0.266033
-0.541455
0.125435

-0.352857
0.387045
0.851873
0.876228
0.00606715

0.352857
-0.387045
-0.851873
-16.8232
125.683

-0.164432
0.752313
0.637955
0.455716
0.0621513

0.164432
-0.752313
-0.637955
-4.92724
7.356

-0.291875
-0.475947
0.829629
0.903342
0.00071683

0.693383
-0.301841
0.654302
0.694426
0.00725775

0.284644
-0.115975
-0.951592
-1.68173
1.07623

-0.284644
0.115975
0.951592
0.0345757
0.139566

0.42156
-0.477106
0.77114
0.80346
0.00115321

0.951824
-0.0920636
-0.292498
0.0356971
0.0755612

-0.951824
0.0920636
0.292498
0.123317
0.0624578

0.510618
-0.0431508
0.858724
-1.10637
0.568479

0.789524
0.61372
0
-0.448132
0.189526

-0.789524
-0.61372
0
0.356384
0.041716

0.574853
0.39791
-0.714991
-22.8609
298.169

-0.574853
-0.39791
0.714991
0.851284
0.0116289

0.392606
-0.536516
0.747002
0.805221
0.0019625

0.114375
-0.269547
0.956171
0.958724
0.000372909

-0.114375
0.269547
-0.956171
-9.37888
23.5599

0.61292
0.201126
0.764119
-0.370368
0.121802

-0.832568
0.179717
-0.523958
0.91492
0.00132955

0.832568
-0.179717
0.523958
-6.76854
10.9668

0.0266166
-0.0847027
0.996051
0.991069
2.84016e-05

-0.0266166
0.0847027
-0.996051
-17.8977
127.022

-0.0583753
0.374229
0.925497
0.980367
0.000192869

0.0583753
-0.374229
-0.925497
-2.25773
0.739078

-0.708659
0.419752
-0.567108
0.852281
0.000563169

0.708659
-0.419752
0.567108
0.539114
0.00528972

-0.655449
-0.75524
0
0.544207
0.0102827

0.655449
0.75524
0
0.40252
0.0173136

0.300306
0.518221
-0.800789
-0.593713
0.154427

-0.300306
-0.518221
0.800789
0.809037
0.00228319

-0.777103
0.629373
0
-0.0343812
0.135939

0.777103
-0.629373
0
-0.838894
0.419729

-0.0302271
-0.932354
-0.36028
0.186332
0.0395929

0.0302271
0.932354
0.36028
0.445665
0.0183908

-0.806743
0.0618145
0.587661
0.55522
0.00850365

-0.194653
-0.831578
0.520182
0.568928
0.0100408

0.194653
0.831578
-0.520182
0.168456
0.0373575

0.275237
-0.173161
-0.945653
-4.85545
4.63485

-0.275237
0.173161
0.945653
0.94241
0.00045182

-0.433566
-0.801981
-0.410911
0.0723265
0.0395846

0.433566
0.801981
0.410911
0.755166
0.00276924

0.224612
0.186389
0.956456
0.941853
0.00038325

-0.42117
-0.866078
0.269303
0.407022
0.0150484

0.42117
0.866078
-0.269303
0.611918
0.0064515

-0.789838
-0.613315
0
0.475066
0.014211

0.789838
0.613315
0
0.428427
0.0167333

0.0768381
-0.45417
0.887596
0.720991
0.00641995

-0.0768381
0.45417
-0.887596
-1.09583
0.362203

-0.707112
-0.707101
0
-0.50455
1.57573

0.111874
-0.927786
0.355947
-1.1511
0.338661

-0.36712
-0.623444
0.690319
-0.714494
0.466511

0.36712
0.623444
-0.690319
-0.88166
0.561863

0.176414
0.924332
0.338363
0.30524
0.1611

-0.176414
-0.924332
-0.338363
-9.20904
34.7754

-0.0720693
-0.855224
0.513223
0.39259
0.0208746

0.0720693
0.855224
-0.513223
0.329248
0.025444

0.300154
0.694633
0.653752
0.359271
0.00790518

-0.300154
-0.694633
-0.653752
0.969667
1.81903e-05

0.416213
-0.619089
0.665955
0.641946
0.0112109

-0.416213
0.619089
-0.665955
-1.01179
0.351401

0.326387
-0.0945198
0.940499
0.471559
0.0274915

-0.326387
0.0945198
-0.940499
-0.954299
0.373143

-0.408266
0.746599
-0.52527
0.307207
0.048903

0.408266
-0.746599
0.52527
-0.757177
0.314144

0.380625
0.788629
0.482896
-0.0793519
0.179657

-0.380625
-0.788629
-0.482896
-1.61177
1.0514

0.0248658
-0.601272
-0.798658
-8.51901
22.8889

-0.0248658
0.601272
0.798658
0.759075
0.0146681

0.326353
0.0355985
0.944578
-1.62044
1.34557

-0.326353
-0.0355985
-0.944578
-0.858258
0.676953

0.362776
-0.599329
-0.713582
-1.00511
0.381038

-0.362776
0.599329
0.713582
0.535168
0.0205892

0.460542
0.0667167
0.885127
0.520881
0.0848133

-0.460542
-0.0667167
-0.885127
-11.9553
61.9712

0.61692
0.011863
0.786936
0.82919
0.000762493

0.227669
0.825161
-0.516987
-0.337558
0.126698

-0.227669
-0.825161
0.516987
0.579634
0.0125613

-0.995587
-0.0938407
0
-0.634583
0.29409

0.995587
0.0938407
0
0.0805521
0.0930727

-0.921181
0.00241766
0.389127
0.555226
0.0112648

0.921181
-0.00241766
-0.389127
0.113529
0.0446665

-0.422425
0.173833
-0.889573
-1.9616
1.03452

0.422425
-0.173833
0.889573
0.588952
0.0200999

-0.469727
0.159661
-0.868254
-2.87155
1.58869

0.469727
-0.159661
0.868254
0.883498
0.00145163

-0.929114
-0.369793
0
0.687163
0.0032805

0.929114
0.369793
0
0.54628
0.006899

0.236877
-0.83197
0.501711
0.611983
0.0162639

-0.591835
-0.806059
0
0.0717559
0.0485937

0.81654
0.577289
0
-0.094712
0.138005

-0.81654
-0.577289
0
-0.417527
0.226559

0.942946
0.0751543
0.324353
0.649323
0.00543121

-0.942946
-0.0751543
-0.324353
0.318612
0.0204952

0.332496
0.754138
-0.566324
-1.32
0.509629

-0.332496
-0.754138
0.566324
0.65236
0.011501
