
-0.536582
-0.590559
0.60276
0.668188
0.0029904

0.536582
0.590559
-0.60276
0.716912
0.00217767

0.0764128
-0.718905
-0.690895
-7.65119
15.5658

-0.0764128
0.718905
0.690895
0.883706
0.0028165

0.157967
-0.964647
-0.210956
-1.39777
1.0919

-0.157967
0.964647
0.210956
-0.919561
0.69981

-0.404792
-0.914409
0
0.0387589
0.0717477

0.404792
0.914409
0
0.198662
0.0498671

-0.30581
0.083403
0.948432
0.980241
0.000281023

0.574266
-0.66927
-0.471483
0.957505
0.00026447

0.939199
0.278177
0.201303
0.489279
0.00472249

0.808745
0.58816
0
0.00982165
0.19532

-0.808745
-0.58816
0
-2.96071
2.96557

0.517823
-0.292242
0.804024
0.832064
0.00498633

0.675994
-0.284842
0.67963
0.826636
0.00324267

-0.675994
0.284842
-0.67963
-2.51063
1.31057

0.362141
0.0642217
0.929908
0.912383
0.00574575

-0.362141
-0.0642217
-0.929908
-35.8206
1012.7

0.544185
-0.438075
0.715509
0.945372
0.000131976

0.903499
0.00762779
-0.428523
0.0525897
0.0674917

-0.903499
-0.00762779
0.428523
0.239685
0.0434841

0.370683
0.738726
-0.56292
0.979159
1.25602e-05

-0.995149
-0.0619787
0.076399
0.0878778
0.0208977

0.899773
0.413825
-0.138409
0.960095
0.000131176

-0.899773
-0.413825
0.138409
-2.48856
0.998974

0.43974
0.898125
0
0.440826
0.0306212

0.175447
-0.564249
0.806747
0.920462
0.000398427

-0.175447
0.564249
-0.806747
-1.01338
0.235785

-0.308354
0.325624
0.893805
0.89733
0.00116448

0.403288
-0.597708
0.692896
-1.09823
0.333277

-0.403288
0.597708
-0.692896
0.792323
0.00327108

0.303248
-0.20852
0.929817
0.934153
0.000282039

-0.303248
0.20852
-0.929817
-1.19434
0.289118

-0.101088
0.635936
-0.765093
-0.423229
0.384505

0.101088
-0.635936
0.765093
-2.06152
1.77889

0.617013
0.511317
0.598205
0.571266
0.00472857

0.262741
-0.953943
0.144778
-0.422726
0.111849

-0.249968
0.779419
0.574475
0.942977
0.000576026

-0.643634
0.152734
-0.749938
-0.836832
0.173938

0.655217
0.347005
-0.671028
-0.215219
0.235201

-0.655217
-0.347005
0.671028
-1.53545
1.02367

-0.0606215
-0.075302
-0.995316
-1.88452
0.631486

0.0606215
0.075302
0.995316
0.922283
0.00120253

0.105125
-0.82826
-0.550394
-35.733
1012.24

-0.105125
0.82826
0.550394
0.903397
0.00701867

-0.744397
0.354241
0.566027
0.914468
0.000363772

0.744397
-0.354241
-0.566027
-0.522848
0.110293

0.687934
0.292575
-0.664189
-0.623612
0.218476

-0.687934
-0.292575
0.664189
0.536178
0.0179192

0.679744
0.0394468
0.732388
-0.648389
0.390761

-0.679744
-0.0394468
-0.732388
-0.596055
0.366613

0.19891
0.750241
0.630534
-1.55056
0.91816

-0.19891
-0.750241
-0.630534
0.100834
0.114253

0.643511
-0.244159
0.725451
0.79152
0.00355921

0.450429
0.892812
0
-0.481341
0.267541

-0.450429
-0.892812
0
-0.284058
0.20103

0.573895
0.208896
-0.791838
-2.11082
1.57288

-0.573895
-0.208896
0.791838
0.0530746
0.145992

0.716195
-0.437094
0.544071
0.985267
2.59865e-05

-0.319222
0.574976
-0.753326
-1.42184
0.525261

0.319222
-0.574976
0.753326
0.738227
0.00621783

0.409039
-0.364578
-0.836523
-3.05946
2.60432

-0.409039
0.364578
0.836523
0.476889
0.0434414

0.387605
0.530402
0.753947
-0.934426
0.525256

-0.387605
-0.530402
-0.753947
-0.284315
0.231682

-0.289305
-0.242694
0.92596
0.693308
0.00648023

0.289305
0.242694
-0.92596
-0.523192
0.159051

0.799143
-0.317228
-0.510624
0.721055
0.00465595

0.584783
0.0354084
0.810417
0.825947
0.00190178

-0.584783
-0.0354084
-0.810417
-0.723828
0.185859

-0.359967
-0.3388
0.869275
0.902467
0.000440512

-0.428283
0.322304
0.844212
0.934857
0.000687012

0.428283
-0.322304
-0.844212
-6.04588
8.01646

0.659225
0.0198821
-0.751683
0.0776459
0.0799551

-0.659225
-0.0198821
0.751683
-0.213588
0.138286

-0.303385
0.286549
-0.908762
0.527977
0.0058262

0.0843434
-0.695168
-0.713882
-0.148193
0.0890925

-0.0843434
0.695168
0.713882
0.528783
0.0150091

0.36947
-0.664223
-0.649845
0.354232
0.0314562

-0.36947
0.664223
0.649845
-0.0913467
0.0896469

-0.776428
-0.160436
0.609442
0.614025
0.00382907

0.604274
0.28008
-0.745928
0.382733
0.0277811

-0.604274
-0.28008
0.745928
-0.0707657
0.0835804

0.0918043
-0.10476
-0.990251
-7.78643
15.6448

-0.0918043
0.10476
0.990251
0.914292
0.0014943

0.954832
0.113549
0.274595
0.160499
0.0522692

0.207651
0.0392919
0.977413
0.917936
0.000818359

0.874358
0.320002
-0.364824
-7.36699
15.3645

-0.874358
-0.320002
0.364824
0.801964
0.00860794

-0.468882
0.542746
-0.696833
0.792948
0.00171323

0.468882
-0.542746
0.696833
0.184884
0.0264729

0.779653
0.187824
0.597381
0.164138
0.0623089

-0.779653
-0.187824
-0.597381
-0.203642
0.129191

-0.893334
0.349447
0.282561
-0.293211
0.27106

-0.475995
0.490899
0.72969
0.856974
0.00567571

0.475995
-0.490899
-0.72969
-10.5851
36.9359

-0.453652
-0.35005
-0.819551
-5.00502
5.87069

0.453652
0.35005
0.819551
0.828022
0.00488383

-0.0441842
-0.381684
0.923236
0.869713
0.00548944

-0.407672
0.136117
0.902926
0.833739
0.00197695

-0.0693413
0.762643
-0.643092
-2.39041
1.46936

0.0693413
-0.762643
0.643092
0.608067
0.0197235

0.0747476
0.231516
0.969955
0.795213
0.00567454

-0.0747476
-0.231516
-0.969955
-3.55128
2.79933

0.902795
0.142255
-0.405864
-5.78539
10.2842

-0.902795
-0.142255
0.405864
0.524551
0.0505374

0.560744
0.25374
-0.788151
0.881449
0.000367313

-0.560744
-0.25374
0.788151
0.429576
0.00845231

-0.683439
0.242232
-0.688647
-0.491446
0.166682

0.683439
-0.242232
0.688647
0.591928
0.0125642

-0.911941
-0.0581699
-0.406178
0.926965
0.0039616

0.911941
0.0581699
0.406178
-35.9735
1013.41

0.0580902
-0.782073
0.620473
0.920929
0.000578131

-0.0580902
0.782073
-0.620473
-0.49507
0.104307

-0.216154
-0.210594
-0.953377
0.114605
0.0661485

0.216154
0.210594
0.953377
-0.0268493
0.0889504

-0.10698
0.841266
-0.529931
-0.445071
0.0953531

0.10698
-0.841266
0.529931
0.914713
0.000345941

-0.515187
0.803101
-0.299353
0.682699
0.0100527

0.515187
-0.803101
0.299353
-1.60199
0.67498

-0.0415434
0.539633
-0.840875
-0.595566
0.113095

0.0415434
-0.539633
0.840875
0.947949
0.000142166

-0.012791
0.513981
0.857706
0.886237
0.000705518

0.012791
-0.513981
-0.857706
-0.515609
0.116806

0.127917
-0.59697
0.792
0.675834
0.00479567

0.279892
0.926666
-0.2509
0.6063
0.00563734

-0.279892
-0.926666
0.2509
0.57132
0.00668213

0.935765
0.352625
0
-7.44745
14.605

-0.935765
-0.352625
0
0.827603
0.0111765

0.035474
-0.685732
0.726989
0.853802
0.00136784

-0.035474
0.685732
-0.726989
-0.888154
0.227343

0.257046
0.786889
0.561011
0.609795
0.00761237

-0.257046
-0.786889
-0.561011
0.220053
0.0303758

0.698806
-0.0979166
0.708578
-1.49439
0.654603

0.650648
0.124807
0.749053
-0.225932
0.124102

0.536422
-0.84395
0
-0.57328
0.152903

-0.536422
0.84395
0
0.791963
0.00267444

-0.300256
-0.393055
0.869111
0.572731
0.0202136

-0.668351
-0.743846
0
-0.0743229
0.0785953

0.668351
0.743846
0
0.515034
0.0174441

0.0586726
0.196719
0.978703
0.985898
6.5747e-05

0.783427
0.498676
-0.370897
-2.58142
1.75583

-0.783427
-0.498676
0.370897
0.566713
0.0257315

0.575921
-0.359678
0.73413
0.718846
0.00510891

0.730223
-0.391277
-0.560068
-0.618607
0.190045

0.516359
-0.77159
0.371515
0.469002
0.00698138

-0.516359
0.77159
-0.371515
0.883104
0.000346049

0.586633
0.809853
0
-1.6051
0.750433

-0.586633
-0.809853
0
0.558303
0.0217952

0.0443597
0.571791
-0.819199
0.0452769
0.0478851

-0.0443597
-0.571791
0.819199
0.671921
0.00574314

0.819561
0.407611
0.402708
0.504912
0.0407587

-0.819561
-0.407611
-0.402708
-3.45579
3.29793

-0.140206
0.727237
-0.671914
0.524255
0.00790585

0.140206
-0.727237
0.671914
0.676922
0.00364916

0.318286
-0.807263
-0.497011
-0.787812
0.40776

-0.318286
0.807263
0.497011
-0.144208
0.167083

-0.850433
0.526084
0
-1.25267
1.1415

0.850433
-0.526084
0
-1.94223
1.89579

-0.153413
0.0140428
-0.988062
-1.67306
0.409897

0.153413
-0.0140428
0.988062
0.986853
1.07839e-05

-0.977256
0.0430358
0.207652
-0.437487
0.0849725

0.895217
-0.296923
0.3323
-1.94054
0.518296

-0.895217
0.296923
-0.3323
0.992469
3.90768e-06

-0.892597
-0.450855
0
0.605323
0.0133071

0.892597
0.450855
0
-0.0672847
0.0747555

0.0952615
0.465683
-0.879809
-0.56901
0.152765

-0.0952615
-0.465683
0.879809
0.788272
0.00286866

-0.793047
0.303545
0.528145
-0.930837
0.635675

0.793047
-0.303545
-0.528145
-0.930837
0.635675

-0.383116
-0.522915
0.761434
0.652652
0.00641657

0.383116
0.522915
-0.761434
0.0577141
0.0471578

0.662436
0.573359
0.482118
0.900744
0.00203432

0.343995
-0.909467
0.233533
0.711545
0.0134935

0.240483
0.678982
-0.69365
0.873582
0.000287958

-0.240483
-0.678982
0.69365
0.702122
0.00158555

0.91196
-0.181726
-0.367837
0.959455
9.41186e-05

-0.91196
0.181726
0.367837
-1.19321
0.26575

0.27414
-0.4966
0.82355
0.851799
0.00533064

-0.27414
0.4966
-0.82355
-8.82663
23.1697

0.287106
0.897146
-0.335708
0.784576
0.00223757

0.807187
0.590296
0
0.802473
0.00194079

-0.807187
-0.590296
0
0.800433
0.00196653

0.697331
0.312696
-0.644942
-0.525986
0.206999

-0.697331
-0.312696
0.644942
0.389223
0.0331672

0.00944153
0.956672
0.291014
0.0343369
0.0687049

-0.00944153
-0.956672
-0.291014
0.285796
0.0375845

-0.114678
0.481771
-0.868761
-0.867193
0.35899

0.114678
-0.481771
0.868761
0.348026
0.0439649

0.869401
0.357821
-0.340743
-1.73592
0.778033

-0.869401
-0.357821
0.340743
0.675748
0.0109488

0.766783
0.583986
-0.266467
0.245439
0.0413913

-0.766783
-0.583986
0.266467
0.105327
0.0581828

0.0393473
0.478883
-0.876996
-5.26613
7.61187

-0.0393473
-0.478883
0.876996
0.661107
0.0222679

0.00980325
-0.453442
-0.891232
-5.49024
17.3337

-0.00980325
0.453442
0.891232
-2.18021
4.16185

0.279803
0.015407
0.959934
0.496494
0.026949

-0.279803
-0.015407
-0.959934
-1.28531
0.554024

-0.271515
-0.867261
0.417298
0.383849
0.0267543

0.271515
0.867261
-0.417298
-0.00803375
0.0715921

0.812383
0.532257
0.238193
0.0358826
0.0834797

-0.812383
-0.532257
-0.238193
-0.0711672
0.103043

0.400388
0
0.916346
0.267576
0.0694402

-0.400388
0
-0.916346
-1.5067
0.81025

0.213523
-0.402568
-0.890139
-0.972363
0.446349

-0.213523
0.402568
0.890139
0.21324
0.0712503

-0.594939
0.0503872
-0.80219
-0.800323
0.347578

0.594939
-0.0503872
0.80219
0.239365
0.0620878

0.0326124
0.998462
0.0448345
-2.09169
1.37206

-0.0326124
-0.998462
-0.0448345
0.318584
0.0666519

0.199792
-0.204642
-0.95823
0.324205
0.133444

-0.199792
0.204642
0.95823
-7.61985
21.6962

0.327822
0.657518
-0.678383
-0.290722
0.118085

-0.327822
-0.657518
0.678383
0.573742
0.0141838

0.529793
-0.57746
0.621176
0.633424
0.0111614

-0.529793
0.57746
-0.621176
-0.841598
0.279945

0.514895
0.094506
0.852028
0.67995
0.00534772

-0.514895
-0.094506
-0.852028
0.0952809
0.0414322

0.582329
-0.563316
0.586147
0.853724
0.00859652

-0.582329
0.563316
-0.586147
-16.6994
125.415

0.371085
0.618107
-0.692994
-6.06714
10.5263

-0.371085
-0.618107
0.692994
0.675489
0.0222173

0.580733
-0.733952
-0.352226
-2.31312
1.26666

-0.580733
0.733952
0.352226
0.711515
0.00962351

0.106691
-0.63287
-0.766872
-0.0199621
0.158143

-0.106691
0.63287
0.766872
-1.64749
1.06397

-0.615067
0.480442
0.625194
0.69598
0.00853588

0.615067
-0.480442
-0.625194
-1.36934
0.517478

-0.627602
0.279988
-0.726445
0.879051
0.00114378

0.627602
-0.279988
0.726445
-1.42856
0.434638

-0.27819
0.229757
0.932643
-0.691395
0.19643

0.27819
-0.229757
-0.932643
0.750956
0.00426568

0.131968
0.391121
-0.910829
-1.22604
0.81044

-0.131968
-0.391121
0.910829
-0.519094
0.377665

0.144261
0.320633
0.936153
0.912553
0.00244526

-0.144261
-0.320633
-0.936153
-13.3274
64.3872

0.543269
0.767828
0.339559
0.268619
0.0859891

-0.128719
0.869474
-0.476914
-1.20158
0.591245

0.128719
-0.869474
0.476914
0.221647
0.0739713

0.00879046
0.986597
0.162936
0.793124
0.0229548

-0.00879046
-0.986597
-0.162936
-22.5379
297.117

-0.150616
0.329014
0.932236
0.994553
1.10298e-05

0.150616
-0.329014
-0.932236
-17.9869
127.05

0.780265
-0.257728
0.56988
0.865914
0.00381427

-0.713739
-0.533953
-0.45329
-0.147174
0.0766223

0.713739
0.533953
0.45329
0.677613
0.00608052

-0.637466
-0.549905
0.539667
-1.32597
0.323591

0.637466
0.549905
-0.539667
0.951097
0.00014399

-0.44067
-0.0656063
-0.895268
0.364704
0.0390831

-0.263135
0.962121
0.0712959
0.721512
0.012504

0.263135
-0.962121
-0.0712959
-4.22937
4.40867

0.810788
0.0279586
0.584671
-0.190515
0.0431334

0.130824
0.217611
-0.967228
-0.109752
0.106683

0.213694
-0.333738
0.918125
-0.831445
0.126559

-0.213694
0.333738
-0.918125
0.994605
3.87534e-06

-0.312056
0.00702495
0.950038
0.921232
0.00125748

-0.732185
-0.681106
0
-2.90321
2.05829

0.732185
0.681106
0
0.602434
0.0313992

0.79583
0.568165
-0.209386
-3.22947
2.67992

-0.79583
-0.568165
0.209386
0.608235
0.0230029

0.621799
0.0879874
0.778219
0.822816
0.00320385

-0.621799
-0.0879874
-0.778219
-2.30025
1.11017

-0.425719
0.893332
-0.14395
0.998803
4.12737e-07

-0.238961
0.681506
-0.691699
-2.37131
2.24259

0.238961
-0.681506
0.691699
-0.365245
0.367827

0.357179
0.829782
0.428818
-4.21022
4.39937

-0.357179
-0.829782
-0.428818
0.711545
0.0134922

0.149218
-0.199097
-0.968553
-1.70028
0.410733

-0.149218
0.199097
0.968553
0.990492
6.45389e-06

-0.612186
-0.689733
0.386649
0.00173903
0.144641

0.612186
0.689733
-0.386649
-1.48874
0.898667

-0.41804
-0.552556
-0.721058
-2.35494
1.45848

0.41804
0.552556
0.721058
0.579174
0.0230648

-0.85407
-0.114724
0.507349
-10.0334
36.2412

0.85407
0.114724
-0.507349
0.693516
0.0279692

0.172679
0.875827
-0.450676
-0.192251
0.102381

0.164702
0.577345
-0.799716
-2.24707
1.24996

-0.164702
-0.577345
0.799716
0.664526
0.0133718

0.123319
0.275464
0.953369
0.946955
0.000558133

0.543121
0.804532
0.240308
0.136957
0.0344736

-0.543121
-0.804532
-0.240308
0.719597
0.00364573

-0.237453
0.085094
-0.967665
-7.69298
21.8128

0.237453
-0.085094
0.967665
0.369887
0.114628

0.106585
-0.0747336
0.991491
0.420416
0.0271921

-0.106585
0.0747336
-0.991491
-0.329021
0.141944

-0.49858
-0.25901
-0.827244
-1.65247
0.683631

0.49858
0.25901
0.827244
0.722363
0.00759408

0.430749
-0.865451
0.255831
0.312204
0.0148733

-0.430749
0.865451
-0.255831
0.855514
0.000660929

0.917557
0.397604
0
0.898175
0.00583741

-0.339391
-0.76197
0.551557
0.58989
0.0118915

0.339391
0.76197
-0.551557
-0.344769
0.127288

0.819314
-0.247
-0.517413
-2.08399
1.20543

-0.819314
0.247
0.517413
0.527783
0.0282781

0.0547499
0.818302
-0.572175
-12.4143
62.9868

-0.0547499
-0.818302
0.572175
0.69205
0.033199

0.978792
0.204858
0
-1.64596
0.554388

-0.978792
-0.204858
0
0.876302
0.00125336

0.369692
-0.508154
0.777887
0.914089
0.00288336

0.0243905
-0.66369
0.74761
-2.10314
2.07785

-0.0243905
0.66369
-0.74761
-0.877209
0.760644

-0.739521
-0.113199
0.663547
-1.04675
0.219721

0.739521
0.113199
-0.663547
0.957865
0.000104244

-0.258951
0.0375688
-0.96516
-17.6126
126.723

0.258951
-0.0375688
0.96516
0.973989
0.000262311

0.115241
-0.458444
0.88122
-0.530946
0.132497

-0.115241
0.458444
-0.88122
0.835709
0.00154329

-0.0080013
0.647503
0.762021
0.980214
2.9598e-05

0.0080013
-0.647503
-0.762021
-2.41775
0.870067

0.92551
0.378723
0
0.847777
0.00678617

0.183736
-0.850502
-0.492836
0.682197
0.00372255

-0.183736
0.850502
0.492836
0.468943
0.0103813

-0.0763518
0.924106
0.37443
0.215432
0.0324051

0.0947407
-0.558865
-0.823829
-23.6866
300.248

-0.0947407
0.558865
0.823829
0.954657
0.00103173

0.0626073
-0.141974
-0.987889
-9.89193
36.0226

-0.0626073
0.141974
0.987889
0.639935
0.0393748

0.318526
-0.857344
0.404353
0.93227
0.000421093

0.06278
-0.802087
-0.593899
-0.147033
0.0711834

-0.06278
0.802087
0.593899
0.753293
0.00397139

-0.559371
0.817546
0.136829
0.0428298
0.0970403

0.559371
-0.817546
-0.136829
-0.475022
0.230438

0.90816
0.0603946
0.414243
0.268526
0.0298921

0.0453499
0.89801
0.437632
0.862163
0.000860158

-0.0453499
-0.89801
-0.437632
-0.173938
0.0613579

-0.657644
0.132018
-0.741671
0.839275
0.00177854

-0.749051
0.575399
-0.328389
0.60929
0.0106308

0.0661732
-0.474235
0.877908
-0.930843
1.116

-0.0661732
0.474235
-0.877908
-4.36346
8.60663

-0.012585
-0.923682
0.382953
0.359545
0.0199772

-0.453448
-0.750778
0.480331
0.169258
0.0404134

0.453448
0.750778
-0.480331
0.484315
0.0156003

0.112742
0.709545
-0.695582
0.9839
6.01517e-06

0.737243
-0.258737
0.624121
-17.2647
126.377

-0.737243
0.258737
-0.624121
0.94036
0.00136165

0.397854
-0.0848804
-0.913514
0.951674
0.000187197

-0.397854
0.0848804
0.913514
-2.27968
0.85909

-0.669935
0.614277
0.416954
-0.410517
0.180407

0.669935
-0.614277
-0.416954
0.286728
0.04617

0.393351
-0.265395
0.88025
0.869785
0.00362155

0.594928
0.803779
0
0.762072
0.0032933

-0.594928
-0.803779
0
0.142612
0.0337836

0.976084
0.205786
0.0700868
-0.12759
0.183819

-0.976084
-0.205786
-0.0700868
-1.26393
0.740883

0.516553
-0.553233
0.653534
0.639449
0.0150305

-0.516553
0.553233
-0.653534
-2.02124
1.04955

-0.134587
0.206953
-0.969049
-12.4664
63.0895

0.134587
-0.206953
0.969049
0.708771
0.0295116

0.171655
0.00577537
0.98514
-1.95304
0.917497

-0.171655
-0.00577537
-0.98514
0.72042
0.00826151

0.460611
-0.885002
-0.0678867
0.881568
0.000888445

-0.460611
0.885002
0.0678867
-1.00421
0.254278

-0.627838
0.0390629
0.777363
0.71839
0.00589122

0.627838
-0.0390629
-0.777363
-0.782841
0.235242

0.237933
-0.172086
-0.955915
-5.30613
5.99237

-0.237933
0.172086
0.955915
0.918903
0.000993819

0.148882
-0.121324
-0.981384
-6.36415
8.10225

-0.148882
0.121324
0.981384
0.982477
4.5937e-05

-0.268504
0.641608
0.718502
0.544473
0.0147863

0.268504
-0.641608
-0.718502
-0.0309998
0.0690654

0.538143
-0.163584
0.826826
0.842094
0.00481352

-0.538143
0.163584
-0.826826
-6.49373
10.8245

-0.302008
0.336638
0.891889
0.916414
0.00521105

0.907557
0.187646
0.375672
0.268619
0.0859964

-0.907557
-0.187646
-0.375672
-2.53988
2.01333

-0.059451
0.672606
-0.737609
-0.178264
0.0824457

0.059451
-0.672606
0.737609
0.675995
0.00631256

0.80021
0.288784
-0.525612
0.688971
0.00461623

-0.80021
-0.288784
0.525612
0.174954
0.0320735

0.997396
-0.0721221
0
0.973505
0.000261771

-0.195201
-0.177423
0.964582
0.970869
0.000315967

0.195201
0.177423
-0.964582
-17.5729
126.752

-0.254077
-0.922367
0.291005
0.669406
0.00404077

0.254077
0.922367
-0.291005
0.486453
0.00972459

-0.360513
-0.0616321
0.930716
0.68539
0.0012133

0.575978
0.301738
0.759739
0.599613
0.00911022

-0.575978
-0.301738
-0.759739
0.355316
0.0213639

-0.416404
0.419504
-0.806613
-1.6622
0.617192

0.416404
-0.419504
0.806613
0.818143
0.00289692

0.57071
0.394484
0.72019
0.749987
0.00394049

-0.872858
0.0189679
0.487606
0.864903
0.000523432

0.872858
-0.0189679
-0.487606
0.380633
0.0109929

-0.0887671
0.558715
-0.824596
0.167851
0.0361805

0.0887671
-0.558715
0.824596
0.60668
0.00816923

0.583366
-0.718088
0.379518
0.885283
0.000750662

-0.583366
0.718088
-0.379518
-0.757643
0.175664

-0.639124
-0.358904
0.680227
0.957015
9.96405e-05

0.334374
0.925488
0.177949
0.204802
0.0591569

-0.334374
-0.925488
-0.177949
-0.369855
0.175532

-0.992014
0.09917
-0.0779387
0.81569
0.00957556

0.992014
-0.09917
0.0779387
-10.4214
36.7662

0.466146
-0.122649
0.876165
0.924655
0.000683144

-0.258402
-0.280989
-0.924269
-0.471117
0.246893

-0.730997
-0.196979
-0.653332
-1.03888
0.354964

0.730997
0.196979
0.653332
0.668894
0.00943377

-0.276685
-0.119779
0.953467
0.969218
6.88433e-05

0.293182
-0.0320102
0.955521
0.962493
0.000423901

-0.741357
0.231786
-0.629813
-0.401665
0.117175

0.741357
-0.231786
0.629813
0.761086
0.00340888

0.427802
0.586895
-0.687415
0.940686
9.53899e-05

-0.427802
-0.586895
0.687415
0.371448
0.00896624

0.234067
0.788248
-0.569103
0.702735
0.00267837

-0.234067
-0.788248
0.569103
0.620672
0.00434051

-0.859524
0.107042
-0.499761
-0.484012
0.137686

0.859524
-0.107042
0.499761
0.754666
0.0037708

-0.483476
-0.338837
0.807119
0.574756
0.0200389

0.483476
0.338837
-0.807119
-1.24171
0.494913

-0.470209
-0.380209
-0.796458
-0.293216
0.271218

0.470209
0.380209
0.796458
-1.49463
1.00833

-0.366833
-0.930287
0
0.553846
0.00813478

0.366833
0.930287
0
0.520603
0.00939185

0.550134
0.568575
0.611617
0.912789
0.000891163

-0.962835
-0.270089
0
-0.615555
0.314272

0.962835
0.270089
0
-0.136429
0.155543

0.251712
-0.835248
0.488878
0.591928
0.0125174

-0.251712
0.835248
-0.488878
-0.491446
0.166627

-0.556203
-0.67121
-0.490015
0.518966
0.0133066

0.556203
0.67121
0.490015
0.15303
0.0411579

-0.226233
-0.0146124
0.973963
0.968616
1.69591e-05

-0.735522
-0.0194713
-0.677221
-4.66628
5.69891

0.735522
0.0194713
0.677221
0.675984
0.0187208

-0.881424
0.276517
0.382922
0.468238
0.0255152

0.881424
-0.276517
-0.382922
-0.709729
0.263426

0.712942
0.470385
0.520049
0.691493
0.00384868

-0.31533
-0.0948941
0.944226
0.751259
0.013977

-0.317183
-0.239177
-0.917709
0.493745
0.0204525

0.599774
0.774041
0.202811
0.922088
0.000202299

0.247867
0.728234
0.638935
0.509625
0.0308111

-0.247867
-0.728234
-0.638935
-2.06483
1.19953

0.270438
0.914533
-0.300821
0.715795
0.00312887

-0.270438
-0.914533
0.300821
0.366364
0.0155418

0.601863
-0.422515
0.677674
0.225568
0.0504005

-0.601863
0.422515
-0.677674
-0.145525
0.110121

0.554818
0.215368
0.803613
0.796135
0.0021123

-0.554818
-0.215368
-0.803613
-0.187059
0.0713652

-0.656995
0.00650307
0.753867
-2.5935
1.00661

0.656995
-0.00650307
-0.753867
0.979987
3.81489e-05

-0.960625
0.251067
-0.119017
0.767759
0.00296296

0.960625
-0.251067
0.119017
-0.256037
0.0866188

-0.229896
-0.562029
0.794526
0.652309
0.00971536

0.229896
0.562029
-0.794526
-0.786363
0.253598

0.840156
0.336264
0.425517
0.563505
0.0248875

-0.840156
-0.336264
-0.425517
-2.33637
1.45342

0.486807
0.873509
0
0.935008
0.000304907

0.0988002
0.995107
0
0.99225
2.5017e-06

-0.0988002
-0.995107
0
-0.964025
0.159547

-0.0412976
0.204756
0.977941
0.8249
0.00463942

0.0412976
-0.204756
-0.977941
-4.45851
4.50791

-0.83201
-0.242391
-0.499004
-1.01666
0.416981

0.83201
0.242391
0.499004
0.429419
0.0333869

0.227079
-0.608045
0.760734
-0.354095
0.227588

-0.227079
0.608045
-0.760734
-0.456266
0.26319

0.532922
-0.519951
0.667566
0.766707
0.00637298

-0.532922
0.519951
-0.667566
-2.6237
1.53401

-0.533144
0.269303
-0.802019
-1.83615
0.638934

0.533144
-0.269303
0.802019
0.90398
0.000734641

-0.0145634
-0.946621
-0.322021
-0.284315
0.231551

0.0145634
0.946621
0.322021
-0.934426
0.525238

-0.752424
0.269329
-0.601098
-0.724725
0.308974

0.752424
-0.269329
0.601098
0.25204
0.0582022

-0.0385748
0.891939
0.450508
0.837212
0.00514394

-0.482541
-0.873988
0.0574406
0.714837
0.0109074

0.482541
0.873988
-0.0574406
-3.07141
2.22167

-0.22748
0.973783
0
-0.221115
0.189367

0.22748
-0.973783
0
0.729226
0.0556838

0.557191
0.676847
-0.481058
0.182231
0.164743

-0.355652
0.583187
0.730346
-0.352136
0.152951

0.355652
-0.583187
-0.730346
0.374775
0.0327303

-0.407242
0.579107
-0.70625
-0.670547
0.278182

0.407242
-0.579107
0.70625
0.291665
0.0501384

-0.449315
-0.667391
0.59389
0.935556
0.000295716

0.449315
0.667391
-0.59389
-1.56404
0.446637

0.783773
-0.0415172
0.619658
0.598785
0.0106308

-0.783773
0.0415172
-0.619658
-0.228719
0.0996389

-0.182977
0.338613
0.922963
0.886784
0.00113706

0.182977
-0.338613
-0.922963
-1.93426
0.725625

-0.320415
0.404998
0.856336
0.967549
0.000760452

0.752929
0.160364
0.638265
0.925736
0.000241561

-0.752929
-0.160364
-0.638265
-0.394501
0.0836287

0.330772
0.496012
-0.802846
-35.733
1012.33

-0.330772
-0.496012
0.802846
0.903397
0.00700564

-0.0373702
0.214148
0.976086
0.907425
0.00197733

0.329395
-0.609882
-0.720794
0.847727
0.00119161

-0.329395
0.609882
0.720794
-0.308876
0.0848771

-0.31286
0.594852
0.740452
0.840629
0.00200322

0.31286
-0.594852
-0.740452
-1.35757
0.427446

-0.18432
0.59577
-0.781719
0.526276
0.0203218

0.18432
-0.59577
0.781719
-0.827818
0.300581

0.22574
-0.328377
-0.917175
-36.529
1015.48

-0.22574
0.328377
0.917175
0.968469
0.000717252

-0.132815
-0.653409
0.745263
0.96361
7.54288e-05

0.132815
0.653409
-0.745263
-0.883574
0.169557

-0.533331
-0.0333769
0.845248
0.949669
0.000669451

0.533331
0.0333769
-0.845248
-11.0921
37.3747

-0.225061
0.491879
0.841072
0.844901
0.0024172

-0.757041
-0.366794
-0.540695
0.713948
0.0451035

0.757041
0.366794
0.540695
-22.1702
295.59

-0.209944
-0.89183
0.400704
0.209595
0.0792141

0.209944
0.89183
-0.400704
-1.32282
0.684011

0.0492313
0.68004
-0.73152
-0.780703
0.294099

-0.0492313
-0.68004
0.73152
0.463254
0.0268436

-0.112406
0.706674
0.698553
0.784003
0.00289838

-0.906487
-0.0526291
0.41894
0.432104
0.0162171

-0.724826
-0.568768
0.388755
0.158305
0.0804045

0.724826
0.568768
-0.388755
-0.843642
0.385564

-0.912036
-0.41011
0
-1.32242
0.614887

0.912036
0.41011
0
0.392078
0.0467092

-0.58476
-0.450484
0.674626
0.148145
0.016007

0.58476
0.450484
-0.674626
0.981426
8.17309e-06

-0.428051
0.468807
0.772653
0.711706
0.0158285

0.428051
-0.468807
-0.772653
-5.36839
7.67465

-0.647972
-0.302588
0.698979
0.476664
0.00727288

0.647972
0.302588
-0.698979
0.939822
0.000354621

-0.830056
-0.429296
-0.355967
0.80322
0.00213529

0.830056
0.429296
0.355967
-0.365405
0.102649

0.661584
-0.370405
0.652002
0.670624
0.00791565

-0.661584
0.370405
-0.652002
-0.611798
0.189368

0.179432
0.84579
-0.502437
-0.423378
0.181934

-0.179432
-0.84579
0.502437
0.311182
0.0426621

0.194225
0.42282
-0.885155
-4.82801
4.62804

-0.194225
-0.42282
0.885155
0.936542
0.00055204

-0.800071
0.411084
0.436917
-0.732804
0.395723

0.800071
-0.411084
-0.436917
-0.273083
0.213642

0.157984
0.124088
-0.979614
-17.2787
126.422

-0.157984
-0.124088
0.979614
0.941984
0.00127736

0.977134
0.00522364
-0.212559
-0.346962
0.0962199

-0.977134
-0.00522364
0.212559
0.820337
0.00171619

-0.663363
-0.703505
0.25501
-2.0395
0.830196

0.663363
0.703505
-0.25501
0.865958
0.00161968

-0.593285
0.667079
0.450576
0.761153
0.00296699

-0.693232
-0.317823
0.646852
0.60993
0.00641173

0.20958
-0.260473
0.94246
0.8098
0.00433801

0.177756
-0.182541
0.966996
0.470148
0.0381412

-0.177756
0.182541
-0.966996
-2.23411
1.42074

-0.113215
-0.16616
-0.979578
0.469993
0.0367091

-0.624427
0.773975
0.105137
-5.1787
7.55076

0.624427
-0.773975
-0.105137
0.613831
0.0294977

-0.458168
0.0760291
0.885608
0.865681
0.00723987

0.458168
-0.0760291
-0.885608
-16.7638
125.507

0.474632
-0.316422
-0.821341
-16.794
125.575

-0.474632
0.316422
0.821341
0.871116
0.00664083

-0.32416
-0.581299
-0.746332
-1.3
0.556782

0.32416
0.581299
0.746332
0.513323
0.0250603

-0.401095
0.389407
-0.829147
-1.17902
0.2869

0.401095
-0.389407
0.829147
0.928238
0.000785062

0.564726
0.548328
-0.616783
0.975989
6.1618e-05

-0.564726
-0.548328
0.616783
-3.49848
1.96742

-0.671131
-0.741339
0
-1.25888
0.455579

0.671131
0.741339
0
0.69468
0.0083441

-0.270116
0.010747
-0.962768
-0.886449
0.428789

0.270116
-0.010747
0.962768
0.0600314
0.106726

-0.248317
-0.461708
0.851566
0.475493
0.0212145

0.248317
0.461708
-0.851566
-0.314911
0.132448

0.371484
-0.196348
-0.90744
-6.94323
11.0306

-0.371484
0.196348
0.90744
0.948708
0.00048564

-0.875284
0.00761615
0.483549
-1.52027
0.908689

0.875284
-0.00761615
-0.483549
0.0532677
0.128311

-0.00498772
0.702905
-0.711266
-1.3913
0.633411

0.00498772
-0.702905
0.711266
0.476059
0.0305345

-0.931798
-0.362977
0
0.931953
0.00066947

-0.0556296
0.178307
0.982401
0.746358
0.0046745

0.0556296
-0.178307
-0.982401
-0.747745
0.215862

-0.414513
-0.75036
-0.514915
-0.726716
0.229599

0.414513
0.75036
0.514915
0.66135
0.00887563

-0.566256
-0.425618
0.705835
0.878149
0.0011684

-0.344181
-0.217981
0.913249
0.94036
0.00135523

0.31452
-0.76511
0.561857
0.916244
0.000450015

-0.31452
0.76511
-0.561857
-1.1501
0.286303

-0.0386952
-0.31025
0.949867
0.945058
0.000184419

0.0386952
0.31025
-0.949867
-0.884869
0.182353

-0.393192
-0.274366
0.877567
0.884782
0.000479406

0.393192
0.274366
-0.877567
0.0625278
0.0316502

-0.245678
0.120824
-0.961792
-19.5957
279.554

0.245678
-0.120824
0.961792
-0.287229
1.09269

-0.400024
-0.314767
0.860757
0.838643
0.000458666

-0.574157
0.786344
0.228051
0.672969
0.00542731

0.574157
-0.786344
-0.228051
0.129349
0.0377199

-0.34482
0.139923
-0.928181
-0.118841
0.127711

0.34482
-0.139923
0.928181
-0.187674
0.14387

0.56542
0.0188629
-0.824588
-3.45933
2.3296

-0.56542
-0.0188629
0.824588
0.893363
0.00134301

0.591229
0.158929
-0.79069
-1.08279
0.392576

-0.591229
-0.158929
0.79069
0.621618
0.0130753

0.583625
0.501258
0.638845
0.646566
0.00475866

-0.583625
-0.501258
-0.638845
0.484831
0.0100957

-0.215593
0.48567
0.847139
0.905604
0.000774718

0.0066539
0.785375
-0.618984
0.844045
0.00341548

-0.0066539
-0.785375
0.618984
-4.05331
3.54871

0.353573
0.724284
0.591945
0.338268
0.00913705

-0.804823
-0.117708
-0.581726
0.694929
0.004593

0.804823
0.117708
0.581726
0.0951447
0.0403146

-0.978158
-0.150249
0.143641
0.778634
0.00105549

-0.862128
0.50669
0
-2.78343
1.72749

0.862128
-0.50669
0
0.712084
0.0173666

0.682346
-0.494856
0.538072
0.997771
1.55371e-06

-0.430119
-0.860008
0.274561
0.212109
0.012453

0.430119
0.860008
-0.274561
0.984593
5.45923e-06

-0.177627
-0.326546
0.928341
0.859575
0.00647557

-0.0717953
0.417295
-0.905931
-10.6655
37.0103

0.0717953
-0.417295
0.905931
0.875161
0.00430064

-0.605008
0.161606
0.779647
0.87253
0.00278982

0.605008
-0.161606
-0.779647
-5.79285
7.91431

-0.460286
-0.116535
-0.880089
0.829742
0.000549866

-0.723424
-0.544372
-0.424637
0.472262
0.0117465

0.723424
0.544372
0.424637
0.575337
0.00762226

0.284113
0.0655453
0.956548
0.973329
0.000119961

0.19579
0.652113
-0.732404
0.731418
0.00432081

0.453658
-0.493897
0.741795
0.731541
0.0108149

0.588584
0.808436
0
-0.456457
0.230196

-0.588584
-0.808436
0
0.000100851
0.110504

0.702542
0.532358
-0.47226
-0.506895
0.168049

-0.702542
-0.532358
0.47226
0.611949
0.0111835

-0.137559
-0.0119085
0.990422
0.572777
0.0120203

0.137559
0.0119085
-0.990422
-0.175186
0.090938

-0.375049
-0.749092
-0.546077
0.278687
0.0302817

0.375049
0.749092
0.546077
0.400013
0.0209526

-0.557212
-0.411101
-0.721465
-0.556436
0.172514

0.557212
0.411101
0.721465
0.671404
0.00774231

-0.392889
0.285516
-0.874139
-1.42735
1.62617

0.392889
-0.285516
0.874139
-2.9319
4.26674

-0.429283
-0.728017
0.534516
0.691846
0.00739525

0.429283
0.728017
-0.534516
-0.82462
0.257704

-0.261999
-0.0427949
0.964119
-0.544675
0.32549

0.261999
0.0427949
-0.964119
-0.544675
0.32549

0.881415
0.42526
0.205577
0.112125
0.0327579

-0.881415
-0.42526
-0.205577
0.800212
0.00166574

0.397636
0.012844
-0.917454
-6.6729
10.9132

-0.397636
-0.012844
0.917454
0.892399
0.00220089

-0.385764
0.721827
0.574589
-0.61257
0.128648

0.385764
-0.721827
-0.574589
0.91612
0.000364163

0.646671
-0.449184
0.616482
-0.953559
0.405855

-0.646671
0.449184
-0.616482
0.339657
0.0463976

-0.856877
-0.322995
-0.401792
-0.116253
0.0971235

0.856877
0.322995
0.401792
0.331097
0.0353057

0.243613
0.107513
-0.963895
-0.0331135
0.0469242

-0.243613
-0.107513
0.963895
0.825883
0.00138573

0.879064
0.476705
0
0.612168
0.0549995

-0.879064
-0.476705
0
-8.14965
20.9245

0.105242
-0.993248
-0.0488065
0.373303
0.023442

0.81642
-0.436688
0.37784
0.309654
0.0172873

-0.81642
0.436688
-0.37784
0.788239
0.00163944

-0.26043
-0.054624
-0.963946
-0.640415
0.138332

0.26043
0.054624
0.963946
0.906303
0.000456891

0.325517
-0.419974
-0.847148
-0.79432
0.488181

-0.325517
0.419974
0.847148
-0.64169
0.408677

0.583798
-0.325222
0.743916
0.785655
0.000743918

-0.583798
0.325222
-0.743916
0.845927
0.000384959

-0.282275
0.79366
-0.538911
0.144914
0.0450259

-0.388418
-0.224625
0.893686
0.896656
0.000770719

0.388418
0.224625
-0.893686
-1.46574
0.438477

0.206864
0.830815
-0.516676
0.722452
0.00278616

-0.206864
-0.830815
0.516676
0.440546
0.0112274

-0.702396
-0.62195
-0.346146
-1.16084
0.641095

0.702396
0.62195
0.346146
-0.0649352
0.156356

-0.614321
-0.192275
-0.765271
0.33131
0.0493372

0.614321
0.192275
0.765271
-1.04786
0.461212

-0.957537
-0.108103
-0.267276
-0.683424
0.241844

0.957537
0.108103
0.267276
0.528372
0.0192231

-0.410077
0.306457
0.859023
0.974255
0.000196858

-0.308703
0.705635
-0.637795
-2.86171
1.84344

0.308703
-0.705635
0.637795
0.758645
0.00720432

-0.487412
0.390096
-0.781188
0.268621
0.0419075

0.489051
-0.0922662
0.867361
0.527783
0.0284296

-0.489051
0.0922662
-0.867361
-2.08399
1.20473

-0.936309
-0.351178
0
0.937188
0.00245535

0.936309
0.351178
0
-6.05756
7.48705

0.9225
-0.314941
-0.223171
0.0698373
0.0341869

-0.9225
0.314941
0.223171
0.845668
0.00100482

0.789273
0.320827
0.523563
0.859575
0.00642857

-0.789273
-0.320827
-0.523563
-13.0425
64.0522

-0.0170319
0.116754
0.993015
0.993764
3.3216e-06

-0.825626
-0.00295267
-0.564209
-1.82685
1.27269

0.825626
0.00295267
0.564209
-0.0420425
0.172952

-0.637477
-0.462661
0.616091
-0.247315
0.12618

0.637477
0.462661
-0.616091
0.353392
0.0339817

0.893227
-0.384599
0.23287
0.732043
0.00501331

0.593031
-0.278407
-0.755516
-3.07622
2.22337

-0.593031
0.278407
0.755516
0.717713
0.0106641

-0.421381
0.210547
-0.882104
-9.6656
35.64

0.421381
-0.210547
0.882104
0.543445
0.065358

0.298447
0.0625594
0.952374
0.864744
0.000856222

0.118202
0.728734
-0.674519
-0.962122
0.317813

-0.118202
-0.728734
0.674519
0.676894
0.00869328

-0.732596
-0.0250646
-0.680202
-2.76138
2.45944

0.732596
0.0250646
0.680202
0.180852
0.116827

0.209682
-0.146939
0.966666
0.965648
0.000256837

0.902067
-0.242294
-0.357168
-7.16896
15.1956

-0.902067
0.242294
0.357168
0.729952
0.0166265

-0.60458
-0.596349
0.528064
0.168584
0.0346388

0.60458
0.596349
-0.528064
0.639125
0.00653461

0.561882
0.783906
-0.26416
0.983911
6.78982e-06

-0.20523
-0.63848
-0.741771
-8.39013
22.7365

0.20523
0.63848
0.741771
0.712427
0.0214182

-0.401124
0.609735
0.68361
0.861877
0.00524623

0.401124
-0.609735
-0.68361
-10.6062
36.9727

-0.00646955
-0.31335
0.949616
0.894609
0.000786482

0.00646955
0.31335
-0.949616
-1.18352
0.313813

-0.769661
-0.218538
-0.599886
0.0936207
0.0475658

0.769661
0.218538
0.599886
0.550496
0.0117487

-0.32851
-0.132982
0.935092
0.948919
0.0019157

0.32851
0.132982
-0.935092
-36.2376
1014.44

-0.196433
0.748264
-0.633652
-8.57616
22.9403

0.196433
-0.748264
0.633652
0.778246
0.0123548

-0.331479
-0.298634
-0.894952
0.632219
0.00981186

0.331479
0.298634
0.894952
-0.471116
0.154823

-0.214608
0.9767
0
-0.686948
0.150684

-0.388206
0.848635
0.359325
0.0850567
0.0335566

-0.483865
-0.10967
-0.868244
0.978964
2.11605e-05

0.503289
0.0554054
-0.86234
0.808368
0.00241524

-0.503289
-0.0554054
0.86234
-0.759714
0.202021

-0.461212
-0.467412
0.754195
0.677877
0.00321697

-0.879181
-0.122433
0.460491
0.912431
0.000439911

0.879181
0.122433
-0.460491
-0.867222
0.195085

0.545074
-0.744529
0.385449
0.65593
0.00854169

-0.545074
0.744529
-0.385449
-0.542964
0.171286

-0.293949
0.708844
-0.641197
0.75516
0.00181592

0.293949
-0.708844
0.641197
0.562571
0.00570959

-0.789237
0.0260832
0.613535
0.691846
0.00740973

0.789237
-0.0260832
-0.613535
-0.82462
0.257713

-0.564457
-0.427161
0.706344
0.750551
0.00424022

0.564457
0.427161
-0.706344
-0.633289
0.179014

-0.30411
0.952637
0
0.636547
0.010092

0.30411
-0.952637
0
-0.641217
0.205604

-0.152218
0
-0.988347
0.618074
0.0179077

0.152218
0
0.988347
-2.18742
1.23326

-0.415955
0.252429
0.873648
0.788465
0.0090065

0.415955
-0.252429
-0.873648
-6.33582
10.7161

-0.347951
-0.779687
-0.520594
0.519157
0.0360805

0.347951
0.779687
0.520594
-3.11077
2.62789

-0.407194
0.293447
-0.864917
0.94161
0.00016564

0.153907
-0.478002
0.86477
0.843971
0.00239715

0.41788
0.150083
0.89602
0.919949
0.00203791

-0.41788
-0.150083
-0.89602
-13.3741
64.4437

-0.16061
-0.304082
-0.939009
0.374263
0.0281964

-0.292201
0.368645
0.882451
0.495423
0.0380044

0.292201
-0.368645
-0.882451
-2.76974
2.10966

0.415625
-0.425687
0.80377
-0.110591
0.029396

-0.415625
0.425687
-0.80377
0.994575
8.34987e-07

0.344036
0.151338
0.92668
0.805125
0.00228866

-0.344036
-0.151338
-0.92668
-0.539644
0.141463

-0.140371
0.701849
0.698358
-7.4255
44.3005

0.140371
-0.701849
-0.698358
-4.85104
21.3645

0.693908
0.624144
0.359075
-0.354186
0.21207

-0.693908
-0.624144
-0.359075
-0.265414
0.185184

-0.128397
-0.332553
-0.934303
-8.90176
34.1153

0.128397
0.332553
0.934303
0.108846
0.27644

-0.210802
0.113357
0.970934
-0.0944549
0.0469315

0.210802
-0.113357
-0.970934
0.89697
0.000469797

-0.495594
0.487598
0.718773
0.730924
0.00552189

0.517432
0.0664034
0.853144
0.559921
0.0193034

-0.517432
-0.0664034
-0.853144
-1.22789
0.494272

-0.215718
0.303173
-0.928198
-9.6007
35.5065

0.215718
-0.303173
0.928198
0.513233
0.0751104

-0.914525
0.373799
0.154653
0.656865
0.00367153

-0.647868
-0.761752
0
0.964388
0.000114381

0.647868
0.761752
0
-0.886208
0.16978

0.701443
-0.416382
-0.57845
-0.757177
0.314152

-0.701443
0.416382
0.57845
0.307207
0.0489193

0.332964
0.31949
0.887165
0.815053
0.00429712

0.788263
0.263193
-0.556211
-2.27702
1.43434

-0.788263
-0.263193
0.556211
0.510813
0.0320414

0.237814
-0.400247
0.885012
-0.270596
0.312783

-0.237814
0.400247
-0.885012
-2.42929
2.27565

0.712044
0.166133
0.682197
-0.308256
0.204972

-0.712044
-0.166133
-0.682197
-0.403368
0.235829

-0.55926
0.298018
0.773572
0.784341
0.00327146

-0.449225
0.761927
-0.466545
0.793229
0.00235751

0.0302888
-0.434141
0.900335
0.821646
0.00234638

-0.0302888
0.434141
-0.900335
-1.14048
0.337625

-0.951056
0.0529954
0.304442
0.572423
0.0127581

0.562521
-0.480431
0.672872
0.408828
0.0309132

-0.562521
0.480431
-0.672872
-0.537905
0.208523

0.631313
-0.483426
0.606419
0.433585
0.0213732

-0.631313
0.483426
-0.606419
0.0263247
0.0631187

0.896125
-0.297706
0.329138
-1.67346
0.854061

-0.896125
0.297706
-0.329138
0.471903
0.0333529

0.197512
-0.906923
-0.372128
-0.217246
0.218954

-0.197512
0.906923
0.372128
-1.2184
0.727085

-0.694817
0.434986
0.572727
0.793188
0.00431355

0.694817
-0.434986
-0.572727
-2.06545
0.939187

-0.602896
-0.410404
0.684167
0.83433
0.00258737

0.602896
0.410404
-0.684167
-1.97567
0.820248

0.792465
0.425282
0.43719
0.880265
0.0011438

-0.792465
-0.425282
-0.43719
-1.65432
0.555524

-0.220023
0.383169
-0.89709
0.981857
2.58205e-05

0.594489
0.263147
0.759827
0.674013
0.0055667

-0.594489
-0.263147
-0.759827
0.0664037
0.0450426

0.745679
0.231694
0.624724
0.866532
0.00490545

-0.745679
-0.231694
-0.624724
-10.6266
36.9849

-0.518488
-0.0184513
0.854886
-0.510492
0.235688

0.518488
0.0184513
-0.854886
0.120278
0.0799632

-0.301865
-0.644059
-0.702898
-4.10453
4.34705

0.301865
0.644059
0.702898
0.652623
0.0201428

-0.791188
0.408637
0.455014
-2.14515
0.844348

0.791188
-0.408637
-0.455014
0.909793
0.000697347

-0.124011
0.597269
0.792396
0.374076
0.0439262

0.124011
-0.597269
-0.792396
-1.18779
0.53455

-0.181347
0.691718
0.699028
-0.136429
0.155636

0.181347
-0.691718
-0.699028
-0.615555
0.31433

0.29057
0.876151
0.384614
0.819595
0.00166581

-0.29057
-0.876151
-0.384614
-0.275601
0.0832053

-0.445745
-0.0646793
0.89282
0.188486
0.0664553

0.445745
0.0646793
-0.89282
-0.543904
0.240528

-0.310037
0.622231
-0.718823
0.937875
0.000349191

0.310037
-0.622231
0.718823
-2.40195
0.98921

-0.478658
0.496013
-0.724471
0.668998
0.00863335

0.478658
-0.496013
0.724471
-0.802124
0.255267

0.656969
-0.205069
-0.725492
-6.22655
10.6428

-0.656969
0.205069
0.725492
0.745941
0.0132331

0.151278
-0.212585
-0.965361
-10.753
37.1228

-0.151278
0.212585
0.965361
0.893397
0.00305789

0.573295
-0.00299064
0.819344
-0.543736
0.0987264

0.00636606
0.276801
0.960906
0.96096
0.000191284

-0.00636606
-0.276801
-0.960906
-4.47858
3.65906

-0.997809
-0.0157907
0.0642481
0.202186
0.0471097

0.997809
0.0157907
-0.0642481
0.121078
0.0571716

0.610286
0.175208
0.772563
0.6289
0.0103218

-0.610286
-0.175208
-0.772563
-0.575728
0.185979

-0.315695
-0.153234
-0.936406
0.700581
0.00124764

0.315695
0.153234
0.936406
0.935089
6.03429e-05

-0.348049
-0.831882
-0.432242
-2.06483
1.19989

0.348049
0.831882
0.432242
0.509625
0.0307292

-0.225615
-0.536497
-0.813184
-2.19715
1.08965

0.225615
0.536497
0.813184
0.764456
0.00591988

-0.108085
0.0679477
0.991817
0.182713
0.22899

0.108085
-0.0679477
-0.991817
-9.01178
34.3626

-0.533344
0.348569
-0.770742
-6.15127
10.5863

0.533344
-0.348569
0.770742
0.713948
0.0170382

-0.235259
-0.533115
0.812675
0.886828
0.00243097

-0.32529
0.918012
0.226803
0.445901
0.00575408

-0.823356
-0.210414
0.527077
0.479052
0.0195511

0.823356
0.210414
-0.527077
-0.192251
0.102375

0.175942
0.339665
0.923944
0.53126
0.015568

-0.175942
-0.339665
-0.923944
-0.223157
0.104978

0.837652
0.546204
0
0.329473
0.0270355

-0.837652
-0.546204
0
0.677164
0.00929572

-0.47344
-0.609613
-0.635788
0.716718
0.00707561

-0.385141
0.617217
0.686083
-2.6733
1.01147

0.385141
-0.617217
-0.686083
0.99034
9.77331e-06

0.846688
-0.275559
0.455178
0.531917
0.0304984

-0.846688
0.275559
-0.455178
-2.5399
1.74132

-0.0526322
-0.235687
0.970403
0.856974
0.00564091

0.0526322
0.235687
-0.970403
-10.5851
36.9505

-0.244957
0.258272
0.934501
0.302683
0.0472749

0.244957
-0.258272
-0.934501
-0.605237
0.249406

0.171101
-0.29687
-0.939464
-3.44679
2.32438

-0.171101
0.29687
0.939464
0.889138
0.00150314

-0.645037
-0.0383503
-0.763188
-0.501772
0.218555

0.645037
0.0383503
0.763188
0.233794
0.0569244

0.705726
-0.634181
-0.315857
0.844155
0.00243858

-0.705726
0.634181
0.315857
-2.34313
1.11798

-0.804107
-0.594484
0
0.342854
0.0709355

0.804107
0.594484
0
-2.1129
1.34242

-0.773044
0.511208
0.375593
0.364836
0.0101429

-0.351983
-0.200821
0.914209
0.872235
0.0010189

0.351983
0.200821
-0.914209
-0.918465
0.229558

-0.595445
-0.711793
0.372552
0.391934
0.0195855

0.595445
0.711793
-0.372552
0.4105
0.0184093

0.864843
-0.320439
-0.386479
-0.447709
0.197377

-0.864843
0.320439
0.386479
0.247565
0.053351

-0.164306
-0.501519
0.849401
-0.641217
0.205627

0.164306
0.501519
-0.849401
0.636547
0.0101155

0.62429
0.77722
-0.0786806
-1.89628
1.47797

-0.62429
-0.77722
0.0786806
-0.287221
0.29194

0.333121
-0.88406
-0.327823
0.901362
0.00379867

-0.333121
0.88406
0.327823
-16.9768
125.959

0.318777
-0.791815
-0.52097
0.987404
4.19176e-06

0.31031
-0.17178
0.934986
0.466539
0.00941527

0.0977274
0.242509
0.965214
0.753657
0.0031305

-0.319806
0.782904
-0.533653
-2.99666
1.87887

0.319806
-0.782904
0.533653
0.827435
0.00350993

0.668629
0.302867
-0.679122
0.00575149
0.0587842

-0.668629
-0.302867
0.679122
0.576332
0.010691

0.69721
0.424878
-0.577388
0.83165
0.00401004

0.640248
0.669353
0.376893
-0.892157
0.169834

-0.640248
-0.669353
-0.376893
0.966111
5.7374e-05

0.101159
-0.0365361
0.994199
0.760639
0.00402979

-0.101159
0.0365361
-0.994199
-0.702123
0.197481

0.0658168
-0.648114
-0.758694
-0.908654
0.266291

-0.0658168
0.648114
0.758694
0.767742
0.00401509

-0.125171
0.171854
-0.977138
-17.7097
126.872

0.125171
-0.171854
0.977138
0.980841
0.000135833

0.210149
0.750924
0.62606
0.526752
0.0261539

-0.210149
-0.750924
-0.62606
-1.72588
0.866928

0.359486
0.66148
-0.65819
-3.55128
2.798

-0.359486
-0.66148
0.65819
0.795213
0.0057167

0.0481223
0.372558
-0.92676
-17.2207
126.274

-0.0481223
-0.372558
0.92676
0.935057
0.00163822

-0.243653
-0.19112
0.950845
-0.456457
0.22788

0.243653
0.19112
-0.950845
0.000100851
0.107578

-0.109678
0.356317
-0.927906
-3.98878
5.23306

0.109678
-0.356317
0.927906
0.171955
0.144534

-0.879018
-0.476789
0
-0.710177
0.359559

0.879018
0.476789
0
-0.112234
0.152157

-0.101006
0.177183
0.978981
0.975959
2.48164e-05

-0.930433
-0.366461
0
0.610794
0.0142765

0.237368
0.940516
-0.243075
-0.614811
0.290747

-0.237368
-0.940516
0.243075
0.0390306
0.102979

-0.246678
0.253811
0.93527
0.79187
0.00680207

0.647912
0.2365
0.72407
0.662102
0.0166952

-0.647912
-0.2365
-0.72407
-3.30992
2.71212

0.763912
-0.234181
0.601331
0.259123
0.0311028

-0.763912
0.234181
-0.601331
0.450083
0.0171435

0.803544
-0.209919
-0.557001
-1.52045
0.659595

-0.803544
0.209919
0.557001
0.611003
0.0157738

-0.956289
0.0240599
-0.291433
0.915542
0.00153389

0.0882142
-0.0231863
0.995832
0.994293
1.56334e-05

-0.0882142
0.0231863
-0.995832
-24.3641
301.206

0.35956
0.352288
-0.864066
-0.530946
0.132619

-0.35956
-0.352288
0.864066
0.835709
0.00159432

-0.0893158
-0.675321
0.732095
0.631939
0.0126681

0.67548
0.585545
0.448178
0.412202
0.00908299

0.596589
-0.219134
0.77205
0.0923363
0.0784975

0.851025
0.0131895
0.52496
0.653746
0.0143476

-0.851025
-0.0131895
-0.52496
-2.23277
1.24611

-0.223048
0
0.974807
0.840511
0.00177558

0.223048
0
-0.974807
-0.935768
0.24902

0.722571
0.580437
-0.375479
0.872265
0.00311364

0.149415
0.850092
0.504993
0.561493
0.0157684

-0.149415
-0.850092
-0.504993
-0.642685
0.220576

-0.858734
0.0609648
0.508781
0.587155
0.00939838

0.428818
0.800548
-0.418614
-0.908758
0.228869

-0.428818
-0.800548
0.418614
0.8665
0.00113288

0.521368
-0.372846
-0.767568
0.931497
0.000699663

-0.521368
0.372846
0.767568
-5.36114
6.00968

-0.271267
0.527662
0.804976
0.883795
0.000919793

0.271267
-0.527662
-0.804976
-1.08253
0.281422

-0.438461
-0.403539
-0.803062
-12.9615
63.9146

0.438461
0.403539
0.803062
0.841993
0.00824806

0.380515
0.451968
-0.806804
-2.82409
1.83264

-0.380515
-0.451968
0.806804
0.736909
0.0086851

-0.551319
0.114204
0.826441
0.832887
0.00231709

-0.851905
-0.523697
0
0.736909
0.0154307

0.675283
0.260524
-0.690015
-0.310216
0.168283

-0.675283
-0.260524
0.690015
0.0708745
0.0846455

0.200907
-0.324088
0.924447
0.891483
0.000682144

-0.921811
-0.124206
-0.367202
-0.525986
0.207023

0.921811
0.124206
0.367202
0.389223
0.0331955

-0.0204525
-0.364834
0.930848
0.939188
0.000270064

-0.166013
-0.347768
-0.922766
0.396892
0.0190171

0.97152
-0.0456466
0.23252
0.186472
0.0395533

-0.97152
0.0456466
-0.23252
0.445339
0.0183881

-0.261657
-0.0103268
0.965106
-0.423232
0.075758

0.261657
0.0103268
-0.965106
0.965981
4.40414e-05

0.740869
-0.651866
0.161814
0.589857
0.0116834

-0.740869
0.651866
-0.161814
-0.30177
0.116962

-0.16177
0.423128
0.891512
-0.152519
0.0808261

0.16177
-0.423128
-0.891512
0.640578
0.00789086

0.0276297
-0.801485
-0.597377
0.180852
0.116795

-0.0276297
0.801485
0.597377
-2.76138
2.45966

0.164194
0.353403
-0.920949
-0.216044
0.0891404

-0.164194
-0.353403
0.920949
0.680978
0.0062573

0.796191
-0.167816
-0.581307
0.535668
0.00891267

-0.796191
0.167816
0.581307
0.541804
0.00868091

0.717528
0.513614
-0.470483
-0.28723
0.103654

-0.717528
-0.513614
0.470483
0.678193
0.00651113

0.460257
0.887786
0
0.365325
0.0226706

0.290951
-0.317988
-0.902348
-5.53516
7.77374

-0.290951
0.317988
0.902348
0.783961
0.00859954

0.6862
0.241371
-0.686199
0.86529
0.00948182

-0.6862
-0.241371
0.686199
-22.9485
298.454

0.246551
-0.263176
-0.932712
-0.529187
0.159684

-0.246551
0.263176
0.932712
0.699846
0.00628068

-0.0317961
-0.426469
0.903943
0.995337
1.74872e-05

0.234353
-0.180233
-0.955298
0.158489
0.0221032

-0.234353
0.180233
0.955298
0.90828
0.000263853

0.126986
0.221432
0.966872
0.970197
0.000643645

0.29508
-0.955473
0
-1.64173
0.408685

-0.29508
0.955473
0
0.981879
2.0375e-05

-0.0186029
-0.757359
-0.652734
0.334335
0.0337203

0.0186029
0.757359
0.652734
-0.0821216
0.0889343

-0.263043
-0.0861018
0.960934
0.9575
6.4748e-05

-0.931951
0.362585
0
0.996123
0.000110724

0.593488
-0.0904215
-0.799748
-12.3593
62.8747

-0.593488
0.0904215
0.799748
0.673844
0.0374841

0.335568
-0.913496
-0.230041
0.71291
0.00467165

-0.335568
0.913496
0.230041
-0.174609
0.0780851

0.276925
-0.327803
-0.903248
-1.11473
0.473871

-0.276925
0.327803
0.903248
0.424345
0.035323

0.0968403
0.43626
0.894594
0.56887
0.00980279

-0.0968403
-0.43626
-0.894594
0.205931
0.0332181

-0.369803
0.694167
-0.617559
-0.794047
0.535708

0.369803
-0.694167
0.617559
-0.977929
0.651103

-0.166144
-0.736831
0.655345
0.68989
0.00187515

-0.410417
0.0836543
-0.908053
-0.545759
0.195829

0.410417
-0.0836543
0.908053
0.512817
0.0196211

-0.726434
0.687236
0
0.466829
0.0221895

0.726434
-0.687236
0
0.608281
0.0148111

-0.354796
0.721092
0.595102
0.393698
0.0371738

0.354796
-0.721092
-0.595102
-0.897842
0.364013

0.200194
-0.0491704
0.978522
0.926729
0.000730019

-0.436007
-0.386188
-0.81287
-1.12393
0.434918

0.436007
0.386188
0.81287
0.561171
0.0186012

0.321712
-0.857724
-0.401012
-2.79394
2.12055

-0.321712
0.857724
0.401012
0.51608
0.0345413

0.429915
0.805726
0.407405
0.90789
0.00173849

0.283648
-0.958929
0
-1.79466
1.43021

-0.283648
0.958929
0
-0.478156
0.400263

0.774543
0.632522
0
0.452644
0.016576

-0.774543
-0.632522
0
0.291237
0.0277713

0.542315
-0.433852
0.71949
0.848204
0.00757848

-0.542315
0.433852
-0.71949
-12.9895
63.9628

0.424061
0.462865
-0.778414
-2.74466
2.101

-0.424061
-0.462865
0.778414
0.473406
0.0415668

0.474224
0.734406
0.48555
-0.103337
0.318947

-0.474224
-0.734406
-0.48555
-5.00707
9.4533

0.754489
-0.118924
-0.645449
-0.178942
0.0784268

-0.754489
0.118924
0.645449
0.718219
0.00453498

-0.515359
-0.856974
0
-1.45591
0.888088

0.515359
0.856974
0
-0.0541956
0.163667

0.107335
-0.547963
0.829588
0.846854
0.000827255

0.505576
-0.756911
-0.4141
0.698166
0.0111163

-0.505576
0.756911
0.4141
-2.51337
1.50518

-0.29516
0.210731
-0.931919
-13.3887
64.4562

0.29516
-0.210731
0.931919
0.922206
0.00192528

-0.250393
-0.594905
-0.763801
-0.901138
0.396342

0.250393
0.594905
0.763801
0.257367
0.0606389

-0.706524
0.564256
0.427129
0.811113
0.00181364

0.706524
-0.564256
-0.427129
-0.233598
0.0771655

-0.869665
0.32738
0.369467
0.374775
0.0327311

0.869665
-0.32738
-0.369467
-0.352136
0.152952

0.189239
0.0154175
0.98181
0.933024
0.000151525

-0.189239
-0.0154175
-0.98181
-0.0445484
0.0367146

-0.546092
0.557618
0.625176
0.496263
0.0231884

0.546092
-0.557618
-0.625176
-0.804843
0.297396

0.233739
-0.925779
-0.297152
0.612538
0.0850573

-0.233739
0.925779
0.297152
-21.7741
293.786

0.144353
0.801122
0.580832
0.491582
0.0104604

-0.144353
-0.801122
-0.580832
0.58921
0.00682987

0.356793
0.291055
0.887685
0.871654
0.00178211

-0.356793
-0.291055
-0.887685
-2.84103
1.58272

0.0320152
0.467365
0.883485
-0.0505003
0.0678682

-0.0320152
-0.467365
-0.883485
0.57801
0.0110723

-0.998008
-0.0630899
0
0.92167
0.000446996

0.998008
0.0630899
0
-1.63503
0.499821

0.620028
-0.148773
-0.770345
-0.536026
0.170766

-0.620028
0.148773
0.770345
0.647761
0.00907872

0.380327
0.372252
0.846629
0.23365
0.054398

-0.380327
-0.372252
-0.846629
-0.38377
0.177238

-0.519193
-0.307245
0.797521
0.741074
0.00938875

-0.0244764
0.92144
-0.387748
0.293477
0.0258376

0.0244764
-0.92144
0.387748
0.522708
0.0118057

-0.171737
-0.509157
0.843365
0.738424
0.00742709

0.171737
0.509157
-0.843365
-2.15631
1.08097

-0.721311
0.136485
0.67903
0.930303
0.000327007

0.721311
-0.136485
-0.67903
-1.4475
0.397359

0.880206
-0.00686543
0.474541
-4.86983
4.63626

-0.880206
0.00686543
-0.474541
0.945361
0.000414933

-0.856038
-0.516913
0
0.877407
0.00212063

0.856038
0.516913
0
-2.06483
0.822699

-0.428445
0.354917
-0.830944
-0.702123
0.197434

0.428445
-0.354917
0.830944
0.760639
0.00399134

0.134171
0.725938
-0.674546
-0.82845
0.222664

-0.134171
-0.725938
0.674546
0.812767
0.00233611

-0.917637
0.241796
-0.315399
-1.50451
0.486331

0.917637
-0.241796
0.315399
0.86343
0.00157368

-0.0590133
-0.787158
-0.613921
-0.485263
0.122187

0.0590133
0.787158
0.613921
0.83497
0.00151696

0.604807
0.678283
-0.417302
0.204802
0.0591987

-0.604807
-0.678283
0.417302
-0.369855
0.17557

0.524706
-0.404778
-0.748891
-4.18236
5.38422

-0.524706
0.404778
0.748891
0.34749
0.0853698

-0.57368
-0.819079
0
0.553652
0.0211817

-0.977289
0.0166871
-0.211255
0.716857
0.0045334

0.977289
-0.0166871
0.211255
-0.177825
0.0782665

0.259846
-0.19029
0.946715
0.96504
5.88409e-05

0.461711
-0.0849473
0.882953
0.904681
0.0010564

-0.461711
0.0849473
-0.882953
-3.49439
2.33761

-0.511686
-0.305201
-0.803137
-0.4373
0.224938

0.511686
0.305201
0.803137
-0.0456517
0.119166

0.605064
0.517135
0.605367
0.647706
0.00814836

-0.605064
-0.517135
-0.605367
-0.302863
0.110655

-0.961644
-0.274301
0
0.670845
0.00585097

0.961644
0.274301
0
0.149825
0.0363051

-0.87587
0.238424
0.419531
0.866133
0.00361422

0.87587
-0.238424
-0.419531
-6.57456
10.8352

-0.361599
-0.656185
-0.66232
-1.28599
0.292792

0.361599
0.656185
0.66232
0.963598
0.000230329

-0.263648
-0.626542
0.73344
-0.276149
0.136667

0.263648
0.626542
-0.73344
0.321489
0.0387391

0.539281
0.817805
0.200923
0.249174
0.0163488

-0.539281
-0.817805
-0.200923
0.906181
0.000257292

0.743954
-0.170065
0.646227
0.636046
0.00530751

-0.743954
0.170065
-0.646227
0.445997
0.0122894

0.124021
-0.471608
-0.873043
-0.0875666
0.0768267

-0.124021
0.471608
0.873043
0.538358
0.0138734

-0.204053
-0.560575
0.80257
-0.133985
0.12208

0.204053
0.560575
-0.80257
-0.0147102
0.0977912

-0.145551
0.694893
0.704229
0.513323
0.0249626

0.145551
-0.694893
-0.704229
-1.3
0.556874

-0.0253178
0.546724
0.83693
0.356761
0.0245201

-0.164052
0.0831271
-0.982943
0.746807
0.00547878

0.146846
0.589515
-0.794297
-0.0821968
0.0553623

-0.146846
-0.589515
0.794297
0.80236
0.00190894

-0.827547
-0.561396
0
0.907412
0.0025221

0.827547
0.561396
0
-1.71655
0.541625

0.618417
0.320777
-0.7174
-3.16701
1.91588

-0.618417
-0.320777
0.7174
0.895427
0.00123872

-0.28056
0.209191
-0.936763
-2.02876
1.34924

0.28056
-0.209191
0.936763
0.242802
0.0844053

0.600005
0.799996
0
-3.26291
4.40971

-0.600005
-0.799996
0
-0.784806
0.813267

-0.0863717
0.610909
-0.786975
-1.45263
0.646053

0.0863717
-0.610909
0.786975
0.543609
0.0225115

-0.901373
0.402315
-0.160215
-12.5159
63.1852

0.901373
-0.402315
0.160215
0.724166
0.0263204

-0.227646
0.947516
0.224477
-0.409822
0.140438

0.227646
-0.947516
-0.224477
0.61623
0.010415

-0.16182
0.703801
0.691722
0.545392
0.0112927

0.16182
-0.703801
-0.691722
0.199138
0.0348674

-0.244187
-0.304469
-0.920691
-17.1202
126.201

0.244187
0.304469
0.920691
0.922084
0.00233419

0.0319998
-0.651632
0.75786
0.840876
0.00254208

0.556403
-0.237574
0.796225
0.749705
0.00499643

-0.556403
0.237574
-0.796225
-1.04322
0.327271

0.0852358
0.681646
0.726701
0.795213
0.00567453

-0.0852358
-0.681646
-0.726701
-3.55128
2.79933

0.688613
-0.593358
0.416819
-2.33319
2.75891

-0.688613
0.593358
-0.416819
-1.3501
1.37268

0.391057
-0.337103
-0.856409
0.660653
0.00704062

0.152158
-0.407271
0.900543
0.796339
0.0039104

-0.152158
0.407271
-0.900543
-1.76079
0.701355

0.113777
-0.439622
-0.890947
-0.457047
0.107319

-0.113777
0.439622
0.890947
0.875036
0.000790537

-0.873248
-0.487276
0
-0.516465
0.23021

0.873248
0.487276
0
0.261864
0.0645922

0.732948
-0.194506
-0.651886
0.553733
0.0289792

-0.732948
0.194506
0.651886
-2.83987
2.13791

0.177827
0.076793
-0.981061
-13.1377
64.1474

-0.177827
-0.076793
0.981061
0.878792
0.00478588

0.332565
-0.681691
-0.651689
-0.77429
0.583382

0.0240622
0.833082
0.552625
0.994521
8.61109e-06

0.739661
0.180649
0.648281
-0.109759
0.106668

-0.739661
-0.180649
-0.648281
0.138746
0.0642453

0.331671
0.313039
0.889944
-0.65501
1.07653

-0.331671
-0.313039
-0.889944
-8.0106
31.891

-0.53547
-0.774367
0.337086
0.84121
0.00265949

0.53547
0.774367
-0.337086
-2.54092
1.31722

-0.314738
0.439561
-0.841265
0.798974
0.000819443

0.314738
-0.439561
0.841265
0.785575
0.000926124

0.458565
0.241713
0.855157
0.905987
0.00079399

0.446775
-0.176297
0.877104
0.909304
0.000934785

0.605697
-0.57859
-0.546228
-0.699293
0.150568

-0.605697
0.57859
0.546228
0.911358
0.000411412

-0.154979
-0.931872
-0.328019
-0.219478
0.110331

0.154979
0.931872
0.328019
0.458009
0.0217989

-0.82836
0.369932
0.420677
0.967058
8.06356e-05

-0.506652
0.0127718
0.862056
0.794619
0.0120251

-0.00927588
0.425482
0.904919
-0.561864
0.388477

0.00927588
-0.425482
-0.904919
-1.06554
0.67935

-0.970359
-0.0533015
-0.235718
0.55816
0.0121247

0.970359
0.0533015
0.235718
-0.0388187
0.0669746

-0.743291
-0.668968
0
-0.0184689
0.115974

0.285176
-0.338487
-0.896717
0.0934091
0.061658

-0.285176
0.338487
0.896717
0.205451
0.0473603

0.18084
-0.423702
0.887566
-0.26424
0.370371

-0.18084
0.423702
-0.887566
-3.6077
4.91392

-0.707107
-0.707107
0
0.446127
0.359856

0.387011
0.718466
0.577952
0.260646
0.0132478

-0.387011
-0.718466
-0.577952
0.950569
6.8653e-05

-0.513517
-0.740553
-0.433453
0.95853
8.59909e-05

-0.422263
0.135124
0.896346
0.953361
0.00107883

-0.279028
-0.298152
-0.912825
-1.80368
0.884731

0.279028
0.298152
0.912825
0.600756
0.0181151

-0.0846791
-0.123425
-0.988734
-0.270872
0.10163

0.0846791
0.123425
0.988734
0.704437
0.00769939

-0.201701
0.870974
0.448018
-0.255477
0.113246

0.201701
-0.870974
-0.448018
0.519141
0.0166246

0.485194
-0.0493525
0.873013
0.797754
0.00122477

-0.63547
0.730666
-0.249611
0.138533
0.0823815

0.63547
-0.730666
0.249611
-0.744599
0.337797

0.0830792
0.723344
0.685472
0.453586
0.0295201

-0.0830792
-0.723344
-0.685472
-0.94075
0.370977

0.944315
0.0395701
-0.326654
0.923379
0.000568875

-0.944315
-0.0395701
0.326654
-2.75442
1.35409

0.753026
-0.571995
0.325228
-0.78049
0.218638

-0.753026
0.571995
-0.325228
0.774911
0.00350701

-0.198494
0.512679
-0.835321
-0.325528
0.327245

0.198494
-0.512679
0.835321
-2.11645
1.8071

-0.5886
0.359346
0.724169
0.783399
0.00639545

0.183866
0.731924
0.65611
0.610445
0.0153019

0.515547
-0.778961
0.356976
-1.33767
0.425341

-0.515547
0.778961
-0.356976
0.828668
0.00230674

-0.746436
-0.24649
0.618123
0.898652
0.00110393

0.0706908
-0.346629
0.935335
0.906106
0.000962509

0.134779
0.872436
0.469777
0.820337
0.00173377

-0.134779
-0.872436
-0.469777
-0.346962
0.0962672

-0.163496
-0.389435
0.906427
-11.4762
60.709

0.163496
0.389435
-0.906427
0.292732
0.195434

-0.993306
-0.115517
0
-0.101376
0.125976

0.993306
0.115517
0
-0.243344
0.160374

0.508739
-0.179806
-0.841935
0.33724
0.0409293

-0.508739
0.179806
0.841935
-0.558229
0.226019

-0.432748
0.230724
-0.871491
0.264442
0.0180067

0.432748
-0.230724
0.871491
0.851163
0.000755265

0.0246763
-0.828752
0.559071
0.643299
0.0125857

-0.0246763
0.828752
-0.559071
-1.42747
0.580181

-0.567034
0.417235
0.710202
-0.582775
0.213819

0.567034
-0.417235
-0.710202
0.478377
0.0233312

0.650952
-0.060414
0.756711
0.780142
0.0034731

-0.650952
0.060414
-0.756711
-0.853111
0.24191

-0.338281
-0.600641
0.724428
0.284869
0.122873

0.338281
0.600641
-0.724428
-5.43614
9.93606

0.576702
0.574765
-0.580568
-2.17922
0.66468

-0.576702
-0.574765
0.580568
0.989946
8.71599e-06

-0.122115
0.234247
0.964477
0.833957
0.00363145

-0.62124
-0.115267
-0.775096
-1.25888
0.455495

0.62124
0.115267
0.775096
0.69468
0.00841879

0.943471
0.0559042
0.326705
0.948188
0.000160081

-0.943471
-0.0559042
-0.326705
-1.23423
0.291512

0.233849
-0.0730777
-0.969523
-4.58929
11.4377

-0.233849
0.0730777
0.969523
-1.95632
3.20063

0.089345
0.391224
0.915948
0.851284
0.0116035

-0.089345
-0.391224
-0.915948
-22.8609
298.218

-0.537556
-0.468085
-0.701376
-0.583225
0.18671

0.537556
0.468085
0.701376
0.637864
0.00978949

0.368978
-0.449626
-0.813444
-1.18828
0.487311

-0.368978
0.449626
0.813444
0.515395
0.023937

0.939399
-0.159488
-0.303468
-0.470251
0.0962343

0.861905
-0.111125
-0.494744
-0.34853
0.0820363

-0.861905
0.111125
0.494744
0.899697
0.000467768

0.0626551
-0.520589
0.851505
0.917696
0.00112379

0.394241
0.919007
0
0.163666
0.084277

-0.394241
-0.919007
0
-1.04895
0.505103

-0.624103
0.598428
0.502374
0.958731
0.000155006

0.624103
-0.598428
-0.502374
-2.89009
1.37193

-0.0759665
0.93226
-0.353723
-2.69168
2.07907

0.0759665
-0.93226
0.353723
0.424775
0.0505145

0.509072
0.37346
-0.775483
-8.45721
22.8217

-0.509072
-0.37346
0.775483
0.737301
0.0176196

-0.689439
0.61643
-0.38038
0.174244
0.0645361

0.689439
-0.61643
0.38038
-0.355556
0.173837

-0.724434
-0.0839698
-0.684211
0.00982463
0.0739761

0.724434
0.0839698
0.684211
0.272524
0.0399858

-0.555515
-0.564083
0.610912
0.280433
0.0532223

0.643233
-0.141786
-0.752429
0.43754
0.0252048

-0.643233
0.141786
0.752429
-0.338882
0.142658

0.541301
0.0223056
0.840533
0.854147
0.00104784

-0.541301
-0.0223056
-0.840533
-0.221229
0.0695653

-0.895635
-0.065893
-0.439881
0.963606
7.69451e-05

0.895635
0.065893
0.439881
-1.36957
0.325956

-0.41508
0.366188
0.832836
0.825789
0.016076

0.41508
-0.366188
-0.832836
-22.7122
297.745

-0.537314
0.704504
-0.463646
0.750763
0.00199002

0.537314
-0.704504
0.463646
0.509976
0.00763015

0.0165926
0.573039
-0.81936
0.830628
0.0016942

0.197843
0.70748
-0.678476
0.949742
0.000109342

-0.320092
0.694349
-0.644531
-0.558403
0.142705

0.320092
-0.694349
0.644531
0.820432
0.00193512

-0.201257
-0.716876
-0.667521
-0.830732
0.325569

0.201257
0.716876
0.667521
0.420747
0.0327015

-0.34568
-0.622961
0.70173
0.720991
0.00649156

0.34568
0.622961
-0.70173
-1.09583
0.362173

0.184569
-0.0269508
-0.98245
-2.31001
1.90565

-0.184569
0.0269508
0.98245
-0.0216155
0.181543

0.402263
-0.792688
0.458073
0.610124
0.00456946

-0.402263
0.792688
-0.458073
0.705681
0.00260507

-0.583895
-0.750992
0.308346
-0.162978
0.124977

0.583895
0.750992
-0.308346
0.063347
0.0810776

-0.778101
0.0936339
-0.621121
-2.23277
1.24633

0.778101
-0.0936339
0.621121
0.653746
0.0143162

0.451058
0.476314
0.754766
-0.103338
0.118783

-0.451058
-0.476314
-0.754766
-0.103338
0.118783

0.700126
0.0889996
-0.708451
0.682699
0.0101201

-0.700126
-0.0889996
0.708451
-1.60199
0.674782

0.18851
0.578328
0.793726
0.489022
0.016498

-0.803254
0.467216
0.36945
-2.13442
1.07615

0.803254
-0.467216
-0.36945
0.72375
0.00836444

0.475782
-0.677078
-0.561424
-0.711429
0.212444

-0.475782
0.677078
0.561424
0.711949
0.00606444

0.173159
-0.08015
0.981627
-0.403789
0.158384

-0.173159
0.08015
-0.981627
0.463545
0.0233255

-0.0259321
0.402958
0.914851
0.934511
0.00215046

0.0259321
-0.402958
-0.914851
-23.4785
299.923

0.615573
0.48735
-0.619322
0.726478
0.00590143

-0.615573
-0.48735
0.619322
-0.935613
0.290646

0.840708
-0.541489
0
0.545265
0.0133184

-0.840708
0.541489
0
0.118675
0.0464906

0.0986762
0.992516
0.0719422
0.201972
0.0456146

-0.338187
0.743142
0.577382
0.290131
0.0360063

0.338187
-0.743142
-0.577382
0.0882105
0.0593505

-0.757267
0.440509
0.482182
0.57801
0.0109606

0.757267
-0.440509
-0.482182
-0.0505003
0.0677008

-0.426844
0.508671
-0.747702
0.0594509
0.100841

0.426844
-0.508671
0.747702
-0.704406
0.330671

-0.726053
0.336844
0.599486
0.689929
0.0158129

0.726053
-0.336844
-0.599486
-4.17002
4.37834

0.0986366
0.147376
-0.98415
-1.19662
0.265801

-0.0986366
-0.147376
0.98415
0.96044
0.000109256

-0.841763
-0.0530452
0.537234
0.493745
0.0202649

0.658161
0.752877
0
0.483493
0.0264713

-0.658161
-0.752877
0
-0.525809
0.197541

-0.464815
0.295726
0.834562
0.83228
0.00115494

0.464815
-0.295726
-0.834562
0.0451972
0.0374061

-0.0255514
-0.714439
0.699231
-0.183662
0.074777

0.0255514
0.714439
-0.699231
0.760309
0.00307266

0.41842
-0.399604
0.815623
0.791772
0.00402653

-0.41842
0.399604
-0.815623
-1.75343
0.700618

0.296622
-0.530187
0.794303
0.859893
0.00784121

-0.521618
0.748709
-0.409084
0.540676
0.0206166

0.521618
-0.748709
0.409084
-1.10585
0.431976

0.895288
-0.358607
0.264313
0.206836
0.0205202

0.0799098
-0.776831
0.624619
0.705843
0.00602504

-0.0799098
0.776831
-0.624619
-0.5881
0.175195

-0.944038
-0.023378
-0.329008
-0.94536
0.315751

0.944038
0.023378
0.329008
0.660244
0.00963578

-0.484785
-0.0157414
0.874491
-2.97871
2.18827

0.484785
0.0157414
-0.874491
0.655821
0.0165225

0.912489
0.33206
0.238954
-0.0864165
0.0444795

-0.912489
-0.33206
-0.238954
0.907017
0.000328794

-0.417365
0.668004
-0.616098
0.957368
4.63223e-05

-0.292981
0.0794917
0.952808
0.748541
0.0160661

0.292981
-0.0794917
-0.952808
-8.48873
22.8552

-0.686584
-0.526237
0.501674
0.44072
0.0218439

-0.943294
-0.331958
0
-0.992891
0.379171

0.943294
0.331958
0
0.520403
0.0225021

0.544922
-0.48165
-0.686347
0.713246
0.00205354

-0.752272
-0.658853
0
0.605035
0.00734668

0.446091
0.40033
0.800462
0.805829
0.00311388

-0.357296
-0.184051
0.915677
0.895506
0.00225284

0.772499
-0.518809
-0.366174
-0.167299
0.0859166

-0.772499
0.518809
0.366174
0.613601
0.00943548

0.168528
-0.1549
0.97345
0.786771
0.00478143

-0.168528
0.1549
-0.97345
-2.23447
1.09725

0.339723
0.771137
-0.538457
0.57433
0.0173663

-0.339723
-0.771137
0.538457
-1.13585
0.436839

-0.841542
-0.244543
0.481669
0.24368
0.0317673

-0.350121
-0.404397
0.844913
0.729723
0.00520337

0.350121
0.404397
-0.844913
-0.668821
0.194599

-0.572425
-0.199804
0.795241
0.778372
0.00337095

0.572425
0.199804
-0.795241
-0.722548
0.199114

0.603496
-0.0711195
0.794188
0.823182
0.00305701

-0.603496
0.0711195
-0.794188
-2.11904
0.949007

0.340028
0.370484
-0.864363
-0.586403
0.177466

-0.340028
-0.370484
0.864363
0.704063
0.00796218

-0.466232
-0.862755
0.195658
-0.849714
0.303468

0.466232
0.862755
-0.195658
0.553654
0.0176784

0.152096
0.148617
0.977128
0.254765
0.0670011

-0.152096
-0.148617
-0.977128
-1.2234
0.596349

-0.316338
0.0146657
0.948533
-3.01414
1.8833

0.316338
-0.0146657
-0.948533
0.835345
0.00316924

-0.586329
-0.0672529
-0.807277
-4.63993
4.57307

0.586329
0.0672529
0.807277
0.887592
0.00182147

-0.176456
-0.347128
-0.921067
0.742672
0.00646563

0.117623
-0.0993021
0.988081
0.976591
0.000264569

-0.741047
0.362225
-0.565369
-0.900192
0.310071

0.741047
-0.362225
0.565369
0.612446
0.0129133

0.0406585
-0.0812862
0.995861
-2.03099
1.53783

-0.0406585
0.0812862
-0.995861
-0.0643773
0.19006

-0.200414
-0.772349
0.602753
0.657548
0.00407391

-0.411251
0.565684
0.714755
0.470196
0.0639679

0.411251
-0.565684
-0.714755
-5.69778
10.1989

-0.250946
-0.149641
0.956365
-0.653738
0.297291

0.250946
0.149641
-0.956365
0.119378
0.0843142

0.058727
-0.69281
-0.718725
-4.5167
4.53025

-0.058727
0.69281
0.718725
0.846758
0.00349602

0.850051
-0.116167
0.513731
0.195485
0.174814

-0.850051
0.116167
-0.513731
-6.24067
14.1507

0.0294617
-0.735128
0.677288
-0.685098
0.354543

-0.0294617
0.735128
-0.677288
-0.170212
0.171081

0.383677
-0.561703
0.732995
0.17397
0.0982009

-0.41932
0.809785
-0.410389
0.0624908
0.045081

0.41932
-0.809785
0.410389
0.679963
0.00527518

-0.0692977
-0.910109
-0.408533
0.544519
0.0215553

-0.764608
-0.601784
-0.230719
0.916831
0.000319005

0.764608
0.601784
0.230719
-0.448987
0.0954554

-0.803587
0.0944922
-0.587639
0.728638
0.00627475

0.803587
-0.0944922
0.587639
-1.19819
0.408446

-0.136694
0.195209
0.971189
0.849612
0.0026918

0.136694
-0.195209
-0.971189
-3.04699
1.88874

-0.70809
-0.0949332
-0.699711
-10.8692
37.2126

0.70809
0.0949332
0.699711
0.915236
0.00192308

-0.593253
-0.805016
0
0.960361
0.000652246

-0.0149573
0.42328
0.905875
0.869031
0.00295092

-0.297994
0.554234
-0.77719
-8.74617
23.1001

0.297994
-0.554234
0.77719
0.829989
0.00709091

-0.717685
0.0507289
-0.694517
-1.09187
0.514453

0.717685
-0.0507289
0.694517
0.233663
0.0690582

-0.752396
-0.438745
-0.491327
-0.117786
0.0760773

0.752396
0.438745
0.491327
0.636386
0.00863867

0.436919
-0.872703
-0.217924
-0.838897
0.302021

-0.436919
0.872703
0.217924
0.540276
0.0188864

0.351055
-0.285235
-0.891853
0.813445
0.00292162

-0.351055
0.285235
0.891853
-1.41775
0.476632

0.254933
-0.951709
0.171055
0.35433
0.0351899

-0.254933
0.951709
-0.171055
-0.341058
0.151781

-0.693454
0.286517
0.661082
0.922322
0.00137827

-0.476024
-0.682618
-0.554467
9.05991e-05
0.0711265

0.476024
0.682618
0.554467
0.365969
0.0286413

-0.525104
-0.006524
0.851013
0.878097
0.00167649

0.525104
0.006524
-0.851013
-3.11856
1.90698

0.494433
0.226674
-0.83914
0.980426
7.19761e-05

0.522474
0.0640873
0.850243
-1.01918
0.820116

-0.522474
-0.0640873
-0.850243
-1.55554
1.31339

-0.59995
0.532868
0.59675
0.68492
0.00739718

0.59995
-0.532868
-0.59675
-0.684933
0.209941

0.888151
0.338637
-0.310666
-7.22397
15.2446

-0.888151
-0.338637
0.310666
0.751261
0.01396

0.475913
-0.0514719
0.877985
0.879889
0.000588164

0.31561
0.00788729
0.948856
0.975246
0.000439942

-0.31561
-0.00788729
-0.948856
-36.6514
1015.8

-0.47692
0.0862782
0.874702
-0.28723
0.103807

0.47692
-0.0862782
-0.874702
0.678193
0.00660106

-0.146995
0.638325
0.755601
0.806825
0.000460551

-0.340926
0.258623
0.903816
0.916414
0.00521307

0.340926
-0.258623
-0.903816
-35.8615
1012.94

-0.262161
0.563997
0.783057
-0.340863
0.172015

0.262161
-0.563997
-0.783057
0.141846
0.070459

0.287195
-0.356282
-0.889147
0.799263
0.00205401

0.850819
0.254551
-0.459685
-0.142745
0.0934834

-0.850819
-0.254551
0.459685
0.456483
0.0211846

0.907518
0.420012
0
0.894786
0.000567651

-0.907518
-0.420012
0
0.0319197
0.0344676

-0.475157
-0.279503
0.834329
0.802229
0.00191122

0.475157
0.279503
-0.834329
-0.135212
0.062716

-0.8024
0.596787
0
-1.55348
0.601175

0.8024
-0.596787
0
0.746522
0.00592519

0.100714
-0.793583
-0.600069
-16.794
125.602

-0.100714
0.793583
0.600069
0.871116
0.0066176

-0.638448
-0.562877
-0.524931
-9.36759
23.5473

0.638448
0.562877
0.524931
0.957242
0.000407709

0.973119
-0.230303
0
0.865466
0.000286728

-0.766388
-0.00879936
-0.642318
-3.52985
4.84548

0.766388
0.00879936
0.642318
-0.370268
0.443625

-0.207895
0.00973193
0.978103
-1.03812
0.277925

0.207895
-0.00973193
-0.978103
0.858857
0.00133595

-0.824307
-0.45471
-0.337278
0.971636
6.08086e-05

0.824307
0.45471
0.337278
-2.20893
0.753216

-0.162059
0.0847748
-0.983133
-1.1625
0.206087

0.162059
-0.0847748
0.983133
0.994497
1.42477e-06

-0.565119
-0.409627
0.716133
0.192929
0.0338456

0.565119
0.409627
-0.716133
0.594459
0.00860907

-0.463904
0.336327
0.819559
0.873231
0.000459306

0.544293
-0.815711
-0.195857
-0.684933
0.20989

-0.544293
0.815711
0.195857
0.68492
0.00734552

-0.153939
-0.263214
-0.952377
-1.66156
0.762478

0.153939
0.263214
0.952377
0.611983
0.0163895
