
0.961561
-0.0308662
0.27285
0.370392
0.0146134

-0.961561
0.0308662
-0.27285
0.745652
0.0023918

0.243349
0.025004
-0.969617
0.974744
2.91693e-05

0.799731
0.192798
0.568559
0.871336
0.000795133

-0.799731
-0.192798
-0.568559
-0.340079
0.0860987

0.780863
0.391435
-0.48686
-0.920602
0.288985

-0.780863
-0.391435
0.48686
0.712849
0.00649528

0.266866
-0.175179
-0.947679
0.452799
0.0479959

-0.266866
0.175179
0.947679
-3.03143
2.59101

0.590456
0.152511
0.792529
-0.620723
0.106919

-0.590456
-0.152511
-0.792529
0.97063
3.54185e-05

0.304278
0.657809
-0.688986
-3.09092
2.22696

-0.304278
-0.657809
0.688986
0.72638
0.0100367

0.684478
0.551312
0.477017
-0.703678
0.389271

-0.684478
-0.551312
-0.477017
-0.346129
0.243064

0.944493
0.328532
0
-2.69522
0.931376

-0.944493
-0.328532
0
0.992502
0.000199739

0.893495
0.122028
-0.432176
0.443881
0.0190131

-0.893495
-0.122028
0.432176
0.144912
0.0449452

-0.319063
0.91563
0.244584
0.372962
0.0369772

0.319063
-0.91563
-0.244584
-0.647
0.255016

0.404282
0.84034
-0.361087
-0.755311
0.290472

-0.404282
-0.84034
0.361087
0.426837
0.0310016

-0.354986
0.412668
-0.838863
0.741865
0.00693833

-0.354583
0.31026
0.882048
0.993747
1.86629e-05

0.696192
0.407057
0.591288
0.695987
0.00330296

-0.696192
-0.407057
-0.591288
0.478662
0.00970419

-0.902862
-0.429931
0
0.306877
0.0792381

0.902862
0.429931
0
-1.39056
0.680077

0.13343
-0.439361
0.888346
-0.0708857
0.115128

-0.13343
0.439361
-0.888346
-0.204628
0.145673

-0.424911
-0.0680391
0.902674
0.864018
0.0011146

-0.0724163
0.387578
0.918988
0.692448
0.0219417

0.0724163
-0.387578
-0.918988
-7.07802
15.1108

0.217864
0.0975944
0.971087
0.971709
9.96914e-05

-0.217864
-0.0975944
-0.971087
-3.78114
2.38331

-0.546679
-0.0054631
-0.837325
0.992633
5.88419e-06

0.0711046
-0.300174
-0.951231
-0.909399
0.31202

-0.0711046
0.300174
0.951231
0.622547
0.0149148

0.819518
0.201012
-0.536642
0.411967
0.0167456

-0.819518
-0.201012
0.536642
0.48976
0.0126085

0.250738
-0.28461
0.925272
0.928176
9.63211e-05

-0.250738
0.28461
-0.925272
0.570091
0.00337112

0.345174
0.605079
0.71745
0.915298
0.000415271

0.116105
-0.374728
0.919836
0.943542
0.00120514

-0.116105
0.374728
-0.919836
-17.2922
126.448

-0.601841
-0.757216
-0.253793
0.0345757
0.139517

0.601841
0.757216
0.253793
-1.68173
1.07632

0.238905
-0.709035
0.663471
-0.882215
0.226902

-0.526772
-0.656118
-0.540389
0.927806
0.000158003

0.526772
0.656118
0.540389
0.145093
0.0216161

-0.211048
0.91748
0.337178
-0.170212
0.170953

0.211048
-0.91748
-0.337178
-0.685098
0.354473

0.699869
-0.669457
-0.249019
-0.029788
0.149494

-0.699869
0.669457
0.249019
-1.317
0.756689

0.464649
0.750816
0.469443
-3.97564
3.52285

-0.464649
-0.750816
-0.469443
0.81268
0.00501739

0.759081
0.0987535
0.643463
0.643958
0.0198808

-0.759081
-0.0987535
-0.643463
-3.65383
3.3931

-0.247341
-0.586023
-0.771621
-0.0405613
0.0512111

0.247341
0.586023
0.771621
0.78424
0.00220275

0.0339408
0.350585
0.935915
0.958699
0.000163181

-0.0339408
-0.350585
-0.935915
-3.13014
1.62999

0.581689
-0.696937
-0.419424
0.854648
0.000822099

-0.581689
0.696937
0.419424
0.0604916
0.0342083

0.350817
-0.868269
-0.350766
-1.05993
0.258154

-0.350817
0.868269
0.350766
0.909624
0.000503428

-0.0964769
0.386511
-0.917225
0.364823
0.0375169

0.0964769
-0.386511
0.917225
-0.57444
0.228387

0.973319
0.181149
-0.140835
0.188493
0.0445072

-0.973319
-0.181149
0.140835
0.279424
0.0350928

0.302837
0.879715
-0.366595
-0.656934
0.193436

-0.302837
-0.879715
0.366595
0.718063
0.00560135

-0.588511
0.723853
0.360128
-0.195287
0.174756

0.588511
-0.723853
-0.360128
-0.591357
0.309717

-0.208644
-0.797516
0.566071
0.445667
0.018361

0.17238
0.98503
0
-0.204179
0.165063

-0.17238
-0.98503
0
-0.376006
0.215494

0.534069
-0.0662515
0.842841
0.883051
0.00013058

0.782134
0.552945
-0.287259
-0.0667201
0.0836813

-0.782134
-0.552945
0.287259
0.37421
0.0290115

0.0197453
0.00916453
0.999763
0.107287
0.0488242

-0.0197453
-0.00916453
-0.999763
0.476707
0.0167912

0.106601
0.982878
-0.15029
-10.2961
36.6086

-0.106601
-0.982878
0.15029
0.780065
0.0138806

-0.60744
-0.675238
0.418415
-0.886449
0.428739

0.60744
0.675238
-0.418415
0.0600314
0.106497

-0.0425494
-0.670199
0.740961
0.452797
0.0479111

0.740573
0.370786
-0.560419
-5.66537
7.85147

-0.740573
-0.370786
0.560419
0.832064
0.00499203

-0.392012
-0.764588
-0.511597
0.990265
9.4194e-06

0.392012
0.764588
0.511597
-3.09119
1.38859

0.115241
-0.458444
0.88122
-0.530946
0.132497

-0.115241
0.458444
-0.88122
0.835709
0.00154329

0.0228732
0.804763
-0.593155
-0.350241
0.162602

-0.0228732
-0.804763
0.593155
0.273869
0.0470979

0.0588067
0.3829
-0.921916
-2.56666
1.15246

-0.0588067
-0.3829
0.921916
0.930387
0.000447898

-0.431895
0.352735
-0.830087
-10.415
36.7362

0.431895
-0.352735
0.830087
0.813969
0.00983408

0.188056
0.878516
0.43914
0.911968
0.000539355

-0.188056
-0.878516
-0.43914
-1.40079
0.393694

0.317925
-0.310405
0.895864
0.780586
0.0030297

-0.317925
0.310405
-0.895864
-0.560278
0.152034

0.0377754
-0.339125
-0.939983
-3.00231
2.57957

-0.0377754
0.339125
0.939983
0.426987
0.0528921

-0.226747
0.00772432
0.973923
0.770138
0.0152591

0.226747
-0.00772432
-0.973923
-10.2632
36.5586

-0.920312
-0.391186
0
0.421338
0.021149

0.920312
0.391186
0
0.132369
0.0475198

-0.853174
0.521627
0
0.387035
0.107956

0.853174
-0.521627
0
-6.50884
13.9445

0.407947
0.22819
-0.88403
0.488622
0.0213695

-0.407947
-0.22819
0.88403
-0.472624
0.175887

-0.419456
-0.496462
-0.759988
0.471192
0.0128542

0.419456
0.496462
0.759988
0.498658
0.0115628

0.0222597
0.828173
0.560031
-0.263117
0.0966797

-0.813773
-0.204961
-0.543843
0.972318
0.000376231

0.27703
0.293522
0.914931
0.963347
0.000293138

-0.27703
-0.293522
-0.914931
-9.41553
23.5762

-0.693753
-0.191857
-0.694188
-0.742111
0.288637

0.693753
0.191857
0.694188
0.407196
0.0335367

0.335483
0.289747
-0.89638
-13.3274
64.434

-0.335483
-0.289747
0.89638
0.912553
0.00240088

-0.0262954
0.820624
0.570864
0.778246
0.0123456

0.0262954
-0.820624
-0.570864
-8.57616
22.942

-0.13516
0.739261
0.659716
0.286429
0.0443316

0.13516
-0.739261
-0.659716
-0.306163
0.148248

0.417414
-0.223597
-0.880778
0.908021
0.000376893

-0.417414
0.223597
0.880778
-0.362323
0.0824832

-0.0759665
0.93226
-0.353723
-2.69168
2.07907

0.0759665
-0.93226
0.353723
0.424775
0.0505145

0.735247
-0.478725
0.479828
-0.136429
0.155558

-0.735247
0.478725
-0.479828
-0.615555
0.314281

0.0883151
-0.219695
0.971563
0.928434
0.00162746

0.435279
-0.608463
0.663555
0.654577
0.00652028

-0.435279
0.608463
-0.663555
0.00890684
0.0536462

-0.228085
-0.685508
0.691416
-2.69541
1.16752

0.228085
0.685508
-0.691416
0.963046
0.000117421

-0.167611
-0.985853
0
-0.986847
0.348064

0.167611
0.985853
0
0.615824
0.0135078

0.136362
-0.604393
-0.78493
0.921222
0.000707404

0.359625
-0.644353
0.674892
0.250564
0.0790383

-0.359625
0.644353
-0.674892
-1.83352
1.12765

0.307375
0.27469
-0.91108
-0.103337
0.0819606

-0.307375
-0.27469
0.91108
0.509626
0.0163284

0.284644
-0.115975
-0.951592
-1.68173
1.07623

-0.284644
0.115975
0.951592
0.0345757
0.139566

0.00741872
0.937122
-0.348924
0.492646
0.0122275

-0.00741872
-0.937122
0.348924
0.433006
0.0152662

-0.719635
-0.643658
0.260443
-1.19253
0.649871

0.719635
0.643658
-0.260443
-0.006145
0.136876

-0.644449
0.209153
-0.735487
0.793124
0.00216378

-0.96076
-0.277381
0
0.658802
0.00950993

0.96076
0.277381
0
0.510577
0.0155993

-0.406224
-0.660843
0.631085
0.742672
0.00635131

0.406224
0.660843
-0.631085
-1.68016
0.688737

0.776606
0.124144
-0.617634
-0.14711
0.0805571

-0.776606
-0.124144
0.617634
0.632789
0.00831346

0.625984
-0.35697
-0.693337
-1.75343
0.700721

-0.625984
0.35697
0.693337
0.791772
0.00400808

0.0613227
-0.780469
0.62218
-2.50749
0.970797

0.440898
0.0225439
0.897274
0.891268
0.000284662

-0.527186
-0.342235
-0.777785
0.77804
0.00408403

0.527186
0.342235
0.777785
-1.26197
0.416437

0.791985
-0.461481
-0.399745
-2.49945
1.50116

-0.791985
0.461481
0.399745
0.688721
0.0119053

-0.242247
-0.920884
-0.305432
0.583183
0.00970631

0.242247
0.920884
0.305432
0.0985782
0.0453364

-0.575971
-0.298549
0.761004
0.747712
0.00473118

0.385695
0.757902
0.52614
0.803557
0.0024147

0.477171
0.206099
-0.854302
0.953424
0.000219033

-0.477171
-0.206099
0.854302
-2.8664
1.36762

0.498789
-0.118953
0.858522
0.757917
0.00487183

-0.498789
0.118953
-0.858522
-1.23497
0.413173

-0.194681
0.972387
0.128693
0.96166
3.74807e-05

0.194681
-0.972387
-0.128693
0.150669
0.0182112

0.297356
0.698522
0.650881
0.590427
0.0145878

-0.505941
-0.312828
0.803842
0.713257
0.00271443

0.505941
0.312828
-0.803842
0.528282
0.00733272

0.223967
0.909174
-0.351058
-0.765167
0.270557

-0.223967
-0.909174
0.351058
0.543089
0.0181536

0.301201
-0.839797
0.451686
-0.810165
0.221174

-0.301201
0.839797
-0.451686
0.798871
0.00275288

0.838353
-0.181683
0.513961
0.86068
0.00127429

-0.838353
0.181683
-0.513961
-0.967808
0.251536

-0.423082
-0.13419
0.8961
0.95542
0.000526442

0.423082
0.13419
-0.8961
-11.1367
37.4005

-0.117859
0.275314
0.954103
0.925641
0.00145268

0.117859
-0.275314
-0.954103
-10.9304
37.2775

-0.229913
-0.0627234
0.971188
0.973989
0.000249311

0.229913
0.0627234
-0.971188
-17.6126
126.801

0.654884
-0.595775
0.46495
0.221394
0.031425

-0.654884
0.595775
-0.46495
0.573335
0.00943941

0.6642
-0.215793
-0.715732
-23.1014
298.9

-0.6642
0.215793
0.715732
0.887959
0.00649448

-0.62826
0.606688
-0.487051
0.841624
0.0020832

-0.538599
0.608933
0.582333
0.918195
0.00135314

0.538599
-0.608933
-0.582333
-7.80551
15.6565

0.738111
-0.42284
-0.525736
0.999457
1.40808e-07

-0.738111
0.42284
0.525736
-24.6266
301.339

-0.433537
0.122729
-0.892739
0.576651
0.00509864

0.32786
-0.86642
0.376596
-0.913368
0.288184

-0.32786
0.86642
-0.376596
0.706121
0.00683671

-0.725819
-0.687886
0
-4.75866
4.4431

0.725819
0.687886
0
0.920295
0.00206247

-0.867308
-0.109787
0.485513
-2.21808
0.753699

0.867308
0.109787
-0.485513
0.973404
5.52866e-05

0.644157
0.169695
-0.745832
0.465137
0.0281632

0.269084
-0.0806893
0.959731
0.957963
0.000101056

0.486006
0.638814
-0.596418
-1.08631
0.42878

-0.486006
-0.638814
0.596418
0.51777
0.0229168

-0.192941
-0.697271
0.690352
-9.03037
23.3474

0.192941
0.697271
-0.690352
0.899696
0.00233591

-0.771311
0.0871227
0.630468
-1.13312
0.63371

0.771311
-0.0871227
-0.630468
-0.118559
0.174285

-0.0249628
0.860026
0.509639
0.354527
0.0141178

0.0249628
-0.860026
-0.509639
0.801925
0.00133491

-0.249226
-0.0714455
-0.965806
-0.566282
0.305136

0.249226
0.0714455
0.965806
-0.258983
0.197289

0.504109
-0.217507
0.835802
-0.934464
0.158982

-0.504109
0.217507
-0.835802
0.987909
7.49636e-06

-0.0308889
-0.0927205
-0.995213
0.87401
0.000634141

0.934372
0.0141383
0.356018
0.882979
0.00439536

-0.934372
-0.0141383
-0.356018
-13.1595
64.2203

-0.00492793
-0.795007
0.60658
0.719284
0.00502154

0.00492793
0.795007
-0.60658
-0.404548
0.124445

-0.774206
0.0158973
0.632734
0.434662
0.0318412

0.774206
-0.0158973
-0.632734
-0.926832
0.368743

-0.81267
0.364628
0.454548
0.512791
0.00742028

0.81267
-0.364628
-0.454548
0.758157
0.00184375

0.353563
0.659672
0.663194
-0.997425
0.297132

-0.353563
-0.659672
-0.663194
0.778064
0.00368158

0.188295
0.283501
0.940304
0.783355
0.00331751

-0.188295
-0.283501
-0.940304
-0.7907
0.219607

-0.339299
0.00787786
0.940646
0.922084
0.00233791

0.339299
-0.00787786
-0.940646
-17.1202
126.194

0.997107
0.0760132
0
0.801965
0.00303405

-0.997107
-0.0760132
0
-1.2004
0.37444

-0.733035
-0.0253221
0.67972
-1.04786
0.461226

0.733035
0.0253221
-0.67972
0.33131
0.049209

-0.0453548
0.522006
0.851735
-0.785577
0.27312

0.0453548
-0.522006
-0.851735
0.568609
0.0159782

0.475684
0.0447547
0.878477
0.859591
0.0012891

-0.398403
-0.917211
0
0.753912
0.00175146

-0.290461
-0.177195
0.940337
0.937269
0.0012125

0.314081
0.564613
-0.76326
0.0594509
0.100848

-0.314081
-0.564613
0.76326
-0.704406
0.330675

-0.83896
-0.544192
0
0.372962
0.0446918

0.83896
0.544192
0
-0.647
0.260225

-0.201985
0.748802
-0.631267
0.186731
0.0315318

0.201985
-0.748802
0.631267
0.669625
0.00520649

0.260835
-0.854395
0.449415
0.997903
6.4969e-07

0.537123
0.339865
0.772004
0.0553348
0.0862474

-0.537123
-0.339865
-0.772004
-0.25262
0.151496

0.581528
-0.692015
0.427715
0.256977
0.0111121

-0.250972
-0.565734
0.785467
-0.101684
0.111975

0.250972
0.565734
-0.785467
0.0112348
0.0902067

0.739433
-0.352911
0.573317
0.650753
0.0322739

0.261197
0.965286
0
0.757657
0.00135085

-0.261197
-0.965286
0
0.722828
0.00176601

-0.62344
0.318208
-0.714189
0.890431
0.000880987

0.0531114
0.641162
-0.765566
-8.36165
32.8177

-0.0531114
-0.641162
0.765566
-0.316494
0.649403

-0.792709
0.0416751
-0.608174
-0.922479
0.57386

0.792709
-0.0416751
0.608174
-0.602684
0.398882

-0.562638
-0.361211
-0.743616
-1.81
0.792262

0.562638
0.361211
0.743616
0.732004
0.00721542

-0.661449
0.123897
0.739686
0.304463
0.0537595

0.524001
0.427308
-0.736771
-1.28548
0.747242

-0.524001
-0.427308
0.736771
-0.0870364
0.169232

-0.41725
-0.00459771
0.90878
0.176012
0.047171

0.41725
0.00459771
-0.90878
0.252049
0.0388783

-0.503059
-0.497547
0.706667
0.944207
0.00070951

0.520497
-0.199288
-0.830281
0.278705
0.0411466

-0.83114
-0.348425
-0.433365
0.981212
4.05496e-05

0.524063
-0.164879
-0.835567
-0.445806
0.122656

0.0610207
0.549017
0.833581
-0.0216155
0.18159

-0.0610207
-0.549017
-0.833581
-2.31001
1.90544

0.755596
-0.014898
0.654869
0.789117
0.00375474

-0.755596
0.014898
-0.654869
-1.38078
0.472124

0.546341
-0.550408
-0.631319
-0.586403
0.17633

-0.546341
0.550408
0.631319
0.704063
0.00708922

0.733715
-0.0120586
0.67935
0.58602
0.0117095

-0.733715
0.0120586
-0.67935
-0.258541
0.107496

-0.419353
-0.137519
-0.897347
-21.9863
294.693

0.419353
0.137519
0.897347
0.668999
0.061268

-0.0782909
0.0840649
0.99338
0.540275
0.0116545

0.738048
0.674749
0
-2.16857
1.78572

-0.738048
-0.674749
0
-0.237716
0.292458

-0.782381
-0.417778
0.461889
0.634064
0.0169437

0.782381
0.417778
-0.461889
-2.42382
1.47953

0.429158
-0.355908
-0.830153
-1.20123
0.48811

-0.429158
0.355908
0.830153
0.530287
0.0247546

0.594489
0.263147
0.759827
0.674013
0.0055667

-0.594489
-0.263147
-0.759827
0.0664037
0.0450426

-0.057078
-0.254669
-0.965342
-23.8768
300.683

0.057078
0.254669
0.965342
0.969728
0.000445721

0.0477554
-0.859944
-0.508149
0.680024
0.00374384

-0.0477554
0.859944
0.508149
0.478117
0.00995349

-0.168609
-0.697631
-0.696334
-0.158506
0.241194

0.168609
0.697631
0.696334
-2.21807
1.85936

0.809955
-0.270897
-0.520181
-0.787824
0.318956

-0.809955
0.270897
0.520181
0.356385
0.0414047

0.934626
-0.0694221
0.34879
-0.971073
0.272134

-0.934626
0.0694221
-0.34879
0.815289
0.00240227

0.452109
0.282475
0.846053
-1.27354
0.671191

-0.452109
-0.282475
-0.846053
0.132665
0.0979169

0.708298
-0.60141
-0.369621
-0.545347
0.125862

-0.708298
0.60141
0.369621
0.87755
0.000943243

0.564569
0.582485
0.584785
0.502504
0.0141336

0.123783
-0.708819
0.694444
0.643958
0.0199487

-0.123783
0.708819
-0.694444
-3.65383
3.39167

0.0622616
0.872053
0.485435
0.735074
0.00477518

-0.0622616
-0.872053
-0.485435
-0.617062
0.17761

-0.440515
-0.240153
-0.865028
0.36179
0.0226363

0.440515
0.240153
0.865028
0.38221
0.0212132

0.0149717
-0.469004
0.883069
0.838536
0.00390719

-0.0149717
0.469004
-0.883069
-4.49427
4.52169

-0.0113157
0.798801
0.601489
0.692703
0.052347

0.0113157
-0.798801
-0.601489
-22.0814
295.23

0.0638197
-0.995221
0.0739007
0.758002
0.00121497

-0.723262
0.534567
0.437185
0.375758
0.0172708

0.547378
0.24158
0.801259
0.794193
0.00280507

0.352339
-0.407154
0.842664
0.152607
0.218439

-0.352339
0.407154
-0.842664
-7.37017
21.2799

0.0246029
0.811785
-0.583438
0.487062
0.0146007

-0.0246029
-0.811785
0.583438
0.24368
0.0317249

-0.523294
-0.278937
0.805207
0.818834
0.00336399

0.523294
0.278937
-0.805207
-2.2926
1.10868

-0.626888
0.755335
0.190998
-2.38785
0.988279

0.626888
-0.755335
-0.190998
0.93373
0.000379598

0.225843
-0.853946
0.468798
0.449903
0.0457596

-0.225843
0.853946
-0.468798
-2.71866
2.09039

0.87997
0.475029
0
0.9648
8.62645e-05

0.485129
0.738007
0.469037
0.715806
0.00978034

-0.485129
-0.738007
-0.469037
-2.54012
1.51215

0.426737
-0.834873
0.347683
0.968321
3.8187e-05

-0.426737
0.834873
-0.347683
-0.36802
0.0669389

-0.324484
-0.773287
0.544735
0.619508
0.00737057

-0.186003
-0.768732
0.611926
0.941792
0.000152589

0.186003
0.768732
-0.611926
-0.539542
0.104497

-0.710775
0.566586
0.416868
0.198304
0.017109

0.485147
0.0543279
-0.872743
-7.24997
15.2564

-0.485147
-0.0543279
0.872743
0.760979
0.0129145

-0.131424
0.139731
0.981429
0.978352
5.96068e-05

-0.706125
-0.233849
0.668358
-5.07763
5.90124

0.706125
0.233849
-0.668358
0.853491
0.00349851

-0.54932
-0.835612
0
0.470196
0.0711534

0.54932
0.835612
0
-5.69778
9.90868

-0.336204
0.388082
0.858114
0.553043
0.0731471

0.336204
-0.388082
-0.858114
-12.0332
62.1553

-0.290136
-0.429688
-0.855096
0.599333
0.00417635

0.924864
0.355335
0.135517
0.96827
0.000305267

0.723359
0.690473
0
0.550143
0.011909

-0.723359
-0.690473
0
0.177885
0.0381305

0.0581461
-0.258427
0.964279
0.923682
0.00433619

-0.26
0.712118
-0.652141
-0.425858
0.277705

0.26
-0.712118
0.652141
-0.673392
0.382477

-0.566256
-0.425618
0.705835
0.878149
0.0011684

0.653119
-0.071701
-0.753853
-1.25022
0.318721

-0.653119
0.071701
0.753853
0.924193
0.000387221

-0.26571
-0.707498
0.654863
-3.16074
4.49608

0.26571
0.707498
-0.654863
-0.966613
1.00473

-0.963363
-0.235987
-0.127443
0.571985
0.00694161

-0.476242
0.304041
0.825078
0.678514
0.00933701

-0.207835
-0.978164
0
0.577669
0.00934797

-0.561949
0.16631
0.81028
-0.13391
0.0882896

0.561949
-0.16631
-0.81028
0.504136
0.0169963

0.659859
0.203536
-0.723297
-2.23277
1.24642

-0.659859
-0.203536
0.723297
0.653746
0.0143029

0.327233
-0.597745
0.73186
0.551602
0.013415

-0.327233
0.597745
-0.73186
-0.161941
0.0900428

-0.529412
-0.66585
-0.525706
-2.53357
1.31584

0.529412
0.66585
0.525706
0.837744
0.00278099

0.794352
-0.182779
0.579307
0.668894
0.00936507

-0.712516
-0.537228
0.451339
0.380476
0.0414652

0.712516
0.537228
-0.451339
-1.08228
0.467816

-0.153792
-0.151752
0.976381
0.982266
0.00011404

0.153792
0.151752
-0.976381
-17.7321
126.91

0.361135
0.530714
0.766762
0.795678
0.00835187

-0.361135
-0.530714
-0.766762
-6.3556
10.7313

-0.38975
0.516996
0.762109
0.632221
0.0360291

0.936363
0.351034
0
-2.4568
1.13711

-0.936363
-0.351034
0
0.893013
0.00109111

0.432539
0.427009
0.794086
0.832489
0.00353521

-0.432539
-0.427009
-0.794086
-3.30019
2.28875

0.621461
-0.284344
0.730024
-2.25404
0.755621

-0.621461
0.284344
-0.730024
0.979767
3.57767e-05

0.703754
0.710443
0
0.926787
0.000384125

-0.703754
-0.710443
0
0.00392139
0.0343955

-0.908437
-0.0473479
-0.415333
0.0229769
0.132692

0.908437
0.0473479
0.415333
-1.34729
0.765545

0.876812
0.480834
0
0.478377
0.0328224

-0.876812
-0.480834
0
-0.582775
0.221946

0.0247852
-0.930218
0.36617
0.0974594
0.0344788

-0.0247852
0.930218
-0.36617
0.796013
0.00177423

-0.342225
0.23612
0.909467
0.985717
0.000145281

-0.135082
0.491699
-0.860224
-10.229
36.5188

0.135082
-0.491699
0.860224
0.75952
0.0167557

-0.674898
-0.521259
0.522304
-0.0743229
0.0759466

0.674898
0.521259
-0.522304
0.515034
0.0154872

0.877316
-0.19312
0.439342
0.519141
0.0173102

-0.877316
0.19312
-0.439342
-0.255477
0.114123

0.311082
-0.325372
-0.892951
-1.03856
0.173535

-0.311082
0.325372
0.892951
0.994402
4.03485e-06

0.95441
0.2985
0
0.619712
0.00574735

-0.95441
-0.2985
0
0.595825
0.00643107

0.470601
0.448363
0.759938
0.77565
0.00303262

-0.470601
-0.448363
-0.759938
-0.416601
0.118247

0.390183
0.920737
0
0.982001
0.000115575

-0.222027
-0.163938
0.96116
0.935047
0.000544263

0.0104966
-0.415836
-0.909379
-0.191564
0.078988

-0.0104966
0.415836
0.909379
0.73328
0.00396185

0.53696
0.122029
0.834735
0.656038
0.0045584

-0.53696
-0.122029
-0.834735
0.466493
0.0109257

0.417579
0.853743
0.311049
0.285659
0.0148828

-0.174861
0.260437
-0.949524
-0.574961
0.331835

0.254237
-0.600402
0.758209
0.612446
0.0129255

-0.254237
0.600402
-0.758209
-0.900192
0.310075

-0.744684
-0.667418
0
0.490393
0.0372915

0.744684
0.667418
0
-2.04506
1.17801

-0.618887
-0.147535
0.7715
0.881041
0.00559412

-0.309955
-0.883032
0.352395
0.459959
0.014111

-0.608876
-0.42794
0.667935
0.99901
9.45684e-07

-0.111393
0.930355
-0.34933
-0.291947
0.0797583

-0.0342466
-0.754473
0.655437
0.701031
0.014582

0.0342466
0.754473
-0.655437
-4.19044
4.38954

0.548236
-0.340219
0.763995
0.802477
0.00112963

-0.548236
0.340219
-0.763995
0.500971
0.00720752

0.300678
-0.842449
0.447071
0.524255
0.00793909

-0.721843
-0.674048
0.156852
0.836036
0.00222444

0.721843
0.674048
-0.156852
-1.56904
0.545524

0.517924
-0.545993
0.658518
-0.250453
0.261687

-0.517924
0.545993
-0.658518
-1.70425
1.22305

0.927043
-0.243004
-0.285552
0.559921
0.0193035

-0.927043
0.243004
0.285552
-1.22789
0.494272

0.352612
-0.0819728
0.932172
0.900014
0.00185542

0.771207
0.421971
-0.476635
-0.189334
0.114028

-0.771207
-0.421971
0.476635
0.32187
0.0371113

0.0974313
-0.965543
0.241316
-0.124924
0.0652391

-0.0974313
0.965543
-0.241316
0.761153
0.00294271

0.709157
-0.116874
0.695296
0.614594
0.00540333

-0.709157
0.116874
-0.695296
0.562095
0.00697367

-0.134876
0.434998
0.890272
0.844045
0.00345155

0.134876
-0.434998
-0.890272
-4.05331
3.54677

-0.147335
0.409764
-0.900214
0.700301
0.00751513

-0.214608
0.9767
0
-0.686948
0.150684

-0.0492818
-0.274875
-0.960216
-3.12111
1.62885

0.0492818
0.274875
0.960216
0.956779
0.000179463

-0.546859
0.343226
-0.763637
0.993253
1.85031e-05

-0.249968
0.779419
0.574475
0.942977
0.000576026

0.447278
0.193744
-0.873159
0.935438
0.000170636

-0.325722
-0.779567
0.534958
0.689075
0.0131905

0.325722
0.779567
-0.534958
-3.02959
2.20705

0.691634
-0.543615
-0.475526
-2.15497
1.22529

-0.691634
0.543615
0.475526
0.591116
0.0206294

-0.400349
0.497964
-0.769255
-0.434843
0.0897695

0.400349
-0.497964
0.769255
0.928423
0.000229555

-0.961532
-0.270638
0.0470311
0.982021
0.000117346

0.961532
0.270638
-0.0470311
-17.7282
126.906

0.75027
-0.284818
-0.596635
-22.473
296.82

-0.75027
0.284818
0.596635
0.780171
0.0260805

0.430521
-0.0723337
-0.899677
-4.41222
5.5442

-0.430521
0.0723337
0.899677
0.521637
0.0433355

0.0269652
0.367823
-0.929505
-7.48401
15.4532

-0.0269652
-0.367823
0.929505
0.838592
0.00559386

-0.77335
0.0865913
0.628038
0.449573
0.038124

0.77335
-0.0865913
-0.628038
-1.81924
0.997335

-0.042414
-0.202129
0.97844
0.946365
0.000738842

-0.0424934
-0.736649
0.674939
0.652276
0.00506155

0.227377
0.769583
0.596692
0.610803
0.0328598

-0.320432
0.86199
0.392807
0.423589
0.00855072

0.320432
-0.86199
-0.392807
0.888021
0.000331236

-0.326687
0.879837
0.345198
-0.0726919
0.414231

0.326687
-0.879837
-0.345198
-8.65421
33.5469

-0.233717
0.496144
-0.836192
-7.32261
15.3262

0.233717
-0.496144
0.836192
0.786942
0.0100664

-0.468861
0.563765
0.679955
0.877407
0.00357953

-0.433627
-0.523368
0.733521
0.568611
0.016052

0.123274
-0.147929
-0.981285
-4.79531
5.76653

0.339967
-0.65385
0.675945
0.609019
0.00190716

-0.333844
-0.483265
0.809323
0.760639
0.00398676

0.333844
0.483265
-0.809323
-0.702123
0.197429

0.339164
0.883199
-0.323925
0.909654
0.000321041

-0.339164
-0.883199
0.323925
-0.136768
0.04998

-0.510378
0.822058
-0.252459
-10.7845
37.1522

0.510378
-0.822058
0.252459
0.899588
0.00270124

0.505327
-0.387453
0.771054
0.557914
0.0141356

-0.505327
0.387453
-0.771054
-0.32271
0.125581

-0.400324
0.207924
-0.892473
-35.733
1012.28

0.400324
-0.207924
0.892473
0.903397
0.00701282

0.217111
0.352247
0.910376
-24.3155
301.185

-0.217111
-0.352247
-0.910376
0.992728
2.50035e-05

-0.441951
-0.702209
0.558195
-0.247903
0.119211

0.441951
0.702209
-0.558195
0.435247
0.0244749

0.663559
-0.0932502
0.74229
0.558845
0.029798

-0.663559
0.0932502
-0.74229
-3.16172
2.65137

0.346721
-0.197476
-0.916945
-0.494104
0.190162

-0.346721
0.197476
0.916945
0.434184
0.0274528

0.941499
-0.162682
0.295152
0.436594
0.0576876

-0.941499
0.162682
-0.295152
-3.79288
4.17285

0.42804
0.0172172
-0.903596
0.960691
7.14535e-05

-0.42804
-0.0172172
0.903596
-0.720305
0.132761

0.182783
0.0578569
0.981449
-0.633086
0.147251

0.635799
0.30175
0.710427
0.760885
0.0238467

-0.635799
-0.30175
-0.710427
-16.276
124.465

0.441077
-0.316503
-0.839808
-10.5407
36.8814

-0.441077
0.316503
0.839808
0.846351
0.00660286

0.0815965
-0.95818
0.274286
0.953733
0.000129371

-0.0815965
0.95818
-0.274286
-1.33458
0.32407

0.592661
0.663954
0.455979
-0.126738
0.0718542

-0.592661
-0.663954
-0.455979
0.691504
0.00539361

0.660461
0.471756
-0.584155
-1.71385
2.24668

-0.660461
-0.471756
0.584155
-3.30522
5.65352

0.256301
0.761066
0.595892
-0.187674
0.14372

-0.256301
-0.761066
-0.595892
-0.118841
0.127558

-0.359268
-0.158205
0.919727
0.808055
0.00321432

-0.285429
0.0240721
-0.958098
-2.30188
1.65131

0.285429
-0.0240721
0.958098
0.295435
0.0754996

-0.0786394
-0.219873
0.972354
0.969473
0.000281198

0.116538
0.415523
0.902086
0.881001
0.000874884

-0.116538
-0.415523
-0.902086
-0.933841
0.230643

0.853512
0.521073
0
-0.0133677
0.0631456

-0.853512
-0.521073
0
0.805577
0.00769542

0.828496
-0.197489
-0.524016
-2.31722
1.44713

-0.828496
0.197489
0.524016
0.546938
0.0270603

0.151038
0.728256
-0.668454
-0.555811
0.15177

-0.151038
-0.728256
0.668454
0.776584
0.00318207

-0.119211
-0.799235
0.589078
-0.46887
0.121252

0.119211
0.799235
-0.589078
0.821895
0.00179101

0.609091
0.610761
0.505944
0.678192
0.0111938

-0.609091
-0.610761
-0.505944
-1.89625
0.905782

-0.00217796
-0.669244
0.743039
0.766216
0.00162532

0.00217796
0.669244
-0.743039
0.545742
0.00610019

0.416736
-0.62953
-0.655761
-0.250792
0.0580692

-0.416736
0.62953
0.655761
0.944449
0.000128523

-0.399198
-0.139576
0.906178
0.926462
0.000229272

0.397882
0.0335518
-0.916823
0.870329
0.000467567

-0.397882
-0.0335518
0.916823
0.409029
0.00959139

0.675263
-0.650602
0.347472
-1.20524
0.538168

0.765336
-0.0771189
0.638994
0.78063
0.00210918

-0.765336
0.0771189
-0.638994
0.0914603
0.0359995

0.453656
-0.883733
0.114946
0.235464
0.0402755

-0.453656
0.883733
-0.114946
0.203941
0.0436649

0.352751
-0.0764607
-0.932588
0.470148
0.0383425

-0.352751
0.0764607
0.932588
-2.23411
1.4197

0.510522
-0.80682
-0.297336
-0.23675
0.125106

-0.510522
0.80682
0.297336
0.332435
0.0364671

0.437333
0.333425
0.835205
0.773674
0.0213415

-0.437333
-0.333425
-0.835205
-16.3281
124.542

-0.174428
-0.152971
0.972715
0.967739
0.000226802

-0.431758
0.708393
0.558358
-0.0941461
0.060919

0.431758
-0.708393
-0.558358
0.757698
0.00298829

-0.873137
-0.154493
-0.462346
0.885814
0.000448696

0.873137
0.154493
0.462346
0.157434
0.0237269

0.499186
0.301809
-0.812234
-0.0843647
0.1043

-0.499186
-0.301809
0.812234
0.0721918
0.0763632

0.282527
-0.45317
0.845467
0.0717084
0.118134

-0.282527
0.45317
-0.845467
-1.37641
0.774011

0.395839
-0.0283654
0.917882
0.83296
0.00129406

0.982615
-0.185653
0
0.817767
0.00641091

-0.982615
0.185653
0
-4.97756
5.79413

0.112034
-0.382487
0.917144
0.88925
0.00117337

0.0730303
-0.469548
0.879881
0.481798
0.0279375

-0.0730303
0.469548
-0.879881
-1.16007
0.482183

-0.0710237
-0.904764
-0.419949
0.961116
0.000110026

0.968165
-0.201404
-0.148636
0.956985
0.000168904

-0.968165
0.201404
0.148636
-2.88212
1.37103

0.576114
0.681133
-0.45183
0.915612
0.000192699

-0.576114
-0.681133
0.45183
0.300999
0.013062

0.694283
0.0139683
-0.719567
-0.0162318
0.0928361

-0.694283
-0.0139683
0.719567
-0.0162318
0.0928361

-0.0300068
0.280235
0.959462
0.86708
0.00179899

0.0300068
-0.280235
-0.959462
-2.39335
1.12554

-0.69078
0.361778
0.62605
0.369005
0.0620462

0.69078
-0.361778
-0.62605
-2.63453
2.05439

0.135066
0.62075
0.772287
-0.224845
0.0497056

-0.135066
-0.62075
-0.772287
0.965553
4.00794e-05

0.0404382
-0.904886
0.42373
0.414587
0.00998142

0.491022
-0.31935
0.810502
-3.00889
1.38191

-0.491022
0.31935
-0.810502
0.980181
4.1711e-05

0.74694
0.646133
0.156824
0.614505
0.00960627

-0.74694
-0.646133
-0.156824
-0.202814
0.0928992

0.33149
0.470026
-0.81804
0.77721
0.00439955

-0.33149
-0.470026
0.81804
-1.47543
0.53289

0.852159
-0.47729
-0.214522
-0.797533
0.320516

-0.852159
0.47729
0.214522
0.371397
0.0393835

-0.490924
0.0437228
0.870105
0.488943
0.0653368

0.490924
-0.0437228
-0.870105
-6.67387
14.6817

-0.640088
-0.294227
-0.709731
-0.573286
0.283741

0.640088
0.294227
0.709731
-0.0531874
0.127258

0.367341
-0.620711
0.692661
0.756616
0.00172754

0.58588
-0.810398
0
0.655193
0.0040403

-0.907827
0.0567861
-0.415481
0.394864
0.0245162

0.907827
-0.0567861
0.415481
0.0708486
0.0577464

-0.860608
-0.0933438
-0.50064
-0.460943
0.21397

0.860608
0.0933438
0.50064
0.151282
0.0730979

-0.56853
-0.822662
0
0.332487
0.0469126

0.56853
0.822662
0
-0.772716
0.317479

0.130998
-0.791879
-0.596463
-0.0431002
0.0857694

-0.430061
0.514104
0.742122
0.311857
0.0682787

0.430061
-0.514104
-0.742122
-2.08591
1.36945

0.309732
0.800142
0.513653
-0.550539
0.326759

-0.141625
-0.939197
0.312812
0.996521
4.29026e-06

0.764147
-0.555535
-0.327811
-1.88651
1.14513

-0.764147
0.555535
0.327811
0.31685
0.0641761

0.654911
-0.301126
-0.693119
-0.441985
0.152213

-0.654911
0.301126
0.693119
0.594481
0.0121237

-0.128817
0.00830494
0.991634
-0.0871594
0.148793

0.128817
-0.00830494
-0.991634
-0.813819
0.413445

-0.262381
0.942022
0.209168
0.396923
0.0248401

0.262381
-0.942022
-0.209168
0.0432805
0.0622701

-0.234005
-0.816145
0.528346
-1.72293
0.506953

0.234005
0.816145
-0.528346
0.950692
0.000166828

-0.681841
-0.148192
-0.716332
-10.6266
36.9807

0.681841
0.148192
0.716332
0.866532
0.00491482

0.0460551
-0.314117
0.948266
0.709061
0.00944567

-0.0460551
0.314117
-0.948266
-2.13323
1.09001

-0.00751155
-0.773804
0.633381
0.348807
0.00976558

0.251914
0.766443
-0.590851
-0.0349977
0.21506

-0.251914
-0.766443
0.590851
-3.07765
3.29655

-0.745953
-0.546053
-0.381288
-0.378834
0.129939

0.745953
0.546053
0.381288
0.635876
0.00908564

-0.205183
-0.862334
-0.462905
0.937097
9.52234e-05

0.205183
0.862334
0.462905
0.39832
0.00803603

0.351365
0.90467
-0.24107
0.578478
0.00865741

-0.351365
-0.90467
0.24107
0.298194
0.0239818

0.67905
-0.417293
0.603952
0.87575
0.00264761

0.274013
-0.521583
0.808003
0.858857
0.00138534

0.948425
-0.043397
-0.314016
0.901462
0.000407143

-0.948425
0.043397
0.314016
-0.228299
0.0631687

0.524917
0.851154
0
0.730102
0.00724389

-0.524917
-0.851154
0
-1.30125
0.460288

0.943896
0.330241
0
-4.05697
4.11815

-0.943896
-0.330241
0
0.623861
0.0319937

0.153268
0.366507
0.917705
0.709647
0.00758121

-0.153268
-0.366507
-0.917705
-1.27636
0.45795

-0.541935
-0.623261
-0.563783
0.634329
0.00572869

-0.0275447
0.500151
-0.8655
0.827911
0.00212078

-0.767236
0.529411
0.362041
-0.418951
0.382379

0.767236
-0.529411
-0.362041
-2.06386
1.77815

0.116715
0.950246
-0.288809
0.9189
0.000301791

-0.953921
-0.300056
0
0.258869
0.084057

0.953921
0.300056
0
-1.66069
0.932857

0.241285
-0.105892
0.96466
0.977758
5.14024e-05

-0.524299
0.0782744
0.847929
0.831164
0.00138146

0.524299
-0.0782744
-0.847929
-0.194238
0.0683191

-0.199394
-0.450376
-0.870289
0.96211
6.11245e-05

0.413345
-0.658185
0.629237
-0.132295
0.152146

-0.413345
0.658185
-0.629237
-0.540008
0.27926

-0.302099
0.595995
0.743994
0.994369
3.10149e-06

0.128672
0.783367
-0.608095
0.752525
0.00567148

-0.128672
-0.783367
0.608095
-1.56177
0.60231

-0.944721
0.180584
0.273664
-0.516465
0.220502

0.944721
-0.180584
-0.273664
0.261864
0.0522594

-0.823618
-0.111761
0.556025
-14.0104
64.9892

0.823618
0.111761
-0.556025
0.987315
4.66761e-05

0.575287
-0.688327
-0.441872
0.931136
0.000437227

-0.978429
0.150202
0.14183
0.853179
0.00175321

0.978429
-0.150202
-0.14183
-1.6002
0.549349

0.00869568
-0.791787
0.610735
-0.614811
0.290807

-0.00869568
0.791787
-0.610735
0.0390306
0.103075

0.707091
0.707122
0
-22.17
726.957

-0.707091
-0.707122
0
-9.29788
144.293

-0.951189
0.036501
0.306442
0.0463153
0.0565889

0.951189
-0.036501
-0.306442
0.501375
0.0154829

-0.744331
0.25176
0.618537
0.00982165
0.188725

0.744331
-0.25176
-0.618537
-2.96071
3.0168

0.784939
-0.534714
0.312973
0.478332
0.0122184

0.857157
-0.47431
0.200779
0.814528
0.00146687

0.0774014
-0.573655
0.815432
0.866424
0.00167717

-0.444225
-0.861264
-0.246754
0.71341
0.00373305

0.444225
0.861264
0.246754
0.176699
0.0307501

-0.0529292
0.745431
0.664479
0.729359
0.00522074

-0.88157
0.40059
0.249723
-0.492218
0.250327

0.88157
-0.40059
-0.249723
-0.0742915
0.129755

0.0746437
-0.473475
-0.877639
-6.70387
10.9295

-0.0746437
0.473475
0.877639
0.900014
0.0018876

-0.739858
-0.250262
-0.624483
-1.03452
0.606155

0.739858
0.250262
0.624483
-0.327261
0.258082

-0.231358
-0.549275
0.802976
-0.926832
0.368753

0.231358
0.549275
-0.802976
0.434662
0.0319019

0.846473
0.362514
0.389958
0.745901
0.00377303

-0.846473
-0.362514
-0.389958
-0.307382
0.0993779

0.869543
0.14256
0.472834
0.561171
0.0186135

-0.869543
-0.14256
-0.472834
-1.12393
0.434913

0.0993784
0.990097
0.099159
0.745718
0.00315114

-0.0993784
-0.990097
-0.099159
0.0151601
0.0469919

0.375267
0.0271586
0.926519
0.74895
0.00877889

0.657072
0.753828
0
0.420416
0.0269723

-0.657072
-0.753828
0
-0.329021
0.141706

-0.020273
-0.43429
0.900545
-0.354095
0.22765

0.020273
0.43429
-0.900545
-0.456266
0.263246

-0.703959
0.577562
0.413356
0.378327
0.0200284

0.703959
-0.577562
-0.413356
0.449314
0.0157222

0.162261
0.519282
0.839057
0.878924
0.00142012

-0.162261
-0.519282
-0.839057
-2.42133
1.13145

-0.613347
0.695511
-0.374258
-1.74235
0.870856

0.613347
-0.695511
0.374258
0.543131
0.0242032

0.576249
-0.723842
0.379459
0.518894
0.0198658

-0.576249
0.723842
-0.379459
-0.676396
0.240833

0.549568
0.0835413
0.831261
0.859597
0.000965399

-0.549568
-0.0835413
-0.831261
-0.228036
0.0698277

0.352854
-0.901019
0.252308
-0.876396
0.226455

-0.352854
0.901019
-0.252308
0.846228
0.00152636

-0.425534
0.850768
-0.308407
-1.94223
0.915408

0.425534
-0.850768
0.308407
0.712672
0.00874522

0.969903
0.243492
0
-0.571959
0.214287

-0.969903
-0.243492
0
0.462209
0.0270074

-0.0463147
0.465426
0.883874
-2.43201
1.70053

0.0463147
-0.465426
-0.883874
0.432882
0.0468347

-0.314367
-0.353463
-0.881043
0.986586
2.08452e-05

0.314367
0.353463
0.881043
-4.25129
2.95085

0.243763
-0.541633
-0.804496
-0.0216105
0.0444916

-0.243763
0.541633
0.804496
0.836542
0.0011526

0.29909
-0.677709
0.671755
0.558994
0.0201256

-0.29909
0.677709
-0.671755
-1.34176
0.564684

0.168268
0.625021
0.762256
0.810702
0.0022915

-0.168268
-0.625021
-0.762256
-0.70369
0.1844

0.583659
-0.0195446
-0.811764
-1.63574
0.844274

-0.583659
0.0195446
0.811764
0.429798
0.0396929

-0.707117
-0.707096
0
0.904797
0.014522

-0.242692
0.342356
-0.907685
0.99596
9.63989e-06

0.933543
0.00900368
0.358352
-0.551569
0.259831

-0.933543
-0.00900368
-0.358352
0.0613947
0.0951148

0.378124
-0.547205
-0.746719
-4.591
5.65671

-0.378124
0.547205
0.746719
0.634121
0.0242539

-0.58279
-0.0254842
-0.812223
0.497273
0.0144318

-0.44503
-0.873449
0.197572
-0.579783
0.428985

0.44503
0.873449
-0.197572
-1.35992
0.957258

0.81878
0.525529
0.231123
0.400772
0.0479145

-0.81878
-0.525529
-0.231123
-1.95915
1.16808

-0.0629341
0.583459
0.8097
0.851799
0.00532873

0.0629341
-0.583459
-0.8097
-8.82663
23.1702

-0.405104
0.149193
-0.902015
0.937526
0.000158223

0.405104
-0.149193
0.902015
-0.0331695
0.0352735

-0.831399
0.555676
0
0.770865
0.0156758

0.200445
0.922301
0.330427
-0.447705
0.119998

-0.200445
-0.922301
-0.330427
0.804026
0.00220175

-0.135957
0.256182
-0.95702
0.994319
7.36984e-06

0.135957
-0.256182
0.95702
-9.78586
23.692

-0.693884
0.10734
0.712041
-0.0147064
0.0977484

0.158758
-0.959138
-0.234201
-0.0875287
0.0848063

-0.158758
0.959138
0.234201
0.417052
0.0243764

-0.835646
-0.00304358
-0.549259
0.99487
9.05719e-07

-0.782818
-0.0238056
0.621795
0.881
0.000150943

-0.746174
-0.632493
0.207792
0.803126
0.000737979

0.14333
0.692431
0.707104
0.827137
0.000989697

-0.14333
-0.692431
-0.707104
0.37515
0.0124312

-0.326957
-0.643445
0.692155
0.732004
0.00727479

0.326957
0.643445
-0.692155
-1.81
0.791971

-0.764739
-0.644341
0
-0.475173
0.202678

0.764739
0.644341
0
0.299925
0.0474547

-0.983843
-0.0266879
-0.177034
0.669349
0.00651732

0.983843
0.0266879
0.177034
-0.17328
0.082003

0.764022
0.57315
-0.296259
-1.89628
1.47791

-0.764022
-0.57315
0.296259
-0.287221
0.291963

0.0918043
-0.10476
-0.990251
-7.78643
15.6448

-0.0918043
0.10476
0.990251
0.914292
0.0014943

-0.320786
0.532258
0.783453
0.892336
0.000907922

0.320786
-0.532258
-0.783453
-1.56395
0.492914

-0.0170791
-0.996292
0.0843215
0.0745684
0.0365089

-0.750697
-0.211696
-0.625811
0.918546
0.000564274

0.393351
-0.265395
0.88025
0.869785
0.00362155

-0.681016
-0.366384
0.634019
0.952442
0.00165371

-0.172428
-0.449694
-0.876381
-2.66365
2.06609

0.172428
0.449694
0.876381
0.397865
0.0560463

0.480393
0.160663
-0.862212
-0.584285
0.229497

-0.480393
-0.160663
0.862212
0.381139
0.0351901

-0.977875
-0.209191
0
0.808895
0.0238467

0.977875
0.209191
0
-4.95452
4.63871

0.821024
-0.028012
-0.570206
-6.89891
14.9322

-0.821024
0.028012
0.570206
0.609931
0.0364881

0.937935
0.346812
0
-0.331248
14.2693

-0.76086
0.545434
0.351559
0.402359
0.0615796

0.76086
-0.545434
-0.351559
-3.33202
3.23343

-0.242464
0.544641
-0.802856
-2.2926
1.10793

0.242464
-0.544641
0.802856
0.818834
0.00342177

0.645611
0.407147
0.646079
0.64119
0.00430416

0.787702
0.592544
-0.168574
0.226594
0.0705059

-0.787702
-0.592544
0.168574
-1.0874
0.513489

-0.824826
-0.493182
0.276467
0.353406
0.032618

0.824826
0.493182
-0.276467
-0.164669
0.105784

0.026118
-0.901381
-0.432239
0.642505
0.0122062

-0.0823913
-0.955956
-0.28171
0.982729
6.01485e-06

0.0823913
0.955956
0.28171
0.25526
0.010803

0.958182
0.286159
0
0.677117
0.00929633

-0.958182
-0.286159
0
0.454326
0.019072

-0.541792
-0.794478
0.274346
0.360963
0.0087343

-0.157709
0.689993
-0.706426
0.966725
5.87882e-05

0.39358
0.446953
-0.803323
-1.10932
0.334441

-0.39358
-0.446953
0.803323
0.8003
0.00300217

0.733462
0.454803
0.505161
0.892883
0.000592719

-0.733462
-0.454803
-0.505161
-0.52648
0.117208

0.448274
-0.467058
0.762173
-0.443236
0.143404

-0.448274
0.467058
-0.762173
0.6584
0.00819797

-0.101921
-0.204379
0.973571
0.669508
0.0169089

0.101921
0.204379
-0.973571
-3.69535
3.41193

-0.228445
-0.331802
0.915271
0.892336
0.000841802

-0.000710651
0.61448
-0.788932
0.821218
0.00904439

0.000710651
-0.61448
0.788932
-10.442
36.7707

0.503757
0.19555
0.841421
-0.118169
0.0349341

-0.503757
-0.19555
-0.841421
0.980422
1.10431e-05

-0.0446577
-0.0699454
-0.996551
0.794605
0.000881231

-0.820589
-0.452079
-0.349655
0.55816
0.0121194

-0.16738
-0.629266
-0.758952
-3.32728
2.29611

0.16738
0.629266
0.758952
0.843993
0.0030374

-0.0651654
-0.0250639
-0.99756
0.930387
0.000480109

-0.0781711
0.647688
0.757885
0.0098244
0.0859059

0.0781711
-0.647688
-0.757885
0.0098244
0.0859059

-0.940334
-0.324708
0.101674
0.775715
0.0026464

0.315954
-0.147184
-0.937289
-6.44754
14.4205

-0.315954
0.147184
0.937289
0.346166
0.111165

0.0970183
-0.0249986
0.994969
0.952814
0.000675158

0.418177
-0.356272
-0.835582
-10.856
37.1937

-0.418177
0.356272
0.835582
0.912894
0.00204462

0.193883
-0.906928
0.374021
-0.273324
0.064584

-0.553835
0.217964
-0.803591
-0.706939
0.151035

0.553835
-0.217964
0.803591
0.915198
0.000404656

0.342177
0.284616
0.895494
0.854076
0.00340803

0.460464
-0.733928
-0.499323
-0.953129
0.643108

-0.460464
0.733928
0.499323
-0.864983
0.586578

0.274496
-0.163066
0.947661
0.886953
0.00408715

-0.274496
0.163066
-0.947661
-13.1806
64.2516

0.111583
0.301369
0.946956
0.927087
0.000241237

-0.558133
0.151337
-0.815834
0.984761
1.04152e-05

0.819314
-0.247
-0.517413
-2.08399
1.20543

-0.819314
0.247
0.517413
0.527783
0.0282781

-0.35822
0.181118
-0.915901
-23.6088
300.071

0.35822
-0.181118
0.915901
0.947579
0.00138848

-0.336411
0.250862
0.907687
0.800761
0.00543492

0.533738
0.7041
-0.468366
-0.373045
0.137388

-0.533738
-0.7041
0.468366
0.56556
0.0137942

-0.825046
0.213576
-0.523149
0.0535111
0.209138

0.825046
-0.213576
0.523149
-4.4518
6.93439

-0.733139
-0.28024
0.619656
-15.6452
122.603

0.733139
0.28024
-0.619656
0.573883
0.0804468

0.610999
0.213421
-0.76232
-1.54521
0.664221

-0.610999
-0.213421
0.76232
0.633806
0.0138612

-0.436443
-0.403979
-0.803939
0.67192
0.00565756

-0.566726
0.823906
0
0.467598
0.0151604

0.566726
-0.823906
0
0.31616
0.0250067

-0.637119
0.151886
-0.755652
0.138533
0.0825343

0.637119
-0.151886
0.755652
-0.744599
0.337866

-0.269448
-0.493883
0.826727
0.874221
0.000716996

0.269448
0.493883
-0.826727
-0.247201
0.070368

-0.594917
0.107854
-0.796518
0.26028
0.0206925

0.594917
-0.107854
0.796518
0.787931
0.0017044

0.713469
0.318047
-0.624346
-7.81472
15.6549

-0.713469
-0.318047
0.624346
0.920048
0.00130685

-0.976007
0.217741
0
-1.1341
0.777907

0.976007
-0.217741
0
-0.746949
0.521722

-0.0438818
-0.86553
0.498931
0.567065
0.0045025

0.0362212
0.166095
-0.985444
-1.47809
2.65035

-0.0362212
-0.166095
0.985444
-7.32912
29.9406

0.740284
0.456958
-0.493122
0.997251
1.6211e-06

0.48388
0.0465846
-0.873894
-0.533425
0.241725

-0.48388
-0.0465846
0.873894
0.167571
0.0741211

0.255603
0.899462
-0.35445
0.541699
0.0129822

-0.255603
-0.899462
0.35445
-0.00150466
0.0619028

-0.590118
0.056374
0.805347
-0.182148
0.197948

0.590118
-0.056374
-0.805347
-1.1016
0.624963

-0.114626
0.182177
-0.976561
-2.82103
1.36226

0.114626
-0.182177
0.976561
0.942253
0.000332462

-0.354091
-0.625421
0.695318
0.786696
0.00230641

0.354091
0.625421
-0.695318
-0.120217
0.0622022

0.477573
0.761056
0.438996
0.403479
0.0455244

-0.477573
-0.761056
-0.438996
-1.77771
0.985913

-0.526251
-0.760362
-0.380669
-2.51063
3.82053

0.526251
0.760362
0.380669
-2.51063
3.82053

-0.545874
0.0913724
-0.83287
0.195481
0.0460066

0.545874
-0.0913724
0.83287
0.195481
0.0460066

-0.888576
-0.45873
0
-0.26424
0.380699

0.888576
0.45873
0
-3.6077
4.78052

-0.829493
0.438654
0.345722
-2.63892
1.77536

0.829493
-0.438654
-0.345722
0.612015
0.0201888

0.137482
-0.584576
-0.799606
0.112499
0.0632561

-0.137482
0.584576
0.799606
0.0697353
0.0694944

-0.0859612
-0.222326
0.971175
0.439434
0.072178

0.0859612
0.222326
-0.971175
-5.65069
10.1581

-0.558951
-0.533939
0.634415
-0.525986
0.207082

0.558951
0.533939
-0.634415
0.389223
0.033265

0.0773394
0.265167
0.961096
0.94852
8.57326e-05

-0.0773394
-0.265167
-0.961096
0.367465
0.0089036

0.0146501
-0.0251142
0.999577
0.902776
0.00252911

0.844366
-0.291923
0.449252
0.690079
0.00556714

-0.844366
0.291923
-0.449252
-0.156603
0.0771447

-0.44859
0.304678
-0.840201
-16.794
125.626

0.44859
-0.304678
0.840201
0.871116
0.0065968

-0.344085
0.344885
-0.873304
-7.16896
15.1963

0.344085
-0.344885
0.873304
0.729952
0.0166204

-0.460902
-0.0611716
0.88534
0.590881
0.00665833

0.460902
0.0611716
-0.88534
0.507159
0.00965924

-0.857771
0.162361
0.487718
0.61545
0.0172695

-0.176648
-0.492472
0.852213
0.928429
0.00102586

0.176648
0.492472
-0.852213
-7.85799
15.6838

0.418726
-0.868729
-0.264535
0.171955
0.144299

-0.418726
0.868729
0.264535
-3.98878
5.23668

-0.0334931
-0.423602
0.905229
0.938704
0.00190497

0.0334931
0.423602
-0.905229
-23.5187
299.888

0.245055
-0.258266
0.934477
0.930249
0.000759741

-0.503179
-0.343633
0.792923
0.72375
0.00845116

0.319308
-0.0356893
0.946979
0.805402
0.00412302

-0.362104
-0.350548
0.863711
0.863124
0.00162031

0.362104
0.350548
-0.863711
-1.74503
0.62779

-0.761912
-0.263091
0.591839
0.771254
0.000665737

-0.2166
0.0245208
0.975952
0.678193
0.0171085

-0.271434
0.747062
-0.606812
-4.21022
4.39772

0.271434
-0.747062
0.606812
0.711545
0.0135409

-0.709355
0.541233
0.451533
0.706196
0.00712184

-0.45437
0.30659
-0.836392
-8.72436
23.0899

0.45437
-0.30659
0.836392
0.823782
0.00760086

-0.455534
-0.586733
-0.669502
-0.307099
0.0912478

0.455534
0.586733
0.669502
0.817034
0.00248847

0.712243
0.0568709
-0.699625
0.78888
0.00283077

-0.397466
-0.3205
0.859826
0.492519
0.0295404

0.397466
0.3205
-0.859826
-1.542
0.736573

0.480612
0.827981
-0.288894
0.990134
9.55084e-06

-0.480612
-0.827981
0.288894
-3.61378
1.97862

-0.346738
-0.921403
-0.175468
-0.402159
0.148531

-0.673677
-0.604277
0.425451
0.495037
0.00941976

0.673677
0.604277
-0.425451
0.659779
0.00428006

0.246261
-0.618614
-0.746104
-0.875134
0.283878

-0.246261
0.618614
0.746104
0.668769
0.00895082

-0.394756
-0.59793
-0.697601
-0.823735
0.27782

0.394756
0.59793
0.697601
0.613564
0.0125645

-0.139472
-0.352958
-0.925186
-0.842386
0.24096

0.447396
0.301457
0.841998
0.657544
0.0147489

-0.447396
-0.301457
-0.841998
-2.45535
1.48789

0.559008
-0.519876
0.64594
0.886926
0.000883209

-0.559008
0.519876
-0.64594
-1.25355
0.348083

-0.211881
-0.840223
0.49913
-0.563019
0.17307

0.211881
0.840223
-0.49913
0.678784
0.00734847

0.356534
-0.25118
-0.899884
-0.192256
0.102606

-0.874816
0.298248
-0.381765
-0.00343764
0.0338052

-0.111325
0.880366
0.461045
0.818053
0.00216037

0.111325
-0.880366
-0.461045
-0.772523
0.203015

0.708354
0.705857
0
0.856793
0.00123328

-0.708354
-0.705857
0
-0.711588
0.172858

0.0754185
-0.374546
-0.924136
-6.83169
10.9977

-0.0754185
0.374546
0.924136
0.928207
0.000926515

-0.208349
0.807751
0.551479
0.903902
0.000599938

0.267415
0.400107
-0.876586
0.846977
0.0007865

-0.267415
-0.400107
0.876586
0.263108
0.018202

-0.81833
0.390831
-0.42141
-0.700348
0.282539

0.81833
-0.390831
0.42141
0.341689
0.042395

-0.779555
0.623113
-0.0634437
0.660899
0.00401015

0.779555
-0.623113
0.0634437
0.544355
0.00723961

-0.215732
-0.891481
-0.398398
-0.137443
0.0760625

0.215732
0.891481
0.398398
0.664367
0.00664579

0.566043
-0.041373
-0.823337
-12.8705
63.7728

-0.566043
0.041373
0.823337
0.820886
0.0107077

0.0117088
0.538778
-0.842366
-0.909622
0.311271

0.20089
-0.747019
0.633723
0.867245
0.00334446

-0.20089
0.747019
-0.633723
-6.57849
10.873

0.115052
-0.681201
0.722999
0.945869
0.000898274

-0.629445
-0.663986
-0.403634
-0.141083
0.331724

0.629445
0.663986
0.403634
-4.63929
8.06599

0.0242311
0.718795
0.6948
0.755058
0.00392033

-0.0242311
-0.718795
-0.6948
-0.583824
0.163809

-0.381403
-0.89736
-0.221984
0.884651
0.000603516

0.240694
0.374099
0.89561
0.931791
0.000593446

0.0762398
0.701689
-0.708392
-9.01717
23.3259

-0.0762398
-0.701689
0.708392
0.896904
0.00250214

-0.0325828
-0.193855
-0.980489
-0.922479
0.573854

0.0325828
0.193855
0.980489
-0.602684
0.398856

0.622962
-0.36504
-0.691856
0.955515
5.86477e-05

-0.622962
0.36504
0.691856
0.2714
0.0124478

-0.928394
0.0827501
0.362267
-0.0561897
0.0496444

0.928394
-0.0827501
-0.362267
0.825688
0.0013639

-0.253882
-0.246727
0.935238
0.651286
0.0105368

0.253882
0.246727
-0.935238
-1.02102
0.352627

-0.168835
-0.582662
0.794984
-1.59742
0.449181

0.168835
0.582662
-0.794984
0.946405
0.000196325

0.4038
-0.562152
-0.721755
-3.50046
2.78211

-0.4038
0.562152
0.721755
0.770527
0.00725041

-0.0956579
-0.463422
0.88096
0.722579
0.0145079

0.0956579
0.463422
-0.88096
-5.39176
7.6939

-0.257162
0.114523
-0.959558
0.392336
0.0791402

0.14127
-0.58298
0.80011
0.851561
0.00309904

-0.14127
0.58298
-0.80011
-4.07326
3.55399

-0.328511
-0.898604
0.290847
0.742316
0.00752833

0.328511
0.898604
-0.290847
-2.36024
1.27806

0.370919
-0.617854
0.693308
0.592886
0.00741037

-0.370919
0.617854
-0.693308
0.382187
0.0170597

0.226426
-0.471202
0.852467
-0.79336
0.652475

-0.226426
0.471202
-0.852467
-1.87733
1.67884

-0.124186
-0.859964
-0.495015
-2.31274
1.6565

0.124186
0.859964
0.495015
0.307712
0.0724239

-0.335614
0.815981
0.470679
0.448331
0.0398722

-0.221133
0.582162
0.782424
-2.8966
1.85173

0.221133
-0.582162
-0.782424
0.777786
0.00610068

0.48379
0.118611
-0.86711
-2.6237
1.53418

-0.48379
-0.118611
0.86711
0.766707
0.00636085

-0.217007
-0.654822
-0.723959
0.836775
0.0012167

0.825803
0.563959
0
0.976261
0.00207516

-0.687545
0.542454
-0.482727
0.262892
0.0298377

0.687545
-0.542454
0.482727
0.48208
0.0147334

-0.470377
-0.550552
-0.689665
0.126909
0.0234648

0.862348
0.38246
-0.331784
-0.545759
0.195676

-0.862348
-0.38246
0.331784
0.512817
0.0194598

-0.0579661
0.685154
0.726088
0.780061
0.00214494

0.0579661
-0.685154
-0.726088
0.0724868
0.0380393

0.130772
-0.991412
0
0.582917
0.0165968

-0.130772
0.991412
0
-1.14377
0.438102

0.615226
-0.78835
0
0.464877
0.0740046

-0.615226
0.78835
0
-6.77187
15.3283

-0.165543
0.497897
0.851289
0.846025
0.00416524

0.165543
-0.497897
-0.851289
-5.70714
7.87171

-0.206353
-0.127623
0.970119
0.938606
0.000671813

-0.826104
-0.563518
0
-0.26424
0.386069

0.826104
0.563518
0
-3.6077
4.71115

-0.340178
0.566827
-0.750324
-0.920602
0.28898

0.340178
-0.566827
0.750324
0.712849
0.00648078

-0.276367
0.562131
-0.779506
-1.53458
0.541098

0.276367
-0.562131
0.779506
0.815689
0.00286837

0.216673
0.955319
-0.201042
0.584821
0.00706432

-0.216673
-0.955319
0.201042
0.484835
0.0108735

0.100667
0.983147
-0.152607
0.455404
0.0198328

-0.100667
-0.983147
0.152607
-0.0126817
0.0685651

0.225333
-0.819882
-0.526325
-0.861884
0.225353

-0.225333
0.819882
0.526325
0.836542
0.00176218

0.725564
0.308983
0.614888
0.87418
0.0012015

0.60806
0.291718
-0.738352
-0.336664
0.119513

-0.60806
-0.291718
0.738352
0.637802
0.00879736

0.463479
0.831339
-0.306697
0.973294
5.47262e-05

-0.463479
-0.831339
0.306697
-2.37746
0.867312

0.376192
-0.915055
0.145441
-0.637286
0.138169

-0.22146
-0.700883
0.678025
0.980477
3.82267e-05

0.452498
0.652802
-0.607533
-0.34898
0.120485

-0.452498
-0.652802
0.607533
0.653701
0.00799824

0.444859
0.292339
-0.846545
-1.22426
0.24535

-0.40593
0.660832
-0.631286
-0.829207
0.207195

0.40593
-0.660832
0.631286
0.857131
0.00128458

0.685082
0.0331908
-0.72771
0.187186
0.0464586

-0.685082
-0.0331908
0.72771
0.220027
0.0427803

-0.011368
0.566072
-0.824277
0.897364
0.000639722

0.298064
0.825801
0.47876
0.366936
0.0224654

-0.298064
-0.825801
-0.47876
0.366936
0.0224654

-0.0121214
0.243659
0.969785
0.957187
0.000341202

0.293159
0.729719
0.617712
0.597909
0.00520678

-0.309129
-0.853544
0.419406
0.963994
5.45217e-05

0.309129
0.853544
-0.419406
-0.48507
0.0863099

0.245862
-0.693726
-0.676976
-0.170212
0.171081

-0.245862
0.693726
0.676976
-0.685098
0.354543

-0.710614
0.222652
-0.667423
0.910632
0.000413512

0.607526
-0.477676
0.634616
0.0847905
0.123679

-0.607526
0.477676
-0.634616
-1.71457
1.08774

-0.243242
0.650659
0.719358
0.84306
0.00156123

-0.160608
-0.774414
0.611955
0.64119
0.00435287

0.143468
0.131439
0.980888
0.800571
0.00661202

-0.143468
-0.131439
-0.980888
-4.93346
5.84173

0.059297
0.605714
-0.79347
0.882122
0.000946503

0.200194
-0.0491704
0.978522
0.926729
0.000730019

0.894238
0.05579
-0.444101
0.670239
0.00382061

-0.894238
-0.05579
0.444101
0.533897
0.00760978

0.39062
-0.798516
0.458026
0.356384
0.0894727

-0.39062
0.798516
-0.458026
-4.79253
7.24657

0.504814
0.304427
-0.807767
-0.0587628
0.0788772

0.72262
-0.378339
0.578515
-1.00115
0.322462

-0.72262
0.378339
-0.578515
0.713493
0.0066118

-0.445271
0.600955
-0.663767
-2.42382
1.47968

0.445271
-0.600955
0.663767
0.634064
0.0169248

-0.811104
-0.0183587
0.584614
0.764457
0.00591729

-0.428828
0.806781
-0.406462
0.53126
0.0154167

0.428828
-0.806781
0.406462
-0.223157
0.104777

0.629467
0.423012
0.651791
-1.03452
0.606154

-0.629467
-0.423012
-0.651791
-0.327261
0.258091

0.236404
-0.279053
-0.930721
0.405894
0.0187393

0.0774904
0.186753
-0.979346
-13.5381
64.6505

-0.0774904
-0.186753
0.979346
0.94321
0.000990181

-0.27024
0.120008
0.955285
0.944276
0.00154519

0.27024
-0.120008
-0.955285
-23.5744
300.134

-0.323018
-0.288519
0.901341
0.112856
0.0731668

0.323018
0.288519
-0.901341
-0.227885
0.139931

0.941501
0.226546
-0.249503
-0.340863
0.17203

-0.941501
-0.226546
0.249503
0.141846
0.0704754

0.941425
-0.060195
0.331808
0.8804
0.000799879

-0.941425
0.060195
-0.331808
-0.353041
0.087114

-0.111899
-0.338081
0.934441
0.891993
0.00122771

0.16479
-0.0309618
-0.985843
-1.77289
0.631645

0.263921
-0.510471
0.818392
0.570924
0.0405985

-0.263921
0.510471
-0.818392
-5.86522
10.351

0.190681
-0.375932
-0.906816
0.891109
0.00185028

-0.0741974
0.948711
-0.307315
-0.372079
0.187658

0.0741974
-0.948711
0.307315
0.0868642
0.0831328

0.253722
-0.407711
0.877153
0.915236
0.00190831

-0.253722
0.407711
-0.877153
-10.8692
37.2232

0.278491
0.156105
0.947668
0.970794
0.000213026

-0.278491
-0.156105
-0.947668
-11.2736
37.5092

0.160252
0.697974
-0.697962
-0.296718
0.156457

-0.160252
-0.697974
0.697962
0.159948
0.0656721

-0.0690963
0.662922
0.745493
0.740121
0.00355172

0.0690963
-0.662922
-0.745493
-0.106926
0.0644028

-0.305339
-0.942924
-0.132903
0.988036
3.84104e-06

0.305339
0.942924
0.132903
-0.110659
0.0319977

0.471723
-0.512496
-0.717514
-0.195287
0.17487

-0.7234
0.26178
0.638877
0.819136
0.00205341

0.7234
-0.26178
-0.638877
-0.658919
0.169363

0.18426
0.91089
-0.369226
-1.12997
0.366163

-0.18426
-0.91089
0.369226
0.74943
0.00536678

-0.593545
0.00593491
0.804779
0.848276
0.00187178

0.593545
-0.00593491
-0.804779
-1.47638
0.48358

0.852533
0.404597
-0.330891
-3.74874
2.38243

-0.852533
-0.404597
0.330891
0.966278
0.00012239

0.513158
0.80379
0.300983
0.441364
0.0164074

-0.513158
-0.80379
-0.300983
0.368172
0.0209838

-0.46023
-0.737972
0.493544
0.73578
0.00344431

0.46023
0.737972
-0.493544
0.0228505
0.0467144

-0.315148
-0.181043
0.931614
0.197957
0.0422517

-0.018508
0.928599
-0.370624
0.321033
0.0151677

-0.0380597
-0.877804
0.477505
-5.35392
5.97428

0.0380597
0.877804
-0.477505
0.932668
0.000687345

-0.390203
-0.305517
0.868562
0.677729
0.00921156

0.390203
0.305517
-0.868562
-1.14006
0.400625

-0.323523
-0.63553
-0.701024
0.840703
0.000586192

0.323523
0.63553
0.701024
0.654048
0.00264274

-0.873377
-0.0487017
-0.484604
0.138979
0.0743646

0.873377
0.0487017
0.484604
-0.455132
0.21225

-0.902087
0.305635
-0.304673
-0.84361
0.458069

0.902087
-0.305635
0.304673
-0.243957
0.208548

0.450888
-0.569708
-0.687119
-2.83987
2.1378

-0.450888
0.569708
0.687119
0.553733
0.0289892

-0.26716
-0.6756
-0.687161
0.375816
0.0140903

0.26716
0.6756
0.687161
0.753754
0.00219566

0.854979
0.518663
0
0.425577
0.0372475

-0.854979
-0.518663
0
0.00188005
0.0857666

-0.356377
-0.730054
-0.58311
0.235554
0.0345012

0.356377
0.730054
0.58311
0.420102
0.019857

0.746067
0.39093
0.539035
0.5691
0.00464911

-0.746067
-0.39093
-0.539035
0.82928
0.000732195

0.234429
-0.363705
-0.901533
0.97146
2.02386e-05

-0.234429
0.363705
0.901533
0.186913
0.0151898

-0.572844
0.070237
-0.81665
-0.367683
0.199977

0.572844
-0.070237
0.81665
-0.064806
0.121219

-0.14074
-0.622695
-0.769703
-1.40508
0.522903

0.14074
0.622695
0.769703
0.725187
0.00684917

0.425607
0.538835
0.726991
0.171955
0.144317

-0.997544
0.0336069
-0.0614578
0.911758
0.000300127

0.997544
-0.0336069
0.0614578
-0.140062
0.0500408

0.230745
0.298598
-0.926065
-36.6973
1015.93

-0.230745
-0.298598
0.926065
0.977574
0.000359854

-0.756827
0.337255
0.559887
0.722142
0.0066028

0.756827
-0.337255
-0.559887
-1.19039
0.40743

-0.122785
-0.472707
0.872623
0.776186
0.00308256

0.636734
0.0483382
-0.769566
0.0464969
0.0421494

-0.636734
-0.0483382
0.769566
0.761624
0.00265055

0.592783
-0.197477
-0.780776
0.602135
0.00795525

0.504652
0.167765
0.846865
-0.258983
0.197036

-0.504652
-0.167765
-0.846865
-0.566282
0.304951

0.669013
-0.0926422
0.737454
0.857633
0.00434081

-0.669013
0.0926422
-0.737454
-7.55088
15.4912

0.36679
-0.383352
0.847648
0.840166
0.00138892

0.486569
0.542765
0.684585
0.473288
0.024425

-0.486569
-0.542765
-0.684585
-0.643935
0.236933

-0.946197
0.0195411
-0.323
0.627714
0.00676074

0.946197
-0.0195411
0.323
0.227298
0.0290718

-0.29916
0.0366388
0.953499
0.595702
0.0132832

0.29916
-0.0366388
-0.953499
-0.669771
0.223664

0.0954092
0.0949987
0.990895
0.977261
8.67818e-05

-0.56876
0.753911
0.328832
-3.58806
3.36243

0.56876
-0.753911
-0.328832
0.601004
0.0254719

0.965576
-0.260122
0
0.235673
0.0169236

-0.833876
-0.449896
0.319756
0.844264
0.00181001

0.795935
-0.345596
0.497043
0.849612
0.0026325

-0.795935
0.345596
-0.497043
-3.04699
1.8905

-0.232528
0.0694656
-0.970106
-6.15127
10.5924

0.232528
-0.0694656
0.970106
0.713948
0.0169578

-0.0306784
-0.719994
0.693302
0.743145
0.00511968

0.0306784
0.719994
-0.693302
-0.954667
0.292687

0.0444129
0.519913
-0.853064
0.403943
0.0232941

-0.0444129
-0.519913
0.853064
0.0922879
0.0540083

0.759125
-0.299974
0.577706
-0.320235
0.520737

-0.759125
0.299974
-0.577706
-5.68369
13.3456

-0.146145
0.83663
0.527913
0.273969
0.0255872

0.146145
-0.83663
-0.527913
0.598221
0.00783707

-0.577392
-0.514265
0.634153
0.689834
0.00262128

0.577392
0.514265
-0.634153
0.694738
0.00253918

-0.889567
-0.456804
0
0.23365
0.0581744

0.889567
0.456804
0
-0.38377
0.180644

-0.228916
0.310641
0.922551
0.88778
0.00133521

0.228916
-0.310641
-0.922551
-2.88304
1.59109

-0.359304
0.293449
-0.885883
-7.76648
15.6214

0.359304
-0.293449
0.885883
0.910102
0.00168551

0.744178
0.506267
0.435767
0.535095
0.016691

-0.744178
-0.506267
-0.435767
-0.352441
0.136381

-0.571633
0.820509
0
0.953959
0.0017055

-0.948163
-0.317784
0
0.864841
0.00237758

0.948163
0.317784
0
-0.723965
0.176075

-0.281275
0.323844
0.903332
-1.45264
0.299765

0.281275
-0.323844
-0.903332
0.993949
4.84107e-06

-0.683434
0.175186
-0.70868
-1.46693
0.649109

0.683434
-0.175186
0.70868
0.558434
0.0208246

-0.0375678
-0.957504
0.285963
-7.98298
15.7409

0.0375678
0.957504
-0.285963
0.949841
0.00049521

-0.139844
-0.332051
0.932837
0.918986
0.00332379

-0.073265
0.407795
-0.910129
-22.9893
298.64

0.073265
-0.407795
0.910129
0.871562
0.00856763

-0.228087
0.14284
0.963106
0.79616
0.00209443

-0.199643
-0.979869
0
0.8923
0.000196293

0.108566
-0.00285743
-0.994085
-1.58369
0.405565

-0.108566
0.00285743
0.994085
0.97034
7.11917e-05

0.425904
-0.438887
-0.791191
0.654816
0.0176238

-0.0212882
0.720317
0.693318
0.541645
0.00552172

0.0212882
-0.720317
-0.693318
0.936526
0.00036697

-0.77054
0.565204
-0.294639
0.722123
0.00381965

0.77054
-0.565204
0.294639
0.0330811
0.0462346

-0.341121
-0.423473
-0.83923
-2.32231
1.11427

0.341121
0.423473
0.83923
0.834
0.00278605

0.250899
-0.272292
0.928928
0.976113
0.000276627

0.171049
0.88137
0.440374
-0.012028
0.0522973

-0.171049
-0.88137
-0.440374
0.719659
0.00401899

-0.776378
-0.393274
-0.492516
0.582817
0.0121008

0.776378
0.393274
0.492516
-0.296905
0.116538

-0.443291
-0.402473
-0.800942
-2.33637
1.4526

0.443291
0.402473
0.800942
0.563505
0.0250122

0.302031
0.429559
-0.851033
-1.39778
1.09172

-0.468826
-0.852496
-0.231201
0.0340074
0.0411306

0.468826
0.852496
0.231201
0.801167
0.00182641

-0.648913
0.723338
0.235998
0.0717084
0.118126

0.648913
-0.723338
-0.235998
-1.37641
0.774017

-0.265462
-0.815132
-0.514868
0.817006
0.0011763

0.265462
0.815132
0.514868
0.288214
0.0177132

0.394528
0.555942
0.731626
0.931434
0.0002476

-0.394528
-0.555942
-0.731626
-0.644553
0.130045

0.989743
0.142858
0
-0.337834
0.0861061

-0.989743
-0.142858
0
0.869723
0.000845268

-0.783398
0.192971
0.590804
0.561493
0.0157881

0.783398
-0.192971
-0.590804
-0.642685
0.220593

0.145219
-0.645128
-0.750148
-4.71221
5.7242

-0.145219
0.645128
0.750148
0.70001
0.0158858

0.181913
-0.305302
0.934718
0.732004
0.00723774

-0.181913
0.305302
-0.934718
-1.81
0.792153

-0.371689
-0.586498
-0.71963
-0.714727
0.426906

0.371689
0.586498
0.71963
-0.574795
0.360113

0.0947981
-0.730573
-0.676222
-0.860705
0.209377

-0.0947981
0.730573
0.676222
0.876324
0.000957345

-0.201523
-0.904341
0.376239
-0.561864
0.388464

0.201523
0.904341
-0.376239
-1.06554
0.679352

-0.726787
-0.18178
0.662372
0.214358
0.0369149

0.726787
0.18178
-0.662372
0.425891
0.019754

-0.025696
-0.196994
-0.980068
-5.00502
5.8752

0.025696
0.196994
0.980068
0.828022
0.00482494

0.635159
0.0375661
0.771468
-1.9198
0.910702

-0.635159
-0.0375661
-0.771468
0.696168
0.00988616

0.836997
0.192978
0.51205
0.535168
0.0205353

-0.836997
-0.192978
-0.51205
-1.00511
0.381039

0.215428
0.886258
0.410046
0.118675
0.0444327

-0.215428
-0.886258
-0.410046
0.545265
0.0118517

-0.617561
-0.63313
0.466652
0.538391
0.0161089

0.617561
0.63313
-0.466652
-0.402158
0.148536

0.544175
-0.629006
0.55518
-0.819809
0.238782

-0.544175
0.629006
-0.55518
0.752148
0.00443042

-0.411313
0.40103
0.818533
0.722579
0.0145198

-0.943433
-0.190776
0.271181
0.348026
0.0437815

0.943433
0.190776
-0.271181
-0.867193
0.358938

-0.618375
-0.219016
-0.754748
0.978961
1.82971e-05

0.198679
0.598114
-0.776393
0.591116
0.0206143

-0.198679
-0.598114
0.776393
-2.15497
1.22537

0.887196
-0.211324
-0.410153
0.726289
0.00789736

-0.886192
-0.364899
0.285503
0.412451
0.00716869

0.313545
0.48784
0.814679
-0.609036
0.202336

-0.313545
-0.48784
-0.814679
0.597741
0.0126537

-0.930951
-0.365144
0
0.821672
0.00799459

0.930951
0.365144
0
-5.63558
7.61554

0.338387
-0.613368
0.713634
0.692304
0.00236536

0.457524
-0.71774
0.524902
0.575929
0.0142461

-0.457524
0.71774
-0.524902
-0.591918
0.200568

-0.372444
0.384229
-0.84478
-10.6266
36.9976

0.372444
-0.384229
0.84478
0.866532
0.00487718

0.859166
0.197543
0.472028
0.120278
0.080006

-0.859166
-0.197543
-0.472028
-0.510492
0.23572

-0.419273
0
-0.90786
-0.82462
0.257757

0.419273
0
0.90786
0.691846
0.00748122

0.786371
0.617754
0
-0.0422878
0.0965687

-0.786371
-0.617754
0
0.0593312
0.0789371

0.329447
-0.16732
0.92923
0.953361
0.00109732

-0.329447
0.16732
-0.92923
-23.6719
300.189

-0.92181
-0.295619
-0.250749
0.976076
1.0886e-05

0.92181
0.295619
0.250749
0.345037
0.00799287

0.56375
0.235816
-0.791565
0.917578
0.000722585

-0.56375
-0.235816
0.791565
-2.97105
1.60543

0.302462
0.033709
-0.952565
0.660576
0.0019156

-0.302462
-0.033709
0.952565
0.91327
0.000125332

-0.037594
0.140854
0.989316
0.997726
3.3535e-07

-0.898658
-0.096747
-0.427847
-3.20704
2.26415

0.898658
0.096747
0.427847
0.789133
0.00569375

0.667261
-0.438499
-0.602065
0.000100851
0.107412

-0.667261
0.438499
0.602065
-0.456457
0.227749

-0.124881
-0.633953
-0.763222
-17.4406
126.579

0.124881
0.633953
0.763222
0.959163
0.000635303

0.415864
-0.0401894
-0.908538
0.992703
3.15337e-05

-0.741992
0.220199
0.633214
0.445667
0.0184572

-0.392541
-0.384215
-0.835638
-3.16172
2.64951

0.392541
0.384215
0.835638
0.558845
0.0299404

-0.529651
-0.585738
0.613499
0.34749
0.0854617

0.529651
0.585738
-0.613499
-4.18236
5.3825

0.841011
-0.382633
-0.382482
0.393077
0.0229456

-0.841011
0.382633
0.382482
0.187737
0.0410924

0.0386084
0.893643
0.447115
-0.294223
0.166322

-0.0386084
-0.893643
-0.447115
0.0319293
0.093086

0.822128
-0.398886
0.406197
0.794659
0.00931064

-0.822128
0.398886
-0.406197
-7.34518
15.3446

0.498347
-0.840713
0.21178
0.811598
0.000817364

0.582897
-0.325338
-0.744571
-13.8188
64.8809

-0.582897
0.325338
0.744571
0.973393
0.000209718

0.0865099
-0.644061
0.760067
0.749241
0.00261276

0.867602
0.307845
-0.39051
0.998547
1.46699e-06

-0.867602
-0.307845
0.39051
-37.3804
1016.98

-0.353685
0.0896724
0.931056
-0.0422904
0.0953069

-0.424415
0.32551
-0.844935
0.091611
0.0647497

0.424415
-0.32551
0.844935
0.13243
0.0590655

-0.946522
0.00644105
0.322576
0.301768
0.0246598

0.637148
-0.0865901
0.765862
-0.734964
0.247741

-0.637148
0.0865901
-0.765862
0.593792
0.0136084

0.860467
0.209952
0.464239
-35.9378
1013.3

-0.860467
-0.209952
-0.464239
0.923682
0.00432817

-0.439489
0.528967
-0.725978
-0.918641
0.338535

0.439489
-0.528967
0.725978
0.537625
0.0197743

0.827106
-0.482024
-0.289046
-10.5173
36.8761

-0.827106
0.482024
0.289046
0.84059
0.00707239

0.657882
-0.0618379
0.750578
0.712672
0.00881578

-0.657882
0.0618379
-0.750578
-1.94223
0.91501

0.562279
-0.6256
-0.540802
-5.3442
7.66163

-0.562279
0.6256
0.540802
0.70018
0.0171627

-0.48956
0.272415
0.828324
-3.17127
2.25164

0.48956
-0.272415
-0.828324
0.770865
0.00688528

0.698087
0.142791
0.70163
-2.02218
0.930927

-0.698087
-0.142791
-0.70163
0.766806
0.00560746

-0.418716
-0.417823
-0.806288
-0.325528
0.327098

0.418716
0.417823
0.806288
-2.11645
1.80767

-0.617729
0.478327
0.624191
0.712427
0.0213499

0.617729
-0.478327
-0.624191
-8.39013
22.7461

-0.168561
-0.985691
0
-2.83987
2.13867

0.168561
0.985691
0
0.553733
0.028904

-0.446076
0.817863
-0.363477
0.723427
0.00290006

0.446076
-0.817863
0.363477
0.383232
0.0143609

-0.141593
-0.710292
-0.68952
-12.8377
63.7484

0.141593
0.710292
0.68952
0.812903
0.0116675

0.839834
-0.364143
0.40259
0.549821
0.0279613

-0.839834
0.364143
-0.40259
-2.561
1.74896

-0.648967
-0.113412
0.752316
0.835393
0.00897253

0.648967
0.113412
-0.752316
-12.9324
63.8746

-0.136986
-0.864651
0.483336
0.527783
0.0282762

0.136986
0.864651
-0.483336
-2.08399
1.20544

0.487971
-0.803343
0.341356
0.0638311
0.0608158

-0.487971
0.803343
-0.341356
0.349885
0.0293426

0.468397
0.303631
0.829706
-0.19095
0.24799

-0.468397
-0.303631
-0.829706
-1.95209
1.49387

-0.259352
0.205484
0.94367
0.950372
0.000252937

0.217718
0.438068
-0.872178
0.9786
2.50204e-05

-0.217718
-0.438068
0.872178
-1.12706
0.222808

-0.626458
-0.242008
-0.740934
-0.527443
0.238264

0.626458
0.242008
0.740934
0.155439
0.0729704

-0.7172
-0.254815
0.648609
-1.28754
0.504307

0.7172
0.254815
-0.648609
0.621479
0.0138896

-0.481639
-0.23907
0.843131
-1.12496
0.365693

0.481639
0.23907
-0.843131
0.745384
0.00534791

0.167193
-0.608427
-0.775798
0.0387576
0.115683

-0.167193
0.608427
0.775798
-0.978822
0.489477

0.0430618
0.829406
-0.556984
-0.683301
0.326804

-0.0430618
-0.829406
0.556984
0.0156457
0.111833

0.409732
0.249719
0.87736
0.868454
0.000940573

-0.409732
-0.249719
-0.87736
-0.447404
0.107045

-0.198066
0.354401
-0.913876
-0.414533
0.333162

0.198066
-0.354401
0.913876
-1.4349
0.985577

0.0325052
-0.731796
-0.680748
0.487178
0.0193268

-0.688767
0.533697
0.49068
0.346839
0.0231275

0.688767
-0.533697
-0.49068
0.424755
0.0179414

0.626714
-0.655282
0.421705
0.460068
0.031442

-0.587683
-0.668319
-0.456046
-0.219169
0.116653

0.587683
0.668319
0.456046
0.381687
0.0300293

-0.808064
0.384071
0.446679
0.367427
0.019753

-0.194424
0.316098
0.928591
0.535483
0.0315535

0.194424
-0.316098
-0.928591
-2.8173
2.12996

0.521179
-0.0691149
0.850644
0.390261
0.0223038

-0.521179
0.0691149
-0.850644
0.247234
0.0339898

-0.586502
-0.46323
0.664404
0.545264
0.0119105

0.309086
-0.18741
-0.932386
-0.714727
0.426958

-0.309086
0.18741
0.932386
-0.574795
0.360185

0.360053
-0.551416
0.75253
-0.625291
0.190702

-0.360053
0.551416
-0.75253
0.685344
0.00723569

0.560022
0.356912
0.747655
-0.622555
0.270949

-0.560022
-0.356912
-0.747655
0.204946
0.0651941

-0.46125
0.878252
-0.126181
0.402478
0.0288823

0.46125
-0.878252
0.126181
-0.318931
0.140708

-0.477106
-0.234901
0.846871
-2.0368
0.738019

0.477106
0.234901
-0.846871
0.92607
0.000445324

-0.377528
0.267303
-0.886579
-6.2943
10.6876

0.377528
-0.267303
0.886579
0.772842
0.0104709

0.459388
0.852854
0.248199
0.871336
0.000798186

-0.459388
-0.852854
-0.248199
-0.340079
0.0861099

-0.986052
-0.0653761
-0.153061
-2.75444
1.81208

0.986052
0.0653761
0.153061
0.693518
0.0120793

0.139633
0.898505
-0.416162
-0.663712
0.207853

-0.139633
-0.898505
0.416162
0.662043
0.0086053

0.386551
-0.68127
0.621651
-1.24042
0.496442

-0.386551
0.68127
-0.621651
0.573391
0.0180049

0.974399
-0.212846
-0.0724059
-0.42241
0.0893007

-0.974399
0.212846
0.0724059
0.922086
0.000268174

0.299317
0.888771
-0.347125
0.543124
0.0232893

-0.299317
-0.888771
0.347125
-1.59
0.747548

0.190718
-0.129538
0.97306
-0.0450566
0.112572

-0.190718
0.129538
-0.97306
-0.291184
0.171664

-0.0826354
-0.292836
-0.952585
0.0594509
0.100947

0.0826354
0.292836
0.952585
-0.704406
0.330725

-0.575198
-0.472679
-0.667625
-1.9122
1.0225

0.575198
0.472679
0.667625
0.543706
0.0251139
