
-0.246361
0.664619
0.7054
0.786942
0.0100605

0.246361
-0.664619
-0.7054
-7.32261
15.327

-0.49404
0.869439
0
0.972094
0.000189894

0.49404
-0.869439
0
-2.21127
0.744114

-0.828896
0.355706
0.431747
0.434606
0.0113162

0.828896
-0.355706
-0.431747
0.733586
0.00252861

-0.623614
0.154047
0.766404
0.69642
0.00588806

-0.861481
-0.44635
0.242122
0.433585
0.0213649

0.861481
0.44635
-0.242122
0.0263247
0.0631085

0.094965
0.901258
-0.422748
0.924502
0.00219489

-0.094965
-0.901258
0.422748
-17.1382
126.214

-0.618049
-0.723529
0.307443
-1.10382
0.333863

0.618049
0.723529
-0.307443
0.79637
0.0031384

0.399264
-0.188787
0.897189
0.956502
0.000172879

0.248676
-0.811187
-0.529279
0.988841
8.98111e-06

-0.972348
-0.0233526
-0.232364
0.939615
0.000160201

-0.256342
0.499129
-0.827743
-1.04895
0.505095

0.256342
-0.499129
0.827743
0.163666
0.0843607

-0.0526409
-0.20857
-0.97659
-15.8949
123.41

0.0526409
0.20857
0.97659
0.655207
0.0514017

-0.416748
-0.18632
0.889723
0.89926
0.00118192

-0.247431
0.471799
-0.846276
0.892449
0.000695711

0.247431
-0.471799
0.846276
-0.770327
0.176492

0.608618
0.20057
-0.767695
-1.77973
0.78622

-0.608618
-0.20057
0.767695
0.709855
0.00865964

0.413744
-0.671733
0.614485
-0.09989
0.0704302

-0.413744
0.671733
-0.614485
0.654536
0.00696595

0.745951
-0.409751
0.525035
0.489277
0.0159203

-0.745951
0.409751
-0.525035
0.101292
0.0491814

-0.62952
0.167764
0.758656
-1.28483
0.459301

0.62952
-0.167764
-0.758656
0.716719
0.00707002

-0.502018
0.832114
-0.235721
0.992695
8.80795e-06

-0.809852
-0.0586614
-0.583694
-1.26841
0.417268

0.809852
0.0586614
0.583694
0.782676
0.00387092

0.455261
-0.469165
0.756718
0.690414
0.0108065

-0.455261
0.469165
-0.756718
-2.0873
1.06496

-0.499087
0.28754
-0.817455
-13.0918
64.1007

0.499087
-0.28754
0.817455
0.869713
0.00553223

0.154765
-0.429216
0.889844
0.903632
0.000834343

-0.818143
-0.356329
-0.451299
-0.270349
0.074953

0.818143
0.356329
0.451299
0.868548
0.00081726

0.37539
-0.160549
0.912856
0.896062
0.00148436

-0.37539
0.160549
-0.912856
-4.2055
3.59277

-0.456628
0.327163
-0.827318
0.709626
0.00444533

0.456628
-0.327163
0.827318
-0.00457847
0.0521695

-0.931636
0.363393
0
-0.170212
0.176121

0.931636
-0.363393
0
-0.685098
0.357297

0.729334
0.548307
-0.409184
-2.34186
1.66802

-0.729334
-0.548307
0.409184
0.339884
0.0651366

0.782248
0.0187579
0.622685
0.463653
0.030068

-0.782248
-0.0187579
-0.622685
-1.14538
0.479552

0.606473
0.336809
-0.720243
0.0547934
0.195727

-0.606473
-0.336809
0.720243
-3.86385
5.07883

-0.0409908
0.281053
0.958817
0.648937
0.0223234

0.0409908
-0.281053
-0.958817
-4.61701
5.66736

0.46011
0.162647
-0.872837
-4.72102
4.59863

-0.46011
-0.162647
0.872837
0.910609
0.00112527

-0.379745
0.0232358
0.9248
-0.425858
0.277893

0.379745
-0.0232358
-0.9248
-0.673392
0.382602

-0.574795
0.422557
-0.700755
-23.8028
300.484

0.574795
-0.422557
0.700755
0.964233
0.00063562

0.475575
0.32811
-0.816194
0.851815
0.000298941

0.0395285
-0.921603
0.386115
-3.32848
2.71931

-0.0395285
0.921603
-0.386115
0.673824
0.0154691

0.383169
-0.462154
0.799747
0.429798
0.0396881

-0.383169
0.462154
-0.799747
-1.63574
0.844284

0.847306
0.531105
0
0.356386
0.0368172

-0.847306
-0.531105
0
0.356386
0.0368172

0.314435
0.462769
0.82884
0.824095
0.00385927

-0.808627
-0.588321
0
0.458316
0.017582

0.808627
0.588321
0
0.3484
0.0247177

-0.323263
-0.220245
0.920322
-0.224031
0.0851272

0.323263
0.220245
-0.920322
0.732604
0.00417091

0.798944
-0.286871
-0.528576
0.876172
0.000485188

-0.798944
0.286871
0.528576
0.259176
0.0172083

-0.125993
0.599574
-0.790339
0.669039
0.00461754

0.125993
-0.599574
0.790339
0.345933
0.0180073

0.376075
-0.519725
0.767107
0.65057
0.00854002

-0.376075
0.519725
-0.767107
-0.436815
0.142779

0.816347
0.0504083
0.575358
0.454582
0.0131312

-0.816347
-0.0504083
-0.575358
0.544779
0.00915109

0.169271
0.746027
-0.644043
-0.703308
0.227174

-0.169271
-0.746027
0.644043
0.635357
0.0104842

0.766508
0.0445918
0.640685
-0.282421
0.15491

-0.766508
-0.0445918
-0.640685
0.127153
0.0718321

-0.446647
-0.185625
0.875243
0.890084
0.00326696

0.446647
0.185625
-0.875243
-10.7365
37.1024

0.30874
-0.520182
0.796298
0.747712
0.00473337

-0.30874
0.520182
-0.796298
-0.884875
0.263911

-0.707934
0.194476
-0.678976
-0.897301
0.245794

0.707934
-0.194476
0.678976
0.813966
0.00241047

0.375184
-0.572124
-0.729322
-1.72588
0.866952

-0.375184
0.572124
0.729322
0.526752
0.0261453

-0.115625
0.408231
0.905527
-0.229034
0.131795

0.115625
-0.408231
-0.905527
0.222328
0.052776

-0.0335736
-0.516954
-0.855354
-0.105203
0.197808

0.0335736
0.516954
0.855354
-1.78784
1.25672

0.270963
0.943434
0.191078
0.888723
0.000457328

-0.270963
-0.943434
-0.191078
0.0210105
0.035227

-0.102895
0.78606
-0.609526
0.965862
0.000111723

0.102895
-0.78606
0.609526
-2.92473
1.37488

-0.490543
-0.116843
0.863548
0.5912
0.0239531

0.490543
0.116843
-0.863548
-2.3695
1.44656

-0.0645857
-0.499296
0.864021
0.661255
0.00768022

0.0645857
0.499296
-0.864021
-0.354975
0.121024

0.227439
-0.973792
0
0.981407
3.80763e-05

0.620612
0.451167
-0.641318
-0.281408
0.145612

-0.620612
-0.451167
0.641318
0.234864
0.0519936

-0.911827
0.040247
-0.408597
0.826636
0.00320192

0.911827
-0.040247
0.408597
-2.51063
1.31126

0.316575
-0.387917
-0.865621
0.580299
0.0102891

-0.316575
0.387917
0.865621
0.0292577
0.0550202

0.0066539
0.785375
-0.618984
0.844045
0.00341548

-0.0066539
-0.785375
0.618984
-4.05331
3.54871

-0.537924
0.448389
-0.713853
-0.338882
0.142758

0.537924
-0.448389
0.713853
0.43754
0.0252959

0.438671
0.0322294
0.89807
0.896904
0.00252039

-0.438671
-0.0322294
-0.89807
-9.01717
23.3184

0.444023
-0.532377
0.720707
0.803072
0.000579458

-0.444023
0.532377
-0.720707
0.863458
0.000281906

0.130655
-0.263547
0.955757
0.953946
0.000217766

-0.130655
0.263547
-0.955757
-3.3781
1.95356

0.160991
0.387671
0.90763
-0.149321
0.559031

-0.160991
-0.387671
-0.90763
-10.7689
58.5627

-0.462134
0.559163
0.688308
-0.685654
0.280363

0.462134
-0.559163
-0.688308
0.317377
0.046007

0.756901
0.20291
0.621231
0.867478
0.000860291

-0.756901
-0.20291
-0.621231
-0.301073
0.080211

-0.592971
-0.564012
-0.574696
0.273969
0.0255899

0.592971
0.564012
0.574696
0.598221
0.00783894

-0.481331
-0.636806
-0.602327
-2.33605
0.863633

0.481331
0.636806
0.602327
0.964992
0.000102799

-0.0839175
-0.213376
0.973359
0.705277
0.00342979

0.0839175
0.213376
-0.973359
0.361207
0.0161102

0.807816
0.259299
-0.529336
-2.96222
3.23173

-0.807816
-0.259299
0.529336
-0.188214
0.290887

-0.675931
0.0175624
0.736756
-0.369855
0.17554

0.675931
-0.0175624
-0.736756
0.204802
0.0591653

0.0131541
0.604871
-0.796215
-5.23811
7.59216

-0.0131541
-0.604871
0.796215
0.646366
0.0244131

0.255091
0.670248
0.696919
0.712067
0.00580503

-0.422272
-0.734356
0.531421
0.970197
0.000640006

0.422272
0.734356
-0.531421
-36.5588
1015.56

0.781786
0.623547
0
-2.92298
2.10793

-0.781786
-0.623547
0
0.616895
0.0257975

0.20593
-0.665391
-0.717529
-5.1787
7.54678

-0.20593
0.665391
0.717529
0.613831
0.0295938

-0.568025
0.387033
0.726328
0.633825
0.00628946

0.568025
-0.387033
-0.726328
0.285548
0.0237236

-0.0542078
-0.848618
-0.526222
-0.0259104
0.0764673

0.338711
0.62133
0.706558
0.809799
0.0043278

0.759529
-0.206158
0.616939
0.783961
0.00854836

0.28974
-0.714577
-0.636735
-8.14942
15.8064

-0.28974
0.714577
0.636735
0.972149
0.000147227

0.178201
-0.388337
0.904123
0.881042
0.005585

-0.178201
0.388337
-0.904123
-16.8512
125.741

-0.282097
0.745339
-0.604062
0.8303
0.00118767

-0.483846
-0.875153
0
0.0593312
0.0774431

0.483846
0.875153
0
-0.0422878
0.0950721

0.4192
0.818019
-0.393847
0.0600314
0.106455

-0.4192
-0.818019
0.393847
-0.886449
0.42873

0.729399
0.684088
0
0.841576
0.00121686

0.312481
0.00859266
0.949885
0.948888
0.000257212

0.168298
0.883296
0.437565
0.537625
0.0197012

-0.168298
-0.883296
-0.437565
-0.918641
0.338519

0.619481
0.0590028
0.782791
0.851806
0.00611724

-0.584501
0.661367
0.470055
0.403317
0.0204909

0.584501
-0.661367
-0.470055
0.294046
0.0286656

-0.918827
0.388918
-0.0670783
0.904782
0.000365503

0.918827
-0.388918
0.0670783
-0.179291
0.0559994

-0.283963
-0.166086
-0.944341
0.72375
0.00839198

-0.522054
0.154547
-0.838794
-0.640586
0.157373

0.522054
-0.154547
0.838794
0.844678
0.00141731

-0.59064
-0.635294
-0.497539
0.356386
0.0236098

0.59064
0.635294
0.497539
0.356386
0.0236098

0.322574
0.00138037
0.946543
-0.0837163
0.0729336

-0.322574
-0.00138037
-0.946543
0.583799
0.0107729

0.57804
-0.127964
0.805912
-1.32242
0.618697

-0.57804
0.127964
-0.805912
0.392078
0.042404

-0.327581
0.760507
0.560643
0.546503
0.0336241

0.327581
-0.760507
-0.560643
-3.5108
3.32581

0.338873
0.066497
0.938479
0.922955
0.000161462

-0.697105
0.608229
-0.379609
-0.270787
0.0971665

0.697105
-0.608229
0.379609
0.704334
0.00527987

0.926799
-0.375557
0
-1.99848
1.33818

-0.926799
0.375557
0
0.204256
0.0943074

-0.393901
-0.258853
0.881951
0.945058
0.000180347

0.393901
0.258853
-0.881951
-0.884869
0.182345

0.82044
0.258897
0.509755
0.354232
0.0314127

-0.82044
-0.258897
-0.509755
-0.0913467
0.0895976

-0.998387
-0.0225545
0.0521008
-0.0817021
0.0846604

0.998387
0.0225545
-0.0521008
0.400818
0.0259838

0.476241
0.872145
0.112059
0.947528
0.000242759

-0.476241
-0.872145
-0.112059
-2.6286
1.16041

0.243141
-0.82895
0.50371
0.437092
0.0139619

-0.0680439
-0.288686
-0.955003
-16.8782
125.713

0.0680439
0.288686
0.955003
0.88558
0.0052127

0.203069
0.424464
0.882379
0.387731
0.0172079

-0.08317
-0.697358
0.711881
0.684189
0.00375947

-0.915273
0.243936
0.320578
0.180996
0.044937

0.915273
-0.243936
-0.320578
0.299953
0.0328375

-0.0751605
-0.287849
0.954722
0.702947
0.0135666

0.144366
-0.119194
0.982319
0.98716
4.0002e-05

0.619937
0.416635
0.664901
0.765958
0.00933901

-0.619937
-0.416635
-0.664901
-4.85105
5.79886

-0.550191
0.144642
-0.822416
0.25204
0.058147

0.550191
-0.144642
0.822416
-0.724725
0.308946

0.228452
-0.180281
0.956717
0.904399
0.000948696

-0.175418
0.803654
0.568656
0.448329
0.0399457

0.505891
-0.553603
-0.661512
-7.19698
15.2208

-0.505891
0.553603
0.661512
0.740934
0.0152205

-0.656146
-0.383677
-0.649818
-2.60128
1.52835

0.656146
0.383677
0.649818
0.753663
0.00716589

0.104008
-0.602002
0.791691
0.715409
0.00700462

-0.104008
0.602002
-0.791691
-1.18243
0.406343

0.388544
0.30575
0.869224
-6.35561
19.3201

-0.388544
-0.30575
-0.869224
-0.838898
1.20814

-0.650529
-0.714568
-0.257303
0.429672
0.0201613

0.650529
0.714568
0.257303
0.151125
0.0446471

-0.0359089
0.0181074
0.999191
0.130662
0.0682053

0.0359089
-0.0181074
-0.999191
-0.0328006
0.0943404

0.666838
0.314626
0.675527
0.712084
0.0106137

-0.666838
-0.314626
-0.675527
-2.78343
1.81992

-0.362421
-0.401515
-0.841092
0.85122
0.00430001

0.370845
-0.810092
-0.45412
-3.27099
2.6964

-0.370845
0.810092
0.45412
0.636668
0.0195554

-0.490381
-0.436051
0.754577
-0.471117
0.247021

0.490381
0.436051
-0.754577
-0.126326
0.144891

0.276866
-0.903906
0.326035
0.258817
0.041435

-0.276866
0.903906
-0.326035
0.0451338
0.0684798

0.156365
0.795955
-0.584813
0.509215
0.00453839

-0.167
0.465219
0.8693
0.990722
4.94692e-06

0.686696
-0.328564
0.648456
0.920172
0.00474376

0.228719
-0.789922
-0.568955
-6.12429
10.5688

-0.228719
0.789922
0.568955
0.701928
0.0185572

-0.746026
-0.343869
0.570262
0.921933
0.00308008

-0.886691
0.125586
-0.444979
0.946472
0.00108206

0.886691
-0.125586
0.444979
-17.3182
126.479

0.164995
0.395079
0.903709
0.861866
0.00403573

-0.164995
-0.395079
-0.903709
-7.56642
15.5106

0.148177
0.654341
0.74154
0.731476
0.00190811

-0.69869
-0.304969
-0.647167
-0.884875
0.263936

0.69869
0.304969
0.647167
0.747712
0.00478458

0.697895
-0.548619
0.460391
-0.79432
0.488185

-0.697895
0.548619
-0.460391
-0.64169
0.408683

-0.362292
0.684022
0.633134
0.646098
0.0157852

-0.134319
-0.784653
-0.605209
0.92167
0.000142691

0.494667
-0.0399897
0.868162
0.581649
0.00554383

-0.494667
0.0399897
-0.868162
0.713276
0.00264574

0.79011
-0.576395
0.208555
0.562468
0.0116673

-0.426146
0.597401
-0.679347
0.57759
0.00815523

0.426146
-0.597401
0.679347
0.388787
0.0169975

-0.430283
-0.350149
0.832017
0.0634379
0.204285

0.30519
0.118699
-0.944865
-10.8692
37.1981

-0.30519
-0.118699
0.944865
0.915236
0.00194313

0.824275
0.0358798
0.565051
0.635357
0.0104668

-0.824275
-0.0358798
-0.565051
-0.703308
0.22716

0.857946
-0.255495
0.445703
0.879055
0.00178218

-0.857946
0.255495
-0.445703
-2.8599
1.57978

-0.403248
-0.80858
-0.428474
0.868612
0.00101736

-0.26466
0.0796261
0.961049
0.767447
0.00606592

0.26466
-0.0796261
-0.961049
-1.06531
0.329121

0.192801
0.500414
-0.844046
-2.86168
2.14561

-0.192801
-0.500414
0.844046
0.570922
0.0266557

0.226061
0.573643
0.787293
0.834499
0.00769912

-0.226061
-0.573643
-0.787293
-10.4931
36.8305

0.234973
0.125728
0.963836
-0.587524
0.164418

0.210093
-0.578571
0.788109
-0.0352268
0.058816

-0.480421
-0.791629
0.377516
0.455348
0.00853085

0.761084
0.648654
0
-1.2184
0.721757

-0.761084
-0.648654
0
-0.217246
0.229432

-0.077558
0.256962
-0.963304
-7.9941
15.7306

0.077558
-0.256962
0.963304
0.951551
0.000483845

0.524475
-0.6641
-0.53282
0.397686
0.018279

-0.524475
0.6641
0.53282
0.464555
0.014456

-0.353405
-0.562773
-0.747256
0.476105
0.0178655

0.353405
0.562773
0.747256
0.00550282
0.0643583

0.163167
0.958929
0.232015
0.320672
0.0175526

0.222443
-0.130695
-0.966146
0.75171
0.0077793

-0.222443
0.130695
0.966146
-2.84949
1.83802

0.98043
0.186282
-0.0636875
-0.707281
0.172547

-0.98043
-0.186282
0.0636875
0.853922
0.00126856

-0.449434
-0.891216
-0.0611771
-0.268692
0.23255

0.449434
0.891216
0.0611771
-1.06083
0.613602

0.893227
-0.384599
0.23287
0.732043
0.00501331

0.779153
0.385177
-0.49453
0.864787
0.00592676

-0.186189
-0.586302
0.788405
0.701512
0.00297093

0.186189
0.586302
-0.788405
0.533612
0.00724702

0.525563
0.570692
-0.630947
-0.929841
0.198355

0.112385
0.758954
0.641372
0.495574
0.0181851

-0.112385
-0.758954
-0.641372
-0.0333413
0.0718877

0.521625
0.853175
0
0.752263
0.00670028

0.122645
0.915878
-0.382265
-1.13206
0.523017

-0.122645
-0.915878
0.382265
0.295089
0.0572142

-0.51318
-0.0577999
0.856333
0.881053
0.000568443

-0.65874
-0.471431
0.586357
0.705536
0.0123912

0.65874
0.471431
-0.586357
-3.38091
2.73949

-0.0236577
0.701185
0.712587
0.972282
0.000125863

0.970858
-0.134541
-0.198329
0.931118
0.00181299

-0.201212
-0.892506
0.403666
0.204048
0.0621034

0.201212
0.892506
-0.403666
-0.486661
0.216525

-0.236793
0.81482
0.529147
-4.0709
8.1884

0.236793
-0.81482
-0.529147
-1.43043
1.88125

0.486387
-0.392311
-0.780718
-4.91792
5.83071

-0.486387
0.392311
0.780718
0.794292
0.00711918

0.729478
-0.369509
-0.575609
-0.471116
0.154636

-0.729478
0.369509
0.575609
0.632219
0.00966705

-0.113642
0.532389
0.838837
-1.17437
0.484762

0.113642
-0.532389
-0.838837
0.499024
0.0258996

0.0417245
-0.681742
-0.730402
0.97502
9.46765e-05

-0.0417245
0.681742
0.730402
-5.61477
6.06847

0.46222
0.88601
-0.0365975
0.93814
0.000235104

-0.46222
-0.88601
0.0365975
-1.2871
0.321252

-0.417807
-0.0399141
-0.907659
-1.3143
0.559444

0.417807
0.0399141
0.907659
0.529312
0.0233303

0.109963
-0.578888
-0.807959
-6.4622
10.8061

-0.109963
0.578888
0.807959
0.832101
0.00547319

-0.125779
-0.982441
0.137804
0.560714
0.00973096

-0.692931
0.661785
-0.28616
0.850213
0.00120236

0.692931
-0.661785
0.28616
-0.462761
0.114024

-0.363937
0.855782
0.367678
0.726605
0.00451336

0.363937
-0.855782
-0.367678
-0.328239
0.106258

-0.793817
-0.494577
-0.353904
0.965206
3.54405e-05

0.793817
0.494577
0.353904
0.0463649
0.0246913

0.729834
0.683624
0
-0.131629
0.218174

-0.729834
-0.683624
0
-1.98823
1.51909

0.32556
0.807122
0.492508
0.678784
0.00734739

-0.32556
-0.807122
-0.492508
-0.563019
0.173069

-0.783457
-0.357223
0.508515
-0.951298
0.316494

0.783457
0.357223
-0.508515
0.66621
0.00933869

0.779019
0.555443
-0.290884
0.634064
0.0169202

-0.779019
-0.555443
0.290884
-2.42382
1.47972

-0.0254212
-0.431981
-0.901525
-1.26492
0.605864

0.0254212
0.431981
0.901525
0.314862
0.0554419

-0.41663
0
0.909076
0.72095
0.00127625

0.079472
0.299572
-0.950758
0.992107
7.49978e-06

-0.953923
-0.0879349
0.286877
0.26196
0.0107783

0.868714
0.495314
0
-0.134397
0.103235

-0.868714
-0.495314
0
0.289029
0.0405839

0.0787537
0.996894
0
0.386512
0.0361978

-0.0787537
-0.996894
0
-0.728562
0.286673

0.0170913
-0.0660954
0.997667
0.991134
5.53825e-05

0.675227
-0.543074
-0.499138
-0.155206
0.117319

-0.675227
0.543074
0.499138
0.151279
0.0633597

-0.319136
-0.0830186
0.944066
0.959163
0.000626489

0.319136
0.0830186
-0.944066
-17.4406
126.613

-0.559505
0.18738
0.807368
-0.057368
0.059441

0.559505
-0.18738
-0.807368
0.712172
0.00448817

0.0716045
0.792052
0.60624
0.558159
0.0121905

0.370877
0.66511
0.648135
0.253099
0.0640996

-0.370877
-0.66511
-0.648135
-1.03695
0.475147

-0.50001
-0.621672
0.602921
0.319253
0.0332075

0.50001
0.621672
-0.602921
0.0492053
0.0646957

0.0399352
-0.177661
0.983281
0.900141
0.000707546

-0.0399352
0.177661
-0.983281
-1.28107
0.350261

-0.268035
-0.713036
-0.647871
0.850636
0.00331483

0.848702
-0.528872
0
0.348026
0.062287

-0.323149
-0.748952
0.578486
0.472317
0.0537178

0.323149
0.748952
-0.578486
-4.34226
5.49584

0.170528
-0.834285
0.524298
0.212597
0.0450217

-0.146342
-0.876335
0.458934
-0.147427
0.147554

0.146342
0.876335
-0.458934
-0.397106
0.218717

0.340616
0.219202
-0.914293
0.14337
0.0223881

-0.340616
-0.219202
0.914293
0.919438
0.000202161

0.104051
-0.832949
0.543479
-7.97074
15.7327

-0.104051
0.832949
-0.543479
0.947925
0.000539524

0.462118
0.312746
0.829841
0.870847
0.00320057

-0.302099
0.595995
0.743994
0.994369
3.10149e-06

-0.0395223
-0.315616
0.948064
0.975621
0.000287708

-0.516886
-0.824795
0.22922
0.800571
0.00660604

0.516886
0.824795
-0.22922
-4.93346
5.84212

0.446506
0.618063
0.647017
0.66844
0.0137009

-0.446506
-0.618063
-0.647017
-2.47046
1.49263

-0.395448
-0.0583439
-0.916634
-1.01071
0.275618

0.395448
0.0583439
0.916634
0.84194
0.0017781

0.79033
0.410622
0.454718
0.434186
0.027295

0.0121639
0.646018
-0.763225
-0.94536
0.315754

-0.0121639
-0.646018
0.763225
0.660244
0.00965626

-0.233658
-0.230662
0.944563
0.741071
0.00487815

0.233658
0.230662
-0.944563
-0.741956
0.215331

0.264653
0.513697
-0.816134
0.526101
0.0332172

-0.264653
-0.513697
0.816134
-2.80592
2.12313

-0.444763
-0.759286
0.475047
0.621404
0.0105532

0.444763
0.759286
-0.475047
-0.514392
0.168696

0.621216
0.783639
0
0.496398
0.0154354

0.46338
0.533393
-0.707652
0.291237
0.027863

-0.436603
-0.144072
0.888043
0.830393
0.00291486

-0.262799
-0.0183289
-0.964676
-0.588515
0.099774

0.262799
0.0183289
0.964676
0.972865
3.00644e-05

0.193937
-0.544392
0.816104
-0.685098
0.354576

-0.193937
0.544392
-0.816104
-0.170212
0.171143

0.431289
-0.864258
0.258937
0.918144
0.00169433

0.644087
-0.14469
-0.751144
0.415879
0.0167757

0.976172
-0.0441471
-0.21246
-1.54586
0.445063

-0.976172
0.0441471
0.21246
0.92916
0.000375474

0.67433
-0.421526
-0.606296
-0.70188
0.172243

-0.67433
0.421526
0.606296
0.850272
0.00136392

-0.966092
0.161785
-0.201225
0.681258
0.0156384

0.966092
-0.161785
0.201225
-3.71513
3.42054

0.232857
0.413551
0.880201
0.915745
0.000849349

0.188977
-0.179871
0.965367
0.954122
0.000219529

0.0828714
0.371707
-0.924644
-0.883268
0.244607

-0.0828714
-0.371707
0.924644
0.803621
0.00275182

0.587185
0.408292
-0.698936
0.107447
0.0772754

-0.587185
-0.408292
0.698936
-0.325755
0.170298

-0.308652
0.318852
0.89614
0.791283
0.00377018

-0.197103
-0.945158
-0.260434
-1.92915
1.02688

0.197103
0.945158
0.260434
0.559593
0.0232292

-0.314404
-0.57738
-0.753513
0.916886
0.0026927

0.314404
0.57738
0.753513
-17.0825
126.093

-0.616779
-0.779876
0.106666
-0.838897
0.549122

0.616779
0.779876
-0.106666
-0.838897
0.549122

-0.838538
-0.544843
0
0.242806
0.0429846

0.838538
0.544843
0
0.242806
0.0429846

-0.685674
-0.0998949
-0.721022
-4.75513
5.74806

0.685674
0.0998949
0.721022
0.721452
0.0135495

0.196504
-0.714263
0.671725
0.595078
0.00548783

-0.196504
0.714263
-0.671725
0.666616
0.00374885

0.5689
0.205826
0.796234
0.878092
0.00114168

-0.5689
-0.205826
-0.796234
-1.42663
0.434545

0.576812
0.553645
0.600637
-0.33087
0.090395

-0.576812
-0.553645
-0.600637
0.837347
0.00135371

-0.47787
-0.700009
-0.530686
0.896904
0.00248896

-0.687434
0.590632
-0.422597
0.324016
0.0256166

0.687434
-0.590632
0.422597
0.40713
0.0197126

0.55809
-0.123692
-0.820509
0.947753
0.000302188

-0.55809
0.123692
0.820509
-3.35038
1.94757

-0.179563
-0.763587
-0.620235
-1.12529
0.336061

0.279803
0.015407
0.959934
0.496494
0.026949

-0.279803
-0.015407
-0.959934
-1.28531
0.554024

-0.317335
-0.278706
-0.906433
-0.961894
0.232548

0.317335
0.278706
0.906433
0.896021
0.000653506

0.18426
0.91089
-0.369226
-1.12997
0.366163

-0.18426
-0.91089
0.369226
0.74943
0.00536678

0.601516
-0.743606
-0.291938
0.804117
0.00288355

-0.601516
0.743606
0.291938
-1.11473
0.334999

0.191327
-0.281047
-0.940429
-1.81924
0.996988

-0.191327
0.281047
0.940429
0.449573
0.0382437

0.632724
0.343617
-0.693965
0.917796
0.000169445

-0.153702
-0.317169
-0.935831
-0.433412
0.195557

0.153702
0.317169
0.935831
0.219098
0.0580608

-0.897943
-0.104226
0.427592
0.521155
0.011316

0.617307
0.786722
0
0.705608
0.00401809

-0.90796
-0.419058
0
0.903398
0.0109178

-0.0140781
0.00772447
0.999871
0.553654
0.0178825

0.0140781
-0.00772447
-0.999871
-0.849714
0.30355

-0.713106
-0.701057
0
0.449159
0.0146019

0.713106
0.701057
0
0.505616
0.0118396

-0.817013
0.361306
0.449386
0.526938
0.027231

0.501184
0.205889
-0.84049
0.182231
0.164884

-0.501184
-0.205889
0.84049
-5.30995
9.79842

0.846321
-0.431534
0.312281
0.887322
0.00096489

-0.846321
0.431534
-0.312281
-1.553
0.492039

0.215916
-0.788987
-0.575221
0.187186
0.0465548

-0.215916
0.788987
0.575221
0.220027
0.0428752

0.371587
-0.384326
0.845114
-0.215219
0.235377

-0.371587
0.384326
-0.845114
-1.53545
1.02342

-0.667535
0.0928081
0.738771
0.684943
0.0144153

0.667535
-0.0928081
-0.738771
-3.34649
2.72501

0.496541
0.235682
0.835405
0.521306
0.0103654

-0.496541
-0.235682
-0.835405
0.453485
0.0135092

-0.716986
0.418002
-0.557857
-0.258983
0.197112

0.716986
-0.418002
0.557857
-0.566282
0.305006

-0.388937
-0.0117711
-0.921189
0.229861
0.0375123

0.388937
0.0117711
0.921189
0.335955
0.0278918

0.853629
0.520881
0
0.971427
0.00112368

0.222064
-0.490374
-0.842746
0.870365
0.00110335

0.271712
-0.881662
0.385803
0.957782
7.34368e-05

-0.271712
0.881662
-0.385803
-0.433025
0.0803054

-0.0484679
0.768722
0.637744
0.997626
9.58553e-07

0.196977
0.920734
0.336821
0.520695
0.0236585

-0.196977
-0.920734
-0.336821
-1.23532
0.513559

-0.0100533
-0.749012
-0.66248
-1.32692
0.424086

0.0100533
0.749012
0.66248
0.821979
0.00252638

0.756376
-0.144896
0.637888
0.958968
0.000112079

-0.756376
0.144896
-0.637888
-1.44181
0.361321

0.47586
0.141759
-0.868022
-1.89276
0.72083

-0.47586
-0.141759
0.868022
0.868028
0.00151481

-0.265969
-0.115856
-0.956994
-1.63409
0.756693

0.265969
0.115856
0.956994
0.586459
0.0188462

-0.496642
0.368714
0.785746
0.834426
0.00053653

0.0784742
-0.257928
0.962972
0.955374
0.000120728

-0.328291
0.0793931
0.941234
0.939612
0.000132266

0.328291
-0.0793931
-0.941234
-0.0975325
0.0411326

0.836577
-0.248321
0.488339
-0.721363
0.264927

-0.197317
-0.858175
-0.473921
-0.308256
0.204905

0.197317
0.858175
0.473921
-0.403368
0.235768

0.625421
0.571961
-0.530763
0.26652
0.025908

-0.625421
-0.571961
0.530763
0.613197
0.0072366

-0.715199
0.698921
0
0.957449
0.000100518

0.715199
-0.698921
0
-0.981234
0.200692

0.273062
-0.784461
0.556829
0.249115
0.0429692

-0.273062
0.784461
-0.556829
0.0192562
0.0732459

0.717528
0.513614
-0.470483
-0.28723
0.103654

-0.717528
-0.513614
0.470483
0.678193
0.00651113

0.451379
0.823308
-0.344124
-0.293216
0.271073

-0.451379
-0.823308
0.344124
-1.49463
1.00852

-0.323768
-0.135425
0.936394
0.784002
0.00294428

0.323768
0.135425
-0.936394
-0.515299
0.140008

-0.599197
0.720684
0.348679
-2.49491
1.49982

0.617753
-0.278297
0.735481
0.771863
0.00115887

0.375559
-0.113245
-0.919854
-5.95103
7.98152

-0.375559
0.113245
0.919854
0.914185
0.00121926

-0.0782909
0.0840649
0.99338
0.540275
0.0116545

0.903954
0.398158
-0.156006
-3.12671
1.62853

-0.903954
-0.398158
0.156006
0.957975
0.000178946

0.0372583
-0.727385
0.685218
0.71114
0.00768682

-0.0372583
0.727385
-0.685218
-1.3876
0.520173

-0.437012
0.387488
0.81171
0.856975
0.00155211

0.487094
0.87335
0
0.0402274
0.0886079

-0.487094
-0.87335
0
-0.198895
0.137582

0.00297039
0.841521
0.540216
0.623862
0.015197

-0.00297039
-0.841521
-0.540216
-1.67476
0.765555

0.599577
0.667394
0.441694
0.49789
0.0481447

-0.599577
-0.667394
-0.441694
-4.37799
5.52162

0.182518
0.725386
0.663704
0.780812
0.00812374

-0.359346
0.817867
-0.449404
-0.973337
0.252013

0.359346
-0.817867
0.449404
0.863989
0.00145124

0.622835
-0.058803
-0.78014
0.667251
0.00750915

0.0771255
0.940702
0.330352
0.815804
0.00198933

-0.0771255
-0.940702
-0.330352
-0.341759
0.0964196

0.390207
0.656715
0.64534
-0.0832442
0.0695079

-0.390207
-0.656715
-0.64534
0.630028
0.00812364

-0.554609
0.825552
-0.104269
-1.04007
0.256817

0.554609
-0.825552
0.104269
0.900147
0.000625508

-0.121586
-0.698654
-0.705053
-0.788749
0.204279

0.121586
0.698654
0.705053
0.829859
0.00189505

-0.483901
-0.687763
-0.54113
-1.99225
1.0426

0.483901
0.687763
0.54113
0.615451
0.0172797

-0.529782
-0.60909
-0.590204
-0.144208
0.167114

0.529782
0.60909
0.590204
-0.787812
0.407772

0.00268434
-0.46804
0.883703
0.910275
0.000986497

-0.00268434
0.46804
-0.883703
-3.85658
2.8853

-0.537521
0.190398
-0.821474
0.236145
0.0250617

0.537521
-0.190398
0.821474
0.719912
0.00337121

-0.0373814
-0.394687
-0.918055
-3.3533
1.95009

0.0373814
0.394687
0.918055
0.948427
0.000274014

-0.502657
0.286854
0.815506
0.78424
0.00228006

0.791016
-0.210624
0.574397
0.952788
0.000360937

0.83295
0.38728
-0.395232
0.759214
0.0036304

-0.256315
-0.509449
0.821441
0.853616
0.00111773

0.256315
0.509449
-0.821441
-0.426748
0.105858

0.00226827
0.647675
0.761913
0.879898
0.00171469

-0.00226827
-0.647675
-0.761913
-3.42029
2.32109

0.0662318
0.815689
-0.574687
0.771805
0.00283813

-0.0662318
-0.815689
0.574687
-0.226316
0.0808789

0.613445
-0.652769
-0.444498
-1.96231
1.55991

-0.613445
0.652769
0.444498
-0.27479
0.289034

0.607668
0.218239
0.763617
0.819968
0.00497948

-0.607668
-0.218239
-0.763617
-4.44597
4.49964

-0.581853
-0.741486
0.334134
0.470712
0.0169923

0.581853
0.741486
-0.334134
0.132814
0.0455754

0.317856
0.00680899
-0.948115
-22.8138
298.062

-0.317856
-0.00680899
0.948115
0.843445
0.0129034

-0.702398
0.341122
-0.624718
-10.2632
36.5654

0.702398
-0.341122
0.624718
0.770138
0.0152326

-0.896401
-0.298564
0.327604
0.0408853
0.0622087

0.896401
0.298564
-0.327604
0.402216
0.0241693

-0.642903
-0.415111
0.643707
-0.49048
0.536079

0.642903
0.415111
-0.643707
-3.44679
4.76943

-0.271695
0.892692
0.359559
0.731635
0.00558357

0.271695
-0.892692
-0.359559
-0.941423
0.291255

-0.712077
0.313068
0.628439
0.342645
0.033922

0.863082
-0.34388
0.369913
0.415177
0.0182622

-0.863082
0.34388
-0.369913
0.377455
0.0206907

-0.785576
0.293883
-0.544521
-0.582775
0.213732

0.785576
-0.293883
0.544521
0.478377
0.0232295

0.179318
0.775567
0.605261
-0.725985
0.142063

0.750525
-0.474168
0.460301
0.363381
0.0175987

-0.932668
0.0265769
-0.359756
0.536109
0.011436

0.932668
-0.0265769
0.359756
0.239128
0.0307558

-0.667278
-0.14498
0.730562
0.818521
0.00157736

0.667278
0.14498
-0.730562
-0.0982368
0.0559522

0.830403
-0.297031
-0.471385
-0.849714
0.303484

-0.830403
0.297031
0.471385
0.553654
0.0177174

-0.263295
0.104985
0.958986
0.274469
0.0491202

0.263295
-0.104985
-0.958986
-0.461624
0.199143

0.712231
0.613841
-0.340479
0.914224
0.000240983

0.287821
0.681296
0.673049
0.921192
0.000318814

-0.287821
-0.681296
-0.673049
-0.578178
0.11952

0.848071
0.414434
-0.330182
0.898882
0.000930203

-0.848071
-0.414434
0.330182
-2.2853
0.975003

0.21394
-0.71344
0.667258
0.406807
0.0432827

-0.21394
0.71344
-0.667258
-1.61597
0.839326

-0.753968
0.496771
-0.429826
-0.259247
0.101776

0.753968
-0.496771
0.429826
0.641815
0.00826355

-0.440953
-0.00614994
0.897509
0.878792
0.00471922

0.440953
0.00614994
-0.897509
-13.1377
64.1977

-0.0813708
0.785731
-0.613194
-0.571959
0.212533

0.0813708
-0.785731
0.613194
0.462209
0.0249569

-0.625135
-0.680838
0.381662
0.530967
0.0222547

0.625135
0.680838
-0.381662
-1.20183
0.489712

0.848691
-0.253338
0.464267
0.766806
0.00557254

-0.848691
0.253338
-0.464267
-2.02218
0.931189

-0.228428
-0.121351
0.965968
0.885697
0.000786691

0.28402
0.160349
-0.945315
-1.46693
0.648838

-0.28402
-0.160349
0.945315
0.558434
0.0209865

0.0942754
0.405487
-0.909226
0.589237
0.0112112

-0.0942754
-0.405487
0.909226
-0.222278
0.0991915

-0.0778834
-0.0820822
0.993578
0.641862
0.0116499

0.0778834
0.0820822
-0.993578
-1.10274
0.395404

0.472279
-0.582077
-0.66192
0.227667
0.236088

-0.472279
0.582077
0.66192
-11.3574
60.3895

0.0758246
-0.087347
0.993288
0.973393
0.000225026

-0.0758246
0.087347
-0.993288
-13.8188
64.8255

0.924538
-0.272616
0.266291
0.336369
0.0322661

-0.924538
0.272616
-0.266291
-0.017261
0.0757921

-0.785732
-0.547972
-0.286972
-1.02985
0.457728

0.785732
0.547972
0.286972
0.304459
0.0537662

-0.108062
-0.403328
0.908652
0.893264
0.00192571

-0.0772801
-0.760542
0.644674
0.795213
0.0104509

0.0772801
0.760542
-0.644674
-8.62915
22.9932

-0.359172
-0.325276
0.874752
0.175666
0.12556

0.359172
0.325276
-0.874752
-3.10216
3.10172

0.976784
-0.0120447
-0.21389
0.649242
0.005323

0.636963
-0.750828
-0.174743
0.750337
0.00336389

-0.636963
0.750828
0.174743
-0.174746
0.0743326

0.857678
-0.0397112
-0.512651
0.71114
0.00765552

-0.647418
0.696336
-0.309783
0.489194
0.0168597

0.647418
-0.696336
0.309783
-0.00118029
0.0647544

-0.618612
0.603305
0.503331
0.839275
0.00178903

0.618612
-0.603305
-0.503331
-1.00657
0.275266

-0.811588
-0.101205
-0.575397
-0.144208
0.167109

0.811588
0.101205
0.575397
-0.787812
0.40777

0.366469
-0.827754
0.42488
-17.8671
127.004

-0.366469
0.827754
-0.42488
0.989676
3.8152e-05

0.230474
0.191754
-0.953998
-1.10638
0.568468

-0.230474
-0.191754
0.953998
0.0638323
0.11258

0.169802
0.527173
-0.83262
-1.77973
0.786582

-0.169802
-0.527173
0.83262
0.709855
0.00857669

0.451376
0.87725
-0.163379
0.188801
0.0504813

-0.451376
-0.87725
0.163379
0.071661
0.0661112

-0.765724
0.463055
-0.44637
0.875053
0.00103879

-0.178916
0.247235
0.952294
0.973656
0.000118448

0.178916
-0.247235
-0.952294
-7.11904
11.0968

0.548039
-0.427507
-0.718951
-1.06532
0.464572

-0.548039
0.427507
0.718951
0.356608
0.0452248

0.866606
-0.476283
-0.148821
0.420197
0.0129059

-0.866606
0.476283
0.148821
0.691055
0.00369602

0.742799
-0.246947
0.622308
0.978372
2.25562e-05

0.531933
-0.150112
-0.833375
-23.9051
300.609

-0.531933
0.150112
0.833375
0.971702
0.000400106

-0.660357
0.396294
-0.637872
0.685344
0.0072098

0.660357
-0.396294
0.637872
-0.625291
0.190673

-0.0768787
0.012674
-0.99696
0.859986
0.000441015

0.405267
0.073531
0.911237
0.916953
0.000424868

0.606069
0.154821
-0.780199
-0.350076
0.09653

-0.606069
-0.154821
0.780199
0.823013
0.00171627

-0.263603
-0.159356
0.951378
0.834499
0.00765083

-0.00632974
0.664313
0.747427
0.808887
0.00798812

0.00632974
-0.664313
-0.747427
-7.3881
15.3806

-0.103048
-0.691561
0.71493
-17.2787
126.385

0.103048
0.691561
-0.71493
0.941984
0.00129132

-0.277789
0.584316
-0.762501
-8.80747
23.1656

0.277789
-0.584316
0.762501
0.846759
0.00566905

0.91373
0.406322
0
-3.6077
4.67622

-0.91373
-0.406322
0
-0.26424
0.388772

0.903116
0.419794
0.0902973
0.129066
0.0518858

-0.903116
-0.419794
-0.0902973
0.315098
0.0320881

0.620103
0.487811
0.61442
-0.136429
0.155602

-0.620103
-0.487811
-0.61442
-0.615555
0.314309

0.0808163
0.496213
0.864431
0.591595
0.0363842

-0.0808163
-0.496213
-0.864431
-5.90253
10.39

-0.662484
-0.620438
0.419729
0.339657
0.0464196

0.662484
0.620438
-0.419729
-0.953559
0.405857

-0.855959
0.159292
0.491895
0.611683
0.00876012

0.855959
-0.159292
-0.491895
-0.0153549
0.0598656

-0.668575
-0.164016
-0.725332
0.91123
0.000624495

0.261771
-0.0339973
0.964531
0.890411
0.000549755

0.198166
-0.839025
0.506722
0.763891
0.00356569

-0.198166
0.839025
-0.506722
-0.541993
0.150743

-0.555935
0.621022
-0.552511
0.425345
0.0240738

0.555935
-0.621022
0.552511
-0.126327
0.0922803

-0.593258
-0.682532
-0.426843
0.205451
0.0474101

0.593258
0.682532
0.426843
0.0934091
0.0617095

-0.291391
0.55477
-0.779308
0.986055
4.30977e-06

0.94269
-0.092136
-0.320696
0.190885
0.0426317

-0.94269
0.092136
0.320696
0.331308
0.0291255

-0.987842
0.0327932
0.15196
-3.51335
2.78679

0.987842
-0.0327932
-0.15196
0.776949
0.00681167

-0.454239
-0.295612
0.840405
0.718775
0.00603142

0.454239
0.295612
-0.840405
-0.852651
0.260638

0.509218
0.488021
-0.708896
0.285776
0.0610188

-0.509218
-0.488021
0.708896
-1.2445
0.601127

0.266884
0.198424
-0.943081
-4.28094
3.61666

-0.266884
-0.198424
0.943081
0.917485
0.000887889

0.661652
0.362739
0.656229
0.693516
0.00566139

-0.661652
-0.362739
-0.656229
-0.22593
0.0896115

0.550155
-0.780377
0.297223
0.903342
0.000716995

-0.550155
0.780377
-0.297223
-1.70658
0.5612

-0.613347
0.695511
-0.374258
-1.74235
0.870856

0.613347
-0.695511
0.374258
0.543131
0.0242032

-0.433429
0.595111
-0.676744
0.639935
0.0394506

0.433429
-0.595111
0.676744
-9.89193
36.0101

-0.570525
0.0223713
-0.820975
0.172497
0.0345211

0.570525
-0.0223713
0.820975
0.63222
0.00684013

0.506813
-0.00576499
-0.862037
-3.32848
2.7192

-0.506813
0.00576499
0.862037
0.673824
0.0154753

-0.0328928
0.685923
-0.72693
-0.506525
0.123462

0.0328928
-0.685923
0.72693
0.850974
0.00125158

0.0677671
-0.613863
-0.786499
0.56645
0.0166876

0.966774
-0.207096
0.149866
0.797464
0.00236657

-0.966774
0.207096
-0.149866
-0.440255
0.119551

-0.724359
-0.0422627
0.688126
0.621323
0.00212794

0.516675
0.747909
-0.416749
-0.684933
0.209911

-0.516675
-0.747909
0.416749
0.68492
0.00736752

0.302676
0.503705
-0.809115
-3.33202
3.23178

-0.302676
-0.503705
0.809115
0.402359
0.0617159

-0.302916
0.0478285
0.951816
0.858546
0.0105205

0.755423
-0.597588
0.268747
0.0802116
0.0312386

-0.771016
-0.52947
0.353829
0.746806
0.00534984

0.771016
0.52947
-0.353829
-1.22069
0.411392

-0.586635
-0.809851
0
-0.817789
0.351009

0.586635
0.809851
0
0.268991
0.0579281

0.698259
0.715845
0
-1.19352
0.244337

-0.698259
-0.715845
0
0.977927
2.83358e-05

-0.79958
0.60056
0
0.14849
0.0664299

0.274216
-0.01208
0.961592
0.815782
0.01386

-0.404831
0.7341
0.545169
0.630579
0.0191242

0.404831
-0.7341
-0.545169
-2.94214
2.17696

0.0310511
0.899887
-0.435016
-3.20765
2.6709

-0.0310511
-0.899887
0.435016
0.59274
0.0250268

0.102734
-0.439485
0.892356
0.838073
0.00191873

-0.102734
0.439485
-0.892356
-1.08253
0.305315

-0.112949
0.158749
0.980837
-0.430259
0.258429

0.112949
-0.158749
-0.980837
-0.430259
0.258429

-0.671137
0.638806
-0.376168
0.924376
0.000142825

0.671137
-0.638806
0.376168
0.344918
0.0106084

0.339439
-0.319539
0.88469
0.856974
0.00564831

-0.339439
0.319539
-0.88469
-10.5851
36.9474

-0.472394
0.30962
-0.825215
-0.142346
0.116001

0.472394
-0.30962
0.825215
0.119284
0.0689601

-0.113588
-0.000330394
-0.993528
0.857128
0.00315562

0.876264
0.250679
0.411488
0.361819
0.00897366

0.412302
0.77492
-0.479069
0.767217
0.00197008

-0.412302
-0.77492
0.479069
0.346369
0.0155222

-0.595797
-0.562247
0.573502
0.594952
0.00508643

0.595797
0.562247
-0.573502
0.706498
0.00268696

-0.32125
-0.657952
-0.681101
0.504383
0.00912455

0.32125
0.657952
0.681101
0.655821
0.00443024

-0.894496
0.151764
-0.420529
0.275932
0.0589002

0.894496
-0.151764
0.420529
-1.01129
0.454084

0.891034
0.453937
0
0.250303
0.0515207

-0.550653
-0.157828
0.819678
0.34307
0.0344515

-0.395515
-0.835919
0.380535
0.60694
0.0061176

0.395515
0.835919
-0.380535
0.492934
0.0101778

-0.0448737
0.0286736
-0.998581
-3.82173
3.4653

0.0448737
-0.0286736
0.998581
0.740156
0.0100668

-0.583091
0.250195
-0.772922
-0.35878
0.12833

0.583091
-0.250195
0.772922
0.609291
0.0106147

-0.061536
-0.0796138
-0.994925
-9.6855
23.6746

0.061536
0.0796138
0.994925
0.988673
2.68767e-05

0.674046
-0.636497
-0.374879
-0.0283339
0.0579097

-0.544679
-0.838644
0
0.102369
0.0968139

0.544679
0.838644
0
-0.909022
0.433592

-0.24895
-0.0072235
0.968489
0.327392
0.0433606

0.24895
0.0072235
-0.968489
-0.619533
0.251246

-0.0164414
0.109161
-0.993888
-1.02638
0.50013

0.0164414
-0.109161
0.993888
0.124941
0.0932765

-0.260849
-0.378594
-0.888045
0.462734
0.00701856

0.260849
0.378594
0.888045
0.890207
0.000294273

0.571363
0.53618
0.621334
0.766441
0.00519024

-0.571363
-0.53618
-0.621334
-1.7144
0.694223

-0.0272211
-0.853691
0.520068
0.251067
0.149435

0.0272211
0.853691
-0.520068
-6.31381
14.2501

-0.678145
-0.734928
0
0.523909
0.0172443

0.678145
0.734928
0
-0.181002
0.0983743

0.70241
0.3881
-0.596656
0.639294
0.00952627

-0.146043
-0.328264
0.933228
0.891689
0.00161873

0.764122
-0.187984
-0.617073
0.911503
0.000659993

0.802916
0.146887
0.577711
0.549612
0.0065744

-0.802916
-0.146887
-0.577711
0.708077
0.00276723

0.736042
-0.0517187
0.674958
-1.76922
0.412486

-0.736042
0.0517187
-0.674958
0.99699
6.96946e-07

0.610704
0.468626
0.638303
0.779795
0.0029508

-0.610704
-0.468626
-0.638303
-0.464569
0.128463

0.922875
0.283847
0.260255
0.0905209
0.054131

0.376572
-0.926387
0
-0.355617
0.188937

-0.376572
0.926387
0
0.0483892
0.0953501

-0.263209
0.0980619
0.959742
0.375888
0.0722117

0.263209
-0.0980619
-0.959742
-3.71984
4.12794

0.679363
0.633401
-0.370499
0.879576
0.000709779

-0.804063
-0.251294
0.538826
0.648249
0.00486362

0.804063
0.251294
-0.538826
0.458706
0.0114655

0.603126
-0.411891
0.68307
0.732848
0.0134383

0.640588
0.0133093
-0.767769
-23.1356
299.076

-0.640588
-0.0133093
0.767769
0.892731
0.00590921

-0.513989
0.195178
0.835297
0.823585
0.00152287

0.0740114
0.889006
-0.451874
0.262892
0.0298886

-0.0740114
-0.889006
0.451874
0.48208
0.0147753

-0.488145
0.531646
-0.692146
0.291505
0.0227746

0.488145
-0.531646
0.692146
0.649559
0.00562391

0.721133
0.36454
-0.589134
0.875034
0.00083089

-0.721133
-0.36454
0.589134
-0.541455
0.125211

-0.485856
0.810151
-0.328023
0.427317
0.0144106

0.485856
-0.810151
0.328023
0.574301
0.0079754

-0.140968
0.588488
0.796122
0.794782
0.000995883

0.140968
-0.588488
-0.796122
0.670476
0.00254838

-0.702873
0.306438
-0.641923
-0.838897
0.549159

0.702873
-0.306438
0.641923
-0.838897
0.549159

0.655024
0.426818
0.623514
0.663814
0.00809443

-0.426524
0.35732
-0.830903
-6.4622
10.7978

0.426524
-0.35732
0.830903
0.832101
0.00553577

-0.282062
0.266312
0.921693
-1.59015
0.548043

0.282062
-0.266312
-0.921693
0.847777
0.00191152

-0.228454
0.0747786
0.970679
0.969482
0.000112222

-0.494696
0.189745
-0.848099
-0.202542
0.110294

0.494696
-0.189745
0.848099
0.411203
0.0264843

0.830757
0.341415
-0.439635
0.789117
0.00372752

-0.620858
0.448335
-0.643063
0.991447
1.78969e-06

0.620858
-0.448335
0.643063
0.00447571
0.0224284

-0.891494
0.0242583
0.452383
0.96471
5.0249e-05

0.891494
-0.0242583
-0.452383
-0.387738
0.0710354

0.904643
0.42617
0
-0.331617
0.217227

-0.904643
-0.42617
0
-0.331617
0.217227

0.351957
0.0910231
0.93158
0.965648
0.000255851

-0.0166833
0.0875875
0.996017
-12.1752
62.4739

0.0166833
-0.0875875
-0.996017
0.608348
0.0552639

-0.664867
0.287285
0.689506
0.338985
0.0309501

0.664867
-0.287285
-0.689506
0.04091
0.0651426

-0.218895
0.215206
-0.95172
-0.881516
0.195922

0.218895
-0.215206
0.95172
0.919132
0.000404862

0.710898
-0.586073
0.388771
-1.34768
0.426497

-0.710898
0.586073
-0.388771
0.834754
0.00211657

-0.613326
0.286691
0.735962
0.800761
0.00535101

0.613326
-0.286691
-0.735962
-3.56319
2.80319

-0.16519
-0.502906
0.848409
-0.026052
0.104223

0.16519
0.502906
-0.848409
-0.221088
0.147609

-0.482888
0.780003
-0.398012
0.864502
0.00181364

0.780162
-0.598943
0.180596
0.691189
0.00590991

0.375047
0.202204
0.904684
-0.105203
0.197614

-0.375047
-0.202204
-0.904684
-1.78784
1.25715

0.68005
-0.234681
0.694591
0.724166
0.0263342

-0.68005
0.234681
-0.694591
-12.5159
63.1807

0.9322
-0.217907
-0.288998
-0.217696
0.0473186

-0.9322
0.217907
0.288998
0.971419
2.74957e-05

-0.852199
0.516746
0.0820352
0.992422
5.99566e-06

-0.198699
0.610719
0.766512
0.453586
0.0295487

0.198699
-0.610719
-0.766512
-0.94075
0.370982

-0.618634
-0.583119
-0.526558
-1.24919
0.664182

0.618634
0.583119
0.526558
0.0926032
0.109592

-0.227468
-0.288234
0.93015
0.931748
0.000525202

0.227468
0.288234
-0.93015
-3.58925
2.35665

-0.476552
-0.119328
-0.87101
0.336849
0.012955

0.476552
0.119328
0.87101
0.872873
0.000488031

-0.921302
-0.16854
0.350423
0.952814
0.000678053

0.921302
0.16854
-0.350423
-13.6163
64.7205

0.174428
-0.0712013
0.982092
0.327721
0.0327117

-0.174428
0.0712013
-0.982092
0.0168538
0.0699287

-0.694767
0.701674
-0.157964
0.414726
0.0343199

0.694767
-0.701674
0.157964
-0.912536
0.366411

-0.292201
0.368645
0.882451
0.495423
0.0380044

0.292201
-0.368645
-0.882451
-2.76974
2.10966

0.827692
0.251769
-0.501536
-5.54819
8.95958

-0.827692
-0.251769
0.501536
0.595345
0.0343184

0.522301
-0.284464
0.803916
0.801471
0.00265896

0.152656
-0.442502
0.883679
0.918871
0.00038407

-0.152656
0.442502
-0.883679
-0.766784
0.164592

0.335713
0.419825
-0.843234
0.84723
0.00114962

-0.335713
-0.419825
0.843234
-0.274973
0.0790522

0.746628
0.146723
0.648859
0.808258
0.0018702

-0.746628
-0.146723
-0.648859
-0.230562
0.0770131

0.948583
0.0158854
-0.31613
-0.648732
0.180177

-0.948583
-0.0158854
0.31613
0.764701
0.00368215

0.397615
-0.759643
0.514631
0.896062
0.00145005

-0.397615
0.759643
-0.514631
-4.2055
3.59568

0.460743
0.0521417
0.886001
0.606209
0.0125072

-0.460743
-0.0521417
-0.886001
-0.678421
0.224579

0.176551
-0.806808
0.563818
-0.864571
0.424183

-0.176551
0.806808
-0.563818
0.0174954
0.117938

-0.102118
0.185526
0.977319
0.96711
0.000109563

0.717044
0.678466
-0.159785
0.854147
0.000991449

0.455214
-0.72022
-0.52351
-1.4196
0.360078

-0.455214
0.72022
0.52351
0.952576
0.000146131

-0.306927
-0.00651857
0.951711
-0.0325327
0.442775

0.306927
0.00651857
-0.951711
-10.9361
59.1001

0.608372
0.140645
0.78109
0.778779
0.0109514

-0.550365
0.25923
0.793661
0.222006
0.125898

0.550365
-0.25923
-0.793661
-4.04091
5.2748

-0.877626
-0.21173
0.430051
-0.547305
0.14195

0.877626
0.21173
-0.430051
0.811476
0.00212602

-0.819563
0.572989
0
-0.480311
0.315647

0.819563
-0.572989
0
-0.748959
0.437434

-0.996221
-0.0868601
0
0.508446
0.0109214

0.996221
0.0868601
0
0.467782
0.0128026

0.609337
0.568734
-0.552495
-0.0507979
0.0782189

0.138475
-0.136109
-0.980968
-2.79248
1.35972

-0.138475
0.136109
0.980968
0.934532
0.000405566

-0.894262
0.0130147
0.447354
0.642778
0.0105078

0.894262
-0.0130147
-0.447354
-0.850246
0.280951

-0.482873
0.400635
0.778669
0.859893
0.007884

0.482873
-0.400635
-0.778669
-16.7322
125.459

-0.0336913
-0.12445
0.991654
0.544519
0.0217313

0.0336913
0.12445
-0.991654
-1.32821
0.562027

0.383807
-0.339438
0.858763
0.862132
0.00123547

-0.383807
0.339438
-0.858763
-0.936149
0.239942

-0.698445
0.2114
0.683728
0.651376
0.0108295

0.698445
-0.2114
-0.683728
-1.11238
0.396827

0.799144
-0.468277
0.376942
-0.0576181
0.101744

-0.799144
0.468277
-0.376942
-0.00268054
0.0914494

0.531052
-0.16132
0.831841
0.851284
0.0116004

-0.531052
0.16132
-0.831841
-22.8609
298.223

0.692929
-0.10112
-0.71388
-0.570771
0.128353

-0.692929
0.10112
0.71388
0.893201
0.0010972

-0.131443
0.366232
-0.921193
-4.31682
4.44753

0.131443
-0.366232
0.921193
0.764352
0.00876586

0.504704
-0.157643
0.848777
0.707186
0.0104131

0.660693
0.487901
0.570471
-0.374371
0.0923803

-0.660693
-0.487901
-0.570471
0.870571
0.000819797

-0.399872
-0.834948
0.378107
-0.934613
0.290513

0.399872
0.834948
-0.378107
0.725584
0.00585029

-0.0203272
-0.663753
0.747675
0.286457
0.0552812

0.187994
-0.648589
-0.737557
-6.2943
10.6904

-0.187994
0.648589
0.737557
0.772842
0.0104411

-0.783823
-0.595054
0.177575
0.492127
0.014439

-0.191921
-0.720236
0.666653
0.773569
0.00870524

0.191921
0.720236
-0.666653
-4.86852
5.80764

0.665926
-0.359206
-0.653846
-0.601482
0.154905

-0.665926
0.359206
0.653846
0.815279
0.00210367

-0.843559
-0.232769
0.48397
0.484708
0.00988237

0.843559
0.232769
-0.48397
0.665393
0.00418383

0.496821
-0.76573
0.408444
0.590529
0.00884332

-0.496821
0.76573
-0.408444
0.176454
0.0356871

-0.863565
-0.0943002
-0.495341
-1.68762
0.768231

0.863565
0.0943002
0.495341
0.635198
0.0142011

0.0532839
0.020674
0.998365
0.339122
0.0365107

-0.0532839
-0.020674
-0.998365
-0.285104
0.13758

-0.905277
-0.424822
0
0.661107
0.0224383

0.815985
-0.126035
0.564166
0.711945
0.00592117

-0.815985
0.126035
-0.564166
-0.650831
0.192951

0.377463
-0.664438
-0.645015
0.0168059
0.0609578

-0.377463
0.664438
0.645015
0.507588
0.0153527

-0.668798
0.0396245
0.742387
0.332435
0.0365932

0.668798
-0.0396245
-0.742387
-0.23675
0.12524

-0.681628
-0.341449
0.647144
0.652982
0.00303789

0.59599
-0.493919
-0.633119
0.016701
0.12571

-0.59599
0.493919
0.633119
-1.08037
0.562138

-0.0434643
0.444218
0.894864
0.874621
0.000892128

0.0434643
-0.444218
-0.894864
-0.685658
0.160112

0.0161506
0.00680364
0.999846
-1.30963
0.839388

-0.0161506
-0.00680364
-0.999846
-0.334036
0.280057

0.197333
0.828795
0.523601
-2.8109
1.82839

-0.197333
-0.828795
-0.523601
0.729006
0.00928786

0.718274
0.695761
0
0.991111
0.000316544

-0.225196
0.228252
0.9472
0.940728
0.000295444

-0.819479
0.48253
-0.309224
0.177136
0.043311

0.819479
-0.48253
0.309224
0.366833
0.0256445

0.873488
0.486847
0
-1.00511
0.380909

-0.873488
-0.486847
0
0.535168
0.0295948

0.11429
0.732314
0.671308
0.30929
0.09685

-0.11429
-0.732314
-0.671308
-4.1375
5.34899

0.27418
0.396278
-0.876235
-9.89193
36.018

-0.27418
-0.396278
0.876235
0.639935
0.0394025

0.134431
-0.724072
0.676497
-0.327261
0.2581

-0.134431
0.724072
-0.676497
-1.03452
0.606153

-0.675063
0.0686265
0.734562
0.991069
3.13076e-05

0.413187
-0.584695
-0.698147
-0.479573
0.146029

-0.413187
0.584695
0.698147
0.700386
0.00599605

-0.351137
-0.249426
-0.902491
-5.00502
5.86964

0.351137
0.249426
0.902491
0.828022
0.00489758

-0.148389
-0.314749
-0.937504
0.954436
0.000121069

-0.0512564
-0.748067
0.661641
0.914185
0.0012221

0.889839
-0.430188
-0.152066
0.125675
0.0261524

-0.889839
0.430188
0.152066
0.887314
0.000456965

0.113904
-0.908437
0.402205
-1.4062
0.394179

-0.113904
0.908437
-0.402205
0.91422
0.000503004

-0.407312
-0.410066
-0.816053
-8.48873
22.8558

0.407312
0.410066
0.816053
0.748541
0.0160625

-0.22312
0.808689
0.544279
-10.229
36.5109

0.22312
-0.808689
-0.544279
0.75952
0.0167881

-0.546502
-0.804558
0.232428
0.897205
0.00541535

0.546502
0.804558
-0.232428
-23.1684
299.162

-0.447628
-0.699625
-0.556915
-23.5187
300.021

0.447628
0.699625
0.556915
0.938704
0.0018764

0.196211
-0.694311
-0.692411
-1.02638
0.500123

-0.196211
0.694311
0.692411
0.124941
0.0934091

0.303248
-0.20852
0.929817
0.934153
0.000282039

-0.303248
0.20852
-0.929817
-1.19434
0.289118

0.963511
0.174005
0.203396
0.863061
0.000229999

0.531962
0.184696
0.82638
0.783853
0.0036433

-0.531962
-0.184696
-0.82638
-1.08675
0.332023

-0.839533
0.543308
0
-8.10256
21.243

0.839533
-0.543308
0
0.590427
0.0569634

-0.0414533
0.339918
0.939541
0.914953
0.000441266

0.0414533
-0.339918
-0.939541
-1.07166
0.258921

-0.854068
0.107171
-0.509002
-3.49989
2.33819

0.854068
-0.107171
0.509002
0.906391
0.00102639

0.0239102
0.29621
0.954823
0.952476
0.00026383

-0.0239102
-0.29621
-0.954823
-4.02787
2.92029

-0.265239
0.827322
0.495163
0.795798
0.00455375

0.265239
-0.827322
-0.495163
-2.45127
1.29872

-0.561354
0.200527
-0.802914
0.967349
8.28257e-05

-0.815591
0.233749
0.529314
0.73477
0.00378105

0.815591
-0.233749
-0.529314
-0.131236
0.0687113

-0.384425
0.51498
-0.766168
-1.03653
0.326522

0.384425
-0.51498
0.766168
0.744168
0.00523317

0.686392
-0.727232
0
0.503939
0.0219494

0.402093
0.038307
-0.914797
0.791196
0.00199735

0.537641
0.78734
-0.301724
0.932729
0.000220495

-0.537641
-0.78734
0.301724
-0.647446
0.130083

0.803662
0.0804098
-0.589628
-1.42167
0.876819

-0.803662
-0.0804098
0.589628
-0.115074
0.186031

0.814127
-0.250162
-0.524039
-9.94143
36.0935

-0.814127
0.250162
0.524039
0.659261
0.03506

-0.29812
-0.514934
-0.803721
-0.892695
0.245379

0.29812
0.514934
0.803721
0.810611
0.00247374

-0.677311
-0.212369
-0.704378
-0.112649
0.0783776

0.677311
0.212369
0.704378
0.580145
0.0111802

0.254089
-0.877738
0.406221
0.247565
0.0533555

-0.254089
0.877738
-0.406221
-0.447709
0.197381

0.0086548
0.220549
-0.975337
-0.703308
0.227258

-0.0086548
-0.220549
0.975337
0.635357
0.0105822

-0.938639
-0.3449
0
-0.882572
0.396057

0.938639
0.3449
0
0.226425
0.0800244

0.120492
-0.895521
0.428397
0.458362
0.0280664

-0.120492
0.895521
-0.428397
-0.857481
0.329571

0.660003
0.637959
-0.396741
0.945534
0.000140373

-0.660003
-0.637959
0.396741
-0.632644
0.121568

-0.574769
0.108683
-0.811066
-7.58153
15.5201

0.574769
-0.108683
0.811066
0.865914
0.00379499

-0.912507
-0.179974
-0.367341
0.0663218
0.0634995

0.912507
0.179974
0.367341
0.276961
0.0380937

-0.56725
0.63895
-0.519586
-0.00547111
0.0681127

0.56725
-0.63895
0.519586
0.440795
0.0210729

-0.619289
-0.0725133
0.781807
0.836542
0.00188811

0.619289
0.0725133
-0.781807
-1.00236
0.274903

0.679049
-0.135938
-0.721397
-0.527736
0.140645

-0.679049
0.135938
0.721397
0.794974
0.00253658

-0.536327
0.598292
0.595315
0.399293
0.0587669

0.536327
-0.598292
-0.595315
-2.97202
2.56455

-0.658218
0.075335
0.749049
0.561893
0.0162167

0.658218
-0.075335
-0.749049
-0.418384
0.15229

0.645446
-0.763806
0
0.65649
0.00412236

0.173648
0.667682
-0.723911
0.628028
0.00342458

-0.173648
-0.667682
0.723911
0.809318
0.00092975

0.594896
-0.539196
-0.596126
-2.13203
0.746951

-0.594896
0.539196
0.596126
0.954235
0.000169293

-0.291786
0.907412
0.302431
0.534035
0.0381021

0.291786
-0.907412
-0.302431
-3.92176
4.2483

0.258922
-0.361908
0.895534
0.677197
0.00898377

-0.258922
0.361908
-0.895534
-1.04753
0.356073

0.297775
-0.64588
0.702972
-0.0870364
0.169076

-0.297775
0.64588
-0.702972
-1.28548
0.747344

-0.374562
-0.483642
-0.791071
-5.90253
10.384

0.374562
0.483642
0.791071
0.591595
0.0364995

0.517682
0.587639
0.62184
-0.0199621
0.157992

-0.517682
-0.587639
-0.62184
-1.64749
1.06423

-0.582412
-0.572238
-0.577356
-1.62152
0.608777

0.582412
0.572238
0.577356
0.793096
0.00442318

-0.30466
0.328319
0.894085
0.680968
0.00993279

0.30466
-0.328319
-0.894085
-1.47025
0.587349

0.12794
0.0559774
-0.990201
-0.802121
0.377609

-0.12794
-0.0559774
0.990201
0.0805521
0.0983113

-0.709043
-0.458024
-0.536164
-2.86168
2.14655

0.709043
0.458024
0.536164
0.570922
0.026568

0.173094
-0.882528
0.437245
0.794737
0.00537447

-0.173094
0.882528
-0.437245
-3.21839
2.26748

-0.385922
0.245751
-0.889196
-4.94857
5.84397

0.385922
-0.245751
0.889196
0.806564
0.00627019

0.470906
0.303698
0.828261
-1.2234
0.596345

-0.470906
-0.303698
-0.828261
0.254765
0.0670091

-0.976794
-0.214182
0
0.985538
2.75538e-05

0.976794
0.214182
0
-0.373451
0.0609514

-0.777805
0.0783402
-0.623604
0.689131
0.0202632

0.916562
0.399893
0
-2.3468
3.0596

-0.916562
-0.399893
0
-1.85171
2.22137

-0.832512
-0.554007
0
0.779194
0.00336481

0.832512
0.554007
0
-0.785637
0.219085

0.836537
-0.329796
-0.437539
0.496282
0.0147743

-0.836537
0.329796
0.437539
0.163757
0.0406542

0.804667
0.187583
-0.563315
0.599847
0.00578004

-0.804667
-0.187583
0.563315
0.591378
0.00602562

0.249635
-0.300653
0.920484
0.180852
0.1167

-0.249635
0.300653
-0.920484
-2.76138
2.46031

-0.828085
-0.392357
0.400415
0.348027
0.0437665

0.905452
0.394893
-0.155615
-1.6077
0.936017

-0.905452
-0.394893
0.155615
0.185658
0.0912897

-0.650317
0.457254
-0.606636
0.496305
0.147793

0.650317
-0.457254
0.606636
-21.3866
291.723

-0.37036
0.928888
0
0.742233
0.00157553

0.849438
0.090945
-0.519792
-0.221207
0.0940371

-0.849438
-0.090945
0.519792
0.640546
0.00817411

0.194953
-0.139022
-0.97091
-1.24985
0.45425

-0.194953
0.139022
0.97091
0.686755
0.00884444

0.171481
0.401834
0.899513
0.490471
0.0320495

-0.171481
-0.401834
-0.899513
-1.85816
1.0082

-0.237127
0.248655
-0.939117
-0.867356
0.507734

0.237127
-0.248655
0.939117
-0.446078
0.304661

-0.264654
-0.870411
-0.415143
-0.612736
0.1556

0.264654
0.870411
0.415143
0.82408
0.001868

0.490896
0.662578
0.565696
0.67142
0.0122567

0.269084
-0.0806893
0.959731
0.957963
0.000101056

0.414968
-0.579002
-0.701824
-0.487025
0.0727672

-0.414968
0.579002
0.701824
0.989989
3.4857e-06

0.59007
-0.641111
-0.490708
-0.861885
0.22535

-0.234865
0.849542
-0.472352
0.842801
0.000885904

0.795046
0.606549
0
0.574149
0.0169149

-0.795046
-0.606549
0
-0.0778241
0.0808394

-0.313653
-0.0880327
0.945448
0.830802
0.00327258

0.294008
-0.38075
0.876692
0.790948
0.00258967

-0.294008
0.38075
-0.876692
-0.476825
0.129153

0.948447
0.316935
0
0.159316
0.0496057

-0.948447
-0.316935
0
0.586534
0.0171186

0.794352
-0.182779
0.579307
0.668894
0.00936507

0.277903
0.245037
0.928831
0.883221
0.00132666

0.208247
-0.368728
0.90591
0.742554
0.0124685

-0.208247
0.368728
-0.90591
-5.43615
7.71514

-0.10616
0.364201
0.92525
0.374627
0.0529006

0.447214
0.894427
0
0.566258
0.144456

-0.447214
-0.894427
0
-2.64774
0.798802

0.40011
0.0334984
-0.915855
0.00204647
0.0329738

-0.40011
-0.0334984
0.915855
0.927935
0.00017223

-0.175055
0.690353
-0.701975
0.789117
0.00371942

0.175055
-0.690353
0.701975
-1.38078
0.472209

0.0626073
-0.141974
-0.987889
-9.89193
36.0226

-0.0626073
0.141974
0.987889
0.639935
0.0393748

-0.342339
-0.0275527
-0.939173
-9.4393
23.5645

0.342339
0.0275527
0.939173
0.966189
0.000265396

0.512076
0.0858908
0.854635
0.894681
0.00162873

-0.512076
-0.0858908
-0.854635
-4.66381
4.57663

-0.606957
-0.0151635
-0.79459
-5.31912
7.64703

0.606957
0.0151635
0.79459
0.687943
0.0186614

0.219291
-0.162747
0.96199
0.864291
0.00152493

-0.219291
0.162747
-0.96199
-1.6216
0.551598

0.594164
-0.284731
-0.752262
-0.794323
0.254464

-0.594164
0.284731
0.752262
0.660809
0.00918846

-0.00650904
0.837477
-0.546433
-0.341058
0.151794

0.00650904
-0.837477
0.546433
0.35433
0.0352021

-0.89017
-0.455628
0
-3.4587
2.64538

0.89017
0.455628
0
0.748949
0.013689

0.144329
0.646342
0.749274
0.400356
0.136954

-0.144329
-0.646342
-0.749274
-11.6884
61.3101

0.428376
-0.800475
-0.419207
-0.17996
0.119711

-0.428376
0.800475
0.419207
0.210108
0.0536736

-0.162029
0.618314
-0.769047
-1.6619
0.685307

0.162029
-0.618314
0.769047
0.729393
0.00717044

0.486605
-0.456438
-0.744903
-0.559893
0.24294

-0.486605
0.456438
0.744903
0.219587
0.06094

0.247999
0.247061
0.936727
0.758646
0.00731507

0.898254
-0.172752
-0.404099
0.826927
0.00291456

-0.898254
0.172752
0.404099
-2.12612
0.950283

-0.788316
0.00504122
0.61525
0.195481
0.0460117

0.788316
-0.00504122
-0.61525
0.195481
0.0460117

-0.628087
0.132239
0.766825
0.932928
0.0033474

0.628087
-0.132239
-0.766825
-36.0406
1013.53

0.362047
-0.736764
0.571052
0.677982
0.00541192

-0.362047
0.736764
-0.571052
0.0412507
0.0478788

-0.81211
-0.394803
0.429659
0.482633
0.0171259

-0.619767
-0.53062
0.578214
0.571081
0.00788197

0.619767
0.53062
-0.578214
0.463479
0.0123051

-0.182757
-0.701439
0.6889
0.261597
0.0132777

0.182757
0.701439
-0.6889
0.950012
7.43989e-05

-0.518308
0.434805
-0.736411
-0.381892
0.0980857

0.518308
-0.434805
0.736411
0.848864
0.00121796

0.366482
0.708121
-0.603536
-0.344769
0.127304

-0.366482
-0.708121
0.603536
0.58989
0.0119035

-0.178963
0.874129
-0.451521
0.109466
0.0563817

0.178963
-0.874129
0.451521
0.301914
0.0349516

0.0668024
0.205274
-0.976422
-13.97
64.968

-0.0668024
-0.205274
0.976422
0.984817
6.7384e-05

0.53862
-0.638546
0.54968
0.908055
0.00329726

0.93371
-0.0620171
0.352619
-0.530276
0.415025

-0.93371
0.0620171
-0.352619
-1.5628
1.1639

0.863858
-0.166012
0.475593
0.439874
0.018613

-0.863858
0.166012
-0.475593
0.208569
0.0371143

-0.34377
0.189025
-0.919832
-0.258983
0.197083

0.34377
-0.189025
0.919832
-0.566282
0.304986

0.522358
0.194307
0.830293
0.94499
0.00222061

-0.0517704
0.140764
0.988689
0.329248
0.025639

0.0517704
-0.140764
-0.988689
0.39259
0.0210596

0.946048
0.324028
0
0.243354
0.0368942

-0.946048
-0.324028
0
0.298366
0.0317295

0.0142113
-0.239651
-0.970755
-0.86407
0.261847

-0.0142113
0.239651
0.970755
0.729271
0.00560891

-0.58643
0.413281
0.696634
0.417385
0.0252301

0.58643
-0.413281
-0.696634
-0.158715
0.0997571

-0.421384
-0.887811
-0.185004
0.742672
0.00635382

0.421384
0.887811
0.185004
-1.68016
0.688727

-0.540763
-0.841175
0
0.0560331
0.202386

0.540763
0.841175
0
-3.87587
5.01241

0.186713
-0.0591322
0.980633
-1.61231
1.18498

-0.186713
0.0591322
-0.980633
-0.427153
0.353688

-0.226721
-0.46246
0.857163
0.846758
0.00457617

0.226721
0.46246
-0.857163
-6.50884
10.8251

-0.407483
0.822925
-0.395918
0.209595
0.0792482

0.407483
-0.822925
0.395918
-1.32282
0.683984

0.617708
0.648092
-0.445436
0.776187
0.00309639

-0.617708
-0.648092
0.445436
-0.506696
0.139276

0.294229
-0.0821281
0.9522
0.971969
0.000303729

-0.294229
0.0821281
-0.9522
-17.5866
126.701

-0.111819
0.28351
0.952428
0.527783
0.0282856

0.111819
-0.28351
-0.952428
-2.08399
1.20539

-0.84088
0.489096
0.231744
0.175213
0.0560784

0.84088
-0.489096
-0.231744
-0.0498239
0.0908448

-0.822567
0.461946
-0.331646
0.921719
0.000523454

0.822567
-0.461946
0.331646
-2.17894
0.848235

0.458823
-0.182087
-0.86967
-4.77034
4.61261

-0.458823
0.182087
0.86967
0.923176
0.000821495

-0.233043
0.772228
-0.591063
-1.34042
0.622559

0.233043
-0.772228
0.591063
0.414896
0.0390038

0.34996
0.936765
0
-1.6767
0.41175

-0.34996
-0.936765
0
0.936383
0.00651792

-0.905142
-0.409123
-0.115486
0.832273
0.00118838

0.993064
-0.117576
0
0.808396
0.000672696

-0.993064
0.117576
0
0.777431
0.000907182

-0.0776572
-0.0183279
0.996812
0.987321
2.19059e-05

-0.272987
-0.559253
-0.78276
-0.772523
0.203065

0.272987
0.559253
0.78276
0.818053
0.0022009

-0.769615
-0.191006
0.60927
-0.170785
0.10852

-0.36375
0.268891
0.891843
0.846758
0.00567374

0.0486746
-0.635892
-0.770242
0.112762
0.0366902

-0.0486746
0.635892
0.770242
0.727244
0.00348468

-0.441546
-0.672948
0.593446
0.950685
0.000424131

0.551251
0.62097
0.557242
0.204048
0.0621468

-0.551251
-0.62097
-0.557242
-0.486661
0.216559

0.350896
-0.436981
0.828203
0.826743
0.00585311

-0.350896
0.436981
-0.828203
-6.44574
10.7953

0.0571674
-0.107139
-0.992599
-0.419497
0.125393

-0.0571674
0.107139
0.992599
0.735309
0.00436806

-0.330497
-0.220331
0.917729
0.959351
0.000499332

-0.419046
0.742427
-0.522688
-3.00231
2.57903

0.419046
-0.742427
0.522688
0.426987
0.0529467

-0.502712
0.699125
0.508434
0.788272
0.00280888

0.502712
-0.699125
-0.508434
-0.56901
0.152658

0.166727
0.959271
-0.228038
-0.0159566
0.0795076

-0.166727
-0.959271
0.228038
0.258758
0.0423296

0.22466
0.69918
-0.67873
0.945538
0.000305142

-0.666524
0.506215
0.547259
0.595847
0.0325553

0.666524
-0.506215
-0.547259
-5.14717
7.52748

-0.398378
-0.63339
-0.66341
0.930207
0.000185511

-0.396158
-0.0597278
0.916238
0.923357
0.000432145

0.661097
-0.22019
-0.717264
-1.81483
0.710061

-0.661097
0.22019
0.717264
0.828005
0.00265212

0.107082
-0.10016
0.989192
0.839147
0.000822697

-0.107082
0.10016
-0.989192
0.343773
0.0136391

-0.906813
0.0632794
0.416757
0.32312
0.0355939

0.906813
-0.0632794
-0.416757
-0.112557
0.0960841

-0.677057
-0.735931
0
-1.14537
0.703738

0.677057
0.735931
0
-0.373046
0.290852

0.702622
0.711563
0
-1.32282
0.681449

-0.702622
-0.711563
0
0.209595
0.08248

-0.895695
0.297855
-0.330171
-0.552319
0.183737

0.895695
-0.297855
0.330171
0.599888
0.0122266

-0.27207
0.824037
-0.496932
0.541058
0.0579265

0.27207
-0.824037
0.496932
-8.00094
22.2558

-0.274388
-0.758172
0.591512
0.910609
0.00060316

0.274388
0.758172
-0.591512
-1.60664
0.497137

0.361997
-0.408246
0.838029
0.600391
0.0104723

-0.361997
0.408246
-0.838029
-0.193228
0.0923532

-0.133025
-0.587881
0.797935
0.670624
0.00801499

0.133025
0.587881
-0.797935
-0.611798
0.189481

-0.921145
-0.389219
0
0.0708699
0.102891

-0.330177
0.434672
0.83788
0.894232
0.00115784

0.330177
-0.434672
-0.83788
-2.66791
1.33934

0.963657
-0.179201
-0.198121
0.164136
0.0568426

-0.963657
0.179201
0.198121
-0.0113946
0.083218

0.956909
0.115242
-0.26654
-0.851203
0.356256

-0.956909
-0.115242
0.26654
0.323197
0.0476375

0.0690596
0.411085
-0.908977
-0.622555
0.270999

-0.0690596
-0.411085
0.908977
0.204946
0.0652725

0.209586
0.716914
-0.664912
0.816903
0.00172434

-0.209586
-0.716914
0.664912
-0.272603
0.0830724

-0.75159
-0.175718
0.635796
0.835393
0.00895756

0.75159
0.175718
-0.635796
-12.9324
63.8828

0.650952
-0.060414
0.756711
0.780142
0.0034731

-0.650952
0.060414
-0.756711
-0.853111
0.24191

-0.20523
-0.63848
-0.741771
-8.39013
22.7365

0.20523
0.63848
0.741771
0.712427
0.0214182

-0.662758
0.454756
0.594937
0.611559
0.00292169

-0.493196
0.0120798
0.869834
0.306877
0.0589833

0.493196
-0.0120798
-0.869834
-1.39056
0.700954

0.87267
0.360331
-0.329558
0.855036
0.000638028

-0.87267
-0.360331
0.329558
0.362195
0.0122066

0.57031
-0.0455654
0.820165
-0.598536
0.164954

-0.57031
0.0455654
-0.820165
0.768642
0.00347571

-0.0218364
-0.963868
0.265484
-17.2922
126.443

0.0218364
0.963868
-0.265484
0.943542
0.00120693

-0.078469
-0.406045
0.910478
0.488799
0.0466265

0.078469
0.406045
-0.910478
-3.85995
4.21287

0.131433
-0.347915
0.928267
0.905479
0.00284945

-0.0814475
0.438508
0.895029
-0.585717
0.153797

0.0814475
-0.438508
-0.895029
0.802471
0.0024077

-0.139013
-0.401765
0.90513
0.0547233
0.0386311

0.347783
0.278284
-0.895324
-0.416761
0.141049

-0.347783
-0.278284
0.895324
0.62528
0.00990091

-0.36701
0.200734
-0.9083
-0.773304
0.189309

0.36701
-0.200734
0.9083
0.859987
0.00119645

-0.146731
0.762378
0.630278
0.462854
0.016219

0.159014
-0.887192
-0.433133
-3.03143
2.59279

-0.159014
0.887192
0.433133
0.452799
0.0478229

-0.44935
-0.444059
0.775175
0.921934
0.00310392

0.44935
0.444059
-0.775175
-23.3655
299.577

0.077585
-0.873638
0.480351
0.495948
0.0073235

-0.886586
0.462563
0
0.479052
0.0254367

0.886586
-0.462563
0
-0.192251
0.109731

-0.235373
-0.543305
-0.805866
-1.2583
0.917259

0.235373
0.543305
0.805866
-0.829211
0.601943

-0.339022
0.912633
-0.228396
-0.775489
0.271846

0.339022
-0.912633
0.228396
0.556128
0.017001

-0.123662
-0.537797
0.833956
0.793493
0.00354877

0.123662
0.537797
-0.833956
-1.38722
0.473043

-0.108734
-0.226953
-0.967817
-24.002
300.702

0.108734
0.226953
0.967817
0.977942
0.000246707

0.145406
0.44067
0.885814
0.729006
0.00925556

-0.145406
-0.44067
-0.885814
-2.8109
1.82886

-0.922264
-0.220718
0.317352
-0.126326
0.14475

0.922264
0.220718
-0.317352
-0.471117
0.246909

0.98843
-0.132843
-0.0732069
0.322511
0.0274616

-0.442568
0.225791
-0.867843
0.958125
0.000207159

0.442568
-0.225791
0.867843
-3.70505
2.37365

0.105051
0.750086
0.652944
0.488799
0.0467137

-0.105051
-0.750086
-0.652944
-3.85995
4.21128

0.221104
0.192181
0.956127
0.952041
0.000369785

0.891186
0.351264
-0.287057
-0.187674
0.14364

-0.891186
-0.351264
0.287057
-0.118841
0.127476

-0.0454695
0.326195
-0.944209
-23.5187
300.022

0.0454695
-0.326195
0.944209
0.938704
0.00187605

0.332516
-0.355382
-0.873577
-2.0395
0.82952

-0.332516
0.355382
0.873577
0.865958
0.00167316

0.106653
-0.808355
-0.578954
0.884401
0.00158767

-0.106653
0.808355
0.578954
-3.43306
2.32378

0.186498
-0.325323
-0.927029
-10.0761
36.3036

-0.186498
0.325323
0.927029
0.708734
0.0251138

-0.539848
-0.380944
0.75063
0.576545
0.0223463

0.539848
0.380944
-0.75063
-2.13802
1.22022

-0.962055
0.183882
-0.201586
0.718775
0.0060113

0.962055
-0.183882
0.201586
-0.852651
0.260626

-0.448026
0.157539
-0.880031
0.702352
0.00334352

0.29776
0.784556
0.543885
0.779936
0.00406755

-0.29776
-0.784556
-0.543885
-1.36754
0.470529

-0.750112
0.661311
0
-0.513152
0.326325

0.750112
-0.661311
0
-0.641869
0.38135

0.892677
0.337595
0.298592
-0.0149289
0.0878895

-0.892677
-0.337595
-0.298592
0.0816694
0.0719603

-0.595712
-0.46398
0.655629
-0.600111
0.100056

-0.330921
0.764849
-0.552718
0.979897
1.61495e-05

0.810535
-0.252319
-0.528553
0.677453
0.00320234

-0.810535
0.252319
0.528553
0.634694
0.00409937

0.320391
0.390347
0.863122
0.893397
0.00310034

-0.320391
-0.390347
-0.863122
-10.753
37.0987

0.276151
-0.0602511
0.959224
0.958443
0.000334557

0.00539422
0.794079
0.607791
0.741877
0.00292006

-0.00539422
-0.794079
-0.607791
0.190877
0.0283016

0.217478
0.0611885
-0.974145
-0.476492
0.091138

0.221302
0.103545
0.969693
0.751955
0.00662385

0.977862
-0.158241
0.136916
0.990555
1.31281e-05

-0.977862
0.158241
-0.136916
-6.45797
8.11759
