
-0.375403
0.115529
-0.919634
-16.3281
124.591

0.375403
-0.115529
0.919634
0.773674
0.0212673

-0.869771
-0.434903
-0.233146
0.821572
0.000943431

0.869771
0.434903
0.233146
0.453978
0.00876871

0.442583
0.886479
-0.135183
0.0620193
0.066784

-0.442583
-0.886479
0.135183
0.214881
0.0467917

0.917045
0.0115806
0.398615
0.524547
0.00711337

-0.917045
-0.0115806
-0.398615
0.747939
0.00201966

0.326471
-0.54152
-0.774708
-0.941423
0.291256

-0.326471
0.54152
0.774708
0.731635
0.00558652

0.329452
0.140746
0.933623
0.927717
0.00032937

-0.520369
-0.10644
-0.847282
-0.501772
0.218686

0.520369
0.10644
0.847282
0.233794
0.0570901

-0.181494
0.982378
0.0446366
-3.07141
2.22179

0.181494
-0.982378
-0.0446366
0.714837
0.0108999

0.0974856
0.957097
0.272878
0.304316
0.0303059

-0.0974856
-0.957097
-0.272878
0.278312
0.0326126

-0.0916514
-0.207286
0.973978
0.738444
0.00554159

0.0136957
-0.201664
0.979359
0.725256
0.0155532

-0.0136957
0.201664
-0.979359
-6.17728
10.6124

-0.655744
-0.0389713
0.753977
0.771805
0.00286763

0.655744
0.0389713
-0.753977
-0.226316
0.0809481

-0.30852
0.0714955
-0.948527
0.876812
0.00122403

-0.667649
0.687714
-0.285122
-2.98763
1.87661

0.667649
-0.687714
0.285122
0.823264
0.00369472

-0.472497
0.666113
0.577096
0.562468
0.0116659

0.472497
-0.666113
-0.577096
-0.0131848
0.062527

0.0402502
-0.499935
-0.865127
-2.54012
1.5122

-0.0402502
0.499935
0.865127
0.715806
0.00977543

-0.483912
-0.642229
-0.59445
0.77496
0.0172005

0.483912
0.642229
0.59445
-12.6914
63.4904

0.204905
0.196269
0.958902
0.961533
0.000259631

-0.302008
0.336638
0.891889
0.916414
0.00521105

0.042406
-0.939433
0.340098
0.347229
0.0643067

-0.042406
0.939433
-0.340098
-2.41297
1.75759

-0.587323
-0.694038
0.416368
0.809357
0.00199278

0.587323
0.694038
-0.416368
-0.372271
0.103026

0.727257
-0.394546
-0.561633
-0.598566
0.136273

-0.727257
0.394546
0.561633
0.882228
0.00076074

-0.842492
0.394851
0.366468
-2.685
1.54887

0.842492
-0.394851
-0.366468
0.800156
0.00457092

-0.553511
0.641112
-0.531602
-2.21809
1.61831

0.553511
-0.641112
0.531602
0.195485
0.101247

0.388885
0.527748
-0.755149
0.639397
0.00889774

-0.388885
-0.527748
0.755149
-0.38157
0.130162

0.667499
0.744611
0
0.306877
0.0603726

-0.667499
-0.744611
0
-1.39056
0.699522

-0.954087
0.299529
0
-1.04786
0.461227

0.954087
-0.299529
0
0.33131
0.0492001

0.0161539
0.893516
0.448741
-0.148846
0.179276

-0.0161539
-0.893516
-0.448741
-0.99624
0.541103

0.697091
0.407642
-0.589824
0.96339
0.00015273

-0.697091
-0.407642
0.589824
-4.08522
2.93022

0.655779
-0.40727
-0.635676
0.959884
3.43441e-05

0.591653
0.764346
0.256363
0.428438
0.0126619

0.281905
0.791152
-0.542778
-0.380692
0.138001

-0.281905
-0.791152
0.542778
0.576479
0.0129982

0.0577636
-0.331267
-0.941767
-12.1063
62.33

-0.0577636
0.331267
0.941767
0.582069
0.063385

0.365814
0.297198
0.88196
0.400429
0.0354212

-0.365814
-0.297198
-0.88196
-0.816817
0.323483

-0.246634
0.538685
-0.8056
0.996763
1.74992e-06

-0.273743
0.833103
-0.48063
0.582751
0.00664666

0.273743
-0.833103
0.48063
0.553817
0.00759935

-0.205705
0.712981
0.670331
0.51453
0.0130209

0.205705
-0.712981
-0.670331
0.213619
0.0341501

-0.647943
0.761689
0
0.962445
4.9703e-05

0.647943
-0.761689
0
-0.0660396
0.0342965

0.103418
0.206302
-0.973008
0.17212
0.0360908

-0.103418
-0.206302
0.973008
0.598729
0.00859877

0.0453154
0.701532
0.711195
0.0379578
0.0407838

-0.0453154
-0.701532
-0.711195
0.796736
0.00183682

0.531966
-0.475294
-0.700791
-6.651
10.9116

-0.531966
0.475294
0.700791
0.886828
0.00239583

0.0110991
0.601878
0.798511
0.739954
0.0108811

0.290951
-0.317988
-0.902348
-5.53516
7.77374

-0.290951
0.317988
0.902348
0.783961
0.00859954

0.311323
-0.854919
0.414959
0.290131
0.0359611

-0.311323
0.854919
-0.414959
0.0882105
0.0593015

0.0744778
-0.163519
0.983725
0.976221
0.000206914

0.234985
-0.57951
0.780352
0.759115
0.00347725

-0.234985
0.57951
-0.780352
-0.358743
0.108283

-0.45277
0.285171
-0.844794
-0.815019
0.206175

0.45277
-0.285171
0.844794
0.847911
0.0014629

-0.532444
0.346851
-0.772138
0.16189
0.0312274

0.532444
-0.346851
0.772138
0.735378
0.00312039

-0.0441508
0.725145
0.687179
0.783368
0.00238453

0.505391
0.453949
-0.733833
-0.314543
0.11152

-0.505391
-0.453949
0.733833
0.662772
0.00742192

0.136373
-0.378355
-0.91556
-3.22946
2.26842

-0.136373
0.378355
0.91556
0.800119
0.00516411

0.298812
0.846192
0.441215
0.615451
0.0172333

-0.435879
-0.0371121
0.89924
0.705531
0.00632097

-0.0469461
-0.02509
-0.998582
0.933191
0.000366421

0.0469461
0.02509
0.998582
-1.78659
0.568174

-0.767236
0.529411
0.362041
-0.418951
0.382379

0.767236
-0.529411
-0.362041
-2.06386
1.77815

0.507545
0.561273
-0.653736
0.993314
3.30357e-05

-0.820978
-0.424066
0.382313
-0.865896
0.261998

0.820978
0.424066
-0.382313
0.730924
0.00546905

-0.970723
-0.0217415
-0.239214
-1.59
0.747578

0.970723
0.0217415
0.239214
0.543124
0.0232756

0.164422
-0.441215
-0.88221
-13.4437
64.5516

-0.164422
0.441215
0.88221
0.930345
0.00150953

-0.237615
0.48664
-0.840667
-2.17209
0.957198

0.237615
-0.48664
0.840667
0.850089
0.00219968

0.543576
-0.158763
0.824208
0.509627
0.0496156

-0.705977
0.410089
-0.577428
0.646281
0.00537693

0.705977
-0.410089
0.577428
0.357421
0.017718

0.703324
-0.220712
-0.675737
-0.549532
0.209909

-0.703324
0.220712
0.675737
0.427486
0.028756

-0.181179
-0.852962
0.489521
0.94783
5.84493e-05

0.181179
0.852962
-0.489521
0.403996
0.0074006

0.352999
0.81775
-0.454618
0.499024
0.0257853

-0.352999
-0.81775
0.454618
-1.17437
0.48482

-0.307421
0.652545
0.692587
0.558749
0.0163637

0.783185
-0.498639
0.371457
-0.254224
0.243189

-0.783185
0.498639
-0.371457
-1.34863
0.852582

-0.109613
-0.888619
0.445355
0.995316
1.37032e-06

0.109613
0.888619
-0.445355
-0.792135
0.117536

-0.281461
-0.821483
-0.495928
0.788979
0.00183267

0.281461
0.821483
0.495928
0.155915
0.0292274

0.50269
0.359724
0.786067
0.338577
0.0771275

-0.50269
-0.359724
-0.786067
-3.26206
3.19373

0.833421
0.28484
-0.473578
-1.27484
0.417412

-0.833421
-0.28484
0.473578
0.787245
0.00408069

0.783352
-0.1231
-0.609267
0.647706
0.00809055

-0.783352
0.1231
0.609267
-0.302863
0.110564

0.877257
0.480021
0
-1.6008
0.589008

-0.877257
-0.480021
0
0.779552
0.00924383

-0.130255
0.416776
0.899629
0.910757
0.000218253

0.119473
0.944244
-0.306805
-0.0173213
0.0412575

-0.119473
-0.944244
0.306805
0.871293
0.000765487

0.499307
0.239861
-0.832562
-1.01703
0.382851

-0.499307
-0.239861
0.832562
0.549253
0.0192679

0.137556
-0.555042
0.82037
0.973007
0.000278032

-0.137556
0.555042
-0.82037
-17.5999
126.736

0.50284
-0.839416
0.206232
0.356384
0.0365042

-0.50284
0.839416
-0.206232
-0.448132
0.184754

-0.726034
0.434955
0.532625
0.759522
0.0167863

0.969348
0.223558
-0.101908
-0.311442
0.0848507

-0.969348
-0.223558
0.101908
0.849766
0.00111435

-0.103629
-0.598674
0.794261
0.727857
0.00776022

0.414193
-0.0992299
-0.904764
0.980355
1.94505e-05

-0.414193
0.0992299
0.904764
-1.06993
0.203898

-0.81211
-0.394803
0.429659
0.482633
0.0171259

0.0457711
0.0957684
0.994351
0.966068
0.000219749

-0.0457711
-0.0957684
-0.994351
-8.09859
15.7897

-0.0699081
-0.099751
-0.992554
-37.053
1016.24

0.0699081
0.099751
0.992554
0.991648
5.39923e-05

0.464312
0.554958
-0.690243
-0.366656
0.121798

-0.464312
-0.554958
0.690243
0.675632
0.00693334

-0.337083
0.378039
0.862242
0.847077
0.00224895

-0.943495
-0.331386
0
-0.271001
0.0923212

0.943495
0.331386
0
0.746259
0.00377186

0.488564
0.583381
-0.648823
-2.10055
0.660755

-0.488564
-0.583381
0.648823
0.978624
3.68808e-05

0.66874
0.00529783
0.743478
-1.45576
1.11736

-0.66874
-0.00529783
-0.743478
-0.774282
0.583431

0.194416
0.251686
-0.948081
-5.8253
7.92717

-0.194416
-0.251686
0.948081
0.881833
0.00239208

-0.379034
-0.596489
-0.707484
0.925643
0.000112059

0.379034
0.596489
0.707484
0.641435
0.00218558

0.584818
0.0957707
-0.805491
0.430744
0.0113463

-0.584818
-0.0957707
0.805491
0.740633
0.00235767

0.954014
0.266808
0.136638
0.669394
0.00837414

-0.954014
-0.266808
-0.136638
-0.734214
0.230338

0.445566
-0.223909
-0.866796
0.860861
0.00108771

-0.445566
0.223909
0.866796
-0.613574
0.145967

0.399006
-0.828637
0.392626
0.674806
0.0124938

-0.399006
0.828637
-0.392626
-2.26098
1.25355

-0.346757
0.692003
-0.633159
-1.05339
0.555472

0.346757
-0.692003
0.633159
-0.0341671
0.140928

0.776609
0.0788576
0.625029
0.647462
0.00377559

-0.776609
-0.0788576
-0.625029
0.665772
0.00339403

-0.168609
-0.697631
-0.696334
-0.158506
0.241194

0.168609
0.697631
0.696334
-2.21807
1.85936

-0.298214
-0.690966
-0.658509
-1.5185
0.595438

0.298214
0.690966
0.658509
0.720168
0.00741709

-0.796369
-0.441453
0.413419
0.967394
3.76431e-05

-0.810102
-0.189132
-0.554945
0.0226595
0.0805327

0.810102
0.189132
0.554945
0.0697514
0.0729674

0.289071
-0.448062
-0.845978
-4.19044
4.38918

-0.289071
0.448062
0.845978
0.701031
0.0145931

0.496165
0.485207
0.719996
0.689929
0.0157605

-0.496165
-0.485207
-0.719996
-4.17002
4.37998

0.0772231
0.338986
-0.937617
-2.82828
1.36448

-0.0772231
-0.338986
0.937617
0.94413
0.000290979

-0.95772
-0.287701
0
-0.111699
0.0550165

0.383195
-0.0545398
0.922056
0.599888
0.0122237

-0.383195
0.0545398
-0.922056
-0.552319
0.183734

0.0245928
0.546206
0.83729
0.79206
0.000512071

-0.0245928
-0.546206
-0.83729
0.923159
7.12265e-05

-0.601779
-0.798663
0
0.768959
0.00306092

0.601779
0.798663
0
0.203143
0.0280237

-0.909482
-0.22737
-0.34806
-0.130326
0.0794636

-0.287436
0
0.9578
0.855488
0.00406374

0.287436
0
-0.9578
-6.53783
10.8396

-0.0852414
0.31293
-0.945943
-2.44795
1.70818

0.0852414
-0.31293
0.945943
0.448331
0.0437923

0.126383
0.279176
0.951886
0.915661
0.000994897

-0.702333
0.711849
0
-8.82663
23.0978

0.702333
-0.711849
0
0.851799
0.00558726

-0.358187
-0.0162881
0.933508
0.951498
0.000207241

-0.469313
0.215173
0.856415
0.995264
4.60838e-06

0.22951
0.598623
0.767447
0.618471
0.0100865

0.506262
-0.213287
-0.835588
-0.438358
0.126667

-0.506262
0.213287
0.835588
0.754608
0.00369648

-0.0364841
-0.993269
-0.109934
-3.90528
2.40028

0.0364841
0.993269
0.109934
0.987899
1.46975e-05

0.320789
0.851228
-0.415338
0.44072
0.0217925

-0.320789
-0.851228
0.415338
-0.0665593
0.079228

0.544332
0.212076
0.81162
0.693516
0.0279689

-0.63547
0.730666
-0.249611
0.138533
0.0823815

0.63547
-0.730666
0.249611
-0.744599
0.337797

0.450551
-0.262296
0.853349
0.870671
0.000749024

-0.450551
0.262296
-0.853349
-0.212968
0.0657615

-0.6665
-0.561379
0.490542
0.393067
0.0222077

0.446414
-0.837616
-0.314824
-0.791873
0.190517

-0.446414
0.837616
0.314824
0.871573
0.000985895

-0.0672797
-0.986774
-0.147482
-0.764049
0.202337

-0.239609
0.790399
0.563789
0.690565
0.00615848

0.239609
-0.790399
-0.563789
-0.0965017
0.0685254

0.306262
-0.55775
-0.771439
-1.13312
0.633667

-0.306262
0.55775
0.771439
-0.118559
0.174434

0.937065
-0.141207
0.319327
0.356383
0.0517993

-0.937065
0.141207
-0.319327
-1.57445
0.828723

-0.196085
-0.919811
-0.33985
-0.379173
0.231668

-0.909587
-0.036424
0.413914
-1.18778
0.534603

0.558932
0.582544
-0.590117
-0.278962
0.0716193

-0.558932
-0.582544
0.590117
0.896227
0.000491835

0.871719
-0.336813
-0.355898
-16.9535
125.926

-0.871719
0.336813
0.355898
0.897738
0.00408643

0.895104
-0.268368
-0.356044
-9.11393
34.5778

-0.895104
0.268368
0.356044
0.247722
0.191354

-0.479292
0.509956
-0.7143
0.493936
0.00511855

0.479292
-0.509956
0.7143
0.932468
9.35648e-05

0.760398
-0.423224
0.492622
-0.501231
0.204043

-0.760398
0.423224
-0.492622
0.346904
0.038672

0.795996
-0.548694
0.255588
-0.467894
0.145122

-0.795996
0.548694
-0.255588
0.687313
0.00659498

0.604708
-0.228174
-0.763063
0.537005
0.0111068

-0.604708
0.228174
0.763063
0.271658
0.0274848

-0.442836
-0.00500592
-0.896588
-8.16541
15.8124

0.442836
0.00500592
0.896588
0.973929
0.000128094

-0.163582
-0.331403
0.9292
0.920871
0.000111322

-0.360251
-0.424204
0.830825
-0.930848
0.268406

0.360251
0.424204
-0.830825
0.785462
0.00333379

0.95067
0.148835
0.272167
-0.365399
0.0704754

0.912584
-0.286344
0.291888
0.809431
0.00243558

-0.912584
0.286344
-0.291888
-0.823983
0.222306

-0.80024
-0.141326
0.582788
0.962873
6.90249e-05

0.80024
0.141326
-0.582788
-0.727126
0.133018

-0.726498
0.687169
0
0.158305
0.0815194

0.726498
-0.687169
0
-0.843642
0.385893

-0.110592
0.756663
-0.644383
0.943585
0.000132608

0.110592
-0.756663
0.644383
-0.398144
0.0793338

-0.729859
0.0827853
-0.678567
-0.475173
0.200885

0.729859
-0.0827853
0.678567
0.299925
0.0453466

0.827686
0.504863
0.24505
-0.307262
0.124164

-0.827686
-0.504863
-0.24505
0.534433
0.0157593

-0.56857
0.153427
-0.808201
-36.3711
1014.73

0.56857
-0.153427
0.808201
0.958476
0.00126936

0.398615
0.762293
0.509917
0.303921
0.02633

-0.677564
0.296024
0.673259
0.740934
0.015221

0.677564
-0.296024
-0.673259
-7.19698
15.2207

0.91887
0.394561
0
-0.535899
0.195563

-0.91887
-0.394561
0
0.578585
0.0262697

0.329591
0.0131753
-0.944032
-13.0676
64.0903

-0.329591
-0.0131753
0.944032
0.864787
0.00593925

-0.580813
0.596909
-0.553495
0.445657
0.014154

0.580813
-0.596909
0.553495
0.515311
0.010832

0.18718
0.816146
-0.54669
0.113645
0.03966

-0.18718
-0.816146
0.54669
0.666243
0.00566148

-0.0528006
0.375849
0.925175
-0.171948
0.04861

0.0528006
-0.375849
-0.925175
0.943067
0.000115069

-0.461022
0.256159
-0.849613
-0.693351
0.150383

0.461022
-0.256159
0.849613
0.908303
0.000479319

-0.551109
0.190506
0.812395
0.289032
0.0407118

0.112227
-0.610903
0.783711
0.962305
9.18472e-05

-0.112227
0.610903
-0.783711
-1.20322
0.266154

0.615757
-0.69702
-0.367432
-0.671732
0.454671

-0.615757
0.69702
0.367432
-1.02278
0.665638

0.228521
-0.125272
-0.965446
0.97384
1.75093e-05

0.360984
0.197297
0.911463
0.898882
0.000972644

-0.400769
0.234932
-0.885546
0.547604
0.00459138

0.400769
-0.234932
0.885546
0.884145
0.00031461

0.315777
0.0925428
-0.94431
-3.68084
4.97772

-0.315777
-0.0925428
0.94431
-0.170209
0.311587

-0.161636
0.98685
0
-0.330339
0.11904

0.161636
-0.98685
0
0.629434
0.00925726

-0.61715
0.0903503
0.781641
-0.49783
0.138629

0.61715
-0.0903503
-0.781641
0.767935
0.00332887

0.0731143
-0.295197
0.952635
0.933896
0.000682684

0.332712
-0.398079
0.854889
0.70302
0.0112824

0.138501
0.490106
0.860589
0.877041
0.00317376

-0.138501
-0.490106
-0.860589
-7.62444
15.5464

0.886308
-0.446012
0.124624
0.833703
0.0032825

-0.886308
0.446012
-0.124624
-3.08171
1.97721

-0.0933548
0.329509
0.939526
0.931275
0.000108274

-0.736856
0.0666035
-0.67276
0.928032
0.000189125

0.725843
0.541346
0.424377
0.613564
0.0125059

-0.725843
-0.541346
-0.424377
-0.823735
0.27779

-0.0992077
-0.615516
0.781855
0.827997
0.00174524

-0.420371
0.494891
-0.760508
0.488799
0.0466481

0.420371
-0.494891
0.760508
-3.85995
4.21247

0.234973
0.125728
0.963836
-0.587524
0.164418

0.496593
-0.0183324
-0.86779
0.198662
0.0500721

-0.496593
0.0183324
0.86779
0.0387589
0.0719608

-0.311133
-0.0410295
-0.94948
-0.235042
0.100326

0.546913
0.145015
0.824534
0.348026
0.0439447

-0.546913
-0.145015
-0.824534
-0.867193
0.358984

-0.335968
-0.758185
0.558822
0.887085
0.00965689

0.335968
0.758185
-0.558822
-35.5843
1011.47

-0.0464623
-0.471582
-0.880597
0.610794
0.00975474

0.0464623
0.471582
0.880597
-0.200268
0.0926391

-0.168627
0.640221
0.749454
0.193783
0.0312984

0.168627
-0.640221
-0.749454
0.657605
0.00565265

-0.75859
0.159084
-0.631849
-0.774282
0.583375

0.75859
-0.159084
0.631849
-1.45576
1.11751

-0.47344
-0.609613
-0.635788
0.716718
0.00707561

-0.784073
0.570609
-0.244202
0.665655
0.00615739

0.784073
-0.570609
0.244202
-0.0239335
0.0576726

0.87804
-0.314099
-0.361092
-0.0675128
0.0755287

-0.87804
0.314099
0.361092
0.502687
0.016413

-0.709906
-0.486354
-0.509404
-0.754602
0.269237

0.709906
0.486354
0.509404
0.529459
0.0194177

-0.629566
-0.776947
0
0.605323
0.0093858

0.629566
0.776947
0
-0.0672847
0.0685945

-0.555167
0.327811
-0.764415
-0.279232
0.0925781

0.555167
-0.327811
0.764415
0.755147
0.00339318

0.0134031
0.0425827
-0.999003
0.996251
1.04385e-06

0.427144
0.72515
-0.540099
-0.972363
0.446341

-0.427144
-0.72515
0.540099
0.21324
0.071104

0.72547
0.014295
0.688106
-0.357082
0.0824139

-0.72547
-0.014295
-0.688106
0.904911
0.000430265

-0.561346
0.215768
0.798959
-7.08957
11.0731

0.561346
-0.215768
-0.798959
0.970083
0.000172076

0.899451
0.0328472
-0.435786
-4.56402
5.64007

-0.899451
-0.0328472
0.435786
0.618343
0.0265785

0.221116
-0.685118
0.694061
0.767717
0.00132878

-0.221116
0.685118
-0.694061
0.672446
0.00263788

0.401903
0.551156
0.731232
0.625104
0.00604539

-0.191501
-0.944451
0.267096
0.265355
0.0627791

0.191501
0.944451
-0.267096
-1.11229
0.518828

0.64187
0.0815236
0.762468
0.318194
0.0121487

-0.837934
-0.310243
0.449016
0.375889
0.00974073

0.837934
0.310243
-0.449016
0.912235
0.000194954

-0.342054
-0.589427
0.731829
-0.0364697
0.111358

0.342054
0.589427
-0.731829
-0.321201
0.180932

0.663094
0.120647
-0.738749
-16.7638
125.571

-0.663094
-0.120647
0.738749
0.865681
0.0071823

0.904016
0.4275
0
-3.55128
2.79952

-0.904016
-0.4275
0
0.795213
0.00566853

0.158909
0.542381
-0.824967
-2.06483
4.90136

-0.158909
-0.542381
0.824967
-8.93005
51.4514

0.819384
-0.498082
-0.283769
-0.196834
0.0683972

-0.819384
0.498082
0.283769
0.833472
0.00133125

0.450226
0.212821
0.867181
0.840876
0.00254252

-0.450226
-0.212821
-0.867181
-2.33632
1.11686

-0.459357
-0.416269
-0.784673
-12.4143
62.9805

0.459357
0.416269
0.784673
0.69205
0.0332203

0.121704
-0.754062
0.645429
0.836446
0.00132698

-0.121704
0.754062
-0.645429
-0.261993
0.0784647

-0.439716
0.814815
-0.377792
-3.6772
2.83784

0.439716
-0.814815
0.377792
0.849321
0.00295798

0.217326
-0.260028
-0.940827
-0.823735
0.277794

-0.217326
0.260028
0.940827
0.613564
0.0125138

-0.707657
0.0452734
0.705104
0.323027
0.0522103

0.707657
-0.0452734
-0.705104
-1.15122
0.52705

0.161292
0.538356
0.827138
0.713829
0.00412382

0.263727
-0.278446
-0.923535
-0.792923
0.295835

-0.263727
0.278446
0.923535
0.480156
0.0250626

0.287195
-0.356282
-0.889147
0.799263
0.00205401

0.894427
0.447214
0
0.172496
0.158084

-0.876693
-0.0614337
0.477112
0.100811
0.086234

0.876693
0.0614337
-0.477112
-0.570133
0.262772

0.823931
-0.277168
-0.494282
0.309785
0.0168072

-0.472971
0.327532
-0.817937
-1.37422
0.471397

0.472971
-0.327532
0.817937
0.7846
0.00388103

0.837277
-0.146457
0.526799
0.475605
0.0103096

-0.837277
0.146457
-0.526799
0.667638
0.00416208

-0.658382
-0.497045
0.565225
0.0789194
0.0363925

0.537527
-0.843247
0
0.322899
0.0323628

-0.537527
0.843247
0
0.101145
0.0566039

0.738487
-0.663185
0.12175
-0.79336
0.652394

-0.738487
0.663185
-0.12175
-1.87733
1.67939

-0.128447
-0.715373
0.686835
-0.0314426
0.0732815

0.557774
-0.719563
0.413664
0.821218
0.00899939

-0.557774
0.719563
-0.413664
-10.442
36.7856

0.117525
0.498948
-0.858626
-3.60807
2.81492

-0.117525
-0.498948
0.858626
0.820833
0.00433319

0.210202
-0.350464
0.912683
0.871177
0.000769356

-0.00725662
0.252454
-0.967582
-1.21503
0.492014

0.00725662
-0.252454
0.967582
0.545795
0.0207399

0.334842
-0.862545
0.379338
0.950467
0.000922521

-0.334842
0.862545
-0.379338
-17.355
126.528

-0.745548
-0.0715611
-0.662599
-0.255836
0.0963217

0.745548
0.0715611
0.662599
0.686042
0.00608339

-0.0522594
-0.246392
0.96776
-1.33867
0.388156

0.0522594
0.246392
-0.96776
0.883555
0.00102578

0.70883
0.0245236
-0.704953
-1.48874
0.898538

-0.70883
-0.0245236
0.704953
0.00173903
0.144747

-0.684263
0.296751
-0.666125
0.751655
0.00178117

0.776748
-0.256484
0.57522
0.947943
0.000219294

-0.776748
0.256484
-0.57522
-2.10837
0.744888

0.145725
-0.916049
-0.373655
-16.9768
125.956

-0.145725
0.916049
0.373655
0.901362
0.00380052

-0.83518
0.506205
-0.215012
-0.191066
0.194709

0.83518
-0.506205
0.215012
-0.976361
0.536036

0.440092
0.454783
0.774268
-10.8462
37.1722

-0.440092
-0.454783
-0.774268
0.911131
0.00214929

0.684795
-0.108277
-0.720647
0.846769
0.000402085

-0.684795
0.108277
0.720647
0.771772
0.000883109

-0.171872
-0.164718
-0.971251
-17.2207
126.347

0.171872
0.164718
0.971251
0.935057
0.00160743

0.160756
0.873006
-0.460454
0.553654
0.0176815

-0.160756
-0.873006
0.460454
-0.849714
0.303469

0.429065
-0.693207
-0.579109
0.983946
1.07539e-05

0.284954
-0.666822
0.688585
-0.735284
0.21472

-0.284954
0.666822
-0.688585
0.734885
0.0051273

0.399282
-0.412215
0.818934
0.725584
0.00586942

-0.399282
0.412215
-0.818934
-0.934613
0.290518

-0.0174975
0.524551
0.851199
-0.659094
0.349224

0.0174975
-0.524551
-0.851199
-0.232979
0.192909

-0.0634276
-0.701309
-0.71003
-35.4714
1010.92

0.0634276
0.701309
0.71003
0.8738
0.0121138

-0.0994344
0.3026
-0.947917
0.632369
0.00265659

0.0994344
-0.3026
0.947917
0.881478
0.000276485

-0.0737073
0.805145
-0.588481
-0.0199621
0.158069

0.0737073
-0.805145
0.588481
-1.64749
1.0641

-0.964393
0.0644457
0.2565
-0.100374
0.0902333

0.964393
-0.0644457
-0.2565
0.373231
0.0292862

0.222479
0.667604
0.710498
0.785462
0.019011

-0.222479
-0.667604
-0.710498
-16.3776
124.719

-0.531458
0.813681
0.235532
0.997101
7.34081e-07

0.790331
-0.0226919
-0.61226
0.987559
1.93202e-05

-0.790331
0.0226919
0.61226
-5.15933
4.69151

-0.7223
0.367852
-0.585635
0.801843
0.00327385

-0.307529
0.746511
-0.59004
0.950602
0.000234931

0.80911
0.0224836
0.587227
0.500049
0.0134216

0.764675
0.370785
0.527058
0.325736
0.0224031

-0.764675
-0.370785
-0.527058
0.548634
0.0100648

-0.657508
-0.195478
0.727648
0.713088
0.00534333

0.657508
0.195478
-0.727648
-0.443786
0.134835

-0.8646
-0.125823
-0.486451
0.741538
0.00199867

0.8646
0.125823
0.486451
0.589978
0.00496825

-0.167845
0.739725
0.651641
-1.40449
0.57622

0.167845
-0.739725
-0.651641
0.621887
0.0142523

0.712524
-0.169846
0.68078
0.929447
0.000189978

-0.712524
0.169846
-0.68078
-0.194913
0.0538926

0.512403
-0.846346
0.145399
0.800448
0.00509159

0.736447
-0.558813
-0.38128
0.964965
2.41645e-05

-0.736447
0.558813
0.38128
0.470406
0.00485577

-0.113289
0.561297
0.819824
0.819968
0.00493783

-0.903557
-0.0331141
-0.427187
-0.563156
0.162823

0.903557
0.0331141
0.427187
0.735076
0.00507567

0.29268
-0.619626
0.728287
0.955321
0.000107155

-0.392769
0.011552
-0.919564
-0.308336
0.191662

0.392769
-0.011552
0.919564
-0.22528
0.168141

0.766508
0.0445918
0.640685
-0.282421
0.15491

-0.766508
-0.0445918
-0.640685
0.127153
0.0718321

-0.170007
0.168543
-0.970923
-13.6587
64.763

0.170007
-0.168543
0.970923
0.957629
0.000541296

0.522312
-0.342483
0.780958
0.684295
0.00327698

0.354651
-0.607947
-0.710368
-0.685141
0.149864

-0.354651
0.607947
0.710368
0.903977
0.00048972

-0.202292
-0.630312
0.749523
0.797994
0.00635103

0.202292
0.630312
-0.749523
-4.39245
4.47803

0.719186
-0.355797
0.596809
0.353589
0.0262001

-0.719186
0.355797
-0.596809
0.2233
0.0378223

0.541171
-0.690255
0.480294
0.311857
0.0681424

-0.541171
0.690255
-0.480294
-2.08591
1.36996

-0.402301
-0.0805036
-0.911961
-0.613574
0.14612

0.402301
0.0805036
0.911961
0.860861
0.00115127

-0.546033
-0.758545
-0.355609
0.951681
0.000516386

0.546033
0.758545
0.355609
-9.32701
23.5329

0.357365
-0.518062
0.777112
0.951068
0.000187369

0.586302
-0.223061
0.778777
0.748541
0.0160729

0.74113
0.469875
0.479525
0.982516
0.000219794

0.0761955
-0.151258
0.985553
0.952198
0.000189259

-0.116327
-0.735386
-0.667589
0.95551
0.000192459

0.116327
0.735386
0.667589
-2.87553
1.36932

-0.174521
-0.749416
-0.638685
-2.24707
1.24966

0.174521
0.749416
0.638685
0.664526
0.0134143

-0.40735
-0.747932
0.524083
0.0966786
0.0587956

0.40735
0.747932
-0.524083
0.268313
0.0385989

-0.938185
-0.346134
0
0.250564
0.0925264

0.938185
0.346134
0
-1.83352
1.09366

0.377068
-0.0696137
0.923566
0.956192
0.00073921

-0.377068
0.0696137
-0.923566
-17.4104
126.519

-0.913058
-0.40783
0
0.621143
0.0102897

0.0986762
0.992516
0.0719422
0.201972
0.0456146

-0.829241
0.425288
0.362615
0.460324
0.02248

0.829241
-0.425288
-0.362615
-0.305886
0.131476

0.554637
-0.476859
0.681897
-0.00117183
0.31436

-0.554637
0.476859
-0.681897
-7.1729
20.9448

0.316203
0.944274
-0.09145
-0.551276
0.142194

-0.316203
-0.944274
0.09145
0.814713
0.00204213

-0.818839
0.268762
0.507218
0.693956
0.00631802

0.818839
-0.268762
-0.507218
-0.473784
0.145628

-0.232293
0.379741
0.895453
0.932551
0.000362131

0.349035
0.791349
-0.501938
-2.33637
1.45313

-0.349035
-0.791349
0.501938
0.563505
0.0249307

0.146879
-0.250708
0.956855
0.997263
4.14716e-06

0.399492
0.58695
0.704199
0.705777
0.0200097

-0.399492
-0.58695
-0.704199
-7.10955
15.1359

0.879567
-0.175507
0.442221
0.937431
0.000216735

-0.879567
0.175507
-0.442221
-0.987754
0.216909

-0.949197
-0.314684
0
0.315098
0.0339578

0.949197
0.314684
0
0.129066
0.0539269

-0.0818327
0.539509
0.837994
0.907937
0.00234029

-0.315775
-0.218704
-0.923285
-1.57446
1.5067

0.315775
0.218704
0.923285
-1.57446
1.5067

-0.595087
-0.742292
0.308016
0.605323
0.00939706

0.595087
0.742292
-0.308016
-0.0672847
0.0686122

-0.112255
0.993679
0
-1.17901
0.58588

0.112255
-0.993679
0
0.186235
0.0819453

-0.717165
0.199415
0.667763
0.505753
0.0122286

-0.406363
-0.232403
-0.883662
-36.4286
1014.87

0.406363
0.232403
0.883662
0.962279
0.00104882

-0.412271
-0.250529
-0.875938
0.452403
0.00938451

0.36242
0.352293
-0.862868
-0.00930262
0.129118

-0.36242
-0.352293
0.862868
-0.953747
0.483765

-0.0938735
0.710578
0.697329
0.674768
0.00267315

0.575161
0.0627629
0.815629
0.653972
0.0425873

-0.575161
-0.0627629
-0.815629
-12.3014
62.7258

-0.441142
-0.612212
-0.656193
-0.455795
0.144257

0.441142
0.612212
0.656193
0.673353
0.00732945

0.544314
-0.666184
0.509825
0.423897
0.0174199

-0.544314
0.666184
-0.509825
0.387329
0.0197011

-0.327972
-0.825223
-0.459827
0.304725
0.0916141

0.327972
0.825223
0.459827
-3.64002
4.07685

0.280546
-0.89637
0.343241
-4.38533
5.52566

-0.280546
0.89637
-0.343241
0.50305
0.0471103

0.698806
-0.0979166
0.708578
-1.49439
0.654603

-0.944766
0.176315
0.27628
0.286456
0.0552635

0.944766
-0.176315
-0.27628
-0.91914
0.399619

-0.954517
0.210913
-0.210742
0.638279
0.00639998

0.954517
-0.210913
0.210742
0.204729
0.0309098

-0.442693
0.440392
0.781075
0.724976
0.00152608

0.442693
-0.440392
-0.781075
0.813476
0.000702407

-0.137876
-0.845182
-0.51639
-0.242846
0.181832

0.137876
0.845182
0.51639
-0.426728
0.239608

-0.454746
-0.181483
0.871935
0.81305
0.000670484

0.454746
0.181483
-0.871935
0.803538
0.000735794

-0.440941
0.115257
-0.890105
0.702946
0.0134561

0.031747
0.881225
-0.471629
0.705249
0.00319083

-0.031747
-0.881225
0.471629
0.440627
0.0114698

0.65961
-0.609846
0.439322
-0.634583
0.294076

-0.65961
0.609846
-0.439322
0.0805521
0.0930494

-0.26535
0.656458
0.706153
0.668998
0.00863225

-0.182699
-0.619922
-0.763098
0.091127
0.0333647

0.182699
0.619922
0.763098
0.823804
0.00125956

-0.908855
-0.342965
0.237397
0.0554738
0.0401429

0.908855
0.342965
-0.237397
0.77624
0.00225439

0.686392
-0.727232
0
0.503939
0.0219494

-0.340812
-0.122305
-0.932142
0.857903
0.00219566

0.340812
0.122305
0.932142
-2.80759
1.57634

0.19574
0.730946
0.653761
-10.1933
36.4682

-0.19574
-0.730946
-0.653761
0.74815
0.0184782

-0.571898
0.160213
0.804528
0.817452
0.0010647

-0.0448712
-0.357188
0.932954
0.921756
0.000850107

0.781502
-0.541133
-0.31053
-2.24331
1.09912

-0.781502
0.541133
0.31053
0.791853
0.00452988

-0.169203
-0.608645
0.775191
0.483729
0.0553221

-0.312787
-0.480903
-0.819083
-0.264801
0.135576

0.312787
0.480903
0.819083
0.298603
0.0418218

0.487851
0.849711
-0.199981
0.938635
0.000300858

-0.487851
-0.849711
0.199981
-1.85205
0.598365

-0.781901
0.582044
-0.223285
-1.06877
1.05986

0.781901
-0.582044
0.223285
-2.67779
3.34956

-0.844817
0.528349
0.0844513
-0.0125877
0.0360148

-0.0149623
0.426116
-0.904545
0.138979
0.0743214

0.0149623
-0.426116
0.904545
-0.455132
0.212215

0.460823
0.421018
0.781272
0.912566
0.00391254

-0.460823
-0.421018
-0.781272
-23.2874
299.383

0.790258
-0.135151
-0.597684
-3.22947
3.79045

-0.790258
0.135151
0.597684
-0.151315
0.281055

0.0931726
0.99565
0
-2.08055
2.39888

-0.0931726
-0.99565
0
-1.65619
1.78369

-0.221012
0.448183
-0.86619
-0.103338
0.118667

0.221012
-0.448183
0.86619
-0.103338
0.118667

-0.120985
-0.0541949
-0.991174
-0.59371
0.164752

0.120985
0.0541949
0.991174
0.764243
0.00372617

-0.370997
0.158525
-0.915003
-3.03143
2.59313

0.370997
-0.158525
0.915003
0.452799
0.0477899

-0.619122
0.729585
0.290506
-0.431429
0.0644246

0.861246
0.508188
0
0.0517197
0.0577517

-0.861246
-0.508188
0
0.584216
0.0139918

-0.442524
-0.532608
0.721458
0.605227
0.0105391

0.442524
0.532608
-0.721458
-0.271784
0.108478

-0.0119328
0.519164
-0.854591
-1.59555
0.833909

0.0119328
-0.519164
0.854591
0.382374
0.047429

-0.482516
0.165231
0.860161
0.868998
0.000597554

0.732658
-0.244248
0.63526
0.33131
0.0492875

-0.732658
0.244248
-0.63526
-1.04786
0.461218

-0.825213
-0.282374
0.489171
-0.831635
0.498196

0.825213
0.282374
-0.489171
-0.539073
0.351792

-0.133522
0.336364
0.932218
0.930345
0.00150225

0.133522
-0.336364
-0.932218
-13.4437
64.5613

-0.0210479
-0.173177
0.984666
0.732774
0.00379676

0.0210479
0.173177
-0.984666
-0.047199
0.056491

-0.648088
0.423188
0.633161
-8.62915
22.9936

0.648088
-0.423188
-0.633161
0.795213
0.0104492

-0.255076
0.428341
-0.866868
-9.98854
36.1687

0.255076
-0.428341
0.866868
0.677072
0.0312728

0.396242
0.478918
0.783345
0.948919
0.00191113

0.816103
0.140822
-0.560486
-0.813522
0.155501

-0.816103
-0.140822
0.560486
0.958639
8.86627e-05

-0.157972
-0.287938
0.94453
0.801843
0.0033339

0.157972
0.287938
-0.94453
-1.39976
0.474385

-0.112025
0.882751
-0.456291
-0.225342
0.157635

0.112025
-0.882751
0.456291
-0.152207
0.139389

-0.881535
-0.472119
0
0.119381
0.0983939

-0.0140477
0.979237
-0.202233
-0.0873849
0.1105

0.0140477
-0.979237
0.202233
-0.0294039
0.0990313

0.752244
0.352644
-0.556571
0.141847
0.0384487

-0.752244
-0.352644
0.556571
0.618598
0.00759643

-0.221
0.201286
-0.954276
-0.785573
0.2731

0.0628256
-0.372253
0.926003
0.484635
0.0237693

-0.0628256
0.372253
-0.926003
-0.721359
0.264938

-0.936185
-0.351507
0
-0.0670431
0.103893

0.936185
0.351507
0
0.126524
0.0717292

0.113643
-0.645315
0.755417
0.621402
0.0134869

0.568198
0.0372489
0.822048
0.804034
0.00247375

-0.112452
0.806656
0.580224
0.265355
0.0627695

0.112452
-0.806656
-0.580224
-1.11229
0.51883

0.407248
0.809083
-0.423714
-0.4373
0.224823

-0.407248
-0.809083
0.423714
-0.0456517
0.119024

0.656108
0.315733
-0.685445
-0.39732
0.178924

-0.656108
-0.315733
0.685445
0.26092
0.0501567

0.460665
0.776788
-0.429405
0.836847
0.00166238

-0.460665
-0.776788
0.429405
-0.738939
0.186951

-0.401019
-0.500998
-0.766932
-0.554754
0.142511

0.401019
0.500998
0.766932
0.817519
0.0020212

0.445272
0.142293
-0.884017
-6.71373
10.9435

-0.445272
-0.142293
0.884017
0.902373
0.00175807

0.4476
-0.275677
-0.85068
-4.09041
5.31564

-0.4476
0.275677
0.85068
0.267611
0.110043

0.3711
0.495748
-0.785187
-0.323746
0.133204

-0.3711
-0.495748
0.785187
0.490019
0.0198888

0.113419
-0.10774
-0.987688
-9.01717
23.3356

-0.113419
0.10774
0.987688
0.896904
0.00247857

0.443987
-0.352395
0.823829
0.782162
0.00442446

-0.628135
-0.0778076
0.774205
0.119381
0.0844772

0.547469
-0.512864
0.661247
-3.05047
1.88998

-0.547469
0.512864
-0.661247
0.851078
0.00262285

-0.263635
-0.680457
0.683721
0.740391
0.00462272

0.263635
0.680457
-0.683721
-0.622563
0.178138

-0.141885
-0.617608
0.773582
0.832064
0.00504102

0.141885
0.617608
-0.773582
-5.66537
7.84652

0.343393
0.821965
0.454372
0.513276
0.0146779

-0.343393
-0.821965
-0.454372
0.0402132
0.0569572

0.295473
-0.443955
0.845931
0.901725
0.000651475

-0.295473
0.443955
-0.845931
-1.28452
0.350652

0.283722
-0.490989
-0.82367
-0.0822846
0.0937491

-0.283722
0.490989
0.82367
0.254795
0.0445427

0.860022
0.498093
-0.110752
0.610803
0.0327938

-0.31301
-0.507409
-0.802846
0.921369
0.000656734

0.31301
0.507409
0.802846
-2.98349
1.60741

0.254506
0.879507
-0.402111
0.482099
0.0128067

-0.254506
-0.879507
0.402111
0.436756
0.0151461

0.373424
0.866546
0.331138
0.037787
0.158703

-0.373424
-0.866546
-0.331138
-2.35278
1.92631

0.292103
-0.217797
0.931257
0.851252
0.000783849

-0.292103
0.217797
-0.931257
0.193598
0.022919

0.850137
-0.526561
0
-0.930838
0.43799

-0.850137
0.526561
0
0.141846
0.0870953

-0.473934
0.187044
-0.860466
-7.42829
15.4089

0.473934
-0.187044
0.860466
0.821682
0.00691715

-0.718877
-0.653892
0.235885
0.894723
0.000437241

0.718877
0.653892
-0.235885
0.0845165
0.02917

-0.527159
0.260442
-0.808872
-0.339005
0.0907861

-0.521777
0.710894
-0.471571
-0.588139
0.265581

0.521777
-0.710894
0.471571
0.137743
0.0783413

0.0858651
0.959293
0.269043
0.951047
0.00012043

-0.0858651
-0.959293
-0.269043
-0.844862
0.168039

0.101994
-0.295353
0.949928
0.883879
0.0025209

0.852277
-0.484788
0.196479
0.903702
0.000556158

-0.852277
0.484788
-0.196479
-0.977204
0.233547

-0.896007
0.050839
0.44112
-1.5699
0.603642

0.896007
-0.050839
-0.44112
0.758317
0.00536486

0.699679
0.578463
0.419321
0.49854
0.0138809

-0.699679
-0.578463
-0.419321
0.238697
0.0319508

-0.0113182
-0.635596
-0.771939
-0.527443
0.238274

0.0113182
0.635596
0.771939
0.155439
0.0729844

0.451856
0.892091
0
0.920048
0.00177835

0.540171
-0.684132
0.490079
0.644458
0.0128999

-0.0691128
-0.781119
-0.620545
0.975254
6.21576e-05

0.620259
-0.685831
0.380676
-5.0801
7.47726

-0.620259
0.685831
-0.380676
0.555871
0.0399334

-0.339909
0.881934
-0.326581
-0.633254
0.219482

0.339909
-0.881934
0.326581
0.549105
0.0167333

0.0109017
0.531869
0.846757
0.659261
0.0351366

-0.0109017
-0.531869
-0.846757
-9.94143
36.0803

-0.0600901
-0.288144
0.9557
0.915868
0.0036316

0.0683852
-0.838845
0.540058
0.654647
0.0121416

-0.0683852
0.838845
-0.540058
-1.56875
0.668772

0.0648639
-0.618895
0.782791
0.407412
0.0645751

-0.0648639
0.618895
-0.782791
-3.75715
4.14898

0.476579
0.237237
-0.846517
0.181436
0.0120475

0.270685
0.844352
0.462384
0.450595
0.00992766

-0.270685
-0.844352
-0.462384
0.765121
0.00181496

0.809408
0.466477
-0.356732
-0.501231
0.204016

-0.809408
-0.466477
0.356732
0.346904
0.0386409

-0.91551
-0.0875597
0.39265
-5.56417
6.00849

0.91551
0.0875597
-0.39265
0.969992
0.000171309

0.268664
0.539732
0.797815
0.323197
0.0477926

-0.268664
-0.539732
-0.797815
-0.851203
0.356303

-0.323838
0.840571
0.434246
0.785725
0.0030089

-0.8503
0.310798
0.424729
0.300575
0.0191212

0.8503
-0.310798
-0.424729
0.747906
0.00248985

-0.518578
0.75272
-0.405573
0.570293
0.0140111

-0.428828
0.806781
-0.406462
0.53126
0.0154167

0.428828
-0.806781
0.406462
-0.223157
0.104777

0.511024
0.784676
-0.350909
-0.0871594
0.148504

-0.511024
-0.784676
0.350909
-0.813819
0.413346

-0.147554
0.292912
0.944685
0.167088
0.0300075

-0.0563914
-0.575037
0.816182
0.760923
0.00586277

0.0563914
0.575037
-0.816182
-2.01295
0.929548

0.705974
-0.220454
-0.673053
0.167851
0.0360118

-0.705974
0.220454
0.673053
0.60668
0.00805955

0.501331
0.277931
0.819403
0.904081
0.00294342

-0.501331
-0.277931
-0.819403
-13.2765
64.3385

-0.815615
-0.531594
-0.228428
-0.164395
0.0463115

0.815615
0.531594
0.228428
0.950592
8.48973e-05

-0.694517
-0.469843
-0.54488
-0.867193
0.358955

0.694517
0.469843
0.54488
0.348026
0.0438416

0.55888
-0.54437
0.625551
0.979752
1.90902e-05

-0.55888
0.54437
-0.625551
-0.946838
0.17155

-0.397364
-0.67862
-0.617719
0.916405
0.000220455

0.460998
0.40746
-0.788325
-0.950348
0.791411

-0.460998
-0.40746
0.788325
-1.8085
1.64095

0.055249
-0.625637
-0.778155
-23.0283
298.673

-0.055249
0.625637
0.778155
0.877407
0.00781983

0.780422
-0.173795
0.600614
0.774553
0.00213513

-0.780422
0.173795
-0.600614
0.18337
0.0275417

-0.857133
0.204479
0.47277
0.844155
0.00244947

0.207772
0.534965
0.818928
0.828
0.00223116

-0.207772
-0.534965
-0.818928
-1.15021
0.338529

-0.154692
0.270767
0.950135
0.687539
0.0342365

0.123982
-0.357397
0.925687
0.861181
0.000939445

-0.845031
-0.404363
0.349875
0.810836
0.00209012

0.845031
0.404363
-0.349875
-0.499818
0.130613

-0.790881
0.124452
-0.599182
0.808669
0.00211134

0.790881
-0.124452
0.599182
-0.41122
0.11136

-0.548366
-0.336142
0.765704
0.943653
0.000266502

0.180255
-0.65157
0.736862
0.289475
0.0140069

-0.180255
0.65157
-0.736862
0.908557
0.000238621

-0.260178
0.235285
-0.936455
0.74809
0.00163395

0.260178
-0.235285
0.936455
0.670316
0.00279254

-0.828896
0.355706
0.431747
0.434606
0.0113162

0.828896
-0.355706
-0.431747
0.733586
0.00252861

0.155727
-0.176306
0.971939
0.960504
0.000340933

0.322454
0.620007
0.715272
-7.34518
15.3467

-0.322454
-0.620007
-0.715272
0.794659
0.00929563

-0.869427
-0.487124
0.0825023
0.822944
0.00104316

0.869427
0.487124
-0.0825023
0.32856
0.014994

0.241015
-0.0649578
-0.968345
-13.5886
64.6898

-0.241015
0.0649578
0.968345
0.94952
0.000781755

-0.693031
0.232129
-0.682513
-0.360866
0.121266

0.693031
-0.232129
0.682513
0.668561
0.00720105

-0.236622
-0.118483
0.96435
0.960969
0.000462843

0.236622
0.118483
-0.96435
-13.6896
64.7752

-0.584855
-0.349442
0.732007
-0.0643773
0.189799

0.584855
0.349442
-0.732007
-2.03099
1.53865

-0.651328
0.613564
-0.446444
-2.72056
2.43856

0.651328
-0.613564
0.446444
0.1329
0.132532

-0.633477
0.251289
-0.73182
-6.38264
14.3377

0.633477
-0.251289
0.73182
0.301051
0.128565

0.479151
-0.519205
-0.707701
-5.74263
10.246

-0.479151
0.519205
0.707701
0.498482
0.0566911

-0.359901
0.391073
0.847074
-2.36024
1.27717

0.359901
-0.391073
-0.847074
0.742316
0.00761536

0.571434
-0.597695
0.562338
0.23615
0.0235112

-0.636089
-0.164114
0.753961
-0.0971572
0.0510412

0.636089
0.164114
-0.753961
0.86271
0.000809667

0.401531
-0.657138
0.637921
0.698836
0.00682368

-0.136551
-0.930538
-0.339784
0.772842
0.00601781

0.136551
0.930538
0.339784
-2.63452
1.53669

-0.408707
-0.355456
0.840601
0.828837
0.00111721

0.408707
0.355456
-0.840601
0.154108
0.0272797

-0.09909
-0.312527
0.944726
0.768958
0.0134328

0.09909
0.312527
-0.944726
-8.54814
22.9181

0.798434
-0.302878
0.520353
0.856612
0.00138468

-0.798434
0.302878
-0.520353
-1.03437
0.277614

0.402237
-0.610094
0.682635
0.0805531
0.260848

-0.402237
0.610094
-0.682635
-7.27506
21.1268

0.866478
0.445671
-0.22493
0.995592
9.84616e-07

-0.866478
-0.445671
0.22493
-1.1737
0.206263

-0.0864066
0.968157
-0.234961
-0.276149
0.13653

0.0864066
-0.968157
0.234961
0.321489
0.0386065

-0.816281
-0.172469
-0.551308
0.977839
5.79978e-05

0.0481223
0.372558
-0.92676
-17.2207
126.274

-0.0481223
-0.372558
0.92676
0.935057
0.00163822

-0.289303
0.591593
0.752543
0.952885
0.000833588

0.289303
-0.591593
-0.752543
-17.3779
126.553

-0.787189
-0.237524
0.569136
0.559138
0.00578996

-0.513833
0.465366
0.720701
-0.191948
0.0619436

-0.533973
-0.600174
0.595537
0.645312
0.00223605

-0.798352
-0.153644
-0.58226
-1.55712
0.666574

0.798352
0.153644
0.58226
0.644456
0.01295

0.478108
0.791457
-0.380801
-0.198895
0.136535

-0.478108
-0.791457
0.380801
0.0402274
0.0875189

-0.193071
0.96156
0.19526
0.125623
0.0362016

0.193071
-0.96156
-0.19526
0.708571
0.0040261

0.245585
-0.27037
0.930907
0.907909
0.00226615

-0.245585
0.27037
-0.930907
-10.8286
37.1868

0.460514
-0.152401
-0.874472
-12.8035
63.6968

-0.460514
0.152401
0.874472
0.804373
0.0127974

-0.241622
-0.786596
-0.56823
0.52831
0.0212846

0.241622
0.786596
0.56823
-0.999401
0.380164

0.134755
-0.29329
0.946479
0.943722
0.000162343

0.703997
0.436405
0.560302
0.491095
0.034957

-0.703997
-0.436405
-0.560302
-2.25592
1.42752

0.347011
-0.603346
0.718023
0.0619364
0.177938

-0.347011
0.603346
-0.718023
-3.40368
3.91621

0.626396
-0.291616
-0.722903
0.846759
0.00452378

0.110833
-0.195846
0.974351
0.610258
0.014915

-0.110833
0.195846
-0.974351
-1.27619
0.502321

0.832592
0.553887
0
0.85823
0.00284345

-0.832592
-0.553887
0
-0.895206
0.229048

-0.0589009
-0.8798
-0.47168
-0.642685
0.22057

0.0589009
0.8798
0.47168
0.561493
0.0157616

-0.617481
-0.621341
0.48234
0.230923
0.034385

0.617481
0.621341
-0.48234
0.479783
0.0161216

-0.294568
0.481586
0.825412
0.291775
0.0669102

0.294568
-0.481586
-0.825412
-1.68577
0.959117

0.416001
-0.422076
0.805478
0.85112
0.00197961

-0.416001
0.422076
-0.805478
-0.313157
0.0878304

-0.707121
-0.707093
0
0.679479
0.238604

-0.61121
0.476397
-0.632035
-2.52692
1.50829

0.61121
-0.476397
0.632035
0.707186
0.010462

-0.6121
0.549917
0.568265
0.0226833
0.0847127

0.6121
-0.549917
-0.568265
-0.0294292
0.0939768

0.653141
0.491842
-0.575759
-0.5289
0.275998

-0.653141
-0.491842
0.575759
-0.15979
0.158877

-0.835834
0.171021
0.521663
0.994721
1.39133e-05

0.835834
-0.171021
-0.521663
-24.3785
301.186

-0.285051
0.318054
-0.904205
0.745196
0.00429197

-0.503474
-0.0427959
-0.86295
-1.1025
0.395426

0.503474
0.0427959
0.86295
0.64163
0.0115151

-0.715337
0.60954
0.341694
0.765958
0.00382138

0.295192
-0.225497
0.928447
0.371492
0.040313

-0.295192
0.225497
-0.928447
-0.882732
0.361523

0.212694
0.27226
0.938422
0.717535
0.00821332

-0.212694
-0.27226
-0.938422
-1.79005
0.787975

0.701091
0.116222
0.703537
-0.276149
0.136517

-0.701091
-0.116222
-0.703537
0.321489
0.0385935

-0.631536
0.4919
-0.59933
-2.74466
2.10041

0.631536
-0.4919
0.59933
0.473406
0.0416362

-0.559505
0.18738
0.807368
-0.057368
0.059441

0.559505
-0.18738
-0.807368
0.712172
0.00448817

-0.222376
0.654357
-0.722749
-0.752827
0.249767

0.222376
-0.654357
0.722749
0.614859
0.0120598

0.101928
-0.344768
0.933137
0.820342
0.0264329

-0.101928
0.344768
-0.933137
-35.0711
1003.21

0.684788
-0.697796
0.210108
-0.843642
0.385554

-0.684788
0.697796
-0.210108
0.158305
0.0803726

0.781247
0.555596
0.284545
-0.006145
0.13688

-0.781247
-0.555596
-0.284545
-1.19253
0.649869

-0.404709
-0.0980207
0.909177
0.866196
0.000530883

-0.420965
-0.0273362
0.906665
-0.884877
0.263922

0.758713
0.148574
0.634256
0.684943
0.014392

-0.758713
-0.148574
-0.634256
-3.34649
2.72546

0.0525432
0.685767
0.725922
0.133419
0.205666

-0.0525432
-0.685767
-0.725922
-6.16281
14.0469

0.626386
-0.48566
-0.609733
-0.617062
0.177669

-0.626386
0.48566
0.609733
0.735074
0.00481923

-0.330317
-0.571478
0.751202
0.987059
7.75813e-06

0.330317
0.571478
-0.751202
-0.779108
0.125644

0.415357
0.12525
-0.900994
0.0229466
0.0340709

-0.415357
-0.12525
0.900994
0.901532
0.000390075

0.0833749
0.458806
-0.884616
-3.64002
4.07471

-0.0833749
-0.458806
0.884616
0.304725
0.0917728

-0.962526
-0.0688789
-0.262297
0.0896105
0.0497131

0.962526
0.0688789
0.262297
0.513066
0.0142314

0.166142
0.567385
0.806518
-11.7835
61.5297

-0.166142
-0.567385
-0.806518
0.445162
0.11612

0.778635
0.268013
0.567359
0.674264
0.00512647

-0.860368
0.344247
0.375846
-1.9206
0.811662

0.860368
-0.344247
-0.375846
0.80369
0.00368289

0.566222
-0.724678
-0.392726
0.866838
0.00122112

-0.566222
0.724678
0.392726
-1.13059
0.309588

-0.124203
-0.746526
-0.65366
0.807123
0.00108788

-0.939394
0.34284
0
0.499841
0.0134705

0.939394
-0.34284
0
0.567197
0.0105811

0.0420156
-0.731789
0.680235
-2.63453
2.05426

-0.0420156
0.731789
-0.680235
0.369005
0.062065

0.130824
0.217611
-0.967228
-0.109752
0.106683

-0.247225
-0.618458
-0.745915
0.917086
0.000523335

0.418293
0.377768
-0.826028
-4.56835
4.54881

-0.418293
-0.377768
0.826028
0.864759
0.00268669

-0.378712
-0.899655
0.217251
-0.0611689
0.0476906

0.378712
0.899655
-0.217251
0.852171
0.000929196

-0.821826
-0.385649
0.419378
0.0581235
0.0738001

0.821826
0.385649
-0.419378
0.0581235
0.0738001

0.726408
-0.687263
0
0.664935
0.00321888

-0.726408
0.687263
0
0.705818
0.00249463

-0.33398
0.430734
-0.838407
-1.60993
0.550178

0.33398
-0.430734
0.838407
0.858297
0.00167951

-0.165958
-0.857337
-0.487269
-4.30036
4.4412

0.165958
0.857337
0.487269
0.756617
0.00936795

-0.193518
-0.0481799
0.979913
0.977043
0.000112604

0.193518
0.0481799
-0.979913
-9.54148
23.629

0.34641
0.0938665
0.933375
0.980536
0.000137686

-0.34641
-0.0938665
-0.933375
-17.705
126.889

-0.468885
-0.864047
0.183221
-2.57801
0.87726

0.468885
0.864047
-0.183221
0.997217
5.87846e-07

0.334553
-0.59271
-0.732645
0.957271
0.000188693

0.383069
0.397943
0.833606
0.374626
0.0527211

-0.383069
-0.397943
-0.833606
-1.93579
1.16071

-0.336918
0.271788
0.901453
-1.02278
0.665637

0.336918
-0.271788
-0.901453
-0.671732
0.454683

-0.0641166
0.730935
0.679428
0.832489
0.00348076

-0.271053
-0.586155
-0.763513
-10.0334
36.2401

0.271053
0.586155
0.763513
0.693516
0.0279749

-0.972106
-0.23454
0
0.477176
0.0148929

0.972106
0.23454
0
0.281349
0.0281235

0.311602
0.213102
0.926009
0.946344
0.000121296

-0.898326
-0.43933
0
0.649575
0.0112185

-0.634997
-0.481872
0.603803
0.902475
0.000575199

0.634997
0.481872
-0.603803
-0.908946
0.212464

-0.519105
-0.183525
0.834775
0.801964
0.00868352

-0.28807
-0.71504
-0.636972
-3.60944
3.37276

0.28807
0.71504
0.636972
0.61531
0.0235134

-0.520826
-0.691837
-0.500103
-1.05108
0.38796

0.520826
0.691837
0.500103
0.587833
0.0157168

-0.557345
-0.187949
0.808728
0.815451
0.00748395

0.557345
0.187949
-0.808728
-7.40852
15.3862

-0.622657
0.391886
0.677291
0.802361
0.00345442

0.622657
-0.391886
-0.677291
-1.63619
0.613572

-0.211768
0.204116
0.955767
0.785462
0.0155281

0.211768
-0.204116
-0.955767
-12.7304
63.5726

-0.555933
-0.598634
0.576694
-0.447709
0.197361

0.555933
0.598634
-0.576694
0.247565
0.0533319

-0.642473
-0.329298
0.691948
0.584764
0.0140057

0.642473
0.329298
-0.691948
-0.660936
0.222628

0.0442641
-0.44856
0.892656
0.884062
0.000652471

-0.0442641
0.44856
-0.892656
-0.260926
0.0711

0.361214
0.433139
0.825782
0.998577
1.00059e-06

-0.427444
0.626052
-0.652189
0.233792
0.0187539

0.427444
-0.626052
0.652189
0.877407
0.000481173

-0.912633
-0.369001
0.175893
0.186561
0.0552812

0.912633
0.369001
-0.175893
-0.0905888
0.0993616

-0.61903
0.475416
0.625125
0.970726
4.63148e-05

0.61903
-0.475416
-0.625125
-1.16198
0.243187

-0.686659
-0.72251
0.0804962
-0.842504
0.167937

0.686659
0.72251
-0.0804962
0.950212
0.000122819

0.500927
0.249837
-0.828646
-2.83458
1.58037

-0.500927
-0.249837
0.828646
0.869069
0.0018957

0.300396
0.953815
0
0.679583
0.0108963

-0.300396
-0.953815
0
-1.35027
0.512488

-0.358421
0.354427
-0.863664
0.990567
7.85248e-06

0.125238
-0.26551
0.955939
0.930581
0.000575804

0.679264
0.390359
0.621467
0.994538
3.84887e-06

-0.0666593
-0.724239
0.686319
0.790301
0.00640959

0.0666593
0.724239
-0.686319
-3.92482
3.50328

0.173905
0.499589
-0.848627
-0.0883919
0.0699802

-0.173905
-0.499589
0.848627
0.637741
0.00785912

0.131996
-0.509251
0.850435
0.770916
0.00251843

-0.582252
0.554438
-0.594627
-2.07182
1.55633

0.582252
-0.554438
0.594627
-0.00303149
0.166082

-0.0552056
0.0083619
-0.99844
-4.50562
4.52547

0.0552056
-0.0083619
0.99844
0.842728
0.00370314

-0.829149
-0.559028
0
-0.317336
0.123136

0.829149
0.559028
0
0.611787
0.013804

0.832187
-0.351607
-0.428762
0.68384
0.0261038

-0.832187
0.351607
0.428762
-8.3171
22.6625

-0.502712
0.699125
0.508434
0.788272
0.00280888

0.502712
-0.699125
-0.508434
-0.56901
0.152658

0.341659
-0.341965
0.875402
-0.094712
0.132503

-0.341659
0.341965
-0.875402
-0.417527
0.221975

0.976663
0.214777
0
0.233427
0.023068

-0.976663
-0.214777
0
0.805464
0.00181405

-0.0250853
0.0501709
0.998426
0.919548
0.00253945

0.567139
-0.22775
0.791507
0.377303
0.033871

-0.965255
0.0921535
0.24452
0.44565
0.0100208

-0.182732
-0.837647
-0.514739
-0.282882
0.122128

0.182732
0.837647
0.514739
0.495471
0.0189016

0.618138
0.769835
-0.158931
-17.3054
126.467

-0.618138
-0.769835
0.158931
0.945039
0.00114027

0.91652
-0.025807
-0.399155
0.831808
0.00140257

-0.91652
0.025807
0.399155
-0.256584
0.0782002

0.133153
0.260292
0.956305
0.952634
0.00017513

0.481054
-0.876691
0
-0.901589
0.516682

-0.481054
0.876691
0
-0.361494
0.264884

-0.82674
-0.265073
-0.496222
0.799453
0.00126423

0.82674
0.265073
0.496222
0.437732
0.00989936

-0.119092
0.207366
-0.970987
-3.82173
3.4644

0.119092
-0.207366
0.970987
0.740156
0.0100967

-0.0441667
0.96393
-0.262465
-0.0106517
0.0377831

0.0441667
-0.96393
0.262465
0.898067
0.000447057

0.357669
0.0410234
0.932947
0.636025
0.00838467

-0.357669
-0.0410234
-0.932947
-0.217944
0.0937903

-0.0372299
-0.34979
-0.936088
-2.66477
1.16433

0.0372299
0.34979
0.936088
0.956303
0.000166984

0.259436
0.291583
0.920691
0.882813
0.0015403

-0.257451
0.69707
0.669188
0.800761
0.00534747

0.257451
-0.69707
-0.669188
-3.56319
2.80331

0.114591
-0.423364
0.898683
0.779996
0.00534573

-0.236589
0
0.97161
0.964753
7.27023e-05

-0.436243
-0.8125
0.386698
-0.118841
0.127496

0.436243
0.8125
-0.386698
-0.187674
0.14366

-0.00945995
-0.940608
0.339363
0.134777
0.0210596

0.548039
-0.427507
-0.718951
-1.06532
0.464572

-0.548039
0.427507
0.718951
0.356608
0.0452248

0.6157
-0.76062
-0.205839
0.634696
0.00253298

-0.6157
0.76062
0.205839
0.892075
0.000224582

0.753489
-0.0561548
-0.655058
-8.35441
22.6981

-0.753489
0.0561548
0.655058
0.698643
0.0236337

0.44094
0.741267
-0.506058
-1.11171
0.432933

-0.44094
-0.741267
0.506058
0.547387
0.0199445

0.579292
0.132113
0.804342
-1.50004
0.364399

-0.579292
-0.132113
-0.804342
0.973311
4.41431e-05

-0.898752
-0.438458
0
-16.3281
121.846

0.898752
0.438458
0
0.773674
0.0254159

-0.788877
0.24738
0.562562
0.919548
0.00250728

0.788877
-0.24738
-0.562562
-17.1017
126.145

0.310108
0.41828
0.853742
0.601514
0.0291482

0.606419
-0.767356
0.208373
-1.51997
0.365356

-0.606419
0.767356
-0.208373
0.977451
2.94023e-05

-0.271693
-0.529532
-0.803603
0.876052
0.000281025

0.794342
0.0381647
0.606271
0.723986
0.00534695

-0.794342
-0.0381647
-0.606271
-0.662929
0.193967

-0.111819
0.28351
0.952428
0.527783
0.0282856

0.111819
-0.28351
-0.952428
-2.08399
1.20539

-0.14859
-0.230468
-0.961668
-0.410356
0.296952

0.14859
0.230468
0.961668
-0.9988
0.595969

0.246171
0.590752
-0.768383
-1.71457
1.08745

-0.246171
-0.590752
0.768383
0.0847905
0.123828

-0.66044
-0.222699
0.717094
0.75445
0.00230235

-0.185887
0.170196
0.967719
-36.3711
1014.62

0.185887
-0.170196
-0.967719
0.958476
0.00127641

-0.303374
-0.357701
0.883184
0.448523
0.021652

0.303374
0.357701
-0.883184
-0.103613
0.0861836

0.704638
0.0187171
0.70932
0.80627
0.0106839

-0.704638
-0.0187171
-0.70932
-10.387
36.7081

0.587322
0.276667
0.760597
0.873899
0.000734074

-0.587322
-0.276667
-0.760597
-0.277611
0.0751874

0.345985
-0.134148
0.9286
0.929273
0.00116702

-0.345985
0.134148
-0.9286
-9.18468
23.4302

-0.529071
-0.714099
-0.458417
0.0327858
0.0657186

0.529071
0.714099
0.458417
0.357845
0.0289961

-0.0905531
0.790828
-0.605302
0.914089
0.00287133

0.0905531
-0.790828
0.605302
-17.0628
126.079

0.715742
0.420356
0.557686
0.621402
0.0182686

-0.715742
-0.420356
-0.557686
-2.40736
1.47454

0.606674
-0.00934086
-0.794896
-1.91159
1.15271

-0.606674
0.00934086
0.794896
0.346709
0.0582287

-0.381178
0.483301
-0.788114
-3.07622
2.22321

0.381178
-0.483301
0.788114
0.717713
0.0106733

0.651265
-0.127605
0.748044
0.122987
0.0759028

-0.651265
0.127605
-0.748044
-0.388069
0.18986

0.567936
-0.550344
0.612021
0.635757
0.00436775

-0.152627
-0.2155
-0.964502
-1.40678
0.432692

0.152627
0.2155
0.964502
0.867951
0.00132028

0.793546
0.590749
0.14595
0.957495
0.000122287

-0.793546
-0.590749
-0.14595
-1.74761
0.508694

-0.13562
0.816915
-0.560587
-0.349158
0.135354

0.13562
-0.816915
0.560587
0.530097
0.0164785

-0.146774
-0.139427
0.979294
-0.32809
0.223048

0.146774
0.139427
-0.979294
-0.540278
0.299998

-0.315328
0.493859
-0.810353
-1.89625
0.905311

0.315328
-0.493859
0.810353
0.678192
0.0112918

0.613531
-0.24761
-0.749846
0.235367
0.0219559

-0.613531
0.24761
0.749846
0.803005
0.00145835

-0.945739
-0.324926
0
0.299952
0.0387543

-0.0156136
0.59885
0.800709
0.931831
0.000239549

0.0156136
-0.59885
-0.800709
-0.557872
0.111739

0.0135037
0.999909
0
-0.523425
0.117162

0.258809
0.450753
0.854306
0.926781
0.00036761

-0.258809
-0.450753
-0.854306
-1.25674
0.319134

0.758263
-0.546287
0.355821
-0.37837
0.22655

-0.758263
0.546287
-0.355821
-0.316271
0.206671

-0.363559
0.473098
-0.802498
-3.02959
2.20767

0.363559
-0.473098
0.802498
0.689075
0.013151

0.278616
0.560611
0.7798
0.96043
6.60616e-05

-0.278616
-0.560611
-0.7798
-0.54859
0.0987338

0.0950188
0.536177
-0.838741
0.728554
0.00338181

0.0282871
0.650017
0.759393
0.739463
0.00300903

-0.0282871
-0.650017
-0.759393
0.159036
0.031309

-0.5267
-0.79086
0.311654
-0.589744
0.154033

0.5267
0.79086
-0.311654
0.805797
0.00229978

0.874164
0.393301
-0.284872
0.80627
0.0106386

-0.874164
-0.393301
0.284872
-10.387
36.7219

0.266987
-0.775414
-0.572234
-0.212829
0.0518606

-0.266987
0.775414
0.572234
0.950746
8.78997e-05

-0.85253
-0.522677
0
0.318869
0.0272115

0.85253
0.522677
0
0.42114
0.0199344

-0.90012
-0.435643
0
0.74815
0.0255131

0.90012
0.435643
0
-10.1933
34.824

-0.376998
-0.752985
0.539339
0.509107
0.00447659

-0.148246
0.108364
0.982996
-6.59642
14.9678

0.148246
-0.108364
-0.982996
0.354266
0.113826

0.182765
-0.967288
0.175929
-0.240034
0.129169

-0.314031
-0.801671
-0.508634
-1.55056
0.91822

0.314031
0.801671
0.508634
0.100834
0.114211

-0.485722
0.563588
0.668164
-2.66948
2.82686

0.485722
-0.563588
-0.668164
-0.406214
0.41538

-0.872801
-0.427534
0.235444
-0.772979
0.292965

0.872801
0.427534
-0.235444
0.452365
0.0279733

0.566375
-0.1697
0.806487
0.925242
0.00112795

-0.566375
0.1697
-0.806487
-7.84124
15.6731

0.00447403
0.294163
0.955745
0.958724
0.000432617

-0.00447403
-0.294163
-0.955745
-11.1637
37.4456

0.889243
0.40523
-0.212218
0.891715
0.0006333

-0.889243
-0.40523
0.212218
-0.663039
0.148716

-0.783571
-0.621302
0
0.786771
0.00922835

0.783571
0.621302
0
-2.23447
1.05064

-0.584509
0.322648
0.744478
0.715188
0.00205227

-0.426019
0.282122
-0.859602
-1.12528
0.33603

0.426019
-0.282122
0.859602
0.811428
0.00272323

-0.912993
0.193901
-0.358951
-0.986009
0.411626

0.912993
-0.193901
0.358951
0.387032
0.0392201

0.237072
-0.770753
0.591386
0.247539
0.0239974

-0.237072
0.770753
-0.591386
0.725695
0.00322639

-0.726137
0.377033
-0.574953
-12.5159
63.1825

0.726137
-0.377033
0.574953
0.724166
0.0263287

-0.352417
0.721841
0.595607
0.613117
0.00462169

0.518435
0.399043
-0.7563
-5.00707
7.41813

-0.518435
-0.399043
0.7563
0.509628
0.0495912

0.838225
0.419785
0.34808
0.718295
0.00722628

0.372042
-0.0228882
-0.927934
0.747528
0.00436978

-0.331097
-0.233854
-0.914159
-2.36914
1.12265

0.331097
0.233854
0.914159
0.856302
0.00204663

0.344016
0.938964
0
0.0530746
0.145977

-0.344016
-0.938964
0
-2.11082
1.57294

-0.631946
-0.476229
0.611432
-0.379169
0.314126

0.631946
0.476229
-0.611432
-1.45187
0.992364

-0.795667
-0.479417
-0.370235
-0.0456517
0.119011

0.795667
0.479417
0.370235
-0.4373
0.224813

0.463271
-0.800453
0.380336
0.960843
0.000186875

-0.65789
-0.29449
0.693149
-0.0456188
0.0325265

0.65789
0.29449
-0.693149
0.961712
4.40483e-05

-0.321447
0.385271
0.865007
0.713948
0.0169499

0.321447
-0.385271
-0.865007
-6.15127
10.593

-0.37925
-0.13793
-0.914956
-16.8782
125.72

0.37925
0.13793
0.914956
0.88558
0.00520776

-0.774331
-0.622078
0.115887
0.751392
0.00667763

-0.513376
0.0804986
0.85438
0.876853
0.000611107

0.225506
-0.248515
-0.942013
-1.42283
0.639873

-0.225506
0.248515
0.942013
0.511601
0.0262133

0.565465
-0.72719
0.389158
-2.37131
2.24255

-0.565465
0.72719
-0.389158
-0.365245
0.367836

-0.500088
-0.829963
-0.247132
0.650752
0.0322704

0.500088
0.829963
0.247132
-8.23727
22.566

-0.340019
-0.068515
-0.937919
0.994613
5.53464e-06

-0.61504
-0.207508
0.760701
0.680938
0.00571435

0.61504
0.207508
-0.760701
-0.0894233
0.066602

0.861797
0.363266
-0.354039
0.706176
0.00587997

-0.861797
-0.363266
0.354039
-0.535078
0.159997

-0.814502
0.0314279
0.579309
-0.700348
0.282563

0.814502
-0.0314279
-0.579309
0.341689
0.0424378

-0.562999
-0.256601
0.785613
-0.478156
0.400326

0.562999
0.256601
-0.785613
-1.79466
1.43003

0.888742
-0.44787
0.0977195
0.586248
0.0168205

-0.888742
0.44787
-0.0977195
-1.25265
0.498532

0.440607
0.8977
0
0.943876
0.000622976

-0.440607
-0.8977
0
-7.94565
15.7248

0.310972
0.356401
-0.881064
0.63222
0.00695186

-0.310972
-0.356401
0.881064
0.172497
0.0347017

-0.537521
0.190398
-0.821474
0.236145
0.0250617

0.537521
-0.190398
0.821474
0.719912
0.00337121

0.00509158
0.564255
0.825585
0.755791
0.00201531

-0.00509158
-0.564255
-0.825585
0.443172
0.0104565

-0.913551
0.315968
-0.256104
0.141846
0.0704764

0.913551
-0.315968
0.256104
-0.340863
0.172031

0.0713776
-0.411018
-0.908829
-0.742587
0.187295

-0.0713776
0.411018
0.908829
0.839411
0.00166437

-0.453689
-0.435669
-0.777405
-0.557653
0.161774

0.453689
0.435669
0.777405
0.729573
0.00487773

-0.584889
-0.042015
-0.810025
-7.7237
15.608

0.584889
0.042015
0.810025
0.900744
0.00203037

-0.307729
-0.622605
-0.71949
-0.241801
0.141234

0.307729
0.622605
0.71949
0.146032
0.0668006

-0.793573
0.477413
0.377252
-0.143522
0.0524563

-0.756306
0.113321
-0.644329
0.453583
0.0295071

-0.73763
-0.131836
0.662209
0.132665
0.0977042

0.73763
0.131836
-0.662209
-1.27354
0.671326

-0.131614
0.433776
0.891356
0.927212
0.00073904

0.131614
-0.433776
-0.891356
-4.78713
4.61647

0.581687
0.057305
-0.811392
-10.387
36.703

-0.581687
-0.057305
0.811392
0.80627
0.0107005

0.895926
-0.0806183
0.436827
0.433021
0.0207655

-0.895926
0.0806183
-0.436827
0.0850488
0.0539598

-0.39617
-0.4098
0.821653
-10.3276
36.6281

0.39617
0.4098
-0.821653
0.789362
0.0127507

-0.308974
0.532984
-0.787695
-2.48516
1.49644

0.308974
-0.532984
0.787695
0.678822
0.0128197

-0.408344
-0.15671
0.899276
0.513066
0.0142615

0.408344
0.15671
-0.899276
0.0896105
0.0497536

0.830209
-0.30945
0.463674
0.521424
0.0178913

-0.830209
0.30945
-0.463674
-0.441114
0.16185

-0.381128
0.557782
0.737306
-1.63575
0.844608

-0.830913
-0.556403
0
0.601902
0.176875

-0.363708
0.61602
0.698739
0.693989
0.0109289

0.363708
-0.61602
-0.698739
-2.28773
1.26045

0.427722
-0.197233
0.88213
0.566654
0.00317868

-0.626888
-0.764168
-0.15185
-1.39056
0.701001

0.626888
0.764168
0.15185
0.306877
0.0589373

0.720648
-0.653277
-0.232154
0.531916
0.0140496

-0.720648
0.653277
0.232154
-0.0531887
0.0710828

-0.324777
0.824879
-0.462704
0.839095
0.000828728

0.324777
-0.824879
0.462704
0.356386
0.0130063

0.515468
0.826508
0.226225
0.884607
0.000719237

-0.515468
-0.826508
-0.226225
-0.471662
0.108193

-0.781408
-0.369641
-0.50276
-0.397322
0.178869

0.394342
0.918964
0
-1.40701
0.974341

-0.394342
-0.918964
0
-0.474246
0.366761

0.524729
-0.222908
-0.821566
0.978285
3.5391e-05

-0.524729
0.222908
0.821566
-2.40584
0.869337

0.671985
0.46003
-0.580352
0.994134
1.60436e-06

0.871439
-0.388529
0.299398
-0.296718
0.156467

-0.871439
0.388529
-0.299398
0.159948
0.0656827

-0.607826
-0.649194
-0.457269
0.979062
3.07729e-05

-0.606428
-0.453951
-0.652819
0.0588539
0.055999

0.606428
0.453951
0.652819
0.476192
0.0174071

-0.898308
-0.310679
-0.310679
-0.0314426
0.0731668

0.898308
0.310679
0.310679
0.433074
0.0221194

0.119735
0.602104
0.789389
0.355791
0.00994899

-0.119735
-0.602104
-0.789389
0.928948
0.000121322

0.477473
0.771386
-0.420693
0.848036
0.00222989

-0.477473
-0.771386
0.420693
-2.16785
0.956955

-0.780462
-0.625203
0
-0.376116
0.0810453

0.780462
0.625203
0
0.933338
0.000545038

-0.0470889
-0.700482
0.712115
0.539959
0.00758155

0.0470889
0.700482
-0.712115
0.65548
0.00427888

-0.473863
0.49436
-0.72874
-0.394499
0.110378

0.473863
-0.49436
0.72874
0.793713
0.00247258

-0.5879
-0.198142
-0.784292
-3.17537
1.63489

0.5879
0.198142
0.784292
0.967605
0.000101442

-0.424758
0.112843
-0.898247
-0.516465
0.220666

0.424758
-0.112843
0.898247
0.261864
0.0524682

0.609188
-0.442807
0.657885
0.766806
0.00559996

-0.609188
0.442807
-0.657885
-2.02218
0.930984

-0.564333
0.805867
-0.179186
-0.338665
0.183239

0.564333
-0.805867
0.179186
0.0073595
0.100754

-0.279354
0.808758
-0.517564
0.463254
0.0267794

0.279354
-0.808758
0.517564
-0.780703
0.294068

0.308725
0.387906
-0.868457
0.83497
0.00157817

0.776114
0.416421
0.473541
-3.41336
2.75158

-0.776114
-0.416421
-0.473541
0.724166
0.0107572

0.0338667
-0.620239
0.783681
0.849612
0.00262453

-0.237568
0.493872
-0.836452
-2.57564
1.32405

0.237568
-0.493872
0.836452
0.856975
0.00212216

-0.174731
0.984616
0
0.392391
0.0294039

0.174731
-0.984616
0
-0.267725
0.127973

0.472674
0.406313
-0.781978
-1.54825
0.664876

-0.760637
-0.455935
-0.462121
0.472318
0.0347175

0.760637
0.455935
0.462121
-1.84063
1.0032

-0.121367
-0.371891
0.920308
-0.655001
0.542674

0.121367
0.371891
-0.920308
-1.94224
1.71484

0.707457
-0.706756
0
0.927366
0.00809227

-0.593221
-0.80504
0
0.021049
0.036671

-0.734599
-0.201248
0.647969
0.713392
0.00592909

0.734599
0.201248
-0.647969
-0.278435
0.0995187

-0.814675
-0.397681
-0.422083
-0.0962647
0.0812484

0.814675
0.397681
0.422083
0.496926
0.0171173

-0.543487
-0.64623
0.535732
0.763517
0.00535032

0.543487
0.64623
-0.535732
-1.34471
0.46638

-0.603906
0.15884
-0.781068
0.599337
0.00905895

0.775632
0.631185
0
-3.22947
2.62943

-0.775632
-0.631185
0
0.608235
0.026377

0.16363
0.610128
0.775222
0.691146
0.00376633

-0.16363
-0.610128
-0.775222
0.410472
0.0135249

0.227954
-0.19988
-0.952935
-3.42029
2.31817

-0.227954
0.19988
0.952935
0.879898
0.00177636

-0.68422
-0.729276
0
0.758492
0.00348948

0.68422
0.729276
0
0.293684
0.0219293

0.517469
0.270796
0.811724
0.814381
0.00302784

0.52254
-0.26709
-0.809701
-0.560279
0.184625

-0.52254
0.26709
0.809701
0.60993
0.0116565

-0.21476
0.097663
0.971772
0.972309
0.00012975

0.380656
0.111227
0.918003
-0.31591
0.0731811

-0.380656
-0.111227
-0.918003
0.918562
0.000350083

-0.820852
-0.571141
0
0.258848
0.0338463

-0.222233
-0.587796
-0.777887
-2.13802
1.22067

0.222233
0.587796
0.777887
0.576545
0.022262

-0.0224574
0.226316
0.973795
0.944276
0.00155115

-0.213053
-0.870594
-0.443479
-0.253793
0.0911812

0.213053
0.870594
0.443479
0.726951
0.00435022

0.360875
-0.776174
0.517034
0.668893
0.00940683

0.265557
0.688719
0.674644
0.797733
0.00343462

0.422447
0.842137
0.335179
0.427963
0.0168092

0.104491
0.994526
0
0.647514
0.0153085

-0.104491
-0.994526
0
0.857796
0.00621647

0.397759
-0.1808
0.8995
0.851284
0.011654

-0.397759
0.1808
-0.8995
-22.8609
298.122

-0.365047
-0.0572748
-0.929226
-1.23548
0.225387

0.365047
0.0572748
0.929226
0.995074
3.69382e-06

0.760384
0.451556
0.466812
0.995555
1.83232e-06

-0.995259
-0.0972589
0
-1.85864
0.897163

0.995259
0.0972589
0
0.648057
0.0137247

-0.752272
-0.658853
0
0.605035
0.00734668

-0.158625
-0.635934
-0.755266
-0.696804
0.196969

0.158625
0.635934
0.755266
0.75587
0.00415036

-0.868245
-0.496136
0
-2.27782
2.42366

0.868245
0.496136
0
-1.16389
1.10017

-0.239019
-0.569052
0.786797
-0.748959
0.43532

0.239019
0.569052
-0.786797
-0.480311
0.311943

-0.712667
-0.318959
0.624797
-1.34217
0.388606

0.712667
0.318959
-0.624797
0.885284
0.000958309

0.725821
0.0675447
0.68456
0.782768
0.00255535

-0.725821
-0.0675447
-0.68456
-0.270734
0.0873909

0.069654
0.394461
0.916269
0.889399
0.00163493

-0.679292
0.733868
0
0.0868642
0.0880533

0.679292
-0.733868
0
-0.372079
0.19193

0.557767
-0.242851
0.793675
0.963763
0.000439234

-0.63033
0.330844
-0.702301
0.242807
0.084483

0.797584
0.583534
-0.152798
0.89787
0.000419725

-0.797584
-0.583534
0.152798
-0.143524
0.0524529

0.245398
0.0849218
-0.965696
-0.475022
0.230488

0.962739
0.270434
0
0.841993
0.0107722

-0.962739
-0.270434
0
-12.9615
62.4663

-0.262088
-0.659949
0.704114
0.408828
0.0309242

0.262088
0.659949
-0.704114
-0.537905
0.208533

-0.815531
0.578713
0
0.865485
0.00231705

0.815531
-0.578713
0
-1.62396
0.54652

0.501544
0.0650245
0.862685
0.65057
0.00856753

-0.501544
-0.0650245
-0.862685
-0.436815
0.142818

0.540298
-0.515203
0.665315
0.739464
0.00301937

-0.142263
-0.933609
-0.328839
0.717817
0.00328971

0.142263
0.933609
0.328839
0.293696
0.0205398

-0.0289126
-0.292714
-0.955763
0.845206
0.00141925

0.0289126
0.292714
0.955763
-0.543643
0.13339

-0.0448039
0.103949
0.993573
0.949521
0.000774803

0.319252
-0.06694
-0.945303
0.768414
0.0060775

-0.631704
-0.131221
0.764023
-1.04546
0.27851

0.631704
0.131221
-0.764023
0.86319
0.00129157

0.071838
-0.864808
0.496937
-1.10759
0.30759

-0.071838
0.864808
-0.496937
0.853513
0.00150654

-0.968432
0.113856
0.221759
0.331083
0.0107631

-0.352457
0.802433
0.481535
0.442462
0.0232551

0.352457
-0.802433
-0.481535
-0.210829
0.109632

0.039197
0.978133
-0.204251
0.855855
0.00163236

-0.039197
-0.978133
0.204251
-1.49022
0.485348

-0.459123
-0.820106
-0.341514
0.552602
0.00993885

0.459123
0.820106
0.341514
0.309933
0.0236179

-0.0679633
-0.640206
0.765191
0.138979
0.0743381

0.0679633
0.640206
-0.765191
-0.455132
0.212229

-0.581288
0.0203159
-0.813444
0.315797
0.0105196

0.581288
-0.0203159
0.813444
0.955775
6.07151e-05

0.00539422
0.794079
0.607791
0.741877
0.00292006

-0.00539422
-0.794079
-0.607791
0.190877
0.0283016

-0.364306
0.561652
-0.742851
0.498564
0.0176069

0.364306
-0.561652
0.742851
-0.166154
0.0951697

0.685084
-0.658425
-0.311667
0.0255315
0.0888463

-0.685084
0.658425
0.311667
-0.148681
0.12345

0.798548
0.601931
0
-1.27507
0.269037

-0.798548
-0.601931
0
0.979428
3.15651e-05

0.0984507
-0.770951
0.629239
0.543242
0.0165122

-0.0984507
0.770951
-0.629239
-0.509948
0.179605

-0.0941387
-0.19619
0.976037
0.687375
0.0105356

0.0941387
0.19619
-0.976037
-1.90817
0.908178
