
0.056398
-0.299156
0.952536
0.982266
0.000114841

-0.305902
0.776028
-0.551548
0.529611
0.0105068

-0.412881
0.614053
-0.672658
0.595472
0.00512548

0.412881
-0.614053
0.672658
0.692548
0.00296296

-0.128934
-0.138166
0.981981
0.362793
0.0151767

0.128934
0.138166
-0.981981
0.740685
0.00251436

0.128476
0.949271
0.287017
0.408736
0.0256326

-0.128476
-0.949271
-0.287017
-0.117857
0.0915724

0.157011
-0.975826
0.152023
0.0781994
0.0572597

-0.157011
0.975826
-0.152023
0.37802
0.0260699

0.240987
0.56163
0.791516
0.682699
0.0101404

-0.240987
-0.56163
-0.791516
-1.60199
0.674722

-0.320143
0.716422
0.619877
0.773569
0.00869784

0.320143
-0.716422
-0.619877
-4.86852
5.80805

-0.12003
-0.453414
0.883181
0.893397
0.00306635

0.606419
-0.767356
0.208373
-1.51997
0.365356

-0.606419
0.767356
-0.208373
0.977451
2.94023e-05

0.425064
0.383224
0.820037
0.916774
0.00125716

-0.425064
-0.383224
-0.820037
-6.77701
10.9744

-0.320221
0.624913
0.711999
0.768958
0.0134362

0.320221
-0.624913
-0.711999
-8.54814
22.9175

-0.546626
-0.805366
0.229317
0.436944
0.0219629

0.546626
0.805366
-0.229317
-0.0333523
0.0735241

0.0128448
-0.170932
-0.985199
-1.36782
0.569348

-0.0128448
0.170932
0.985199
0.585926
0.0176146

0.557186
-0.565382
0.608183
0.578356
0.00988196

-0.765939
-0.44599
0.463066
0.369519
0.0653448

0.848702
-0.528872
0
0.348026
0.062287

-0.547382
-0.468689
-0.693328
0.776472
0.00255503

0.547382
0.468689
0.693328
-0.110756
0.0617931

0.343315
-0.0705934
-0.936564
-5.90253
10.3814

-0.343315
0.0705934
0.936564
0.591595
0.0365496

0.638436
-0.138792
-0.757057
-5.45724
7.73392

-0.638436
0.138792
0.757057
0.751739
0.0114529

0.653079
-0.00359746
-0.757281
0.679631
0.00300278

-0.653079
0.00359746
0.757281
0.662846
0.00332412

0.0936952
-0.42891
-0.898475
-1.33951
0.466641

-0.0936952
0.42891
0.898475
0.759666
0.00503114

-0.124038
0.570939
-0.811569
0.993739
6.89859e-06

-0.358938
-0.680812
0.638481
0.711031
0.0146395

0.358938
0.680812
-0.638481
-4.73403
5.73729

0.934348
0.308238
0.17884
0.691837
0.00724575

-0.934348
-0.308238
-0.17884
-0.755825
0.232605

0.306623
0.676967
-0.669102
-1.2168
0.316378

-0.306623
-0.676967
0.669102
0.910092
0.000544067

0.245295
0.910606
0.332607
0.476059
0.0304409

-0.245295
-0.910606
-0.332607
-1.3913
0.633525

0.423685
0.305305
0.852807
0.851474
0.00169348

-0.423685
-0.305305
-0.852807
-1.37643
0.429563

0.746622
0.522412
-0.411875
-4.43311
4.49686

-0.746622
-0.522412
0.411875
0.814824
0.00524232

-0.537925
0.388821
-0.747967
0.988718
4.01501e-06

-0.419559
0.312083
0.852393
-2.65541
1.54199

0.419559
-0.312083
-0.852393
0.784404
0.00536654

0.63556
-0.29566
-0.713196
-0.566284
0.304969

-0.0351587
0.335821
0.941269
0.952675
0.000571938

-0.0349734
-0.604909
-0.795527
0.933496
0.000219465

0.0349734
0.604909
0.795527
-0.482174
0.0967808

0.738009
-0.669427
0.0849132
-4.37316
3.63906

-0.738009
0.669427
-0.0849132
0.939979
0.000454353

0.345949
-0.277713
0.896212
0.731828
0.0304294

-0.345949
0.277713
-0.896212
-16.1631
124.107

-0.575916
-0.180306
0.797377
-0.00555313
0.0479393

0.575916
0.180306
-0.797377
0.771146
0.00255196

0.242429
0.296887
0.923627
0.918578
0.000489761

-0.334964
-0.454364
0.825441
-0.174399
0.226979

0.334964
0.454364
-0.825441
-1.74702
1.24034

-0.320278
0.189346
0.928208
0.916886
0.00266967

0.364179
0.48093
0.797546
0.841993
0.00824727

-0.364179
-0.48093
-0.797546
-12.9615
63.9151

0.147091
0.975094
-0.166003
0.806006
0.0012578

0.772404
-0.176548
0.610101
-6.20236
10.6269

-0.772404
0.176548
-0.610101
0.735903
0.0143465

0.425051
-0.79596
-0.431021
-12.3593
62.868

-0.425051
0.79596
0.431021
0.673844
0.0375085

-0.877882
0.172348
-0.446788
-0.582775
0.213757

0.877882
-0.172348
0.446788
0.478377
0.0232592

-0.92803
-0.028584
0.371407
-0.0133557
0.0924899

0.92803
0.028584
-0.371407
-0.0248921
0.094606

0.0722324
0.137959
0.9878
0.911353
0.0004423

-0.0722324
-0.137959
-0.9878
-0.806501
0.178452

-0.901462
0.346126
-0.259928
-0.748959
0.435246

0.901462
-0.346126
0.259928
-0.480311
0.311813

0.819519
-0.454547
0.348964
0.267094
0.0286412

-0.819519
0.454547
-0.348964
0.510913
0.0127577

0.779339
-0.410259
-0.473624
-3.20765
2.6708

-0.779339
0.410259
0.473624
0.59274
0.0250338

-0.581747
-0.269892
0.767286
0.0776459
0.0799623

0.581747
0.269892
-0.767286
-0.213588
0.138293

0.644274
0.301188
-0.702991
-1.15844
0.311909

-0.644274
-0.301188
0.702991
0.881943
0.000941556

0.621226
-0.653397
0.432609
-1.28452
0.350624

-0.621226
0.653397
-0.432609
0.901725
0.000659627

0.11598
0.14806
0.982154
0.960393
0.000792178

0.767331
-0.641251
0
0.860889
0.00336877

-0.767331
0.641251
0
0.820678
0.00435714

0.710307
-0.512254
0.482762
0.906848
0.00159275

-0.790479
-0.485674
0.373181
-1.36909
0.628767

0.790479
0.485674
-0.373181
0.449952
0.0339582

-0.667084
0.292625
-0.685106
-1.52505
0.732831

0.667084
-0.292625
0.685106
0.473748
0.0319508

-0.664942
-0.59724
-0.448505
-0.636059
0.121698

0.664942
0.59724
0.448505
0.946885
0.000134599

-0.185563
-0.239444
0.953012
0.895886
0.00172707

-0.512518
0.599
0.615243
0.7846
0.00388284

0.967167
-0.24696
-0.059993
0.0915948
0.0388813

-0.0333917
-0.71712
-0.696149
0.957164
6.70897e-05

-0.513063
-0.49388
-0.702032
0.0130161
0.047178

0.513063
0.49388
0.702032
0.748441
0.00312137

-0.315449
0.214815
0.924309
0.921986
0.00110099

-0.0944459
-0.981874
0.164325
0.0708486
0.057702

0.0944459
0.981874
-0.164325
0.394864
0.0244785

0.422447
0.842137
0.335179
0.427963
0.0168092

0.921248
0.0532456
0.385314
-17.4954
126.68

-0.921248
-0.0532456
-0.385314
0.964264
0.00047616

0.535095
0.40151
-0.743278
-3.13268
2.2412

-0.535095
-0.40151
0.743278
0.750106
0.00821446

0.843875
0.105034
-0.526158
-0.552319
0.183729

-0.843875
-0.105034
0.526158
0.599888
0.0122187

-0.841488
0.171768
-0.512244
0.893909
0.00442374

0.841488
-0.171768
0.512244
-16.9293
125.862

-0.442274
0.577545
0.686175
0.509627
0.0161668

-0.0943087
-0.608287
0.788094
0.869977
0.00135424

0.0943087
0.608287
-0.788094
-1.63296
0.553175

0.00469875
-0.965898
0.258879
0.196691
0.0323551

-0.602239
-0.728594
0.32628
0.839763
0.00102147

0.602239
0.728594
-0.32628
0.0757818
0.0337976

-0.118413
-0.879595
-0.46075
-0.693723
0.1606

0.118413
0.879595
0.46075
0.879557
0.000826667

-0.623984
-0.637347
0.452142
0.460069
0.0314436

0.623984
0.637347
-0.452142
-1.25466
0.548073

0.0610857
-0.162597
0.9848
0.98719
7.80912e-05

-0.0610857
0.162597
-0.9848
-24.1767
301.068

-0.778207
-0.42446
0.462847
0.380831
0.0152259

0.145692
0.908002
0.392819
0.247433
0.021709

-0.372563
0.923148
-0.0948412
-0.152255
0.13126

0.372563
-0.923148
0.0948412
-0.0873458
0.116889

0.620778
-0.72399
0.300788
0.400771
0.0479242

0.206895
0.11561
-0.971509
-10.1933
36.4418

-0.206895
-0.11561
0.971509
0.74815
0.0185911

-0.761312
-0.647821
0.0270708
0.85407
0.00086161

0.761312
0.647821
-0.0270708
0.00238049
0.0402246

-0.55867
-0.73877
-0.37697
0.153319
0.0575888

0.55867
0.73877
0.37697
0.0248803
0.0763829

0.0744162
0.268063
0.960523
0.956399
0.00012491

0.851919
-0.283349
0.440394
0.781779
0.00221485

-0.851919
0.283349
-0.440394
0.00802433
0.0453492

-0.289303
0.591593
0.752543
0.952885
0.000833588

0.289303
-0.591593
-0.752543
-17.3779
126.553

0.72256
0.451448
0.523547
0.77496
0.0171908

-0.72256
-0.451448
-0.523547
-12.6914
63.4943

0.934044
0.115084
-0.338109
0.948988
0.000188696

-0.934044
-0.115084
0.338109
-1.8376
0.573022

0.268371
-0.142743
0.952681
0.837212
0.00512766

-0.268371
0.142743
-0.952681
-6.47819
10.8158

0.213563
0.620689
-0.754411
-0.951076
0.231841

-0.213563
-0.620689
0.754411
0.890375
0.000767975

0.0103156
0.138766
0.990272
0.991699
4.54961e-06

-0.316596
0.805501
0.500934
0.440037
0.0302599

0.316596
-0.805501
-0.500934
-0.844284
0.327599

-0.544028
-0.570375
-0.61539
-0.435911
0.183425

0.544028
0.570375
0.61539
0.334371
0.0394983

-0.245803
-0.583448
0.77406
-1.04786
0.461212

0.245803
0.583448
-0.77406
0.33131
0.0493409

0.951724
0.306956
0
-1.92552
2.67094

-0.951724
-0.306956
0
-3.21275
5.53835

0.376024
-0.8529
-0.362171
-0.60099
0.136363

-0.376024
0.8529
0.362171
0.883716
0.000728043

-0.340561
-0.819991
-0.460036
0.7292
0.0028362

-0.477859
-0.43756
0.761703
0.802819
0.00139857

0.0635728
-0.168212
-0.983699
-24.1413
300.862

-0.0635728
0.168212
0.983699
0.985519
0.000108396

0.509184
0.617539
-0.59948
-2.47046
1.49273

-0.509184
-0.617539
0.59948
0.66844
0.0136908

-0.769379
-0.275194
0.576476
-0.847793
0.241407

0.769379
0.275194
-0.576476
0.775819
0.00359346

0.556961
0.029811
0.830004
0.812766
0.00195695

-0.556961
-0.029811
-0.830004
-0.415952
0.111485

0.393155
-0.0584048
0.917616
0.923792
0.000209024

0.929416
0.151162
-0.336653
0.558703
0.00931794

-0.929416
-0.151162
0.336653
0.348134
0.0203102

-0.0300841
0.927406
0.372846
0.658785
0.00527441

0.0300841
-0.927406
-0.372846
0.272349
0.0239785

0.8434
-0.476941
0.247394
0.459075
0.0269666

-0.8434
0.476941
-0.247394
-0.75187
0.282589

0.219724
0.287133
0.93235
0.850164
0.00360781

-0.219724
-0.287133
-0.93235
-5.06775
5.90232

-0.113082
0.908694
-0.401855
-5.74263
10.2447

0.113082
-0.908694
0.401855
0.498482
0.0567237

-0.273342
0.236035
0.932508
0.896062
0.00144718

0.273342
-0.236035
-0.932508
-4.2055
3.59592

-0.0346555
-0.0564544
0.997804
0.692328
0.0110398

0.0346555
0.0564544
-0.997804
-1.25618
0.452354

-0.146285
0.38857
0.909733
-6.52278
19.6726

0.146285
-0.38857
-0.909733
-0.638289
0.933659

0.859255
0.511548
0
0.667251
0.00895758

-0.859255
-0.511548
0
-0.403916
0.134172

0.627118
-0.294855
0.72096
0.926348
0.000352972

-0.627118
0.294855
-0.72096
-1.17429
0.287869

-0.603594
0.328539
-0.726455
0.650611
0.0140509

0.403875
-0.398314
0.823548
0.851015
0.00271124

0.610655
0.137982
-0.779783
0.913359
0.000439932

0.469794
-0.882776
0
0.95441
0.0018451

-0.150483
-0.171322
-0.973655
-0.690722
0.140621

0.150483
0.171322
0.973655
0.930924
0.000238999

0.558776
0.529182
0.638543
0.562762
0.00680225

-0.265251
-0.879735
-0.394599
-2.0916
0.941642

0.265251
0.879735
0.394599
0.808188
0.00390294

-0.998074
0.0620387
0
-0.0532813
0.0822925

0.998074
-0.0620387
0
0.345205
0.0318086

0.947574
-0.295021
-0.12274
-2.31002
2.20614

-0.947574
0.295021
0.12274
-0.471117
0.435786

0.200487
-0.650229
-0.732807
-4.69091
7.15455

-0.200487
0.650229
0.732807
0.27412
0.116607

0.319274
0.906736
0.275489
-0.633451
0.253162

-0.319274
-0.906736
-0.275489
0.35079
0.0400088

0.130727
-0.0249014
-0.991106
-0.937571
0.184513

-0.267469
0.26747
0.9257
0.9369
0.000402925

-0.116464
-0.786807
-0.606111
-0.243957
0.208573

0.116464
0.786807
0.606111
-0.84361
0.458077

0.805374
0.179046
0.56508
0.511601
0.0260849

-0.805374
-0.179046
-0.56508
-1.42283
0.640051

0.277363
-0.803142
-0.527288
-2.36684
1.92687

-0.277363
0.803142
0.527288
0.0567427
0.153116

-0.741672
0.0972693
0.663672
0.787713
0.00754235

0.413604
0.200807
0.888036
0.876228
0.0061175

-0.413604
-0.200807
-0.888036
-16.8232
125.621

0.0918735
0.878725
-0.468403
0.0593312
0.0774199

-0.0918735
-0.878725
0.468403
-0.0422878
0.0950488

-0.464663
-0.0333486
0.88486
0.707363
0.00440901

-0.954776
-0.111315
0.275703
-0.291539
0.250766

0.954776
0.111315
-0.275703
-1.18268
0.716131

0.179046
0.978111
-0.106025
-0.427609
0.0609507

-0.179046
-0.978111
0.106025
0.994725
8.68352e-07

-0.979062
0.147017
-0.140798
-7.04301
26.1873

0.979062
-0.147017
0.140798
-1.21517
1.98644

0.590922
0.730698
-0.341895
0.172495
0.0678653

-0.590922
-0.730698
0.341895
-0.471123
0.214407

0.590079
-0.290576
-0.753241
-0.945981
0.270121

-0.590079
0.290576
0.753241
0.797023
0.00396335

-0.210338
-0.392472
0.89539
0.751954
0.00672274

-0.308544
0.0615095
0.949219
0.95492
0.000126217

-0.831399
0.555676
0
0.770865
0.0156758

-0.46057
-0.535689
-0.707752
-0.614811
0.290831

0.46057
0.535689
0.707752
0.0390306
0.103115

0.91151
-0.393026
0.121165
0.327777
0.024789

-0.91151
0.393026
-0.121165
0.430514
0.0178037

-0.143427
-0.555586
0.818995
0.439434
0.0722102

0.143427
0.555586
-0.818995
-5.65069
10.1569

-0.223023
-0.574054
0.78786
0.975741
4.43248e-05

-0.364645
0.704152
0.609266
0.661018
0.010544

0.364645
-0.704152
-0.609266
-1.22155
0.450055

-0.934637
-0.355604
0
0.529693
0.0130646

0.934637
0.355604
0
0.104349
0.0471066

0.487775
-0.00751784
-0.872937
0.875743
0.000597357

-0.487775
0.00751784
0.872937
0.123281
0.0272601

0.512928
-0.335726
0.790059
-0.00609601
0.0787563

-0.512928
0.335726
-0.790059
0.234385
0.0456109

0.112257
-0.200599
0.973221
0.481798
0.0277616

-0.112257
0.200599
-0.973221
-1.16007
0.482263

-0.23845
-0.171446
-0.955902
-13.5487
64.6644

0.23845
0.171446
0.955902
0.944564
0.000940105

0.420636
-0.186675
0.887816
0.785462
0.0156139

-0.420636
0.186675
-0.887816
-12.7304
63.5365

-0.607379
0.654414
0.450369
0.249117
0.0273732

0.607379
-0.654414
-0.450369
0.616895
0.00714882

0.600175
-0.799868
0
0.725733
0.00455348

-0.546604
0.00321239
0.837385
0.711515
0.00971078

0.546604
-0.00321239
-0.837385
-2.31312
1.26589

-0.052425
0.848458
0.52666
0.977292
9.66086e-05

-0.338006
-0.390504
-0.856305
0.999365
4.85553e-08

-0.0361018
0.472111
0.8808
0.204256
0.0944839

0.0361018
-0.472111
-0.8808
-1.99848
1.33762

-0.0380671
0.430493
-0.901791
0.272524
0.0400836

0.0380671
-0.430493
0.901791
0.00982463
0.0740818

-0.91328
0.0494295
-0.404323
0.918568
0.0012089

0.91328
-0.0494295
0.404323
-6.78531
10.9759

0.270074
0.635824
0.723041
0.745941
0.0132326

-0.270074
-0.635824
-0.723041
-6.22655
10.6428

-0.279113
-0.490608
0.82547
0.745261
0.00343314

-0.710514
-0.541528
0.449351
0.861161
0.00461629

0.710514
0.541528
-0.449351
-8.86319
23.212

-0.420329
0.562686
-0.711834
0.643884
0.00806476

0.420329
-0.562686
0.711834
-0.223635
0.0942914

0.46516
0.35092
0.8127
0.38258
0.0756191

-0.46516
-0.35092
-0.8127
-4.22512
5.41537

-0.5997
-0.54887
-0.582325
0.0390306
0.103065

0.5997
0.54887
0.582325
-0.614811
0.2908

-0.950969
0.051279
-0.305005
0.960168
4.57847e-05

0.950969
-0.051279
0.305005
0.0103331
0.0281153

-0.874349
-0.370755
0.313136
0.91265
0.000368821

0.874349
0.370755
-0.313136
-0.519442
0.110103

-0.0629273
-0.11349
0.991544
0.861866
0.0040341

-0.694412
0.583203
-0.421504
-1.04565
0.421952

0.694412
-0.583203
0.421504
0.467501
0.0286344

-0.518488
-0.0184513
0.854886
-0.510492
0.235688

0.518488
0.0184513
-0.854886
0.120278
0.0799632

0.35952
0.85823
0.366315
0.204048
0.062095

-0.35952
-0.85823
-0.366315
-0.486661
0.216518

-0.653348
0.716296
0.245066
0.326971
0.0196493

0.653348
-0.716296
-0.245066
0.658077
0.0050777

0.118584
-0.365252
0.923325
0.898901
0.000409619

0.681263
-0.105075
0.724458
0.718157
0.00581167

-0.681263
0.105075
-0.724458
-0.717754
0.213065

-0.642744
0.342005
0.685502
0.749241
0.00714894

0.642744
-0.342005
-0.685502
-2.37131
1.28011

-0.22731
-0.72303
0.652348
0.613764
0.00759672

0.22731
0.72303
-0.652348
0.200661
0.0323145

0.505392
-0.382993
-0.773237
0.0770274
0.0350647

-0.505392
0.382993
0.773237
0.819073
0.00135073

-0.229414
-0.384397
0.894208
0.894351
0.000914227

0.552332
0.444312
0.705349
0.877607
0.000936716

-0.552332
-0.444312
-0.705349
-0.927807
0.230226

0.331482
0.195551
-0.922973
-12.5159
63.1819

-0.331482
-0.195551
0.922973
0.724166
0.0263304

-0.961681
-0.274172
0
0.0805521
0.0933451

0.273304
0.830873
0.484721
-0.970019
0.408798

-0.273304
-0.830873
-0.484721
0.364016
0.042667

0.853255
-0.309299
0.419869
-5.59179
7.81006

-0.853255
0.309299
-0.419869
0.805746
0.00681847

0.120117
-0.294301
0.948134
0.852661
0.00065915

-0.327616
0.424724
-0.843965
-0.0561411
0.0649078

0.327616
-0.424724
0.843965
0.632677
0.00787758

-0.0642717
0.923547
-0.378062
0.364359
0.00767442

-0.620183
0.700569
-0.352954
0.285336
0.0311451

0.620183
-0.700569
0.352954
0.33461
0.0270019

-0.736481
-0.0848704
0.671113
0.608012
0.0119447

0.736481
0.0848704
-0.671113
-0.61733
0.203188

-0.298696
0.365476
0.881594
0.941984
0.00127536

0.353492
-0.593466
0.723078
0.767017
0.00476759

-0.91975
-0.392506
0
-0.456145
0.298443

0.91975
0.392506
0
-0.574961
0.344332

-0.606884
0.477703
-0.63521
-1.0935
0.33239

-0.777784
0.0609054
-0.625574
-0.421593
0.133165

0.777784
-0.0609054
0.625574
0.688166
0.00640838

-0.962956
-0.0202681
-0.268896
-35.5843
1011.56

0.962956
0.0202681
0.268896
0.887085
0.00964123

0.152158
-0.407271
0.900543
0.796339
0.0039104

-0.152158
0.407271
-0.900543
-1.76079
0.701355

0.882353
0.470589
0
0.356383
0.0649856

-0.248531
-0.899702
-0.358844
0.602473
0.00815388

0.248531
0.899702
0.358844
0.188722
0.0338936

-0.756663
0.244515
0.606361
0.420747
0.0326819

0.756663
-0.244515
-0.606361
-0.830732
0.325561

0.878324
-0.478066
0
-0.258647
0.0665816

-0.350599
-0.655459
-0.66892
0.800943
0.00302587

0.714488
0.0333613
0.698852
-1.1341
0.778071

-0.714488
-0.0333613
-0.698852
-0.746949
0.52147

-0.456523
-0.768852
-0.44772
-0.0587585
0.0787385

0.456523
0.768852
0.44772
0.425161
0.0232428

0.814097
0.14151
-0.563223
-0.0182669
0.040914

-0.814097
-0.14151
0.563223
0.872084
0.000667388

-0.287755
0.0577065
0.955964
0.741075
0.00938004

0.287755
-0.0577065
-0.955964
-3.444
2.76281

-0.518799
0.620491
-0.58808
-0.741797
0.187156

0.518799
-0.620491
0.58808
0.838859
0.00162174

0.314059
0.0832261
-0.945749
-0.965954
0.533386

-0.314059
-0.0832261
0.945749
-0.213671
0.203536

-0.467194
0.367249
0.804275
0.585785
0.00619614

0.467194
-0.367249
-0.804275
0.607161
0.00557828

0.0658817
-0.801964
0.593728
0.426837
0.0310572

-0.0658817
0.801964
-0.593728
-0.755311
0.290501

-0.147761
0.123276
-0.98131
-11.1572
37.4073

0.147761
-0.123276
0.98131
0.957934
0.000472606

-0.494576
-0.511821
0.702448
0.61095
0.00803967

0.804253
-0.466494
0.368186
0.809526
0.00280102

-0.804253
0.466494
-0.368186
-1.21149
0.375637

0.935904
0.163486
0.312019
0.523249
0.0210575

-0.935904
-0.163486
-0.312019
-0.907013
0.336838

-0.373467
-0.399633
0.837147
0.223579
0.0820517

0.373467
0.399633
-0.837147
-1.63469
0.944148

-0.986217
-0.165454
0
-0.0126817
0.0685663

0.986217
0.165454
0
0.455404
0.0198338

-0.404584
0.804975
0.433966
0.709056
0.0048255

0.404584
-0.804975
-0.433966
-0.00416088
0.052877

0.863368
0.504574
0
-2.93939
1.75966

-0.863368
-0.504574
0
0.799946
0.00974999

-0.467694
0.586019
-0.661698
0.95647
0.000427064

0.877799
-0.0946956
-0.469576
-0.804843
0.297391

-0.877799
0.0946956
0.469576
0.496263
0.0231786

0.978608
0.205734
0
-0.875154
0.210434

-0.978608
-0.205734
0
0.884559
0.000923224

0.357782
0.693115
-0.625767
-2.56551
1.5191

-0.357782
-0.693115
0.625767
0.731936
0.00860143

0.434916
-0.161919
0.885794
0.863122
0.000350875

-0.434916
0.161919
-0.885794
0.693382
0.00175842

-0.417936
-0.632299
-0.652325
-23.7911
300.476

0.417936
0.632299
0.652325
0.963327
0.000667069

-0.169336
0.201197
-0.964803
-0.214854
0.123282

0.169336
-0.201197
0.964803
0.287256
0.0426025

0.277035
0.017219
-0.960706
-1.28356
0.459016

-0.277035
-0.017219
0.960706
0.715661
0.007207

-0.727135
-0.390237
0.564792
0.494302
0.0281251

0.727135
0.390237
-0.564792
-1.40729
0.636893

0.718488
0.634492
0.284947
-0.561864
0.388451

-0.718488
-0.634492
-0.284947
-1.06554
0.679355

0.295328
-0.535214
0.791409
-0.951939
0.442213

-0.295328
0.535214
-0.791409
0.178726
0.0783048

0.326732
-0.401315
0.855682
0.87253
0.00284057

-0.497394
-0.391072
0.774379
0.912337
0.000500858

0.497394
0.391072
-0.774379
-1.2219
0.316794

0.67363
-0.471726
0.568944
0.927626
0.00118965

0.353554
0.582226
0.732129
0.730398
0.00349648

-0.353554
-0.582226
-0.732129
0.0908374
0.0390537

0.151542
0.682251
-0.71524
-1.33458
0.323965

-0.151542
-0.682251
0.71524
0.953733
0.00014145

0.142952
-0.520127
-0.842041
-0.962122
0.317819

-0.142952
0.520127
0.842041
0.676894
0.00873544

-0.903377
-0.365038
-0.225071
-0.925439
0.267885

0.903377
0.365038
0.225071
0.781229
0.00346438

-0.0931343
-0.753389
0.650946
0.692333
0.00681318

0.0931343
0.753389
-0.650946
-0.631852
0.191212

0.906638
0.136927
-0.399073
-0.120403
0.0350004

-0.906638
-0.136927
0.399073
0.981047
1.18338e-05

0.491286
0.842801
-0.219831
0.473406
0.0158995

-0.491286
-0.842801
0.219831
0.21336
0.0354685

-0.368897
-0.419305
0.829517
0.883878
0.0025315

0.400593
0.765519
0.503494
0.676645
0.00416498

-0.100042
-0.924909
-0.366789
-1.97714
1.03899

0.100042
0.924909
0.366789
0.602535
0.0185472

0.207171
-0.303747
0.929956
-3.0226
3.63057

-0.207171
0.303747
-0.929956
-0.448125
0.471005

0.260353
0.402842
0.877459
0.840771
0.00250419

-0.5105
-0.420253
-0.750184
-1.81157
0.570597

0.5105
0.420253
0.750184
0.941229
0.000269151

0.531364
-0.251078
0.809081
0.830463
0.00311059

-0.531364
0.251078
-0.809081
-2.51843
1.31184

-0.0914622
0.39751
0.913028
0.890233
0.000806936

0.0914622
-0.39751
-0.913028
-1.02047
0.25544

-0.521449
0.646285
0.557141
0.467107
0.00638457

-0.80997
0.199748
0.551408
0.605593
0.00632481

0.80997
-0.199748
-0.551408
0.476674
0.0111035

-0.562566
-0.566405
0.60225
0.868454
0.0010912

0.562566
0.566405
-0.60225
-0.912036
0.229101

0.23894
0.371866
-0.897008
-1.16582
0.287358

-0.23894
-0.371866
0.897008
0.922898
0.000373339

-0.248761
-0.0711902
0.965945
0.969094
0.000356144

0.819434
0.0387151
0.571864
-0.198221
0.0653027

-0.819434
-0.0387151
-0.571864
0.859148
0.000927261

-0.162873
-0.95191
0.2595
0.200659
0.0321945

-0.947173
0.296103
-0.123236
0.310233
0.0409128

0.947173
-0.296103
0.123236
-0.318081
0.149385

-0.0170253
-0.282353
0.959159
0.950437
0.000570127

0.993269
0.115834
0
-0.0244701
0.0647651

-0.993269
-0.115834
0
0.581832
0.011596

-0.407227
-0.410083
-0.816087
-0.685654
0.280356

0.407227
0.410083
0.816087
0.317377
0.0459948

-0.426019
0.282122
-0.859602
-1.12528
0.33603

0.426019
-0.282122
0.859602
0.811428
0.00272323

-0.487403
0.713814
-0.502899
0.889827
0.000543127

-0.356353
0.524316
-0.773373
-0.108118
0.0589547

-0.827282
-0.521994
-0.207672
0.651496
0.0111542

0.827282
0.521994
0.207672
-1.21145
0.448584

-0.515701
-0.500728
-0.695215
0.45378
0.0156691

-0.89492
-0.406313
-0.184468
0.609932
0.0364319

0.44206
-0.114247
0.88968
-1.28548
0.747192

-0.44206
0.114247
-0.88968
-0.0870364
0.169308

-0.035768
0.561031
0.827022
0.865914
0.0038418

0.035768
-0.561031
-0.827022
-7.58153
15.5096

-0.55371
0.772142
-0.311773
-2.87342
2.51722

0.55371
-0.772142
0.311773
0.302854
0.0815755

0.374398
0.410634
0.831388
0.757979
0.00489171

-0.374398
-0.410634
-0.831388
-1.16225
0.377597

-0.591722
0.593713
-0.545316
-2.21265
0.964092

0.591722
-0.593713
0.545316
0.868884
0.00162876

-0.075868
0.368589
-0.926491
-0.633451
0.253166

0.075868
-0.368589
0.926491
0.35079
0.040014

0.350515
-0.223916
0.909396
0.966565
0.000174417

-0.219276
0.506994
0.833592
0.227663
0.0407058

0.219276
-0.506994
-0.833592
0.227663
0.0407058

0.0585805
0.0145486
-0.998177
-2.29378
0.975994

-0.0585805
-0.0145486
0.998177
0.902087
0.00087696

0.535778
0.384134
-0.751919
0.636046
0.00540214

-0.740602
0.303705
-0.599393
0.0553348
0.0861751

0.740602
-0.303705
0.599393
-0.25262
0.151428

0.149498
-0.359962
0.920911
0.856612
0.0014483

-0.149498
0.359962
-0.920911
-1.03437
0.277598

0.809001
-0.477949
-0.342174
-0.274022
0.0713671

-0.588942
0.339707
-0.733312
0.473031
0.0142847

-0.174508
-0.932934
0.314931
0.726605
0.00473333

0.174508
0.932934
-0.314931
-0.328239
0.106673

-0.707692
0.546371
-0.447941
0.398966
0.00579545

0.264454
0.554898
0.788767
0.885607
0.000865073

-0.264454
-0.554898
-0.788767
-1.01169
0.254818

0.41026
0.234221
0.881378
-0.613725
0.10677

-0.41026
-0.234221
-0.881378
0.968581
4.4139e-05

0.0754843
-0.936826
-0.341555
-0.787824
0.318938

-0.0754843
0.936826
0.341555
0.356385
0.0413636

0.465025
0.776893
0.424487
0.0188785
0.0555513

-0.465025
-0.776893
-0.424487
0.598134
0.00932645

-0.910901
-0.29993
0.283376
-1.21631
0.376175

0.910901
0.29993
-0.283376
0.81275
0.00268793

-0.501532
-0.846045
-0.180758
0.767519
0.00216597

0.501532
0.846045
0.180758
0.233831
0.0234896

0.595903
0.803056
0
-2.82409
1.77218

-0.595903
-0.803056
0
0.736909
0.0126463

0.153535
-0.217941
0.963809
0.975735
4.46668e-05

-0.995728
0.0923305
0
0.911157
0.000856374

0.995728
-0.0923305
0
-3.21517
1.92669

-0.29645
0.423684
-0.855926
0.628773
0.00313707

0.29645
-0.423684
0.855926
0.848804
0.000560598

-0.312561
-0.112274
0.943239
0.937696
0.000208814

-0.42659
0.240924
0.871767
-1.22055
0.657262

-0.783382
0.62154
0
-1.30323
0.138492

0.783382
-0.62154
0
0.806668
0.14449

0.45615
-0.795003
-0.399873
-1.6619
0.68554

-0.45615
0.795003
0.399873
0.729393
0.00710859

0.127759
-0.927225
-0.352038
0.864759
0.00269297

0.479388
-0.703425
-0.524767
-1.00236
0.350141

-0.479388
0.703425
0.524767
0.63222
0.0118629

-0.896738
0.190658
-0.399389
-0.368861
0.102871

0.896738
-0.190658
0.399389
0.806325
0.00207555

0.326924
-0.140474
-0.934552
0.815209
0.00187885

-0.326924
0.140474
0.934552
-0.378957
0.103432

0.964554
-0.107963
0.240789
-0.167847
0.150174

-0.964554
0.107963
-0.240789
-0.328756
0.194402

-0.369394
-0.138523
-0.91889
-1.81
0.791717

0.369394
0.138523
0.91889
0.732004
0.00732671

-0.0122584
-0.561348
-0.827489
0.990776
4.01793e-05

0.0122584
0.561348
0.827489
-24.2619
301.146

-0.819962
0.548195
0.164759
-0.178768
0.113019

0.819962
-0.548195
-0.164759
0.299595
0.0399065

-0.119488
-0.992836
0
-0.284315
0.231689

0.119488
0.992836
0
-0.934426
0.525257

-0.546694
0.74544
-0.381371
0.816756
0.0021463

0.546694
-0.74544
0.381371
-0.711556
0.184996

0.696991
0.29291
0.654529
0.991563
7.51342e-06

-0.696991
-0.29291
-0.654529
-2.68534
1.01212

-0.249359
-0.856692
-0.451553
0.974048
0.000328886

0.249359
0.856692
0.451553
-23.9401
300.746

0.0391447
-0.0662282
0.997036
0.996815
1.1376e-06

0.71855
0.273214
0.639562
0.665655
0.0036546

0.218438
0.488258
0.844919
0.80385
0.00592562

-0.218438
-0.488258
-0.844919
-4.40637
4.48594

0.658966
-0.564633
-0.496944
-2.67536
1.54637

-0.658966
0.564633
0.496944
0.795104
0.00483526

-0.448309
-0.543602
-0.709589
0.994824
7.75365e-07

0.483051
0.095522
0.870366
0.832555
0.0114152

-0.483051
-0.095522
-0.870366
-16.5921
125.152

-0.539702
0.090539
-0.836974
0.700726
0.00190069

0.539702
-0.090539
0.836974
0.834466
0.000613234

-0.508126
0.549731
0.663026
0.908055
0.00330463

-0.577367
0.0321852
0.81585
0.879467
0.00196161

-0.719684
-0.113558
-0.684952
-0.370763
0.122046

0.719684
0.113558
0.684952
0.680581
0.00667227

-0.638872
0.200153
-0.74282
0.366364
0.0156821

0.638872
-0.200153
0.74282
0.715795
0.0032079

-0.381433
0.227967
0.895846
0.73154
0.0108081

0.381433
-0.227967
-0.895846
-3.80527
3.45834

0.470208
-0.534965
0.701938
-8.78293
33.8395

-0.470208
0.534965
-0.701938
0.0244112
0.336792

-0.136527
0.287157
0.948104
-2.03969
0.737625

0.136527
-0.287157
-0.948104
0.927038
0.000464191

-0.670293
0.672068
-0.314694
0.1633
0.0478375

0.670293
-0.672068
0.314694
0.287072
0.0347376

0.540161
0.0597575
0.839438
0.874376
0.00508831

-0.801415
-0.478266
-0.35916
0.466658
0.0214527

0.801415
0.478266
0.35916
-0.265765
0.120693

0.584539
0.530559
0.613858
0.777103
0.00679847

-0.194846
0.883065
0.426885
-0.0149289
0.087918

0.194846
-0.883065
-0.426885
0.0816694
0.0719886

-0.641564
-0.169177
-0.748181
-1.66841
0.618066

0.641564
0.169177
0.748181
0.821793
0.0027709

-0.0514295
-0.0985521
0.993802
-0.178008
0.0676171

0.0514295
0.0985521
-0.993802
0.81624
0.00165578

-0.700314
-0.0874067
0.708464
0.978115
2.69337e-05

0.700314
0.0874067
-0.708464
-0.782822
0.134634

-0.0662273
0.64347
0.762601
0.473405
0.00888546

0.0662273
-0.64347
-0.762601
0.765958
0.00175587

0.0216817
-0.430704
0.902233
0.94065
0.0017626

-0.0216817
0.430704
-0.902233
-23.5379
300.033

-0.627499
0.551822
0.549307
0.545683
0.0121501

0.649832
0.0947406
-0.75415
0.346166
0.111304

-0.649832
-0.0947406
0.75415
-6.44754
14.4142

0.015663
-0.210284
-0.977515
0.717082
0.00495964

0.848399
-0.322397
0.419856
0.823405
0.000471955

0.0660912
0.912745
0.403149
0.45514
0.010931

-0.0660912
-0.912745
-0.403149
0.693517
0.00347198

-0.279835
-0.644007
-0.712003
-2.11645
1.8073

0.279835
0.644007
0.712003
-0.325528
0.327193

0.78346
-0.381863
0.490276
0.612538
0.0850864

-0.78346
0.381863
-0.490276
-21.7741
293.764

0.873148
-0.487456
0
0.856608
0.00196184

-0.873148
0.487456
0
-0.140309
0.061225

-0.90359
0.286885
0.318156
0.61153
0.0133572

0.158059
0.335941
0.928526
-11.4762
60.7405

-0.158059
-0.335941
-0.928526
0.292732
0.195214

0.111829
-0.0291322
0.9933
0.123317
0.0624651

-0.111829
0.0291322
-0.9933
0.0356971
0.0755686

0.854239
0.430983
0.290739
0.033083
0.0462343

0.22429
-0.454764
0.861907
-0.367683
0.200015

-0.22429
0.454764
-0.861907
-0.064806
0.121263

-0.0732899
-0.367492
-0.927134
-3.87308
2.88834

0.0732899
0.367492
0.927134
0.914994
0.000889889

-0.73957
0.417102
-0.528263
0.855244
0.000576985

0.73957
-0.417102
0.528263
0.451347
0.00820346

-0.445786
0.821554
0.35542
0.442246
0.0179428

0.445786
-0.821554
-0.35542
0.244772
0.0328767

-0.95142
-0.307896
0
0.907891
0.0037501

0.0879132
-0.519532
-0.849916
-0.604083
0.338025

-0.0879132
0.519532
0.849916
-0.375251
0.248549

0.743766
-0.115065
0.658462
0.742033
0.000987067

0.30745
-0.0239005
0.951264
0.929947
0.000980485

0.203995
-0.169574
0.964173
0.494302
0.0283218

-0.203995
0.169574
-0.964173
-1.40729
0.636637

-0.655631
-0.138094
0.742346
0.0535111
0.209223

0.655631
0.138094
-0.742346
-4.4518
6.9328

0.0948629
0.660632
0.744692
0.535436
0.0105771

0.104348
0.743969
-0.660016
0.488894
0.010611

-0.104348
-0.743969
0.660016
0.596164
0.006647

-0.481112
-0.0143422
0.876542
0.898882
0.000968972

0.481112
0.0143422
-0.876542
-2.2853
0.97415

-0.217092
0.574841
-0.788942
0.978765
6.51591e-05

0.217092
-0.574841
0.788942
-5.07692
4.6755

0.569559
0.410298
-0.71222
0.652623
0.0201555

-0.569559
-0.410298
0.71222
-4.10453
4.3467

0.960185
0.279365
0
-0.741187
0.315829

-0.960185
-0.279365
0
0.280434
0.0619316

0.940453
0.339923
0
-1.35992
0.945364

-0.940453
-0.339923
0
-0.579783
0.43828

-0.787273
-0.0919147
-0.609716
-1.5067
0.810432

0.787273
0.0919147
0.609716
0.267576
0.0693071

-0.0690611
-0.579999
-0.811684
0.680747
0.00249695

0.0690611
0.579999
0.811684
0.763371
0.0013745

0.208822
-0.393626
-0.895238
-7.55088
15.5004

-0.208822
0.393626
0.895238
0.857633
0.00429741

-0.11237
-0.0831351
0.990183
0.936901
0.00151332

0.11237
0.0831351
-0.990183
-17.2358
126.373

-0.170324
-0.923479
-0.343769
0.574756
0.0179153

0.170324
0.923479
0.343769
-1.24171
0.496631

-0.557228
-0.709827
-0.430862
0.78916
0.00171891

0.557228
0.709827
0.430862
0.232151
0.0227676

0.6411
-0.189674
-0.74365
-1.04322
0.327287

-0.6411
0.189674
0.74365
0.749705
0.00491964

-0.116504
-0.728881
0.674655
0.623302
0.0102181

-0.287022
-0.317859
0.90365
0.88051
0.00228964

0.287022
0.317859
-0.90365
-5.1631
5.93533

0.88435
-0.466825
0
0.324041
0.0550552

-0.88435
0.466825
0
-0.488372
0.21373

0.221508
-0.736187
0.639502
0.434184
0.0273455

-0.221508
0.736187
-0.639502
-0.494104
0.190062

0.105514
-0.0706114
-0.991908
-12.4143
62.9865

-0.105514
0.0706114
0.991908
0.69205
0.0332001

0.165479
-0.542975
-0.823283
0.934832
0.000530042

0.653988
-0.009172
0.756449
0.693518
0.0121665

-0.653988
0.009172
-0.756449
-2.75444
1.81097

-0.0916417
-0.614793
-0.783346
0.59847
0.0162762

0.0916417
0.614793
0.783346
-1.38036
0.571885

0.364619
0.930052
0.0453429
0.618942
0.0313403

-0.703271
-0.571663
0.422626
0.26161
0.0736621

0.703271
0.571663
-0.422626
-1.68101
0.969746

-0.518518
0.28044
-0.80777
0.664866
0.00785539

0.0385246
0.207852
-0.977401
0.989679
2.78989e-05

-0.0385246
-0.207852
0.977401
-7.28903
11.1089

-0.260318
-0.224161
-0.939141
0.926787
0.000187449

0.425405
-0.141566
0.893862
0.71291
0.00467705

-0.425405
0.141566
-0.893862
-0.174609
0.0780957

0.294984
0.113879
0.948692
0.863824
0.00127006

-0.77054
0.565204
-0.294639
0.722123
0.00381965

0.77054
-0.565204
0.294639
0.0330811
0.0462346

-0.0515111
-0.215822
0.975073
0.969728
0.00044552

0.0515111
0.215822
-0.975073
-23.8768
300.685

0.22582
-0.568671
0.790961
0.800571
0.00666906

-0.22582
0.568671
-0.790961
-4.93346
5.83802

0.00315523
-0.239644
-0.970856
-0.403608
0.191964

-0.00315523
0.239644
0.970856
0.156954
0.0694462

-0.146479
-0.71238
-0.686338
0.870091
0.0014004

0.856106
0.272568
-0.439077
-2.39489
0.868318

-0.856106
-0.272568
0.439077
0.976424
4.46398e-05

-0.586639
0.809849
0
0.622789
0.0121714

0.586639
-0.809849
0
-0.909622
0.311278

0.194488
0.67633
-0.710459
-0.671732
0.454733

-0.194488
-0.67633
0.710459
-1.02278
0.665633

0.599101
-0.642208
-0.478171
-0.530276
0.415048

-0.599101
0.642208
0.478171
-1.5628
1.16385

0.0878526
-0.229879
0.969246
-0.75697
0.478063

-0.0878526
0.229879
-0.969246
-0.75035
0.474468

0.323342
-0.110198
-0.939844
-1.30385
0.614413

-0.323342
0.110198
0.939844
0.36788
0.0465023

-0.437677
-0.279164
0.854697
0.771668
0.00648007

0.867244
0.35472
0.349373
-0.0326769
0.0968217

-0.165395
0.775319
-0.609528
-1.33647
1.0644

0.165395
-0.775319
0.609528
-1.08409
0.846917

0.153185
0.207846
-0.966092
-3.18699
2.6198

-0.153185
-0.207846
0.966092
0.57771
0.0301693

0.00761953
0.173737
0.984763
0.488648
0.0255701

-0.00761953
-0.173737
-0.984763
-0.967496
0.375221

-0.16838
-0.0189967
-0.985539
-1.74796
0.45733

0.16838
0.0189967
0.985539
0.981972
3.03385e-05

-0.245924
-0.157802
-0.956358
0.745955
0.00194349

0.245924
0.157802
0.956358
0.556859
0.00591133

-0.077853
-0.510229
-0.856508
-0.650294
0.15797

0.077853
0.510229
0.856508
0.851473
0.00128124

0.359662
-0.401974
0.842057
-9.90358
55.4667

-0.359662
0.401974
-0.842057
-0.892986
1.6725

0.328284
0.67959
0.656038
0.602535
0.0185302

0.861825
0.376211
0.340181
0.588807
0.00428656

-0.305722
0.761212
-0.571918
-23.6568
300.294

0.305722
-0.761212
0.571918
0.952009
0.00114

-0.464843
0.0148279
0.885269
0.63222
0.0119564

0.464843
-0.0148279
-0.885269
-1.00236
0.350141

-0.0589386
0.321979
-0.94491
-0.919306
0.24767

0.0589386
-0.321979
0.94491
0.829469
0.00204017

-0.999404
-0.0345251
0
-0.96149
0.585211

0.999404
0.0345251
0
-0.501763
0.343059

0.936695
0.00691459
0.35008
-2.8109
1.82871

-0.936695
-0.00691459
-0.35008
0.729006
0.00926611

0.96944
0.0761707
0.233206
-0.523347
0.124256

-0.96944
-0.0761707
-0.233206
0.862899
0.00101064

0.313545
0.48784
0.814679
-0.609036
0.202336

-0.313545
-0.48784
-0.814679
0.597741
0.0126537

0.0544348
-0.729793
0.681498
0.667251
0.00742547

-0.0544348
0.729793
-0.681498
-0.403916
0.131861

-0.407495
0.772241
-0.487434
0.834298
0.00151289

0.407495
-0.772241
0.487434
-0.442024
0.112961

-0.406363
-0.232403
-0.883662
-36.4286
1014.87

0.406363
0.232403
0.883662
0.962279
0.00104882

0.462941
-0.582175
-0.668399
-1.04786
0.461216

-0.462941
0.582175
0.668399
0.33131
0.0492993

-0.770804
0.0949655
0.629954
-2.90766
2.5341

0.867169
-0.498014
0
0.693717
0.00655595

0.233276
-0.761684
-0.604499
-1.87673
1.01291

-0.233276
0.761684
0.604499
0.509218
0.0295726

0.331858
-0.542775
-0.771535
-0.922479
0.57387

-0.331858
0.542775
0.771535
-0.602684
0.398926

-0.381602
0.761346
-0.524149
0.698714
0.00502759

0.381602
-0.761346
0.524149
-0.102622
0.0672826

0.665342
0.186364
0.722903
0.183945
0.0431133

-0.665342
-0.186364
-0.722903
0.349447
0.0274414

-0.700592
-0.294037
0.650164
0.724165
0.0049987

0.700592
0.294037
-0.650164
-0.501767
0.147739

-0.467915
-0.172322
0.866811
-2.04871
1.05635

0.467915
0.172322
-0.866811
0.661256
0.0130759

0.600569
0.362574
-0.712641
0.174851
0.154545

-0.600569
-0.362574
0.712641
-4.57799
7.05231

0.0718412
0.302335
0.950491
0.920467
0.000952775

0.955669
0.294443
0
0.653781
0.00652359

-0.955669
-0.294443
0
0.671457
0.00604749

-0.00371506
-0.262142
-0.965022
-1.74986
0.628713

0.00371506
0.262142
0.965022
0.865508
0.00152217

-0.6436
0.412886
-0.644442
0.634064
0.0169237

-0.716113
-0.206063
0.666873
0.341533
0.0152962

0.716113
0.206063
-0.666873
0.790611
0.00158566

-0.259522
-0.0188884
0.965552
0.778064
0.00369646

0.259522
0.0188884
-0.965552
-0.997425
0.297132

0.523574
-0.453168
0.721463
0.701928
0.0185159

-0.523574
0.453168
-0.721463
-6.12429
10.5718

-0.30524
-0.952276
0
0.930711
0.000400442

-0.364932
0.745463
-0.557772
0.23046
0.0439905

0.364932
-0.745463
0.557772
0.0841842
0.0622952

0.0312501
0.640192
0.767579
0.844103
0.000948643

0.278739
-0.163099
0.946416
0.376256
0.0182763

0.0679971
0.543727
0.836503
-0.685654
0.280458

-0.0679971
-0.543727
-0.836503
0.317377
0.0461671

0.797272
-0.289879
0.529459
-0.32809
0.223096

-0.797272
0.289879
-0.529459
-0.540278
0.300036

0.382733
0.814125
0.436711
0.221435
0.0445049

-0.733162
-0.191966
0.652398
0.369521
0.0654

0.733162
0.191966
-0.652398
-2.9405
2.54931

-0.67883
0.0551906
0.732218
0.927412
0.000502573

0.67883
-0.0551906
-0.732218
-2.55683
1.15062

-0.500307
-0.122045
-0.857204
-0.296659
0.130659

0.500307
0.122045
0.857204
0.444472
0.0240185

-0.208803
0.247055
-0.946238
-0.40361
0.19173

0.701023
-0.504063
0.504468
0.512939
0.0657622

-0.701023
0.504063
-0.504468
-7.946
22.1845

-0.0383996
-0.775631
-0.630018
-35.0423
1008.32

0.0383996
0.775631
0.630018
0.81611
0.0262526

0.903954
0.398158
-0.156006
-3.12671
1.62853

-0.903954
-0.398158
0.156006
0.957975
0.000178946

0.402075
0.332885
0.85295
0.835873
0.00653956

-0.0971844
-0.797767
0.595082
0.337997
0.0689851

-0.723243
-0.690594
0
0.504911
0.03435

-0.120405
0.350936
-0.928626
-4.5167
4.52996

0.120405
-0.350936
0.928626
0.846758
0.00350025

-0.984166
-0.141831
0.106308
-0.801819
0.237068

0.984166
0.141831
-0.106308
0.736083
0.00508766

0.557418
0.0208541
-0.82997
-7.82673
22.0015

-0.557418
-0.0208541
0.82997
0.448332
0.0861608

-0.707607
-0.706606
0
0.941256
0.000804057

0.372439
0.054314
0.926466
0.850293
0.00398332

0.0653916
-0.679328
0.730915
0.712413
0.00412778

-0.0653916
0.679328
-0.730915
0.0401337
0.0459538

-0.704395
0.68052
0.201794
-0.0216155
0.181549

0.704395
-0.68052
-0.201794
-2.31001
1.90562

0.546341
-0.550408
-0.631319
-0.586403
0.17633

-0.546341
0.550408
0.631319
0.704063
0.00708922

0.789845
0.543312
0.28453
0.555507
0.015469

0.544311
-0.227341
0.807491
0.148606
0.0638356

-0.544311
0.227341
-0.807491
-0.14537
0.11525

-0.11512
0.911692
-0.394418
-1.14747
0.438682

0.11512
-0.911692
0.394418
0.586897
0.0162652

-0.520079
0.453523
-0.723764
-11.2287
60.0307

0.520079
-0.453523
0.723764
0.153135
0.287911

0.540146
0.16366
-0.825505
0.753046
0.00814952

-0.540146
-0.16366
0.825505
-3.13802
2.23999

0.75734
0.484309
-0.438041
0.462856
0.0162284

-0.480965
-0.823409
0.301116
0.411008
0.0173001

0.480965
0.823409
-0.301116
0.46041
0.0145222

-0.902862
-0.429931
0
0.306877
0.0792381

0.902862
0.429931
0
-1.39056
0.680077

-0.766788
0.0823439
0.636596
0.793267
0.00211154

-0.46885
-0.44194
0.764767
-2.36974
0.985342

0.46885
0.44194
-0.764767
0.928184
0.000472717

-0.148541
0.51964
-0.841374
0.905206
0.00057886

-0.57731
0.380525
0.722436
0.899588
0.00269942

-0.0691164
0.714325
-0.696393
-0.566282
0.305042

0.0691164
-0.714325
0.696393
-0.258983
0.197161

0.203329
-0.505597
0.838469
-0.114485
0.134923

-0.203329
0.505597
-0.838469
-0.348528
0.197419

-0.18006
0.835303
-0.519468
-0.670922
0.208573

0.18006
-0.835303
0.519468
0.669941
0.00818199

0.329278
-0.078921
0.940929
0.0159433
0.0252867

-0.846144
0.175488
0.503234
-24.0984
300.907

0.846144
-0.175488
-0.503234
0.983358
0.000136855

0.182113
-0.321752
0.929145
0.988715
9.57589e-05

0.643483
0.61167
-0.460206
-0.741187
0.311593

-0.643483
-0.61167
0.460206
0.280434
0.0532703

-0.271644
0.561271
0.781783
0.850636
0.00331411

0.271644
-0.561271
-0.781783
-4.52751
4.53406

-0.535475
-0.350301
-0.768477
-0.148846
0.179393

0.535475
0.350301
0.768477
-0.99624
0.541104

0.587416
-0.100873
0.802974
0.242802
0.0845279

-0.587416
0.100873
-0.802974
-2.02876
1.34883

-0.12031
-0.714026
-0.689705
-3.27099
2.69666

0.12031
0.714026
0.689705
0.636668
0.0195395

0.493354
-0.568528
0.658315
-0.131628
0.0975808

-0.493354
0.568528
-0.658315
0.363456
0.0308775

0.22035
0.774772
0.592599
-5.09345
9.55223

-0.22035
-0.774772
-0.592599
-0.0159311
0.265848

-0.946601
0.142825
0.289046
0.39743
0.0402039

0.946601
-0.142825
-0.289046
-1.20525
0.538181

-0.147309
0.526098
-0.837568
-7.22397
15.2351

0.147309
-0.526098
0.837568
0.751261
0.0140407

0.452086
-0.221022
0.864157
0.869785
0.00356726

-0.452086
0.221022
-0.864157
-7.59623
15.5304

0.362016
-0.615572
-0.700011
-0.456266
0.263063

0.273204
-0.821365
-0.500718
-0.229248
0.117572

-0.273204
0.821365
0.500718
0.400913
0.0279728

0.771209
0.490034
0.40633
0.543706
0.0251388

-0.771209
-0.490034
-0.40633
-1.9122
1.02241

0.586778
-0.457597
0.668054
-2.54597
2.3423

-0.586778
0.457597
-0.668054
-0.0952649
0.223832

-0.588131
0.0862055
0.804158
0.854011
0.00167055

0.588131
-0.0862055
-0.804158
-1.38096
0.429912

-0.578226
0.608207
-0.543819
0.569373
0.00804584

-0.521194
0.747418
0.411974
-0.074206
0.0797907

0.521194
-0.747418
-0.411974
0.455643
0.0205181

-0.642014
0.0955647
0.760714
0.832335
0.00189772

0.351286
0.139565
0.925807
0.869212
0.000992214

-0.351286
-0.139565
-0.925807
-0.578148
0.135297

-0.517647
-0.483019
-0.706211
0.966599
0.000135743

-0.718182
-0.619303
0.317299
0.153471
0.0352101

-0.817987
-0.506608
0.27248
0.23365
0.0543676

0.817987
0.506608
-0.27248
-0.38377
0.177211

0.00849881
-0.673673
0.738981
0.843883
0.000396289

0.483362
0.151637
0.862188
0.300927
0.00935075

-0.483362
-0.151637
-0.862188
0.981438
1.48199e-05

0.773237
5.54898e-05
-0.634117
-0.472234
0.121429

-0.773237
-5.54898e-05
0.634117
0.824632
0.00172445

0.595377
-0.6971
0.399473
0.730125
0.00457394

-0.595377
0.6971
-0.399473
-0.414594
0.125083

0.985458
0.169918
0
0.997762
5.18465e-07

-0.150978
-0.472138
-0.868499
-23.6866
300.35

0.150978
0.472138
0.868499
0.954657
0.00101558

0.11334
-0.698326
0.706749
-0.582143
0.0937768

-0.11334
0.698326
-0.706749
0.981046
1.4891e-05

-0.891344
-0.0659856
-0.4485
-0.205597
0.251581

0.891344
0.0659856
0.4485
-1.94338
1.49951

0.791864
-0.435571
0.428053
-0.131629
0.218005

-0.791864
0.435571
-0.428053
-1.98823
1.5196

0.104491
0.994526
0
0.647514
0.0153085

-0.104491
-0.994526
0
0.857796
0.00621647

-0.53545
0.537105
0.651775
0.847565
0.00284336

-0.0639295
-0.0625607
0.995992
0.966698
0.000282767

0.0639295
0.0625607
-0.995992
-11.234
37.4796

-0.177727
-0.542318
0.821161
0.735904
0.014296

-0.0925211
0.972804
0.21235
-3.42667
3.28346

0.0925211
-0.972804
-0.21235
0.481922
0.0449873

-0.380183
0.0797453
0.921467
0.923615
0.00105184

-0.659725
-0.145211
-0.737344
-6.47819
10.8144

0.659725
0.145211
0.737344
0.837212
0.0051378

-0.238388
0.672931
-0.700239
0.548635
0.0452387

0.238388
-0.672931
0.700239
-5.82622
10.318

0.34337
-0.173385
0.923057
0.924281
0.000388445

-0.36441
-0.0311794
0.930716
0.938704
0.00190667

0.36441
0.0311794
-0.930716
-23.5187
299.88

0.0897764
0.63395
0.768145
0.93438
0.000238201

-0.0897764
-0.63395
-0.768145
-0.748656
0.152942

-0.692548
0.19681
-0.694005
-12.9324
63.9024

0.692548
-0.19681
0.694005
0.835393
0.00892194

0.677252
-0.0128725
0.735638
0.588952
0.0200499

-0.677252
0.0128725
-0.735638
-1.9616
1.03474

0.669573
-0.0572894
-0.740534
-1.18243
0.406352

-0.669573
0.0572894
0.740534
0.715409
0.0069929

-0.538629
-0.786826
-0.301305
0.525855
0.0111066

0.538629
0.786826
0.301305
0.348861
0.0209328

-0.717713
-0.429929
0.547768
0.948131
0.000109695

0.717713
0.429929
-0.547768
-0.286367
0.0618417

0.147525
0.571551
0.807196
0.749537
0.0107525

-0.147525
-0.571551
-0.807196
-4.81448
5.78198

-0.597365
-0.426568
-0.679113
-0.426595
0.0802151

0.597365
0.426568
0.679113
0.955345
9.08149e-05

0.284872
0.545534
0.788188
-0.364249
0.253322

-0.284872
-0.545534
-0.788188
-0.696662
0.389259

0.0691487
-0.617087
0.783851
0.329569
0.0215202

-0.0691487
0.617087
-0.783851
0.570923
0.00882118

0.204285
-0.929671
0.306562
-0.5881
0.175195

-0.204285
0.929671
-0.306562
0.705843
0.0060245

0.851899
0.523706
0
-1.34863
0.852568

-0.851899
-0.523706
0
-0.254224
0.243206

0.834221
0.121622
-0.537851
0.0112514
0.0585451

-0.834221
-0.121622
0.537851
0.566724
0.0112852

-0.160385
0.987054
0
-6.87416
15.4107

0.160385
-0.987054
0
0.523488
0.0583177

-0.904828
-0.425777
0
0.509628
0.0657381

0.904828
0.425777
0
-5.00707
6.89311

0.483732
-0.213271
0.848834
0.690414
0.0108302

-0.483732
0.213271
-0.848834
-2.0873
1.06481

0.173428
-0.22189
-0.959525
0.880052
0.00101071

-0.173428
0.22189
0.959525
-1.24
0.3469

-0.801413
0.443564
0.401233
0.470148
0.0381735

0.64001
0.534216
0.552269
0.698642
0.0235784

-0.409232
0.524996
0.746263
0.918553
0.000781941

-0.11537
-0.93862
-0.325089
-0.742111
0.288585

0.11537
0.93862
0.325089
0.407196
0.0334406

-0.724458
-0.376989
0.577097
-0.219482
0.178435

0.724458
0.376989
-0.577097
-0.505536
0.271893

0.162738
-0.147078
0.975646
0.917591
0.00216964

-0.70357
0.673749
-0.225945
-1.55662
0.783408

0.70357
-0.673749
0.225945
0.420774
0.0402364

0.534713
-0.545232
0.645604
0.707798
0.00946211

-0.534713
0.545232
-0.645604
-2.11144
1.07094

-0.529745
-0.0258642
0.847762
0.0483892
0.0914517

0.529745
0.0258642
-0.847762
-0.355617
0.185523

-0.151689
-0.977132
0.149007
-0.136016
0.0797799

0.151689
0.977132
-0.149007
0.616417
0.00909929

-0.95545
-0.0852004
-0.282589
0.566334
0.0122292

0.95545
0.0852004
0.282589
-0.136772
0.0839399

-0.320428
0.706451
-0.631073
-3.11244
2.62965

0.320428
-0.706451
0.631073
0.520499
0.0357759

-0.201701
0.870974
0.448018
-0.255477
0.113246

0.201701
-0.870974
-0.448018
0.519141
0.0166246

-0.353229
0.713938
0.604584
0.898884
0.00050083

0.353229
-0.713938
-0.604584
-0.417536
0.0942962

0.217864
0.0975944
0.971087
0.971709
9.96914e-05

-0.217864
-0.0975944
-0.971087
-3.78114
2.38331

-0.235023
0.456391
0.858179
0.933623
0.000446053

-0.0388046
-0.698258
-0.714794
0.925359
0.00024548

-0.0586759
0.352054
0.934139
0.948345
0.000839033

-0.318444
-0.213312
-0.923629
-0.757177
0.31422

0.318444
0.213312
0.923629
0.307207
0.0490631

0.29804
-0.296372
-0.907379
-36.6005
1015.35

-0.29804
0.296372
0.907379
0.972534
0.000555611

-0.114375
-0.151998
-0.981741
-23.836
300.456

0.114375
0.151998
0.981741
0.966757
0.000557876

0.330087
-0.691253
-0.642816
-0.543904
0.240615

-0.330087
0.691253
0.642816
0.188486
0.066575

0.666548
-0.55839
-0.493877
-5.04438
7.44939

-0.666548
0.55839
0.493877
0.533612
0.0444161

0.132244
-0.159762
-0.978258
-2.88863
1.59181

-0.132244
0.159762
0.978258
0.889832
0.00129332

-0.00624149
-0.112344
0.99365
0.938667
0.00143646

-0.8451
0.534608
0
0.431783
0.0206391

0.8451
-0.534608
0
0.192223
0.0407035

0.116105
-0.374728
0.919836
0.943542
0.00120514

-0.116105
0.374728
-0.919836
-17.2922
126.448

0.829939
0.275871
0.484867
0.974596
6.3145e-05

-0.829939
-0.275871
-0.484867
-3.21589
1.6389

0.0673012
-0.0250607
-0.997418
0.226425
0.0666247

-0.567277
-0.219378
0.793769
0.625104
0.00256196

0.339681
-0.7849
0.518216
0.430505
0.0264607

-0.339681
0.7849
-0.518216
-0.383841
0.156159

0.954979
0.162122
-0.248458
-0.373045
0.137347

-0.954979
-0.162122
0.248458
0.56556
0.0137614

-0.609556
-0.196719
0.767947
0.824053
0.00255899

0.609556
0.196719
-0.767947
-1.43483
0.47876

-0.957214
-0.240705
0.160631
0.453888
0.0155505

-0.58
0.759859
-0.293623
0.940545
0.000181734

0.58
-0.759859
0.293623
-0.816728
0.166848

0.256357
-0.0849713
0.96284
0.969142
0.000131573

-0.256357
0.0849713
-0.96284
-4.52804
3.66346

-0.218096
-0.245686
-0.944496
-1.91159
1.1525

0.218096
0.245686
0.944496
0.346709
0.0582989

0.746611
-0.232755
-0.623215
-4.88547
5.81645

-0.746611
0.232755
0.623215
0.780813
0.00811748

-0.223813
0.665445
0.712103
-0.378458
0.146579

0.223813
-0.665445
-0.712103
0.502382
0.0192767

-0.939134
-0.343552
0
0.67198
0.0061153

0.939134
0.343552
0
0.58764
0.00865453

-0.303984
-0.63247
-0.712443
-0.144721
0.104079

0.303984
0.63247
0.712443
0.311546
0.0376549

0.151066
-0.835717
-0.527974
0.0663218
0.0635434

-0.151066
0.835717
0.527974
0.276961
0.0381344

0.295466
-0.85319
-0.429846
-0.182362
0.161994

-0.295466
0.85319
0.429846
-0.449301
0.243359

-0.026449
0.305953
0.951679
0.387655
0.0247804

0.026449
-0.305953
-0.951679
0.0993605
0.0535999

-0.423137
0.00526682
0.906051
0.490019
0.0197931

0.423137
-0.00526682
-0.906051
-0.323746
0.133091

0.429269
0.815744
-0.387672
-1.42167
0.876881

-0.429269
-0.815744
0.387672
-0.115074
0.185972

0.546988
0.15502
0.822662
0.913368
0.000255033

0.17441
-0.583824
-0.792925
0.255902
0.0214791

-0.17441
0.583824
0.792925
0.775581
0.00196049

0.601249
0.636761
0.482737
0.420103
0.0199062

-0.267946
0.723065
0.636697
0.722488
0.0116534

0.267946
-0.723065
-0.636697
-3.78832
3.45009

0.507094
0.721828
-0.470977
-0.4373
0.224792

-0.507094
-0.721828
0.470977
-0.0456517
0.118986

0.943432
0.331566
0
0.616306
0.0129824

-0.943432
-0.331566
0
-0.686889
0.226488

0.0938327
0.742076
0.663716
0.686821
0.00318768

0.306175
0.3921
0.867476
-1.13206
0.522965

-0.306175
-0.3921
-0.867476
0.295089
0.0573838

0.182837
-0.640834
-0.745589
-23.1014
298.893

-0.182837
0.640834
0.745589
0.887959
0.0064973

0.404848
0.432298
0.80574
0.426987
0.0528884

-0.404848
-0.432298
-0.80574
-3.00231
2.5796

-0.66999
0.499882
0.548846
0.997897
3.44952e-06

-0.273484
0.740318
0.614113
-1.45591
0.887989

0.273484
-0.740318
-0.614113
-0.0541956
0.163755

0.181781
-0.805725
0.563705
0.740391
0.004602

-0.181781
0.805725
-0.563705
-0.622563
0.17811

0.896459
0.391128
-0.208278
-2.03516
1.05327

-0.896459
-0.391128
0.208278
0.650611
0.0139653

0.285397
-0.307854
-0.90762
-22.9893
298.64

-0.285397
0.307854
0.90762
0.871562
0.0085676

0.168325
0.879431
0.445273
0.870365
0.00106533

-0.168325
-0.879431
-0.445273
-0.915271
0.229339

-0.420514
-0.907286
0
-0.818569
0.206422

0.420514
0.907286
0
0.850252
0.00140784

0.164439
-0.916365
0.365015
0.535808
0.0131609

0.649234
0.735609
-0.193325
-0.012028
0.0522939

-0.649234
-0.735609
0.193325
0.719659
0.00401735

-0.470697
0.697846
-0.539867
0.0933878
0.0258418

-0.526729
-0.29407
-0.797546
-0.296718
0.156453

0.526729
0.29407
0.797546
0.159948
0.0656678

0.572645
0.819803
0
-0.683301
0.333706

-0.572645
-0.819803
0
0.0156457
0.124776

-0.504162
-0.801538
-0.321493
0.339981
0.0258442

0.504162
0.801538
0.321493
0.31662
0.0277056

0.774234
0.632899
0
0.824095
0.00427178

-0.774234
-0.632899
0
-3.28112
2.27287

0.941425
-0.060195
0.331808
0.8804
0.000799879

-0.941425
0.060195
-0.331808
-0.353041
0.087114

0.347332
0.600521
-0.720233
-6.03685
10.4976

-0.347332
-0.600521
0.720233
0.660924
0.0244767

0.0391927
-0.164069
-0.98567
-4.38542
3.64118

-0.0391927
0.164069
0.98567
0.942672
0.000416354

0.0164264
0.562729
-0.826478
-4.71434
4.5925

-0.0164264
-0.562729
0.826478
0.908824
0.00120671

-0.00309819
0.751949
0.659214
0.295917
0.0232627

0.0935506
-0.970336
-0.222927
0.976046
6.05747e-05

-0.660825
-0.0714909
0.747128
0.822816
0.00320624

0.660825
0.0714909
-0.747128
-2.30025
1.11014

-0.845763
0.393648
-0.360175
0.845594
0.000740918

0.845763
-0.393648
0.360175
0.35111
0.0130441

0.964564
0.113667
-0.238109
0.972995
4.6489e-05

-0.0152784
-0.574079
0.818657
-0.119126
0.0435506

0.0152784
0.574079
-0.818657
0.939574
0.00015043

0.383272
0.772273
-0.506653
0.687027
0.0115423

-0.383272
-0.772273
0.506653
-2.2779
1.25746

0.460665
0.776788
-0.429405
0.836847
0.00166238

-0.460665
-0.776788
0.429405
-0.738939
0.186951

-0.581976
0.198372
-0.788639
-1.22155
0.450017

0.581976
-0.198372
0.788639
0.661018
0.0105872

0.754549
-0.0817962
-0.651126
-1.54501
0.599668

-0.754549
0.0817962
0.651126
0.740296
0.00630492

0.746138
-0.604517
0.278994
0.307207
0.0488481

-0.746138
0.604517
-0.278994
-0.757177
0.314118

-0.72087
0.69307
0
0.971386
0.000616957

0.27771
0.673445
-0.685091
0.455826
0.0387893

-0.164195
-0.181248
0.969633
0.622665
0.0148701

0.164195
0.181248
-0.969633
-1.53299
0.661746

-0.648507
0.637021
-0.416705
-0.103342
0.0706337

0.648507
-0.637021
0.416705
0.659463
0.00675357

1
0
0
-0.787242
0.234822

-1
0
0
0.780519
0.0193519

-0.436671
-0.0091085
0.899575
0.915347
0.000235734

0.436671
0.0091085
-0.899575
0.120168
0.0244408

0.532821
0.498164
0.684058
0.640998
0.00192141

0.22466
0.69918
-0.67873
0.945538
0.000305142

-0.531909
-0.550016
0.643859
-22.473
296.811

0.531909
0.550016
-0.643859
0.780171
0.0260876

0.402093
0.038307
-0.914797
0.791196
0.00199735

-0.011682
-0.733828
0.679234
0.817229
0.00820037

0.011682
0.733828
-0.679234
-8.70179
23.0702

-0.702739
-0.279453
-0.654266
0.546212
0.00746476

-0.727272
-0.191439
-0.659111
-6.33582
10.72

0.727272
0.191439
0.659111
0.788465
0.0089684

-0.160905
0.219619
0.962225
0.824866
0.00225885

0.160905
-0.219619
-0.962225
-1.14538
0.338111

0.844029
0.536297
0
-4.08117
4.09256

-0.844029
-0.536297
0
0.638672
0.0311025

0.466871
0.824882
0.318749
0.836461
0.00331178

-0.60118
-0.600475
0.527268
-0.00292313
0.0456949

0.60118
0.600475
-0.527268
0.794198
0.00192721

0.501827
0.710204
0.493741
0.677151
0.00798187

-0.501827
-0.710204
-0.493741
-0.741565
0.231123

-0.494535
0.559693
-0.664965
-4.10453
4.34678

0.494535
-0.559693
0.664965
0.652623
0.0201526

0.937111
0.349032
0
-3.22947
2.67964

-0.937111
-0.349032
0
0.608235
0.0230219

-0.729746
-0.148027
-0.667502
0.0805517
0.0687757

0.729746
0.148027
0.667502
0.0805517
0.0687757

-0.190052
0.0410758
-0.980914
-16.5123
124.958

0.190052
-0.0410758
0.980914
0.815781
0.0139349

0.273228
-0.110754
-0.955552
-0.19719
0.0469434

-0.273228
0.110754
0.955552
0.964188
4.25459e-05

0.459187
0.0788167
0.884836
-0.250453
0.261787

-0.459187
-0.0788167
-0.884836
-1.70425
1.22285

-0.0838368
-0.52778
0.845234
0.850964
0.00232845

0.0838368
0.52778
-0.845234
-2.56214
1.32125

0.144706
-0.799122
0.583493
0.597831
0.00593515

-0.715081
-0.136727
0.68554
-0.662211
0.495449

0.294595
-0.0866037
-0.95169
0.405062
0.0299033

-0.294595
0.0866037
0.95169
-0.420969
0.170312

0.362666
-0.874894
-0.320989
0.646777
0.0068533

-0.362666
0.874894
0.320989
0.0139642
0.0534008

-0.280042
-0.609014
-0.742077
-0.897301
0.245799

0.280042
0.609014
0.742077
0.813966
0.00241974

0.601568
-0.326299
0.72914
0.722552
0.00441753

-0.601568
0.326299
-0.72914
-0.215429
0.0844419

-0.994013
-0.109258
0
-0.872337
0.262797

0.994013
0.109258
0
0.736703
0.00548809

-0.310573
0.163128
0.936447
0.933896
0.000681487

0.310573
-0.163128
-0.936447
-5.37223
6.0061

-0.176392
0.687063
0.704862
-0.228719
0.0997707

0.176392
-0.687063
-0.704862
0.598785
0.01072

-0.129114
-0.241637
0.961739
0.886953
0.00414395

0.260115
-0.170388
0.950425
0.911984
0.000755885

-0.0543844
-0.844168
0.533313
0.137743
0.0783599

0.0543844
0.844168
-0.533313
-0.588139
0.265593

0.386335
-0.901187
0.19649
0.798798
0.00296179

0.578137
-0.121933
-0.806778
0.541817
0.00554618

-0.578137
0.121933
0.806778
0.822613
0.000837032

-0.406224
-0.660843
0.631085
0.742672
0.00635131

0.406224
0.660843
-0.631085
-1.68016
0.688737

-0.357456
-0.197491
0.91281
0.909066
0.00421185

0.357456
0.197491
-0.91281
-23.2594
299.397

0.969642
-0.0217618
0.243557
0.828001
0.002168

-0.996532
0.0832035
0
0.372034
0.0590703

0.996532
-0.0832035
0
-0.173884
0.13871

0.0506632
0.54423
0.837405
0.669394
0.00848951

-0.0506632
-0.54423
-0.837405
-0.734214
0.230435

-0.126144
-0.992012
0
0.814454
0.00409662

0.126144
0.992012
0
-2.96898
1.872

-0.630502
0.362612
0.686279
0.354412
0.015477

0.630502
-0.362612
-0.686279
0.754497
0.00228203

0.0536683
0.824457
-0.563373
0.465305
0.0125173

-0.0536683
-0.824457
0.563373
0.541584
0.00920115

0.16494
-0.397192
0.902792
0.886948
0.000852316

-0.762305
-0.647218
0
-0.4373
0.231353

0.762305
0.647218
0
-0.0456517
0.127081

0.502392
-0.614465
0.608305
-1.44304
0.396941

-0.502392
0.614465
-0.608305
0.928658
0.000354192

0.489573
0.435418
-0.755466
-0.696822
0.33067

-0.489573
-0.435418
0.755466
0.043896
0.107352

0.936152
-0.197382
-0.290963
-0.787824
0.318934

-0.936152
0.197382
0.290963
0.356385
0.041355

0.341383
0.747892
-0.56931
-0.320003
0.100098

-0.341383
-0.747892
0.56931
0.759232
0.00333999

-0.672539
-0.711078
-0.205084
-0.619533
0.251234

0.672539
0.711078
0.205084
0.327392
0.0433436

0.211941
0.024547
-0.976974
-1.98523
0.73227

-0.211941
-0.024547
0.976974
0.90753
0.000715715

-0.568943
0.723297
0.391339
0.500697
0.00530253

0.310207
-0.0832778
0.947015
0.929013
0.0019363

-0.310207
0.0832778
-0.947015
-17.1726
126.261

0.720508
-0.301208
-0.624613
-0.845282
0.224574

0.315793
-0.285515
0.904851
-1.21703
0.245123

-0.975348
0.102977
0.195171
-0.566282
0.304949

0.975348
-0.102977
-0.195171
-0.258983
0.197034

0.201869
-0.0115379
0.979345
0.861161
0.00460149

-0.201869
0.0115379
-0.979345
-8.86319
23.2164

0.215011
-0.785633
0.58013
0.494038
0.0438936

0.099911
-0.246252
-0.964042
0.929273
0.00116982

-0.279301
-0.367718
0.887003
0.886486
0.000236519

0.279301
0.367718
-0.887003
0.691919
0.00167857

0.418717
0.845122
-0.332332
0.901239
0.000853135

-0.418717
-0.845122
0.332332
-2.12247
0.841347

0.188128
0.758673
0.623716
-0.383841
0.156243

-0.188128
-0.758673
-0.623716
0.430505
0.026541

-0.638778
0.331457
-0.694333
0.904796
0.00355197

0.638778
-0.331457
0.694333
-16.9994
125.964

0.295394
-0.177917
0.938663
0.865606
0.0010761

-0.215607
-0.464098
0.859143
0.979232
1.20557e-05

0.172264
-0.18151
-0.968183
0.214358
0.0370606

-0.172264
0.18151
0.968183
0.425891
0.019879

0.299663
0.338185
0.892095
0.911149
0.00306018

-0.299663
-0.338185
-0.892095
-17.0423
126.074

-0.535919
-0.0550775
0.842471
0.88049
0.00165088

0.684517
-0.728997
0
-0.544677
0.226956

-0.684517
0.728997
0
0.313476
0.0478067

0.165556
0.829912
0.532763
-0.519094
0.377543

-0.165556
-0.829912
-0.532763
-1.22604
0.810525

-0.620505
0.0589406
-0.781985
-1.66069
0.951724

0.620505
-0.0589406
0.781985
0.258869
0.0740437

0.836545
0.373045
-0.401285
-0.890896
0.285653

-0.836545
-0.373045
0.401285
0.684539
0.00797646

0.385349
-0.705093
0.595273
-0.313969
0.193424

-0.385349
0.705093
-0.595273
-0.223486
0.167714

0.288873
-0.311065
-0.905423
0.818553
0.00259086

-0.288873
0.311065
0.905423
-1.32151
0.423567

-0.400408
0.561981
-0.723776
0.741261
0.00581249

-0.358106
0.716691
0.598427
0.718254
0.0182294

0.358106
-0.716691
-0.598427
-7.13984
15.1658

0.0632251
-0.997999
0
0.9678
0.000102795

-0.125283
-0.287989
0.949403
0.750075
0.00403587

0.125283
0.287989
-0.949403
-0.527513
0.149683

0.00961901
0.360353
0.932767
0.963727
0.000160179

-0.00961901
-0.360353
-0.932767
-4.49462
3.66315

0.273271
-0.216467
-0.937265
0.547387
0.0199366

-0.273271
0.216467
0.937265
-1.11171
0.432935

-0.0981318
-0.278722
0.955345
0.959763
6.20074e-05

0.38409
0.785297
-0.485576
-0.308753
0.111032

-0.38409
-0.785297
0.485576
0.655364
0.00773602

0.886735
-0.0255022
0.461575
0.825629
0.00162359

-0.886735
0.0255022
-0.461575
-0.35315
0.0965794

0.640263
-0.409845
0.649685
0.144204
0.0217285

-0.640263
0.409845
-0.649685
0.928396
0.000169073

0.0262554
-0.627429
0.778231
0.991078
6.17581e-06

-0.0262554
0.627429
-0.778231
-0.673927
0.101525

0.166769
0.844348
-0.50918
0.40811
0.0169169

-0.166769
-0.844348
0.50918
0.500199
0.0120747

-0.628315
0.54448
-0.555663
0.264441
0.0545608

0.628315
-0.54448
0.555663
-0.655007
0.275823

-0.506973
0.238114
-0.82842
-0.517089
0.158541

0.506973
-0.238114
0.82842
0.686551
0.00679402

-0.000106141
-0.982037
0.188689
0.273869
0.0470083

0.000106141
0.982037
-0.188689
-0.350241
0.162517

0.916346
0.283822
-0.28241
0.586985
0.0122862

-0.916346
-0.283822
0.28241
-0.388188
0.138637

-0.385388
-0.748424
0.539757
0.0966814
0.0358883

-0.640172
0.51836
0.566994
0.838988
0.00184494

0.640172
-0.51836
-0.566994
-0.407674
0.106214

-0.808786
0.307417
0.501358
0.406738
0.0111731

-0.20578
0.91255
0.353422
-0.0726928
0.0599874

0.20578
-0.91255
-0.353422
0.731828
0.00376458

0.430269
0.499543
0.751881
0.910063
0.000556017

-0.430269
-0.499543
-0.751881
-1.30322
0.352062

0.490067
0.489355
-0.721364
-1.30125
0.461505

-0.490067
-0.489355
0.721364
0.730102
0.00642407

0.762995
0.591459
0.260797
0.234385
0.0456193

-0.762995
-0.591459
-0.260797
-0.00609601
0.0787652

-0.911916
-0.410376
0
-0.838897
0.555172

0.911916
0.410376
0
-0.838897
0.555172

-0.249834
0.777643
-0.576935
-0.591357
0.309758

0.249834
-0.777643
0.576935
-0.195287
0.174816

0.162707
-0.754722
-0.635548
0.901903
0.00164981

0.875528
0.378023
0.300914
0.758327
0.00626487

-0.875528
-0.378023
-0.300914
-2.18729
1.08752

0.930304
0.0517001
0.363127
0.264439
0.103713

-0.930304
-0.0517001
-0.363127
-3.59725
4.04931

0.111073
0.993812
0
0.585917
0.0233933

-0.36302
-0.734566
0.573261
0.957117
7.78268e-05

0.36302
0.734566
-0.573261
-0.366926
0.0705803

-0.0698195
0.595628
0.800221
0.73132
0.012481

-0.259352
0.205484
0.94367
0.950372
0.000252937

-0.368666
0.392819
0.842484
0.832489
0.00349261

-0.896802
-0.442432
0
0.499411
0.053374

0.896802
0.442432
0
-3.08644
2.45834

0.809023
-0.404362
-0.426582
-0.33432
0.303332

-0.809023
0.404362
0.426582
-1.6594
1.20465

0.165265
0.96629
0.197412
0.82936
0.00156025

-0.165265
-0.96629
-0.197412
-0.321301
0.090099

0.293433
0.490678
-0.820446
-1.44513
0.436528

-0.293433
-0.490678
0.820446
0.887105
0.00093337

0.406527
0.913639
0
-0.142708
0.0322601

-0.00523754
-0.295986
-0.955178
-4.41222
5.54456

0.00523754
0.295986
0.955178
0.521637
0.0433211

0.698235
-0.206647
0.685394
0.322151
0.0402914

-0.698235
0.206647
-0.685394
-0.374996
0.165379
